1,0; 1.15311, -0.188919, 3.85596 / 1.15325, -0.188758, 3.85667 / 1.15296, -0.189079, 3.85525; 1, 46, 1, 0; 0.184449302456; 0, 2, 0; 0, 2, 1; 1, 1, 1 / 4, 3, 1 ;
0,0; 1.142790, -0.205057, 3.793746 / 1.142790, -0.205057, 3.793746 / 1.142790, -0.205057, 3.793746; 1, 46, 1, 0; 0.184133584366; 1, 0, 1; 0, 1, 0; 1, 1, 2 ;
0,0; 1.142152, -0.200295, 3.804866 / 1.142152, -0.200295, 3.804866 / 1.142152, -0.200295, 3.804866; 1, 46, 1, 0; 0.184134728295; 1, 0, 1; 1, 0, 0; 2, 1, 2 / 2, 3, 0 ;
0,0; 1.145770, -0.200235, 3.808692 / 1.145770, -0.200235, 3.808692 / 1.145770, -0.200235, 3.808692; 1, 46, 1, 0; 0.184135644702; 0, 1, 0; 1, 0, 0; 2, 1, 1 ;
0,0; 1.252766, -0.145830, 4.080965 / 1.252766, -0.145830, 4.080965 / 1.252766, -0.145830, 4.080965; 1, 46, 1, 0; 0.702620912034; 1, 0, 1; 1, 0, 0; 3, 1, 2 ;
0,0; 1.367866, -0.161321, 4.212924 / 1.367866, -0.161321, 4.212924 / 1.367866, -0.161321, 4.212924; 1, 46, 1, 0; 0.704647758342; 1, 0, 1; 1, 0, 0; 2, 1, 2 ;
1,1; -2.41902, -0.201911, -3.79426 / -2.41831, -0.20081, -3.79349 / -2.41973, -0.203012, -3.79502; 1, 1, 1, 0; 0.478804152467; 1, 0, 2; 1, 2, 1; 1, 8, 0 / 1, 9, 0 / 1, 10, 2 / 2, 2, 0 / 3, 1, 0 / 3, 8, 3 / 4, 1, 2 ;
0,1; -2.419873, -0.190017, -3.822240 / -2.419678, -0.188933, -3.821563 / -2.420069, -0.191101, -3.822917; 1, 1, 1, 0; 0.478807538232; 2, 2, 2; 3, 1, 0; 1, 9, 1 / 2, 1, 2 / 2, 9, 1 / 3, 7, 2 ;
0,1; -2.420598, -0.192090, -3.813689 / -2.420550, -0.192077, -3.813455 / -2.420646, -0.192104, -3.813922; 1, 1, 1, 0; 0.478807316734; 2, 1, 1; 1, 1, 0; 3, 1, 2 / 4, 1, 1 ;
0,1; -2.417715, -0.195263, -3.815014 / -2.417086, -0.195182, -3.814427 / -2.418344, -0.195344, -3.815602; 1, 1, 1, 0; 0.478807724133; 0, 1, 0; 1, 1, 0; 2, 10, 0 / 3, 1, 3 / 4, 5, 1 ;
0,1; -2.421747, -0.194807, -3.816306 / -2.421747, -0.194807, -3.816306 / -2.421747, -0.194807, -3.816306; 1, 1, 1, 0; 0.478807221806; 0, 1, 0; 0, 1, 0; 1, 1, 1 ;
0,1; -2.418967, -0.202819, -3.792912 / -2.418311, -0.202626, -3.792333 / -2.419624, -0.203012, -3.793491; 1, 1, 1, 0; 0.478804140601; 0, 1, 0; 1, 1, 0; 1, 1, 0 / 2, 1, 1 / 2, 5, 0 / 3, 4, 0 / 4, 4, 2 ;
0,1; -2.419034, -0.198461, -3.797993 / -2.419034, -0.198461, -3.797993 / -2.419034, -0.198461, -3.797993; 1, 1, 1, 0; 0.478804247395; 1, 0, 1; 1, 0, 0; 2, 1, 2 ;
0,1; -2.423992, -0.196953, -3.817216 / -2.423992, -0.196953, -3.817216 / -2.423992, -0.196953, -3.817216; 1, 1, 1, 0; 0.478807134788; 1, 0, 1; 1, 0, 0; 2, 1, 2 ;
0,1; -2.420962, -0.194477, -3.814459 / -2.420962, -0.194477, -3.814459 / -2.420962, -0.194477, -3.814459; 1, 1, 1, 0; 0.478807269270; 0, 0, 0; 1, 0, 0; 3, 1, 3 ;
0,1; -2.418616, -0.193633, -3.821005 / -2.418616, -0.193633, -3.821005 / -2.418616, -0.193633, -3.821005; 1, 1, 1, 0; 0.478807621294; 1, 0, 1; 1, 0, 0; 2, 1, 2 ;
1,2; -0.473783, -3.1862, 2.75711 / -0.473298, -3.18554, 2.75748 / -0.474268, -3.18685, 2.75674; 1, 33, 1, 0; 0.851209010924; 2, 1, 2; 1, 2, 1; 1, 7, 2 / 3, 1, 2 / 4, 2, 1 ;
0,2; -0.476093, -3.188486, 2.771483 / -0.476093, -3.188486, 2.771483 / -0.476093, -3.188486, 2.771483; 1, 33, 1, 0; 0.851189889964; 1, 0, 1; 1, 0, 0; 2, 1, 2 ;
0,2; -0.473043, -3.182407, 2.757109 / -0.473043, -3.182407, 2.757109 / -0.473043, -3.182407, 2.757109; 1, 33, 1, 0; 0.851208861249; 1, 0, 1; 1, 0, 0; 3, 1, 2 ;
0,2; -0.413151, -3.182155, 2.954921 / -0.412629, -3.181812, 2.955617 / -0.413672, -3.182498, 2.954224; 1, 35, 1, 0; 0.942582424519; 2, 4, 1; 4, 1, 0; 1, 2, 1 / 2, 1, 0 / 2, 2, 1 / 2, 3, 0 / 2, 4, 2 / 3, 1, 1 / 3, 2, 0 / 3, 4, 1 / 3, 9, 0 ;
0,2; -0.410571, -3.181480, 2.958897 / -0.409769, -3.181345, 2.960043 / -0.411374, -3.181616, 2.957752; 1, 35, 1, 0; 0.942606462051; 2, 2, 2; 3, 1, 0; 2, 1, 1 / 2, 9, 0 / 2, 10, 1 / 3, 6, 2 / 3, 7, 0 / 4, 5, 2 ;
0,2; -0.457989, -3.189666, 2.824916 / -0.457989, -3.189666, 2.824916 / -0.457989, -3.189666, 2.824916; 1, 35, 1, 0; 0.942293394445; 1, 0, 1; 0, 1, 0; 1, 1, 2 / 1, 10, 0 ;
0,2; -0.407971, -3.180773, 2.966381 / -0.407971, -3.180773, 2.966381 / -0.407971, -3.180773, 2.966381; 1, 35, 1, 0; 0.942606925798; 1, 0, 1; 0, 1, 0; 2, 3, 0 / 3, 4, 0 / 4, 1, 2 / 4, 6, 0 ;
0,2; -0.408131, -3.181578, 2.963096 / -0.407920, -3.181514, 2.963648 / -0.408341, -3.181642, 2.962544; 1, 35, 1, 0; 0.942606732570; 2, 1, 2; 3, 0, 0; 1, 7, 0 / 2, 1, 2 / 2, 2, 0 / 2, 3, 1 / 3, 6, 2 ;
0,2; -0.452389, -3.188554, 2.849132 / -0.452389, -3.188554, 2.849132 / -0.452389, -3.188554, 2.849132; 1, 35, 1, 0; 0.942282754037; 1, 0, 1; 1, 0, 0; 3, 1, 2 ;
0,2; -0.459237, -3.191491, 2.824521 / -0.459237, -3.191491, 2.824521 / -0.459237, -3.191491, 2.824521; 1, 35, 1, 0; 0.942293149690; 1, 0, 1; 1, 0, 0; 2, 1, 2 ;
0,2; -0.457099, -3.188590, 2.827149 / -0.457099, -3.188590, 2.827149 / -0.457099, -3.188590, 2.827149; 1, 35, 1, 0; 0.942293626318; 0, 1, 0; 1, 0, 0; 3, 1, 1 ;
0,2; -0.409910, -3.184921, 2.938948 / -0.409910, -3.184921, 2.938948 / -0.409910, -3.184921, 2.938948; 1, 35, 1, 0; 0.942559031079; 1, 0, 1; 1, 0, 0; 2, 1, 2 ;
0,2; -0.414409, -3.180008, 2.946461 / -0.414409, -3.180008, 2.946461 / -0.414409, -3.180008, 2.946461; 1, 35, 1, 0; 0.942583184548; 1, 0, 1; 1, 0, 0; 3, 1, 2 ;
0,2; -0.411641, -3.180968, 2.945748 / -0.411641, -3.180968, 2.945748 / -0.411641, -3.180968, 2.945748; 1, 35, 1, 0; 0.942583339130; 1, 0, 1; 1, 0, 0; 3, 1, 2 ;
0,2; -0.408878, -3.180504, 2.954460 / -0.408878, -3.180504, 2.954460 / -0.408878, -3.180504, 2.954460; 1, 35, 1, 0; 0.942583867286; 1, 0, 1; 1, 0, 0; 3, 1, 2 ;
0,2; -0.410932, -3.185019, 2.960078 / -0.410932, -3.185019, 2.960078 / -0.410932, -3.185019, 2.960078; 1, 35, 1, 0; 0.942605045048; 1, 0, 1; 1, 0, 0; 2, 1, 2 / 4, 5, 0 ;
0,2; -0.401869, -3.179084, 2.965064 / -0.401869, -3.179084, 2.965064 / -0.401869, -3.179084, 2.965064; 1, 35, 1, 0; 0.942610597125; 1, 0, 1; 1, 0, 0; 3, 1, 2 ;
0,2; -0.399915, -3.195444, 2.969540 / -0.399915, -3.195444, 2.969540 / -0.399915, -3.195444, 2.969540; 1, 35, 1, 0; 0.942620477504; 1, 0, 1; 1, 0, 0; 2, 1, 2 ;
0,2; -0.265714, -3.185012, 3.191725 / -0.265110, -3.184816, 3.192851 / -0.266318, -3.185208, 3.190598; 1, 40, 1, 0; 0.989332217507; 0, 6, 0; 3, 3, 1; 1, 9, 1 / 2, 2, 0 / 2, 5, 1 / 2, 6, 1 / 3, 2, 0 / 3, 4, 1 / 3, 5, 0 / 3, 10, 0 / 4, 1, 1 / 4, 3, 1 ;
0,2; -0.261065, -3.184494, 3.198955 / -0.260499, -3.183887, 3.199949 / -0.261632, -3.185101, 3.197960; 1, 40, 1, 0; 0.989333050448; 2, 3, 2; 3, 2, 1; 1, 6, 0 / 1, 9, 1 / 2, 7, 1 / 2, 10, 2 / 3, 2, 0 / 3, 6, 2 / 4, 1, 1 ;
0,2; -0.244411, -3.189253, 3.226274 / -0.244411, -3.189253, 3.226274 / -0.244411, -3.189253, 3.226274; 1, 40, 1, 0; 0.989403331762; 1, 0, 1; 0, 1, 0; 4, 1, 2 ;
0,2; -0.264733, -3.184605, 3.193000 / -0.264356, -3.184026, 3.193289 / -0.265110, -3.185185, 3.192711; 1, 40, 1, 0; 0.989332343234; 2, 1, 1; 2, 1, 0; 1, 1, 1 / 2, 10, 2 / 3, 2, 0 / 3, 6, 1 / 4, 3, 0 / 4, 5, 0 ;
0,2; -0.261056, -3.184767, 3.207759 / -0.261018, -3.184528, 3.208211 / -0.261094, -3.185005, 3.207307; 1, 40, 1, 0; 0.989361040390; 1, 0, 2; 2, 0, 0; 2, 1, 2 / 2, 5, 2 ;
0,2; -0.244405, -3.189208, 3.219636 / -0.243998, -3.189200, 3.219787 / -0.244812, -3.189216, 3.219486; 1, 40, 1, 0; 0.989375530410; 1, 0, 2; 2, 0, 0; 1, 1, 0 / 2, 1, 2 / 3, 3, 2 ;
0,2; -0.263252, -3.193738, 3.187541 / -0.263252, -3.193738, 3.187541 / -0.263252, -3.193738, 3.187541; 1, 40, 1, 0; 0.989300597203; 1, 0, 1; 1, 0, 0; 3, 1, 2 / 3, 4, 0 / 3, 9, 0 ;
0,2; -0.265188, -3.190611, 3.186891 / -0.265188, -3.190611, 3.186891 / -0.265188, -3.190611, 3.186891; 1, 40, 1, 0; 0.989302514537; 1, 0, 1; 1, 0, 0; 1, 6, 0 / 3, 1, 2 ;
0,2; -0.269293, -3.192896, 3.196527 / -0.269293, -3.192896, 3.196527 / -0.269293, -3.192896, 3.196527; 1, 40, 1, 0; 0.989331070250; 1, 0, 1; 1, 0, 0; 3, 1, 2 ;
0,2; -0.266991, -3.188262, 3.192020 / -0.266991, -3.188262, 3.192020 / -0.266991, -3.188262, 3.192020; 1, 40, 1, 0; 0.989331903190; 1, 0, 1; 1, 0, 0; 1, 8, 0 / 2, 1, 2 / 2, 8, 0 / 2, 10, 0 ;
0,2; -0.265955, -3.185317, 3.191469 / -0.265593, -3.184816, 3.192341 / -0.266318, -3.185817, 3.190598; 1, 40, 1, 0; 0.989332186076; 1, 0, 1; 4, 2, 0; 2, 1, 0 / 2, 2, 0 / 2, 4, 0 / 2, 7, 1 / 2, 8, 1 / 3, 1, 2 / 3, 2, 0 / 3, 4, 0 / 3, 6, 1 / 3, 7, 0 / 4, 3, 1 / 4, 5, 1 ;
0,2; -0.261026, -3.184975, 3.197313 / -0.260419, -3.184849, 3.197960 / -0.261632, -3.185101, 3.196666; 1, 40, 1, 0; 0.989332971869; 1, 0, 1; 1, 1, 0; 3, 1, 2 / 3, 7, 0 / 4, 6, 1 ;
0,2; -0.258927, -3.182381, 3.196708 / -0.258927, -3.182381, 3.196708 / -0.258927, -3.182381, 3.196708; 1, 40, 1, 0; 0.989334889203; 1, 0, 1; 1, 0, 0; 2, 1, 2 ;
0,2; -0.259034, -3.182249, 3.210743 / -0.259034, -3.182249, 3.210743 / -0.259034, -3.182249, 3.210743; 1, 40, 1, 0; 0.989363162030; 1, 0, 1; 1, 0, 0; 2, 1, 2 ;
0,2; -0.247176, -3.179882, 3.211555 / -0.247176, -3.179882, 3.211555 / -0.247176, -3.179882, 3.211555; 1, 40, 1, 0; 0.989370422757; 1, 0, 1; 1, 0, 0; 3, 1, 2 ;
0,2; -0.244395, -3.183475, 3.217622 / -0.244395, -3.183475, 3.217622 / -0.244395, -3.183475, 3.217622; 1, 40, 1, 0; 0.989372764419; 1, 0, 1; 1, 0, 0; 2, 1, 2 / 3, 1, 0 / 4, 1, 0 ;
0,2; -0.259837, -3.181809, 3.218904 / -0.259837, -3.181809, 3.218904 / -0.259837, -3.181809, 3.218904; 1, 40, 1, 0; 0.989391089109; 1, 0, 1; 1, 0, 0; 3, 1, 2 ;
0,2; -0.245740, -3.184164, 3.226223 / -0.245740, -3.184164, 3.226223 / -0.245740, -3.184164, 3.226223; 1, 40, 1, 0; 0.989400675782; 1, 0, 1; 1, 0, 0; 3, 1, 2 / 3, 10, 0 ;
0,2; -0.239201, -3.181408, 3.231013 / -0.239201, -3.181408, 3.231013 / -0.239201, -3.181408, 3.231013; 1, 40, 1, 0; 0.989401320132; 1, 0, 1; 1, 0, 0; 2, 1, 2 ;
1,3; 1.86263, 0.809479, 3.54169 / 1.86263, 0.809479, 3.54169 / 1.86263, 0.809479, 3.54169; 1, 45, 1, 0; 0.065499119799; 1, 0, 1; 0, 1, 0; 4, 1, 2 ;
0,3; 1.863656, 0.807555, 3.536538 / 1.863656, 0.807555, 3.536538 / 1.863656, 0.807555, 3.536538; 1, 45, 1, 0; 0.065467982050; 1, 0, 1; 1, 0, 0; 2, 1, 2 ;
0,3; 1.964531, 0.930403, 3.733005 / 1.964531, 0.930403, 3.733005 / 1.964531, 0.930403, 3.733005; 1, 46, 1, 0; 0.362447281304; 1, 0, 1; 0, 1, 0; 1, 1, 2 ;
1,4; 0.664906, -4.57589, 0.120969 / 0.665592, -4.57455, 0.121561 / 0.664219, -4.57723, 0.120378; 1, 15, 1, 0; 0.969696313381; 2, 3, 2; 3, 2, 1; 1, 10, 2 / 2, 4, 0 / 2, 5, 0 / 2, 6, 1 / 2, 7, 0 / 3, 1, 1 / 3, 7, 2 / 4, 1, 1 / 4, 2, 0 / 4, 6, 0 ;
0,4; 0.486987, -4.469690, 0.385622 / 0.487828, -4.469504, 0.386393 / 0.486146, -4.469875, 0.384851; 1, 15, 1, 0; 0.980142634799; 2, 1, 2; 2, 2, 0; 1, 1, 1 / 1, 8, 2 / 2, 7, 0 / 3, 4, 2 / 3, 5, 3 ;
0,4; 0.491294, -4.469515, 0.381267 / 0.491681, -4.469429, 0.381639 / 0.490908, -4.469602, 0.380895; 1, 15, 1, 0; 0.980141710600; 2, 4, 1; 4, 1, 0; 1, 1, 1 / 1, 2, 0 / 1, 6, 0 / 2, 1, 1 / 2, 2, 1 / 2, 3, 0 / 2, 4, 1 / 2, 6, 0 / 3, 3, 2 ;
0,4; 0.373525, -4.467933, 0.528154 / 0.373753, -4.467932, 0.528394 / 0.373297, -4.467935, 0.527913; 1, 15, 1, 0; 0.981214458499; 0, 2, 0; 1, 1, 0; 2, 8, 0 / 3, 2, 1 / 4, 1, 1 / 4, 2, 0 ;
0,4; 0.651761, -4.493507, 0.168998 / 0.651761, -4.493507, 0.168998 / 0.651761, -4.493507, 0.168998; 1, 15, 1, 0; 0.969151008851; 1, 0, 1; 0, 1, 0; 4, 1, 2 ;
0,4; 0.669751, -4.591257, 0.110899 / 0.669751, -4.591257, 0.110899 / 0.669751, -4.591257, 0.110899; 1, 15, 1, 0; 0.969693219322; 1, 0, 1; 0, 1, 0; 1, 1, 2 ;
0,4; 0.496467, -4.472314, 0.379036 / 0.496467, -4.472314, 0.379036 / 0.496467, -4.472314, 0.379036; 1, 15, 1, 0; 0.980141348956; 1, 0, 1; 0, 1, 0; 4, 1, 2 ;
0,4; 0.381099, -4.468586, 0.516512 / 0.381099, -4.468586, 0.516512 / 0.381099, -4.468586, 0.516512; 1, 15, 1, 0; 0.981212864590; 1, 0, 1; 0, 1, 0; 1, 1, 2 ;
0,4; 0.371235, -4.467499, 0.530431 / 0.371606, -4.466953, 0.530984 / 0.370864, -4.468045, 0.529878; 1, 15, 1, 0; 0.981215268848; 2, 2, 3; 5, 0, 0; 2, 1, 2 / 2, 2, 1 / 2, 4, 1 / 2, 5, 2 / 3, 6, 2 ;
0,4; 0.653401, -4.491301, 0.173241 / 0.654032, -4.490376, 0.173555 / 0.652770, -4.492226, 0.172927; 1, 15, 1, 0; 0.969151738835; 1, 0, 2; 2, 0, 0; 2, 1, 2 / 2, 10, 2 ;
0,4; 0.666881, -4.586758, 0.116765 / 0.667072, -4.586530, 0.117323 / 0.666690, -4.586986, 0.116208; 1, 15, 1, 0; 0.969694197098; 2, 1, 1; 2, 0, 0; 2, 1, 1 / 2, 2, 0 / 3, 3, 2 ;
0,4; 0.503609, -4.469197, 0.369119 / 0.503859, -4.468884, 0.369368 / 0.503358, -4.469510, 0.368869; 1, 15, 1, 0; 0.980128189158; 2, 1, 1; 2, 0, 0; 3, 1, 2 / 3, 3, 1 / 4, 3, 0 ;
0,4; 0.497753, -4.468848, 0.374286 / 0.498178, -4.468077, 0.374393 / 0.497329, -4.469620, 0.374178; 1, 15, 1, 0; 0.980128765109; 1, 0, 2; 2, 0, 0; 1, 8, 0 / 1, 9, 0 / 2, 8, 2 / 2, 10, 0 / 3, 1, 2 ;
0,4; 0.473882, -4.470119, 0.399339 / 0.474067, -4.469392, 0.400024 / 0.473697, -4.470847, 0.398654; 1, 15, 1, 0; 0.980156183029; 2, 1, 1; 2, 0, 0; 2, 1, 1 / 3, 7, 2 / 4, 5, 0 / 4, 10, 0 ;
0,4; 0.479223, -4.466471, 0.394696 / 0.479443, -4.466367, 0.394821 / 0.479004, -4.466575, 0.394572; 1, 15, 1, 0; 0.980156464307; 1, 0, 2; 2, 0, 0; 2, 4, 2 / 3, 1, 2 ;
0,4; 0.361074, -4.468128, 0.540477 / 0.361225, -4.468121, 0.540611 / 0.360924, -4.468135, 0.540343; 1, 15, 1, 0; 0.981217920899; 0, 2, 0; 2, 0, 0; 2, 1, 1 / 2, 2, 1 / 3, 1, 0 ;
0,4; 0.667363, -4.586886, 0.111394 / 0.667363, -4.586886, 0.111394 / 0.667363, -4.586886, 0.111394; 1, 15, 1, 0; 0.969694049762; 1, 0, 1; 1, 0, 0; 2, 1, 2 ;
0,4; 0.665524, -4.580768, 0.118664 / 0.665524, -4.580768, 0.118664 / 0.665524, -4.580768, 0.118664; 1, 15, 1, 0; 0.969695429364; 0, 1, 0; 1, 0, 0; 3, 1, 1 / 4, 8, 0 ;
0,4; 0.668013, -4.578910, 0.119067 / 0.668013, -4.578910, 0.119067 / 0.668013, -4.578910, 0.119067; 1, 15, 1, 0; 0.969696212925; 1, 0, 1; 1, 0, 0; 2, 1, 2 ;
0,4; 0.665593, -4.576712, 0.120662 / 0.666297, -4.576029, 0.120946 / 0.664890, -4.577395, 0.120378; 1, 15, 1, 0; 0.969696286593; 1, 0, 1; 3, 1, 0; 1, 1, 0 / 2, 1, 2 / 2, 8, 0 / 2, 9, 0 / 2, 10, 1 / 3, 5, 1 / 4, 4, 0 / 4, 5, 1 / 4, 6, 0 / 4, 10, 0 ;
0,4; 0.502487, -4.468100, 0.360473 / 0.502487, -4.468100, 0.360473 / 0.502487, -4.468100, 0.360473; 1, 15, 1, 0; 0.980116067410; 1, 0, 1; 1, 0, 0; 2, 1, 2 ;
0,4; 0.499434, -4.465617, 0.374477 / 0.499434, -4.465617, 0.374477 / 0.499434, -4.465617, 0.374477; 1, 15, 1, 0; 0.980127968154; 1, 0, 1; 1, 0, 0; 3, 1, 2 ;
0,4; 0.502113, -4.467178, 0.373662 / 0.502113, -4.467178, 0.373662 / 0.502113, -4.467178, 0.373662; 1, 15, 1, 0; 0.980128055216; 1, 0, 1; 1, 0, 0; 1, 2, 0 / 2, 1, 2 ;
0,4; 0.501818, -4.472521, 0.370409 / 0.501818, -4.472521, 0.370409 / 0.501818, -4.472521, 0.370409; 1, 15, 1, 0; 0.980128972719; 1, 0, 1; 1, 0, 0; 1, 6, 0 / 3, 1, 2 / 4, 10, 0 ;
0,4; 0.501031, -4.471812, 0.368454 / 0.501031, -4.471812, 0.368454 / 0.501031, -4.471812, 0.368454; 1, 15, 1, 0; 0.980129066478; 1, 0, 1; 1, 0, 0; 2, 1, 2 ;
0,4; 0.499993, -4.472103, 0.367227 / 0.499993, -4.472103, 0.367227 / 0.499993, -4.472103, 0.367227; 1, 15, 1, 0; 0.980129160237; 1, 0, 1; 1, 0, 0; 3, 1, 2 ;
0,4; 0.494651, -4.466555, 0.381112 / 0.494651, -4.466555, 0.381112 / 0.494651, -4.466555, 0.381112; 1, 15, 1, 0; 0.980140585487; 1, 0, 1; 1, 0, 0; 3, 1, 2 ;
0,4; 0.493028, -4.472154, 0.379380 / 0.493028, -4.472154, 0.379380 / 0.493028, -4.472154, 0.379380; 1, 15, 1, 0; 0.980141536475; 1, 0, 1; 1, 0, 0; 2, 10, 0 / 3, 1, 2 ;
0,4; 0.480009, -4.467666, 0.390206 / 0.480009, -4.467666, 0.390206 / 0.480009, -4.467666, 0.390206; 1, 15, 1, 0; 0.980143947430; 1, 0, 1; 1, 0, 0; 2, 1, 2 ;
0,4; 0.475642, -4.470467, 0.389650 / 0.475642, -4.470467, 0.389650 / 0.475642, -4.470467, 0.389650; 1, 15, 1, 0; 0.980144101464; 1, 0, 1; 1, 0, 0; 2, 1, 2 ;
0,4; 0.480397, -4.469471, 0.394144 / 0.480397, -4.469471, 0.394144 / 0.480397, -4.469471, 0.394144; 1, 15, 1, 0; 0.980155600381; 1, 0, 1; 1, 0, 0; 2, 1, 2 / 4, 2, 0 ;
0,4; 0.363006, -4.473616, 0.539611 / 0.363006, -4.473616, 0.539611 / 0.363006, -4.473616, 0.539611; 1, 15, 1, 0; 0.981205531267; 1, 0, 1; 1, 0, 0; 3, 1, 2 ;
0,4; 0.372559, -4.466132, 0.518932 / 0.372559, -4.466132, 0.518932 / 0.372559, -4.466132, 0.518932; 1, 15, 1, 0; 0.981212583312; 1, 0, 1; 1, 0, 0; 2, 1, 2 ;
0,4; 0.368095, -4.469363, 0.535980 / 0.368095, -4.469363, 0.535980 / 0.368095, -4.469363, 0.535980; 1, 15, 1, 0; 0.981216326990; 1, 0, 1; 1, 0, 0; 1, 7, 0 / 3, 1, 2 ;
1,5; -1.63797, 3.60324, -1.45588 / -1.63797, 3.60324, -1.45588 / -1.63797, 3.60324, -1.45588; 1, 7, 1, 0; 0.241791423642; 1, 0, 1; 0, 1, 0; 1, 1, 2 ;
1,6; 0.725711, 2.09998, 3.24234 / 0.725711, 2.09998, 3.24234 / 0.725711, 2.09998, 3.24234; 1, 42, 1, 0; 0.881248221535; 0, 1, 0; 0, 1, 0; 1, 1, 1 ;
0,6; 1.202294, 2.450929, 3.618168 / 1.202411, 2.451201, 3.618656 / 1.202177, 2.450656, 3.617681; 1, 45, 1, 0; 0.582617080310; 2, 2, 1; 0, 3, 1; 1, 5, 1 / 3, 2, 0 / 4, 1, 2 / 4, 2, 1 ;
0,6; 1.219107, 2.464623, 3.630727 / 1.219500, 2.464942, 3.631025 / 1.218714, 2.464303, 3.630429; 1, 45, 1, 0; 0.582656511283; 0, 3, 0; 2, 1, 0; 1, 5, 0 / 1, 10, 0 / 2, 1, 0 / 2, 3, 1 / 3, 1, 1 / 3, 2, 0 / 4, 1, 1 ;
0,6; 1.208234, 2.459033, 3.627333 / 1.208528, 2.459860, 3.627514 / 1.207939, 2.458206, 3.627151; 1, 45, 1, 0; 0.582649167794; 2, 1, 1; 1, 1, 0; 3, 4, 2 / 4, 1, 1 / 4, 10, 0 ;
0,6; 1.167655, 2.419316, 3.589365 / 1.167655, 2.419316, 3.589365 / 1.167655, 2.419316, 3.589365; 1, 45, 1, 0; 0.579308440094; 1, 0, 1; 0, 1, 0; 1, 1, 2 ;
0,6; 1.131796, 2.389503, 3.565947 / 1.131796, 2.389503, 3.565947 / 1.131796, 2.389503, 3.565947; 1, 45, 1, 0; 0.579084268653; 1, 0, 1; 1, 0, 0; 3, 1, 2 ;
0,6; 1.133231, 2.393128, 3.567572 / 1.133231, 2.393128, 3.567572 / 1.133231, 2.393128, 3.567572; 1, 45, 1, 0; 0.579086439476; 1, 0, 1; 1, 0, 0; 2, 1, 2 / 4, 1, 0 / 4, 2, 0 ;
0,6; 1.143277, 2.396665, 3.574817 / 1.143277, 2.396665, 3.574817 / 1.143277, 2.396665, 3.574817; 1, 45, 1, 0; 0.579088729017; 1, 0, 1; 1, 0, 0; 2, 1, 2 ;
0,6; 1.170059, 2.414870, 3.584626 / 1.170059, 2.414870, 3.584626 / 1.170059, 2.414870, 3.584626; 1, 45, 1, 0; 0.579276488286; 1, 0, 1; 1, 0, 0; 2, 1, 2 ;
0,6; 1.167915, 2.427392, 3.591330 / 1.167915, 2.427392, 3.591330 / 1.167915, 2.427392, 3.591330; 1, 45, 1, 0; 0.579310661796; 1, 0, 1; 1, 0, 0; 3, 1, 2 ;
0,6; 1.175414, 2.424424, 3.594840 / 1.175414, 2.424424, 3.594840 / 1.175414, 2.424424, 3.594840; 1, 45, 1, 0; 0.579311543693; 1, 0, 1; 1, 0, 0; 3, 1, 2 / 4, 10, 0 ;
0,6; 1.180372, 2.433118, 3.600960 / 1.180372, 2.433118, 3.600960 / 1.180372, 2.433118, 3.600960; 1, 45, 1, 0; 0.579315139119; 1, 0, 1; 1, 0, 0; 3, 1, 2 ;
0,6; 1.169473, 2.419953, 3.600953 / 1.169473, 2.419953, 3.600953 / 1.169473, 2.419953, 3.600953; 1, 45, 1, 0; 0.579339035137; 1, 0, 1; 1, 0, 0; 2, 1, 2 ;
0,6; 1.174041, 2.424608, 3.602547 / 1.174041, 2.424608, 3.602547 / 1.174041, 2.424608, 3.602547; 1, 45, 1, 0; 0.579341596030; 1, 0, 1; 1, 0, 0; 2, 1, 2 ;
0,6; 1.184855, 2.435997, 3.606996 / 1.184855, 2.435997, 3.606996 / 1.184855, 2.435997, 3.606996; 1, 45, 1, 0; 0.579348261136; 1, 0, 1; 1, 0, 0; 3, 1, 2 ;
0,6; 1.207455, 2.451955, 3.620939 / 1.207455, 2.451955, 3.620939 / 1.207455, 2.451955, 3.620939; 1, 45, 1, 0; 0.582616673281; 1, 0, 1; 1, 0, 0; 3, 1, 2 ;
0,6; 1.202739, 2.451481, 3.615584 / 1.202739, 2.451481, 3.615584 / 1.202739, 2.451481, 3.615584; 1, 45, 1, 0; 0.582617436461; 1, 0, 1; 1, 0, 0; 2, 1, 2 ;
0,6; 1.232234, 2.461024, 3.627687 / 1.232234, 2.461024, 3.627687 / 1.232234, 2.461024, 3.627687; 1, 45, 1, 0; 0.582632021681; 1, 0, 1; 1, 0, 0; 2, 1, 2 ;
0,6; 1.203319, 2.453162, 3.625927 / 1.203319, 2.453162, 3.625927 / 1.203319, 2.453162, 3.625927; 1, 45, 1, 0; 0.582648218059; 1, 0, 1; 1, 0, 0; 2, 1, 2 ;
0,6; 1.221488, 2.473651, 3.634823 / 1.221488, 2.473651, 3.634823 / 1.221488, 2.473651, 3.634823; 1, 45, 1, 0; 0.582657681493; 1, 0, 1; 1, 0, 0; 3, 1, 2 ;
0,6; 1.222697, 2.472967, 3.631110 / 1.222697, 2.472967, 3.631110 / 1.222697, 2.472967, 3.631110; 1, 45, 1, 0; 0.582658105482; 1, 0, 1; 1, 0, 0; 3, 1, 2 ;
1,7; -0.16336, 1.70183, -4.04303 / -0.16336, 1.70183, -4.04303 / -0.16336, 1.70183, -4.04303; 1, 2, 1, 0; 0.006472637796; 1, 0, 1; 0, 1, 0; 1, 1, 2 ;
0,7; -0.355595, 1.636104, -3.883287 / -0.355595, 1.636104, -3.883287 / -0.355595, 1.636104, -3.883287; 1, 2, 1, 0; 0.054898181812; 0, 1, 0; 0, 1, 0; 1, 5, 0 / 1, 9, 0 / 3, 1, 0 / 4, 1, 1 ;
0,7; -0.367063, 1.632237, -3.874697 / -0.367063, 1.632237, -3.874697 / -0.367063, 1.632237, -3.874697; 1, 2, 1, 0; 0.054906812349; 1, 0, 1; 0, 1, 0; 1, 1, 2 ;
0,7; -0.171799, 1.702691, -4.035537 / -0.171418, 1.703202, -4.035098 / -0.172181, 1.702180, -4.035975; 1, 2, 1, 0; 0.006473393265; 2, 2, 2; 4, 0, 0; 1, 2, 0 / 2, 1, 1 / 2, 2, 2 / 2, 3, 1 / 2, 10, 0 / 3, 5, 2 ;
0,7; -0.169307, 1.702769, -4.038091 / -0.168897, 1.702969, -4.037772 / -0.169718, 1.702569, -4.038410; 1, 2, 1, 0; 0.006472910714; 1, 0, 2; 2, 0, 0; 1, 2, 0 / 2, 1, 2 / 3, 3, 2 / 3, 4, 0 / 3, 7, 0 / 4, 6, 0 ;
0,7; -0.510348, 1.632298, -3.813574 / -0.510068, 1.632766, -3.812696 / -0.510629, 1.631830, -3.814453; 1, 2, 1, 0; 0.054821084457; 1, 0, 2; 2, 0, 0; 3, 1, 2 / 3, 8, 2 ;
0,7; -0.372144, 1.632770, -3.873924 / -0.372085, 1.632995, -3.873721 / -0.372202, 1.632546, -3.874126; 1, 2, 1, 0; 0.054907468935; 0, 2, 0; 2, 0, 0; 1, 8, 0 / 1, 9, 0 / 2, 5, 1 / 3, 1, 1 / 3, 5, 0 / 3, 6, 0 / 4, 1, 0 ;
0,7; -0.163311, 1.705970, -4.045527 / -0.163311, 1.705970, -4.045527 / -0.163311, 1.705970, -4.045527; 1, 2, 1, 0; 0.006472471672; 1, 0, 1; 1, 0, 0; 2, 1, 2 / 3, 3, 0 / 3, 4, 0 / 3, 5, 0 ;
0,7; -0.175783, 1.703876, -4.029652 / -0.175783, 1.703876, -4.029652 / -0.175783, 1.703876, -4.029652; 1, 2, 1, 0; 0.006474057761; 0, 1, 0; 1, 0, 0; 2, 10, 0 / 3, 1, 1 ;
0,7; -0.164844, 1.712956, -4.047614 / -0.164844, 1.712956, -4.047614 / -0.164844, 1.712956, -4.047614; 1, 2, 1, 0; 0.006479191783; 1, 0, 1; 1, 0, 0; 2, 1, 2 ;
0,7; -0.551846, 1.637879, -3.809390 / -0.551846, 1.637879, -3.809390 / -0.551846, 1.637879, -3.809390; 1, 2, 1, 0; 0.054298062836; 0, 1, 0; 1, 0, 0; 2, 1, 1 / 2, 10, 0 / 4, 6, 0 ;
0,7; -0.548412, 1.754348, -3.847966 / -0.548412, 1.754348, -3.847966 / -0.548412, 1.754348, -3.847966; 1, 2, 1, 0; 0.054401593683; 0, 1, 0; 1, 0, 0; 1, 1, 0 / 1, 2, 0 / 2, 1, 1 ;
0,7; -0.541706, 1.635078, -3.808153 / -0.541706, 1.635078, -3.808153 / -0.541706, 1.635078, -3.808153; 1, 2, 1, 0; 0.054823948119; 1, 0, 1; 1, 0, 0; 2, 1, 2 ;
0,7; -0.372710, 1.629092, -3.875933 / -0.372710, 1.629092, -3.875933 / -0.372710, 1.629092, -3.875933; 1, 2, 1, 0; 0.054907346319; 1, 0, 1; 1, 0, 0; 1, 7, 0 / 3, 1, 2 ;
1,8; 0.229658, -0.253897, -4.45975 / 0.230032, -0.253337, -4.45949 / 0.229285, -0.254458, -4.46001; 1, 1, 1, 0; 0.035712157745; 2, 1, 4; 4, 1, 0; 1, 1, 0 / 1, 9, 0 / 2, 1, 2 / 2, 9, 2 / 2, 10, 2 / 3, 6, 2 / 4, 7, 1 ;
0,8; 0.223559, -0.255672, -4.455483 / 0.223559, -0.255672, -4.455483 / 0.223559, -0.255672, -4.455483; 1, 1, 1, 0; 0.035712379244; 0, 1, 0; 0, 1, 0; 1, 1, 1 ;
0,8; 0.215779, -0.260552, -4.450591 / 0.215779, -0.260552, -4.450591 / 0.215779, -0.260552, -4.450591; 1, 1, 1, 0; 0.035714076082; 1, 0, 1; 0, 1, 0; 1, 6, 0 / 4, 1, 2 ;
0,8; 0.472389, -0.136423, -4.586542 / 0.472389, -0.136423, -4.586542 / 0.472389, -0.136423, -4.586542; 1, 1, 1, 0; 0.033561358293; 1, 0, 1; 1, 0, 0; 2, 1, 2 ;
0,8; 0.480368, -0.129158, -4.587067 / 0.480368, -0.129158, -4.587067 / 0.480368, -0.129158, -4.587067; 1, 1, 1, 0; 0.033561844799; 1, 0, 1; 1, 0, 0; 3, 1, 2 ;
0,8; 0.473509, -0.122970, -4.586525 / 0.473509, -0.122970, -4.586525 / 0.473509, -0.122970, -4.586525; 1, 1, 1, 0; 0.033562093985; 1, 0, 1; 1, 0, 0; 1, 4, 0 / 3, 1, 2 ;
0,8; 0.477901, -0.124119, -4.591622 / 0.477901, -0.124119, -4.591622 / 0.477901, -0.124119, -4.591622; 1, 1, 1, 0; 0.033562212645; 1, 0, 1; 1, 0, 0; 3, 1, 2 / 3, 8, 0 ;
0,8; 0.481233, -0.124868, -4.590031 / 0.481233, -0.124868, -4.590031 / 0.481233, -0.124868, -4.590031; 1, 1, 1, 0; 0.033562271975; 1, 0, 1; 1, 0, 0; 2, 1, 2 / 4, 1, 0 ;
0,8; 0.481299, -0.119206, -4.590093 / 0.481299, -0.119206, -4.590093 / 0.481299, -0.119206, -4.590093; 1, 1, 1, 0; 0.033562798034; 1, 0, 1; 1, 0, 0; 3, 1, 2 ;
0,8; 0.483823, -0.120250, -4.589918 / 0.483823, -0.120250, -4.589918 / 0.483823, -0.120250, -4.589918; 1, 1, 1, 0; 0.033562892962; 0, 1, 0; 1, 0, 0; 2, 1, 1 / 4, 7, 0 ;
0,8; 0.485654, -0.123035, -4.583737 / 0.485654, -0.123035, -4.583737 / 0.485654, -0.123035, -4.583737; 1, 1, 1, 0; 0.033563047220; 1, 0, 1; 1, 0, 0; 2, 1, 2 ;
0,8; 0.224189, -0.259773, -4.462489 / 0.224189, -0.259773, -4.462489 / 0.224189, -0.259773, -4.462489; 1, 1, 1, 0; 0.035705860855; 1, 0, 1; 1, 0, 0; 3, 1, 2 ;
0,8; 0.229425, -0.244017, -4.453009 / 0.229425, -0.244017, -4.453009 / 0.229425, -0.244017, -4.453009; 1, 1, 1, 0; 0.035711382500; 1, 0, 1; 1, 0, 0; 2, 1, 2 ;
0,8; 0.229864, -0.253379, -4.459900 / 0.230444, -0.253163, -4.459490 / 0.229285, -0.253595, -4.460310; 1, 1, 1, 0; 0.035712149834; 1, 0, 1; 3, 1, 0; 1, 3, 0 / 2, 1, 2 / 2, 3, 2 / 3, 8, 2 / 4, 9, 1 ;
0,8; 0.227729, -0.254939, -4.459126 / 0.227729, -0.254939, -4.459126 / 0.227729, -0.254939, -4.459126; 1, 1, 1, 0; 0.035712256628; 1, 0, 1; 1, 0, 0; 3, 1, 2 ;
0,8; 0.225553, -0.255009, -4.457832 / 0.225553, -0.255009, -4.457832 / 0.225553, -0.255009, -4.457832; 1, 1, 1, 0; 0.035712331780; 0, 1, 0; 1, 0, 0; 3, 1, 1 / 3, 9, 0 / 4, 1, 0 / 4, 8, 0 ;
0,8; 0.228960, -0.260547, -4.458089 / 0.228960, -0.260547, -4.458089 / 0.228960, -0.260547, -4.458089; 1, 1, 1, 0; 0.035712699626; 1, 0, 1; 1, 0, 0; 2, 1, 2 ;
0,8; 0.221889, -0.257709, -4.453524 / 0.221889, -0.257709, -4.453524 / 0.221889, -0.257709, -4.453524; 1, 1, 1, 0; 0.035712885526; 1, 0, 1; 1, 0, 0; 2, 1, 2 / 2, 3, 0 ;
0,8; 0.217766, -0.261441, -4.449872 / 0.217766, -0.261441, -4.449872 / 0.217766, -0.261441, -4.449872; 1, 1, 1, 0; 0.035713617263; 1, 0, 1; 1, 0, 0; 3, 1, 2 ;
0,8; 0.214485, -0.264809, -4.447503 / 0.214485, -0.264809, -4.447503 / 0.214485, -0.264809, -4.447503; 1, 1, 1, 0; 0.035714163099; 1, 0, 1; 1, 0, 0; 3, 1, 2 ;
1,9; 3.18507, -2.70169, -0.69814 / 3.18512, -2.70139, -0.698033 / 3.18502, -2.70199, -0.698247; 1, 15, 1, 0; 0.058745707160; 1, 0, 2; 2, 0, 0; 2, 1, 2 / 2, 5, 0 / 3, 2, 0 / 3, 4, 2 / 3, 7, 0 / 4, 7, 0 ;
0,9; 3.160933, -2.701918, -0.699572 / 3.160933, -2.701918, -0.699572 / 3.160933, -2.701918, -0.699572; 1, 15, 1, 0; 0.057836334973; 1, 0, 1; 1, 0, 0; 2, 1, 2 ;
0,9; 3.202528, -2.698529, -0.704355 / 3.202528, -2.698529, -0.704355 / 3.202528, -2.698529, -0.704355; 1, 15, 1, 0; 0.058743108686; 1, 0, 1; 1, 0, 0; 3, 1, 2 ;
0,9; 3.184517, -2.707501, -0.700956 / 3.184517, -2.707501, -0.700956 / 3.184517, -2.707501, -0.700956; 1, 15, 1, 0; 0.058745887982; 1, 0, 1; 1, 0, 0; 2, 1, 2 ;
0,9; 2.853686, -2.739490, -0.434490 / 2.853686, -2.739490, -0.434490 / 2.853686, -2.739490, -0.434490; 1, 15, 1, 0; 0.131694506504; 1, 0, 1; 1, 0, 0; 3, 1, 2 ;
0,9; 2.838091, -2.743400, -0.427259 / 2.838091, -2.743400, -0.427259 / 2.838091, -2.743400, -0.427259; 1, 15, 1, 0; 0.131696321418; 0, 1, 0; 1, 0, 0; 2, 1, 1 ;
