1,0; -0.682601, -4.07557, 0.821329 / -0.681904, -4.07484, 0.822158 / -0.683299, -4.0763, 0.8205; 1, 18, 1, 0; 0.809255089287; 0, 7, 0; 4, 3, 1; 1, 3, 1 / 1, 7, 1 / 2, 1, 1 / 2, 4, 0 / 2, 5, 1 / 2, 7, 1 / 3, 5, 0 / 3, 6, 1 / 4, 8, 1 / 4, 9, 0 ;
0,0; -0.676243, -4.065006, 0.816533 / -0.675760, -4.063949, 0.816925 / -0.676727, -4.066063, 0.816141; 1, 18, 1, 0; 0.809244899553; 2, 3, 1; 3, 2, 1; 1, 5, 1 / 1, 7, 0 / 2, 7, 1 / 2, 9, 0 / 3, 3, 2 / 3, 10, 3 / 4, 1, 1 ;
0,0; -0.675052, -4.062723, 0.815690 / -0.674538, -4.061835, 0.816103 / -0.675567, -4.063611, 0.815278; 1, 18, 1, 0; 0.809244983247; 2, 3, 1; 2, 2, 1; 1, 9, 0 / 1, 10, 1 / 2, 1, 1 / 3, 5, 2 / 4, 5, 1 / 4, 6, 0 ;
0,0; -0.190069, -3.511189, 0.589876 / -0.189949, -3.510983, 0.589939 / -0.190189, -3.511395, 0.589813; 1, 18, 1, 0; 0.200808197261; 0, 2, 0; 0, 2, 1; 1, 1, 1 / 4, 6, 1 ;
0,0; -0.681156, -4.073203, 0.820667 / -0.680933, -4.072690, 0.821034 / -0.681378, -4.073717, 0.820300; 1, 18, 1, 0; 0.809255926227; 0, 4, 0; 3, 1, 0; 2, 1, 1 / 3, 2, 1 / 3, 3, 1 / 4, 3, 1 / 4, 4, 0 ;
0,0; -0.191694, -3.508322, 0.589103 / -0.191153, -3.507370, 0.589326 / -0.192235, -3.509273, 0.588880; 1, 18, 1, 0; 0.200808022899; 0, 3, 0; 2, 1, 0; 2, 4, 0 / 2, 6, 1 / 3, 10, 1 / 4, 1, 1 ;
0,0; -0.686467, -4.081758, 0.824546 / -0.686018, -4.081074, 0.824728 / -0.686917, -4.082442, 0.824364; 1, 18, 1, 0; 0.809254112858; 2, 1, 1; 1, 1, 0; 1, 7, 0 / 2, 7, 2 / 4, 1, 1 ;
0,0; -0.676580, -4.066362, 0.816108 / -0.676433, -4.065567, 0.816925 / -0.676727, -4.067156, 0.815292; 1, 18, 1, 0; 0.809244857706; 0, 1, 0; 1, 2, 1; 1, 1, 1 / 3, 9, 2 / 4, 7, 1 ;
0,0; -0.673450, -4.063527, 0.816764 / -0.673450, -4.063527, 0.816764 / -0.673450, -4.063527, 0.816764; 1, 18, 1, 0; 0.809245813212; 1, 0, 1; 0, 1, 0; 1, 7, 0 / 4, 1, 2 / 4, 5, 0 ;
0,0; -0.690734, -4.082462, 0.821717 / -0.690734, -4.082462, 0.821717 / -0.690734, -4.082462, 0.821717; 1, 18, 1, 0; 0.809254301170; 1, 0, 1; 0, 1, 0; 4, 1, 2 ;
0,0; -0.679086, -4.066602, 0.818677 / -0.679086, -4.066602, 0.818677 / -0.679086, -4.066602, 0.818677; 1, 18, 1, 0; 0.809256930554; 1, 0, 1; 0, 1, 0; 1, 6, 0 / 4, 1, 2 ;
0,0; -0.856961, -4.318737, 0.931023 / -0.856961, -4.318737, 0.931023 / -0.856961, -4.318737, 0.931023; 1, 18, 1, 0; 0.858599228900; 1, 0, 1; 0, 1, 0; 1, 1, 2 ;
0,0; -0.469420, -3.663765, 0.661522 / -0.469330, -3.663354, 0.661772 / -0.469511, -3.664176, 0.661271; 1, 18, 1, 0; 0.725741827987; 2, 2, 1; 3, 0, 0; 1, 1, 0 / 2, 1, 1 / 2, 2, 1 / 2, 4, 0 / 2, 6, 0 / 3, 1, 0 / 3, 2, 2 / 3, 3, 0 / 4, 7, 0 ;
0,0; -0.687447, -4.086133, 0.823782 / -0.687351, -4.085857, 0.824273 / -0.687543, -4.086408, 0.823292; 1, 18, 1, 0; 0.809253373562; 1, 0, 3; 3, 0, 0; 2, 3, 2 / 2, 4, 2 / 3, 1, 2 ;
0,0; -0.227177, -3.493000, 0.567823 / -0.226414, -3.492640, 0.568777 / -0.227941, -3.493359, 0.566869; 1, 18, 1, 0; 0.200116139256; 2, 1, 1; 2, 0, 0; 2, 1, 2 / 2, 8, 1 ;
0,0; -0.465266, -3.660566, 0.662982 / -0.465266, -3.660566, 0.662982 / -0.465266, -3.660566, 0.662982; 1, 18, 1, 0; 0.725729859757; 1, 0, 1; 1, 0, 0; 3, 1, 2 ;
0,0; -0.466094, -3.649574, 0.662355 / -0.466094, -3.649574, 0.662355 / -0.466094, -3.649574, 0.662355; 1, 18, 1, 0; 0.725731157013; 1, 0, 1; 1, 0, 0; 2, 1, 2 ;
0,0; -0.462900, -3.645341, 0.662321 / -0.462900, -3.645341, 0.662321 / -0.462900, -3.645341, 0.662321; 1, 18, 1, 0; 0.725732126467; 1, 0, 1; 1, 0, 0; 1, 2, 0 / 2, 1, 2 / 4, 5, 0 ;
0,0; -0.473381, -3.672584, 0.675676 / -0.473381, -3.672584, 0.675676 / -0.473381, -3.672584, 0.675676; 1, 18, 1, 0; 0.725739568251; 1, 0, 1; 1, 0, 0; 3, 1, 2 ;
0,0; -0.467939, -3.666150, 0.667311 / -0.467939, -3.666150, 0.667311 / -0.467939, -3.666150, 0.667311; 1, 18, 1, 0; 0.725740991048; 1, 0, 1; 1, 0, 0; 3, 1, 2 ;
0,0; -0.470091, -3.653805, 0.662745 / -0.470091, -3.653805, 0.662745 / -0.470091, -3.653805, 0.662745; 1, 18, 1, 0; 0.725743104319; 1, 0, 1; 1, 0, 0; 2, 1, 2 ;
0,0; -0.480462, -3.670612, 0.669364 / -0.480462, -3.670612, 0.669364 / -0.480462, -3.670612, 0.669364; 1, 18, 1, 0; 0.725753266155; 1, 0, 1; 1, 0, 0; 3, 1, 2 ;
0,0; -0.676255, -4.064613, 0.816533 / -0.675760, -4.063659, 0.816925 / -0.676750, -4.065567, 0.816141; 1, 18, 1, 0; 0.809244913502; 0, 1, 0; 4, 1, 0; 1, 3, 1 / 1, 5, 0 / 2, 5, 1 / 2, 7, 0 / 3, 1, 2 / 3, 8, 3 / 3, 10, 1 ;
0,0; -0.690390, -4.082523, 0.818054 / -0.690390, -4.082523, 0.818054 / -0.690390, -4.082523, 0.818054; 1, 18, 1, 0; 0.809254468558; 1, 0, 1; 1, 0, 0; 2, 1, 2 / 2, 7, 0 ;
0,0; -0.689996, -4.080638, 0.818247 / -0.689996, -4.080638, 0.818247 / -0.689996, -4.080638, 0.818247; 1, 18, 1, 0; 0.809254545277; 1, 0, 1; 1, 0, 0; 3, 1, 2 ;
0,0; -0.687084, -4.071128, 0.827399 / -0.687084, -4.071128, 0.827399 / -0.687084, -4.071128, 0.827399; 1, 18, 1, 0; 0.809255403140; 1, 0, 1; 1, 0, 0; 3, 1, 2 ;
0,0; -0.683178, -4.071512, 0.817774 / -0.683178, -4.071512, 0.817774 / -0.683178, -4.071512, 0.817774; 1, 18, 1, 0; 0.809255828584; 1, 0, 1; 1, 0, 0; 2, 1, 0 / 3, 1, 2 / 3, 2, 0 / 3, 8, 0 ;
0,0; -0.686504, -4.084319, 0.828415 / -0.686504, -4.084319, 0.828415 / -0.686504, -4.084319, 0.828415; 1, 18, 1, 0; 0.809266157808; 1, 0, 1; 1, 0, 0; 3, 1, 2 ;
0,0; -0.649832, -4.029065, 0.797223 / -0.649832, -4.029065, 0.797223 / -0.649832, -4.029065, 0.797223; 1, 18, 1, 0; 0.810567472639; 1, 0, 1; 1, 0, 0; 2, 1, 2 ;
0,0; -0.652727, -4.043917, 0.804129 / -0.652727, -4.043917, 0.804129 / -0.652727, -4.043917, 0.804129; 1, 18, 1, 0; 0.810578122690; 1, 0, 1; 1, 0, 0; 3, 1, 2 ;
0,0; -0.845592, -4.318394, 0.930786 / -0.845592, -4.318394, 0.930786 / -0.845592, -4.318394, 0.930786; 1, 18, 1, 0; 0.858586674813; 1, 0, 1; 1, 0, 0; 3, 1, 2 ;
0,0; -0.855731, -4.320913, 0.932809 / -0.855731, -4.320913, 0.932809 / -0.855731, -4.320913, 0.932809; 1, 18, 1, 0; 0.858598412884; 0, 0, 0; 1, 0, 0; 3, 1, 3 ;
1,1; -0.143371, -0.901915, -4.53921 / -0.142843, -0.900949, -4.53853 / -0.143898, -0.902881, -4.53989; 1, 1, 1, 0; 0.012137984172; 2, 4, 3; 4, 3, 1; 1, 2, 1 / 1, 3, 0 / 1, 4, 1 / 1, 9, 0 / 2, 1, 2 / 2, 2, 2 / 2, 8, 0 / 3, 5, 2 / 3, 9, 1 / 4, 8, 0 / 4, 9, 1 ;
0,1; -0.402127, -0.109987, -3.833464 / -0.401675, -0.109696, -3.832823 / -0.402579, -0.110278, -3.834105; 1, 1, 1, 0; 0.468959241082; 2, 1, 3; 2, 2, 1; 1, 2, 0 / 1, 3, 0 / 1, 5, 1 / 2, 2, 0 / 2, 5, 2 / 2, 10, 0 / 3, 1, 2 / 3, 4, 0 / 3, 7, 0 / 4, 3, 2 ;
0,1; -0.221326, -0.616058, -4.310776 / -0.220132, -0.615493, -4.310662 / -0.222519, -0.616622, -4.310890; 1, 1, 1, 0; 0.220136455041; 2, 1, 2; 1, 2, 1; 1, 10, 2 / 2, 1, 2 / 4, 4, 3 ;
0,1; -0.389294, 0.129162, -3.571512 / -0.389034, 0.129433, -3.571489 / -0.389554, 0.128890, -3.571535; 1, 1, 1, 0; 0.727850826190; 0, 2, 0; 0, 2, 1; 1, 1, 1 / 4, 5, 1 ;
0,1; -0.176362, -0.804479, -4.465517 / -0.175777, -0.804187, -4.464392 / -0.176947, -0.804770, -4.466641; 1, 1, 1, 0; 0.013132734654; 2, 2, 3; 2, 3, 0; 2, 3, 2 / 2, 8, 0 / 3, 1, 1 / 3, 7, 0 / 4, 1, 1 / 4, 2, 2 / 4, 9, 2 ;
0,1; -0.144263, -0.898398, -4.536861 / -0.144177, -0.898027, -4.536751 / -0.144349, -0.898769, -4.536971; 1, 1, 1, 0; 0.012138431125; 2, 2, 1; 1, 2, 0; 2, 4, 0 / 3, 1, 1 / 4, 1, 1 / 4, 2, 2 ;
0,1; -0.175271, -0.807950, -4.469655 / -0.175041, -0.807665, -4.469411 / -0.175502, -0.808234, -4.469898; 1, 1, 1, 0; 0.013132631815; 2, 2, 1; 1, 2, 0; 1, 6, 0 / 2, 6, 1 / 4, 1, 1 / 4, 2, 2 ;
0,1; -0.201500, -0.702144, -4.379866 / -0.201314, -0.701138, -4.379442 / -0.201686, -0.703150, -4.380291; 1, 1, 1, 0; 0.012821861285; 2, 1, 2; 2, 1, 0; 1, 1, 1 / 1, 5, 0 / 2, 2, 2 / 2, 7, 2 / 4, 4, 0 / 4, 5, 0 ;
0,1; -0.181048, -0.786675, -4.451749 / -0.180605, -0.786209, -4.451323 / -0.181490, -0.787141, -4.452175; 1, 1, 1, 0; 0.013143279572; 0, 3, 0; 2, 1, 0; 2, 3, 1 / 3, 3, 1 / 4, 1, 1 / 4, 3, 0 ;
0,1; -0.200143, -0.710012, -4.389592 / -0.200083, -0.709701, -4.389283 / -0.200203, -0.710323, -4.389900; 1, 1, 1, 0; 0.012821355002; 2, 1, 1; 1, 1, 0; 1, 5, 0 / 2, 1, 0 / 2, 8, 0 / 3, 1, 1 / 3, 4, 0 / 4, 2, 2 ;
0,1; -0.179821, -0.804273, -4.464911 / -0.179562, -0.803936, -4.464495 / -0.180080, -0.804610, -4.465327; 1, 1, 1, 0; 0.013133233026; 1, 0, 2; 1, 1, 0; 2, 1, 2 / 4, 3, 2 ;
0,1; -0.253502, -0.411486, -4.152430 / -0.253478, -0.411356, -4.152331 / -0.253525, -0.411615, -4.152529; 1, 1, 1, 0; 0.220510463438; 0, 2, 0; 1, 1, 0; 1, 1, 1 / 2, 1, 1 / 3, 1, 0 ;
0,1; -0.404910, -0.105983, -3.829418 / -0.404566, -0.105001, -3.828590 / -0.405254, -0.106965, -3.830247; 1, 1, 1, 0; 0.468959612884; 1, 0, 2; 1, 1, 0; 2, 3, 0 / 2, 5, 0 / 2, 8, 0 / 2, 9, 0 / 2, 10, 2 / 4, 1, 2 ;
0,1; -0.379104, 0.101643, -3.574427 / -0.378938, 0.102222, -3.574406 / -0.379270, 0.101064, -3.574449; 1, 1, 1, 0; 0.727720723415; 0, 2, 0; 1, 1, 0; 1, 1, 1 / 2, 2, 0 / 3, 3, 1 ;
0,1; -0.141308, -0.905796, -4.544362 / -0.141308, -0.905796, -4.544362 / -0.141308, -0.905796, -4.544362; 1, 1, 1, 0; 0.012130698449; 1, 0, 1; 0, 1, 0; 4, 1, 2 ;
0,1; -0.199930, -0.705070, -4.391673 / -0.199930, -0.705070, -4.391673 / -0.199930, -0.705070, -4.391673; 1, 1, 1, 0; 0.012821188878; 1, 0, 1; 0, 1, 0; 4, 1, 2 ;
0,1; -0.172761, -0.809709, -4.471121 / -0.172761, -0.809709, -4.471121 / -0.172761, -0.809709, -4.471121; 1, 1, 1, 0; 0.013132532932; 1, 0, 1; 0, 1, 0; 1, 1, 2 ;
0,1; -0.174727, -0.809221, -4.471938 / -0.174727, -0.809221, -4.471938 / -0.174727, -0.809221, -4.471938; 1, 1, 1, 0; 0.013132584351; 1, 0, 1; 0, 1, 0; 4, 1, 2 ;
0,1; -0.226372, -0.608654, -4.302427 / -0.226372, -0.608654, -4.302427 / -0.226372, -0.608654, -4.302427; 1, 1, 1, 0; 0.220135620465; 1, 0, 1; 0, 1, 0; 4, 1, 2 ;
0,1; -0.363639, -0.170870, -3.906737 / -0.363639, -0.170870, -3.906737 / -0.363639, -0.170870, -3.906737; 1, 1, 1, 0; 0.469444149113; 1, 0, 1; 0, 1, 0; 4, 1, 2 ;
0,1; -0.364540, -0.167775, -3.904381 / -0.364540, -0.167775, -3.904381 / -0.364540, -0.167775, -3.904381; 1, 1, 1, 0; 0.469444611887; 1, 0, 1; 0, 1, 0; 1, 1, 2 ;
0,1; -0.397161, 0.134367, -3.571256 / -0.397161, 0.134367, -3.571256 / -0.397161, 0.134367, -3.571256; 1, 1, 1, 0; 0.727850319907; 0, 1, 0; 0, 1, 0; 1, 1, 1 ;
0,1; -0.139815, -0.912111, -4.546732 / -0.139299, -0.911416, -4.546411 / -0.140330, -0.912807, -4.547053; 1, 1, 1, 0; 0.012129970667; 2, 3, 1; 4, 0, 0; 2, 1, 1 / 3, 2, 1 / 3, 4, 2 / 3, 5, 1 ;
0,1; -0.145248, -0.900920, -4.537454 / -0.145208, -0.900524, -4.536804 / -0.145288, -0.901316, -4.538104; 1, 1, 1, 0; 0.012137944619; 1, 0, 2; 2, 0, 0; 1, 2, 0 / 1, 9, 0 / 2, 1, 2 / 2, 3, 0 / 2, 6, 2 / 2, 10, 0 / 4, 7, 0 / 4, 8, 0 ;
0,1; -0.200807, -0.716705, -4.392592 / -0.200258, -0.715922, -4.392050 / -0.201357, -0.717488, -4.393134; 1, 1, 1, 0; 0.012814057412; 1, 0, 2; 2, 0, 0; 3, 1, 2 / 3, 9, 2 / 4, 5, 0 ;
0,1; -0.202237, -0.711175, -4.388093 / -0.202180, -0.711174, -4.387349 / -0.202294, -0.711176, -4.388837; 1, 1, 1, 0; 0.012821414332; 2, 1, 1; 2, 0, 0; 2, 7, 2 / 3, 1, 1 ;
0,1; -0.205211, -0.700684, -4.378157 / -0.205195, -0.700221, -4.378059 / -0.205228, -0.701147, -4.378255; 1, 1, 1, 0; 0.012822304282; 1, 0, 2; 2, 0, 0; 1, 6, 0 / 2, 1, 2 / 3, 1, 2 ;
0,1; -0.176362, -0.804800, -4.466630 / -0.175777, -0.804385, -4.465933 / -0.176947, -0.805215, -4.467328; 1, 1, 1, 0; 0.013132722788; 2, 1, 1; 4, 2, 0; 1, 1, 0 / 2, 1, 1 / 2, 2, 2 / 2, 6, 2 / 3, 4, 1 / 3, 10, 0 / 4, 4, 1 / 4, 5, 2 ;
0,1; -0.179595, -0.780267, -4.445408 / -0.179578, -0.780127, -4.444903 / -0.179612, -0.780408, -4.445912; 1, 1, 1, 0; 0.013143584133; 1, 0, 2; 2, 0, 0; 1, 4, 0 / 2, 5, 2 / 3, 1, 2 ;
0,1; -0.218729, -0.611793, -4.302409 / -0.218443, -0.611754, -4.302273 / -0.219016, -0.611833, -4.302544; 1, 1, 1, 0; 0.220135889428; 1, 0, 2; 2, 0, 0; 2, 1, 2 / 3, 4, 2 ;
0,1; -0.223427, -0.616613, -4.311215 / -0.222519, -0.616163, -4.310851 / -0.224334, -0.617063, -4.311579; 1, 1, 1, 0; 0.220136423398; 1, 0, 2; 3, 0, 0; 2, 1, 2 / 2, 9, 2 / 3, 6, 2 ;
0,1; -0.227162, -0.579010, -4.277237 / -0.226735, -0.578773, -4.277225 / -0.227589, -0.579246, -4.277248; 1, 1, 1, 0; 0.220337919938; 1, 0, 2; 2, 0, 0; 2, 5, 2 / 3, 1, 2 ;
0,1; -0.386187, 0.125933, -3.570444 / -0.385937, 0.126595, -3.569506 / -0.386438, 0.125270, -3.571382; 1, 1, 1, 0; 0.727843928089; 1, 0, 2; 2, 0, 0; 3, 1, 2 / 3, 10, 2 ;
0,1; -0.131809, -0.918735, -4.549403 / -0.131809, -0.918735, -4.549403 / -0.131809, -0.918735, -4.549403; 1, 1, 1, 0; 0.012128788023; 1, 0, 1; 1, 0, 0; 2, 1, 2 ;
0,1; -0.135320, -0.914761, -4.549780 / -0.135320, -0.914761, -4.549780 / -0.135320, -0.914761, -4.549780; 1, 1, 1, 0; 0.012129432742; 1, 0, 1; 1, 0, 0; 2, 1, 2 ;
0,1; -0.143261, -0.902862, -4.543841 / -0.143261, -0.902862, -4.543841 / -0.143261, -0.902862, -4.543841; 1, 1, 1, 0; 0.012130749868; 1, 0, 1; 1, 0, 0; 3, 1, 2 ;
0,1; -0.139845, -0.906242, -4.540264 / -0.139845, -0.906242, -4.540264 / -0.139845, -0.906242, -4.540264; 1, 1, 1, 0; 0.012137620282; 1, 0, 1; 1, 0, 0; 2, 1, 2 ;
0,1; -0.137298, -0.902723, -4.531900 / -0.137298, -0.902723, -4.531900 / -0.137298, -0.902723, -4.531900; 1, 1, 1, 0; 0.012138249180; 1, 0, 1; 1, 0, 0; 2, 1, 2 ;
0,1; -0.143118, -0.899345, -4.532753 / -0.143118, -0.899345, -4.532753 / -0.143118, -0.899345, -4.532753; 1, 1, 1, 0; 0.012138355974; 1, 0, 1; 1, 0, 0; 2, 1, 2 / 2, 5, 0 / 2, 7, 0 / 2, 10, 0 / 4, 9, 0 ;
0,1; -0.202215, -0.703215, -4.391561 / -0.202215, -0.703215, -4.391561 / -0.202215, -0.703215, -4.391561; 1, 1, 1, 0; 0.012821137459; 1, 0, 1; 1, 0, 0; 2, 1, 2 ;
0,1; -0.204948, -0.700755, -4.381631 / -0.204948, -0.700755, -4.381631 / -0.204948, -0.700755, -4.381631; 1, 1, 1, 0; 0.012821801955; 1, 0, 1; 1, 0, 0; 2, 1, 2 ;
0,1; -0.207620, -0.700798, -4.380607 / -0.207620, -0.700798, -4.380607 / -0.207620, -0.700798, -4.380607; 1, 1, 1, 0; 0.012822252863; 1, 0, 1; 1, 0, 0; 2, 1, 2 ;
0,1; -0.202691, -0.706220, -4.376237 / -0.202691, -0.706220, -4.376237 / -0.202691, -0.706220, -4.376237; 1, 1, 1, 0; 0.012822438764; 1, 0, 1; 1, 0, 0; 3, 1, 2 ;
0,1; -0.172799, -0.802285, -4.467249 / -0.172799, -0.802285, -4.467249 / -0.172799, -0.802285, -4.467249; 1, 1, 1, 0; 0.013132054337; 1, 0, 1; 1, 0, 0; 2, 1, 2 ;
0,1; -0.175295, -0.807629, -4.469575 / -0.175041, -0.807478, -4.469252 / -0.175549, -0.807779, -4.469898; 1, 1, 1, 0; 0.013132635771; 0, 1, 0; 2, 1, 0; 1, 5, 0 / 2, 5, 1 / 3, 10, 1 / 4, 1, 2 ;
0,1; -0.183303, -0.803148, -4.463977 / -0.183303, -0.803148, -4.463977 / -0.183303, -0.803148, -4.463977; 1, 1, 1, 0; 0.013133925209; 1, 0, 1; 1, 0, 0; 2, 1, 2 ;
0,1; -0.180298, -0.788436, -4.456111 / -0.180298, -0.788436, -4.456111 / -0.180298, -0.788436, -4.456111; 1, 1, 1, 0; 0.013136349829; 1, 0, 1; 1, 0, 0; 3, 1, 2 ;
0,1; -0.176301, -0.806057, -4.457207 / -0.176301, -0.806057, -4.457207 / -0.176301, -0.806057, -4.457207; 1, 1, 1, 0; 0.013139775147; 1, 0, 1; 1, 0, 0; 3, 1, 2 ;
0,1; -0.184612, -0.791800, -4.449678 / -0.184612, -0.791800, -4.449678 / -0.184612, -0.791800, -4.449678; 1, 1, 1, 0; 0.013142678362; 1, 0, 1; 1, 0, 0; 2, 1, 2 ;
0,1; -0.182967, -0.786293, -4.453094 / -0.182967, -0.786293, -4.453094 / -0.182967, -0.786293, -4.453094; 1, 1, 1, 0; 0.013143216287; 1, 0, 1; 1, 0, 0; 2, 1, 2 ;
0,1; -0.178354, -0.786409, -4.452324 / -0.178354, -0.786409, -4.452324 / -0.178354, -0.786409, -4.452324; 1, 1, 1, 0; 0.013143762123; 0, 1, 0; 1, 0, 0; 2, 1, 1 / 4, 8, 0 ;
0,1; -0.213088, -0.616848, -4.314579 / -0.213088, -0.616848, -4.314579 / -0.213088, -0.616848, -4.314579; 1, 1, 1, 0; 0.220129790304; 1, 0, 1; 1, 0, 0; 3, 1, 2 ;
0,1; -0.218684, -0.612804, -4.312292 / -0.218684, -0.612804, -4.312292 / -0.218684, -0.612804, -4.312292; 1, 1, 1, 0; 0.220136542058; 1, 0, 1; 1, 0, 0; 2, 1, 2 ;
0,1; -0.227383, -0.570819, -4.264159 / -0.227383, -0.570819, -4.264159 / -0.227383, -0.570819, -4.264159; 1, 1, 1, 0; 0.220336681918; 1, 0, 1; 1, 0, 0; 2, 1, 2 ;
0,1; -0.228407, -0.572229, -4.272772 / -0.228407, -0.572229, -4.272772 / -0.228407, -0.572229, -4.272772; 1, 1, 1, 0; 0.220337330593; 0, 1, 0; 1, 0, 0; 3, 1, 1 ;
0,1; -0.229087, -0.573522, -4.275866 / -0.229087, -0.573522, -4.275866 / -0.229087, -0.573522, -4.275866; 1, 1, 1, 0; 0.220337832920; 1, 0, 1; 1, 0, 0; 3, 1, 2 ;
0,1; -0.229257, -0.576847, -4.276102 / -0.229257, -0.576847, -4.276102 / -0.229257, -0.576847, -4.276102; 1, 1, 1, 0; 0.220337876429; 0, 1, 0; 1, 0, 0; 1, 7, 0 / 3, 1, 1 ;
0,1; -0.250973, -0.414572, -4.163603 / -0.250973, -0.414572, -4.163603 / -0.250973, -0.414572, -4.163603; 1, 1, 1, 0; 0.220502948305; 1, 0, 1; 1, 0, 0; 2, 1, 2 ;
0,1; -0.252221, -0.419978, -4.158410 / -0.252221, -0.419978, -4.158410 / -0.252221, -0.419978, -4.158410; 1, 1, 1, 0; 0.220510198431; 0, 1, 0; 1, 0, 0; 1, 1, 0 / 2, 1, 1 ;
0,1; -0.255219, -0.391400, -4.144949 / -0.255219, -0.391400, -4.144949 / -0.255219, -0.391400, -4.144949; 1, 1, 1, 0; 0.220513572330; 1, 0, 1; 1, 0, 0; 2, 1, 2 ;
0,1; -0.359727, -0.170356, -3.905179 / -0.359727, -0.170356, -3.905179 / -0.359727, -0.170356, -3.905179; 1, 1, 1, 0; 0.469444208443; 1, 0, 1; 1, 0, 0; 3, 1, 2 ;
0,1; -0.375941, -0.161259, -3.891461 / -0.375941, -0.161259, -3.891461 / -0.375941, -0.161259, -3.891461; 1, 1, 1, 0; 0.469452463223; 1, 0, 1; 1, 0, 0; 3, 1, 2 ;
1,2; -1.26296, -2.33909, -3.48674 / -1.26203, -2.33882, -3.48596 / -1.2639, -2.33936, -3.48751; 1, 1, 1, 0; 0.945929962124; 2, 2, 2; 2, 2, 1; 1, 2, 1 / 3, 1, 2 / 3, 8, 1 / 4, 6, 2 ;
0,2; -1.248898, -2.341255, -3.482059 / -1.248845, -2.340646, -3.481453 / -1.248950, -2.341864, -3.482664; 1, 1, 1, 0; 0.945932343234; 1, 0, 2; 0, 2, 1; 1, 7, 2 / 4, 1, 2 ;
0,2; -1.747927, -2.215765, -3.538137 / -1.747730, -2.214906, -3.537795 / -1.748124, -2.216625, -3.538478; 1, 1, 1, 0; 0.947296608856; 2, 1, 1; 0, 2, 1; 1, 1, 2 / 2, 4, 0 / 4, 2, 1 / 4, 3, 0 ;
0,2; -1.265126, -2.338252, -3.488026 / -1.263894, -2.337668, -3.487389 / -1.266359, -2.338837, -3.488664; 1, 1, 1, 0; 0.945929906749; 2, 3, 3; 5, 2, 0; 1, 1, 0 / 1, 5, 0 / 2, 1, 1 / 2, 2, 2 / 2, 8, 2 / 2, 9, 0 / 2, 10, 3 / 3, 2, 0 / 3, 4, 0 / 3, 5, 0 / 3, 6, 2 / 3, 7, 0 / 4, 4, 0 / 4, 5, 1 / 4, 10, 1 ;
0,2; -1.185896, -2.365769, -3.479982 / -1.185115, -2.365503, -3.479162 / -1.186677, -2.366036, -3.480802; 1, 1, 1, 0; 0.943569696135; 2, 2, 2; 3, 2, 0; 1, 7, 0 / 2, 8, 1 / 3, 1, 1 / 3, 2, 0 / 3, 9, 2 / 4, 1, 2 / 4, 2, 3 ;
0,2; -1.761000, -2.214182, -3.533649 / -1.760788, -2.214118, -3.533375 / -1.761212, -2.214246, -3.533923; 1, 1, 1, 0; 0.947302320357; 0, 2, 0; 0, 2, 0; 4, 1, 1 / 4, 2, 1 ;
0,2; -1.243933, -2.344819, -3.482980 / -1.243862, -2.344353, -3.482564 / -1.244003, -2.345285, -3.483396; 1, 1, 1, 0; 0.945932893026; 2, 1, 1; 1, 1, 0; 3, 10, 1 / 4, 1, 2 ;
0,2; -1.243068, -2.338712, -3.488480 / -1.243068, -2.338712, -3.488480 / -1.243068, -2.338712, -3.488480; 1, 1, 1, 0; 0.945925441178; 1, 0, 1; 0, 1, 0; 4, 1, 2 ;
0,2; -1.763320, -2.210830, -3.538950 / -1.763320, -2.210830, -3.538950 / -1.763320, -2.210830, -3.538950; 1, 1, 1, 0; 0.947294868509; 1, 0, 1; 0, 1, 0; 1, 1, 2 ;
0,2; -1.774945, -2.213395, -3.536764 / -1.774945, -2.213395, -3.536764 / -1.774945, -2.213395, -3.536764; 1, 1, 1, 0; 0.947300995320; 1, 0, 1; 0, 1, 0; 2, 2, 0 / 3, 1, 0 / 4, 1, 2 ;
0,2; -1.762426, -2.212025, -3.535964 / -1.762426, -2.212025, -3.535964 / -1.762426, -2.212025, -3.535964; 1, 1, 1, 0; 0.947302276848; 1, 0, 1; 0, 1, 0; 2, 10, 0 / 3, 7, 0 / 3, 10, 0 / 4, 1, 2 ;
0,2; -0.524280, -2.621404, -3.440868 / -0.524280, -2.621404, -3.440868 / -0.524280, -2.621404, -3.440868; 1, 1, 1, 0; 0.954062783795; 0, 1, 0; 0, 1, 0; 4, 1, 1 / 4, 7, 0 ;
0,2; -1.267254, -2.337400, -3.488094 / -1.266357, -2.337071, -3.487865 / -1.268151, -2.337729, -3.488324; 1, 1, 1, 0; 0.945929875106; 2, 2, 2; 6, 0, 0; 1, 4, 0 / 1, 8, 0 / 1, 9, 0 / 2, 1, 2 / 2, 2, 1 / 2, 3, 2 / 2, 8, 1 / 2, 9, 1 / 2, 10, 2 / 3, 1, 0 / 3, 4, 0 / 3, 5, 0 / 3, 10, 0 ;
0,2; -1.263541, -2.337724, -3.491715 / -1.263075, -2.337321, -3.491383 / -1.264007, -2.338128, -3.492047; 1, 1, 1, 0; 0.945923000737; 1, 0, 2; 2, 0, 0; 2, 1, 2 / 3, 6, 2 ;
0,2; -1.755716, -2.213575, -3.533821 / -1.755588, -2.213327, -3.533013 / -1.755843, -2.213822, -3.534630; 1, 1, 1, 0; 0.947302949255; 2, 1, 1; 2, 0, 0; 3, 1, 1 / 3, 7, 2 / 4, 7, 0 / 4, 10, 0 ;
0,2; -1.748250, -2.212557, -3.531919 / -1.747962, -2.212411, -3.531597 / -1.748538, -2.212703, -3.532242; 1, 1, 1, 0; 0.947303328967; 1, 0, 2; 2, 0, 0; 2, 1, 2 / 3, 3, 2 / 3, 4, 0 ;
0,2; -1.180335, -2.371491, -3.480371 / -1.180335, -2.371491, -3.480371 / -1.180335, -2.371491, -3.480371; 1, 1, 1, 0; 0.943561963459; 1, 0, 1; 1, 0, 0; 2, 1, 2 ;
0,2; -1.170866, -2.367820, -3.483599 / -1.170866, -2.367820, -3.483599 / -1.170866, -2.367820, -3.483599; 1, 1, 1, 0; 0.943568564910; 1, 0, 1; 1, 0, 0; 3, 1, 2 ;
0,2; -1.183195, -2.357955, -3.485357 / -1.183195, -2.357955, -3.485357 / -1.183195, -2.357955, -3.485357; 1, 1, 1, 0; 0.943569458815; 1, 0, 1; 1, 0, 0; 3, 1, 2 ;
0,2; -1.195553, -2.360696, -3.486376 / -1.195553, -2.360696, -3.486376 / -1.195553, -2.360696, -3.486376; 1, 1, 1, 0; 0.943570309212; 1, 0, 1; 1, 0, 0; 2, 1, 2 ;
0,2; -1.491385, -2.267513, -3.521521 / -1.491385, -2.267513, -3.521521 / -1.491385, -2.267513, -3.521521; 1, 1, 1, 0; 0.945349774071; 1, 0, 1; 1, 0, 0; 3, 1, 2 ;
0,2; -1.257971, -2.335057, -3.490224 / -1.257971, -2.335057, -3.490224 / -1.257971, -2.335057, -3.490224; 1, 1, 1, 0; 0.945923700831; 1, 0, 1; 1, 0, 0; 2, 1, 2 ;
0,2; -1.245192, -2.347886, -3.484947 / -1.245192, -2.347886, -3.484947 / -1.245192, -2.347886, -3.484947; 1, 1, 1, 0; 0.945926101719; 1, 0, 1; 1, 0, 0; 2, 1, 2 ;
0,2; -1.268668, -2.342074, -3.488835 / -1.268668, -2.342074, -3.488835 / -1.268668, -2.342074, -3.488835; 1, 1, 1, 0; 0.945929368824; 1, 0, 1; 1, 0, 0; 3, 1, 2 ;
0,2; -1.266448, -2.340994, -3.488354 / -1.266448, -2.340994, -3.488354 / -1.266448, -2.340994, -3.488354; 1, 1, 1, 0; 0.945929440020; 1, 0, 1; 1, 0, 0; 3, 1, 2 ;
0,2; -1.602855, -2.233931, -3.517649 / -1.602855, -2.233931, -3.517649 / -1.602855, -2.233931, -3.517649; 1, 1, 1, 0; 0.947193018679; 1, 0, 1; 1, 0, 0; 3, 1, 2 ;
0,2; -1.775285, -2.216045, -3.541418 / -1.775285, -2.216045, -3.541418 / -1.775285, -2.216045, -3.541418; 1, 1, 1, 0; 0.947293733328; 1, 0, 1; 1, 0, 0; 3, 1, 2 ;
0,2; -1.777223, -2.213453, -3.544009 / -1.777223, -2.213453, -3.544009 / -1.777223, -2.213453, -3.544009; 1, 1, 1, 0; 0.947293796614; 1, 0, 1; 1, 0, 0; 2, 1, 2 ;
0,2; -1.773335, -2.212040, -3.541357 / -1.773335, -2.212040, -3.541357 / -1.773335, -2.212040, -3.541357; 1, 1, 1, 0; 0.947294219834; 1, 0, 1; 1, 0, 0; 3, 1, 2 ;
0,2; -1.752735, -2.214477, -3.537031 / -1.752735, -2.214477, -3.537031 / -1.752735, -2.214477, -3.537031; 1, 1, 1, 0; 0.947296070930; 1, 0, 1; 1, 0, 0; 1, 4, 0 / 3, 1, 2 ;
0,2; -1.748588, -2.212553, -3.539733 / -1.748588, -2.212553, -3.539733 / -1.748588, -2.212553, -3.539733; 1, 1, 1, 0; 0.947296161903; 1, 0, 1; 1, 0, 0; 2, 1, 2 ;
0,2; -1.755379, -2.217921, -3.541134 / -1.755379, -2.217921, -3.541134 / -1.755379, -2.217921, -3.541134; 1, 1, 1, 0; 0.947296446687; 1, 0, 1; 1, 0, 0; 3, 1, 2 ;
0,2; -1.772487, -2.218881, -3.538056 / -1.772487, -2.218881, -3.538056 / -1.772487, -2.218881, -3.538056; 1, 1, 1, 0; 0.947300591876; 1, 0, 1; 1, 0, 0; 3, 1, 2 ;
0,2; -1.772783, -2.214410, -3.538588 / -1.772783, -2.214410, -3.538588 / -1.772783, -2.214410, -3.538588; 1, 1, 1, 0; 0.947301046739; 1, 0, 1; 1, 0, 0; 2, 1, 2 ;
0,2; -1.773938, -2.210253, -3.536134 / -1.773938, -2.210253, -3.536134 / -1.773938, -2.210253, -3.536134; 1, 1, 1, 0; 0.947301509513; 0, 1, 0; 1, 0, 0; 2, 1, 1 / 2, 2, 0 / 2, 3, 0 / 2, 10, 0 ;
0,2; -1.765680, -2.212168, -3.535392 / -1.765680, -2.212168, -3.535392 / -1.765680, -2.212168, -3.535392; 1, 1, 1, 0; 0.947301802208; 0, 1, 0; 1, 0, 0; 3, 1, 1 ;
0,2; -1.755914, -2.214062, -3.533032 / -1.755843, -2.213327, -3.533013 / -1.755984, -2.214798, -3.533051; 1, 1, 1, 0; 0.947302972987; 1, 0, 1; 2, 0, 0; 3, 1, 2 / 3, 5, 2 / 4, 1, 0 / 4, 4, 0 / 4, 5, 0 / 4, 7, 0 ;
0,2; -1.751549, -2.215339, -3.534322 / -1.751549, -2.215339, -3.534322 / -1.751549, -2.215339, -3.534322; 1, 1, 1, 0; 0.947303408073; 1, 0, 1; 1, 0, 0; 2, 1, 2 ;
1,3; 3.22608, 1.28772, 0.967814 / 3.22608, 1.28772, 0.967814 / 3.22608, 1.28772, 0.967814; 1, 26, 1, 0; 0.273837135142; 1, 0, 1; 1, 0, 0; 2, 1, 2 ;
0,3; 3.577212, 1.607975, 1.926771 / 3.577585, 1.608192, 1.927119 / 3.576839, 1.607758, 1.926423; 1, 28, 1, 0; 0.590978008236; 2, 1, 2; 0, 3, 1; 1, 6, 1 / 1, 7, 2 / 1, 8, 0 / 4, 1, 2 / 4, 4, 0 / 4, 7, 0 ;
0,3; 3.573068, 1.600176, 1.904540 / 3.573534, 1.600792, 1.904963 / 3.572603, 1.599560, 1.904117; 1, 28, 1, 0; 0.590985918346; 2, 2, 2; 2, 2, 0; 1, 3, 1 / 1, 5, 1 / 2, 1, 2 / 2, 5, 2 / 3, 4, 0 ;
0,3; 3.578971, 1.608560, 1.928993 / 3.579667, 1.609070, 1.929393 / 3.578276, 1.608050, 1.928594; 1, 28, 1, 0; 0.590978127947; 2, 1, 2; 1, 2, 0; 1, 1, 2 / 1, 7, 2 / 2, 1, 1 ;
0,3; 3.576309, 1.607482, 1.925729 / 3.576839, 1.607758, 1.926423 / 3.575780, 1.607205, 1.925035; 1, 28, 1, 0; 0.590977952985; 0, 2, 0; 1, 2, 1; 1, 2, 1 / 2, 1, 1 / 2, 2, 0 / 4, 7, 2 / 4, 10, 0 ;
0,3; 3.573925, 1.596194, 1.896417 / 3.573925, 1.596194, 1.896417 / 3.573925, 1.596194, 1.896417; 1, 28, 1, 0; 0.590986443231; 1, 0, 1; 0, 1, 0; 4, 1, 2 ;
0,3; 3.576943, 1.606451, 1.920828 / 3.577509, 1.607043, 1.921760 / 3.576377, 1.605859, 1.919897; 1, 28, 1, 0; 0.590977731981; 2, 1, 3; 6, 0, 0; 1, 2, 0 / 1, 9, 0 / 2, 1, 2 / 2, 4, 2 / 2, 5, 2 / 2, 10, 3 / 3, 9, 3 / 3, 10, 1 ;
0,3; 3.579215, 1.601386, 1.920428 / 3.579729, 1.601828, 1.921038 / 3.578700, 1.600944, 1.919818; 1, 28, 1, 0; 0.590979205342; 1, 0, 2; 2, 0, 0; 3, 1, 2 / 3, 6, 2 ;
0,3; 3.576628, 1.606451, 1.921482 / 3.576879, 1.607043, 1.922457 / 3.576377, 1.605859, 1.920507; 1, 28, 1, 0; 0.590977759606; 0, 1, 0; 6, 0, 0; 1, 6, 0 / 1, 9, 0 / 2, 1, 2 / 2, 2, 2 / 2, 7, 3 / 3, 6, 3 / 3, 7, 1 / 3, 8, 0 / 3, 9, 1 / 4, 9, 0 ;
0,3; 3.574864, 1.600251, 1.921500 / 3.574864, 1.600251, 1.921500 / 3.574864, 1.600251, 1.921500; 1, 28, 1, 0; 0.590979417138; 1, 0, 1; 1, 0, 0; 3, 1, 2 ;
0,3; 3.568875, 1.600451, 1.902680 / 3.568875, 1.600451, 1.902680 / 3.568875, 1.600451, 1.902680; 1, 28, 1, 0; 0.590986093308; 0, 1, 0; 1, 0, 0; 2, 1, 1 ;
0,3; 3.571039, 1.596701, 1.897031 / 3.571039, 1.596701, 1.897031 / 3.571039, 1.596701, 1.897031; 1, 28, 1, 0; 0.590986341938; 1, 0, 1; 1, 0, 0; 2, 1, 2 ;
0,3; 3.575593, 1.598160, 1.897070 / 3.575593, 1.598160, 1.897070 / 3.575593, 1.598160, 1.897070; 1, 28, 1, 0; 0.590986618193; 1, 0, 1; 1, 0, 0; 2, 1, 2 ;
0,3; 3.577349, 1.601933, 1.898819 / 3.577349, 1.601933, 1.898819 / 3.577349, 1.601933, 1.898819; 1, 28, 1, 0; 0.590986931282; 1, 0, 1; 1, 0, 0; 3, 1, 2 ;
0,3; 3.571795, 1.604825, 1.904838 / 3.571795, 1.604825, 1.904838 / 3.571795, 1.604825, 1.904838; 1, 28, 1, 0; 0.590987539044; 0, 1, 0; 1, 0, 0; 2, 1, 1 ;
0,3; 3.663194, 1.635864, 2.284872 / 3.663771, 1.636627, 2.285955 / 3.662617, 1.635101, 2.283788; 1, 31, 1, 0; 0.606146192723; 2, 3, 4; 4, 3, 1; 1, 2, 1 / 2, 2, 1 / 2, 9, 0 / 2, 10, 2 / 3, 1, 2 / 3, 6, 1 / 4, 5, 2 / 4, 6, 2 ;
0,3; 3.667263, 1.636420, 2.304279 / 3.667805, 1.636688, 2.305046 / 3.666721, 1.636151, 2.303512; 1, 31, 1, 0; 0.606165051752; 2, 3, 3; 3, 3, 1; 1, 4, 0 / 1, 6, 2 / 2, 2, 2 / 2, 9, 0 / 3, 1, 1 / 3, 3, 0 / 3, 5, 2 / 4, 1, 1 / 4, 3, 1 / 4, 4, 0 / 4, 5, 0 ;
0,3; 3.667609, 1.637838, 2.307985 / 3.668034, 1.638357, 2.308203 / 3.667185, 1.637320, 2.307767; 1, 31, 1, 0; 0.606184197191; 2, 1, 2; 2, 1, 0; 1, 8, 0 / 2, 7, 0 / 3, 1, 2 / 3, 5, 1 / 3, 6, 0 / 4, 1, 2 / 4, 2, 0 ;
0,3; 3.664045, 1.637825, 2.288231 / 3.664111, 1.638159, 2.288713 / 3.663979, 1.637492, 2.287749; 1, 31, 1, 0; 0.606145036066; 1, 0, 2; 1, 1, 0; 2, 1, 2 / 4, 5, 2 ;
0,3; 3.666735, 1.637292, 2.295828 / 3.667415, 1.637551, 2.296024 / 3.666054, 1.637034, 2.295632; 1, 31, 1, 0; 0.606164478931; 1, 0, 2; 1, 1, 0; 3, 1, 2 / 4, 10, 2 ;
0,3; 3.665234, 1.638097, 2.297446 / 3.665290, 1.638272, 2.298486 / 3.665178, 1.637922, 2.296406; 1, 31, 1, 0; 0.606164622136; 2, 1, 1; 1, 1, 0; 2, 1, 2 / 4, 5, 0 / 4, 9, 1 ;
0,3; 3.664320, 1.635617, 2.296754 / 3.664455, 1.635782, 2.297094 / 3.664185, 1.635452, 2.296414; 1, 31, 1, 0; 0.606165944031; 1, 0, 2; 1, 1, 0; 3, 1, 2 / 4, 1, 2 ;
0,3; 3.668037, 1.636028, 2.316694 / 3.668600, 1.637036, 2.316756 / 3.667473, 1.635020, 2.316632; 1, 31, 1, 0; 0.606184836107; 1, 0, 2; 1, 1, 0; 1, 1, 2 / 1, 7, 0 / 2, 10, 2 / 3, 5, 0 / 4, 10, 0 ;
0,3; 3.667400, 1.632919, 2.283646 / 3.667400, 1.632919, 2.283646 / 3.667400, 1.632919, 2.283646; 1, 31, 1, 0; 0.606145972408; 1, 0, 1; 0, 1, 0; 4, 1, 2 ;
0,3; 3.665279, 1.634164, 2.292353 / 3.665279, 1.634164, 2.292353 / 3.665279, 1.634164, 2.292353; 1, 31, 1, 0; 0.606146622339; 0, 1, 0; 0, 1, 0; 1, 1, 1 ;
0,3; 3.669736, 1.639319, 2.295607 / 3.669736, 1.639319, 2.295607 / 3.669736, 1.639319, 2.295607; 1, 31, 1, 0; 0.606164236584; 1, 0, 1; 0, 1, 0; 1, 1, 2 / 1, 3, 0 ;
0,3; 3.664316, 1.639145, 2.309430 / 3.664316, 1.639145, 2.309430 / 3.664316, 1.639145, 2.309430; 1, 31, 1, 0; 0.606184428523; 1, 0, 1; 0, 1, 0; 1, 1, 2 / 1, 6, 0 ;
0,3; 3.667257, 1.636739, 2.329060 / 3.667257, 1.636739, 2.329060 / 3.667257, 1.636739, 2.329060; 1, 31, 1, 0; 0.606204598430; 1, 0, 1; 0, 1, 0; 4, 1, 2 ;
0,3; 3.662919, 1.635643, 2.286672 / 3.663512, 1.636164, 2.287389 / 3.662326, 1.635121, 2.285955; 1, 31, 1, 0; 0.606146291866; 2, 1, 1; 3, 0, 0; 1, 2, 0 / 2, 1, 2 / 2, 2, 0 / 2, 7, 2 / 3, 5, 1 ;
0,3; 3.662922, 1.634431, 2.302939 / 3.662977, 1.634566, 2.303375 / 3.662868, 1.634295, 2.302502; 1, 31, 1, 0; 0.606166241457; 1, 0, 2; 2, 0, 0; 2, 5, 2 / 3, 1, 2 ;
0,3; 3.667237, 1.638382, 2.282458 / 3.667237, 1.638382, 2.282458 / 3.667237, 1.638382, 2.282458; 1, 31, 1, 0; 0.606144672545; 0, 0, 0; 1, 0, 0; 2, 1, 3 ;
0,3; 3.667796, 1.636138, 2.291747 / 3.667796, 1.636138, 2.291747 / 3.667796, 1.636138, 2.291747; 1, 31, 1, 0; 0.606145344508; 1, 0, 1; 1, 0, 0; 3, 1, 2 ;
0,3; 3.662171, 1.634319, 2.290731 / 3.662171, 1.634319, 2.290731 / 3.662171, 1.634319, 2.290731; 1, 31, 1, 0; 0.606146501165; 0, 1, 0; 1, 0, 0; 1, 3, 0 / 3, 1, 1 ;
0,3; 3.658550, 1.630763, 2.294007 / 3.658550, 1.630763, 2.294007 / 3.658550, 1.630763, 2.294007; 1, 31, 1, 0; 0.606148539086; 1, 0, 1; 1, 0, 0; 3, 1, 2 ;
0,3; 3.667501, 1.637982, 2.295315 / 3.667586, 1.638414, 2.295632 / 3.667415, 1.637551, 2.294998; 1, 31, 1, 0; 0.606164390805; 1, 0, 1; 2, 0, 0; 2, 1, 2 / 2, 2, 0 / 3, 9, 2 ;
0,3; 3.666174, 1.637262, 2.303606 / 3.667203, 1.637882, 2.303905 / 3.665146, 1.636641, 2.303307; 1, 31, 1, 0; 0.606164952610; 0, 1, 0; 2, 1, 0; 1, 2, 0 / 2, 7, 0 / 3, 1, 1 / 3, 5, 0 / 3, 9, 0 / 3, 10, 1 / 4, 10, 1 ;
0,3; 3.665770, 1.633878, 2.295174 / 3.665770, 1.633878, 2.295174 / 3.665770, 1.633878, 2.295174; 1, 31, 1, 0; 0.606165833873; 1, 0, 1; 1, 0, 0; 2, 1, 2 ;
0,3; 3.666559, 1.638439, 2.321759 / 3.666559, 1.638439, 2.321759 / 3.666559, 1.638439, 2.321759; 1, 31, 1, 0; 0.606204113736; 1, 0, 1; 1, 0, 0; 2, 1, 2 ;
0,3; 3.671594, 1.632712, 2.324813 / 3.671594, 1.632712, 2.324813 / 3.671594, 1.632712, 2.324813; 1, 31, 1, 0; 0.606204994999; 1, 0, 1; 1, 0, 0; 3, 1, 2 ;
0,3; 3.667957, 1.634198, 2.320531 / 3.667957, 1.634198, 2.320531 / 3.667957, 1.634198, 2.320531; 1, 31, 1, 0; 0.606205281409; 1, 0, 1; 1, 0, 0; 3, 1, 2 ;
1,4; -1.159, 3.3545, -2.96276 / -1.15847, 3.35522, -2.96241 / -1.15954, 3.35379, -2.96312; 1, 2, 1, 0; 0.821433567014; 1, 0, 2; 1, 1, 0; 1, 7, 2 / 3, 1, 2 ;
0,4; -1.157512, 3.355363, -2.968064 / -1.157512, 3.355363, -2.968064 / -1.157512, 3.355363, -2.968064; 1, 2, 1, 0; 0.821433665898; 1, 0, 1; 1, 0, 0; 3, 1, 2 ;
0,4; -1.578815, 3.065991, -2.258987 / -1.578047, 3.066478, -2.258016 / -1.579582, 3.065504, -2.259957; 1, 6, 1, 0; 0.143416792377; 2, 2, 3; 3, 2, 1; 1, 2, 2 / 2, 1, 1 / 2, 6, 1 / 2, 8, 2 / 3, 2, 0 / 4, 2, 0 / 4, 3, 2 ;
0,4; -1.474149, 3.120670, -2.468132 / -1.473986, 3.121141, -2.467220 / -1.474312, 3.120200, -2.469043; 1, 6, 1, 0; 0.133486474724; 2, 1, 1; 0, 2, 1; 1, 8, 1 / 2, 2, 0 / 3, 6, 0 / 4, 1, 2 ;
0,4; -1.553551, 3.068879, -2.311755 / -1.553345, 3.068905, -2.311664 / -1.553757, 3.068853, -2.311847; 1, 6, 1, 0; 0.143378623428; 2, 2, 1; 1, 2, 0; 3, 2, 1 / 4, 1, 1 / 4, 2, 2 ;
0,4; -1.662631, 3.090200, -2.034756 / -1.662420, 3.090351, -2.034458 / -1.662843, 3.090049, -2.035053; 1, 6, 1, 0; 0.521732766386; 2, 1, 1; 0, 2, 0; 1, 5, 0 / 2, 2, 0 / 3, 1, 0 / 4, 1, 1 / 4, 2, 2 ;
0,4; -1.567289, 3.065896, -2.284995 / -1.566754, 3.066124, -2.283501 / -1.567824, 3.065667, -2.286488; 1, 6, 1, 0; 0.143398153893; 0, 5, 0; 4, 1, 0; 1, 1, 0 / 1, 8, 1 / 2, 1, 1 / 2, 7, 1 / 2, 8, 1 / 3, 5, 1 / 4, 4, 0 ;
0,4; -1.479565, 3.117634, -2.461412 / -1.478466, 3.117765, -2.461230 / -1.480663, 3.117502, -2.461594; 1, 6, 1, 0; 0.133486695269; 2, 2, 1; 2, 1, 0; 1, 2, 0 / 1, 9, 2 / 2, 1, 1 / 2, 2, 1 ;
0,4; -1.490950, 3.111295, -2.444021 / -1.490726, 3.111575, -2.443430 / -1.491174, 3.111015, -2.444611; 1, 6, 1, 0; 0.133499045776; 2, 1, 2; 2, 1, 0; 1, 5, 2 / 1, 8, 0 / 3, 1, 2 / 3, 10, 1 ;
0,4; -1.663817, 3.091308, -2.031435 / -1.663479, 3.091942, -2.030759 / -1.664154, 3.090674, -2.032111; 1, 6, 1, 0; 0.521733354506; 2, 2, 1; 2, 1, 0; 1, 1, 1 / 1, 8, 0 / 1, 9, 0 / 2, 2, 2 / 2, 8, 1 / 4, 4, 0 ;
0,4; -1.706092, 3.101755, -1.824010 / -1.705961, 3.101839, -1.823310 / -1.706224, 3.101672, -1.824710; 1, 6, 1, 0; 0.565862251654; 0, 3, 0; 2, 1, 0; 1, 1, 1 / 2, 1, 1 / 3, 1, 1 / 4, 1, 0 ;
0,4; -1.735825, 3.086705, -1.694324 / -1.735222, 3.086754, -1.693652 / -1.736428, 3.086656, -1.694997; 1, 6, 1, 0; 0.583983827697; 0, 3, 0; 2, 1, 0; 3, 1, 1 / 3, 10, 1 / 4, 10, 1 ;
0,4; -1.578760, 3.066130, -2.262378 / -1.578533, 3.066394, -2.261557 / -1.578987, 3.065865, -2.263199; 1, 6, 1, 0; 0.143416860991; 2, 1, 1; 1, 1, 0; 3, 9, 2 / 4, 1, 1 ;
0,4; -1.490817, 3.111885, -2.443403 / -1.490658, 3.112194, -2.443377 / -1.490976, 3.111575, -2.443430; 1, 6, 1, 0; 0.133499016370; 0, 1, 0; 1, 1, 0; 1, 1, 1 / 1, 4, 0 / 3, 7, 2 ;
0,4; -1.550850, 3.067743, -2.314554 / -1.550850, 3.067743, -2.314554 / -1.550850, 3.067743, -2.314554; 1, 6, 1, 0; 0.143378726349; 0, 1, 0; 0, 1, 0; 1, 4, 0 / 4, 1, 1 ;
0,4; -1.556100, 3.068293, -2.306917 / -1.556100, 3.068293, -2.306917 / -1.556100, 3.068293, -2.306917; 1, 6, 1, 0; 0.143387719675; 0, 1, 0; 0, 1, 0; 1, 1, 1 / 3, 6, 0 / 4, 6, 0 ;
0,4; -1.562337, 3.067941, -2.302819 / -1.562337, 3.067941, -2.302819 / -1.562337, 3.067941, -2.302819; 1, 6, 1, 0; 0.143388670468; 1, 0, 1; 0, 1, 0; 1, 1, 2 ;
0,4; -1.563248, 3.067463, -2.290914 / -1.563248, 3.067463, -2.290914 / -1.563248, 3.067463, -2.290914; 1, 6, 1, 0; 0.143397453051; 0, 1, 0; 0, 1, 0; 1, 1, 1 / 3, 3, 0 ;
0,4; -1.565685, 3.066450, -2.280071 / -1.565685, 3.066450, -2.280071 / -1.565685, 3.066450, -2.280071; 1, 6, 1, 0; 0.143406804149; 1, 0, 1; 0, 1, 0; 1, 1, 2 ;
0,4; -1.576830, 3.067080, -2.265539 / -1.576830, 3.067080, -2.265539 / -1.576830, 3.067080, -2.265539; 1, 6, 1, 0; 0.143416959011; 1, 0, 1; 0, 1, 0; 4, 1, 2 ;
0,4; -1.573126, 3.067564, -2.252160 / -1.573126, 3.067564, -2.252160 / -1.573126, 3.067564, -2.252160; 1, 6, 1, 0; 0.143425222089; 1, 0, 1; 0, 1, 0; 4, 1, 2 ;
0,4; -1.578379, 3.067595, -2.253285 / -1.578379, 3.067595, -2.253285 / -1.578379, 3.067595, -2.253285; 1, 6, 1, 0; 0.143425741594; 1, 0, 1; 0, 1, 0; 4, 1, 2 ;
0,4; -1.580821, 3.071313, -2.227099 / -1.580821, 3.071313, -2.227099 / -1.580821, 3.071313, -2.227099; 1, 6, 1, 0; 0.143443978196; 1, 0, 1; 0, 1, 0; 4, 1, 2 ;
0,4; -1.659219, 3.087469, -2.042378 / -1.659219, 3.087469, -2.042378 / -1.659219, 3.087469, -2.042378; 1, 6, 1, 0; 0.521732080247; 1, 0, 1; 0, 1, 0; 4, 1, 2 ;
0,4; -1.737450, 3.086567, -1.692549 / -1.737023, 3.086610, -1.692099 / -1.737876, 3.086525, -1.692999; 1, 6, 1, 0; 0.583983759083; 0, 3, 0; 3, 0, 0; 2, 1, 1 / 2, 10, 1 / 3, 6, 0 / 3, 7, 1 ;
0,4; -1.344247, 3.204153, -2.687586 / -1.344247, 3.204153, -2.687586 / -1.344247, 3.204153, -2.687586; 1, 6, 1, 0; 0.111614936664; 1, 0, 1; 1, 0, 0; 3, 1, 2 ;
0,4; -1.512616, 3.104049, -2.427616 / -1.512616, 3.104049, -2.427616 / -1.512616, 3.104049, -2.427616; 1, 6, 1, 0; 0.133354995731; 1, 0, 1; 1, 0, 0; 2, 1, 2 ;
0,4; -1.469819, 3.118619, -2.468375 / -1.469819, 3.118619, -2.468375 / -1.469819, 3.118619, -2.468375; 1, 6, 1, 0; 0.133477486299; 0, 1, 0; 1, 0, 0; 2, 1, 1 ;
0,4; -1.478134, 3.114277, -2.462969 / -1.478134, 3.114277, -2.462969 / -1.478134, 3.114277, -2.462969; 1, 6, 1, 0; 0.133486097347; 1, 0, 1; 1, 0, 0; 2, 1, 2 ;
0,4; -1.478105, 3.121026, -2.470860 / -1.478105, 3.121026, -2.470860 / -1.478105, 3.121026, -2.470860; 1, 6, 1, 0; 0.133486391407; 1, 0, 1; 1, 0, 0; 2, 10, 0 / 3, 1, 2 ;
0,4; -1.473411, 3.118749, -2.464378 / -1.473411, 3.118749, -2.464378 / -1.473411, 3.118749, -2.464378; 1, 6, 1, 0; 0.133486572744; 1, 0, 1; 1, 0, 0; 3, 1, 2 ;
0,4; -1.478144, 3.117952, -2.462030 / -1.477697, 3.118211, -2.461426 / -1.478591, 3.117694, -2.462634; 1, 6, 1, 0; 0.133486685467; 0, 1, 0; 3, 0, 0; 1, 4, 0 / 2, 3, 1 / 2, 4, 1 / 3, 1, 1 ;
0,4; -1.474915, 3.124437, -2.460974 / -1.474915, 3.124437, -2.460974 / -1.474915, 3.124437, -2.460974; 1, 6, 1, 0; 0.133487322596; 1, 0, 1; 1, 0, 0; 3, 1, 2 ;
0,4; -1.484074, 3.122274, -2.453791 / -1.484074, 3.122274, -2.453791 / -1.484074, 3.122274, -2.453791; 1, 6, 1, 0; 0.133488248884; 1, 0, 1; 1, 0, 0; 2, 1, 2 ;
0,4; -1.484790, 3.117840, -2.449605 / -1.484790, 3.117840, -2.449605 / -1.484790, 3.117840, -2.449605; 1, 6, 1, 0; 0.133489077152; 1, 0, 1; 1, 0, 0; 2, 1, 2 ;
0,4; -1.483480, 3.115268, -2.448632 / -1.483480, 3.115268, -2.448632 / -1.483480, 3.115268, -2.448632; 1, 6, 1, 0; 0.133489640767; 1, 0, 1; 1, 0, 0; 3, 1, 2 ;
0,4; -1.480044, 3.110421, -2.446249 / -1.480044, 3.110421, -2.446249 / -1.480044, 3.110421, -2.446249; 1, 6, 1, 0; 0.133490390619; 1, 0, 1; 1, 0, 0; 2, 1, 2 ;
0,4; -1.488329, 3.106816, -2.442425 / -1.488329, 3.106816, -2.442425 / -1.488329, 3.106816, -2.442425; 1, 6, 1, 0; 0.133490684679; 1, 0, 1; 1, 0, 0; 3, 1, 2 ;
0,4; -1.491962, 3.114419, -2.441514 / -1.491962, 3.114419, -2.441514 / -1.491962, 3.114419, -2.441514; 1, 6, 1, 0; 0.133498928152; 1, 0, 1; 1, 0, 0; 3, 1, 2 ;
0,4; -1.496817, 3.111044, -2.448605 / -1.496817, 3.111044, -2.448605 / -1.496817, 3.111044, -2.448605; 1, 6, 1, 0; 0.133499281024; 1, 0, 1; 1, 0, 0; 3, 1, 2 ;
0,4; -1.551140, 3.067094, -2.318830 / -1.551140, 3.067094, -2.318830 / -1.551140, 3.067094, -2.318830; 1, 6, 1, 0; 0.143378814567; 1, 0, 1; 1, 0, 0; 3, 1, 2 ;
0,4; -1.557278, 3.070027, -2.305002 / -1.557278, 3.070027, -2.305002 / -1.557278, 3.070027, -2.305002; 1, 6, 1, 0; 0.143387778487; 0, 1, 0; 1, 0, 0; 2, 1, 1 ;
0,4; -1.557837, 3.063904, -2.306574 / -1.557837, 3.063904, -2.306574 / -1.557837, 3.063904, -2.306574; 1, 6, 1, 0; 0.143388405814; 1, 0, 1; 1, 0, 0; 3, 1, 2 ;
0,4; -1.564122, 3.064204, -2.296150 / -1.564122, 3.064204, -2.296150 / -1.564122, 3.064204, -2.296150; 1, 6, 1, 0; 0.143388832201; 1, 0, 1; 1, 0, 0; 2, 1, 2 ;
0,4; -1.571759, 3.068567, -2.277175 / -1.571759, 3.068567, -2.277175 / -1.571759, 3.068567, -2.277175; 1, 6, 1, 0; 0.143407686328; 1, 0, 1; 1, 0, 0; 2, 1, 2 ;
0,4; -1.571607, 3.062825, -2.267065 / -1.571607, 3.062825, -2.267065 / -1.571607, 3.062825, -2.267065; 1, 6, 1, 0; 0.143416243466; 1, 0, 1; 1, 0, 0; 3, 1, 2 ;
0,4; -1.576243, 3.071560, -2.243877 / -1.576243, 3.071560, -2.243877 / -1.576243, 3.071560, -2.243877; 1, 6, 1, 0; 0.143426069961; 1, 0, 1; 1, 0, 0; 2, 1, 2 ;
0,4; -1.579490, 3.066070, -2.237656 / -1.579490, 3.066070, -2.237656 / -1.579490, 3.066070, -2.237656; 1, 6, 1, 0; 0.143434470266; 1, 0, 1; 1, 0, 0; 3, 1, 2 ;
0,4; -1.652621, 3.082866, -2.049167 / -1.652621, 3.082866, -2.049167 / -1.652621, 3.082866, -2.049167; 1, 6, 1, 0; 0.521722395881; 1, 0, 1; 1, 0, 0; 2, 1, 2 ;
0,4; -1.654843, 3.084279, -2.045976 / -1.654843, 3.084279, -2.045976 / -1.654843, 3.084279, -2.045976; 1, 6, 1, 0; 0.521722930089; 1, 0, 1; 1, 0, 0; 2, 1, 2 ;
0,4; -1.660454, 3.082914, -2.049497 / -1.660454, 3.082914, -2.049497 / -1.660454, 3.082914, -2.049497; 1, 6, 1, 0; 0.521731281385; 1, 0, 1; 1, 0, 0; 3, 1, 2 ;
0,4; -1.665906, 3.092164, -2.035733 / -1.665906, 3.092164, -2.035733 / -1.665906, 3.092164, -2.035733; 1, 6, 1, 0; 0.521732683069; 1, 0, 1; 1, 0, 0; 3, 1, 2 ;
0,4; -1.676256, 3.095124, -2.015577 / -1.676256, 3.095124, -2.015577 / -1.676256, 3.095124, -2.015577; 1, 6, 1, 0; 0.536901703684; 1, 0, 1; 1, 0, 0; 3, 1, 2 ;
0,4; -1.738247, 3.086483, -1.691716 / -1.737876, 3.086525, -1.691332 / -1.738618, 3.086440, -1.692099; 1, 6, 1, 0; 0.583983714974; 0, 1, 0; 2, 0, 0; 2, 1, 1 / 2, 10, 1 ;
1,5; 0.759295, 1.51653, 3.3386 / 0.759332, 1.51658, 3.33891 / 0.759259, 1.51648, 3.33828; 1, 42, 1, 0; 0.556847162592; 0, 2, 0; 1, 1, 0; 1, 2, 0 / 2, 2, 0 / 3, 1, 1 / 4, 1, 1 ;
0,5; 0.726933, 1.495633, 3.280151 / 0.726933, 1.495633, 3.280151 / 0.726933, 1.495633, 3.280151; 1, 42, 1, 0; 0.553920424912; 0, 1, 0; 0, 1, 0; 1, 6, 0 / 4, 1, 1 / 4, 10, 0 ;
0,5; 0.742328, 1.517740, 3.611217 / 0.743449, 1.517790, 3.611389 / 0.741207, 1.517690, 3.611045; 1, 45, 1, 0; 0.301523833267; 1, 0, 2; 0, 2, 0; 1, 1, 2 / 1, 6, 2 ;
0,5; 0.763503, 1.530583, 3.556017 / 0.763503, 1.530583, 3.556017 / 0.763503, 1.530583, 3.556017; 1, 45, 1, 0; 0.301391633511; 1, 0, 1; 0, 1, 0; 1, 1, 2 ;
0,5; 0.757895, 1.527268, 3.561987 / 0.757895, 1.527268, 3.561987 / 0.757895, 1.527268, 3.561987; 1, 45, 1, 0; 0.301392837639; 1, 0, 1; 0, 1, 0; 4, 1, 2 ;
0,5; 0.743806, 1.516297, 3.610683 / 0.743806, 1.516297, 3.610683 / 0.743806, 1.516297, 3.610683; 1, 45, 1, 0; 0.301523612793; 1, 0, 1; 0, 1, 0; 4, 1, 2 ;
0,5; 0.758415, 1.526773, 3.571502 / 0.758415, 1.526773, 3.571502 / 0.758415, 1.526773, 3.571502; 1, 45, 1, 0; 0.301423059572; 1, 0, 1; 1, 0, 0; 3, 1, 2 ;
0,5; 0.747776, 1.517384, 3.606593 / 0.747776, 1.517384, 3.606593 / 0.747776, 1.517384, 3.606593; 1, 45, 1, 0; 0.301491677945; 1, 0, 1; 1, 0, 0; 2, 1, 2 ;
0,5; 0.393094, 1.177772, 4.213936 / 0.394008, 1.178007, 4.214266 / 0.392180, 1.177536, 4.213606; 1, 46, 1, 0; 0.559236076614; 2, 1, 3; 1, 3, 1; 1, 5, 1 / 2, 5, 1 / 2, 8, 0 / 2, 10, 0 / 3, 10, 0 / 4, 1, 2 / 4, 9, 2 ;
0,5; 0.388315, 1.172906, 4.221496 / 0.389175, 1.173578, 4.222560 / 0.387456, 1.172235, 4.220432; 1, 46, 1, 0; 0.559246953420; 2, 3, 1; 2, 2, 1; 1, 1, 1 / 2, 3, 0 / 2, 8, 1 / 2, 10, 1 / 4, 5, 2 ;
0,5; 0.599171, 1.383352, 3.901905 / 0.599193, 1.383653, 3.902169 / 0.599149, 1.383050, 3.901641; 1, 46, 1, 0; 0.382740487377; 0, 2, 0; 0, 2, 1; 1, 1, 1 / 2, 3, 0 / 4, 6, 1 ;
0,5; 0.395458, 1.179532, 4.210994 / 0.396097, 1.179783, 4.211377 / 0.394818, 1.179281, 4.210612; 1, 46, 1, 0; 0.559235981813; 0, 2, 0; 0, 2, 0; 4, 1, 1 / 4, 3, 1 ;
0,5; 0.241061, 1.015996, 4.461190 / 0.241115, 1.016039, 4.461257 / 0.241007, 1.015953, 4.461123; 1, 46, 1, 0; 0.996559826224; 0, 2, 0; 0, 2, 0; 2, 10, 0 / 4, 1, 1 / 4, 2, 1 ;
0,5; 0.643016, 1.422462, 3.843814 / 0.643390, 1.423186, 3.844349 / 0.642642, 1.421738, 3.843278; 1, 46, 1, 0; 0.378287001048; 1, 0, 2; 1, 1, 0; 2, 1, 2 / 2, 5, 0 / 4, 7, 2 ;
0,5; 0.668821, 1.447745, 3.802434 / 0.669392, 1.448215, 3.803044 / 0.668249, 1.447275, 3.801824; 1, 46, 1, 0; 0.379075130225; 0, 2, 0; 1, 1, 0; 1, 9, 1 / 3, 1, 1 / 3, 2, 0 / 3, 3, 0 / 3, 4, 0 ;
0,5; 0.586193, 1.374561, 3.919280 / 0.586477, 1.374927, 3.919822 / 0.585909, 1.374196, 3.918739; 1, 46, 1, 0; 0.382749733610; 2, 1, 1; 1, 1, 0; 2, 1, 2 / 4, 4, 1 ;
0,5; 0.479460, 1.264939, 4.080626 / 0.479530, 1.265012, 4.080680 / 0.479391, 1.264866, 4.080572; 1, 46, 1, 0; 0.520690364326; 0, 1, 0; 1, 1, 0; 3, 2, 1 / 4, 1, 3 / 4, 2, 0 ;
0,5; 0.474770, 1.256519, 4.095191 / 0.474894, 1.256989, 4.096049 / 0.474646, 1.256049, 4.094332; 1, 46, 1, 0; 0.520711700814; 1, 0, 2; 1, 1, 0; 1, 6, 2 / 2, 1, 2 ;
0,5; 0.392765, 1.177431, 4.214480 / 0.393350, 1.178007, 4.215353 / 0.392180, 1.176855, 4.213606; 1, 46, 1, 0; 0.559236101894; 2, 1, 1; 2, 3, 1; 1, 1, 1 / 1, 10, 0 / 2, 1, 1 / 2, 4, 0 / 2, 6, 0 / 2, 9, 0 / 3, 6, 0 / 3, 7, 0 / 3, 9, 2 / 4, 5, 2 / 4, 7, 0 / 4, 8, 1 / 4, 10, 0 ;
0,5; 0.389658, 1.175771, 4.214433 / 0.390545, 1.175913, 4.215134 / 0.388771, 1.175630, 4.213731; 1, 46, 1, 0; 0.559236209335; 1, 0, 2; 1, 1, 0; 1, 8, 0 / 3, 9, 2 / 3, 10, 0 / 4, 1, 2 / 4, 2, 0 ;
0,5; 0.642907, 1.421794, 3.835869 / 0.642907, 1.421794, 3.835869 / 0.642907, 1.421794, 3.835869; 1, 46, 1, 0; 0.378275789279; 1, 0, 1; 0, 1, 0; 2, 9, 0 / 4, 1, 2 ;
0,5; 0.630874, 1.417545, 3.854569 / 0.630874, 1.417545, 3.854569 / 0.630874, 1.417545, 3.854569; 1, 46, 1, 0; 0.378294641988; 1, 0, 1; 0, 1, 0; 4, 1, 2 ;
0,5; 0.662240, 1.445702, 3.808948 / 0.662240, 1.445702, 3.808948 / 0.662240, 1.445702, 3.808948; 1, 46, 1, 0; 0.379086961358; 1, 0, 1; 0, 1, 0; 1, 1, 2 ;
0,5; 0.483783, 1.268067, 4.073265 / 0.483783, 1.268067, 4.073265 / 0.483783, 1.268067, 4.073265; 1, 46, 1, 0; 0.520691053211; 1, 0, 1; 0, 1, 0; 1, 1, 2 / 2, 8, 0 ;
0,5; 0.407169, 1.187946, 4.191966 / 0.407169, 1.187946, 4.191966 / 0.407169, 1.187946, 4.191966; 1, 46, 1, 0; 0.559218203513; 0, 1, 0; 0, 1, 0; 1, 1, 1 ;
0,5; 0.404346, 1.190861, 4.198921 / 0.404346, 1.190861, 4.198921 / 0.404346, 1.190861, 4.198921; 1, 46, 1, 0; 0.559228321913; 1, 0, 1; 0, 1, 0; 4, 1, 2 ;
0,5; 0.205325, 0.979116, 4.513283 / 0.205325, 0.979116, 4.513283 / 0.205325, 0.979116, 4.513283; 1, 46, 1, 0; 0.995394421671; 0, 1, 0; 0, 1, 0; 4, 1, 1 ;
0,5; 0.247275, 1.018689, 4.455204 / 0.247275, 1.018689, 4.455204 / 0.247275, 1.018689, 4.455204; 1, 46, 1, 0; 0.996559560782; 1, 0, 1; 0, 1, 0; 1, 1, 2 / 4, 2, 0 ;
0,5; 0.244889, 1.018136, 4.459140 / 0.244889, 1.018136, 4.459140 / 0.244889, 1.018136, 4.459140; 1, 46, 1, 0; 0.996559661903; 0, 1, 0; 0, 1, 0; 1, 1, 1 ;
0,5; 0.477176, 1.262979, 4.083660 / 0.477504, 1.263121, 4.083983 / 0.476847, 1.262836, 4.083337; 1, 46, 1, 0; 0.520701291692; 2, 2, 2; 4, 0, 0; 2, 1, 2 / 2, 3, 1 / 2, 4, 2 / 3, 3, 0 / 3, 4, 1 / 3, 9, 0 ;
0,5; 0.665674, 1.445699, 3.805838 / 0.666348, 1.445718, 3.805908 / 0.665001, 1.445681, 3.805769; 1, 46, 1, 0; 0.379075288226; 2, 1, 1; 2, 0, 0; 2, 5, 2 / 3, 1, 1 ;
0,5; 0.585577, 1.366900, 3.922401 / 0.586038, 1.367022, 3.922619 / 0.585115, 1.366778, 3.922183; 1, 46, 1, 0; 0.382760357614; 1, 0, 2; 2, 0, 0; 2, 4, 2 / 3, 1, 2 ;
0,5; 0.473447, 1.264444, 4.086538 / 0.474010, 1.264557, 4.087344 / 0.472883, 1.264332, 4.085731; 1, 46, 1, 0; 0.520701146331; 0, 2, 0; 2, 0, 0; 3, 1, 1 / 3, 5, 1 ;
0,5; 0.404585, 1.190462, 4.192502 / 0.404597, 1.191108, 4.192657 / 0.404572, 1.189815, 4.192346; 1, 46, 1, 0; 0.559217154385; 1, 0, 2; 2, 0, 0; 1, 6, 0 / 2, 1, 2 / 2, 5, 2 ;
0,5; 0.389247, 1.173448, 4.220009 / 0.389641, 1.174204, 4.220809 / 0.388853, 1.172692, 4.219209; 1, 46, 1, 0; 0.559246997660; 2, 1, 1; 4, 0, 0; 2, 1, 1 / 2, 3, 1 / 2, 4, 1 / 2, 5, 0 / 3, 7, 0 / 3, 8, 0 / 3, 9, 2 ;
0,5; 0.391689, 1.175237, 4.218459 / 0.392077, 1.175785, 4.218490 / 0.391300, 1.174690, 4.218427; 1, 46, 1, 0; 0.559247092461; 2, 1, 1; 2, 0, 0; 2, 6, 2 / 3, 1, 1 / 3, 6, 0 / 3, 7, 0 / 4, 4, 0 ;
0,5; 0.223618, 0.992066, 4.497333 / 0.223923, 0.992589, 4.497826 / 0.223312, 0.991544, 4.496840; 1, 46, 1, 0; 0.995387608657; 2, 1, 1; 2, 0, 0; 2, 1, 1 / 3, 4, 0 / 3, 6, 0 / 3, 9, 2 ;
0,5; 0.244428, 1.018073, 4.453332 / 0.244700, 1.018364, 4.453737 / 0.244156, 1.017781, 4.452928; 1, 46, 1, 0; 0.996559478621; 2, 1, 1; 2, 0, 0; 3, 1, 2 / 3, 3, 1 / 3, 5, 0 ;
0,5; 0.644241, 1.427547, 3.840434 / 0.644241, 1.427547, 3.840434 / 0.644241, 1.427547, 3.840434; 1, 46, 1, 0; 0.378286722966; 1, 0, 1; 1, 0, 0; 3, 1, 2 ;
0,5; 0.644637, 1.426402, 3.840210 / 0.644637, 1.426402, 3.840210 / 0.644637, 1.426402, 3.840210; 1, 46, 1, 0; 0.378286786166; 1, 0, 1; 1, 0, 0; 3, 1, 2 ;
0,5; 0.631640, 1.410439, 3.849374 / 0.631640, 1.410439, 3.849374 / 0.631640, 1.410439, 3.849374; 1, 46, 1, 0; 0.378292670133; 1, 0, 1; 1, 0, 0; 2, 1, 2 ;
0,5; 0.626364, 1.408149, 3.857037 / 0.626364, 1.408149, 3.857037 / 0.626364, 1.408149, 3.857037; 1, 46, 1, 0; 0.378292973495; 1, 0, 1; 1, 0, 0; 2, 1, 2 ;
0,5; 0.636554, 1.406602, 3.858530 / 0.636554, 1.406602, 3.858530 / 0.636554, 1.406602, 3.858530; 1, 46, 1, 0; 0.378302832773; 1, 0, 1; 1, 0, 0; 3, 1, 2 ;
0,5; 0.636261, 1.409059, 3.861122 / 0.636261, 1.409059, 3.861122 / 0.636261, 1.409059, 3.861122; 1, 46, 1, 0; 0.378302921253; 1, 0, 1; 1, 0, 0; 2, 1, 2 ;
0,5; 0.682207, 1.456812, 3.792379 / 0.682207, 1.456812, 3.792379 / 0.682207, 1.456812, 3.792379; 1, 46, 1, 0; 0.379070150025; 1, 0, 1; 1, 0, 0; 3, 1, 2 ;
0,5; 0.678635, 1.443343, 3.795091 / 0.678635, 1.443343, 3.795091 / 0.678635, 1.443343, 3.795091; 1, 46, 1, 0; 0.379073050928; 1, 0, 1; 1, 0, 0; 2, 1, 2 ;
0,5; 0.660075, 1.444803, 3.812963 / 0.660075, 1.444803, 3.812963 / 0.660075, 1.444803, 3.812963; 1, 46, 1, 0; 0.379086853917; 1, 0, 1; 1, 0, 0; 2, 1, 2 ;
0,5; 0.590490, 1.376638, 3.907578 / 0.590490, 1.376638, 3.907578 / 0.590490, 1.376638, 3.907578; 1, 46, 1, 0; 0.382739103286; 0, 1, 0; 1, 0, 0; 3, 1, 1 ;
0,5; 0.599663, 1.383302, 3.909032 / 0.599663, 1.383302, 3.909032 / 0.599663, 1.383302, 3.909032; 1, 46, 1, 0; 0.382740291455; 1, 0, 1; 1, 0, 0; 3, 1, 2 ;
0,5; 0.589951, 1.374328, 3.911317 / 0.589951, 1.374328, 3.911317 / 0.589951, 1.374328, 3.911317; 1, 46, 1, 0; 0.382750055932; 1, 0, 1; 1, 0, 0; 3, 1, 2 / 4, 1, 0 ;
0,5; 0.592472, 1.380102, 3.912786 / 0.592472, 1.380102, 3.912786 / 0.592472, 1.380102, 3.912786; 1, 46, 1, 0; 0.382750947059; 1, 0, 1; 1, 0, 0; 3, 1, 2 ;
0,5; 0.585703, 1.367423, 3.934738 / 0.585703, 1.367423, 3.934738 / 0.585703, 1.367423, 3.934738; 1, 46, 1, 0; 0.382771727383; 1, 0, 1; 1, 0, 0; 3, 1, 2 ;
0,5; 0.478183, 1.265057, 4.079906 / 0.479530, 1.265101, 4.080572 / 0.476836, 1.265012, 4.079239; 1, 46, 1, 0; 0.520690370646; 1, 0, 1; 2, 0, 0; 2, 10, 2 / 3, 1, 1 / 4, 1, 0 ;
0,5; 0.482258, 1.268529, 4.072351 / 0.482258, 1.268529, 4.072351 / 0.482258, 1.268529, 4.072351; 1, 46, 1, 0; 0.520690958410; 1, 0, 1; 1, 0, 0; 3, 1, 2 ;
0,5; 0.482269, 1.268037, 4.084059 / 0.482269, 1.268037, 4.084059 / 0.482269, 1.268037, 4.084059; 1, 46, 1, 0; 0.520702302900; 1, 0, 1; 1, 0, 0; 3, 1, 2 ;
0,5; 0.480033, 1.251958, 4.093994 / 0.480033, 1.251958, 4.093994 / 0.480033, 1.251958, 4.093994; 1, 46, 1, 0; 0.520710841287; 1, 0, 1; 1, 0, 0; 3, 1, 2 ;
0,5; 0.472941, 1.252076, 4.096673 / 0.472941, 1.252076, 4.096673 / 0.472941, 1.252076, 4.096673; 1, 46, 1, 0; 0.520711492252; 1, 0, 1; 1, 0, 0; 2, 1, 2 ;
0,5; 0.473479, 1.253613, 4.095944 / 0.473479, 1.253613, 4.095944 / 0.473479, 1.253613, 4.095944; 1, 46, 1, 0; 0.520711580733; 1, 0, 1; 1, 0, 0; 3, 1, 2 ;
0,5; 0.476639, 1.258440, 4.096107 / 0.476639, 1.258440, 4.096107 / 0.476639, 1.258440, 4.096107; 1, 46, 1, 0; 0.520711858815; 1, 0, 1; 1, 0, 0; 2, 1, 2 ;
0,5; 0.409919, 1.194245, 4.186175 / 0.409919, 1.194245, 4.186175 / 0.409919, 1.194245, 4.186175; 1, 46, 1, 0; 0.559217805350; 1, 0, 1; 1, 0, 0; 2, 1, 2 / 2, 2, 0 ;
0,5; 0.394110, 1.184637, 4.204405 / 0.394110, 1.184637, 4.204405 / 0.394110, 1.184637, 4.204405; 1, 46, 1, 0; 0.559225876054; 1, 0, 1; 1, 0, 0; 2, 1, 2 ;
0,5; 0.410198, 1.184421, 4.202286 / 0.410198, 1.184421, 4.202286 / 0.410198, 1.184421, 4.202286; 1, 46, 1, 0; 0.559230255848; 1, 0, 1; 1, 0, 0; 3, 1, 2 ;
0,5; 0.394449, 1.174941, 4.215544 / 0.394449, 1.174941, 4.215544 / 0.394449, 1.174941, 4.215544; 1, 46, 1, 0; 0.559235368769; 1, 0, 1; 1, 0, 0; 2, 1, 2 ;
0,5; 0.390271, 1.172844, 4.214676 / 0.390271, 1.172844, 4.214676 / 0.390271, 1.172844, 4.214676; 1, 46, 1, 0; 0.559235488850; 1, 0, 1; 1, 0, 0; 2, 1, 2 / 3, 10, 0 ;
0,5; 0.388104, 1.175506, 4.213267 / 0.388771, 1.175913, 4.213731 / 0.387437, 1.175099, 4.212803; 1, 46, 1, 0; 0.559236259896; 1, 0, 1; 2, 0, 0; 2, 8, 2 / 3, 1, 2 / 3, 2, 0 ;
0,5; 0.391345, 1.183240, 4.208344 / 0.391345, 1.183240, 4.208344 / 0.391345, 1.183240, 4.208344; 1, 46, 1, 0; 0.559236866620; 1, 0, 1; 1, 0, 0; 2, 1, 2 ;
0,5; 0.396221, 1.174955, 4.219315 / 0.396221, 1.174955, 4.219315 / 0.396221, 1.174955, 4.219315; 1, 46, 1, 0; 0.559246441496; 1, 0, 1; 1, 0, 0; 2, 1, 2 ;
0,5; 0.388587, 1.179566, 4.219526 / 0.388587, 1.179566, 4.219526 / 0.388587, 1.179566, 4.219526; 1, 46, 1, 0; 0.559247983588; 1, 0, 1; 1, 0, 0; 3, 1, 2 ;
0,5; 0.392469, 1.183526, 4.220778 / 0.392469, 1.183526, 4.220778 / 0.392469, 1.183526, 4.220778; 1, 46, 1, 0; 0.559248255350; 1, 0, 1; 1, 0, 0; 2, 1, 2 ;
0,5; 0.222041, 0.991360, 4.485964 / 0.222041, 0.991360, 4.485964 / 0.222041, 0.991360, 4.485964; 1, 46, 1, 0; 0.995376377929; 1, 0, 1; 1, 0, 0; 2, 1, 0 / 3, 1, 2 ;
0,5; 0.225074, 0.990973, 4.493505 / 0.225074, 0.990973, 4.493505 / 0.225074, 0.990973, 4.493505; 1, 46, 1, 0; 0.995376618091; 1, 0, 1; 1, 0, 0; 2, 1, 2 ;
0,5; 0.216798, 0.993031, 4.496112 / 0.216798, 0.993031, 4.496112 / 0.216798, 0.993031, 4.496112; 1, 46, 1, 0; 0.995386578489; 1, 0, 1; 1, 0, 0; 1, 4, 0 / 3, 1, 2 ;
0,5; 0.209010, 0.990054, 4.506510 / 0.209010, 0.990054, 4.506510 / 0.209010, 0.990054, 4.506510; 1, 46, 1, 0; 0.995396020644; 1, 0, 1; 1, 0, 0; 2, 3, 0 / 3, 1, 2 ;
0,5; 0.247113, 1.016002, 4.459062 / 0.247113, 1.016002, 4.459062 / 0.247113, 1.016002, 4.459062; 1, 46, 1, 0; 0.996558897177; 1, 0, 1; 1, 0, 0; 2, 1, 2 / 2, 6, 0 / 3, 9, 0 / 4, 4, 0 ;
0,5; 0.241071, 1.012993, 4.460392 / 0.241071, 1.012993, 4.460392 / 0.241071, 1.012993, 4.460392; 1, 46, 1, 0; 0.996559118378; 1, 0, 1; 1, 0, 0; 3, 1, 2 ;
0,5; 0.241016, 1.014976, 4.465244 / 0.241016, 1.014976, 4.465244 / 0.241016, 1.014976, 4.465244; 1, 46, 1, 0; 0.996570696710; 1, 0, 1; 1, 0, 0; 2, 1, 2 / 2, 2, 0 / 4, 2, 0 / 4, 3, 0 ;
0,5; 0.246341, 1.019438, 4.470083 / 0.246341, 1.019438, 4.470083 / 0.246341, 1.019438, 4.470083; 1, 46, 1, 0; 0.996570949512; 1, 0, 1; 1, 0, 0; 2, 1, 2 ;
0,5; 0.239489, 1.020583, 4.465673 / 0.239489, 1.020583, 4.465673 / 0.239489, 1.020583, 4.465673; 1, 46, 1, 0; 0.996571644717; 1, 0, 1; 1, 0, 0; 2, 1, 2 ;
1,6; -3.27375, 1.35187, 0.214982 / -3.27375, 1.35187, 0.214982 / -3.27375, 1.35187, 0.214982; 1, 14, 1, 0; 0.759373885169; 1, 0, 1; 0, 1, 0; 1, 1, 2 ;
0,6; -3.146838, 1.323507, 0.174275 / -3.146383, 1.323556, 0.174581 / -3.147293, 1.323457, 0.173969; 1, 14, 1, 0; 0.759093086295; 2, 1, 2; 4, 0, 0; 1, 1, 0 / 2, 1, 1 / 2, 2, 3 / 2, 4, 2 / 3, 2, 2 ;
0,6; -3.137647, 1.320490, 0.170910 / -3.137647, 1.320490, 0.170910 / -3.137647, 1.320490, 0.170910; 1, 14, 1, 0; 0.759092513877; 0, 1, 0; 1, 0, 0; 3, 1, 1 ;
0,6; -3.154791, 1.325717, 0.176742 / -3.154791, 1.325717, 0.176742 / -3.154791, 1.325717, 0.176742; 1, 14, 1, 0; 0.759094945116; 0, 1, 0; 1, 0, 0; 1, 3, 0 / 2, 1, 1 ;
0,6; -3.288122, 1.364038, 0.224144 / -3.288122, 1.364038, 0.224144 / -3.288122, 1.364038, 0.224144; 1, 14, 1, 0; 0.759386989240; 1, 0, 1; 1, 0, 0; 3, 1, 2 ;
0,6; -3.899418, 1.173385, 0.401354 / -3.898355, 1.173917, 0.402205 / -3.900480, 1.172853, 0.400503; 1, 17, 1, 0; 0.830092544546; 2, 6, 2; 4, 4, 1; 1, 1, 1 / 1, 2, 1 / 1, 7, 0 / 1, 10, 1 / 2, 1, 2 / 2, 2, 1 / 3, 7, 1 / 3, 9, 2 / 4, 7, 1 ;
0,6; -3.952894, 1.153475, 0.420473 / -3.952088, 1.154213, 0.420922 / -3.953700, 1.152738, 0.420023; 1, 17, 1, 0; 0.829590109053; 1, 0, 4; 1, 3, 1; 1, 5, 2 / 1, 7, 2 / 3, 5, 2 / 4, 1, 2 ;
0,6; -3.889027, 1.176379, 0.397933 / -3.888423, 1.176756, 0.398287 / -3.889630, 1.176002, 0.397579; 1, 17, 1, 0; 0.830081287715; 2, 2, 1; 1, 2, 1; 1, 1, 3 / 3, 5, 2 / 4, 5, 1 / 4, 7, 0 ;
0,6; -3.624289, 1.272099, 0.326667 / -3.623932, 1.272488, 0.326857 / -3.624645, 1.271710, 0.326477; 1, 17, 1, 0; 0.923666142185; 2, 1, 1; 0, 2, 1; 1, 5, 2 / 3, 1, 0 / 4, 1, 1 ;
0,6; -3.629590, 1.271516, 0.327474 / -3.629004, 1.272721, 0.327825 / -3.630176, 1.270312, 0.327124; 1, 17, 1, 0; 0.923678870634; 2, 1, 1; 1, 2, 0; 1, 1, 2 / 1, 9, 0 / 1, 10, 3 / 2, 9, 1 ;
0,6; -3.903731, 1.168750, 0.400964 / -3.903514, 1.169264, 0.401524 / -3.903948, 1.168237, 0.400404; 1, 17, 1, 0; 0.830092781679; 2, 2, 1; 2, 1, 0; 2, 5, 2 / 3, 1, 1 / 4, 5, 1 ;
0,6; -3.967327, 1.153721, 0.424533 / -3.966937, 1.154462, 0.425140 / -3.967716, 1.152980, 0.423927; 1, 17, 1, 0; 0.829600110476; 1, 0, 2; 1, 1, 0; 1, 10, 2 / 2, 1, 2 / 2, 10, 0 ;
0,6; -3.641491, 1.266394, 0.329308 / -3.641377, 1.266901, 0.329554 / -3.641605, 1.265888, 0.329062; 1, 17, 1, 0; 0.923691564211; 1, 0, 2; 1, 1, 0; 2, 4, 2 / 3, 7, 0 / 4, 1, 2 / 4, 7, 0 ;
0,6; -3.957908, 1.148714, 0.425631 / -3.957908, 1.148714, 0.425631 / -3.957908, 1.148714, 0.425631; 1, 17, 1, 0; 0.829603067661; 1, 0, 1; 0, 1, 0; 1, 1, 2 ;
0,6; -3.880823, 1.178489, 0.391632 / -3.880823, 1.178489, 0.391632 / -3.880823, 1.178489, 0.391632; 1, 17, 1, 0; 0.830069821648; 0, 1, 0; 0, 1, 0; 4, 1, 1 ;
0,6; -3.872960, 1.181968, 0.391069 / -3.872960, 1.181968, 0.391069 / -3.872960, 1.181968, 0.391069; 1, 17, 1, 0; 0.830070526072; 1, 0, 1; 0, 1, 0; 1, 1, 2 / 1, 10, 0 / 3, 10, 0 ;
0,6; -3.888578, 1.178101, 0.396562 / -3.888578, 1.178101, 0.396562 / -3.888578, 1.178101, 0.396562; 1, 17, 1, 0; 0.830082138603; 1, 0, 1; 0, 1, 0; 4, 1, 2 ;
0,6; -3.891797, 1.177686, 0.394085 / -3.891797, 1.177686, 0.394085 / -3.891797, 1.177686, 0.394085; 1, 17, 1, 0; 0.830082264144; 0, 0, 0; 0, 1, 0; 4, 1, 3 ;
0,6; -3.629031, 1.270557, 0.327569 / -3.628283, 1.270803, 0.327825 / -3.629779, 1.270312, 0.327313; 1, 17, 1, 0; 0.923678926430; 0, 1, 0; 1, 2, 0; 1, 1, 0 / 1, 2, 3 / 1, 3, 1 / 2, 1, 1 / 2, 9, 0 / 4, 4, 0 ;
0,6; -3.637292, 1.269050, 0.330116 / -3.636764, 1.269989, 0.330688 / -3.637819, 1.268110, 0.329545; 1, 17, 1, 0; 0.923679407670; 2, 1, 2; 3, 0, 0; 2, 1, 1 / 2, 9, 2 / 3, 1, 2 ;
0,6; -3.978002, 1.149954, 0.429696 / -3.977297, 1.150403, 0.430267 / -3.978708, 1.149506, 0.429125; 1, 17, 1, 0; 0.829598401725; 1, 0, 2; 2, 0, 0; 2, 1, 2 / 2, 9, 2 / 3, 4, 0 / 4, 4, 0 ;
0,6; -3.879128, 1.179042, 0.394310 / -3.879001, 1.179840, 0.394674 / -3.879256, 1.178243, 0.393946; 1, 17, 1, 0; 0.830069717031; 2, 1, 1; 2, 0, 0; 1, 1, 0 / 2, 1, 1 / 2, 4, 2 / 3, 1, 0 / 3, 9, 0 ;
0,6; -3.637454, 1.270451, 0.327543 / -3.637226, 1.270831, 0.327720 / -3.637682, 1.270071, 0.327365; 1, 17, 1, 0; 0.923678619553; 1, 0, 2; 2, 0, 0; 2, 1, 2 / 3, 3, 2 ;
0,6; -3.649469, 1.262337, 0.333782 / -3.649105, 1.262612, 0.333994 / -3.649833, 1.262063, 0.333569; 1, 17, 1, 0; 0.923692993982; 1, 0, 2; 2, 0, 0; 2, 5, 2 / 3, 1, 2 ;
0,6; -3.658717, 1.259688, 0.335361 / -3.658476, 1.259717, 0.335572 / -3.658958, 1.259659, 0.335150; 1, 17, 1, 0; 0.923706266442; 1, 0, 2; 2, 0, 0; 2, 1, 2 / 3, 3, 2 ;
0,6; -3.662005, 1.259105, 0.335589 / -3.661054, 1.259448, 0.336150 / -3.662956, 1.258762, 0.335029; 1, 17, 1, 0; 0.923706336187; 1, 0, 2; 2, 0, 0; 2, 1, 2 / 3, 9, 2 ;
0,6; -3.950734, 1.153538, 0.415663 / -3.950734, 1.153538, 0.415663 / -3.950734, 1.153538, 0.415663; 1, 17, 1, 0; 0.829590283415; 1, 0, 1; 1, 0, 0; 3, 1, 2 / 3, 5, 0 / 3, 6, 0 ;
0,6; -3.951092, 1.150306, 0.421046 / -3.951092, 1.150306, 0.421046 / -3.951092, 1.150306, 0.421046; 1, 17, 1, 0; 0.829590966916; 1, 0, 1; 1, 0, 0; 3, 1, 2 ;
0,6; -3.967577, 1.152548, 0.425150 / -3.966937, 1.152980, 0.425160 / -3.968218, 1.152116, 0.425140; 1, 17, 1, 0; 0.829600173246; 1, 0, 1; 1, 1, 0; 1, 1, 2 / 2, 1, 0 / 2, 7, 0 / 3, 2, 2 ;
0,6; -3.967816, 1.152238, 0.427947 / -3.967816, 1.152238, 0.427947 / -3.967816, 1.152238, 0.427947; 1, 17, 1, 0; 0.829600263915; 1, 0, 1; 1, 0, 0; 2, 1, 2 ;
0,6; -3.958636, 1.151372, 0.425588 / -3.958636, 1.151372, 0.425588 / -3.958636, 1.151372, 0.425588; 1, 17, 1, 0; 0.829602209798; 1, 0, 1; 1, 0, 0; 3, 1, 2 ;
0,6; -3.959092, 1.150140, 0.430656 / -3.959092, 1.150140, 0.430656 / -3.959092, 1.150140, 0.430656; 1, 17, 1, 0; 0.829602370212; 1, 0, 1; 1, 0, 0; 3, 1, 2 ;
0,6; -3.840751, 1.189858, 0.387633 / -3.840751, 1.189858, 0.387633 / -3.840751, 1.189858, 0.387633; 1, 17, 1, 0; 0.830033749571; 1, 0, 1; 1, 0, 0; 2, 1, 2 ;
0,6; -3.853232, 1.192141, 0.389361 / -3.853232, 1.192141, 0.389361 / -3.853232, 1.192141, 0.389361; 1, 17, 1, 0; 0.830047112699; 1, 0, 1; 1, 0, 0; 2, 1, 2 / 4, 1, 0 ;
0,6; -3.858605, 1.176485, 0.392293 / -3.858605, 1.176485, 0.392293 / -3.858605, 1.176485, 0.392293; 1, 17, 1, 0; 0.830056918836; 1, 0, 1; 1, 0, 0; 3, 1, 2 ;
0,6; -3.869582, 1.184801, 0.392981 / -3.869582, 1.184801, 0.392981 / -3.869582, 1.184801, 0.392981; 1, 17, 1, 0; 0.830058502046; 1, 0, 1; 1, 0, 0; 1, 7, 0 / 2, 1, 2 ;
0,6; -3.868508, 1.188173, 0.388801 / -3.868508, 1.188173, 0.388801 / -3.868508, 1.188173, 0.388801; 1, 17, 1, 0; 0.830058683383; 1, 0, 1; 1, 0, 0; 3, 1, 2 ;
0,6; -3.876729, 1.183994, 0.395122 / -3.876729, 1.183994, 0.395122 / -3.876729, 1.183994, 0.395122; 1, 17, 1, 0; 0.830070825975; 1, 0, 1; 1, 0, 0; 2, 1, 2 ;
0,6; -3.878615, 1.189303, 0.399893 / -3.878615, 1.189303, 0.399893 / -3.878615, 1.189303, 0.399893; 1, 17, 1, 0; 0.830072904374; 1, 0, 1; 1, 0, 0; 3, 1, 2 ;
0,6; -3.883373, 1.172978, 0.405817 / -3.883373, 1.172978, 0.405817 / -3.883373, 1.172978, 0.405817; 1, 17, 1, 0; 0.830079111673; 1, 0, 1; 1, 0, 0; 2, 1, 2 ;
0,6; -3.886501, 1.174182, 0.402340 / -3.886501, 1.174182, 0.402340 / -3.886501, 1.174182, 0.402340; 1, 17, 1, 0; 0.830080053229; 1, 0, 1; 1, 0, 0; 3, 1, 2 ;
0,6; -3.890493, 1.171130, 0.400971 / -3.890493, 1.171130, 0.400971 / -3.890493, 1.171130, 0.400971; 1, 17, 1, 0; 0.830080206668; 1, 0, 1; 1, 0, 0; 2, 1, 2 ;
0,6; -3.885509, 1.175246, 0.396197 / -3.885509, 1.175246, 0.396197 / -3.885509, 1.175246, 0.396197; 1, 17, 1, 0; 0.830081190072; 1, 0, 1; 1, 0, 0; 2, 3, 0 / 3, 1, 2 ;
0,6; -3.888174, 1.183344, 0.393878 / -3.888174, 1.183344, 0.393878 / -3.888174, 1.183344, 0.393878; 1, 17, 1, 0; 0.830083296369; 1, 0, 1; 1, 0, 0; 3, 1, 2 ;
0,6; -3.899982, 1.179002, 0.410699 / -3.899982, 1.179002, 0.410699 / -3.899982, 1.179002, 0.410699; 1, 17, 1, 0; 0.830089719876; 1, 0, 1; 1, 0, 0; 3, 1, 2 ;
0,6; -3.904300, 1.170733, 0.404443 / -3.904300, 1.170733, 0.404443 / -3.904300, 1.170733, 0.404443; 1, 17, 1, 0; 0.830091895918; 1, 0, 1; 1, 0, 0; 1, 1, 0 / 2, 1, 2 ;
0,6; -3.904222, 1.168236, 0.404432 / -3.904222, 1.168236, 0.404432 / -3.904222, 1.168236, 0.404432; 1, 17, 1, 0; 0.830091965663; 1, 0, 1; 1, 0, 0; 2, 1, 2 ;
0,6; -3.894414, 1.167532, 0.403219 / -3.894414, 1.167532, 0.403219 / -3.894414, 1.167532, 0.403219; 1, 17, 1, 0; 0.830092307413; 1, 0, 1; 1, 0, 0; 2, 1, 2 ;
0,6; -3.903976, 1.170252, 0.400952 / -3.903936, 1.171240, 0.401500 / -3.904016, 1.169264, 0.400404; 1, 17, 1, 0; 0.830092725883; 1, 0, 1; 2, 0, 0; 2, 1, 2 / 3, 9, 1 ;
0,6; -3.610471, 1.272117, 0.331242 / -3.610471, 1.272117, 0.331242 / -3.610471, 1.272117, 0.331242; 1, 17, 1, 0; 0.923654522680; 1, 0, 1; 1, 0, 0; 3, 1, 2 ;
0,6; -3.621497, 1.273324, 0.327189 / -3.621497, 1.273324, 0.327189 / -3.621497, 1.273324, 0.327189; 1, 17, 1, 0; 0.923666239828; 1, 0, 1; 1, 0, 0; 2, 1, 2 ;
0,6; -3.617102, 1.269324, 0.333959 / -3.617102, 1.269324, 0.333959 / -3.617102, 1.269324, 0.333959; 1, 17, 1, 0; 0.923667460364; 1, 0, 1; 1, 0, 0; 3, 1, 2 ;
0,6; -3.647681, 1.265232, 0.326362 / -3.647681, 1.265232, 0.326362 / -3.647681, 1.265232, 0.326362; 1, 17, 1, 0; 0.923690950456; 1, 0, 1; 1, 0, 0; 2, 4, 0 / 3, 1, 2 ;
0,6; -3.647073, 1.264348, 0.329121 / -3.647073, 1.264348, 0.329121 / -3.647073, 1.264348, 0.329121; 1, 17, 1, 0; 0.923691766472; 1, 0, 1; 1, 0, 0; 2, 1, 2 ;
0,6; -3.643370, 1.265363, 0.335809 / -3.643370, 1.265363, 0.335809 / -3.643370, 1.265363, 0.335809; 1, 17, 1, 0; 0.923692728952; 1, 0, 1; 1, 0, 0; 2, 1, 2 ;
0,6; -3.645649, 1.262126, 0.334363 / -3.645649, 1.262126, 0.334363 / -3.645649, 1.262126, 0.334363; 1, 17, 1, 0; 0.923692903314; 1, 0, 1; 1, 0, 0; 2, 1, 2 ;
0,6; -3.664083, 1.265132, 0.341389 / -3.664083, 1.265132, 0.341389 / -3.664083, 1.265132, 0.341389; 1, 17, 1, 0; 0.923705785202; 1, 0, 1; 1, 0, 0; 2, 1, 2 ;
0,6; -3.664116, 1.254658, 0.336722 / -3.664116, 1.254658, 0.336722 / -3.664116, 1.254658, 0.336722; 1, 17, 1, 0; 0.923707605545; 1, 0, 1; 1, 0, 0; 3, 1, 2 ;
0,6; -4.107238, 1.132496, 0.477759 / -4.106962, 1.132546, 0.477892 / -4.107514, 1.132447, 0.477625; 1, 24, 1, 0; 0.017226311301; 1, 0, 2; 0, 2, 1; 1, 6, 2 / 4, 1, 2 / 4, 10, 0 ;
0,6; -4.110451, 1.132565, 0.478511 / -4.109940, 1.132599, 0.478776 / -4.110961, 1.132532, 0.478247; 1, 24, 1, 0; 0.017226459099; 2, 1, 1; 0, 2, 1; 1, 5, 0 / 1, 7, 1 / 1, 8, 0 / 2, 9, 0 / 3, 1, 0 / 3, 5, 0 / 4, 1, 2 ;
0,6; -4.120844, 1.131356, 0.480917 / -4.120221, 1.132209, 0.481764 / -4.121467, 1.130502, 0.480071; 1, 24, 1, 0; 0.017228461762; 2, 3, 2; 5, 1, 0; 2, 6, 1 / 2, 9, 1 / 3, 1, 2 / 3, 7, 3 / 3, 9, 1 / 4, 4, 2 / 4, 6, 0 ;
0,6; -4.114851, 1.132735, 0.479624 / -4.114211, 1.133187, 0.479836 / -4.115491, 1.132283, 0.479412; 1, 24, 1, 0; 0.017227464126; 0, 3, 0; 3, 1, 0; 1, 1, 0 / 2, 1, 1 / 3, 1, 3 / 3, 5, 1 / 3, 7, 0 / 4, 1, 1 / 4, 7, 0 ;
0,6; -4.119540, 1.128977, 0.480426 / -4.119540, 1.128977, 0.480426 / -4.119540, 1.128977, 0.480426; 1, 24, 1, 0; 0.017228373084; 1, 0, 1; 0, 1, 0; 4, 1, 2 ;
0,6; -4.121818, 1.134361, 0.480648 / -4.121718, 1.135049, 0.480815 / -4.121919, 1.133673, 0.480480; 1, 24, 1, 0; 0.017228624340; 1, 0, 2; 2, 0, 0; 1, 9, 0 / 2, 1, 2 / 2, 10, 2 / 4, 5, 0 ;
0,6; -4.099136, 1.136305, 0.470225 / -4.099136, 1.136305, 0.470225 / -4.099136, 1.136305, 0.470225; 1, 24, 1, 0; 0.017211753195; 1, 0, 1; 1, 0, 0; 2, 1, 2 ;
0,6; -4.112667, 1.132566, 0.476447 / -4.112667, 1.132566, 0.476447 / -4.112667, 1.132566, 0.476447; 1, 24, 1, 0; 0.017213741079; 1, 0, 1; 1, 0, 0; 2, 1, 2 ;
0,6; -4.106463, 1.132351, 0.478463 / -4.105964, 1.132546, 0.479301 / -4.106962, 1.132157, 0.477625; 1, 24, 1, 0; 0.017226259572; 1, 0, 1; 1, 1, 0; 3, 1, 2 / 4, 8, 2 ;
0,6; -4.114026, 1.130107, 0.480170 / -4.114026, 1.130107, 0.480170 / -4.114026, 1.130107, 0.480170; 1, 24, 1, 0; 0.017227390227; 1, 0, 1; 1, 0, 0; 2, 5, 0 / 3, 1, 2 / 4, 10, 0 ;
0,6; -4.120869, 1.131813, 0.481133 / -4.120221, 1.132209, 0.482195 / -4.121516, 1.131418, 0.480071; 1, 24, 1, 0; 0.017228483932; 0, 1, 0; 5, 1, 0; 2, 3, 1 / 2, 6, 1 / 2, 8, 0 / 2, 10, 0 / 3, 4, 3 / 3, 6, 1 / 3, 10, 1 / 4, 1, 2 / 4, 3, 0 / 4, 8, 0 ;
0,6; -4.120452, 1.138150, 0.483330 / -4.120452, 1.138150, 0.483330 / -4.120452, 1.138150, 0.483330; 1, 24, 1, 0; 0.017228905157; 1, 0, 1; 1, 0, 0; 2, 1, 2 ;
0,6; -4.128898, 1.135001, 0.486245 / -4.128898, 1.135001, 0.486245 / -4.128898, 1.135001, 0.486245; 1, 24, 1, 0; 0.017229444619; 1, 0, 1; 1, 0, 0; 1, 3, 0 / 1, 7, 0 / 1, 8, 0 / 2, 1, 2 / 3, 3, 0 ;
0,6; -4.127675, 1.137098, 0.483064 / -4.127675, 1.137098, 0.483064 / -4.127675, 1.137098, 0.483064; 1, 24, 1, 0; 0.017229570248; 1, 0, 1; 1, 0, 0; 3, 1, 2 ;
0,6; -4.130587, 1.138381, 0.484803 / -4.130587, 1.138381, 0.484803 / -4.130587, 1.138381, 0.484803; 1, 24, 1, 0; 0.017230427476; 1, 0, 1; 1, 0, 0; 1, 1, 0 / 3, 1, 2 ;
1,7; -3.74107, 0.611297, -1.35945 / -3.74019, 0.61184, -1.35915 / -3.74196, 0.610754, -1.35976; 1, 10, 1, 0; 0.029761715523; 2, 2, 2; 1, 3, 1; 1, 5, 1 / 3, 1, 1 / 4, 1, 0 / 4, 2, 2 / 4, 10, 2 ;
0,7; -3.574578, 0.553036, -1.251128 / -3.573789, 0.553481, -1.251016 / -3.575367, 0.552592, -1.251241; 1, 10, 1, 0; 0.031852618420; 2, 1, 2; 1, 2, 1; 1, 7, 2 / 2, 3, 2 / 3, 1, 0 / 4, 1, 1 ;
0,7; -3.717145, 0.600488, -1.342826 / -3.716323, 0.601004, -1.342107 / -3.717967, 0.599972, -1.343544; 1, 10, 1, 0; 0.029774778428; 2, 3, 4; 5, 2, 0; 1, 6, 2 / 1, 7, 1 / 2, 1, 2 / 2, 6, 1 / 2, 7, 0 / 3, 1, 2 / 3, 5, 2 / 3, 6, 1 / 4, 4, 0 / 4, 8, 0 ;
0,7; -3.571993, 0.552177, -1.249873 / -3.571053, 0.552566, -1.249202 / -3.572934, 0.551789, -1.250544; 1, 10, 1, 0; 0.031852548132; 0, 4, 0; 3, 1, 0; 1, 4, 0 / 1, 6, 1 / 2, 1, 1 / 2, 9, 0 / 2, 10, 1 / 3, 5, 0 / 3, 6, 0 / 3, 7, 1 / 3, 8, 0 / 4, 3, 0 ;
0,7; -3.388043, 0.499808, -1.123076 / -3.387730, 0.499826, -1.122834 / -3.388357, 0.499790, -1.123319; 1, 10, 1, 0; 0.243339562003; 0, 1, 0; 2, 1, 0; 2, 1, 1 / 2, 2, 3 / 4, 4, 0 / 4, 6, 3 ;
0,7; -3.743478, 0.610607, -1.357144 / -3.742903, 0.610973, -1.357046 / -3.744053, 0.610241, -1.357241; 1, 10, 1, 0; 0.029761591166; 2, 1, 1; 1, 1, 0; 1, 8, 1 / 2, 1, 2 / 4, 9, 0 ;
0,7; -3.722185, 0.603259, -1.348188 / -3.721321, 0.603324, -1.347929 / -3.723049, 0.603194, -1.348447; 1, 10, 1, 0; 0.029764532482; 1, 0, 2; 1, 1, 0; 1, 1, 2 / 1, 3, 0 / 2, 3, 0 / 2, 5, 2 / 4, 7, 0 / 4, 8, 0 ;
0,7; -3.569918, 0.549155, -1.250562 / -3.569320, 0.549669, -1.249975 / -3.570515, 0.548642, -1.251149; 1, 10, 1, 0; 0.031842507645; 1, 0, 2; 1, 1, 0; 1, 7, 2 / 2, 1, 2 ;
0,7; -3.840385, 0.654321, -1.428527 / -3.840385, 0.654321, -1.428527 / -3.840385, 0.654321, -1.428527; 1, 10, 1, 0; 0.021191368318; 1, 0, 1; 0, 1, 0; 1, 1, 2 ;
0,7; -3.721987, 0.605971, -1.347196 / -3.721987, 0.605971, -1.347196 / -3.721987, 0.605971, -1.347196; 1, 10, 1, 0; 0.029763926917; 1, 0, 1; 0, 1, 0; 4, 1, 2 ;
0,7; -3.718836, 0.599287, -1.341449 / -3.718836, 0.599287, -1.341449 / -3.718836, 0.599287, -1.341449; 1, 10, 1, 0; 0.029774897378; 1, 0, 1; 0, 1, 0; 1, 1, 2 ;
0,7; -3.587757, 0.558719, -1.252451 / -3.587757, 0.558719, -1.252451 / -3.587757, 0.558719, -1.252451; 1, 10, 1, 0; 0.031855894960; 1, 0, 1; 0, 1, 0; 4, 1, 2 ;
0,7; -3.592363, 0.558424, -1.259230 / -3.592363, 0.558424, -1.259230 / -3.592363, 0.558424, -1.259230; 1, 10, 1, 0; 0.031856749240; 0, 1, 0; 0, 1, 0; 1, 1, 1 ;
0,7; -2.993472, 0.416844, -1.071692 / -2.993472, 0.416844, -1.071692 / -2.993472, 0.416844, -1.071692; 1, 10, 1, 0; 0.242338643923; 1, 0, 1; 0, 1, 0; 1, 1, 2 ;
0,7; -3.376795, 0.501034, -1.110328 / -3.376795, 0.501034, -1.110328 / -3.376795, 0.501034, -1.110328; 1, 10, 1, 0; 0.243350759552; 1, 0, 1; 0, 1, 0; 1, 4, 0 / 4, 1, 2 ;
0,7; -3.593416, 0.559025, -1.263092 / -3.592588, 0.559358, -1.262495 / -3.594245, 0.558692, -1.263689; 1, 10, 1, 0; 0.031857333178; 0, 3, 0; 5, 0, 0; 2, 1, 1 / 2, 2, 3 / 2, 4, 3 / 2, 5, 0 / 3, 5, 0 / 3, 6, 0 / 3, 8, 0 / 3, 9, 1 / 3, 10, 1 ;
0,7; -3.590887, 0.558412, -1.261722 / -3.589658, 0.558672, -1.261673 / -3.592116, 0.558152, -1.261771; 1, 10, 1, 0; 0.031857398060; 1, 0, 2; 2, 0, 0; 2, 1, 0 / 2, 10, 2 / 3, 1, 2 ;
0,7; -3.061669, 0.446736, -1.067270 / -3.061334, 0.446737, -1.067218 / -3.062004, 0.446734, -1.067322; 1, 10, 1, 0; 0.241139662787; 2, 1, 1; 2, 0, 0; 3, 1, 1 / 3, 2, 0 / 3, 3, 2 ;
0,7; -3.389268, 0.499796, -1.124006 / -3.389059, 0.499814, -1.123821 / -3.389477, 0.499779, -1.124190; 1, 10, 1, 0; 0.243339502528; 2, 1, 1; 2, 0, 0; 1, 5, 0 / 2, 4, 0 / 2, 5, 2 / 3, 1, 1 / 3, 7, 0 / 3, 8, 0 / 4, 4, 0 / 4, 10, 0 ;
0,7; -3.744329, 0.611449, -1.368309 / -3.744329, 0.611449, -1.368309 / -3.744329, 0.611449, -1.368309; 1, 10, 1, 0; 0.029751853462; 1, 0, 1; 1, 0, 0; 3, 1, 2 ;
0,7; -3.743870, 0.610570, -1.353100 / -3.743870, 0.610570, -1.353100 / -3.743870, 0.610570, -1.353100; 1, 10, 1, 0; 0.029761493843; 1, 0, 1; 1, 0, 0; 3, 1, 2 ;
0,7; -3.740018, 0.610824, -1.359330 / -3.739845, 0.610984, -1.359216 / -3.740191, 0.610665, -1.359445; 1, 10, 1, 0; 0.029761764184; 0, 1, 0; 1, 1, 0; 2, 6, 1 / 4, 1, 2 ;
0,7; -3.731347, 0.614466, -1.349545 / -3.731347, 0.614466, -1.349545 / -3.731347, 0.614466, -1.349545; 1, 10, 1, 0; 0.029762396784; 1, 0, 1; 1, 0, 0; 2, 1, 2 ;
0,7; -3.729444, 0.607838, -1.355714 / -3.729444, 0.607838, -1.355714 / -3.729444, 0.607838, -1.355714; 1, 10, 1, 0; 0.029762802296; 1, 0, 1; 1, 0, 0; 2, 9, 0 / 3, 1, 2 ;
0,7; -3.716639, 0.605093, -1.347483 / -3.716639, 0.605093, -1.347483 / -3.716639, 0.605093, -1.347483; 1, 10, 1, 0; 0.029764678467; 1, 0, 1; 1, 0, 0; 3, 1, 2 ;
0,7; -3.724740, 0.594816, -1.347059 / -3.724740, 0.594816, -1.347059 / -3.724740, 0.594816, -1.347059; 1, 10, 1, 0; 0.029766132904; 1, 0, 1; 1, 0, 0; 3, 1, 2 ;
0,7; -3.591570, 0.554530, -1.259641 / -3.591570, 0.554530, -1.259641 / -3.591570, 0.554530, -1.259641; 1, 10, 1, 0; 0.031847330539; 1, 0, 1; 1, 0, 0; 1, 1, 0 / 3, 1, 2 ;
0,7; -3.573827, 0.552164, -1.258709 / -3.573827, 0.552164, -1.258709 / -3.573827, 0.552164, -1.258709; 1, 10, 1, 0; 0.031851039626; 1, 0, 1; 1, 0, 0; 2, 1, 2 ;
0,7; -3.572732, 0.553362, -1.253876 / -3.572732, 0.553362, -1.253876 / -3.572732, 0.553362, -1.253876; 1, 10, 1, 0; 0.031851980414; 1, 0, 1; 1, 0, 0; 3, 1, 2 ;
0,7; -3.570847, 0.552177, -1.249726 / -3.570169, 0.552566, -1.248908 / -3.571525, 0.551789, -1.250544; 1, 10, 1, 0; 0.031852526504; 1, 0, 1; 2, 1, 0; 1, 2, 0 / 1, 8, 0 / 1, 10, 1 / 2, 5, 1 / 3, 1, 2 / 3, 9, 0 / 3, 10, 0 / 4, 7, 0 ;
0,7; -3.575398, 0.557138, -1.250480 / -3.575398, 0.557138, -1.250480 / -3.575398, 0.557138, -1.250480; 1, 10, 1, 0; 0.031852721150; 1, 0, 1; 1, 0, 0; 2, 1, 2 ;
0,7; -3.569098, 0.555032, -1.245132 / -3.569098, 0.555032, -1.245132 / -3.569098, 0.555032, -1.245132; 1, 10, 1, 0; 0.031853126663; 1, 0, 1; 1, 0, 0; 2, 1, 2 ;
0,7; -3.575673, 0.552934, -1.244574 / -3.575673, 0.552934, -1.244574 / -3.575673, 0.552934, -1.244574; 1, 10, 1, 0; 0.031853402411; 1, 0, 1; 1, 0, 0; 2, 1, 2 ;
0,7; -3.578413, 0.555080, -1.247162 / -3.578413, 0.555080, -1.247162 / -3.578413, 0.555080, -1.247162; 1, 10, 1, 0; 0.031853586243; 1, 0, 1; 1, 0, 0; 3, 1, 2 ;
0,7; -3.589785, 0.559820, -1.257889 / -3.589785, 0.559820, -1.257889 / -3.589785, 0.559820, -1.257889; 1, 10, 1, 0; 0.031856835749; 1, 0, 1; 1, 0, 0; 2, 1, 2 ;
0,7; -3.594910, 0.560070, -1.263668 / -3.594124, 0.560789, -1.263545 / -3.595696, 0.559351, -1.263792; 1, 10, 1, 0; 0.031857289923; 1, 0, 1; 3, 0, 0; 2, 8, 0 / 2, 9, 1 / 2, 10, 3 / 3, 1, 2 / 3, 8, 0 / 4, 3, 0 / 4, 4, 0 ;
0,7; -3.593182, 0.561029, -1.267594 / -3.593182, 0.561029, -1.267594 / -3.593182, 0.561029, -1.267594; 1, 10, 1, 0; 0.031858014438; 1, 0, 1; 1, 0, 0; 3, 1, 2 ;
0,7; -3.059613, 0.446091, -1.064720 / -3.059613, 0.446091, -1.064720 / -3.059613, 0.446091, -1.064720; 1, 10, 1, 0; 0.241140338641; 1, 0, 1; 1, 0, 0; 2, 1, 2 ;
0,7; -2.994562, 0.409110, -1.068235 / -2.994562, 0.409110, -1.068235 / -2.994562, 0.409110, -1.068235; 1, 10, 1, 0; 0.242339006181; 0, 1, 0; 1, 0, 0; 3, 1, 1 ;
0,7; -3.397886, 0.496108, -1.131266 / -3.397886, 0.496108, -1.131266 / -3.397886, 0.496108, -1.131266; 1, 10, 1, 0; 0.243328742933; 1, 0, 1; 1, 0, 0; 2, 1, 2 ;
0,7; -3.394513, 0.497055, -1.128636 / -3.394513, 0.497055, -1.128636 / -3.394513, 0.497055, -1.128636; 1, 10, 1, 0; 0.243329310651; 1, 0, 1; 1, 0, 0; 2, 1, 2 / 3, 8, 0 ;
0,7; -3.397429, 0.499016, -1.131704 / -3.397429, 0.499016, -1.131704 / -3.397429, 0.499016, -1.131704; 1, 10, 1, 0; 0.243329413380; 1, 0, 1; 1, 0, 0; 2, 1, 2 / 3, 1, 0 / 3, 7, 0 ;
0,7; -3.397227, 0.499334, -1.134209 / -3.397227, 0.499334, -1.134209 / -3.397227, 0.499334, -1.134209; 1, 10, 1, 0; 0.243329489076; 1, 0, 1; 1, 0, 0; 2, 1, 2 ;
0,7; -3.387638, 0.499808, -1.122770 / -3.387147, 0.499827, -1.122393 / -3.388130, 0.499790, -1.123148; 1, 10, 1, 0; 0.243339567410; 0, 1, 0; 2, 1, 0; 2, 1, 3 / 2, 10, 1 / 4, 3, 0 / 4, 5, 3 / 4, 10, 0 ;
0,7; -3.383912, 0.502911, -1.122396 / -3.383912, 0.502911, -1.122396 / -3.383912, 0.502911, -1.122396; 1, 10, 1, 0; 0.243340216230; 1, 0, 1; 1, 0, 0; 2, 1, 2 ;
0,7; -3.381594, 0.500788, -1.114407 / -3.381594, 0.500788, -1.114407 / -3.381594, 0.500788, -1.114407; 1, 10, 1, 0; 0.243340605522; 1, 0, 1; 1, 0, 0; 3, 1, 2 ;
0,7; -3.376463, 0.498881, -1.109673 / -3.376463, 0.498881, -1.109673 / -3.376463, 0.498881, -1.109673; 1, 10, 1, 0; 0.243350829841; 1, 0, 1; 1, 0, 0; 2, 1, 2 ;
0,7; -3.105178, 0.453133, -1.060711 / -3.105178, 0.453133, -1.060711 / -3.105178, 0.453133, -1.060711; 1, 10, 1, 0; 0.244858600539; 1, 0, 1; 1, 0, 0; 2, 1, 2 ;
1,8; -1.66745, -2.92536, -0.472815 / -1.66702, -2.92509, -0.472627 / -1.66788, -2.92563, -0.473002; 1, 9, 1, 0; 0.928979579478; 0, 2, 0; 0, 2, 1; 1, 5, 1 / 4, 1, 1 ;
0,8; -1.865593, -3.119612, -0.379755 / -1.865363, -3.119480, -0.379368 / -1.865823, -3.119744, -0.380142; 1, 9, 1, 0; 0.905942102565; 2, 2, 1; 1, 2, 0; 1, 1, 1 / 1, 2, 1 / 3, 4, 2 ;
0,8; -1.729601, -2.978853, -0.459021 / -1.729187, -2.978245, -0.458871 / -1.730014, -2.979461, -0.459171; 1, 9, 1, 0; 0.930787510435; 2, 1, 1; 1, 1, 0; 2, 1, 2 / 4, 8, 1 / 4, 9, 0 ;
0,8; -1.873688, -3.126129, -0.373023 / -1.873688, -3.126129, -0.373023 / -1.873688, -3.126129, -0.373023; 1, 9, 1, 0; 0.905953062213; 1, 0, 1; 0, 1, 0; 4, 1, 2 ;
0,8; -1.663644, -2.922884, -0.474558 / -1.663644, -2.922884, -0.474558 / -1.663644, -2.922884, -0.474558; 1, 9, 1, 0; 0.928978817115; 0, 1, 0; 0, 1, 0; 1, 1, 1 ;
0,8; -1.791428, -3.039395, -0.437112 / -1.791428, -3.039395, -0.437112 / -1.791428, -3.039395, -0.437112; 1, 9, 1, 0; 0.929715546587; 1, 0, 1; 0, 1, 0; 1, 1, 2 ;
0,8; -1.752241, -2.995093, -0.456323 / -1.752241, -2.995093, -0.456323 / -1.752241, -2.995093, -0.456323; 1, 9, 1, 0; 0.930403528066; 0, 1, 0; 0, 1, 0; 1, 6, 0 / 4, 1, 1 ;
0,8; -1.858210, -3.105888, -0.384643 / -1.858210, -3.105888, -0.384643 / -1.858210, -3.105888, -0.384643; 1, 9, 1, 0; 0.905940648128; 1, 0, 1; 1, 0, 0; 3, 1, 2 ;
0,8; -1.873559, -3.128651, -0.379138 / -1.873559, -3.128651, -0.379138 / -1.873559, -3.128651, -0.379138; 1, 9, 1, 0; 0.905943200152; 1, 0, 1; 1, 0, 0; 2, 1, 2 ;
0,8; -1.873664, -3.129311, -0.367818 / -1.873664, -3.129311, -0.367818 / -1.873664, -3.129311, -0.367818; 1, 9, 1, 0; 0.905952927042; 1, 0, 1; 1, 0, 0; 2, 1, 2 ;
0,8; -1.748271, -2.990975, -0.458426 / -1.748271, -2.990975, -0.458426 / -1.748271, -2.990975, -0.458426; 1, 9, 1, 0; 0.930403003603; 1, 0, 1; 1, 0, 0; 3, 1, 2 ;
0,8; -1.755417, -2.997160, -0.459056 / -1.755417, -2.997160, -0.459056 / -1.755417, -2.997160, -0.459056; 1, 9, 1, 0; 0.930403425336; 1, 0, 1; 1, 0, 0; 3, 1, 2 ;
0,8; -1.756330, -3.004120, -0.458415 / -1.756330, -3.004120, -0.458415 / -1.756330, -3.004120, -0.458415; 1, 9, 1, 0; 0.930405009538; 1, 0, 1; 1, 0, 0; 2, 1, 2 ;
0,8; -2.040842, -3.354161, -0.254335 / -2.040115, -3.353940, -0.254001 / -2.041570, -3.354381, -0.254668; 1, 10, 1, 0; 0.959423345185; 2, 1, 2; 2, 2, 0; 2, 2, 0 / 2, 3, 0 / 3, 1, 2 / 3, 2, 0 / 3, 6, 3 / 4, 1, 1 / 4, 2, 2 ;
0,8; -2.030268, -3.340998, -0.260483 / -2.029480, -3.340742, -0.259979 / -2.031057, -3.341253, -0.260987; 1, 10, 1, 0; 0.959416813732; 2, 1, 2; 2, 1, 0; 1, 1, 1 / 3, 5, 2 / 3, 8, 2 / 4, 3, 0 ;
0,8; -2.032459, -3.345240, -0.260112 / -2.032459, -3.345240, -0.260112 / -2.032459, -3.345240, -0.260112; 1, 10, 1, 0; 0.959416240608; 1, 0, 1; 0, 1, 0; 4, 1, 2 ;
0,8; -2.049208, -3.359175, -0.245435 / -2.049208, -3.359175, -0.245435 / -2.049208, -3.359175, -0.245435; 1, 10, 1, 0; 0.959432098846; 1, 0, 1; 0, 1, 0; 1, 1, 2 ;
0,8; -2.029655, -3.339635, -0.264374 / -2.029230, -3.339577, -0.263781 / -2.030079, -3.339692, -0.264967; 1, 10, 1, 0; 0.959416732630; 1, 0, 2; 2, 0, 0; 3, 1, 2 / 3, 5, 2 / 4, 4, 0 ;
0,8; -2.021986, -3.335297, -0.266610 / -2.021986, -3.335297, -0.266610 / -2.021986, -3.335297, -0.266610; 1, 10, 1, 0; 0.959407551830; 1, 0, 1; 1, 0, 0; 2, 1, 2 ;
0,8; -2.032051, -3.352846, -0.258821 / -2.032051, -3.352846, -0.258821 / -2.032051, -3.352846, -0.258821; 1, 10, 1, 0; 0.959414656407; 1, 0, 1; 1, 0, 0; 1, 9, 0 / 3, 1, 2 ;
0,8; -2.047340, -3.359373, -0.251168 / -2.047340, -3.359373, -0.251168 / -2.047340, -3.359373, -0.251168; 1, 10, 1, 0; 0.959422918045; 1, 0, 1; 1, 0, 0; 1, 1, 0 / 2, 1, 2 ;
0,8; -2.046255, -3.355381, -0.254392 / -2.046255, -3.355381, -0.254392 / -2.046255, -3.355381, -0.254392; 1, 10, 1, 0; 0.959423480356; 1, 0, 1; 1, 0, 0; 2, 1, 2 / 4, 4, 0 ;
0,8; -2.045792, -3.352716, -0.258069 / -2.045792, -3.352716, -0.258069 / -2.045792, -3.352716, -0.258069; 1, 10, 1, 0; 0.959424377890; 1, 0, 1; 1, 0, 0; 2, 1, 2 ;
0,8; -2.056067, -3.363646, -0.252003 / -2.056067, -3.363646, -0.252003 / -2.056067, -3.363646, -0.252003; 1, 10, 1, 0; 0.959432753072; 1, 0, 1; 1, 0, 0; 2, 1, 2 ;
0,8; -2.051937, -3.361476, -0.252581 / -2.051937, -3.361476, -0.252581 / -2.051937, -3.361476, -0.252581; 1, 10, 1, 0; 0.959432861209; 1, 0, 1; 1, 0, 0; 2, 1, 2 ;
0,8; -2.441713, -3.701478, 0.070129 / -2.441544, -3.701033, 0.070149 / -2.441883, -3.701923, 0.070110; 1, 18, 1, 0; 0.077373468750; 1, 0, 2; 1, 1, 0; 1, 1, 2 / 1, 2, 0 / 2, 2, 2 ;
0,8; -2.443892, -3.704242, 0.070303 / -2.443124, -3.703760, 0.070482 / -2.444660, -3.704724, 0.070125; 1, 18, 1, 0; 0.077374375434; 1, 0, 2; 1, 1, 0; 1, 1, 0 / 1, 4, 0 / 1, 8, 2 / 2, 1, 2 ;
0,8; -2.448025, -3.705197, 0.069918 / -2.448025, -3.705197, 0.069918 / -2.448025, -3.705197, 0.069918; 1, 18, 1, 0; 0.077374605592; 1, 0, 1; 0, 1, 0; 1, 1, 2 ;
0,8; -2.444656, -3.701757, 0.064712 / -2.444656, -3.701757, 0.064712 / -2.444656, -3.701757, 0.064712; 1, 18, 1, 0; 0.077361563291; 1, 0, 1; 1, 0, 0; 3, 1, 2 ;
0,8; -2.442013, -3.704341, 0.059570 / -2.442013, -3.704341, 0.059570 / -2.442013, -3.704341, 0.059570; 1, 18, 1, 0; 0.077361758577; 1, 0, 1; 1, 0, 0; 2, 1, 2 ;
0,8; -2.445534, -3.701954, 0.076813 / -2.445534, -3.701954, 0.076813 / -2.445534, -3.701954, 0.076813; 1, 18, 1, 0; 0.077374068556; 1, 0, 1; 1, 0, 0; 3, 1, 2 ;
0,8; -2.442550, -3.703259, 0.074843 / -2.442550, -3.703259, 0.074843 / -2.442550, -3.703259, 0.074843; 1, 18, 1, 0; 0.077374173174; 1, 0, 1; 1, 0, 0; 3, 1, 2 ;
0,8; -2.443086, -3.704705, 0.070624 / -2.443048, -3.704687, 0.070766 / -2.443124, -3.704724, 0.070482; 1, 18, 1, 0; 0.077374354511; 0, 1, 0; 2, 0, 0; 1, 4, 0 / 1, 7, 0 / 2, 4, 2 / 3, 1, 1 ;
0,8; -2.445780, -3.705212, 0.069980 / -2.445780, -3.705212, 0.069980 / -2.445780, -3.705212, 0.069980; 1, 18, 1, 0; 0.077374500975; 0, 1, 0; 1, 0, 0; 3, 1, 1 ;
0,8; -2.455460, -3.710266, 0.088825 / -2.455460, -3.710266, 0.088825 / -2.455460, -3.710266, 0.088825; 1, 18, 1, 0; 0.077387954772; 1, 0, 1; 1, 0, 0; 2, 1, 2 ;
1,9; 2.67656, -3.17912, -1.75101 / 2.67725, -3.17896, -1.7506 / 2.67587, -3.17928, -1.75142; 1, 8, 1, 0; 0.369786342750; 2, 3, 1; 3, 1, 0; 1, 3, 1 / 2, 3, 1 / 2, 5, 0 / 2, 10, 0 / 3, 1, 2 / 3, 3, 1 / 4, 1, 0 ;
0,9; 2.061846, -3.337876, -1.425630 / 2.062756, -3.337777, -1.425187 / 2.060935, -3.337974, -1.426073; 1, 8, 1, 0; 0.501652241146; 1, 0, 2; 1, 1, 0; 3, 8, 2 / 4, 1, 2 ;
0,9; 2.693823, -3.174123, -1.759035 / 2.693823, -3.174123, -1.759035 / 2.693823, -3.174123, -1.759035; 1, 8, 1, 0; 0.369779209250; 0, 1, 0; 0, 1, 0; 4, 1, 1 ;
0,9; 2.064155, -3.349616, -1.460466 / 2.064155, -3.349616, -1.460466 / 2.064155, -3.349616, -1.460466; 1, 8, 1, 0; 0.501632139508; 0, 1, 0; 0, 1, 0; 1, 1, 1 / 1, 6, 0 ;
0,9; 2.686625, -3.174882, -1.755322 / 2.686750, -3.174674, -1.755046 / 2.686499, -3.175091, -1.755597; 1, 8, 1, 0; 0.369787375701; 1, 0, 2; 2, 0, 0; 2, 1, 2 / 3, 6, 2 / 4, 5, 0 ;
0,9; 2.687866, -3.176440, -1.755320 / 2.687954, -3.175984, -1.754973 / 2.687778, -3.176897, -1.755667; 1, 8, 1, 0; 0.369787431951; 1, 0, 2; 2, 0, 0; 1, 10, 0 / 3, 1, 2 / 3, 10, 2 / 4, 10, 0 ;
0,9; 2.063643, -3.344580, -1.446375 / 2.064055, -3.344170, -1.445859 / 2.063230, -3.344990, -1.446892; 1, 8, 1, 0; 0.501642197997; 1, 0, 1; 2, 0, 0; 1, 2, 0 / 1, 3, 0 / 2, 1, 3 / 2, 3, 0 / 2, 7, 2 ;
0,9; 2.066195, -3.341689, -1.441047 / 2.066282, -3.341646, -1.440650 / 2.066108, -3.341731, -1.441445; 1, 8, 1, 0; 0.501642939472; 1, 0, 2; 2, 0, 0; 2, 1, 2 / 2, 2, 0 / 2, 4, 2 ;
0,9; 2.062531, -3.334859, -1.432742 / 2.062852, -3.334473, -1.432455 / 2.062210, -3.335246, -1.433030; 1, 8, 1, 0; 0.501652568418; 2, 1, 1; 2, 0, 0; 3, 1, 2 / 3, 3, 1 ;
0,9; 2.898293, -3.088045, -1.842168 / 2.898293, -3.088045, -1.842168 / 2.898293, -3.088045, -1.842168; 1, 8, 1, 0; 0.317121998689; 1, 0, 1; 1, 0, 0; 2, 1, 2 ;
0,9; 2.441967, -3.264165, -1.652696 / 2.441967, -3.264165, -1.652696 / 2.441967, -3.264165, -1.652696; 1, 8, 1, 0; 0.368255304613; 1, 0, 1; 1, 0, 0; 2, 1, 2 ;
0,9; 2.492219, -3.247414, -1.665800 / 2.492219, -3.247414, -1.665800 / 2.492219, -3.247414, -1.665800; 1, 8, 1, 0; 0.369073274077; 1, 0, 1; 1, 0, 0; 3, 1, 2 ;
0,9; 2.678634, -3.175817, -1.762583 / 2.678634, -3.175817, -1.762583 / 2.678634, -3.175817, -1.762583; 1, 8, 1, 0; 0.369777772323; 1, 0, 1; 1, 0, 0; 3, 1, 2 ;
0,9; 2.705999, -3.177513, -1.761304 / 2.705999, -3.177513, -1.761304 / 2.705999, -3.177513, -1.761304; 1, 8, 1, 0; 0.369780272883; 0, 0, 0; 1, 0, 0; 3, 1, 3 ;
0,9; 2.676445, -3.178423, -1.753983 / 2.676445, -3.178423, -1.753983 / 2.676445, -3.178423, -1.753983; 1, 8, 1, 0; 0.369786414340; 1, 0, 1; 1, 0, 0; 3, 1, 2 ;
0,9; 2.681520, -3.174362, -1.755410 / 2.681520, -3.174362, -1.755410 / 2.681520, -3.174362, -1.755410; 1, 8, 1, 0; 0.369787201838; 1, 0, 1; 1, 0, 0; 3, 1, 2 ;
0,9; 2.689064, -3.178137, -1.753166 / 2.689064, -3.178137, -1.753166 / 2.689064, -3.178137, -1.753166; 1, 8, 1, 0; 0.369787539337; 1, 0, 1; 1, 0, 0; 3, 1, 2 ;
0,9; 2.691222, -3.174262, -1.755595 / 2.691222, -3.174262, -1.755595 / 2.691222, -3.174262, -1.755595; 1, 8, 1, 0; 0.369788066039; 1, 0, 1; 1, 0, 0; 2, 1, 2 ;
0,9; 2.066800, -3.351808, -1.456000 / 2.066800, -3.351808, -1.456000 / 2.066800, -3.351808, -1.456000; 1, 8, 1, 0; 0.501631617919; 1, 0, 1; 1, 0, 0; 1, 8, 0 / 2, 1, 2 / 2, 5, 0 / 4, 6, 0 ;
0,9; 2.064180, -3.343650, -1.452294 / 2.064180, -3.343650, -1.452294 / 2.064180, -3.343650, -1.452294; 1, 8, 1, 0; 0.501633187800; 1, 0, 1; 1, 0, 0; 2, 1, 2 / 3, 8, 0 ;
0,9; 2.066176, -3.341906, -1.458291 / 2.066176, -3.341906, -1.458291 / 2.066176, -3.341906, -1.458291; 1, 8, 1, 0; 0.501633678707; 1, 0, 1; 1, 0, 0; 3, 1, 2 ;
0,9; 2.064912, -3.341085, -1.452048 / 2.064912, -3.341085, -1.452048 / 2.064912, -3.341085, -1.452048; 1, 8, 1, 0; 0.501633816775; 1, 0, 1; 1, 0, 0; 3, 1, 2 ;
0,9; 2.062338, -3.349988, -1.441232 / 2.062338, -3.349988, -1.441232 / 2.062338, -3.349988, -1.441232; 1, 8, 1, 0; 0.501641492318; 1, 0, 1; 1, 0, 0; 1, 1, 0 / 2, 1, 2 ;
0,9; 2.061320, -3.341376, -1.438632 / 2.061320, -3.341376, -1.438632 / 2.061320, -3.341376, -1.438632; 1, 8, 1, 0; 0.501642438337; 1, 0, 1; 1, 0, 0; 3, 1, 2 ;
0,9; 2.065504, -3.342269, -1.445836 / 2.065504, -3.342269, -1.445836 / 2.065504, -3.342269, -1.445836; 1, 8, 1, 0; 0.501642847427; 1, 0, 1; 1, 0, 0; 2, 1, 2 / 2, 3, 0 ;
0,9; 2.064983, -3.339979, -1.438534 / 2.064983, -3.339979, -1.438534 / 2.064983, -3.339979, -1.438534; 1, 8, 1, 0; 0.501643011063; 1, 0, 1; 1, 0, 0; 2, 1, 2 ;
0,9; 2.070784, -3.337946, -1.437269 / 2.070784, -3.337946, -1.437269 / 2.070784, -3.337946, -1.437269; 1, 8, 1, 0; 0.501643895719; 1, 0, 1; 1, 0, 0; 3, 1, 2 ;
0,9; 2.059978, -3.339094, -1.434977 / 2.059978, -3.339094, -1.434977 / 2.059978, -3.339094, -1.434977; 1, 8, 1, 0; 0.501651878079; 1, 0, 1; 1, 0, 0; 3, 1, 2 ;
0,9; 2.060580, -3.337130, -1.426545 / 2.060935, -3.336286, -1.426073 / 2.060225, -3.337974, -1.427018; 1, 8, 1, 0; 0.501652276941; 1, 0, 1; 2, 0, 0; 2, 8, 2 / 3, 1, 2 ;
0,9; 2.059725, -3.336043, -1.419057 / 2.059725, -3.336043, -1.419057 / 2.059725, -3.336043, -1.419057; 1, 8, 1, 0; 0.501661614411; 1, 0, 1; 1, 0, 0; 2, 1, 2 / 4, 10, 0 ;
0,9; 2.060225, -3.334874, -1.420471 / 2.060225, -3.334874, -1.420471 / 2.060225, -3.334874, -1.420471; 1, 8, 1, 0; 0.501661680888; 1, 0, 1; 1, 0, 0; 2, 1, 2 / 2, 10, 0 ;
