1,0; -0.184041, 1.52171, -4.10217 / -0.184009, 1.52192, -4.10217 / -0.184072, 1.52151, -4.10217; 1, 1, 1, 0; 0.095496948065; 2, 1, 1; 0, 2, 0; 2, 7, 0 / 4, 1, 1 / 4, 2, 2 / 4, 5, 0 / 4, 8, 0 ;
0,0; -0.229379, 1.126763, -4.387724 / -0.229379, 1.126763, -4.387724 / -0.229379, 1.126763, -4.387724; 1, 1, 1, 0; 0.084958484823; 1, 0, 1; 0, 1, 0; 1, 1, 2 ;
0,0; -0.278516, 1.249228, -4.275075 / -0.277383, 1.249867, -4.274583 / -0.279649, 1.248589, -4.275567; 1, 1, 1, 0; 0.094208094827; 2, 2, 3; 5, 0, 0; 1, 3, 0 / 2, 4, 0 / 2, 5, 0 / 2, 6, 2 / 2, 8, 1 / 3, 1, 2 / 3, 4, 1 / 3, 6, 2 / 3, 7, 0 / 4, 7, 0 ;
0,0; -0.277118, 1.248358, -4.274060 / -0.276852, 1.248589, -4.273029 / -0.277383, 1.248127, -4.275090; 1, 1, 1, 0; 0.094208063184; 2, 1, 1; 3, 0, 0; 2, 4, 2 / 3, 1, 1 / 3, 9, 2 ;
0,0; -0.225137, 1.027374, -4.502668 / -0.225137, 1.027374, -4.502668 / -0.225137, 1.027374, -4.502668; 1, 1, 1, 0; 0.084983522082; 0, 1, 0; 1, 0, 0; 2, 1, 1 ;
0,0; -0.279387, 1.249699, -4.275075 / -0.278275, 1.250407, -4.274583 / -0.280498, 1.248992, -4.275567; 1, 1, 1, 0; 0.094208114603; 1, 0, 1; 4, 0, 0; 2, 1, 2 / 2, 3, 1 / 3, 1, 2 / 3, 2, 0 / 3, 10, 2 / 4, 2, 0 ;
0,0; -0.281624, 1.244783, -4.273826 / -0.281624, 1.244783, -4.273826 / -0.281624, 1.244783, -4.273826; 1, 1, 1, 0; 0.094208680216; 1, 0, 1; 1, 0, 0; 2, 1, 2 ;
0,0; -0.185168, 1.525696, -4.103502 / -0.185168, 1.525696, -4.103502 / -0.185168, 1.525696, -4.103502; 1, 1, 1, 0; 0.095497410839; 1, 0, 1; 1, 0, 0; 2, 1, 2 ;
0,0; -0.183415, 1.521923, -4.093036 / -0.183415, 1.521923, -4.093036 / -0.183415, 1.521923, -4.093036; 1, 1, 1, 0; 0.095503992513; 1, 0, 1; 1, 0, 0; 3, 1, 2 ;
0,0; -0.086125, 1.766131, -3.876844 / -0.086125, 1.766131, -3.876844 / -0.086125, 1.766131, -3.876844; 1, 2, 1, 0; 0.056184151613; 1, 0, 1; 1, 0, 0; 2, 1, 2 ;
0,0; 0.751882, 1.854562, -0.992005 / 0.751882, 1.854562, -0.992005 / 0.751882, 1.854562, -0.992005; 1, 7, 1, 0; 0.559484189200; 1, 0, 1; 1, 0, 0; 3, 1, 2 ;
0,0; 0.757800, 1.902146, -1.188414 / 0.757800, 1.902146, -1.188414 / 0.757800, 1.902146, -1.188414; 1, 7, 1, 0; 0.621051360172; 0, 1, 0; 1, 0, 0; 2, 1, 1 ;
0,0; 0.708844, 1.314127, 1.361535 / 0.708844, 1.314127, 1.361535 / 0.708844, 1.314127, 1.361535; 1, 26, 1, 0; 0.740526346920; 1, 0, 1; 1, 0, 0; 2, 1, 2 ;
1,1; 3.23163, -2.17704, -1.95368 / 3.23163, -2.17704, -1.95368 / 3.23163, -2.17704, -1.95368; 1, 8, 1, 0; 0.049696020888; 1, 0, 1; 1, 0, 0; 2, 1, 2 ;
0,1; 3.331052, -2.173437, -2.036385 / 3.331052, -2.173437, -2.036385 / 3.331052, -2.173437, -2.036385; 1, 8, 1, 0; 0.049753625812; 1, 0, 1; 1, 0, 0; 3, 1, 2 ;
0,1; 3.323379, -2.176734, -2.037419 / 3.323379, -2.176734, -2.037419 / 3.323379, -2.176734, -2.037419; 1, 8, 1, 0; 0.049762666691; 1, 0, 1; 1, 0, 0; 2, 1, 2 ;
0,1; 2.907521, -2.182148, -1.691894 / 2.907521, -2.182148, -1.691894 / 2.907521, -2.182148, -1.691894; 1, 8, 1, 0; 0.260077461108; 1, 0, 1; 1, 0, 0; 2, 1, 2 ;
0,1; 0.571533, -2.228486, 0.214374 / 0.571533, -2.228486, 0.214374 / 0.571533, -2.228486, 0.214374; 1, 15, 1, 0; 0.720257670856; 1, 0, 1; 1, 0, 0; 3, 1, 2 ;
0,1; -0.764957, -2.259436, 1.300715 / -0.764957, -2.259436, 1.300715 / -0.764957, -2.259436, 1.300715; 1, 22, 1, 0; 0.467400546272; 0, 0, 0; 0, 1, 0; 1, 1, 3 ;
0,1; -1.423051, -2.275173, 1.832333 / -1.423051, -2.275173, 1.832333 / -1.423051, -2.275173, 1.832333; 1, 32, 1, 0; 0.176976364526; 1, 0, 1; 1, 0, 0; 2, 1, 2 ;
0,1; -2.308451, -2.291225, 2.557685 / -2.308451, -2.291225, 2.557685 / -2.308451, -2.291225, 2.557685; 1, 36, 1, 0; 0.704980342297; 0, 1, 0; 0, 1, 0; 1, 1, 1 ;
0,1; -2.306629, -2.293775, 2.561185 / -2.306629, -2.293775, 2.561185 / -2.306629, -2.293775, 2.561185; 1, 36, 1, 0; 0.705002602134; 1, 0, 1; 1, 0, 0; 3, 1, 2 ;
1,2; -1.42828, 2.02827, -3.37363 / -1.42828, 2.02827, -3.37363 / -1.42828, 2.02827, -3.37363; 1, 2, 1, 0; 0.221559338700; 1, 0, 1; 0, 1, 0; 4, 1, 2 ;
1,3; 0.64807, 0.793304, -1.46935 / 0.648503, 0.793803, -1.46919 / 0.647637, 0.792805, -1.4695; 1, 11, 1, 0; 0.330292955787; 2, 1, 1; 1, 1, 0; 2, 2, 2 / 4, 1, 1 ;
1,4; -2.64281, -0.492364, -3.51016 / -2.64281, -0.492364, -3.51016 / -2.64281, -0.492364, -3.51016; 1, 1, 1, 0; 0.796702901474; 1, 0, 1; 1, 0, 0; 2, 1, 2 ;
0,4; -2.274400, -0.703363, -3.287632 / -2.274294, -0.703355, -3.287508 / -2.274506, -0.703371, -3.287756; 1, 2, 1, 0; 0.465563354154; 2, 1, 1; 1, 1, 0; 3, 1, 1 / 4, 1, 2 ;
0,4; -2.429420, -0.617222, -3.386768 / -2.429420, -0.617222, -3.386768 / -2.429420, -0.617222, -3.386768; 1, 2, 1, 0; 0.423178304048; 1, 0, 1; 0, 1, 0; 1, 1, 2 ;
0,4; -2.100783, -0.803820, -3.184747 / -2.100783, -0.803820, -3.184747 / -2.100783, -0.803820, -3.184747; 1, 2, 1, 0; 0.463709054391; 1, 0, 1; 1, 0, 0; 3, 1, 2 / 4, 1, 0 ;
0,4; -0.275879, -1.829211, -2.085541 / -0.275879, -1.829211, -2.085541 / -0.275879, -1.829211, -2.085541; 1, 5, 1, 0; 0.848556676576; 1, 0, 1; 0, 1, 0; 4, 1, 2 ;
0,4; -1.169769, -1.333036, -2.629145 / -1.169769, -1.333036, -2.629145 / -1.169769, -1.333036, -2.629145; 1, 5, 1, 0; 0.354301250440; 1, 0, 1; 1, 0, 0; 2, 1, 2 ;
0,4; -0.278147, -1.832609, -2.090078 / -0.278147, -1.832609, -2.090078 / -0.278147, -1.832609, -2.090078; 1, 5, 1, 0; 0.848548281172; 1, 0, 1; 1, 0, 0; 3, 1, 2 ;
1,5; 3.44542, 2.68543, -1.08167 / 3.44621, 2.68621, -1.08079 / 3.44463, 2.68466, -1.08254; 1, 12, 1, 0; 0.224311983036; 2, 3, 2; 2, 3, 0; 3, 1, 1 / 3, 8, 2 / 4, 1, 1 / 4, 4, 2 / 4, 7, 0 / 4, 10, 1 ;
0,5; 3.444593, 2.691046, -1.089598 / 3.444593, 2.691046, -1.089598 / 3.444593, 2.691046, -1.089598; 1, 12, 1, 0; 0.224312435058; 1, 0, 1; 0, 1, 0; 1, 1, 2 ;
0,5; 3.442166, 2.684920, -1.073748 / 3.442166, 2.684920, -1.073748 / 3.442166, 2.684920, -1.073748; 1, 12, 1, 0; 0.224322425308; 1, 0, 1; 0, 1, 0; 4, 1, 2 ;
0,5; 3.444057, 2.687454, -1.076672 / 3.444057, 2.687454, -1.076672 / 3.444057, 2.687454, -1.076672; 1, 12, 1, 0; 0.224322579796; 1, 0, 1; 0, 1, 0; 4, 1, 2 ;
0,5; 3.445159, 2.690372, -1.100941 / 3.445159, 2.690372, -1.100941 / 3.445159, 2.690372, -1.100941; 1, 12, 1, 0; 0.224302152996; 1, 0, 1; 1, 0, 0; 2, 1, 2 ;
0,5; 3.448617, 2.685142, -1.090711 / 3.448617, 2.685142, -1.090711 / 3.448617, 2.685142, -1.090711; 1, 12, 1, 0; 0.224311593954; 1, 0, 1; 1, 0, 0; 3, 1, 2 ;
0,5; 3.449429, 2.685449, -1.077809 / 3.449429, 2.685449, -1.077809 / 3.449429, 2.685449, -1.077809; 1, 12, 1, 0; 0.224321881737; 1, 0, 1; 1, 0, 0; 3, 1, 2 ;
0,5; 3.397410, 2.135749, -0.409871 / 3.398184, 2.135870, -0.409076 / 3.396637, 2.135627, -0.410667; 1, 13, 1, 0; 0.449040171455; 0, 2, 0; 0, 2, 1; 1, 10, 1 / 2, 7, 0 / 4, 1, 1 ;
1,6; 1.41519, -1.99903, -2.64275 / 1.41519, -1.99903, -2.64275 / 1.41519, -1.99903, -2.64275; 1, 3, 1, 0; 0.547062258973; 0, 1, 0; 0, 1, 0; 1, 1, 1 ;
0,6; 2.310473, -1.941714, -1.883343 / 2.310473, -1.941714, -1.883343 / 2.310473, -1.941714, -1.883343; 1, 8, 1, 0; 0.060473853552; 0, 1, 0; 0, 1, 0; 1, 1, 1 ;
0,6; 2.310364, -1.936038, -1.882531 / 2.310364, -1.936038, -1.882531 / 2.310364, -1.936038, -1.882531; 1, 8, 1, 0; 0.060483165453; 1, 0, 1; 1, 0, 0; 2, 1, 2 ;
1,7; 1.37507, 0.443261, -2.92319 / 1.37507, 0.443261, -2.92319 / 1.37507, 0.443261, -2.92319; 1, 2, 1, 0; 0.610446296068; 1, 0, 1; 1, 0, 0; 2, 1, 2 ;
0,7; 0.836230, -1.013130, -1.737069 / 0.836230, -1.013130, -1.737069 / 0.836230, -1.013130, -1.737069; 1, 8, 1, 0; 0.139862489658; 1, 0, 1; 1, 0, 0; 1, 2, 0 / 3, 1, 2 ;
0,7; -0.343206, -4.192624, 0.848092 / -0.343206, -4.192624, 0.848092 / -0.343206, -4.192624, 0.848092; 1, 18, 1, 0; 0.807024095478; 1, 0, 1; 1, 0, 0; 3, 1, 2 ;
1,8; -1.15211, -2.53448, -2.63678 / -1.15211, -2.53448, -2.63678 / -1.15211, -2.53448, -2.63678; 1, 5, 1, 0; 0.271480855243; 0, 1, 0; 1, 0, 0; 3, 1, 1 ;
0,8; -1.402391, -2.661445, -0.361297 / -1.402391, -2.661445, -0.361297 / -1.402391, -2.661445, -0.361297; 1, 9, 1, 0; 0.976734371012; 1, 0, 1; 1, 0, 0; 3, 1, 2 ;
0,8; -1.406454, -2.664514, -0.362091 / -1.406454, -2.664514, -0.362091 / -1.406454, -2.664514, -0.362091; 1, 9, 1, 0; 0.976735182037; 1, 0, 1; 1, 0, 0; 2, 1, 2 ;
0,8; -1.643622, -2.718635, 1.326975 / -1.643622, -2.718635, 1.326975 / -1.643622, -2.718635, 1.326975; 1, 21, 1, 0; 0.874239279748; 1, 0, 1; 0, 1, 0; 1, 1, 2 ;
0,8; -1.670347, -2.796573, 1.993148 / -1.670347, -2.796573, 1.993148 / -1.670347, -2.796573, 1.993148; 1, 32, 1, 0; 0.457729073308; 0, 1, 0; 1, 0, 0; 2, 1, 1 ;
0,8; -1.747825, -2.834448, 2.662538 / -1.747825, -2.834448, 2.662538 / -1.747825, -2.834448, 2.662538; 1, 36, 1, 0; 0.757338815849; 1, 0, 1; 0, 1, 0; 4, 1, 2 ;
0,8; -1.748780, -2.830934, 2.655231 / -1.748780, -2.830934, 2.655231 / -1.748780, -2.830934, 2.655231; 1, 36, 1, 0; 0.757337630719; 1, 0, 1; 1, 0, 0; 3, 1, 2 ;
1,9; -0.91844, -0.297113, -4.19854 / -0.91844, -0.297113, -4.19854 / -0.91844, -0.297113, -4.19854; 1, 1, 1, 0; 0.203306136462; 1, 0, 1; 1, 0, 0; 3, 1, 2 ;
0,9; -0.266516, -0.101422, -2.912741 / -0.266461, -0.100917, -2.912575 / -0.266571, -0.101927, -2.912907; 1, 2, 1, 0; 0.544336785548; 2, 1, 1; 1, 1, 0; 2, 3, 0 / 2, 4, 1 / 4, 1, 2 ;
0,9; 2.182521, 0.721623, 2.051210 / 2.182521, 0.721623, 2.051210 / 2.182521, 0.721623, 2.051210; 1, 28, 1, 0; 0.684085594943; 1, 0, 1; 1, 0, 0; 2, 1, 2 ;
