1,0; -1.75295, 1.10279, -3.46308 / -1.7529, 1.10281, -3.4628 / -1.753, 1.10276, -3.46336; 1, 1, 1, 0; 0.636953764528; 2, 1, 1; 1, 1, 0; 3, 1, 2 / 4, 1, 1 ;
0,0; -1.368712, 0.971856, -3.650225 / -1.368712, 0.971856, -3.650225 / -1.368712, 0.971856, -3.650225; 1, 1, 1, 0; 0.638072609634; 1, 0, 1; 0, 1, 0; 1, 1, 2 ;
0,0; -1.761275, 1.098855, -3.466404 / -1.761275, 1.098855, -3.466404 / -1.761275, 1.098855, -3.466404; 1, 1, 1, 0; 0.636952534419; 1, 0, 1; 1, 0, 0; 2, 1, 2 ;
0,0; -1.750219, 1.102152, -3.467119 / -1.750219, 1.102152, -3.467119 / -1.750219, 1.102152, -3.467119; 1, 1, 1, 0; 0.636953361084; 0, 0, 0; 1, 0, 0; 1, 2, 0 / 3, 1, 3 ;
0,0; -1.755241, 1.108238, -3.462439 / -1.755241, 1.108238, -3.462439 / -1.755241, 1.108238, -3.462439; 1, 1, 1, 0; 0.636960725914; 1, 0, 1; 1, 0, 0; 3, 1, 2 ;
0,0; -1.749966, 1.107396, -3.458317 / -1.749966, 1.107396, -3.458317 / -1.749966, 1.107396, -3.458317; 1, 1, 1, 0; 0.636961263840; 1, 0, 1; 1, 0, 0; 2, 1, 2 ;
0,0; -1.367436, 0.963320, -3.646465 / -1.367436, 0.963320, -3.646465 / -1.367436, 0.963320, -3.646465; 1, 1, 1, 0; 0.637956805388; 1, 0, 1; 1, 0, 0; 2, 1, 2 ;
0,0; -2.975799, 1.539073, -2.873914 / -2.975799, 1.539073, -2.873914 / -2.975799, 1.539073, -2.873914; 1, 2, 1, 0; 0.689451403194; 1, 0, 1; 0, 1, 0; 1, 1, 2 ;
0,0; -2.951767, 1.535757, -2.881900 / -2.951767, 1.535757, -2.881900 / -2.951767, 1.535757, -2.881900; 1, 2, 1, 0; 0.689446142601; 1, 0, 1; 1, 0, 0; 2, 1, 2 ;
0,0; -3.174355, 1.460209, -2.694292 / -3.174355, 1.460209, -2.694292 / -3.174355, 1.460209, -2.694292; 1, 6, 1, 0; 0.034238586318; 1, 0, 1; 0, 1, 0; 1, 1, 2 / 3, 4, 0 ;
0,0; -3.171442, 1.455308, -2.691351 / -3.171442, 1.455308, -2.691351 / -3.171442, 1.455308, -2.691351; 1, 6, 1, 0; 0.034239267556; 1, 0, 1; 0, 1, 0; 1, 3, 0 / 4, 1, 2 ;
0,0; -3.174670, 1.447152, -2.691637 / -3.174670, 1.447152, -2.691637 / -3.174670, 1.447152, -2.691637; 1, 6, 1, 0; 0.034240056616; 1, 0, 1; 1, 0, 0; 3, 1, 2 ;
1,1; -1.43924, -2.01183, -0.675205 / -1.43894, -2.01159, -0.674923 / -1.43954, -2.01207, -0.675486; 1, 9, 1, 0; 0.499129424410; 0, 3, 0; 2, 1, 0; 1, 1, 0 / 1, 3, 1 / 2, 1, 1 / 2, 2, 1 / 2, 3, 0 / 2, 5, 0 / 2, 8, 0 / 3, 6, 0 / 4, 6, 0 ;
0,1; -1.427494, -1.977152, -0.649174 / -1.426994, -1.976945, -0.648712 / -1.427993, -1.977360, -0.649636; 1, 9, 1, 0; 0.499699418009; 1, 0, 2; 1, 1, 0; 1, 8, 2 / 3, 1, 2 ;
0,1; -1.652454, -3.644038, -1.073697 / -1.652454, -3.644038, -1.073697 / -1.652454, -3.644038, -1.073697; 1, 9, 1, 0; 0.301097976115; 1, 0, 1; 0, 1, 0; 1, 1, 2 ;
0,1; -1.512569, -2.639711, -0.752871 / -1.512569, -2.639711, -0.752871 / -1.512569, -2.639711, -0.752871; 1, 9, 1, 0; 0.576012640091; 1, 0, 1; 0, 1, 0; 4, 1, 2 ;
0,1; -1.690035, -3.969944, -1.173317 / -1.690035, -3.969944, -1.173317 / -1.690035, -3.969944, -1.173317; 1, 9, 1, 0; 0.287374247910; 1, 0, 1; 1, 0, 0; 2, 1, 2 ;
0,1; -1.652795, -3.664960, -1.081674 / -1.652795, -3.664960, -1.081674 / -1.652795, -3.664960, -1.081674; 1, 9, 1, 0; 0.301085805337; 1, 0, 1; 1, 0, 0; 2, 1, 2 ;
0,1; -1.653267, -3.661483, -1.081086 / -1.653267, -3.661483, -1.081086 / -1.653267, -3.661483, -1.081086; 1, 9, 1, 0; 0.301086427122; 1, 0, 1; 1, 0, 0; 3, 1, 2 ;
0,1; -1.655998, -3.660863, -1.075380 / -1.655998, -3.660863, -1.075380 / -1.655998, -3.660863, -1.075380; 1, 9, 1, 0; 0.301096359472; 1, 0, 1; 1, 0, 0; 2, 1, 2 ;
0,1; -1.415686, -1.963959, -0.652563 / -1.415686, -1.963959, -0.652563 / -1.415686, -1.963959, -0.652563; 1, 9, 1, 0; 0.499710053246; 1, 0, 1; 1, 0, 0; 3, 1, 2 ;
0,1; -1.467067, -2.339147, -0.672931 / -1.467067, -2.339147, -0.672931 / -1.467067, -2.339147, -0.672931; 1, 9, 1, 0; 0.542692829244; 1, 0, 1; 1, 0, 0; 1, 2, 0 / 2, 1, 2 ;
0,1; -1.528340, -2.772803, -0.805413 / -1.528340, -2.772803, -0.805413 / -1.528340, -2.772803, -0.805413; 1, 9, 1, 0; 0.576077868108; 1, 0, 1; 1, 0, 0; 2, 1, 2 ;
0,1; -1.535249, -2.776557, -0.806394 / -1.535249, -2.776557, -0.806394 / -1.535249, -2.776557, -0.806394; 1, 9, 1, 0; 0.576078587217; 1, 0, 1; 1, 0, 0; 2, 1, 2 ;
0,1; -1.364753, -1.350694, -0.241587 / -1.364466, -1.349805, -0.240943 / -1.365039, -1.351584, -0.242231; 1, 10, 1, 0; 0.828000537439; 2, 2, 2; 3, 1, 0; 1, 1, 2 / 2, 2, 1 / 3, 4, 1 / 3, 10, 2 / 4, 10, 0 ;
0,1; -1.450486, -1.973786, -0.611074 / -1.450486, -1.973786, -0.611074 / -1.450486, -1.973786, -0.611074; 1, 10, 1, 0; 0.497834828863; 1, 0, 1; 0, 1, 0; 4, 1, 2 ;
0,1; -1.364722, -1.351800, -0.242277 / -1.364693, -1.351584, -0.242231 / -1.364750, -1.352016, -0.242322; 1, 10, 1, 0; 0.828000586101; 0, 1, 0; 1, 1, 0; 1, 6, 1 / 2, 8, 0 / 3, 1, 2 / 4, 1, 0 / 4, 7, 0 ;
0,1; -1.359329, -1.338009, -0.251451 / -1.359329, -1.338009, -0.251451 / -1.359329, -1.338009, -0.251451; 1, 10, 1, 0; 0.828967916942; 1, 0, 1; 0, 1, 0; 1, 3, 0 / 3, 3, 0 / 4, 1, 2 ;
0,1; -1.400186, -1.989115, -0.590960 / -1.400186, -1.989115, -0.590960 / -1.400186, -1.989115, -0.590960; 1, 10, 1, 0; 0.497790146806; 1, 0, 1; 1, 0, 0; 2, 1, 2 ;
0,1; -1.446697, -1.972059, -0.600312 / -1.446697, -1.972059, -0.600312 / -1.446697, -1.972059, -0.600312; 1, 10, 1, 0; 0.497825831895; 1, 0, 1; 1, 0, 0; 3, 1, 2 ;
0,1; -1.448775, -1.974634, -0.605698 / -1.448775, -1.974634, -0.605698 / -1.448775, -1.974634, -0.605698; 1, 10, 1, 0; 0.497835028916; 1, 0, 1; 1, 0, 0; 3, 1, 2 ;
0,1; -1.446801, -2.146946, -0.613456 / -1.446801, -2.146946, -0.613456 / -1.446801, -2.146946, -0.613456; 1, 10, 1, 0; 0.498161017609; 1, 0, 1; 1, 0, 0; 3, 1, 2 ;
0,1; -1.379551, -1.355785, -0.220434 / -1.379551, -1.355785, -0.220434 / -1.379551, -1.355785, -0.220434; 1, 10, 1, 0; 0.828018434052; 1, 0, 1; 1, 0, 0; 2, 1, 2 ;
0,1; -1.355689, -1.332463, -0.244803 / -1.355689, -1.332463, -0.244803 / -1.355689, -1.332463, -0.244803; 1, 10, 1, 0; 0.828966267859; 1, 0, 1; 1, 0, 0; 2, 1, 2 ;
0,1; -1.359669, -1.328720, -0.265906 / -1.359669, -1.328720, -0.265906 / -1.359669, -1.328720, -0.265906; 1, 10, 1, 0; 0.828970933954; 1, 0, 1; 1, 0, 0; 3, 1, 2 ;
0,1; -1.456170, -1.341569, -0.243772 / -1.456170, -1.341569, -0.243772 / -1.456170, -1.341569, -0.243772; 1, 10, 1, 0; 0.829045142719; 1, 0, 1; 1, 0, 0; 2, 1, 2 ;
0,1; -1.181422, -0.614723, 0.020829 / -1.181422, -0.614723, 0.020829 / -1.181422, -0.614723, 0.020829; 1, 16, 1, 0; 0.776164002561; 1, 0, 1; 0, 1, 0; 4, 1, 2 ;
0,1; -1.224587, -0.557331, -0.123411 / -1.224587, -0.557331, -0.123411 / -1.224587, -0.557331, -0.123411; 1, 16, 1, 0; 0.398049717918; 0, 0, 0; 1, 0, 0; 2, 1, 3 ;
0,1; -1.168239, -0.126627, 0.013132 / -1.168239, -0.126627, 0.013132 / -1.168239, -0.126627, 0.013132; 1, 16, 1, 0; 0.699046125595; 0, 1, 0; 1, 0, 0; 2, 1, 1 ;
0,1; -1.168117, -0.114224, 0.023659 / -1.168117, -0.114224, 0.023659 / -1.168117, -0.114224, 0.023659; 1, 16, 1, 0; 0.699048717372; 1, 0, 1; 1, 0, 0; 3, 1, 2 ;
0,1; -0.985015, 1.226694, 0.432788 / -0.985015, 1.226694, 0.432788 / -0.985015, 1.226694, 0.432788; 1, 17, 1, 0; 0.857786309907; 0, 1, 0; 1, 0, 0; 3, 1, 1 ;
0,1; -0.944628, 1.518744, 0.525665 / -0.944628, 1.518744, 0.525665 / -0.944628, 1.518744, 0.525665; 1, 17, 1, 0; 0.902315692051; 1, 0, 1; 1, 0, 0; 2, 1, 2 ;
0,1; -0.946316, 1.511747, 0.518184 / -0.946316, 1.511747, 0.518184 / -0.946316, 1.511747, 0.518184; 1, 17, 1, 0; 0.902316054725; 1, 0, 1; 1, 0, 0; 2, 1, 2 ;
0,1; -0.797975, 2.595943, 0.860274 / -0.797975, 2.595943, 0.860274 / -0.797975, 2.595943, 0.860274; 1, 25, 1, 0; 0.566722146500; 1, 0, 1; 0, 1, 0; 1, 1, 2 ;
0,1; -0.782451, 2.721396, 0.899794 / -0.782451, 2.721396, 0.899794 / -0.782451, 2.721396, 0.899794; 1, 25, 1, 0; 0.566861549012; 1, 0, 1; 0, 1, 0; 1, 1, 2 ;
0,1; -0.826339, 2.407463, 0.799182 / -0.826339, 2.407463, 0.799182 / -0.826339, 2.407463, 0.799182; 1, 25, 1, 0; 0.591250447902; 1, 0, 1; 0, 1, 0; 4, 1, 2 ;
0,1; -0.743988, 3.013563, 0.990152 / -0.743988, 3.013563, 0.990152 / -0.743988, 3.013563, 0.990152; 1, 25, 1, 0; 0.957937027989; 0, 1, 0; 0, 1, 0; 4, 1, 1 ;
0,1; -0.719895, 3.236576, 1.050425 / -0.719895, 3.236576, 1.050425 / -0.719895, 3.236576, 1.050425; 1, 25, 1, 0; 0.999294672324; 1, 0, 1; 0, 1, 0; 4, 1, 2 ;
0,1; -0.820216, 2.424614, 0.804491 / -0.820216, 2.424614, 0.804491 / -0.820216, 2.424614, 0.804491; 1, 25, 1, 0; 0.591247319018; 1, 0, 1; 1, 0, 0; 3, 1, 2 / 4, 2, 0 ;
0,1; -0.829780, 2.407389, 0.800001 / -0.829780, 2.407389, 0.800001 / -0.829780, 2.407389, 0.800001; 1, 25, 1, 0; 0.591250627920; 1, 0, 1; 1, 0, 0; 3, 1, 2 ;
0,1; -0.848087, 2.249635, 0.747824 / -0.848087, 2.249635, 0.747824 / -0.848087, 2.249635, 0.747824; 1, 25, 1, 0; 0.591436843684; 1, 0, 1; 1, 0, 0; 3, 1, 2 ;
0,1; -0.706863, 3.236232, 1.053851 / -0.706863, 3.236232, 1.053851 / -0.706863, 3.236232, 1.053851; 1, 25, 1, 0; 0.999279499379; 1, 0, 1; 1, 0, 0; 3, 1, 2 / 4, 3, 0 ;
0,1; -0.716649, 3.236217, 1.060270 / -0.716649, 3.236217, 1.060270 / -0.716649, 3.236217, 1.060270; 1, 25, 1, 0; 0.999281179547; 1, 0, 1; 1, 0, 0; 2, 1, 2 ;
1,2; -0.0797755, -0.882299, -3.53573 / -0.0797755, -0.882299, -3.53573 / -0.0797755, -0.882299, -3.53573; 1, 1, 1, 0; 0.812551597322; 1, 0, 1; 0, 1, 0; 1, 1, 2 ;
0,2; -0.209101, -0.830468, -3.517915 / -0.209101, -0.830468, -3.517915 / -0.209101, -0.830468, -3.517915; 1, 1, 1, 0; 0.813202265457; 1, 0, 1; 0, 1, 0; 4, 1, 2 ;
0,2; 0.518326, -1.134455, -3.621578 / 0.518326, -1.134455, -3.621578 / 0.518326, -1.134455, -3.621578; 1, 1, 1, 0; 0.835044149429; 1, 0, 1; 0, 1, 0; 4, 1, 2 ;
0,2; -0.313032, -0.788422, -3.505275 / -0.312880, -0.788044, -3.504742 / -0.313184, -0.788801, -3.505809; 1, 1, 1, 0; 0.811689773723; 1, 0, 2; 2, 0, 0; 2, 6, 2 / 3, 1, 2 ;
0,2; -0.325691, -0.781389, -3.502979 / -0.325691, -0.781389, -3.502979 / -0.325691, -0.781389, -3.502979; 1, 1, 1, 0; 0.811689006389; 0, 0, 0; 1, 0, 0; 3, 1, 3 ;
0,2; -0.206750, -0.830490, -3.520908 / -0.206750, -0.830490, -3.520908 / -0.206750, -0.830490, -3.520908; 1, 1, 1, 0; 0.813202206127; 1, 0, 1; 1, 0, 0; 3, 1, 2 ;
0,2; 1.036715, -1.357580, -3.692239 / 1.036715, -1.357580, -3.692239 / 1.036715, -1.357580, -3.692239; 1, 1, 1, 0; 0.872570816286; 0, 1, 0; 1, 0, 0; 3, 1, 1 ;
0,2; -3.335001, 0.489740, -3.082411 / -3.334779, 0.489787, -3.082391 / -3.335222, 0.489692, -3.082432; 1, 2, 1, 0; 0.583999933550; 2, 1, 1; 1, 1, 0; 3, 1, 2 / 4, 2, 1 ;
0,2; -1.525833, -0.274232, -3.334514 / -1.525833, -0.274232, -3.334514 / -1.525833, -0.274232, -3.334514; 1, 2, 1, 0; 0.406293765762; 0, 1, 0; 0, 1, 0; 1, 1, 1 ;
0,2; -2.055540, -0.051087, -3.260944 / -2.055540, -0.051087, -3.260944 / -2.055540, -0.051087, -3.260944; 1, 2, 1, 0; 0.410369831566; 1, 0, 1; 0, 1, 0; 4, 1, 2 ;
0,2; -3.310501, 0.479256, -3.085871 / -3.310501, 0.479256, -3.085871 / -3.310501, 0.479256, -3.085871; 1, 2, 1, 0; 0.583984709473; 0, 1, 0; 0, 1, 0; 4, 1, 1 ;
0,2; -2.260206, 0.043048, -3.235525 / -2.260206, 0.043048, -3.235525 / -2.260206, 0.043048, -3.235525; 1, 2, 1, 0; 0.369592612545; 1, 0, 1; 1, 0, 0; 3, 1, 2 ;
0,2; -1.701719, -0.199986, -3.310054 / -1.701719, -0.199986, -3.310054 / -1.701719, -0.199986, -3.310054; 1, 2, 1, 0; 0.408898392236; 0, 1, 0; 1, 0, 0; 1, 4, 0 / 3, 1, 1 ;
0,2; -1.946087, -0.101089, -3.279935 / -1.946087, -0.101089, -3.279935 / -1.946087, -0.101089, -3.279935; 1, 2, 1, 0; 0.410198672432; 1, 0, 1; 1, 0, 0; 2, 1, 2 ;
0,2; -2.072975, -0.039851, -3.256318 / -2.072975, -0.039851, -3.256318 / -2.072975, -0.039851, -3.256318; 1, 2, 1, 0; 0.410368012113; 1, 0, 1; 1, 0, 0; 1, 5, 0 / 3, 1, 2 ;
0,2; -3.314721, 0.472034, -3.078294 / -3.314721, 0.472034, -3.078294 / -3.314721, 0.472034, -3.078294; 1, 2, 1, 0; 0.583991263460; 1, 0, 1; 1, 0, 0; 3, 1, 2 ;
0,2; -3.329357, 0.486222, -3.081616 / -3.329357, 0.486222, -3.081616 / -3.329357, 0.486222, -3.081616; 1, 2, 1, 0; 0.583999185992; 0, 1, 0; 1, 0, 0; 2, 1, 1 ;
1,3; 1.68423, -3.70017, -0.291177 / 1.68504, -3.69993, -0.290701 / 1.68342, -3.7004, -0.291653; 1, 15, 1, 0; 0.310183292883; 1, 0, 2; 0, 2, 1; 1, 1, 2 / 4, 7, 2 ;
0,3; 1.822611, -3.894253, -0.383318 / 1.822611, -3.894253, -0.383318 / 1.822611, -3.894253, -0.383318; 1, 15, 1, 0; 0.203914902651; 0, 1, 0; 0, 1, 0; 4, 1, 1 ;
0,3; 1.496663, -3.431612, -0.167437 / 1.496663, -3.431612, -0.167437 / 1.496663, -3.431612, -0.167437; 1, 15, 1, 0; 0.309459403530; 1, 0, 1; 0, 1, 0; 4, 1, 2 ;
0,3; 0.990179, -2.721314, 0.156258 / 0.990352, -2.721261, 0.156401 / 0.990005, -2.721366, 0.156116; 1, 15, 1, 0; 0.750985297190; 2, 1, 1; 2, 0, 0; 2, 1, 1 / 2, 3, 2 / 3, 4, 0 ;
0,3; 1.824665, -3.898364, -0.382592 / 1.824665, -3.898364, -0.382592 / 1.824665, -3.898364, -0.382592; 1, 15, 1, 0; 0.203913965057; 1, 0, 1; 1, 0, 0; 2, 1, 2 ;
0,3; 1.317102, -3.186385, -0.046398 / 1.317102, -3.186385, -0.046398 / 1.317102, -3.186385, -0.046398; 1, 15, 1, 0; 0.342724513523; 1, 0, 1; 1, 0, 0; 3, 1, 2 ;
0,3; 0.414975, -1.912709, 0.526716 / 0.415071, -1.912265, 0.527432 / 0.414879, -1.913154, 0.526000; 1, 18, 1, 0; 0.424869514213; 1, 0, 2; 1, 1, 0; 3, 8, 2 / 3, 9, 0 / 4, 1, 2 / 4, 9, 0 ;
0,3; 0.415885, -1.910993, 0.527223 / 0.415885, -1.910993, 0.527223 / 0.415885, -1.910993, 0.527223; 1, 18, 1, 0; 0.424869430519; 0, 0, 0; 0, 1, 0; 4, 1, 3 ;
0,3; -0.172290, -1.081026, 0.907132 / -0.172290, -1.081026, 0.907132 / -0.172290, -1.081026, 0.907132; 1, 23, 1, 0; 0.303628419492; 0, 1, 0; 0, 1, 0; 1, 1, 1 / 2, 2, 0 / 3, 4, 0 ;
0,3; -0.300801, -0.897908, 0.990608 / -0.300801, -0.897908, 0.990608 / -0.300801, -0.897908, 0.990608; 1, 23, 1, 0; 0.414264763915; 1, 0, 1; 0, 1, 0; 4, 1, 2 ;
0,3; -0.187597, -0.897523, 0.948586 / -0.187597, -0.897523, 0.948586 / -0.187597, -0.897523, 0.948586; 1, 23, 1, 0; 0.414391286419; 1, 0, 1; 0, 1, 0; 4, 1, 2 ;
0,3; -0.169655, -1.081537, 0.911012 / -0.169655, -1.081537, 0.911012 / -0.169655, -1.081537, 0.911012; 1, 23, 1, 0; 0.303629653606; 1, 0, 1; 1, 0, 0; 2, 1, 2 ;
0,3; -0.486587, -0.629704, 1.110493 / -0.486587, -0.629704, 1.110493 / -0.486587, -0.629704, 1.110493; 1, 23, 1, 0; 0.413482638904; 1, 0, 1; 1, 0, 0; 2, 1, 2 ;
0,3; -0.303513, -0.898574, 0.994829 / -0.303513, -0.898574, 0.994829 / -0.303513, -0.898574, 0.994829; 1, 23, 1, 0; 0.414264497878; 0, 0, 0; 1, 0, 0; 3, 1, 3 ;
0,3; -0.184315, -0.896804, 0.949605 / -0.184315, -0.896804, 0.949605 / -0.184315, -0.896804, 0.949605; 1, 23, 1, 0; 0.414378457550; 1, 0, 1; 1, 0, 0; 1, 2, 0 / 2, 1, 2 ;
0,3; -0.196767, -0.895176, 0.949626 / -0.196767, -0.895176, 0.949626 / -0.196767, -0.895176, 0.949626; 1, 23, 1, 0; 0.414391766763; 1, 0, 1; 1, 0, 0; 2, 1, 2 ;
0,3; -0.213943, -0.875164, 0.993749 / -0.213943, -0.875164, 0.993749 / -0.213943, -0.875164, 0.993749; 1, 23, 1, 0; 0.414784059687; 1, 0, 1; 1, 0, 0; 2, 1, 2 ;
0,3; -0.222181, -0.865194, 0.999627 / -0.222181, -0.865194, 0.999627 / -0.222181, -0.865194, 0.999627; 1, 23, 1, 0; 0.414796238245; 1, 0, 1; 1, 0, 0; 2, 1, 2 ;
0,3; -0.217574, -0.866909, 1.000433 / -0.217574, -0.866909, 1.000433 / -0.217574, -0.866909, 1.000433; 1, 23, 1, 0; 0.414796459942; 1, 0, 1; 1, 0, 0; 3, 1, 2 ;
0,3; -1.837130, 1.272151, 1.983654 / -1.837130, 1.272151, 1.983654 / -1.837130, 1.272151, 1.983654; 1, 29, 1, 0; 0.897404886593; 1, 0, 1; 1, 0, 0; 3, 1, 2 ;
0,3; -1.741011, 1.132748, 1.920990 / -1.741011, 1.132748, 1.920990 / -1.741011, 1.132748, 1.920990; 1, 29, 1, 0; 0.944029899743; 1, 0, 1; 1, 0, 0; 2, 1, 2 ;
0,3; -1.176976, 0.339478, 1.556768 / -1.176976, 0.339478, 1.556768 / -1.176976, 0.339478, 1.556768; 1, 30, 1, 0; 0.174427994748; 1, 0, 1; 0, 1, 0; 1, 1, 2 ;
0,3; -1.173088, 0.336141, 1.563714 / -1.173088, 0.336141, 1.563714 / -1.173088, 0.336141, 1.563714; 1, 30, 1, 0; 0.174411317755; 1, 0, 1; 1, 0, 0; 2, 1, 2 ;
0,3; -1.176775, 0.330389, 1.555953 / -1.176775, 0.330389, 1.555953 / -1.176775, 0.330389, 1.555953; 1, 30, 1, 0; 0.174425559439; 1, 0, 1; 1, 0, 0; 2, 1, 2 ;
0,3; -2.721067, 2.518843, 2.556387 / -2.721061, 2.518871, 2.556395 / -2.721074, 2.518815, 2.556379; 1, 37, 1, 0; 0.391706145104; 2, 1, 1; 1, 1, 0; 1, 1, 1 / 2, 1, 2 / 4, 3, 0 ;
1,4; -0.2856, 1.09509, -3.32163 / -0.2856, 1.09509, -3.32163 / -0.2856, 1.09509, -3.32163; 1, 2, 1, 0; 0.295445402162; 1, 0, 1; 0, 1, 0; 4, 1, 2 ;
0,4; -0.202324, 1.031112, -3.242389 / -0.202324, 1.031112, -3.242389 / -0.202324, 1.031112, -3.242389; 1, 2, 1, 0; 0.296402189356; 1, 0, 1; 1, 0, 0; 3, 1, 2 ;
0,4; 0.365363, 0.667296, -2.686242 / 0.365363, 0.667296, -2.686242 / 0.365363, 0.667296, -2.686242; 1, 2, 1, 0; 0.834441918305; 1, 0, 1; 1, 0, 0; 3, 1, 2 ;
0,4; 2.353872, -0.594186, -0.786243 / 2.353872, -0.594186, -0.786243 / 2.353872, -0.594186, -0.786243; 1, 12, 1, 0; 0.495748524922; 1, 0, 1; 1, 0, 0; 3, 1, 2 ;
0,4; 2.720447, -0.823142, -0.430587 / 2.720447, -0.823142, -0.430587 / 2.720447, -0.823142, -0.430587; 1, 12, 1, 0; 0.754220497292; 0, 1, 0; 1, 0, 0; 2, 1, 1 ;
0,4; 2.953433, -0.972487, -0.209018 / 2.953433, -0.972487, -0.209018 / 2.953433, -0.972487, -0.209018; 1, 16, 1, 0; 0.356695383824; 1, 0, 1; 1, 0, 0; 2, 1, 2 ;
0,4; 2.814419, -1.134047, 0.173890 / 2.814419, -1.134047, 0.173890 / 2.814419, -1.134047, 0.173890; 1, 16, 1, 0; 0.824228822436; 0, 1, 0; 1, 0, 0; 2, 1, 1 ;
0,4; 2.826207, -1.138900, 0.224384 / 2.826207, -1.138900, 0.224384 / 2.826207, -1.138900, 0.224384; 1, 16, 1, 0; 0.824896884778; 1, 0, 1; 1, 0, 0; 2, 1, 2 ;
0,4; 3.822447, -1.525953, 0.628001 / 3.822608, -1.525742, 0.628505 / 3.822286, -1.526165, 0.627496; 1, 19, 1, 0; 0.804276313696; 2, 1, 1; 1, 1, 0; 1, 1, 1 / 2, 2, 0 / 2, 4, 2 ;
0,4; 3.393005, -1.256893, 0.231813 / 3.393005, -1.256893, 0.231813 / 3.393005, -1.256893, 0.231813; 1, 19, 1, 0; 0.248436747049; 1, 0, 1; 0, 1, 0; 4, 1, 2 ;
0,4; 3.638313, -1.411515, 0.452430 / 3.638313, -1.411515, 0.452430 / 3.638313, -1.411515, 0.452430; 1, 19, 1, 0; 0.450290123885; 0, 1, 0; 0, 1, 0; 1, 1, 1 ;
0,4; 3.829996, -1.530379, 0.650372 / 3.829996, -1.530379, 0.650372 / 3.829996, -1.530379, 0.650372; 1, 19, 1, 0; 0.804269675434; 1, 0, 1; 0, 1, 0; 1, 1, 2 / 1, 3, 0 ;
0,4; 3.830654, -1.534090, 0.648759 / 3.830654, -1.534090, 0.648759 / 3.830654, -1.534090, 0.648759; 1, 19, 1, 0; 0.804270615493; 0, 1, 0; 0, 1, 0; 4, 1, 1 ;
0,4; 3.297979, -1.185111, 0.118424 / 3.297979, -1.185111, 0.118424 / 3.297979, -1.185111, 0.118424; 1, 19, 1, 0; 0.221659435444; 1, 0, 1; 1, 0, 0; 2, 1, 2 ;
0,4; 3.399314, -1.262845, 0.223982 / 3.399314, -1.262845, 0.223982 / 3.399314, -1.262845, 0.223982; 1, 19, 1, 0; 0.248424251496; 1, 0, 1; 1, 0, 0; 2, 1, 2 ;
0,4; 3.840547, -1.539559, 0.643906 / 3.840547, -1.539559, 0.643906 / 3.840547, -1.539559, 0.643906; 1, 19, 1, 0; 0.804258763519; 1, 0, 1; 1, 0, 0; 2, 1, 2 ;
0,4; 3.826677, -1.525450, 0.645056 / 3.826677, -1.525450, 0.645056 / 3.826677, -1.525450, 0.645056; 1, 19, 1, 0; 0.804268691988; 1, 0, 1; 1, 0, 0; 3, 1, 2 / 4, 2, 0 ;
0,4; 3.828799, -1.532520, 0.645040 / 3.828799, -1.532520, 0.645040 / 3.828799, -1.532520, 0.645040; 1, 19, 1, 0; 0.804270723961; 1, 0, 1; 1, 0, 0; 2, 1, 2 ;
0,4; 3.971770, -1.613906, 0.774602 / 3.971770, -1.613906, 0.774602 / 3.971770, -1.613906, 0.774602; 1, 19, 1, 0; 0.869674898691; 1, 0, 1; 1, 0, 0; 2, 1, 2 ;
1,5; -0.103608, 3.20436, -3.00077 / -0.103608, 3.20436, -3.00077 / -0.103608, 3.20436, -3.00077; 1, 2, 1, 0; 0.816588129570; 1, 0, 1; 0, 1, 0; 4, 1, 2 ;
0,5; -0.093049, 3.293276, -3.216184 / -0.093049, 3.293276, -3.216184 / -0.093049, 3.293276, -3.216184; 1, 2, 1, 0; 0.151845178765; 1, 0, 1; 1, 0, 0; 3, 1, 2 ;
0,5; -0.107398, 3.203710, -2.997883 / -0.107398, 3.203710, -2.997883 / -0.107398, 3.203710, -2.997883; 1, 2, 1, 0; 0.816588552791; 1, 0, 1; 1, 0, 0; 3, 1, 2 ;
0,5; -0.122123, 3.074297, -2.667194 / -0.122123, 3.074297, -2.667194 / -0.122123, 3.074297, -2.667194; 1, 4, 1, 0; 0.179413101383; 0, 1, 0; 0, 1, 0; 4, 1, 1 ;
0,5; -0.151648, 2.848981, -2.102598 / -0.151648, 2.848981, -2.102598 / -0.151648, 2.848981, -2.102598; 1, 4, 1, 0; 0.831279258695; 0, 1, 0; 0, 1, 0; 1, 1, 1 ;
0,5; -0.138070, 2.953606, -2.365613 / -0.137950, 2.953970, -2.365500 / -0.138190, 2.953241, -2.365726; 1, 4, 1, 0; 0.275253335590; 1, 0, 2; 2, 0, 0; 1, 3, 0 / 2, 4, 2 / 3, 1, 2 ;
0,5; -0.136843, 2.974492, -2.411936 / -0.136843, 2.974492, -2.411936 / -0.136843, 2.974492, -2.411936; 1, 4, 1, 0; 0.275226779821; 1, 0, 1; 1, 0, 0; 3, 1, 2 ;
0,5; -0.138528, 2.960819, -2.383049 / -0.138528, 2.960819, -2.383049 / -0.138528, 2.960819, -2.383049; 1, 4, 1, 0; 0.275239586230; 1, 0, 1; 1, 0, 0; 3, 1, 2 ;
0,5; -0.137579, 2.956226, -2.364546 / -0.137579, 2.956226, -2.364546 / -0.137579, 2.956226, -2.364546; 1, 4, 1, 0; 0.275253424244; 1, 0, 1; 1, 0, 0; 2, 1, 2 ;
0,5; -0.176716, 2.637747, -1.557564 / -0.176716, 2.637747, -1.557564 / -0.176716, 2.637747, -1.557564; 1, 7, 1, 0; 0.082122806641; 1, 0, 1; 1, 0, 0; 2, 1, 2 ;
0,5; -0.178194, 2.638967, -1.577108 / -0.178194, 2.638967, -1.577108 / -0.178194, 2.638967, -1.577108; 1, 7, 1, 0; 0.082127843556; 0, 1, 0; 1, 0, 0; 3, 1, 1 ;
0,5; -0.208115, 2.427574, -1.045984 / -0.208115, 2.427574, -1.045984 / -0.208115, 2.427574, -1.045984; 1, 7, 1, 0; 0.639038562827; 1, 0, 1; 1, 0, 0; 2, 1, 2 ;
0,5; -0.207951, 2.385068, -0.971461 / -0.207951, 2.385068, -0.971461 / -0.207951, 2.385068, -0.971461; 1, 7, 1, 0; 0.639137260798; 1, 0, 1; 1, 0, 0; 3, 1, 2 ;
0,5; -0.246236, 2.228717, -0.527649 / -0.246236, 2.228717, -0.527649 / -0.246236, 2.228717, -0.527649; 1, 13, 1, 0; 0.483879001850; 1, 0, 1; 1, 0, 0; 3, 1, 2 ;
0,5; -0.239481, 2.211586, -0.507407 / -0.239481, 2.211586, -0.507407 / -0.239481, 2.211586, -0.507407; 1, 13, 1, 0; 0.483893084571; 1, 0, 1; 1, 0, 0; 2, 1, 2 ;
0,5; -0.252801, 2.030167, -0.075835 / -0.252801, 2.030167, -0.075835 / -0.252801, 2.030167, -0.075835; 1, 13, 1, 0; 0.745139306918; 1, 0, 1; 1, 0, 0; 3, 1, 2 ;
0,5; -0.250122, 2.085272, -0.185995 / -0.250122, 2.085272, -0.185995 / -0.250122, 2.085272, -0.185995; 1, 13, 1, 0; 0.745183407748; 0, 1, 0; 1, 0, 0; 3, 1, 1 ;
0,5; -0.251489, 2.079812, -0.178708 / -0.251489, 2.079812, -0.178708 / -0.251489, 2.079812, -0.178708; 1, 13, 1, 0; 0.745194246765; 1, 0, 1; 1, 0, 0; 3, 1, 2 ;
0,5; -0.253288, 2.062246, -0.138865 / -0.253288, 2.062246, -0.138865 / -0.253288, 2.062246, -0.138865; 1, 13, 1, 0; 0.745232764977; 1, 0, 1; 1, 0, 0; 2, 1, 2 ;
0,5; -0.278640, 1.866888, 0.361133 / -0.278640, 1.866888, 0.361133 / -0.278640, 1.866888, 0.361133; 1, 25, 1, 0; 0.018705396254; 1, 0, 1; 0, 1, 0; 4, 1, 2 ;
0,5; -0.279600, 1.870018, 0.361395 / -0.279600, 1.870018, 0.361395 / -0.279600, 1.870018, 0.361395; 1, 25, 1, 0; 0.018704273284; 1, 0, 1; 1, 0, 0; 2, 1, 2 ;
0,5; -0.276601, 1.869108, 0.361111 / -0.276601, 1.869108, 0.361111 / -0.276601, 1.869108, 0.361111; 1, 25, 1, 0; 0.018704376152; 0, 1, 0; 1, 0, 0; 3, 1, 1 ;
0,5; -0.292960, 1.708421, 0.757726 / -0.292960, 1.708421, 0.757726 / -0.292960, 1.708421, 0.757726; 1, 25, 1, 0; 0.662192379238; 1, 0, 1; 1, 0, 0; 2, 1, 2 ;
0,5; -0.351092, 1.322629, 1.742164 / -0.351092, 1.322629, 1.742164 / -0.351092, 1.322629, 1.742164; 1, 27, 1, 0; 0.393517881085; 1, 0, 1; 1, 0, 0; 3, 1, 2 ;
0,5; -0.352229, 1.319427, 1.756447 / -0.352229, 1.319427, 1.756447 / -0.352229, 1.319427, 1.756447; 1, 27, 1, 0; 0.393535487756; 1, 0, 1; 1, 0, 0; 3, 1, 2 ;
0,5; -0.366431, 1.217011, 1.996068 / -0.366431, 1.217011, 1.996068 / -0.366431, 1.217011, 1.996068; 1, 29, 1, 0; 0.929477363321; 1, 0, 1; 1, 0, 0; 2, 1, 2 ;
0,5; -0.388691, 0.973354, 2.621316 / -0.388691, 0.973354, 2.621316 / -0.388691, 0.973354, 2.621316; 1, 38, 1, 0; 0.845924291409; 1, 0, 1; 0, 1, 0; 1, 1, 2 ;
0,5; -0.404222, 0.847042, 2.919980 / -0.404222, 0.847042, 2.919980 / -0.404222, 0.847042, 2.919980; 1, 39, 1, 0; 0.296537419456; 1, 0, 1; 1, 0, 0; 2, 1, 2 ;
0,5; -0.418384, 0.739002, 3.217358 / -0.418384, 0.739002, 3.217358 / -0.418384, 0.739002, 3.217358; 1, 42, 1, 0; 0.237246915589; 1, 0, 1; 1, 0, 0; 3, 1, 2 ;
0,5; -0.439024, 0.602557, 3.547113 / -0.439024, 0.602557, 3.547113 / -0.439024, 0.602557, 3.547113; 1, 44, 1, 0; 0.882006366903; 0, 1, 0; 1, 0, 0; 1, 1, 0 / 2, 1, 1 ;
0,5; -0.433042, 0.640439, 3.445618 / -0.433042, 0.640439, 3.445618 / -0.433042, 0.640439, 3.445618; 1, 45, 1, 0; 0.008738107110; 1, 0, 1; 0, 1, 0; 4, 1, 2 ;
0,5; -0.427169, 0.635781, 3.444675 / -0.427169, 0.635781, 3.444675 / -0.427169, 0.635781, 3.444675; 1, 45, 1, 0; 0.008740515367; 1, 0, 1; 1, 0, 0; 3, 1, 2 ;
0,5; -0.492125, 0.260080, 4.415924 / -0.491917, 0.260329, 4.416804 / -0.492333, 0.259830, 4.415045; 1, 46, 1, 0; 0.945223906726; 0, 2, 0; 1, 1, 0; 1, 2, 0 / 1, 10, 0 / 3, 1, 1 / 3, 5, 0 / 4, 6, 0 / 4, 7, 1 ;
0,5; -0.451304, 0.519998, 3.753583 / -0.451304, 0.519998, 3.753583 / -0.451304, 0.519998, 3.753583; 1, 46, 1, 0; 0.255858856855; 1, 0, 1; 1, 0, 0; 3, 1, 2 ;
0,5; -0.485553, 0.260879, 4.410759 / -0.485553, 0.260879, 4.410759 / -0.485553, 0.260879, 4.410759; 1, 46, 1, 0; 0.945223470643; 1, 0, 1; 1, 0, 0; 2, 1, 2 ;
0,5; -0.486752, 0.264774, 4.412107 / -0.486752, 0.264774, 4.412107 / -0.486752, 0.264774, 4.412107; 1, 46, 1, 0; 0.945224241689; 0, 1, 0; 1, 0, 0; 2, 1, 1 ;
0,5; -0.491774, 0.260980, 4.422030 / -0.491774, 0.260980, 4.422030 / -0.491774, 0.260980, 4.422030; 1, 46, 1, 0; 0.945224936894; 1, 0, 1; 1, 0, 0; 2, 1, 2 ;
1,6; 2.38338, 2.82552, 0.102916 / 2.38338, 2.82552, 0.102916 / 2.38338, 2.82552, 0.102916; 1, 20, 1, 0; 0.215508542966; 1, 0, 1; 1, 0, 0; 3, 1, 2 ;
0,6; 1.376343, 2.593410, 0.528570 / 1.376343, 2.593410, 0.528570 / 1.376343, 2.593410, 0.528570; 1, 20, 1, 0; 0.493386106796; 1, 0, 1; 1, 0, 0; 2, 1, 2 ;
0,6; 1.712694, 2.664043, 0.389410 / 1.712694, 2.664043, 0.389410 / 1.712694, 2.664043, 0.389410; 1, 20, 1, 0; 0.493901042164; 0, 1, 0; 1, 0, 0; 3, 1, 1 ;
0,6; 0.445835, 2.358464, 0.920343 / 0.445835, 2.358464, 0.920343 / 0.445835, 2.358464, 0.920343; 1, 25, 1, 0; 0.606804243281; 1, 0, 1; 0, 1, 0; 4, 1, 2 ;
0,6; 0.018850, 2.253486, 1.095400 / 0.018850, 2.253486, 1.095400 / 0.018850, 2.253486, 1.095400; 1, 25, 1, 0; 0.880449513523; 1, 0, 1; 0, 1, 0; 1, 1, 2 ;
0,6; 0.096108, 2.270663, 1.062525 / 0.096108, 2.270663, 1.062525 / 0.096108, 2.270663, 1.062525; 1, 25, 1, 0; 0.882351909477; 1, 0, 1; 0, 1, 0; 1, 1, 2 ;
0,6; 0.380131, 2.338194, 0.942052 / 0.380131, 2.338194, 0.942052 / 0.380131, 2.338194, 0.942052; 1, 25, 1, 0; 0.876593630792; 1, 0, 1; 1, 0, 0; 2, 1, 2 ;
0,6; 0.016535, 2.259644, 1.098905 / 0.016535, 2.259644, 1.098905 / 0.016535, 2.259644, 1.098905; 1, 25, 1, 0; 0.880448750589; 1, 0, 1; 1, 0, 0; 3, 1, 2 ;
0,6; 0.097372, 2.274804, 1.068270 / 0.097372, 2.274804, 1.068270 / 0.097372, 2.274804, 1.068270; 1, 25, 1, 0; 0.882367785350; 1, 0, 1; 1, 0, 0; 3, 1, 2 ;
0,6; 0.947386, 2.478498, 0.709101 / 0.947708, 2.479265, 0.709739 / 0.947064, 2.477731, 0.708464; 1, 26, 1, 0; 0.066025811153; 1, 0, 2; 1, 1, 0; 1, 7, 0 / 1, 8, 0 / 3, 1, 2 / 3, 2, 0 / 4, 4, 0 / 4, 10, 2 ;
0,6; 0.944764, 2.477321, 0.709331 / 0.944764, 2.477321, 0.709331 / 0.944764, 2.477321, 0.709331; 1, 26, 1, 0; 0.066026899833; 0, 1, 0; 0, 1, 0; 4, 1, 1 ;
0,6; -0.859386, 2.038446, 1.460993 / -0.859386, 2.038446, 1.460993 / -0.859386, 2.038446, 1.460993; 1, 29, 1, 0; 0.241288901617; 0, 1, 0; 0, 1, 0; 1, 1, 1 / 2, 6, 0 / 3, 7, 0 ;
0,6; -2.330627, 1.682551, 2.069116 / -2.330627, 1.682551, 2.069116 / -2.330627, 1.682551, 2.069116; 1, 29, 1, 0; 0.850573388508; 1, 0, 1; 0, 1, 0; 4, 1, 2 ;
0,6; -2.947273, 1.533869, 2.324935 / -2.947273, 1.533869, 2.324935 / -2.947273, 1.533869, 2.324935; 1, 37, 1, 0; 0.083722775339; 1, 0, 1; 1, 0, 0; 2, 1, 2 ;
0,6; -1.144710, 0.888676, 3.224669 / -1.144667, 0.889625, 3.225143 / -1.144753, 0.887726, 3.224194; 1, 42, 1, 0; 0.252877211868; 2, 1, 1; 1, 1, 0; 2, 7, 2 / 2, 9, 0 / 3, 7, 0 / 4, 1, 1 ;
0,6; -1.014157, 0.684870, 3.581122 / -1.014043, 0.685299, 3.581916 / -1.014271, 0.684440, 3.580329; 1, 44, 1, 0; 0.993981216249; 2, 2, 1; 1, 2, 1; 1, 6, 1 / 2, 6, 0 / 3, 1, 2 / 4, 7, 1 ;
0,6; -1.013910, 0.682307, 3.589468 / -1.013910, 0.682307, 3.589468 / -1.013910, 0.682307, 3.589468; 1, 44, 1, 0; 0.993982503893; 1, 0, 1; 0, 1, 0; 4, 1, 2 ;
0,6; -1.013281, 0.684649, 3.568003 / -1.013281, 0.684649, 3.568003 / -1.013281, 0.684649, 3.568003; 1, 44, 1, 0; 0.993945796140; 1, 0, 1; 1, 0, 0; 3, 1, 2 ;
1,7; 1.77639, 3.22503, 2.0002 / 1.77639, 3.22503, 2.0002 / 1.77639, 3.22503, 2.0002; 1, 28, 1, 0; 0.448433623217; 0, 1, 0; 0, 1, 0; 4, 1, 1 ;
0,7; 1.572828, 3.157485, 2.040731 / 1.572828, 3.157485, 2.040731 / 1.572828, 3.157485, 2.040731; 1, 28, 1, 0; 0.445751745934; 1, 0, 1; 1, 0, 0; 3, 1, 2 ;
0,7; 1.776627, 3.223189, 1.999306 / 1.776627, 3.223189, 1.999306 / 1.776627, 3.223189, 1.999306; 1, 28, 1, 0; 0.448433761345; 0, 0, 0; 1, 0, 0; 2, 1, 3 ;
0,7; 0.698894, 2.576462, 2.007583 / 0.698894, 2.576462, 2.007583 / 0.698894, 2.576462, 2.007583; 1, 30, 1, 0; 0.965513840345; 0, 1, 0; 0, 1, 0; 1, 1, 1 ;
0,7; 0.742158, 2.293567, 2.105782 / 0.742158, 2.293567, 2.105782 / 0.742158, 2.293567, 2.105782; 1, 30, 1, 0; 0.945675457156; 1, 0, 1; 1, 0, 0; 3, 1, 2 ;
0,7; 0.749046, 2.524950, 2.215517 / 0.749232, 2.525443, 2.215722 / 0.748859, 2.524457, 2.215313; 1, 31, 1, 0; 0.342545891772; 1, 0, 2; 1, 1, 0; 2, 1, 2 / 4, 1, 2 ;
0,7; 0.097355, 2.718333, 2.298610 / 0.097355, 2.718333, 2.298610 / 0.097355, 2.718333, 2.298610; 1, 31, 1, 0; 0.353163844422; 0, 0, 0; 0, 1, 0; 1, 1, 3 / 3, 4, 0 ;
0,7; 0.443360, 2.786552, 2.182467 / 0.443360, 2.786552, 2.182467 / 0.443360, 2.786552, 2.182467; 1, 31, 1, 0; 0.299928342300; 1, 0, 1; 1, 0, 0; 3, 1, 2 ;
0,7; 0.444787, 2.794937, 2.170442 / 0.444787, 2.794937, 2.170442 / 0.444787, 2.794937, 2.170442; 1, 31, 1, 0; 0.299930468347; 1, 0, 1; 1, 0, 0; 2, 1, 2 / 4, 2, 0 ;
0,7; 0.753472, 2.526161, 2.228550 / 0.753472, 2.526161, 2.228550 / 0.753472, 2.526161, 2.228550; 1, 31, 1, 0; 0.342540626226; 1, 0, 1; 1, 0, 0; 3, 1, 2 ;
0,7; 0.755337, 2.527263, 2.212993 / 0.755337, 2.527263, 2.212993 / 0.755337, 2.527263, 2.212993; 1, 31, 1, 0; 0.342546894209; 1, 0, 1; 1, 0, 0; 2, 1, 2 ;
0,7; 0.744965, 2.522052, 2.224977 / 0.744965, 2.522052, 2.224977 / 0.744965, 2.522052, 2.224977; 1, 31, 1, 0; 0.342562040917; 0, 0, 0; 1, 0, 0; 2, 1, 3 ;
0,7; 0.736756, 2.519105, 2.223850 / 0.736756, 2.519105, 2.223850 / 0.736756, 2.519105, 2.223850; 1, 31, 1, 0; 0.342562536627; 0, 1, 0; 1, 0, 0; 3, 1, 1 ;
0,7; 0.743380, 2.523032, 2.208943 / 0.743380, 2.523032, 2.208943 / 0.743380, 2.523032, 2.208943; 1, 31, 1, 0; 0.342566381137; 1, 0, 1; 1, 0, 0; 3, 1, 2 ;
0,7; -1.680306, 2.045442, 2.525369 / -1.680030, 2.045899, 2.525525 / -1.680583, 2.044986, 2.525213; 1, 37, 1, 0; 0.441581096885; 2, 1, 1; 1, 1, 0; 1, 10, 1 / 2, 1, 2 ;
0,7; -2.375727, 1.974361, 2.740078 / -2.375026, 1.974387, 2.740511 / -2.376427, 1.974335, 2.739644; 1, 37, 1, 0; 0.458496574147; 2, 1, 1; 1, 1, 0; 2, 1, 2 / 4, 9, 1 ;
0,7; -1.387014, 2.271426, 2.563416 / -1.387014, 2.271426, 2.563416 / -1.387014, 2.271426, 2.563416; 1, 37, 1, 0; 0.433137502526; 1, 0, 1; 0, 1, 0; 4, 1, 2 ;
0,7; -1.676134, 2.191784, 2.618370 / -1.676134, 2.191784, 2.618370 / -1.676134, 2.191784, 2.618370; 1, 37, 1, 0; 0.423686633970; 1, 0, 1; 1, 0, 0; 3, 1, 2 ;
0,7; -1.676640, 2.045201, 2.525903 / -1.676640, 2.045201, 2.525903 / -1.676640, 2.045201, 2.525903; 1, 37, 1, 0; 0.441583132803; 1, 0, 1; 1, 0, 0; 3, 1, 2 / 4, 1, 0 ;
0,7; -1.679908, 2.060605, 2.524473 / -1.679908, 2.060605, 2.524473 / -1.679908, 2.060605, 2.524473; 1, 37, 1, 0; 0.444381938194; 1, 0, 1; 1, 0, 0; 2, 1, 2 ;
0,7; -1.686478, 2.089130, 2.530580 / -1.686478, 2.089130, 2.530580 / -1.686478, 2.089130, 2.530580; 1, 37, 1, 0; 0.444393097473; 1, 0, 1; 1, 0, 0; 2, 1, 2 ;
0,7; -1.685430, 2.082556, 2.531271 / -1.685430, 2.082556, 2.531271 / -1.685430, 2.082556, 2.531271; 1, 37, 1, 0; 0.444393556703; 1, 0, 1; 1, 0, 0; 3, 1, 2 ;
0,7; -1.691280, 2.163871, 2.604835 / -1.691280, 2.163871, 2.604835 / -1.691280, 2.163871, 2.604835; 1, 37, 1, 0; 0.447804407992; 1, 0, 1; 1, 0, 0; 3, 1, 2 ;
0,7; -2.662013, 1.887662, 2.791859 / -2.662013, 1.887662, 2.791859 / -2.662013, 1.887662, 2.791859; 1, 39, 1, 0; 0.907935926450; 0, 1, 0; 0, 1, 0; 1, 1, 1 ;
0,7; -2.660294, 1.882351, 2.791037 / -2.660294, 1.882351, 2.791037 / -2.660294, 1.882351, 2.791037; 1, 39, 1, 0; 0.907933946252; 1, 0, 1; 1, 0, 0; 3, 1, 2 ;
1,8; 1.00689, 3.79697, -1.07176 / 1.00689, 3.79697, -1.07176 / 1.00689, 3.79697, -1.07176; 1, 7, 1, 0; 0.823552779201; 1, 0, 1; 0, 1, 0; 1, 1, 2 ;
0,8; 1.010575, 3.799879, -1.066071 / 1.010575, 3.799879, -1.066071 / 1.010575, 3.799879, -1.066071; 1, 7, 1, 0; 0.823562137125; 1, 0, 1; 1, 0, 0; 2, 1, 2 ;
0,8; 0.296624, 3.528841, -0.458295 / 0.297530, 3.528911, -0.457497 / 0.295718, 3.528770, -0.459094; 1, 13, 1, 0; 0.644258589044; 1, 0, 2; 1, 1, 0; 1, 7, 0 / 2, 4, 0 / 3, 8, 2 / 4, 1, 2 ;
0,8; 0.447684, 3.588249, -0.594551 / 0.447827, 3.588288, -0.594239 / 0.447541, 3.588210, -0.594863; 1, 13, 1, 0; 0.645013067140; 2, 1, 1; 1, 1, 0; 3, 1, 2 / 4, 1, 1 ;
0,8; 0.291198, 3.519852, -0.461129 / 0.291198, 3.519852, -0.461129 / 0.291198, 3.519852, -0.461129; 1, 13, 1, 0; 0.644260183198; 1, 0, 1; 1, 0, 0; 2, 1, 2 / 3, 10, 0 ;
0,8; 0.290286, 3.524309, -0.461819 / 0.290286, 3.524309, -0.461819 / 0.290286, 3.524309, -0.461819; 1, 13, 1, 0; 0.644260300144; 1, 0, 1; 1, 0, 0; 3, 1, 2 / 4, 2, 0 ;
0,8; 0.290069, 3.525928, -0.455155 / 0.290069, 3.525928, -0.455155 / 0.290069, 3.525928, -0.455155; 1, 13, 1, 0; 0.644260472485; 1, 0, 1; 1, 0, 0; 3, 1, 2 ;
0,8; 0.030277, 3.430019, -0.235441 / 0.030277, 3.430019, -0.235441 / 0.030277, 3.430019, -0.235441; 1, 17, 1, 0; 0.260803119830; 0, 0, 0; 0, 1, 0; 4, 1, 3 ;
0,8; -0.489269, 3.233541, 0.209903 / -0.489269, 3.233541, 0.209903 / -0.489269, 3.233541, 0.209903; 1, 17, 1, 0; 0.502478483689; 1, 0, 1; 0, 1, 0; 4, 1, 2 ;
0,8; -0.484586, 3.239793, 0.202408 / -0.484586, 3.239793, 0.202408 / -0.484586, 3.239793, 0.202408; 1, 17, 1, 0; 0.502479801869; 1, 0, 1; 0, 1, 0; 4, 1, 2 ;
0,8; 0.028150, 3.427294, -0.230655 / 0.028150, 3.427294, -0.230655 / 0.028150, 3.427294, -0.230655; 1, 17, 1, 0; 0.260816036591; 1, 0, 1; 1, 0, 0; 3, 1, 2 ;
0,8; -0.533463, 3.225281, 0.251368 / -0.533463, 3.225281, 0.251368 / -0.533463, 3.225281, 0.251368; 1, 17, 1, 0; 0.501804852294; 1, 0, 1; 1, 0, 0; 2, 1, 2 ;
0,8; -0.519797, 3.220560, 0.238496 / -0.519797, 3.220560, 0.238496 / -0.519797, 3.220560, 0.238496; 1, 17, 1, 0; 0.501808353490; 1, 0, 1; 1, 0, 0; 1, 2, 0 / 2, 1, 2 ;
0,8; -2.044960, 2.637301, 1.563091 / -2.044514, 2.637691, 1.563264 / -2.045407, 2.636910, 1.562918; 1, 24, 1, 0; 0.981335503008; 1, 0, 2; 2, 0, 0; 2, 1, 2 / 3, 5, 2 ;
0,8; -2.027774, 2.649959, 1.534582 / -2.027774, 2.649959, 1.534582 / -2.027774, 2.649959, 1.534582; 1, 24, 1, 0; 0.444709857685; 1, 0, 1; 1, 0, 0; 2, 1, 2 ;
0,8; -2.043770, 2.637066, 1.562990 / -2.043025, 2.637221, 1.563264 / -2.044514, 2.636910, 1.562716; 1, 24, 1, 0; 0.981335532568; 1, 0, 1; 2, 0, 0; 2, 7, 2 / 3, 1, 2 ;
0,8; -0.724363, 3.144634, 0.415855 / -0.724363, 3.144634, 0.415855 / -0.724363, 3.144634, 0.415855; 1, 25, 1, 0; 0.160933659080; 1, 0, 1; 1, 0, 0; 3, 1, 2 ;
0,8; -1.522294, 2.841037, 1.101732 / -1.522294, 2.841037, 1.101732 / -1.522294, 2.841037, 1.101732; 1, 25, 1, 0; 0.964041481291; 1, 0, 1; 1, 0, 0; 2, 1, 2 ;
0,8; -1.413868, 2.874892, 1.015064 / -1.413868, 2.874892, 1.015064 / -1.413868, 2.874892, 1.015064; 1, 25, 1, 0; 0.966220436329; 1, 0, 1; 1, 0, 0; 3, 1, 2 ;
0,8; -1.418462, 2.884717, 1.019192 / -1.418462, 2.884717, 1.019192 / -1.418462, 2.884717, 1.019192; 1, 25, 1, 0; 0.966224533882; 1, 0, 1; 1, 0, 0; 3, 1, 2 ;
0,8; -2.455560, 2.480497, 1.913203 / -2.455560, 2.480497, 1.913203 / -2.455560, 2.480497, 1.913203; 1, 29, 1, 0; 0.690697297002; 1, 0, 1; 1, 0, 0; 2, 4, 0 / 2, 5, 0 / 2, 6, 0 / 3, 1, 2 / 4, 1, 0 ;
0,8; -2.410689, 2.502507, 1.873201 / -2.410689, 2.502507, 1.873201 / -2.410689, 2.502507, 1.873201; 1, 29, 1, 0; 0.690940262857; 1, 0, 1; 1, 0, 0; 3, 1, 2 ;
0,8; -2.973789, 2.289572, 2.361658 / -2.973789, 2.289572, 2.361658 / -2.973789, 2.289572, 2.361658; 1, 37, 1, 0; 0.226210927215; 1, 0, 1; 1, 0, 0; 3, 1, 2 / 4, 1, 0 ;
1,9; 2.8126, 0.80313, -3.0018 / 2.8126, 0.80313, -3.0018 / 2.8126, 0.80313, -3.0018; 1, 3, 1, 0; 0.254852343476; 1, 0, 1; 1, 0, 0; 1, 9, 0 / 1, 10, 0 / 2, 1, 2 ;
0,9; 2.914144, 0.167058, -2.449033 / 2.914144, 0.167058, -2.449033 / 2.914144, 0.167058, -2.449033; 1, 4, 1, 0; 0.488966646115; 1, 0, 1; 0, 1, 0; 1, 1, 2 ;
0,9; 2.983996, -0.315118, -2.033214 / 2.983996, -0.315118, -2.033214 / 2.983996, -0.315118, -2.033214; 1, 4, 1, 0; 0.540084478778; 1, 0, 1; 0, 1, 0; 1, 1, 2 ;
0,9; 2.986368, -0.321721, -2.030173 / 2.986368, -0.321721, -2.030173 / 2.986368, -0.321721, -2.030173; 1, 4, 1, 0; 0.540085050996; 1, 0, 1; 0, 1, 0; 1, 1, 2 ;
0,9; 2.979351, -0.286310, -2.060597 / 2.979351, -0.286310, -2.060597 / 2.979351, -0.286310, -2.060597; 1, 4, 1, 0; 0.581599950838; 1, 0, 1; 0, 1, 0; 1, 1, 2 ;
0,9; 2.985492, -0.310929, -2.035410 / 2.985492, -0.310929, -2.035410 / 2.985492, -0.310929, -2.035410; 1, 4, 1, 0; 0.540084067747; 1, 0, 1; 1, 0, 0; 3, 1, 2 ;
0,9; 3.133542, -1.333937, -1.151754 / 3.133542, -1.333937, -1.151754 / 3.133542, -1.333937, -1.151754; 1, 11, 1, 0; 0.573775530639; 1, 0, 1; 0, 1, 0; 4, 1, 2 ;
0,9; 3.137618, -1.336853, -1.152552 / 3.137618, -1.336853, -1.152552 / 3.137618, -1.336853, -1.152552; 1, 11, 1, 0; 0.573774792528; 1, 0, 1; 1, 0, 0; 3, 1, 2 ;
0,9; 3.225662, -1.934211, -0.644316 / 3.225662, -1.934211, -0.644316 / 3.225662, -1.934211, -0.644316; 1, 11, 1, 0; 0.985150849343; 1, 0, 1; 1, 0, 0; 2, 1, 2 ;
0,9; 3.221083, -1.913098, -0.646015 / 3.221083, -1.913098, -0.646015 / 3.221083, -1.913098, -0.646015; 1, 11, 1, 0; 0.985170583806; 1, 0, 1; 1, 0, 0; 2, 1, 2 ;
0,9; 3.228517, -1.981636, -0.588106 / 3.228517, -1.981636, -0.588106 / 3.228517, -1.981636, -0.588106; 1, 12, 1, 0; 0.636020258579; 1, 0, 1; 1, 0, 0; 2, 1, 2 ;
