1,0; 2.831, -3.37565, -0.898725 / 2.83104, -3.37513, -0.898395 / 2.83096, -3.37617, -0.899055; 1, 15, 1, 0; 0.023331029532; 1, 0, 2; 1, 1, 0; 1, 4, 2 / 3, 1, 2 ;
0,0; 2.012475, -2.682950, -0.203108 / 2.012565, -2.682815, -0.202468 / 2.012385, -2.683086, -0.203748; 1, 15, 1, 0; 0.422455049076; 1, 0, 2; 1, 1, 0; 2, 5, 2 / 4, 1, 2 ;
0,0; 1.709317, -2.425829, 0.054659 / 1.709497, -2.425329, 0.055112 / 1.709137, -2.426329, 0.054206; 1, 15, 1, 0; 0.708226976716; 2, 1, 1; 1, 1, 0; 1, 5, 0 / 2, 5, 0 / 3, 3, 1 / 4, 1, 2 ;
0,0; 2.031815, -2.699172, -0.222018 / 2.031815, -2.699172, -0.222018 / 2.031815, -2.699172, -0.222018; 1, 15, 1, 0; 0.422436290504; 0, 1, 0; 0, 1, 0; 1, 1, 1 ;
0,0; 2.712240, -3.276774, -0.807435 / 2.712240, -3.276774, -0.807435 / 2.712240, -3.276774, -0.807435; 1, 15, 1, 0; 0.027831131327; 1, 0, 1; 1, 0, 0; 3, 1, 2 ;
0,0; 1.350274, -2.122253, 0.360838 / 1.350274, -2.122253, 0.360838 / 1.350274, -2.122253, 0.360838; 1, 18, 1, 0; 0.415127437934; 1, 0, 1; 0, 1, 0; 4, 1, 2 ;
0,0; 1.346821, -2.116639, 0.364903 / 1.346821, -2.116639, 0.364903 / 1.346821, -2.116639, 0.364903; 1, 18, 1, 0; 0.415126740485; 1, 0, 1; 1, 0, 0; 3, 1, 2 ;
0,0; 0.203028, -1.150500, 1.344719 / 0.203028, -1.150500, 1.344719 / 0.203028, -1.150500, 1.344719; 1, 23, 1, 0; 0.898708333888; 1, 0, 1; 0, 1, 0; 1, 1, 2 ;
0,0; 0.514709, -1.415356, 1.073410 / 0.514709, -1.415356, 1.073410 / 0.514709, -1.415356, 1.073410; 1, 23, 1, 0; 0.366167582275; 1, 0, 1; 1, 0, 0; 3, 1, 2 ;
0,0; 0.157566, -1.112106, 1.380306 / 0.157566, -1.112106, 1.380306 / 0.157566, -1.112106, 1.380306; 1, 23, 1, 0; 0.899123446827; 0, 0, 0; 1, 0, 0; 3, 1, 3 ;
0,0; -0.449852, -0.597646, 1.904459 / -0.449852, -0.597646, 1.904459 / -0.449852, -0.597646, 1.904459; 1, 30, 1, 0; 0.600070584981; 1, 0, 1; 0, 1, 0; 4, 1, 2 ;
0,0; -0.540083, -0.516739, 1.983482 / -0.540083, -0.516739, 1.983482 / -0.540083, -0.516739, 1.983482; 1, 30, 1, 0; 0.601842447232; 1, 0, 1; 1, 0, 0; 3, 1, 2 ;
0,0; -0.949311, -0.171246, 2.331502 / -0.949311, -0.171246, 2.331502 / -0.949311, -0.171246, 2.331502; 1, 31, 1, 0; 0.924082032369; 1, 0, 1; 1, 0, 0; 2, 1, 2 ;
0,0; -0.805449, -0.297694, 2.199339 / -0.805449, -0.297694, 2.199339 / -0.805449, -0.297694, 2.199339; 1, 31, 1, 0; 0.926111658229; 1, 0, 1; 1, 0, 0; 2, 1, 2 ;
0,0; -0.869685, -0.237925, 2.261676 / -0.869685, -0.237925, 2.261676 / -0.869685, -0.237925, 2.261676; 1, 31, 1, 0; 0.926754154054; 1, 0, 1; 1, 0, 0; 3, 1, 2 ;
0,0; -1.170026, -0.104358, 2.568522 / -1.170026, -0.104358, 2.568522 / -1.170026, -0.104358, 2.568522; 1, 34, 1, 0; 0.885705504791; 0, 1, 0; 0, 1, 0; 1, 1, 1 ;
0,0; -1.154538, -0.220857, 2.618897 / -1.154538, -0.220857, 2.618897 / -1.154538, -0.220857, 2.618897; 1, 34, 1, 0; 0.887034916644; 1, 0, 1; 0, 1, 0; 1, 1, 2 ;
0,0; -1.153925, -0.220938, 2.621162 / -1.153925, -0.220938, 2.621162 / -1.153925, -0.220938, 2.621162; 1, 34, 1, 0; 0.887056594548; 1, 0, 1; 1, 0, 0; 3, 1, 2 ;
0,0; -1.777795, 0.410729, 2.964948 / -1.777795, 0.410729, 2.964948 / -1.777795, 0.410729, 2.964948; 1, 39, 1, 0; 0.097751752318; 1, 0, 1; 1, 0, 0; 3, 1, 2 ;
0,0; -1.543248, 0.336490, 2.838176 / -1.543248, 0.336490, 2.838176 / -1.543248, 0.336490, 2.838176; 1, 39, 1, 0; 0.100972418670; 1, 0, 1; 1, 0, 0; 2, 1, 2 ;
0,0; -2.028148, 0.754787, 3.254397 / -2.028148, 0.754787, 3.254397 / -2.028148, 0.754787, 3.254397; 1, 42, 1, 0; 0.281606251017; 0, 1, 0; 0, 1, 0; 4, 1, 1 ;
0,0; -2.026744, 0.760674, 3.258643 / -2.026744, 0.760674, 3.258643 / -2.026744, 0.760674, 3.258643; 1, 42, 1, 0; 0.281642341857; 0, 1, 0; 0, 1, 0; 1, 1, 1 ;
0,0; -2.028968, 0.764515, 3.257543 / -2.028357, 0.764783, 3.257766 / -2.029579, 0.764247, 3.257319; 1, 42, 1, 0; 0.281641653419; 2, 1, 1; 2, 0, 0; 2, 1, 2 / 3, 7, 1 ;
0,0; -2.030291, 0.765648, 3.259432 / -2.030291, 0.765648, 3.259432 / -2.030291, 0.765648, 3.259432; 1, 42, 1, 0; 0.281641403078; 1, 0, 1; 1, 0, 0; 3, 1, 2 ;
1,1; -0.473934, 0.546801, -0.218143 / -0.472972, 0.547392, -0.217983 / -0.474896, 0.546209, -0.218304; 1, 13, 1, 0; 0.996247871896; 2, 2, 1; 3, 0, 0; 2, 7, 1 / 3, 1, 2 / 3, 10, 1 ;
0,1; -0.410416, 0.515661, -0.213097 / -0.410416, 0.515661, -0.213097 / -0.410416, 0.515661, -0.213097; 1, 13, 1, 0; 0.996006711451; 1, 0, 1; 1, 0, 0; 2, 1, 2 ;
0,1; -0.474323, 0.546806, -0.214695 / -0.474323, 0.546806, -0.214695 / -0.474323, 0.546806, -0.214695; 1, 13, 1, 0; 0.996247145602; 1, 0, 1; 1, 0, 0; 3, 1, 2 ;
0,1; -2.736920, 1.642318, -0.405063 / -2.735827, 1.642982, -0.404582 / -2.738013, 1.641653, -0.405543; 1, 14, 1, 0; 0.285535358832; 2, 3, 1; 1, 3, 1; 1, 1, 2 / 1, 8, 1 / 3, 1, 0 / 3, 6, 1 / 4, 4, 0 / 4, 6, 1 ;
0,1; -2.480228, 1.517433, -0.382452 / -2.479851, 1.517522, -0.382223 / -2.480604, 1.517343, -0.382681; 1, 14, 1, 0; 0.305459073322; 1, 0, 2; 2, 0, 0; 2, 2, 2 / 3, 1, 2 ;
0,1; -1.726766, 1.153862, -0.320099 / -1.726519, 1.154224, -0.319587 / -1.727013, 1.153499, -0.320612; 1, 14, 1, 0; 0.344334308291; 2, 1, 1; 2, 0, 0; 1, 4, 0 / 2, 1, 2 / 2, 5, 1 ;
0,1; -3.505376, 1.914071, -0.442811 / -3.505376, 1.914071, -0.442811 / -3.505376, 1.914071, -0.442811; 1, 14, 1, 0; 0.267055960352; 1, 0, 1; 1, 0, 0; 2, 1, 2 ;
0,1; -3.642999, 2.080698, -0.482814 / -3.642999, 2.080698, -0.482814 / -3.642999, 2.080698, -0.482814; 1, 14, 1, 0; 0.267388843136; 1, 0, 1; 1, 0, 0; 2, 1, 2 ;
0,1; -3.801051, 2.141467, -0.492809 / -3.801051, 2.141467, -0.492809 / -3.801051, 2.141467, -0.492809; 1, 14, 1, 0; 0.271392736812; 1, 0, 1; 1, 0, 0; 3, 1, 2 ;
0,1; -3.120760, 1.827662, -0.435369 / -3.120760, 1.827662, -0.435369 / -3.120760, 1.827662, -0.435369; 1, 14, 1, 0; 0.281918543029; 0, 1, 0; 1, 0, 0; 3, 1, 1 ;
0,1; -2.740035, 1.642851, -0.408166 / -2.740035, 1.642851, -0.408166 / -2.740035, 1.642851, -0.408166; 1, 14, 1, 0; 0.285535481933; 1, 0, 1; 1, 0, 0; 2, 1, 2 / 4, 5, 0 ;
0,1; -1.726960, 1.155049, -0.319495 / -1.726908, 1.155873, -0.319403 / -1.727013, 1.154224, -0.319587; 1, 14, 1, 0; 0.344334332911; 1, 0, 1; 2, 0, 0; 2, 1, 1 / 2, 7, 2 ;
0,1; 0.203811, 0.226363, -0.153032 / 0.204438, 0.226664, -0.151944 / 0.203185, 0.226061, -0.154121; 1, 16, 1, 0; 0.495706503686; 2, 1, 1; 1, 1, 0; 2, 1, 2 / 2, 9, 0 / 4, 10, 1 ;
0,1; 0.567448, -0.181108, 0.139071 / 0.567448, -0.181108, 0.139071 / 0.567448, -0.181108, 0.139071; 1, 16, 1, 0; 0.715302568203; 1, 0, 1; 0, 1, 0; 1, 1, 2 ;
0,1; 2.534071, -0.911151, 0.028623 / 2.534071, -0.911151, 0.028623 / 2.534071, -0.911151, 0.028623; 1, 16, 1, 0; 0.818775462368; 0, 1, 0; 0, 1, 0; 1, 1, 1 / 2, 1, 0 ;
0,1; 2.523045, -0.904761, 0.027551 / 2.523045, -0.904761, 0.027551 / 2.523045, -0.904761, 0.027551; 1, 16, 1, 0; 0.818786291576; 0, 1, 0; 0, 1, 0; 3, 9, 0 / 4, 1, 1 ;
0,1; 2.810642, -1.045737, 0.052150 / 2.810642, -1.045737, 0.052150 / 2.810642, -1.045737, 0.052150; 1, 16, 1, 0; 0.824078285061; 1, 0, 1; 0, 1, 0; 1, 1, 2 / 1, 9, 0 / 1, 10, 0 ;
0,1; 1.354358, -0.336876, -0.067578 / 1.354358, -0.336876, -0.067578 / 1.354358, -0.336876, -0.067578; 1, 16, 1, 0; 0.423069628391; 1, 0, 1; 1, 0, 0; 2, 1, 2 ;
0,1; 0.973012, -0.160847, -0.094638 / 0.973012, -0.160847, -0.094638 / 0.973012, -0.160847, -0.094638; 1, 16, 1, 0; 0.455628013694; 1, 0, 1; 1, 0, 0; 3, 1, 2 ;
0,1; 0.201369, 0.224086, -0.156730 / 0.201369, 0.224086, -0.156730 / 0.201369, 0.224086, -0.156730; 1, 16, 1, 0; 0.495705827279; 1, 0, 1; 1, 0, 0; 2, 1, 2 ;
0,1; 0.201651, 0.224705, -0.144759 / 0.201651, 0.224705, -0.144759 / 0.201651, 0.224705, -0.144759; 1, 16, 1, 0; 0.495717861965; 1, 0, 1; 1, 0, 0; 3, 1, 2 ;
0,1; 0.426774, 0.122267, -0.149315 / 0.426774, 0.122267, -0.149315 / 0.426774, 0.122267, -0.149315; 1, 16, 1, 0; 0.499499331630; 1, 0, 1; 1, 0, 0; 2, 1, 2 ;
0,1; 0.565084, -0.204091, 0.135381 / 0.565084, -0.204091, 0.135381 / 0.565084, -0.204091, 0.135381; 1, 16, 1, 0; 0.715108546569; 1, 0, 1; 1, 0, 0; 3, 1, 2 ;
0,1; 0.561861, -0.198738, 0.144961 / 0.561861, -0.198738, 0.144961 / 0.561861, -0.198738, 0.144961; 1, 16, 1, 0; 0.715119911545; 1, 0, 1; 1, 0, 0; 3, 1, 2 ;
0,1; 0.560741, -0.206820, 0.159370 / 0.560741, -0.206820, 0.159370 / 0.560741, -0.206820, 0.159370; 1, 16, 1, 0; 0.715131678346; 1, 0, 1; 1, 0, 0; 2, 1, 2 ;
0,1; 0.562704, -0.198765, 0.154962 / 0.562704, -0.198765, 0.154962 / 0.562704, -0.198765, 0.154962; 1, 16, 1, 0; 0.715131999807; 1, 0, 1; 1, 0, 0; 3, 1, 2 ;
0,1; 0.556847, -0.203588, 0.162543 / 0.556847, -0.203588, 0.162543 / 0.556847, -0.203588, 0.162543; 1, 16, 1, 0; 0.715143224144; 1, 0, 1; 1, 0, 0; 2, 1, 2 ;
0,1; 0.560681, -0.208417, 0.169871 / 0.560681, -0.208417, 0.169871 / 0.560681, -0.208417, 0.169871; 1, 16, 1, 0; 0.715143632667; 1, 0, 1; 1, 0, 0; 3, 1, 2 ;
0,1; 0.562664, -0.190249, 0.141588 / 0.562664, -0.190249, 0.141588 / 0.562664, -0.190249, 0.141588; 1, 16, 1, 0; 0.715315908823; 1, 0, 1; 1, 0, 0; 2, 1, 2 ;
0,1; 2.578139, -0.917181, 0.032448 / 2.578139, -0.917181, 0.032448 / 2.578139, -0.917181, 0.032448; 1, 16, 1, 0; 0.818739813714; 1, 0, 1; 1, 0, 0; 2, 1, 2 / 4, 3, 0 ;
0,1; 3.313689, -1.288500, 0.087884 / 3.313689, -1.288500, 0.087884 / 3.313689, -1.288500, 0.087884; 1, 19, 1, 0; 0.247051693118; 1, 0, 1; 1, 0, 0; 2, 1, 2 ;
0,1; 0.403945, -0.299244, 0.330352 / 0.403945, -0.299244, 0.330352 / 0.403945, -0.299244, 0.330352; 1, 23, 1, 0; 0.078987398740; 0, 1, 0; 1, 0, 0; 3, 1, 1 ;
1,2; -3.5114, -0.703999, -2.64182 / -3.5114, -0.703999, -2.64182 / -3.5114, -0.703999, -2.64182; 1, 2, 1, 0; 0.972288927598; 1, 0, 1; 1, 0, 0; 2, 1, 2 ;
0,2; -2.390309, 0.485441, -1.828282 / -2.390309, 0.485441, -1.828282 / -2.390309, 0.485441, -1.828282; 1, 6, 1, 0; 0.742323591135; 0, 0, 0; 1, 0, 0; 3, 1, 3 ;
0,2; -1.328271, 1.610867, -1.052994 / -1.328271, 1.610867, -1.052994 / -1.328271, 1.610867, -1.052994; 1, 7, 1, 0; 0.573283051113; 1, 0, 1; 0, 1, 0; 4, 1, 2 ;
0,2; -1.287441, 1.646256, -1.025717 / -1.287441, 1.646256, -1.025717 / -1.287441, 1.646256, -1.025717; 1, 7, 1, 0; 0.574281925094; 1, 0, 1; 0, 1, 0; 4, 1, 2 ;
0,2; -1.007977, 1.948540, -0.821662 / -1.007977, 1.948540, -0.821662 / -1.007977, 1.948540, -0.821662; 1, 7, 1, 0; 0.908197858212; 1, 0, 1; 0, 1, 0; 1, 1, 2 ;
0,2; -1.059558, 1.892048, -0.860412 / -1.059192, 1.892501, -0.859996 / -1.059924, 1.891596, -0.860829; 1, 7, 1, 0; 0.907206577956; 2, 1, 1; 2, 0, 0; 3, 1, 2 / 3, 3, 1 ;
0,2; -1.337106, 1.608427, -1.055745 / -1.337106, 1.608427, -1.055745 / -1.337106, 1.608427, -1.055745; 1, 7, 1, 0; 0.573281522140; 1, 0, 1; 1, 0, 0; 2, 1, 2 / 3, 1, 0 / 4, 1, 0 / 4, 2, 0 ;
0,2; -0.525380, 2.434243, -0.479868 / -0.525380, 2.434243, -0.479868 / -0.525380, 2.434243, -0.479868; 1, 13, 1, 0; 0.481930582279; 1, 0, 1; 1, 0, 0; 2, 1, 2 ;
0,2; 1.152610, 4.226619, 0.750402 / 1.152916, 4.227337, 0.750744 / 1.152305, 4.225900, 0.750059; 1, 26, 1, 0; 0.041754515452; 2, 2, 2; 2, 2, 0; 1, 1, 1 / 1, 2, 1 / 2, 2, 2 / 3, 4, 2 / 3, 5, 0 ;
0,2; 0.997329, 4.049792, 0.634113 / 0.997329, 4.049792, 0.634113 / 0.997329, 4.049792, 0.634113; 1, 26, 1, 0; 0.040754489735; 1, 0, 1; 0, 1, 0; 1, 1, 2 ;
0,2; 1.117624, 4.189186, 0.714292 / 1.117624, 4.189186, 0.714292 / 1.117624, 4.189186, 0.714292; 1, 26, 1, 0; 0.040066066607; 1, 0, 1; 1, 0, 0; 3, 1, 2 ;
0,2; 0.980269, 4.050156, 0.625304 / 0.980269, 4.050156, 0.625304 / 0.980269, 4.050156, 0.625304; 1, 26, 1, 0; 0.040768831169; 1, 0, 1; 1, 0, 0; 2, 1, 2 ;
0,2; 1.186883, 4.280603, 0.775723 / 1.186883, 4.280603, 0.775723 / 1.186883, 4.280603, 0.775723; 1, 26, 1, 0; 0.041864463589; 1, 0, 1; 1, 0, 0; 2, 1, 2 ;
0,2; 1.189274, 4.277614, 0.777144 / 1.189274, 4.277614, 0.777144 / 1.189274, 4.277614, 0.777144; 1, 26, 1, 0; 0.041865552270; 1, 0, 1; 1, 0, 0; 3, 1, 2 ;
1,3; -3.11138, -1.42874, 0.538011 / -3.11138, -1.42874, 0.538011 / -3.11138, -1.42874, 0.538011; 1, 21, 1, 0; 0.184483581295; 1, 0, 1; 0, 1, 0; 4, 1, 2 ;
0,3; -3.105958, -1.427456, 0.539804 / -3.105958, -1.427456, 0.539804 / -3.105958, -1.427456, 0.539804; 1, 21, 1, 0; 0.184495986636; 1, 0, 1; 0, 1, 0; 1, 1, 2 ;
0,3; -2.206900, -1.291753, 0.761381 / -2.206900, -1.291753, 0.761381 / -2.206900, -1.291753, 0.761381; 1, 21, 1, 0; 0.288608171664; 1, 0, 1; 0, 1, 0; 4, 1, 2 ;
0,3; -1.876182, -1.243004, 0.841254 / -1.876182, -1.243004, 0.841254 / -1.876182, -1.243004, 0.841254; 1, 21, 1, 0; 0.286990275086; 1, 0, 1; 1, 0, 0; 2, 1, 2 ;
0,3; -0.989255, -1.108883, 1.051959 / -0.989255, -1.108883, 1.051959 / -0.989255, -1.108883, 1.051959; 1, 23, 1, 0; 0.403737834375; 1, 0, 1; 0, 1, 0; 1, 1, 2 ;
0,3; -0.525384, -1.039310, 1.169472 / -0.525384, -1.039310, 1.169472 / -0.525384, -1.039310, 1.169472; 1, 23, 1, 0; 0.396965307368; 0, 1, 0; 1, 0, 0; 3, 1, 1 / 4, 1, 0 ;
0,3; -0.517644, -1.034913, 1.169998 / -0.517644, -1.034913, 1.169998 / -0.517644, -1.034913, 1.169998; 1, 23, 1, 0; 0.396980124121; 1, 0, 1; 1, 0, 0; 1, 10, 0 / 2, 1, 2 ;
0,3; -0.969533, -1.107832, 1.070583 / -0.969533, -1.107832, 1.070583 / -0.969533, -1.107832, 1.070583; 1, 23, 1, 0; 0.403719004905; 1, 0, 1; 1, 0, 0; 2, 1, 2 ;
0,3; -0.991199, -1.105169, 1.050623 / -0.991199, -1.105169, 1.050623 / -0.991199, -1.105169, 1.050623; 1, 23, 1, 0; 0.403739134997; 1, 0, 1; 1, 0, 0; 2, 1, 2 ;
0,3; -1.005235, -1.111261, 1.052702 / -1.005235, -1.111261, 1.052702 / -1.005235, -1.111261, 1.052702; 1, 23, 1, 0; 0.403750293749; 0, 1, 0; 1, 0, 0; 3, 1, 1 / 4, 9, 0 ;
0,3; -1.006425, -1.108904, 1.051429 / -1.006425, -1.108904, 1.051429 / -1.006425, -1.108904, 1.051429; 1, 23, 1, 0; 0.403751217486; 1, 0, 1; 1, 0, 0; 2, 1, 2 ;
0,3; 0.527683, -0.879627, 1.426065 / 0.527683, -0.879627, 1.426065 / 0.527683, -0.879627, 1.426065; 1, 23, 1, 0; 0.872367709677; 1, 0, 1; 1, 0, 0; 3, 1, 2 ;
0,3; 1.749866, -0.700703, 1.723796 / 1.749866, -0.700703, 1.723796 / 1.749866, -0.700703, 1.723796; 1, 27, 1, 0; 0.798817268167; 1, 0, 1; 0, 1, 0; 1, 1, 2 ;
0,3; 1.271619, -0.756380, 1.619338 / 1.271619, -0.756380, 1.619338 / 1.271619, -0.756380, 1.619338; 1, 27, 1, 0; 0.793284298017; 1, 0, 1; 1, 0, 0; 2, 1, 2 ;
0,3; 1.259316, -0.758176, 1.618583 / 1.259316, -0.758176, 1.618583 / 1.259316, -0.758176, 1.618583; 1, 27, 1, 0; 0.793286351515; 1, 0, 1; 1, 0, 0; 2, 1, 2 ;
0,3; 1.749486, -0.700547, 1.725362 / 1.749486, -0.700547, 1.725362 / 1.749486, -0.700547, 1.725362; 1, 27, 1, 0; 0.798817157664; 1, 0, 1; 1, 0, 0; 3, 1, 2 ;
0,3; 3.531485, -0.430918, 2.154547 / 3.531485, -0.430918, 2.154547 / 3.531485, -0.430918, 2.154547; 1, 28, 1, 0; 0.819794346343; 1, 0, 1; 0, 1, 0; 4, 1, 2 ;
0,3; 3.522199, -0.406725, 2.145396 / 3.522199, -0.406725, 2.145396 / 3.522199, -0.406725, 2.145396; 1, 28, 1, 0; 0.819831419805; 1, 0, 1; 0, 1, 0; 1, 1, 2 ;
0,3; 3.520927, -0.408406, 2.146073 / 3.521345, -0.408210, 2.146285 / 3.520508, -0.408603, 2.145861; 1, 28, 1, 0; 0.819831254052; 2, 1, 1; 2, 0, 0; 2, 3, 1 / 3, 1, 2 ;
0,3; 3.540377, -0.431811, 2.153000 / 3.540377, -0.431811, 2.153000 / 3.540377, -0.431811, 2.153000; 1, 28, 1, 0; 0.819791657458; 1, 0, 1; 1, 0, 0; 2, 1, 2 ;
0,3; 3.527297, -0.423224, 2.158341 / 3.527297, -0.423224, 2.158341 / 3.527297, -0.423224, 2.158341; 1, 28, 1, 0; 0.819811943806; 1, 0, 1; 1, 0, 0; 2, 1, 2 ;
0,3; 1.659316, -0.738239, 1.872609 / 1.659316, -0.738239, 1.872609 / 1.659316, -0.738239, 1.872609; 1, 34, 1, 0; 0.010834911156; 0, 0, 0; 0, 1, 0; 1, 1, 3 ;
0,3; 1.657551, -0.743210, 1.889115 / 1.657551, -0.743210, 1.889115 / 1.657551, -0.743210, 1.889115; 1, 34, 1, 0; 0.010840374287; 1, 0, 1; 1, 0, 0; 2, 1, 2 ;
0,3; 1.653898, -0.743398, 1.886378 / 1.653898, -0.743398, 1.886378 / 1.653898, -0.743398, 1.886378; 1, 34, 1, 0; 0.010861840152; 1, 0, 1; 1, 0, 0; 3, 1, 2 ;
0,3; 1.627670, -0.843373, 1.998724 / 1.627670, -0.843373, 1.998724 / 1.627670, -0.843373, 1.998724; 1, 34, 1, 0; 0.014017721500; 1, 0, 1; 1, 0, 0; 3, 1, 2 ;
1,4; 1.34374, 3.34602, 0.835752 / 1.34374, 3.34602, 0.835752 / 1.34374, 3.34602, 0.835752; 1, 20, 1, 0; 0.621490477926; 1, 0, 1; 1, 0, 0; 3, 1, 2 ;
0,4; 0.531086, 2.828668, 1.096898 / 0.531332, 2.829292, 1.097026 / 0.530841, 2.828044, 1.096770; 1, 25, 1, 0; 0.942839758262; 2, 1, 1; 1, 1, 0; 1, 5, 0 / 3, 9, 1 / 4, 1, 2 / 4, 7, 0 ;
0,4; 0.534848, 2.832363, 1.092418 / 0.534848, 2.832363, 1.092418 / 0.534848, 2.832363, 1.092418; 1, 25, 1, 0; 0.942823573786; 1, 0, 1; 0, 1, 0; 4, 1, 2 ;
0,4; 0.527229, 2.830214, 1.095530 / 0.527229, 2.830214, 1.095530 / 0.527229, 2.830214, 1.095530; 1, 25, 1, 0; 0.942825031075; 1, 0, 1; 0, 1, 0; 1, 1, 2 ;
0,4; 0.441321, 2.773344, 1.123458 / 0.441321, 2.773344, 1.123458 / 0.441321, 2.773344, 1.123458; 1, 25, 1, 0; 0.934200702927; 1, 0, 1; 1, 0, 0; 3, 1, 2 ;
0,4; 0.530077, 2.829089, 1.085814 / 0.530077, 2.829089, 1.085814 / 0.530077, 2.829089, 1.085814; 1, 25, 1, 0; 0.942824482448; 1, 0, 1; 1, 0, 0; 2, 1, 2 ;
0,4; 0.523106, 2.825292, 1.094688 / 0.523106, 2.825292, 1.094688 / 0.523106, 2.825292, 1.094688; 1, 25, 1, 0; 0.942826231195; 1, 0, 1; 1, 0, 0; 2, 1, 2 ;
0,4; 0.981280, 3.118422, 0.951470 / 0.981280, 3.118422, 0.951470 / 0.981280, 3.118422, 0.951470; 1, 26, 1, 0; 0.458954318289; 1, 0, 1; 0, 1, 0; 1, 1, 2 ;
0,4; 0.984816, 3.123089, 0.954504 / 0.984816, 3.123089, 0.954504 / 0.984816, 3.123089, 0.954504; 1, 26, 1, 0; 0.458953949681; 1, 0, 1; 1, 0, 0; 2, 1, 2 / 4, 7, 0 / 4, 8, 0 ;
0,4; -1.299641, 1.671068, 1.676082 / -1.299641, 1.671068, 1.676082 / -1.299641, 1.671068, 1.676082; 1, 29, 1, 0; 0.304924330095; 1, 0, 1; 0, 1, 0; 1, 1, 2 ;
0,4; -2.252027, 1.064040, 1.979921 / -2.252027, 1.064040, 1.979921 / -2.252027, 1.064040, 1.979921; 1, 29, 1, 0; 0.953725252395; 0, 1, 0; 0, 1, 0; 1, 1, 1 ;
0,4; -0.378051, 2.250789, 1.380254 / -0.378051, 2.250789, 1.380254 / -0.378051, 2.250789, 1.380254; 1, 29, 1, 0; 0.217854444535; 0, 0, 0; 1, 0, 0; 2, 1, 3 / 3, 4, 0 ;
0,4; -1.303532, 1.664665, 1.675895 / -1.303532, 1.664665, 1.675895 / -1.303532, 1.664665, 1.675895; 1, 29, 1, 0; 0.304924641815; 1, 0, 1; 1, 0, 0; 3, 1, 2 ;
0,4; -1.306773, 1.683967, 1.669549 / -1.306773, 1.683967, 1.669549 / -1.306773, 1.683967, 1.669549; 1, 29, 1, 0; 0.304930340437; 1, 0, 1; 1, 0, 0; 3, 1, 2 ;
0,4; -2.537658, 0.883554, 2.070087 / -2.537658, 0.883554, 2.070087 / -2.537658, 0.883554, 2.070087; 1, 30, 1, 0; 0.845177816483; 1, 0, 1; 0, 1, 0; 4, 1, 2 ;
0,4; -2.675738, 0.792075, 2.103401 / -2.675738, 0.792075, 2.103401 / -2.675738, 0.792075, 2.103401; 1, 30, 1, 0; 0.845555795839; 1, 0, 1; 1, 0, 0; 2, 1, 2 ;
0,4; -2.478028, 0.919182, 2.051560 / -2.478028, 0.919182, 2.051560 / -2.478028, 0.919182, 2.051560; 1, 30, 1, 0; 0.847013035719; 0, 1, 0; 1, 0, 0; 3, 1, 1 ;
0,4; -2.504596, 0.901713, 2.062012 / -2.504596, 0.901713, 2.062012 / -2.504596, 0.901713, 2.062012; 1, 30, 1, 0; 0.847021559299; 1, 0, 1; 1, 0, 0; 2, 1, 2 / 4, 5, 0 ;
0,4; -3.303293, 0.397711, 2.314214 / -3.302868, 0.397716, 2.314538 / -3.303719, 0.397707, 2.313890; 1, 36, 1, 0; 0.331433672641; 2, 1, 1; 2, 0, 0; 3, 1, 2 / 3, 5, 1 ;
0,4; -3.369253, 0.355065, 2.335796 / -3.369253, 0.355065, 2.335796 / -3.369253, 0.355065, 2.335796; 1, 36, 1, 0; 0.328455350219; 1, 0, 1; 1, 0, 0; 3, 1, 2 ;
0,4; -3.361928, 0.360305, 2.333026 / -3.361928, 0.360305, 2.333026 / -3.361928, 0.360305, 2.333026; 1, 36, 1, 0; 0.329777929784; 1, 0, 1; 1, 0, 0; 3, 1, 2 ;
1,5; -1.99502, 1.41881, 0.447136 / -1.99502, 1.41881, 0.447136 / -1.99502, 1.41881, 0.447136; 1, 17, 1, 0; 0.908379964793; 1, 0, 1; 0, 1, 0; 4, 1, 2 ;
0,5; -1.722318, 1.385810, 0.540324 / -1.722318, 1.385810, 0.540324 / -1.722318, 1.385810, 0.540324; 1, 17, 1, 0; 0.907830088799; 1, 0, 1; 1, 0, 0; 2, 1, 2 ;
0,5; -0.870244, 1.360440, 0.820233 / -0.870244, 1.360440, 0.820233 / -0.870244, 1.360440, 0.820233; 1, 25, 1, 0; 0.695889263212; 1, 0, 1; 0, 1, 0; 4, 1, 2 ;
0,5; -1.034086, 1.371780, 0.757876 / -1.034086, 1.371780, 0.757876 / -1.034086, 1.371780, 0.757876; 1, 25, 1, 0; 0.701116977412; 1, 0, 1; 0, 1, 0; 1, 1, 2 ;
0,5; -1.035958, 1.373471, 0.765819 / -1.035958, 1.373471, 0.765819 / -1.035958, 1.373471, 0.765819; 1, 25, 1, 0; 0.701117603189; 1, 0, 1; 0, 1, 0; 1, 1, 2 ;
0,5; -1.033245, 1.372784, 0.765646 / -1.033193, 1.372901, 0.765799 / -1.033297, 1.372667, 0.765494; 1, 25, 1, 0; 0.701117774635; 2, 1, 1; 2, 0, 0; 3, 1, 2 / 3, 2, 1 / 3, 4, 0 / 4, 1, 0 ;
0,5; -0.809538, 1.363043, 0.836686 / -0.809538, 1.363043, 0.836686 / -0.809538, 1.363043, 0.836686; 1, 25, 1, 0; 0.697603171746; 1, 0, 1; 1, 0, 0; 2, 1, 2 ;
0,5; -1.024512, 1.377646, 0.763679 / -1.024512, 1.377646, 0.763679 / -1.024512, 1.377646, 0.763679; 1, 25, 1, 0; 0.701101110111; 1, 0, 1; 1, 0, 0; 3, 1, 2 ;
0,5; -1.027422, 1.373884, 0.763134 / -1.027422, 1.373884, 0.763134 / -1.027422, 1.373884, 0.763134; 1, 25, 1, 0; 0.701102018773; 1, 0, 1; 1, 0, 0; 2, 1, 2 ;
0,5; 1.738710, 1.229563, 1.665277 / 1.738837, 1.229821, 1.665503 / 1.738583, 1.229305, 1.665052; 1, 27, 1, 0; 0.425597623099; 2, 1, 1; 1, 1, 0; 2, 4, 2 / 3, 8, 0 / 4, 1, 1 ;
0,5; 1.771553, 1.227885, 1.675800 / 1.771553, 1.227885, 1.675800 / 1.771553, 1.227885, 1.675800; 1, 27, 1, 0; 0.425549370506; 1, 0, 1; 1, 0, 0; 2, 1, 2 ;
0,5; 1.842843, 1.225437, 1.702020 / 1.842843, 1.225437, 1.702020 / 1.842843, 1.225437, 1.702020; 1, 27, 1, 0; 0.425641842365; 1, 0, 1; 1, 0, 0; 3, 1, 2 ;
0,5; 2.654943, 1.182919, 1.964549 / 2.654943, 1.182919, 1.964549 / 2.654943, 1.182919, 1.964549; 1, 28, 1, 0; 0.646692257116; 1, 0, 1; 1, 0, 0; 2, 7, 0 / 3, 1, 2 / 4, 1, 0 / 4, 2, 0 ;
0,5; 2.654774, 1.181232, 1.963407 / 2.654774, 1.181232, 1.963407 / 2.654774, 1.181232, 1.963407; 1, 28, 1, 0; 0.646692367618; 1, 0, 1; 1, 0, 0; 3, 1, 2 ;
0,5; 3.493813, 1.132894, 2.230823 / 3.493813, 1.132894, 2.230823 / 3.493813, 1.132894, 2.230823; 1, 31, 1, 0; 0.763849004393; 1, 0, 1; 1, 0, 0; 2, 1, 2 / 4, 5, 0 ;
0,5; 3.624087, 1.132820, 2.284481 / 3.624087, 1.132820, 2.284481 / 3.624087, 1.132820, 2.284481; 1, 31, 1, 0; 0.763917379388; 1, 0, 1; 1, 0, 0; 3, 1, 2 ;
1,6; 0.342139, -3.70107, 2.21559 / 0.342139, -3.70107, 2.21559 / 0.342139, -3.70107, 2.21559; 1, 32, 1, 0; 0.753008048135; 0, 0, 0; 0, 1, 0; 1, 1, 3 / 4, 9, 0 ;
0,6; 0.335600, -2.918272, 2.569757 / 0.335600, -2.918272, 2.569757 / 0.335600, -2.918272, 2.569757; 1, 33, 1, 0; 0.878779638735; 1, 0, 1; 0, 1, 0; 1, 1, 2 / 2, 2, 0 ;
0,6; 0.335806, -2.905817, 2.577612 / 0.335806, -2.905817, 2.577612 / 0.335806, -2.905817, 2.577612; 1, 33, 1, 0; 0.878796477153; 1, 0, 1; 1, 0, 0; 3, 1, 2 ;
0,6; 0.329283, -2.680736, 2.669900 / 0.329283, -2.680736, 2.669900 / 0.329283, -2.680736, 2.669900; 1, 33, 1, 0; 0.953045620889; 1, 0, 1; 1, 0, 0; 3, 1, 2 ;
0,6; 0.327627, -2.087075, 2.946583 / 0.327627, -2.087075, 2.946583 / 0.327627, -2.087075, 2.946583; 1, 35, 1, 0; 0.612673975828; 1, 0, 1; 1, 0, 0; 3, 1, 2 ;
0,6; 0.329799, -2.067455, 2.953182 / 0.329799, -2.067455, 2.953182 / 0.329799, -2.067455, 2.953182; 1, 35, 1, 0; 0.612698000479; 1, 0, 1; 1, 0, 0; 2, 1, 2 ;
0,6; 0.330949, -2.066821, 2.950341 / 0.330949, -2.066821, 2.950341 / 0.330949, -2.066821, 2.950341; 1, 35, 1, 0; 0.612698155061; 1, 0, 1; 1, 0, 0; 2, 1, 2 ;
0,6; 0.339971, -2.065398, 2.954435 / 0.339971, -2.065398, 2.954435 / 0.339971, -2.065398, 2.954435; 1, 35, 1, 0; 0.612700525322; 1, 0, 1; 1, 0, 0; 2, 1, 2 ;
0,6; 0.329934, -2.285787, 2.856038 / 0.329934, -2.285787, 2.856038 / 0.329934, -2.285787, 2.856038; 1, 35, 1, 0; 0.699888301477; 1, 0, 1; 1, 0, 0; 3, 1, 2 ;
0,6; 0.312695, 0.716834, 4.202696 / 0.312695, 0.716834, 4.202696 / 0.312695, 0.716834, 4.202696; 1, 46, 1, 0; 0.582109228158; 1, 0, 1; 0, 1, 0; 1, 1, 2 ;
0,6; 0.312448, 0.708961, 4.206114 / 0.312448, 0.708961, 4.206114 / 0.312448, 0.708961, 4.206114; 1, 46, 1, 0; 0.582097618226; 1, 0, 1; 1, 0, 0; 3, 1, 2 ;
0,6; 0.312183, 1.101633, 4.383019 / 0.312183, 1.101633, 4.383019 / 0.312183, 1.101633, 4.383019; 1, 46, 1, 0; 0.997517459138; 1, 0, 1; 1, 0, 0; 3, 1, 2 ;
1,7; -0.908748, 0.695966, -1.99511 / -0.908496, 0.696123, -1.99493 / -0.909, 0.69581, -1.9953; 1, 4, 1, 0; 0.671999004662; 2, 2, 1; 1, 2, 0; 1, 1, 1 / 1, 2, 1 / 2, 2, 2 ;
0,7; 0.565979, 0.280243, -1.727144 / 0.566192, 0.280399, -1.726637 / 0.565766, 0.280086, -1.727651; 1, 4, 1, 0; 0.905863868438; 1, 0, 2; 1, 1, 0; 2, 1, 2 / 4, 3, 2 ;
0,7; 0.564369, 0.284083, -1.731843 / 0.564815, 0.284580, -1.731390 / 0.563922, 0.283585, -1.732295; 1, 4, 1, 0; 0.905864549459; 2, 1, 1; 1, 1, 0; 2, 1, 2 / 4, 6, 1 ;
0,7; 0.559625, 0.283423, -1.722337 / 0.559770, 0.283678, -1.722270 / 0.559481, 0.283169, -1.722403; 1, 4, 1, 0; 0.905870485217; 2, 1, 1; 1, 1, 0; 1, 2, 1 / 2, 1, 2 ;
0,7; -0.902894, 0.693033, -1.992568 / -0.902894, 0.693033, -1.992568 / -0.902894, 0.693033, -1.992568; 1, 4, 1, 0; 0.671992613547; 1, 0, 1; 0, 1, 0; 4, 1, 2 ;
0,7; 0.561481, 0.279309, -1.731939 / 0.561481, 0.279309, -1.731939 / 0.561481, 0.279309, -1.731939; 1, 4, 1, 0; 0.905871500703; 1, 0, 1; 0, 1, 0; 1, 1, 2 / 4, 5, 0 ;
0,7; -0.621962, 0.604801, -1.935148 / -0.621962, 0.604801, -1.935148 / -0.621962, 0.604801, -1.935148; 1, 4, 1, 0; 0.620496056932; 1, 0, 1; 1, 0, 0; 3, 1, 2 ;
0,7; -0.897431, 0.681497, -1.990198 / -0.897431, 0.681497, -1.990198 / -0.897431, 0.681497, -1.990198; 1, 4, 1, 0; 0.671985936323; 1, 0, 1; 1, 0, 0; 3, 1, 2 ;
0,7; -0.908574, 0.683981, -1.994830 / -0.908574, 0.683981, -1.994830 / -0.908574, 0.683981, -1.994830; 1, 4, 1, 0; 0.671991787457; 1, 0, 1; 1, 0, 0; 2, 1, 2 ;
0,7; -0.904207, 0.688876, -1.992143 / -0.904207, 0.688876, -1.992143 / -0.904207, 0.688876, -1.992143; 1, 4, 1, 0; 0.671992553101; 1, 0, 1; 1, 0, 0; 2, 1, 2 ;
0,7; -0.914108, 0.693755, -1.997736 / -0.914108, 0.693755, -1.997736 / -0.914108, 0.693755, -1.997736; 1, 4, 1, 0; 0.671998392147; 1, 0, 1; 1, 0, 0; 3, 1, 2 ;
0,7; 0.561308, 0.281454, -1.722312 / 0.561308, 0.281454, -1.722312 / 0.561308, 0.281454, -1.722312; 1, 4, 1, 0; 0.905870444920; 1, 0, 1; 1, 0, 0; 2, 1, 2 ;
0,7; 0.555576, 0.283146, -1.722525 / 0.555576, 0.283146, -1.722525 / 0.555576, 0.283146, -1.722525; 1, 4, 1, 0; 0.905870545663; 1, 0, 1; 1, 0, 0; 3, 1, 2 ;
0,7; 0.559605, 0.283857, -1.737216 / 0.559605, 0.283857, -1.737216 / 0.559605, 0.283857, -1.737216; 1, 4, 1, 0; 0.905872068892; 1, 0, 1; 1, 0, 0; 3, 1, 2 ;
0,7; -2.403335, 1.096819, -2.264110 / -2.403335, 1.096819, -2.264110 / -2.403335, 1.096819, -2.264110; 1, 6, 1, 0; 0.244048359098; 0, 1, 0; 0, 1, 0; 1, 1, 1 ;
0,7; -2.402927, 1.098718, -2.264064 / -2.402927, 1.098718, -2.264064 / -2.402927, 1.098718, -2.264064; 1, 6, 1, 0; 0.244048285583; 1, 0, 1; 1, 0, 0; 3, 1, 2 ;
0,7; -2.700722, 1.177716, -2.319322 / -2.700722, 1.177716, -2.319322 / -2.700722, 1.177716, -2.319322; 1, 6, 1, 0; 0.246533031236; 1, 0, 1; 1, 0, 0; 1, 7, 0 / 2, 1, 2 / 3, 4, 0 ;
0,7; -1.364218, 0.813885, -2.074003 / -1.364218, 0.813885, -2.074003 / -1.364218, 0.813885, -2.074003; 1, 6, 1, 0; 0.399203191332; 0, 0, 0; 1, 0, 0; 2, 1, 3 ;
0,7; 1.074947, 0.135621, -1.624334 / 1.074947, 0.135621, -1.624334 / 1.074947, 0.135621, -1.624334; 1, 11, 1, 0; 0.004483756975; 0, 1, 0; 0, 1, 0; 4, 1, 1 ;
0,7; 0.706204, 0.241656, -1.697979 / 0.706204, 0.241656, -1.697979 / 0.706204, 0.241656, -1.697979; 1, 11, 1, 0; 0.001422649373; 1, 0, 1; 1, 0, 0; 3, 1, 2 ;
0,7; 2.029492, -0.124941, -1.454213 / 2.029492, -0.124941, -1.454213 / 2.029492, -0.124941, -1.454213; 1, 11, 1, 0; 0.444213224894; 1, 0, 1; 1, 0, 0; 2, 1, 2 ;
0,7; 2.032812, -0.122337, -1.450484 / 2.032812, -0.122337, -1.450484 / 2.032812, -0.122337, -1.450484; 1, 11, 1, 0; 0.444214277704; 0, 0, 0; 1, 0, 0; 2, 1, 3 ;
0,7; 1.923706, -0.095224, -1.467596 / 1.923706, -0.095224, -1.467596 / 1.923706, -0.095224, -1.467596; 1, 11, 1, 0; 0.445129907582; 1, 0, 1; 1, 0, 0; 3, 1, 2 ;
0,7; 4.117300, -0.686245, -1.058160 / 4.117300, -0.686245, -1.058160 / 4.117300, -0.686245, -1.058160; 1, 12, 1, 0; 0.139781227256; 1, 0, 1; 1, 0, 0; 2, 1, 2 ;
0,7; 3.734502, -0.583110, -1.133077 / 3.734502, -0.583110, -1.133077 / 3.734502, -0.583110, -1.133077; 1, 12, 1, 0; 0.148455854081; 1, 0, 1; 1, 0, 0; 2, 1, 2 ;
1,8; 2.12422, 0.87385, 2.35837 / 2.12468, 0.874208, 2.35874 / 2.12376, 0.873492, 2.358; 1, 28, 1, 0; 0.998148233071; 0, 4, 0; 2, 2, 1; 1, 7, 1 / 2, 5, 1 / 3, 1, 1 / 4, 1, 1 ;
0,8; 1.844076, 0.756163, 2.407994 / 1.844513, 0.756812, 2.408015 / 1.843640, 0.755514, 2.407974; 1, 28, 1, 0; 0.995232883221; 2, 1, 1; 1, 1, 0; 2, 1, 1 / 4, 2, 2 ;
0,8; 3.501428, 1.456487, 2.120762 / 3.501428, 1.456487, 2.120762 / 3.501428, 1.456487, 2.120762; 1, 28, 1, 0; 0.600165329591; 1, 0, 1; 1, 0, 0; 2, 1, 2 ;
0,8; 3.499858, 1.457904, 2.120843 / 3.499858, 1.457904, 2.120843 / 3.499858, 1.457904, 2.120843; 1, 28, 1, 0; 0.600165458510; 1, 0, 1; 1, 0, 0; 2, 1, 2 ;
0,8; 3.496344, 1.459294, 2.118461 / 3.496344, 1.459294, 2.118461 / 3.496344, 1.459294, 2.118461; 1, 28, 1, 0; 0.600166729285; 1, 0, 1; 1, 0, 0; 3, 1, 2 ;
0,8; 3.693509, 1.539080, 2.082402 / 3.693509, 1.539080, 2.082402 / 3.693509, 1.539080, 2.082402; 1, 28, 1, 0; 0.601520426317; 1, 0, 1; 1, 0, 0; 3, 1, 2 ;
0,8; 1.844167, 0.761671, 2.404823 / 1.844167, 0.761671, 2.404823 / 1.844167, 0.761671, 2.404823; 1, 28, 1, 0; 0.995232432004; 1, 0, 1; 1, 0, 0; 3, 1, 2 ;
0,8; 1.836533, 0.742497, 2.414157 / 1.836533, 0.742497, 2.414157 / 1.836533, 0.742497, 2.414157; 1, 28, 1, 0; 0.995239596225; 1, 0, 1; 1, 0, 0; 2, 1, 2 ;
0,8; 1.920721, 0.787711, 2.393565 / 1.920721, 0.787711, 2.393565 / 1.920721, 0.787711, 2.393565; 1, 28, 1, 0; 0.997609535228; 0, 1, 0; 1, 0, 0; 2, 1, 1 ;
0,8; 2.366311, 0.975913, 2.316745 / 2.366319, 0.976004, 2.316859 / 2.366303, 0.975822, 2.316631; 1, 31, 1, 0; 0.744268485594; 2, 1, 1; 1, 1, 0; 3, 1, 1 / 4, 1, 2 ;
0,8; 2.665224, 1.102308, 2.266941 / 2.665224, 1.102308, 2.266941 / 2.665224, 1.102308, 2.266941; 1, 31, 1, 0; 0.747746445205; 0, 1, 0; 0, 1, 0; 4, 1, 1 ;
0,8; 2.653012, 1.099168, 2.267375 / 2.653012, 1.099168, 2.267375 / 2.653012, 1.099168, 2.267375; 1, 31, 1, 0; 0.747750818473; 1, 0, 1; 1, 0, 0; 2, 1, 2 ;
0,8; 0.325629, 0.115339, 2.670530 / 0.325629, 0.115339, 2.670530 / 0.325629, 0.115339, 2.670530; 1, 34, 1, 0; 0.926614529934; 1, 0, 1; 1, 0, 0; 3, 1, 2 ;
0,8; -1.602576, -0.689930, 3.000182 / -1.602576, -0.689930, 3.000182 / -1.602576, -0.689930, 3.000182; 1, 36, 1, 0; 0.844432593142; 1, 0, 1; 0, 1, 0; 4, 1, 2 ;
0,8; -1.601654, -0.691813, 2.997416 / -1.601654, -0.691813, 2.997416 / -1.601654, -0.691813, 2.997416; 1, 36, 1, 0; 0.844432747724; 1, 0, 1; 1, 0, 0; 2, 1, 2 ;
0,8; -1.766119, -0.763983, 3.027893 / -1.766119, -0.763983, 3.027893 / -1.766119, -0.763983, 3.027893; 1, 36, 1, 0; 0.844936299251; 1, 0, 1; 1, 0, 0; 3, 1, 2 ;
0,8; 0.805681, 0.321244, 2.589362 / 0.805681, 0.321244, 2.589362 / 0.805681, 0.321244, 2.589362; 1, 38, 1, 0; 0.962574808501; 1, 0, 1; 1, 0, 0; 3, 1, 2 ;
0,8; 0.801011, 0.318112, 2.583690 / 0.801011, 0.318112, 2.583690 / 0.801011, 0.318112, 2.583690; 1, 38, 1, 0; 0.962576829111; 1, 0, 1; 1, 0, 0; 3, 1, 2 ;
0,8; -2.887255, -1.241052, 3.224946 / -2.887255, -1.241052, 3.224946 / -2.887255, -1.241052, 3.224946; 1, 40, 1, 0; 0.466328272827; 0, 1, 0; 0, 1, 0; 4, 1, 1 ;
0,8; -2.900839, -1.247134, 3.226317 / -2.900839, -1.247134, 3.226317 / -2.900839, -1.247134, 3.226317; 1, 40, 1, 0; 0.466357017130; 0, 1, 0; 1, 0, 0; 3, 1, 1 ;
0,8; -2.368645, -1.026521, 3.133959 / -2.368645, -1.026521, 3.133959 / -2.368645, -1.026521, 3.133959; 1, 41, 1, 0; 0.021739077827; 1, 0, 1; 1, 0, 0; 2, 1, 2 ;
0,8; 1.378425, 0.435358, 3.345855 / 1.378425, 0.435358, 3.345855 / 1.378425, 0.435358, 3.345855; 1, 42, 1, 0; 0.078334897965; 1, 0, 1; 0, 1, 0; 4, 1, 2 ;
0,8; 1.351626, 0.434909, 3.306029 / 1.351626, 0.434909, 3.306029 / 1.351626, 0.434909, 3.306029; 1, 42, 1, 0; 0.078238600093; 1, 0, 1; 1, 0, 0; 2, 1, 2 ;
0,8; 1.375893, 0.611888, 3.643327 / 1.375893, 0.611888, 3.643327 / 1.375893, 0.611888, 3.643327; 1, 44, 1, 0; 0.831280492395; 1, 0, 1; 0, 1, 0; 1, 1, 2 ;
0,8; 1.502060, 0.410690, 3.540396 / 1.502060, 0.410690, 3.540396 / 1.502060, 0.410690, 3.540396; 1, 44, 1, 0; 0.829568421428; 1, 0, 1; 1, 0, 0; 2, 1, 2 ;
0,8; 1.505750, 0.412028, 3.574357 / 1.505750, 0.412028, 3.574357 / 1.505750, 0.412028, 3.574357; 1, 44, 1, 0; 0.829675454340; 1, 0, 1; 1, 0, 0; 3, 1, 2 ;
0,8; 1.373076, 0.614344, 3.643295 / 1.373076, 0.614344, 3.643295 / 1.373076, 0.614344, 3.643295; 1, 44, 1, 0; 0.831279977337; 1, 0, 1; 1, 0, 0; 2, 1, 2 ;
0,8; 1.318241, 0.716774, 3.611590 / 1.318241, 0.716774, 3.611590 / 1.318241, 0.716774, 3.611590; 1, 45, 1, 0; 0.055188318935; 1, 0, 1; 0, 1, 0; 4, 1, 2 ;
0,8; 1.316070, 0.718885, 3.608349 / 1.316070, 0.718885, 3.608349 / 1.316070, 0.718885, 3.608349; 1, 45, 1, 0; 0.055188624207; 1, 0, 1; 0, 1, 0; 4, 1, 2 ;
0,8; 1.293055, 0.746864, 3.602636 / 1.293055, 0.746864, 3.602636 / 1.293055, 0.746864, 3.602636; 1, 45, 1, 0; 0.053047259505; 1, 0, 1; 1, 0, 0; 2, 1, 2 ;
0,8; 1.297135, 0.750015, 3.602098 / 1.297135, 0.750015, 3.602098 / 1.297135, 0.750015, 3.602098; 1, 45, 1, 0; 0.053049108097; 1, 0, 1; 1, 0, 0; 2, 1, 2 ;
1,9; 1.25512, -3.08191, -0.173432 / 1.2558, -3.08141, -0.172967 / 1.25445, -3.08241, -0.173897; 1, 15, 1, 0; 0.384017562471; 2, 1, 2; 2, 1, 0; 3, 3, 1 / 3, 4, 2 / 4, 1, 2 ;
0,9; 1.972659, -3.549755, -0.646014 / 1.972659, -3.549755, -0.646014 / 1.972659, -3.549755, -0.646014; 1, 15, 1, 0; 0.016648229555; 1, 0, 1; 0, 1, 0; 4, 1, 2 ;
0,9; 2.176245, -3.680422, -0.789935 / 2.176245, -3.680422, -0.789935 / 2.176245, -3.680422, -0.789935; 1, 15, 1, 0; 0.017545078169; 0, 1, 0; 0, 1, 0; 1, 1, 1 / 4, 4, 0 / 4, 5, 0 ;
0,9; 1.249125, -3.076270, -0.182932 / 1.249125, -3.076270, -0.182932 / 1.249125, -3.076270, -0.182932; 1, 15, 1, 0; 0.384007590491; 1, 0, 1; 0, 1, 0; 1, 4, 0 / 4, 1, 2 ;
0,9; 1.255211, -3.083164, -0.170305 / 1.255211, -3.083164, -0.170305 / 1.255211, -3.083164, -0.170305; 1, 15, 1, 0; 0.384017669624; 1, 0, 1; 0, 1, 0; 4, 1, 2 ;
0,9; 1.380121, -3.169272, -0.250342 / 1.380121, -3.169272, -0.250342 / 1.380121, -3.169272, -0.250342; 1, 15, 1, 0; 0.342174072318; 1, 0, 1; 1, 0, 0; 3, 1, 2 ;
0,9; 1.247812, -3.071700, -0.188813 / 1.247812, -3.071700, -0.188813 / 1.247812, -3.071700, -0.188813; 1, 15, 1, 0; 0.383996888528; 1, 0, 1; 1, 0, 0; 2, 1, 2 ;
0,9; 1.257661, -3.086154, -0.166602 / 1.257661, -3.086154, -0.166602 / 1.257661, -3.086154, -0.166602; 1, 15, 1, 0; 0.384016999914; 1, 0, 1; 1, 0, 0; 2, 1, 2 ;
0,9; 1.263099, -3.071722, -0.164613 / 1.263099, -3.071722, -0.164613 / 1.263099, -3.071722, -0.164613; 1, 15, 1, 0; 0.384025592291; 1, 0, 1; 1, 0, 0; 2, 1, 2 ;
0,9; 0.610465, -2.661858, 0.265236 / 0.610465, -2.661858, 0.265236 / 0.610465, -2.661858, 0.265236; 1, 15, 1, 0; 0.746548148118; 1, 0, 1; 1, 0, 0; 2, 1, 2 ;
0,9; 0.471039, -2.576337, 0.363804 / 0.471039, -2.576337, 0.363804 / 0.471039, -2.576337, 0.363804; 1, 18, 1, 0; 0.323783313665; 1, 0, 1; 0, 1, 0; 4, 1, 2 ;
0,9; 0.501993, -2.604388, 0.351567 / 0.501993, -2.604388, 0.351567 / 0.501993, -2.604388, 0.351567; 1, 18, 1, 0; 0.322486985596; 1, 0, 1; 1, 0, 0; 2, 1, 2 ;
0,9; 0.445863, -2.562605, 0.380733 / 0.445863, -2.562605, 0.380733 / 0.445863, -2.562605, 0.380733; 1, 18, 1, 0; 0.323804523098; 1, 0, 1; 1, 0, 0; 3, 1, 2 ;
0,9; -2.872734, -0.414452, 2.632319 / -2.872734, -0.414452, 2.632319 / -2.872734, -0.414452, 2.632319; 1, 36, 1, 0; 0.489021945520; 1, 0, 1; 0, 1, 0; 1, 1, 2 ;
0,9; -2.876128, -0.419069, 2.635851 / -2.876128, -0.419069, 2.635851 / -2.876128, -0.419069, 2.635851; 1, 36, 1, 0; 0.489023336760; 1, 0, 1; 1, 0, 0; 3, 1, 2 ;
