1,0; -1.86128, 1.52913, -3.85529 / -1.86128, 1.52913, -3.85529 / -1.86128, 1.52913, -3.85529; 1, 1, 1, 0; 0.582162950236; 1, 0, 1; 1, 0, 0; 3, 1, 2 ;
0,0; -1.359497, 0.951452, -3.051469 / -1.359497, 0.951452, -3.051469 / -1.359497, 0.951452, -3.051469; 1, 2, 1, 0; 0.648011036962; 0, 0, 0; 1, 0, 0; 2, 1, 3 / 2, 8, 0 ;
0,0; -0.862310, 0.387513, -2.264054 / -0.862310, 0.387513, -2.264054 / -0.862310, 0.387513, -2.264054; 1, 4, 1, 0; 0.482662246078; 0, 0, 0; 1, 0, 0; 2, 1, 3 ;
0,0; 0.166202, -1.607675, -1.155650 / 0.166211, -1.607057, -1.154832 / 0.166193, -1.608294, -1.156469; 1, 9, 1, 0; 0.432465926147; 2, 1, 1; 1, 1, 0; 1, 8, 1 / 3, 1, 2 ;
0,0; 0.144383, -1.676111, -1.225324 / 0.144383, -1.676111, -1.225324 / 0.144383, -1.676111, -1.225324; 1, 9, 1, 0; 0.431281143350; 1, 0, 1; 0, 1, 0; 4, 1, 2 ;
0,0; 0.185495, -1.569411, -1.113253 / 0.185495, -1.569411, -1.113253 / 0.185495, -1.569411, -1.113253; 1, 9, 1, 0; 0.433386158078; 0, 1, 0; 0, 1, 0; 1, 1, 1 ;
0,0; 0.143767, -1.660107, -1.218183 / 0.143818, -1.659805, -1.217419 / 0.143716, -1.660410, -1.218948; 1, 9, 1, 0; 0.431283116844; 2, 1, 1; 2, 0, 0; 2, 1, 2 / 2, 3, 1 ;
0,0; 0.147125, -1.665761, -1.222908 / 0.147125, -1.665761, -1.222908 / 0.147125, -1.665761, -1.222908; 1, 9, 1, 0; 0.431282543720; 1, 0, 1; 1, 0, 0; 2, 1, 2 ;
0,0; 0.175147, -1.587994, -1.144775 / 0.175147, -1.587994, -1.144775 / 0.175147, -1.587994, -1.144775; 1, 9, 1, 0; 0.432458870232; 0, 0, 0; 1, 0, 0; 3, 1, 3 ;
0,0; 0.166086, -1.609489, -1.154210 / 0.166086, -1.609489, -1.154210 / 0.166086, -1.609489, -1.154210; 1, 9, 1, 0; 0.432465288141; 1, 0, 1; 1, 0, 0; 2, 1, 2 / 3, 2, 0 / 3, 6, 0 / 4, 5, 0 ;
0,0; 0.166440, -1.608026, -1.156671 / 0.166669, -1.607758, -1.156469 / 0.166211, -1.608294, -1.156874; 1, 9, 1, 0; 0.432465963995; 0, 1, 0; 1, 1, 0; 1, 1, 1 / 3, 4, 1 ;
0,0; 0.172103, -1.599717, -1.153873 / 0.172103, -1.599717, -1.153873 / 0.172103, -1.599717, -1.153873; 1, 9, 1, 0; 0.432466618221; 1, 0, 1; 1, 0, 0; 3, 1, 2 ;
0,0; 0.198738, -1.573456, -1.119787 / 0.198738, -1.573456, -1.119787 / 0.198738, -1.573456, -1.119787; 1, 9, 1, 0; 0.433376274390; 1, 0, 1; 1, 0, 0; 2, 1, 2 ;
0,0; -0.142514, -0.448622, -1.106702 / -0.142514, -0.448622, -1.106702 / -0.142514, -0.448622, -1.106702; 1, 11, 1, 0; 0.674824358129; 1, 0, 1; 1, 0, 0; 3, 1, 2 / 3, 3, 0 ;
0,0; 0.282750, -0.943963, -0.424825 / 0.283352, -0.943696, -0.423968 / 0.282148, -0.944231, -0.425682; 1, 16, 1, 0; 0.221521674489; 2, 1, 1; 2, 0, 0; 2, 1, 2 / 2, 9, 1 / 4, 4, 0 ;
0,0; 0.283279, -0.944344, -0.429498 / 0.283279, -0.944344, -0.429498 / 0.283279, -0.944344, -0.429498; 1, 16, 1, 0; 0.221521574032; 1, 0, 1; 1, 0, 0; 3, 1, 2 ;
0,0; 1.018555, -1.776439, 0.747260 / 1.018555, -1.776439, 0.747260 / 1.018555, -1.776439, 0.747260; 1, 19, 1, 0; 0.842468363401; 0, 1, 0; 0, 1, 0; 1, 1, 1 ;
0,0; 1.006647, -1.766111, 0.741552 / 1.006647, -1.766111, 0.741552 / 1.006647, -1.766111, 0.741552; 1, 19, 1, 0; 0.842470937716; 1, 0, 1; 1, 0, 0; 2, 1, 2 ;
0,0; 1.343334, -2.148616, 1.266657 / 1.343334, -2.148616, 1.266657 / 1.343334, -2.148616, 1.266657; 1, 22, 1, 0; 0.395667196349; 0, 1, 0; 1, 0, 0; 2, 1, 1 ;
1,1; 3.82819, 0.684267, -0.857837 / 3.82819, 0.684267, -0.857837 / 3.82819, 0.684267, -0.857837; 1, 12, 1, 0; 0.367260417096; 1, 0, 1; 1, 0, 0; 3, 1, 2 ;
0,1; 3.652049, 0.696322, -0.756469 / 3.652049, 0.696322, -0.756469 / 3.652049, 0.696322, -0.756469; 1, 12, 1, 0; 0.370711522088; 1, 0, 1; 1, 0, 0; 3, 1, 2 ;
0,1; 3.182308, 0.724006, -0.493091 / 3.182308, 0.724006, -0.493091 / 3.182308, 0.724006, -0.493091; 1, 12, 1, 0; 0.902054180799; 1, 0, 1; 1, 0, 0; 3, 1, 2 ;
0,1; 2.195539, 0.789096, 0.063745 / 2.196545, 0.789107, 0.064380 / 2.194533, 0.789085, 0.063110; 1, 16, 1, 0; 0.574081747460; 0, 2, 0; 2, 0, 0; 2, 1, 1 / 3, 9, 1 ;
0,1; 2.267169, 0.782618, 0.018566 / 2.267169, 0.782618, 0.018566 / 2.267169, 0.782618, 0.018566; 1, 16, 1, 0; 0.574017810263; 1, 0, 1; 1, 0, 0; 3, 1, 2 ;
0,1; 1.446666, 0.832534, 0.487842 / 1.446666, 0.832534, 0.487842 / 1.446666, 0.832534, 0.487842; 1, 19, 1, 0; 0.716246467548; 1, 0, 1; 1, 0, 0; 2, 1, 2 ;
0,1; 0.497944, 0.888171, 1.020328 / 0.497944, 0.888171, 1.020328 / 0.497944, 0.888171, 1.020328; 1, 23, 1, 0; 0.581654717196; 1, 0, 1; 1, 0, 0; 3, 1, 2 ;
0,1; 0.478881, 0.886874, 1.027435 / 0.478881, 0.886874, 1.027435 / 0.478881, 0.886874, 1.027435; 1, 23, 1, 0; 0.581682518005; 1, 0, 1; 1, 0, 0; 2, 1, 2 ;
0,1; -0.124829, 0.935818, 1.369146 / -0.124829, 0.935818, 1.369146 / -0.124829, 0.935818, 1.369146; 1, 26, 1, 0; 0.782709913849; 1, 0, 1; 1, 0, 0; 2, 1, 2 ;
0,1; -0.129889, 0.930980, 1.371786 / -0.129889, 0.930980, 1.371786 / -0.129889, 0.930980, 1.371786; 1, 26, 1, 0; 0.782710976812; 1, 0, 1; 1, 0, 0; 3, 1, 2 ;
0,1; 0.019575, 0.930333, 1.289333 / 0.019575, 0.930333, 1.289333 / 0.019575, 0.930333, 1.289333; 1, 26, 1, 0; 0.785979760833; 1, 0, 1; 1, 0, 0; 3, 1, 2 ;
0,1; -0.592470, 0.958499, 1.636776 / -0.592470, 0.958499, 1.636776 / -0.592470, 0.958499, 1.636776; 1, 27, 1, 0; 0.395155034477; 0, 1, 0; 1, 0, 0; 2, 1, 1 ;
0,1; -0.478480, 0.952394, 1.570847 / -0.478480, 0.952394, 1.570847 / -0.478480, 0.952394, 1.570847; 1, 27, 1, 0; 0.395245489672; 1, 0, 1; 1, 0, 0; 3, 1, 2 ;
0,1; -0.477983, 0.949929, 1.572363 / -0.477983, 0.949929, 1.572363 / -0.477983, 0.949929, 1.572363; 1, 27, 1, 0; 0.395246585484; 1, 0, 1; 1, 0, 0; 3, 1, 2 ;
0,1; -1.095408, 0.988659, 1.919974 / -1.095408, 0.988659, 1.919974 / -1.095408, 0.988659, 1.919974; 1, 29, 1, 0; 0.935136085037; 1, 0, 1; 0, 1, 0; 1, 1, 2 ;
0,1; -1.080518, 0.992501, 1.910200 / -1.080518, 0.992501, 1.910200 / -1.080518, 0.992501, 1.910200; 1, 29, 1, 0; 0.935114527687; 1, 0, 1; 1, 0, 0; 2, 1, 2 ;
0,1; -1.082883, 0.992418, 1.913427 / -1.082883, 0.992418, 1.913427 / -1.082883, 0.992418, 1.913427; 1, 29, 1, 0; 0.935115813529; 1, 0, 1; 1, 0, 0; 2, 1, 2 / 3, 1, 0 / 3, 5, 0 ;
0,1; -1.167014, 0.993496, 1.961719 / -1.167014, 0.993496, 1.961719 / -1.167014, 0.993496, 1.961719; 1, 29, 1, 0; 0.935248323534; 1, 0, 1; 1, 0, 0; 2, 1, 2 ;
0,1; -1.853610, 1.042973, 2.350685 / -1.853610, 1.042973, 2.350685 / -1.853610, 1.042973, 2.350685; 1, 37, 1, 0; 0.052797902239; 1, 0, 1; 1, 0, 0; 2, 1, 2 ;
1,2; -1.65048, -1.79715, -3.62501 / -1.65048, -1.79715, -3.62501 / -1.65048, -1.79715, -3.62501; 1, 1, 1, 0; 0.899753028994; 1, 0, 1; 1, 0, 0; 3, 1, 2 ;
0,2; -0.481060, 1.531942, -1.601532 / -0.481060, 1.531942, -1.601532 / -0.481060, 1.531942, -1.601532; 1, 7, 1, 0; 0.010687623302; 0, 1, 0; 0, 1, 0; 4, 1, 1 ;
0,2; -0.372123, 1.831738, -1.420583 / -0.372123, 1.831738, -1.420583 / -0.372123, 1.831738, -1.420583; 1, 7, 1, 0; 0.466236335130; 1, 0, 1; 0, 1, 0; 4, 1, 2 ;
0,2; -0.486438, 1.536040, -1.600812 / -0.486438, 1.536040, -1.600812 / -0.486438, 1.536040, -1.600812; 1, 7, 1, 0; 0.010686140352; 1, 0, 1; 1, 0, 0; 2, 1, 2 ;
0,2; -0.376047, 1.831872, -1.421708 / -0.376047, 1.831872, -1.421708 / -0.376047, 1.831872, -1.421708; 1, 7, 1, 0; 0.466236416948; 1, 0, 1; 1, 0, 0; 2, 1, 2 ;
0,2; 0.171461, 3.387971, -0.477945 / 0.171461, 3.387971, -0.477945 / 0.171461, 3.387971, -0.477945; 1, 13, 1, 0; 0.626523660572; 0, 1, 0; 1, 0, 0; 3, 1, 1 ;
0,2; 0.528011, 4.400422, 0.135604 / 0.528011, 4.400422, 0.135604 / 0.528011, 4.400422, 0.135604; 1, 17, 1, 0; 0.379487046972; 1, 0, 1; 1, 0, 0; 2, 1, 2 ;
1,3; 1.31917, 0.105806, -2.65747 / 1.31917, 0.105806, -2.65747 / 1.31917, 0.105806, -2.65747; 1, 2, 1, 0; 0.886990276209; 1, 0, 1; 0, 1, 0; 1, 3, 0 / 2, 1, 0 / 4, 1, 2 ;
0,3; 1.732675, -0.136097, -3.346681 / 1.732682, -0.135970, -3.346493 / 1.732667, -0.136225, -3.346870; 1, 3, 1, 0; 0.184624318476; 2, 1, 1; 1, 1, 0; 1, 1, 2 / 2, 1, 1 ;
0,3; 1.738520, -0.141141, -3.357460 / 1.738520, -0.141141, -3.357460 / 1.738520, -0.141141, -3.357460; 1, 3, 1, 0; 0.184617463944; 1, 0, 1; 1, 0, 0; 2, 1, 2 ;
0,3; 1.727953, -0.137307, -3.339963 / 1.727953, -0.137307, -3.339963 / 1.727953, -0.137307, -3.339963; 1, 3, 1, 0; 0.184625112328; 1, 0, 1; 1, 0, 0; 2, 1, 2 ;
0,3; 1.138684, 0.209841, -2.349960 / 1.138684, 0.209841, -2.349960 / 1.138684, 0.209841, -2.349960; 1, 3, 1, 0; 0.747827544659; 1, 0, 1; 1, 0, 0; 2, 1, 2 / 2, 6, 0 / 2, 7, 0 / 3, 2, 0 ;
0,3; 0.791447, 0.410327, -1.775368 / 0.791736, 0.410637, -1.775064 / 0.791159, 0.410017, -1.775673; 1, 11, 1, 0; 0.042957617537; 1, 0, 2; 2, 0, 0; 2, 1, 2 / 3, 5, 2 ;
0,3; 0.793548, 0.415174, -1.763680 / 0.793548, 0.415174, -1.763680 / 0.793548, 0.415174, -1.763680; 1, 11, 1, 0; 0.042948788811; 1, 0, 1; 1, 0, 0; 3, 1, 2 ;
0,3; 0.789563, 0.413257, -1.765136 / 0.789563, 0.413257, -1.765136 / 0.789563, 0.413257, -1.765136; 1, 11, 1, 0; 0.042958739008; 1, 0, 1; 1, 0, 0; 1, 6, 0 / 1, 7, 0 / 2, 5, 0 / 3, 1, 2 ;
0,3; 0.787839, 0.411988, -1.765089 / 0.787839, 0.411988, -1.765089 / 0.787839, 0.411988, -1.765089; 1, 11, 1, 0; 0.042958801948; 1, 0, 1; 1, 0, 0; 3, 1, 2 ;
0,3; 0.788160, 0.411972, -1.754389 / 0.788160, 0.411972, -1.754389 / 0.788160, 0.411972, -1.754389; 1, 11, 1, 0; 0.042960369719; 1, 0, 1; 1, 0, 0; 2, 1, 2 ;
0,3; 0.564038, 0.546247, -1.385077 / 0.564038, 0.546247, -1.385077 / 0.564038, 0.546247, -1.385077; 1, 11, 1, 0; 0.360471567268; 1, 0, 1; 1, 0, 0; 3, 1, 2 ;
0,3; 0.559105, 0.546630, -1.386021 / 0.559105, 0.546630, -1.386021 / 0.559105, 0.546630, -1.386021; 1, 11, 1, 0; 0.360472339710; 1, 0, 1; 1, 0, 0; 3, 1, 2 ;
0,3; 0.563184, 0.547822, -1.376667 / 0.563184, 0.547822, -1.376667 / 0.563184, 0.547822, -1.376667; 1, 11, 1, 0; 0.360481940878; 1, 0, 1; 1, 0, 0; 2, 1, 2 ;
0,3; 4.149350, 1.067871, -0.414365 / 4.149350, 1.067871, -0.414365 / 4.149350, 1.067871, -0.414365; 1, 12, 1, 0; 0.917081719788; 0, 1, 0; 0, 1, 0; 4, 1, 1 ;
0,3; 4.150692, 1.067471, -0.409847 / 4.150692, 1.067471, -0.409847 / 4.150692, 1.067471, -0.409847; 1, 12, 1, 0; 0.917081839945; 1, 0, 1; 1, 0, 0; 2, 1, 2 ;
0,3; 0.118339, 0.800684, -0.643848 / 0.118339, 0.800684, -0.643848 / 0.118339, 0.800684, -0.643848; 1, 13, 1, 0; 0.341682318922; 0, 1, 0; 0, 1, 0; 4, 1, 1 ;
0,3; 0.095165, 0.808706, -0.612250 / 0.095165, 0.808706, -0.612239 / 0.095165, 0.808705, -0.612261; 1, 13, 1, 0; 0.383958094056; 2, 1, 1; 2, 0, 0; 3, 1, 1 / 3, 2, 2 ;
0,3; -0.121551, 0.941218, -0.240471 / -0.121551, 0.941218, -0.240471 / -0.121551, 0.941218, -0.240471; 1, 13, 1, 0; 0.903978399518; 0, 1, 0; 1, 0, 0; 3, 1, 1 ;
0,3; 1.384066, 2.138573, 0.468766 / 1.384066, 2.138573, 0.468766 / 1.384066, 2.138573, 0.468766; 1, 20, 1, 0; 0.438324388311; 1, 0, 1; 0, 1, 0; 1, 1, 2 ;
0,3; 1.989419, 1.978274, 0.234069 / 1.989684, 1.978634, 0.234249 / 1.989153, 1.977913, 0.233888; 1, 20, 1, 0; 0.306282898448; 0, 2, 0; 2, 0, 0; 2, 1, 1 / 3, 3, 1 ;
0,3; -0.909229, 1.399190, 1.080327 / -0.909229, 1.399190, 1.080327 / -0.909229, 1.399190, 1.080327; 1, 25, 1, 0; 0.785843075736; 0, 1, 0; 0, 1, 0; 1, 1, 1 ;
0,3; -0.709281, 1.286024, 0.741117 / -0.709281, 1.286024, 0.741117 / -0.709281, 1.286024, 0.741117; 1, 25, 1, 0; 0.695505893446; 1, 0, 1; 1, 0, 0; 3, 1, 2 ;
0,3; -0.717609, 1.287815, 0.758682 / -0.717609, 1.287815, 0.758682 / -0.717609, 1.287815, 0.758682; 1, 25, 1, 0; 0.695523946680; 1, 0, 1; 1, 0, 0; 2, 1, 2 ;
0,3; -1.483187, 1.751262, 2.039233 / -1.483187, 1.751262, 2.039233 / -1.483187, 1.751262, 2.039233; 1, 29, 1, 0; 0.836479323257; 1, 0, 1; 0, 1, 0; 4, 1, 2 ;
0,3; -1.307720, 1.631091, 1.749113 / -1.307720, 1.631091, 1.749113 / -1.307720, 1.631091, 1.749113; 1, 29, 1, 0; 0.304718838767; 0, 1, 0; 1, 0, 0; 2, 1, 1 ;
0,3; -0.956357, 1.979712, 2.112696 / -0.956357, 1.979712, 2.112696 / -0.956357, 1.979712, 2.112696; 1, 29, 1, 0; 0.804883611738; 1, 0, 1; 1, 0, 0; 2, 1, 2 ;
0,3; -1.481295, 1.755186, 2.046537 / -1.481295, 1.755186, 2.046537 / -1.481295, 1.755186, 2.046537; 1, 29, 1, 0; 0.836478495252; 1, 0, 1; 1, 0, 0; 3, 1, 2 ;
0,3; 1.925790, 1.904386, 2.335555 / 1.926674, 1.904725, 2.335816 / 1.924907, 1.904046, 2.335294; 1, 31, 1, 0; 0.473607240898; 0, 1, 0; 1, 1, 0; 2, 1, 3 / 4, 9, 1 ;
0,3; 1.106914, 1.864405, 2.286049 / 1.107574, 1.864880, 2.286343 / 1.106254, 1.863930, 2.285754; 1, 31, 1, 0; 0.487109060706; 1, 0, 2; 1, 1, 0; 1, 6, 2 / 2, 1, 2 / 3, 5, 0 ;
0,3; 1.100094, 1.866209, 2.288134 / 1.100236, 1.866220, 2.288489 / 1.099952, 1.866198, 2.287779; 1, 31, 1, 0; 0.487110922374; 1, 0, 2; 1, 1, 0; 3, 1, 2 / 4, 1, 2 ;
0,3; 1.169418, 1.834526, 2.285824 / 1.170559, 1.834573, 2.286403 / 1.168277, 1.834480, 2.285245; 1, 31, 1, 0; 0.569791085584; 0, 2, 0; 1, 1, 0; 3, 8, 1 / 4, 1, 1 / 4, 8, 0 ;
0,3; 1.906019, 1.909298, 2.328328 / 1.906019, 1.909298, 2.328328 / 1.906019, 1.909298, 2.328328; 1, 31, 1, 0; 0.473594561726; 0, 1, 0; 0, 1, 0; 4, 1, 1 ;
0,3; 1.186905, 1.828076, 2.307142 / 1.186905, 1.828076, 2.307142 / 1.186905, 1.828076, 2.307142; 1, 31, 1, 0; 0.569764956135; 1, 0, 1; 0, 1, 0; 1, 1, 2 ;
0,3; 1.193878, 1.826583, 2.306802 / 1.193878, 1.826583, 2.306802 / 1.193878, 1.826583, 2.306802; 1, 31, 1, 0; 0.569765573019; 0, 1, 0; 0, 1, 0; 1, 1, 1 ;
0,3; 1.922149, 1.905874, 2.334482 / 1.922343, 1.906354, 2.334568 / 1.921955, 1.905395, 2.334395; 1, 31, 1, 0; 0.473607483245; 2, 1, 1; 2, 0, 0; 2, 1, 1 / 2, 2, 2 ;
0,3; 1.904269, 1.914528, 2.320708 / 1.904269, 1.914528, 2.320708 / 1.904269, 1.914528, 2.320708; 1, 31, 1, 0; 0.473576881386; 1, 0, 1; 1, 0, 0; 2, 2, 0 / 3, 1, 2 / 3, 4, 0 ;
0,3; 1.926083, 1.917270, 2.340818 / 1.926083, 1.917270, 2.340818 / 1.926083, 1.917270, 2.340818; 1, 31, 1, 0; 0.473604927582; 1, 0, 1; 1, 0, 0; 2, 1, 2 ;
0,3; 1.928693, 1.918070, 2.337184 / 1.928693, 1.918070, 2.337184 / 1.928693, 1.918070, 2.337184; 1, 31, 1, 0; 0.473605136882; 1, 0, 1; 1, 0, 0; 2, 1, 2 ;
0,3; 1.105317, 1.867172, 2.278775 / 1.105317, 1.867172, 2.278775 / 1.105317, 1.867172, 2.278775; 1, 31, 1, 0; 0.487089628856; 1, 0, 1; 1, 0, 0; 3, 1, 2 / 4, 2, 0 ;
0,3; 1.105580, 1.864332, 2.282998 / 1.105580, 1.864332, 2.282998 / 1.105580, 1.864332, 2.282998; 1, 31, 1, 0; 0.487089860188; 1, 0, 1; 1, 0, 0; 2, 1, 2 ;
0,3; 1.100129, 1.864229, 2.287572 / 1.100129, 1.864229, 2.287572 / 1.100129, 1.864229, 2.287572; 1, 31, 1, 0; 0.487110746121; 1, 0, 1; 1, 0, 0; 2, 1, 2 ;
0,3; 1.098977, 1.872026, 2.303006 / 1.098977, 1.872026, 2.303006 / 1.098977, 1.872026, 2.303006; 1, 31, 1, 0; 0.487132293002; 1, 0, 1; 1, 0, 0; 2, 1, 2 ;
0,3; 1.184338, 1.828174, 2.298574 / 1.184338, 1.828174, 2.298574 / 1.184338, 1.828174, 2.298574; 1, 31, 1, 0; 0.569766685614; 1, 0, 1; 1, 0, 0; 3, 1, 2 ;
0,3; -1.604109, 1.994116, 2.598572 / -1.604109, 1.994116, 2.598572 / -1.604109, 1.994116, 2.598572; 1, 37, 1, 0; 0.446681254860; 0, 0, 0; 0, 1, 0; 4, 1, 3 ;
0,3; -1.838055, 1.939895, 2.639351 / -1.838055, 1.939895, 2.639351 / -1.838055, 1.939895, 2.639351; 1, 37, 1, 0; 0.442332978196; 0, 1, 0; 1, 0, 0; 3, 1, 1 ;
0,3; -0.054489, 1.808646, 2.627422 / -0.054489, 1.808646, 2.627422 / -0.054489, 1.808646, 2.627422; 1, 38, 1, 0; 0.750079768181; 1, 0, 1; 1, 0, 0; 2, 1, 2 ;
0,3; -2.070393, 2.076572, 3.030028 / -2.070393, 2.076572, 3.030028 / -2.070393, 2.076572, 3.030028; 1, 39, 1, 0; 0.897604133270; 0, 1, 0; 1, 0, 0; 2, 1, 1 ;
0,3; -2.198537, 2.144216, 3.253592 / -2.198537, 2.144216, 3.253592 / -2.198537, 2.144216, 3.253592; 1, 42, 1, 0; 0.973158991626; 1, 0, 1; 1, 0, 0; 3, 1, 2 ;
1,4; -2.6024, 1.23025, 0.116862 / -2.60214, 1.23053, 0.117101 / -2.60265, 1.22997, 0.116623; 1, 14, 1, 0; 0.785789180186; 2, 1, 1; 0, 2, 1; 1, 5, 2 / 4, 1, 1 ;
0,4; -3.227213, 2.945967, -0.170672 / -3.227213, 2.945967, -0.170672 / -3.227213, 2.945967, -0.170672; 1, 14, 1, 0; 0.584938585056; 1, 0, 1; 0, 1, 0; 1, 1, 2 ;
0,4; -2.680125, 1.499526, 0.124240 / -2.680125, 1.499526, 0.124240 / -2.680125, 1.499526, 0.124240; 1, 14, 1, 0; 0.753450537519; 0, 1, 0; 0, 1, 0; 1, 1, 1 ;
0,4; -2.415529, 0.716396, 0.203119 / -2.415529, 0.716396, 0.203119 / -2.415529, 0.716396, 0.203119; 1, 14, 1, 0; 0.799898386519; 0, 1, 0; 0, 1, 0; 1, 1, 1 ;
0,4; -3.012615, 2.355279, -0.066652 / -3.012613, 2.355285, -0.066637 / -3.012617, 2.355273, -0.066668; 1, 14, 1, 0; 0.544730052453; 2, 1, 1; 2, 0, 0; 2, 1, 1 / 2, 2, 2 / 3, 2, 0 ;
0,4; -3.106739, 2.619660, -0.119155 / -3.106739, 2.619660, -0.119155 / -3.106739, 2.619660, -0.119155; 1, 14, 1, 0; 0.558126764187; 1, 0, 1; 1, 0, 0; 2, 1, 2 ;
0,4; -2.613205, 1.261708, 0.112226 / -2.613205, 1.261708, 0.112226 / -2.613205, 1.261708, 0.112226; 1, 14, 1, 0; 0.752581027965; 1, 0, 1; 1, 0, 0; 3, 1, 2 ;
0,4; -2.685062, 1.496430, 0.120548 / -2.685062, 1.496430, 0.120548 / -2.685062, 1.496430, 0.120548; 1, 14, 1, 0; 0.753450340558; 1, 0, 1; 1, 0, 0; 2, 6, 0 / 3, 1, 2 ;
0,4; -2.652200, 1.340556, 0.090253 / -2.652200, 1.340556, 0.090253 / -2.652200, 1.340556, 0.090253; 1, 14, 1, 0; 0.753816460535; 1, 0, 1; 1, 0, 0; 1, 6, 0 / 2, 1, 2 ;
0,4; -2.568178, 1.130649, 0.132373 / -2.568178, 1.130649, 0.132373 / -2.568178, 1.130649, 0.132373; 1, 14, 1, 0; 0.784550546998; 1, 0, 1; 1, 0, 0; 3, 1, 2 ;
0,4; -2.592862, 1.210099, 0.118053 / -2.592862, 1.210099, 0.118053 / -2.592862, 1.210099, 0.118053; 1, 14, 1, 0; 0.785775405217; 1, 0, 1; 1, 0, 0; 2, 1, 2 ;
0,4; -2.368625, 0.557677, 0.214273 / -2.368625, 0.557677, 0.214273 / -2.368625, 0.557677, 0.214273; 1, 14, 1, 0; 0.839691558861; 1, 0, 1; 1, 0, 0; 2, 1, 2 ;
0,4; -2.365538, 0.567893, 0.218893 / -2.365538, 0.567893, 0.218893 / -2.365538, 0.567893, 0.218893; 1, 14, 1, 0; 0.839701770065; 0, 1, 0; 1, 0, 0; 3, 1, 1 / 4, 5, 0 ;
0,4; -2.381724, 0.550819, 0.219853 / -2.381724, 0.550819, 0.219853 / -2.381724, 0.550819, 0.219853; 1, 14, 1, 0; 0.839704779877; 1, 0, 1; 1, 0, 0; 2, 3, 0 / 3, 1, 2 ;
0,4; -1.166460, -2.726671, 0.786404 / -1.166460, -2.726671, 0.786404 / -1.166460, -2.726671, 0.786404; 1, 18, 1, 0; 0.589797690885; 0, 0, 0; 1, 0, 0; 3, 1, 3 ;
0,4; -0.594857, -4.295980, 1.044559 / -0.594857, -4.295980, 1.044559 / -0.594857, -4.295980, 1.044559; 1, 18, 1, 0; 0.861443978083; 1, 0, 1; 1, 0, 0; 2, 1, 2 ;
0,4; -1.984325, -0.449313, 0.418927 / -1.984033, -0.448899, 0.419002 / -1.984616, -0.449728, 0.418853; 1, 21, 1, 0; 0.077230109254; 2, 1, 1; 0, 2, 1; 1, 1, 1 / 4, 5, 2 ;
0,4; -2.019164, -0.370339, 0.386403 / -2.018901, -0.369399, 0.386974 / -2.019428, -0.371279, 0.385832; 1, 21, 1, 0; 0.078900297437; 0, 3, 0; 2, 1, 0; 2, 9, 1 / 3, 3, 1 / 4, 1, 1 ;
0,4; -2.113074, -0.120841, 0.342933 / -2.113074, -0.120841, 0.342933 / -2.113074, -0.120841, 0.342933; 1, 21, 1, 0; 0.061943636824; 1, 0, 1; 1, 0, 0; 3, 1, 2 ;
0,4; -1.984502, -0.452793, 0.414077 / -1.984502, -0.452793, 0.414077 / -1.984502, -0.452793, 0.414077; 1, 21, 1, 0; 0.077217441982; 1, 0, 1; 1, 0, 0; 3, 1, 2 ;
0,4; -2.018543, -0.369502, 0.386877 / -2.018121, -0.369399, 0.386974 / -2.018966, -0.369606, 0.386779; 1, 21, 1, 0; 0.078900355644; 0, 1, 0; 2, 0, 0; 2, 1, 1 / 3, 5, 1 ;
0,4; -1.981220, -0.480383, 0.426774 / -1.981220, -0.480383, 0.426774 / -1.981220, -0.480383, 0.426774; 1, 21, 1, 0; 0.079673255685; 1, 0, 1; 1, 0, 0; 3, 1, 2 ;
1,5; 0.255401, 1.34216, -3.48968 / 0.255401, 1.34216, -3.48968 / 0.255401, 1.34216, -3.48968; 1, 1, 1, 0; 0.615348666578; 1, 0, 1; 1, 0, 0; 3, 1, 2 ;
0,5; -1.007328, 0.837473, -2.010090 / -1.007328, 0.837473, -2.010090 / -1.007328, 0.837473, -2.010090; 1, 6, 1, 0; 0.402266612168; 0, 1, 0; 0, 1, 0; 4, 1, 1 ;
0,5; -1.013069, 0.844730, -2.012205 / -1.013069, 0.844730, -2.012205 / -1.013069, 0.844730, -2.012205; 1, 6, 1, 0; 0.402265298701; 1, 0, 1; 1, 0, 0; 2, 1, 2 ;
0,5; -1.535929, 0.500153, -1.187686 / -1.535929, 0.500153, -1.187686 / -1.535929, 0.500153, -1.187686; 1, 10, 1, 0; 0.229529443442; 1, 0, 1; 1, 0, 0; 3, 1, 2 ;
0,5; -2.109238, 0.196161, -0.286094 / -2.109238, 0.196161, -0.286094 / -2.109238, 0.196161, -0.286094; 1, 14, 1, 0; 0.378771171783; 1, 0, 1; 0, 1, 0; 1, 1, 2 / 4, 4, 0 ;
0,5; -2.146437, 0.172204, -0.223035 / -2.146437, 0.172204, -0.223035 / -2.146437, 0.172204, -0.223035; 1, 14, 1, 0; 0.378814226257; 0, 1, 0; 0, 1, 0; 4, 1, 1 ;
0,5; -2.341637, 0.068930, 0.062889 / -2.341637, 0.068930, 0.062889 / -2.341637, 0.068930, 0.062889; 1, 14, 1, 0; 0.851975858720; 1, 0, 1; 1, 0, 0; 3, 1, 2 ;
0,5; -2.804419, -0.186646, 0.808487 / -2.804419, -0.186646, 0.808487 / -2.804419, -0.186646, 0.808487; 1, 21, 1, 0; 0.425185890944; 1, 0, 1; 1, 0, 0; 3, 1, 2 ;
0,5; -2.814904, -0.186135, 0.828409 / -2.814904, -0.186135, 0.828409 / -2.814904, -0.186135, 0.828409; 1, 21, 1, 0; 0.425213793866; 1, 0, 1; 1, 0, 0; 3, 1, 2 ;
0,5; -2.928006, -0.247458, 1.001085 / -2.928006, -0.247458, 1.001085 / -2.928006, -0.247458, 1.001085; 1, 21, 1, 0; 0.525600811404; 1, 0, 1; 1, 0, 0; 3, 1, 2 ;
0,5; -3.161436, -0.372931, 1.373056 / -3.161436, -0.372931, 1.373056 / -3.161436, -0.372931, 1.373056; 1, 23, 1, 0; 0.826039411823; 0, 1, 0; 0, 1, 0; 1, 1, 1 ;
1,6; 1.54285, 2.15548, -2.28114 / 1.54364, 2.15583, -2.28072 / 1.54206, 2.15512, -2.28155; 1, 4, 1, 0; 0.340131912459; 2, 1, 2; 2, 1, 0; 2, 2, 0 / 2, 5, 2 / 3, 4, 2 / 3, 6, 0 / 4, 1, 1 ;
0,6; 1.544144, 2.151586, -2.283255 / 1.544259, 2.151702, -2.283047 / 1.544030, 2.151469, -2.283464; 1, 4, 1, 0; 0.340132488707; 2, 1, 1; 1, 1, 0; 1, 1, 2 / 2, 1, 1 ;
0,6; 2.208144, 2.591143, -2.887634 / 2.208144, 2.591143, -2.887634 / 2.208144, 2.591143, -2.887634; 1, 4, 1, 0; 0.038237422277; 1, 0, 1; 1, 0, 0; 2, 1, 2 ;
0,6; 1.918192, 2.395001, -2.619265 / 1.918192, 2.395001, -2.619265 / 1.918192, 2.395001, -2.619265; 1, 4, 1, 0; 0.127217680742; 1, 0, 1; 1, 0, 0; 2, 1, 2 ;
0,6; 1.536055, 2.157551, -2.285044 / 1.536055, 2.157551, -2.285044 / 1.536055, 2.157551, -2.285044; 1, 4, 1, 0; 0.340131457102; 1, 0, 1; 1, 0, 0; 2, 1, 2 ;
0,6; 1.542802, 2.149832, -2.283009 / 1.542802, 2.149832, -2.283009 / 1.542802, 2.149832, -2.283009; 1, 4, 1, 0; 0.340132541093; 1, 0, 1; 1, 0, 0; 3, 1, 2 ;
0,6; -0.742954, 0.644280, -0.217043 / -0.742954, 0.644280, -0.217043 / -0.742954, 0.644280, -0.217043; 1, 13, 1, 0; 0.911830846083; 1, 0, 1; 1, 0, 0; 3, 1, 2 ;
0,6; -0.740661, 0.642170, -0.217738 / -0.740661, 0.642170, -0.217738 / -0.740661, 0.642170, -0.217738; 1, 13, 1, 0; 0.911831560068; 1, 0, 1; 1, 0, 0; 2, 1, 2 ;
0,6; -0.758147, 0.634173, -0.203742 / -0.758147, 0.634173, -0.203742 / -0.758147, 0.634173, -0.203742; 1, 13, 1, 0; 0.911837315026; 0, 1, 0; 1, 0, 0; 3, 1, 1 ;
0,6; -1.270030, 0.297273, 0.257492 / -1.270030, 0.297273, 0.257492 / -1.270030, 0.297273, 0.257492; 1, 16, 1, 0; 0.696013800041; 1, 0, 1; 1, 0, 0; 2, 1, 2 / 2, 7, 0 ;
0,6; -1.267717, 0.300709, 0.256691 / -1.267717, 0.300709, 0.256691 / -1.267717, 0.300709, 0.256691; 1, 16, 1, 0; 0.696014623784; 1, 0, 1; 1, 0, 0; 2, 2, 0 / 3, 1, 2 ;
0,6; -2.326901, -0.398900, 1.213230 / -2.326861, -0.398888, 1.213637 / -2.326941, -0.398911, 1.212823; 1, 21, 1, 0; 0.555181401738; 2, 1, 1; 0, 2, 0; 4, 1, 1 / 4, 2, 2 ;
0,6; -2.073842, -0.235923, 0.984754 / -2.073842, -0.235923, 0.984754 / -2.073842, -0.235923, 0.984754; 1, 21, 1, 0; 0.534935288502; 1, 0, 1; 0, 1, 0; 1, 1, 2 ;
0,6; -2.093347, -0.250600, 1.007541 / -2.093347, -0.250600, 1.007541 / -2.093347, -0.250600, 1.007541; 1, 21, 1, 0; 0.534944426982; 1, 0, 1; 0, 1, 0; 1, 1, 2 ;
0,6; -1.700261, 0.013076, 0.648087 / -1.700261, 0.013076, 0.648087 / -1.700261, 0.013076, 0.648087; 1, 21, 1, 0; 0.469689931956; 0, 1, 0; 1, 0, 0; 3, 1, 1 ;
0,6; -2.197455, -0.317276, 1.094900 / -2.197455, -0.317276, 1.094900 / -2.197455, -0.317276, 1.094900; 1, 21, 1, 0; 0.555455454276; 1, 0, 1; 1, 0, 0; 1, 1, 0 / 3, 1, 2 / 3, 4, 0 ;
1,7; 2.89427, -1.39236, 1.79597 / 2.89427, -1.39236, 1.79597 / 2.89427, -1.39236, 1.79597; 1, 27, 1, 0; 0.939923302319; 1, 0, 1; 0, 1, 0; 1, 1, 2 ;
0,7; 3.143951, -1.324633, 1.714776 / 3.143951, -1.324633, 1.714776 / 3.143951, -1.324633, 1.714776; 1, 27, 1, 0; 0.943052344855; 1, 0, 1; 0, 1, 0; 4, 1, 2 ;
0,7; 4.016530, -1.101579, 1.449311 / 4.016530, -1.101579, 1.449311 / 4.016530, -1.101579, 1.449311; 1, 27, 1, 0; 0.260809916092; 0, 0, 0; 1, 0, 0; 3, 1, 3 ;
0,7; 3.541306, -1.226416, 1.581110 / 3.541306, -1.226416, 1.581110 / 3.541306, -1.226416, 1.581110; 1, 27, 1, 0; 0.840561313944; 1, 0, 1; 1, 0, 0; 3, 1, 2 ;
0,7; 2.764159, -1.427590, 1.800445 / 2.764159, -1.427590, 1.800445 / 2.764159, -1.427590, 1.800445; 1, 27, 1, 0; 0.936646131689; 1, 0, 1; 1, 0, 0; 3, 1, 2 ;
0,7; 0.755686, -1.934929, 2.450427 / 0.755686, -1.934929, 2.450427 / 0.755686, -1.934929, 2.450427; 1, 33, 1, 0; 0.576098101874; 1, 0, 1; 1, 0, 0; 3, 1, 2 ;
0,7; -0.597701, -2.280796, 2.869142 / -0.597701, -2.280796, 2.869142 / -0.597701, -2.280796, 2.869142; 1, 35, 1, 0; 0.716305137540; 1, 0, 1; 1, 0, 0; 2, 1, 2 / 4, 2, 0 ;
0,7; -1.804001, -2.584203, 3.241763 / -1.804001, -2.584203, 3.241763 / -1.804001, -2.584203, 3.241763; 1, 40, 1, 0; 0.896106207764; 1, 0, 1; 1, 0, 0; 2, 1, 2 ;
1,9; 3.50354, -2.68291, 1.11959 / 3.50395, -2.6826, 1.12015 / 3.50313, -2.68322, 1.11904; 1, 22, 1, 0; 0.128605617837; 2, 1, 1; 1, 1, 0; 1, 6, 2 / 2, 1, 1 ;
0,9; 3.484009, -2.679241, 1.108421 / 3.484009, -2.679241, 1.108421 / 3.484009, -2.679241, 1.108421; 1, 22, 1, 0; 0.128589669152; 1, 0, 1; 0, 1, 0; 4, 1, 2 ;
0,9; 3.505328, -2.686981, 1.125950 / 3.505328, -2.686981, 1.125950 / 3.505328, -2.686981, 1.125950; 1, 22, 1, 0; 0.128606767423; 0, 1, 0; 0, 1, 0; 4, 1, 1 ;
0,9; 3.509138, -2.690991, 1.131691 / 3.509138, -2.690991, 1.131691 / 3.509138, -2.690991, 1.131691; 1, 22, 1, 0; 0.128620627936; 1, 0, 1; 0, 1, 0; 4, 1, 2 ;
0,9; 3.507593, -2.693467, 1.134377 / 3.507593, -2.693467, 1.134377 / 3.507593, -2.693467, 1.134377; 1, 22, 1, 0; 0.128620831660; 1, 0, 1; 0, 1, 0; 1, 1, 2 / 4, 6, 0 ;
0,9; 2.905752, -2.621974, 1.516493 / 2.906190, -2.621679, 1.516690 / 2.905314, -2.622270, 1.516296; 1, 22, 1, 0; 0.508828790286; 1, 0, 2; 2, 0, 0; 3, 1, 2 / 3, 4, 0 / 3, 6, 2 ;
0,9; 3.485347, -2.678637, 1.104509 / 3.485347, -2.678637, 1.104509 / 3.485347, -2.678637, 1.104509; 1, 22, 1, 0; 0.128589909255; 1, 0, 1; 1, 0, 0; 3, 1, 2 ;
0,9; 3.509404, -2.685646, 1.128244 / 3.509404, -2.685646, 1.128244 / 3.509404, -2.685646, 1.128244; 1, 22, 1, 0; 0.128606942043; 1, 0, 1; 1, 0, 0; 3, 1, 2 ;
0,9; 3.511806, -2.688477, 1.132635 / 3.511806, -2.688477, 1.132635 / 3.511806, -2.688477, 1.132635; 1, 22, 1, 0; 0.128620467867; 1, 0, 1; 1, 0, 0; 2, 1, 2 ;
0,9; 3.157485, -2.717858, 1.351946 / 3.157485, -2.717858, 1.351946 / 3.157485, -2.717858, 1.351946; 1, 22, 1, 0; 0.510290284981; 0, 0, 0; 1, 0, 0; 3, 1, 3 ;
0,9; 2.848909, -2.601473, 1.556487 / 2.848909, -2.601473, 1.556487 / 2.848909, -2.601473, 1.556487; 1, 22, 1, 0; 0.855135803924; 0, 1, 0; 1, 0, 0; 3, 1, 1 ;
0,9; 0.803988, -1.830260, 2.883183 / 0.803988, -1.830260, 2.883183 / 0.803988, -1.830260, 2.883183; 1, 35, 1, 0; 0.482138142386; 1, 0, 1; 0, 1, 0; 4, 1, 2 ;
0,9; 0.805825, -1.834453, 2.883704 / 0.805825, -1.834453, 2.883704 / 0.805825, -1.834453, 2.883704; 1, 35, 1, 0; 0.482139726853; 1, 0, 1; 0, 1, 0; 3, 1, 0 / 4, 1, 2 ;
0,9; 0.673463, -1.784565, 2.969163 / 0.673496, -1.784560, 2.969184 / 0.673430, -1.784570, 2.969141; 1, 35, 1, 0; 0.482812584537; 2, 1, 1; 2, 0, 0; 2, 1, 1 / 2, 2, 2 ;
0,9; 0.446276, -1.694488, 3.113095 / 0.446276, -1.694488, 3.113095 / 0.446276, -1.694488, 3.113095; 1, 40, 1, 0; 0.533610325318; 1, 0, 1; 1, 0, 0; 2, 1, 2 ;
0,9; -0.335848, -1.408048, 3.623347 / -0.335848, -1.408048, 3.623347 / -0.335848, -1.408048, 3.623347; 1, 43, 1, 0; 0.468656512110; 1, 0, 1; 0, 1, 0; 4, 1, 2 ;
0,9; -0.230334, -1.445232, 3.558518 / -0.230334, -1.445232, 3.558518 / -0.230334, -1.445232, 3.558518; 1, 43, 1, 0; 0.459279850554; 1, 0, 1; 1, 0, 0; 1, 4, 0 / 3, 1, 2 ;
0,9; -0.330029, -1.408668, 3.621017 / -0.330029, -1.408668, 3.621017 / -0.330029, -1.408668, 3.621017; 1, 43, 1, 0; 0.468659543025; 1, 0, 1; 1, 0, 0; 2, 1, 2 ;
0,9; -0.657344, -1.286711, 3.832052 / -0.657344, -1.286711, 3.832052 / -0.657344, -1.286711, 3.832052; 1, 45, 1, 0; 0.780578965399; 1, 0, 1; 0, 1, 0; 1, 1, 2 ;
0,9; -0.676674, -1.277432, 3.845479 / -0.676674, -1.277432, 3.845479 / -0.676674, -1.277432, 3.845479; 1, 45, 1, 0; 0.780601996479; 0, 1, 0; 1, 0, 0; 3, 1, 1 ;
0,9; -0.674708, -1.277169, 3.839000 / -0.674708, -1.277169, 3.839000 / -0.674708, -1.277169, 3.839000; 1, 45, 1, 0; 0.780602488306; 1, 0, 1; 1, 0, 0; 2, 1, 2 / 4, 1, 0 ;
