1,0; 1.11193, -2.15773, 0.674934 / 1.11193, -2.15773, 0.674934 / 1.11193, -2.15773, 0.674934; 1, 18, 1, 0; 0.509526222698; 1, 0, 1; 1, 0, 0; 2, 1, 2 ;
0,0; 1.112673, -2.139614, 0.687304 / 1.112673, -2.139614, 0.687304 / 1.112673, -2.139614, 0.687304; 1, 18, 1, 0; 0.509534815274; 1, 0, 1; 1, 0, 0; 3, 1, 2 ;
0,0; 0.767521, -1.681722, 1.241367 / 0.767704, -1.681697, 1.241598 / 0.767339, -1.681747, 1.241136; 1, 22, 1, 0; 0.355056649845; 1, 0, 2; 1, 1, 0; 1, 1, 2 / 2, 3, 2 ;
0,0; 0.848289, -1.793780, 1.102162 / 0.848289, -1.793780, 1.102162 / 0.848289, -1.793780, 1.102162; 1, 22, 1, 0; 0.287901321878; 0, 1, 0; 1, 0, 0; 3, 1, 1 ;
0,0; 0.849429, -1.797179, 1.095973 / 0.849429, -1.797179, 1.095973 / 0.849429, -1.797179, 1.095973; 1, 22, 1, 0; 0.287901765706; 1, 0, 1; 1, 0, 0; 1, 4, 0 / 2, 3, 0 / 2, 6, 0 / 3, 1, 2 / 3, 2, 0 ;
0,0; 0.316579, -1.064838, 1.967135 / 0.316579, -1.064838, 1.967135 / 0.316579, -1.064838, 1.967135; 1, 30, 1, 0; 0.479731141945; 0, 1, 0; 0, 1, 0; 4, 1, 1 ;
0,0; 0.168463, -0.861385, 2.208389 / 0.168787, -0.860855, 2.208578 / 0.168140, -0.861915, 2.208199; 1, 34, 1, 0; 0.107371560285; 2, 2, 1; 1, 2, 1; 1, 1, 1 / 3, 5, 2 / 4, 4, 1 ;
0,0; 0.169425, -0.863091, 2.207374 / 0.169425, -0.863091, 2.207374 / 0.169425, -0.863091, 2.207374; 1, 34, 1, 0; 0.107370125901; 1, 0, 1; 0, 1, 0; 4, 1, 2 ;
0,0; -0.289994, -0.232292, 2.954949 / -0.289951, -0.231965, 2.955033 / -0.290037, -0.232620, 2.954865; 1, 37, 1, 0; 0.838437792759; 2, 1, 1; 1, 1, 0; 1, 1, 2 / 2, 1, 1 ;
0,0; -0.858851, 0.518876, 3.818108 / -0.858851, 0.518876, 3.818108 / -0.858851, 0.518876, 3.818108; 1, 46, 1, 0; 0.253089158207; 1, 0, 1; 1, 0, 0; 3, 1, 2 ;
1,1; -4.47504, 0.0309331, 1.0439 / -4.47504, 0.0309331, 1.0439 / -4.47504, 0.0309331, 1.0439; 1, 21, 1, 0; 0.506909694938; 1, 0, 1; 0, 1, 0; 1, 1, 2 ;
0,1; -2.862699, -0.649835, 2.912446 / -2.862592, -0.649558, 2.912602 / -2.862806, -0.650112, 2.912290; 1, 36, 1, 0; 0.824802418181; 1, 0, 2; 1, 1, 0; 1, 1, 2 / 3, 4, 2 ;
0,1; -2.862807, -0.649543, 2.915773 / -2.862425, -0.648654, 2.916212 / -2.863188, -0.650432, 2.915333; 1, 36, 1, 0; 0.824800807950; 2, 1, 1; 2, 0, 0; 1, 4, 0 / 3, 1, 2 / 3, 9, 1 ;
0,1; -3.399197, -0.431316, 2.307843 / -3.399197, -0.431316, 2.307843 / -3.399197, -0.431316, 2.307843; 1, 36, 1, 0; 0.213683255913; 1, 0, 1; 1, 0, 0; 3, 1, 2 ;
0,1; -3.089161, -0.542823, 2.662389 / -3.089161, -0.542823, 2.662389 / -3.089161, -0.542823, 2.662389; 1, 36, 1, 0; 0.486983135082; 1, 0, 1; 1, 0, 0; 3, 1, 2 ;
0,1; -2.873076, -0.643311, 2.927362 / -2.873076, -0.643311, 2.927362 / -2.873076, -0.643311, 2.927362; 1, 36, 1, 0; 0.824820208016; 0, 0, 0; 1, 0, 0; 2, 1, 3 / 4, 9, 0 ;
0,1; -2.866114, -0.645403, 2.928555 / -2.866114, -0.645403, 2.928555 / -2.866114, -0.645403, 2.928555; 1, 36, 1, 0; 0.824820671763; 1, 0, 1; 1, 0, 0; 3, 1, 2 ;
0,1; -2.868036, -0.641444, 2.921509 / -2.868036, -0.641444, 2.921509 / -2.868036, -0.641444, 2.921509; 1, 36, 1, 0; 0.824821238564; 1, 0, 1; 1, 0, 0; 3, 1, 2 ;
0,1; -2.892408, -0.631907, 2.902413 / -2.892408, -0.631907, 2.902413 / -2.892408, -0.631907, 2.902413; 1, 36, 1, 0; 0.824854847311; 1, 0, 1; 1, 0, 0; 2, 1, 2 ;
0,1; -2.692672, -0.720340, 3.138136 / -2.692672, -0.720340, 3.138136 / -2.692672, -0.720340, 3.138136; 1, 41, 1, 0; 0.340357779141; 0, 1, 0; 1, 0, 0; 1, 4, 0 / 3, 1, 1 ;
1,2; -1.11005, 1.28311, -4.26341 / -1.10986, 1.28312, -4.26318 / -1.11025, 1.28309, -4.26363; 1, 1, 1, 0; 0.089443112816; 2, 1, 1; 0, 2, 1; 1, 1, 2 / 4, 6, 1 ;
0,2; -1.110512, 1.283162, -4.262506 / -1.110254, 1.283466, -4.261830 / -1.110771, 1.282857, -4.263183; 1, 1, 1, 0; 0.089443081173; 2, 1, 1; 1, 2, 0; 1, 1, 2 / 1, 9, 2 / 3, 4, 1 ;
0,2; -0.993305, 1.343364, -4.194158 / -0.993305, 1.343364, -4.194158 / -0.993305, 1.343364, -4.194158; 1, 1, 1, 0; 0.090137424097; 1, 0, 1; 0, 1, 0; 1, 1, 2 ;
0,2; -0.249158, 1.161687, -3.580915 / -0.249158, 1.161687, -3.580915 / -0.249158, 1.161687, -3.580915; 1, 1, 1, 0; 0.644982450187; 1, 0, 1; 0, 1, 0; 1, 1, 2 ;
0,2; -0.763119, 0.805459, -4.495984 / -0.763119, 0.805459, -4.495984 / -0.763119, 0.805459, -4.495984; 1, 1, 1, 0; 0.070524473229; 1, 0, 1; 1, 0, 0; 2, 1, 2 ;
0,2; -0.998485, 1.338962, -4.192778 / -0.998485, 1.338962, -4.192778 / -0.998485, 1.338962, -4.192778; 1, 1, 1, 0; 0.090136822887; 1, 0, 1; 1, 0, 0; 2, 1, 2 ;
0,2; -0.981631, 1.345696, -4.183518 / -0.981631, 1.345696, -4.183518 / -0.981631, 1.345696, -4.183518; 1, 1, 1, 0; 0.090138361511; 1, 0, 1; 1, 0, 0; 2, 1, 2 ;
0,2; -0.983853, 1.347322, -4.165551 / -0.983853, 1.347322, -4.165551 / -0.983853, 1.347322, -4.165551; 1, 1, 1, 0; 0.090152205177; 1, 0, 1; 1, 0, 0; 2, 1, 2 ;
0,2; -0.941141, 1.373635, -4.147979 / -0.941141, 1.373635, -4.147979 / -0.941141, 1.373635, -4.147979; 1, 1, 1, 0; 0.090198838556; 1, 0, 1; 1, 0, 0; 2, 1, 2 ;
0,2; -0.954762, 1.369697, -4.140599 / -0.954762, 1.369697, -4.140599 / -0.954762, 1.369697, -4.140599; 1, 1, 1, 0; 0.090203553313; 1, 0, 1; 1, 0, 0; 3, 1, 2 ;
0,2; -0.586382, 0.935505, -4.183973 / -0.586382, 0.935505, -4.183973 / -0.586382, 0.935505, -4.183973; 1, 1, 1, 0; 0.116070293391; 1, 0, 1; 1, 0, 0; 3, 1, 2 ;
0,2; 0.299128, 1.531053, -2.625017 / 0.299128, 1.531053, -2.625017 / 0.299128, 1.531053, -2.625017; 1, 3, 1, 0; 0.721307075763; 1, 0, 1; 1, 0, 0; 2, 1, 2 ;
0,2; 0.299390, 1.533053, -2.618601 / 0.299390, 1.533053, -2.618601 / 0.299390, 1.533053, -2.618601; 1, 3, 1, 0; 0.721314184166; 1, 0, 1; 1, 0, 0; 2, 1, 2 ;
0,2; 1.221431, 2.155720, -1.003617 / 1.221431, 2.155720, -1.003617 / 1.221431, 2.155720, -1.003617; 1, 7, 1, 0; 0.624705690743; 1, 0, 1; 0, 1, 0; 1, 1, 2 / 4, 5, 0 ;
0,2; 1.221224, 2.162130, -1.002404 / 1.221495, 2.162638, -1.001359 / 1.220953, 2.161621, -1.003449; 1, 7, 1, 0; 0.624705808356; 0, 2, 0; 3, 0, 0; 2, 4, 1 / 3, 1, 1 / 3, 8, 3 / 3, 9, 0 ;
0,2; 1.221260, 2.163066, -1.004346 / 1.221566, 2.163494, -1.003449 / 1.220953, 2.162638, -1.005244; 1, 7, 1, 0; 0.624705844151; 0, 1, 0; 3, 0, 0; 3, 1, 3 / 3, 2, 0 / 3, 6, 3 / 3, 9, 1 ;
0,2; 1.210984, 2.151729, -1.012740 / 1.210984, 2.151729, -1.012740 / 1.210984, 2.151729, -1.012740; 1, 7, 1, 0; 0.624703993021; 1, 0, 1; 1, 0, 0; 2, 1, 2 ;
0,2; 1.225916, 2.159364, -1.009917 / 1.225916, 2.159364, -1.009917 / 1.225916, 2.159364, -1.009917; 1, 7, 1, 0; 0.624706207218; 1, 0, 1; 1, 0, 0; 2, 1, 2 ;
0,2; 1.966583, 2.660621, 0.314508 / 1.966583, 2.660621, 0.314508 / 1.966583, 2.660621, 0.314508; 1, 20, 1, 0; 0.497090329541; 0, 1, 0; 0, 1, 0; 4, 1, 1 ;
0,2; 2.168461, 2.796526, 0.669124 / 2.168461, 2.796526, 0.669124 / 2.168461, 2.796526, 0.669124; 1, 20, 1, 0; 0.647685488093; 0, 1, 0; 1, 0, 0; 3, 1, 1 ;
0,2; 2.191644, 2.810110, 0.705835 / 2.191644, 2.810110, 0.705835 / 2.191644, 2.810110, 0.705835; 1, 20, 1, 0; 0.647716669125; 1, 0, 1; 1, 0, 0; 3, 1, 2 ;
0,2; 2.189896, 2.809748, 0.711850 / 2.189896, 2.809748, 0.711850 / 2.189896, 2.809748, 0.711850; 1, 20, 1, 0; 0.647729432233; 1, 0, 1; 1, 0, 0; 2, 1, 2 ;
0,2; 2.741606, 3.188217, 1.675640 / 2.741606, 3.188217, 1.675640 / 2.741606, 3.188217, 1.675640; 1, 28, 1, 0; 0.393434056017; 1, 0, 1; 0, 1, 0; 4, 1, 2 ;
0,2; 2.730655, 3.179371, 1.673283 / 2.730655, 3.179371, 1.673283 / 2.730655, 3.179371, 1.673283; 1, 28, 1, 0; 0.393420952307; 1, 0, 1; 1, 0, 0; 3, 1, 2 ;
0,2; 0.712108, 1.094517, 2.403153 / 0.712809, 1.094688, 2.403355 / 0.711407, 1.094347, 2.402950; 1, 31, 1, 0; 0.722540009341; 2, 1, 1; 0, 2, 1; 1, 1, 1 / 4, 3, 2 ;
0,2; 0.799361, 1.113955, 2.310822 / 0.799361, 1.113955, 2.310822 / 0.799361, 1.113955, 2.310822; 1, 31, 1, 0; 0.719782581396; 1, 0, 1; 0, 1, 0; 1, 1, 2 ;
0,2; 0.809259, 1.111141, 2.316808 / 0.809259, 1.111141, 2.316808 / 0.809259, 1.111141, 2.316808; 1, 31, 1, 0; 0.719786139495; 1, 0, 1; 1, 0, 0; 3, 1, 2 ;
0,2; 0.711314, 1.095576, 2.402659 / 0.711407, 1.096465, 2.403355 / 0.711222, 1.094688, 2.401963; 1, 31, 1, 0; 0.722539910199; 1, 0, 1; 1, 1, 0; 1, 10, 1 / 3, 1, 2 ;
0,2; 0.715517, 1.095990, 2.401956 / 0.715517, 1.095990, 2.401956 / 0.715517, 1.095990, 2.401956; 1, 31, 1, 0; 0.722541276157; 1, 0, 1; 1, 0, 0; 3, 1, 2 / 3, 6, 0 ;
0,2; 0.780248, 1.068478, 2.606679 / 0.780248, 1.068478, 2.606679 / 0.780248, 1.068478, 2.606679; 1, 38, 1, 0; 0.875449463314; 0, 0, 0; 0, 1, 0; 4, 1, 3 ;
0,2; 0.690512, 1.103605, 2.503093 / 0.690512, 1.103605, 2.503093 / 0.690512, 1.103605, 2.503093; 1, 38, 1, 0; 0.870531696027; 1, 0, 1; 1, 0, 0; 2, 1, 2 / 4, 7, 0 ;
0,2; 0.684867, 1.104984, 2.502491 / 0.684867, 1.104984, 2.502491 / 0.684867, 1.104984, 2.502491; 1, 38, 1, 0; 0.870558652804; 1, 0, 1; 1, 0, 0; 3, 1, 2 ;
0,2; 0.779847, 1.070518, 2.603726 / 0.779847, 1.070518, 2.603726 / 0.779847, 1.070518, 2.603726; 1, 38, 1, 0; 0.875447748857; 1, 0, 1; 1, 0, 0; 3, 1, 2 ;
1,3; -0.17061, 1.97536, -3.77813 / -0.17061, 1.97536, -3.77813 / -0.17061, 1.97536, -3.77813; 1, 2, 1, 0; 0.040020694303; 1, 0, 1; 1, 0, 0; 3, 1, 2 ;
0,3; -1.740430, 2.045901, -1.883552 / -1.740430, 2.045901, -1.883552 / -1.740430, 2.045901, -1.883552; 1, 6, 1, 0; 0.477897335917; 1, 0, 1; 0, 1, 0; 4, 1, 2 ;
0,3; -1.460403, 2.034841, -2.223318 / -1.460403, 2.034841, -2.223318 / -1.460403, 2.034841, -2.223318; 1, 6, 1, 0; 0.194650573759; 1, 0, 1; 1, 0, 0; 2, 1, 2 ;
0,3; -1.845160, 2.047549, -1.755566 / -1.845160, 2.047549, -1.755566 / -1.845160, 2.047549, -1.755566; 1, 6, 1, 0; 0.628049389287; 1, 0, 1; 1, 0, 0; 2, 1, 2 ;
0,3; -2.064154, 2.062123, -1.496738 / -2.064154, 2.062123, -1.496738 / -2.064154, 2.062123, -1.496738; 1, 7, 1, 0; 0.430499375627; 1, 0, 1; 0, 1, 0; 1, 1, 2 ;
0,3; -3.273943, 2.115966, -0.033039 / -3.273670, 2.116973, -0.032747 / -3.274217, 2.114959, -0.033331; 1, 14, 1, 0; 0.519296103986; 0, 3, 0; 1, 2, 1; 1, 4, 1 / 3, 2, 1 / 4, 1, 1 ;
0,3; -2.869012, 2.102522, -0.531845 / -2.868370, 2.102535, -0.531639 / -2.869655, 2.102509, -0.532051; 1, 14, 1, 0; 0.262500858627; 1, 0, 2; 2, 0, 0; 3, 1, 2 / 3, 6, 2 / 4, 4, 0 ;
0,3; -2.867392, 2.101671, -0.531482 / -2.867392, 2.101671, -0.531482 / -2.867392, 2.101671, -0.531482; 1, 14, 1, 0; 0.262500797077; 0, 1, 0; 1, 0, 0; 1, 4, 0 / 3, 1, 1 / 4, 10, 0 ;
0,3; -3.269795, 2.112783, -0.035394 / -3.269795, 2.112783, -0.035394 / -3.269795, 2.112783, -0.035394; 1, 14, 1, 0; 0.519296959536; 1, 0, 1; 1, 0, 0; 3, 1, 2 ;
0,3; -0.514092, 0.790406, 3.413277 / -0.513939, 0.790879, 3.413347 / -0.514244, 0.789932, 3.413207; 1, 45, 1, 0; 0.007558400239; 1, 0, 2; 1, 1, 0; 1, 5, 0 / 1, 6, 0 / 3, 1, 2 / 4, 3, 2 / 4, 7, 0 ;
0,3; -0.499805, 0.802518, 3.430844 / -0.499805, 0.802518, 3.430844 / -0.499805, 0.802518, 3.430844; 1, 45, 1, 0; 0.007544493401; 0, 1, 0; 1, 0, 0; 2, 1, 1 ;
0,3; -0.513848, 0.793725, 3.411840 / -0.513848, 0.793725, 3.411840 / -0.513848, 0.793725, 3.411840; 1, 45, 1, 0; 0.007560435386; 1, 0, 1; 1, 0, 0; 1, 4, 0 / 2, 7, 0 / 3, 1, 2 / 3, 2, 0 / 3, 7, 0 / 3, 8, 0 ;
0,3; -0.511617, 0.806326, 3.418867 / -0.511617, 0.806326, 3.418867 / -0.511617, 0.806326, 3.418867; 1, 45, 1, 0; 0.007567931511; 1, 0, 1; 1, 0, 0; 2, 1, 2 ;
0,3; -0.499561, 0.819395, 3.456481 / -0.499561, 0.819395, 3.456481 / -0.499561, 0.819395, 3.456481; 1, 45, 1, 0; 0.010442898863; 1, 0, 1; 1, 0, 0; 2, 1, 2 ;
0,3; -0.505247, 0.819550, 3.454333 / -0.505247, 0.819550, 3.454333 / -0.505247, 0.819550, 3.454333; 1, 45, 1, 0; 0.010474138370; 1, 0, 1; 1, 0, 0; 2, 1, 2 ;
0,3; -1.166076, -1.149894, 3.934961 / -1.166076, -1.149894, 3.934961 / -1.166076, -1.149894, 3.934961; 1, 46, 1, 0; 0.054579109960; 1, 0, 1; 0, 1, 0; 4, 1, 2 ;
0,3; -1.239672, -0.940842, 3.880080 / -1.239672, -0.940842, 3.880080 / -1.239672, -0.940842, 3.880080; 1, 46, 1, 0; 0.058898181469; 1, 0, 1; 1, 0, 0; 2, 1, 2 ;
0,3; -0.870625, -0.888554, 4.480264 / -0.870625, -0.888554, 4.480264 / -0.870625, -0.888554, 4.480264; 1, 46, 1, 0; 0.872236393881; 1, 0, 1; 1, 0, 0; 3, 1, 2 ;
0,3; -1.027053, -0.258923, 4.505291 / -1.027053, -0.258923, 4.505291 / -1.027053, -0.258923, 4.505291; 1, 46, 1, 0; 0.909602513105; 1, 0, 1; 1, 0, 0; 2, 1, 2 ;
0,3; -0.998022, -0.224563, 4.472094 / -0.998022, -0.224563, 4.472094 / -0.998022, -0.224563, 4.472094; 1, 46, 1, 0; 0.910779616070; 1, 0, 1; 1, 0, 0; 2, 1, 2 ;
1,4; 4.30334, 0.752329, -0.0843214 / 4.30346, 0.75269, -0.0842083 / 4.30322, 0.751967, -0.0844345; 1, 13, 1, 0; 0.955023419910; 0, 2, 0; 1, 1, 0; 3, 1, 1 / 4, 1, 1 ;
0,4; 4.300211, 0.751533, -0.085585 / 4.300211, 0.751533, -0.085585 / 4.300211, 0.751533, -0.085585; 1, 13, 1, 0; 0.955023278344; 1, 0, 1; 1, 0, 0; 2, 1, 2 ;
0,4; 3.526867, 0.914683, 0.200159 / 3.526867, 0.914683, 0.200159 / 3.526867, 0.914683, 0.200159; 1, 19, 1, 0; 0.134689151430; 1, 0, 1; 1, 0, 0; 3, 1, 2 ;
0,4; 3.897239, 0.838954, 0.067674 / 3.897239, 0.838954, 0.067674 / 3.897239, 0.838954, 0.067674; 1, 19, 1, 0; 0.136285183514; 1, 0, 1; 1, 0, 0; 2, 1, 2 ;
0,4; 3.887119, 0.841220, 0.070952 / 3.887119, 0.841220, 0.070952 / 3.887119, 0.841220, 0.070952; 1, 19, 1, 0; 0.136298300952; 1, 0, 1; 1, 0, 0; 2, 1, 2 ;
0,4; 3.892500, 0.836326, 0.070432 / 3.892500, 0.836326, 0.070432 / 3.892500, 0.836326, 0.070432; 1, 19, 1, 0; 0.136298742057; 1, 0, 1; 1, 0, 0; 2, 1, 2 ;
0,4; 3.852599, 0.840428, 0.072889 / 3.852599, 0.840428, 0.072889 / 3.852599, 0.840428, 0.072889; 1, 19, 1, 0; 0.136337371248; 1, 0, 1; 1, 0, 0; 3, 1, 2 ;
0,4; 2.554603, 1.129040, 0.554653 / 2.554603, 1.129040, 0.554653 / 2.554603, 1.129040, 0.554653; 1, 19, 1, 0; 0.732010909023; 1, 0, 1; 1, 0, 0; 2, 1, 2 ;
0,4; 2.556775, 1.126886, 0.556192 / 2.556775, 1.126886, 0.556192 / 2.556775, 1.126886, 0.556192; 1, 19, 1, 0; 0.732010995797; 1, 0, 1; 1, 0, 0; 3, 1, 2 ;
0,4; 2.951635, 1.037837, 0.406632 / 2.951635, 1.037837, 0.406632 / 2.951635, 1.037837, 0.406632; 1, 19, 1, 0; 0.735274591219; 1, 0, 1; 1, 0, 0; 2, 1, 2 ;
0,4; 0.363625, 1.588898, 1.340440 / 0.364046, 1.589281, 1.340932 / 0.363205, 1.588514, 1.339949; 1, 26, 1, 0; 0.666645424542; 2, 2, 1; 2, 1, 0; 3, 1, 1 / 3, 2, 1 / 4, 3, 2 / 4, 4, 0 ;
0,4; -0.174899, 1.704736, 1.537229 / -0.174575, 1.704859, 1.537458 / -0.175222, 1.704613, 1.537001; 1, 26, 1, 0; 0.661303853242; 2, 1, 1; 1, 1, 0; 1, 1, 1 / 2, 2, 2 ;
0,4; -0.033972, 1.674813, 1.486700 / -0.033972, 1.674813, 1.486700 / -0.033972, 1.674813, 1.486700; 1, 26, 1, 0; 0.661026462646; 0, 1, 0; 0, 1, 0; 4, 1, 1 ;
0,4; -0.174772, 1.702822, 1.538664 / -0.174772, 1.702822, 1.538664 / -0.174772, 1.702822, 1.538664; 1, 26, 1, 0; 0.661303707514; 1, 0, 1; 1, 0, 0; 2, 1, 2 ;
0,4; 0.047977, 1.657450, 1.457134 / 0.047977, 1.657450, 1.457134 / 0.047977, 1.657450, 1.457134; 1, 26, 1, 0; 0.663156401354; 1, 0, 1; 1, 0, 0; 3, 1, 2 ;
0,4; -0.790626, 1.832346, 1.759880 / -0.790626, 1.832346, 1.759880 / -0.790626, 1.832346, 1.759880; 1, 29, 1, 0; 0.313681163571; 1, 0, 1; 1, 0, 0; 3, 1, 2 ;
0,4; -0.804324, 1.834946, 1.775550 / -0.804324, 1.834946, 1.775550 / -0.804324, 1.834946, 1.775550; 1, 29, 1, 0; 0.313704415896; 1, 0, 1; 1, 0, 0; 3, 1, 2 ;
0,4; -0.226357, 1.719204, 1.549893 / -0.226357, 1.719204, 1.549893 / -0.226357, 1.719204, 1.549893; 1, 29, 1, 0; 0.318427453135; 1, 0, 1; 1, 0, 0; 2, 1, 2 ;
0,4; -2.288348, 2.155976, 2.298568 / -2.288348, 2.155976, 2.298568 / -2.288348, 2.155976, 2.298568; 1, 37, 1, 0; 0.181516988434; 1, 0, 1; 0, 1, 0; 4, 1, 2 ;
0,4; -2.292479, 2.156409, 2.294031 / -2.292479, 2.156409, 2.294031 / -2.292479, 2.156409, 2.294031; 1, 37, 1, 0; 0.181542031754; 1, 0, 1; 1, 0, 0; 2, 1, 2 ;
1,5; -2.77721, 2.21505, -1.99423 / -2.77721, 2.21505, -1.99423 / -2.77721, 2.21505, -1.99423; 1, 6, 1, 0; 0.492952604438; 0, 1, 0; 0, 1, 0; 4, 1, 1 ;
0,5; -2.937431, 2.230511, -2.112108 / -2.937431, 2.230511, -2.112108 / -2.937431, 2.230511, -2.112108; 1, 6, 1, 0; 0.495421461065; 1, 0, 1; 0, 1, 0; 1, 1, 2 / 4, 6, 0 ;
0,5; -2.883467, 2.226474, -2.076934 / -2.883467, 2.226474, -2.076934 / -2.883467, 2.226474, -2.076934; 1, 6, 1, 0; 0.495328744042; 1, 0, 1; 1, 0, 0; 3, 1, 2 ;
0,5; -2.884139, 2.226936, -2.072468 / -2.884139, 2.226936, -2.072468 / -2.884139, 2.226936, -2.072468; 1, 6, 1, 0; 0.495328842062; 1, 0, 1; 1, 0, 0; 2, 1, 2 ;
0,5; -2.939197, 2.228754, -2.108174 / -2.939197, 2.228754, -2.108174 / -2.939197, 2.228754, -2.108174; 1, 6, 1, 0; 0.495422093293; 1, 0, 1; 1, 0, 0; 3, 1, 2 ;
0,5; -1.630480, 2.101241, -1.141288 / -1.630312, 2.101512, -1.140828 / -1.630647, 2.100970, -1.141747; 1, 7, 1, 0; 0.604202040130; 1, 0, 2; 2, 0, 0; 1, 4, 0 / 1, 6, 0 / 2, 2, 2 / 2, 4, 0 / 2, 5, 0 / 3, 1, 2 / 4, 1, 0 ;
0,5; -1.632666, 2.104114, -1.138057 / -1.632666, 2.104114, -1.138057 / -1.632666, 2.104114, -1.138057; 1, 7, 1, 0; 0.604201232178; 1, 0, 1; 1, 0, 0; 2, 1, 2 ;
0,5; -1.632617, 2.102807, -1.143854 / -1.632617, 2.102807, -1.143854 / -1.632617, 2.102807, -1.143854; 1, 7, 1, 0; 0.604202715127; 0, 1, 0; 1, 0, 0; 3, 1, 1 ;
0,5; -0.644115, 1.999244, -0.405688 / -0.643813, 1.999385, -0.405554 / -0.644418, 1.999102, -0.405822; 1, 13, 1, 0; 0.477207164954; 2, 1, 1; 0, 2, 1; 1, 5, 1 / 4, 1, 2 ;
0,5; -0.275957, 1.961527, -0.132290 / -0.275549, 1.961615, -0.132159 / -0.276364, 1.961440, -0.132421; 1, 13, 1, 0; 0.744461779076; 2, 1, 1; 1, 1, 0; 1, 7, 0 / 2, 1, 1 / 4, 2, 0 / 4, 7, 2 ;
0,5; -0.645655, 1.999080, -0.405287 / -0.645655, 1.999080, -0.405287 / -0.645655, 1.999080, -0.405287; 1, 13, 1, 0; 0.477207103403; 0, 1, 0; 0, 1, 0; 4, 1, 1 ;
0,5; -0.301254, 1.950522, -0.122826 / -0.301254, 1.950522, -0.122826 / -0.301254, 1.950522, -0.122826; 1, 13, 1, 0; 0.744444046419; 1, 0, 1; 1, 0, 0; 2, 1, 2 ;
0,5; 0.059792, 1.929137, 0.120645 / 0.059792, 1.929137, 0.120645 / 0.059792, 1.929137, 0.120645; 1, 17, 1, 0; 0.613413798058; 1, 0, 1; 0, 1, 0; 4, 1, 2 ;
0,5; 1.341084, 1.798344, 1.070128 / 1.341415, 1.798891, 1.070635 / 1.340754, 1.797796, 1.069622; 1, 26, 1, 0; 0.307565693712; 2, 2, 1; 2, 1, 0; 1, 9, 1 / 2, 1, 1 / 2, 2, 2 ;
0,5; 1.071329, 1.827708, 0.867264 / 1.071329, 1.827708, 0.867264 / 1.071329, 1.827708, 0.867264; 1, 26, 1, 0; 0.079722292229; 0, 1, 0; 0, 1, 0; 4, 1, 1 ;
0,5; 1.647754, 1.769654, 1.298512 / 1.647754, 1.769654, 1.298512 / 1.647754, 1.769654, 1.298512; 1, 26, 1, 0; 0.681666280914; 1, 0, 1; 0, 1, 0; 4, 1, 2 ;
0,5; 2.942002, 1.633973, 2.266521 / 2.942002, 1.633973, 2.266521 / 2.942002, 1.633973, 2.266521; 1, 31, 1, 0; 0.596732717330; 1, 0, 1; 1, 0, 0; 3, 1, 2 ;
1,6; 4.16042, 0.11868, -1.92062 / 4.16042, 0.11868, -1.92062 / 4.16042, 0.11868, -1.92062; 1, 4, 1, 0; 0.591200570607; 1, 0, 1; 0, 1, 0; 1, 1, 2 ;
0,6; 3.717921, 0.359510, -0.755523 / 3.717921, 0.359510, -0.755523 / 3.717921, 0.359510, -0.755523; 1, 12, 1, 0; 0.412888812980; 1, 0, 1; 0, 1, 0; 4, 1, 2 ;
0,6; 3.834160, 0.293844, -1.076291 / 3.834160, 0.293844, -1.076291 / 3.834160, 0.293844, -1.076291; 1, 12, 1, 0; 0.169649706129; 0, 1, 0; 1, 0, 0; 3, 1, 1 ;
0,6; 3.745976, 0.336990, -0.846440 / 3.745976, 0.336990, -0.846440 / 3.745976, 0.336990, -0.846440; 1, 12, 1, 0; 0.412999386624; 1, 0, 1; 1, 0, 0; 2, 1, 2 / 2, 10, 0 / 3, 5, 0 / 3, 7, 0 ;
0,6; 3.744126, 0.336235, -0.848790 / 3.744126, 0.336235, -0.848790 / 3.744126, 0.336235, -0.848790; 1, 12, 1, 0; 0.412999455285; 1, 0, 1; 1, 0, 0; 2, 1, 0 / 3, 1, 2 ;
0,6; 3.348830, 0.553505, 0.202395 / 3.349220, 0.553843, 0.202936 / 3.348440, 0.553167, 0.201853; 1, 19, 1, 0; 0.158057838212; 2, 1, 1; 1, 1, 0; 2, 8, 2 / 4, 1, 1 / 4, 2, 0 / 4, 6, 0 ;
0,6; 3.345709, 0.555649, 0.200859 / 3.345743, 0.555720, 0.201132 / 3.345675, 0.555578, 0.200585; 1, 19, 1, 0; 0.158058662571; 1, 0, 1; 2, 0, 0; 2, 1, 3 / 3, 2, 0 / 3, 3, 2 / 4, 3, 0 ;
0,6; 3.341731, 0.556575, 0.202818 / 3.341731, 0.556575, 0.202818 / 3.341731, 0.556575, 0.202818; 1, 19, 1, 0; 0.158059949729; 1, 0, 1; 1, 0, 0; 3, 1, 2 ;
0,6; 3.226463, 0.615796, 0.505921 / 3.226463, 0.615796, 0.505921 / 3.226463, 0.615796, 0.505921; 1, 19, 1, 0; 0.671488576114; 1, 0, 1; 1, 0, 0; 2, 1, 2 ;
0,6; 3.227812, 0.616790, 0.514740 / 3.227812, 0.616790, 0.514740 / 3.227812, 0.616790, 0.514740; 1, 19, 1, 0; 0.671501686321; 1, 0, 1; 1, 0, 0; 3, 1, 2 ;
0,6; 3.265197, 0.595874, 0.424437 / 3.265197, 0.595874, 0.424437 / 3.265197, 0.595874, 0.424437; 1, 19, 1, 0; 0.671658943721; 1, 0, 1; 1, 0, 0; 2, 1, 2 ;
0,6; 3.179801, 0.641941, 0.647675 / 3.179801, 0.641941, 0.647675 / 3.179801, 0.641941, 0.647675; 1, 20, 1, 0; 0.850307052178; 1, 0, 1; 0, 1, 0; 1, 1, 2 ;
0,6; 3.119953, 0.675292, 0.803376 / 3.119953, 0.675292, 0.803376 / 3.119953, 0.675292, 0.803376; 1, 20, 1, 0; 0.850037942225; 1, 0, 1; 1, 0, 0; 2, 1, 2 ;
0,6; 3.178376, 0.645922, 0.649532 / 3.178376, 0.645922, 0.649532 / 3.178376, 0.645922, 0.649532; 1, 20, 1, 0; 0.850306292899; 1, 0, 1; 1, 0, 0; 2, 1, 2 ;
0,6; 3.020729, 0.732835, 1.054968 / 3.020729, 0.732835, 1.054968 / 3.020729, 0.732835, 1.054968; 1, 26, 1, 0; 0.206531250268; 1, 0, 1; 1, 0, 0; 3, 1, 2 ;
0,6; 2.862768, 0.821233, 1.483457 / 2.862768, 0.821233, 1.483457 / 2.862768, 0.821233, 1.483457; 1, 26, 1, 0; 0.838674681754; 1, 0, 1; 1, 0, 0; 3, 1, 2 ;
0,6; 2.666303, 0.916765, 1.987845 / 2.666303, 0.916765, 1.987845 / 2.666303, 0.916765, 1.987845; 1, 28, 1, 0; 0.683412369976; 1, 0, 1; 1, 0, 0; 3, 1, 2 ;
0,6; 1.997412, 1.273530, 3.734505 / 1.997412, 1.273530, 3.734505 / 1.997412, 1.273530, 3.734505; 1, 46, 1, 0; 0.367781668822; 1, 0, 1; 1, 0, 0; 3, 1, 2 ;
1,7; -0.438475, -1.80712, -3.97402 / -0.438475, -1.80712, -3.97402 / -0.438475, -1.80712, -3.97402; 1, 1, 1, 0; 0.342764991504; 1, 0, 1; 0, 1, 0; 4, 1, 2 ;
0,7; -0.190367, -1.729431, -3.543593 / -0.190367, -1.729431, -3.543593 / -0.190367, -1.729431, -3.543593; 1, 1, 1, 0; 0.892322057469; 1, 0, 1; 1, 0, 0; 3, 1, 2 ;
0,7; 0.482426, -1.533564, -2.331822 / 0.482426, -1.533564, -2.331822 / 0.482426, -1.533564, -2.331822; 1, 3, 1, 0; 0.855121503725; 1, 0, 1; 1, 0, 0; 3, 1, 2 ;
0,7; 0.495726, -1.521417, -2.325325 / 0.495726, -1.521417, -2.325325 / 0.495726, -1.521417, -2.325325; 1, 3, 1, 0; 0.855125134491; 1, 0, 1; 1, 0, 0; 3, 1, 2 ;
0,7; 1.927114, -1.083041, 0.214232 / 1.927114, -1.083041, 0.214232 / 1.927114, -1.083041, 0.214232; 1, 16, 1, 0; 0.833474695684; 1, 0, 1; 1, 0, 0; 2, 1, 2 ;
0,7; 2.252282, -0.990832, 0.785282 / 2.252282, -0.990832, 0.785282 / 2.252282, -0.990832, 0.785282; 1, 19, 1, 0; 0.780939603382; 1, 0, 1; 0, 1, 0; 4, 1, 2 ;
0,7; 2.227752, -1.006947, 0.733956 / 2.227752, -1.006947, 0.733956 / 2.227752, -1.006947, 0.733956; 1, 19, 1, 0; 0.780384708278; 1, 0, 1; 1, 0, 0; 3, 1, 2 ;
0,7; 2.252263, -0.991621, 0.791632 / 2.252263, -0.991621, 0.791632 / 2.252263, -0.991621, 0.791632; 1, 19, 1, 0; 0.780952330334; 1, 0, 1; 1, 0, 0; 3, 1, 2 ;
0,7; 2.787539, -0.829425, 1.730189 / 2.788049, -0.829035, 1.730746 / 2.787030, -0.829815, 1.729631; 1, 27, 1, 0; 0.812994939003; 0, 2, 0; 0, 2, 0; 4, 1, 1 / 4, 10, 1 ;
0,7; 2.522072, -0.904849, 1.267272 / 2.522072, -0.904849, 1.267272 / 2.522072, -0.904849, 1.267272; 1, 27, 1, 0; 0.301612493002; 1, 0, 1; 1, 0, 0; 3, 1, 2 ;
0,7; 3.257137, -0.686311, 2.561839 / 3.257137, -0.686311, 2.561839 / 3.257137, -0.686311, 2.561839; 1, 34, 1, 0; 0.632586667964; 0, 1, 0; 1, 0, 0; 3, 1, 1 ;
1,8; -0.20795, -3.4514, -0.122792 / -0.207711, -3.45106, -0.122632 / -0.208189, -3.45174, -0.122952; 1, 15, 1, 0; 0.294297347145; 0, 3, 0; 2, 1, 0; 1, 5, 1 / 2, 5, 1 / 3, 1, 1 ;
0,8; -0.222308, -3.452798, -0.121443 / -0.222308, -3.452798, -0.121443 / -0.222308, -3.452798, -0.121443; 1, 15, 1, 0; 0.294305939523; 1, 0, 1; 0, 1, 0; 1, 1, 2 ;
0,8; -0.209221, -3.450533, -0.119092 / -0.209221, -3.450533, -0.119092 / -0.209221, -3.450533, -0.119092; 1, 15, 1, 0; 0.294309020188; 0, 1, 0; 0, 1, 0; 1, 3, 0 / 4, 1, 1 ;
0,8; -0.176902, -3.570908, -0.121485 / -0.176902, -3.570908, -0.121485 / -0.176902, -3.570908, -0.121485; 1, 15, 1, 0; 0.294982065171; 0, 1, 0; 0, 1, 0; 1, 1, 1 ;
0,8; -0.185235, -3.435060, -0.112815 / -0.185235, -3.435060, -0.112815 / -0.185235, -3.435060, -0.112815; 1, 15, 1, 0; 0.295191871866; 1, 0, 1; 0, 1, 0; 1, 1, 2 ;
0,8; 0.247286, -2.332026, 0.131251 / 0.247286, -2.332026, 0.131251 / 0.247286, -2.332026, 0.131251; 1, 15, 1, 0; 0.723845815385; 0, 1, 0; 0, 1, 0; 1, 1, 1 ;
0,8; -0.214244, -3.449867, -0.125559 / -0.214142, -3.449267, -0.125332 / -0.214346, -3.450467, -0.125785; 1, 15, 1, 0; 0.294296101485; 0, 3, 0; 3, 0, 0; 2, 4, 1 / 3, 1, 1 / 3, 3, 0 / 3, 4, 0 / 3, 6, 1 / 3, 7, 0 / 4, 5, 0 ;
0,8; -0.168186, -3.441221, -0.212714 / -0.168186, -3.441221, -0.212714 / -0.168186, -3.441221, -0.212714; 1, 15, 1, 0; 0.294218997793; 1, 0, 1; 1, 0, 0; 3, 1, 2 ;
0,8; -0.210770, -3.452710, -0.127566 / -0.210770, -3.452710, -0.127566 / -0.210770, -3.452710, -0.127566; 1, 15, 1, 0; 0.294297186415; 1, 0, 1; 1, 0, 0; 2, 1, 2 ;
0,8; -0.182656, -3.437554, -0.112619 / -0.182656, -3.437554, -0.112619 / -0.182656, -3.437554, -0.112619; 1, 15, 1, 0; 0.295191717832; 1, 0, 1; 1, 0, 0; 2, 1, 2 ;
0,8; 0.249918, -2.333676, 0.133105 / 0.249918, -2.333676, 0.133105 / 0.249918, -2.333676, 0.133105; 1, 15, 1, 0; 0.723834149040; 1, 0, 1; 1, 0, 0; 3, 1, 2 ;
0,8; 0.494783, -2.213122, 0.723387 / 0.495663, -2.213097, 0.723961 / 0.493904, -2.213147, 0.722812; 1, 18, 1, 0; 0.525291498930; 0, 2, 0; 1, 1, 0; 1, 7, 0 / 1, 8, 1 / 2, 1, 1 ;
0,8; 0.494095, -2.217632, 0.723369 / 0.494095, -2.217632, 0.723369 / 0.494095, -2.217632, 0.723369; 1, 18, 1, 0; 0.525292294022; 1, 0, 1; 1, 0, 0; 2, 1, 2 / 2, 10, 0 ;
0,8; 0.498157, -2.214832, 0.728550 / 0.498157, -2.214832, 0.728550 / 0.498157, -2.214832, 0.728550; 1, 18, 1, 0; 0.525292510232; 1, 0, 1; 1, 0, 0; 3, 1, 2 ;
0,8; 0.453660, -2.355241, 0.879081 / 0.453660, -2.355241, 0.879081 / 0.453660, -2.355241, 0.879081; 1, 18, 1, 0; 0.526202486267; 1, 0, 1; 1, 0, 0; 2, 1, 2 ;
0,8; 0.781942, -0.791342, 0.456736 / 0.781942, -0.791342, 0.456736 / 0.781942, -0.791342, 0.456736; 1, 19, 1, 0; 0.499447903379; 1, 0, 1; 1, 0, 0; 3, 1, 2 ;
0,8; 0.872457, -0.515724, 0.511768 / 0.872457, -0.515724, 0.511768 / 0.872457, -0.515724, 0.511768; 1, 19, 1, 0; 0.575900229374; 1, 0, 1; 1, 0, 0; 3, 1, 2 ;
0,8; 0.365228, -2.914385, 1.579919 / 0.365228, -2.914385, 1.579919 / 0.365228, -2.914385, 1.579919; 1, 22, 1, 0; 0.824290596388; 1, 0, 1; 1, 0, 0; 2, 1, 2 ;
0,8; 2.236839, 3.460050, 1.328927 / 2.236839, 3.460050, 1.328927 / 2.236839, 3.460050, 1.328927; 1, 28, 1, 0; 0.036430661760; 1, 0, 1; 0, 1, 0; 3, 1, 0 / 4, 1, 2 / 4, 4, 0 ;
0,8; 2.237691, 3.463272, 1.331476 / 2.237691, 3.463272, 1.331476 / 2.237691, 3.463272, 1.331476; 1, 28, 1, 0; 0.036430367088; 0, 1, 0; 1, 0, 0; 2, 1, 1 ;
0,8; 2.237239, 3.462175, 1.329808 / 2.237239, 3.462175, 1.329808 / 2.237239, 3.462175, 1.329808; 1, 28, 1, 0; 0.036430532841; 0, 1, 0; 1, 0, 0; 2, 1, 1 / 2, 6, 0 / 2, 8, 0 ;
0,8; 0.439827, -3.442810, 2.259492 / 0.439827, -3.442810, 2.259492 / 0.439827, -3.442810, 2.259492; 1, 32, 1, 0; 0.754995582669; 0, 1, 0; 0, 1, 0; 1, 1, 1 ;
0,8; 0.713717, -3.630978, 2.604626 / 0.713717, -3.630978, 2.604626 / 0.713717, -3.630978, 2.604626; 1, 33, 1, 0; 0.791769231345; 1, 0, 1; 0, 1, 0; 4, 1, 2 ;
1,9; 1.86069, 0.713552, -2.92267 / 1.86069, 0.713552, -2.92267 / 1.86069, 0.713552, -2.92267; 1, 3, 1, 0; 0.260038991445; 0, 1, 0; 1, 0, 0; 3, 1, 1 ;
0,9; 1.898441, 0.681525, -2.947907 / 1.898441, 0.681525, -2.947907 / 1.898441, 0.681525, -2.947907; 1, 3, 1, 0; 0.260412496927; 1, 0, 1; 1, 0, 0; 3, 1, 2 ;
0,9; 0.787702, 1.846649, -2.049305 / 0.787702, 1.846649, -2.049305 / 0.787702, 1.846649, -2.049305; 1, 4, 1, 0; 0.738395201425; 1, 0, 1; 0, 1, 0; 4, 1, 2 ;
0,9; 1.153341, 1.460683, -2.349405 / 1.153341, 1.460683, -2.349405 / 1.153341, 1.460683, -2.349405; 1, 4, 1, 0; 0.387140306338; 0, 1, 0; 1, 0, 0; 1, 1, 0 / 2, 1, 1 ;
0,9; 1.154935, 1.458162, -2.350225 / 1.154935, 1.458162, -2.350225 / 1.154935, 1.458162, -2.350225; 1, 4, 1, 0; 0.387140793933; 1, 0, 1; 1, 0, 0; 3, 1, 2 ;
0,9; 1.143885, 1.470016, -2.341075 / 1.143885, 1.470016, -2.341075 / 1.143885, 1.470016, -2.341075; 1, 4, 1, 0; 0.387146423434; 0, 0, 0; 1, 0, 0; 3, 1, 3 ;
0,9; -0.538768, 3.245418, -0.974818 / -0.538580, 3.245448, -0.974767 / -0.538955, 3.245389, -0.974870; 1, 7, 1, 0; 0.754051832670; 2, 1, 1; 1, 1, 0; 2, 3, 2 / 4, 1, 1 / 4, 6, 0 ;
0,9; -0.277142, 2.970930, -1.184125 / -0.277142, 2.970930, -1.184125 / -0.277142, 2.970930, -1.184125; 1, 7, 1, 0; 0.711661363843; 1, 0, 1; 0, 1, 0; 4, 1, 2 ;
0,9; 0.473083, 2.180377, -1.794926 / 0.473083, 2.180377, -1.794926 / 0.473083, 2.180377, -1.794926; 1, 7, 1, 0; 0.065555686805; 1, 0, 1; 1, 0, 0; 2, 1, 2 ;
0,9; 0.025975, 2.647877, -1.433524 / 0.025975, 2.647877, -1.433524 / 0.025975, 2.647877, -1.433524; 1, 7, 1, 0; 0.340767119631; 1, 0, 1; 1, 0, 0; 3, 1, 2 ;
0,9; -0.535105, 3.236853, -0.980661 / -0.535105, 3.236853, -0.980661 / -0.535105, 3.236853, -0.980661; 1, 7, 1, 0; 0.754043103722; 1, 0, 1; 1, 0, 0; 2, 1, 2 ;
0,9; -0.532811, 3.239079, -0.974003 / -0.532811, 3.239079, -0.974003 / -0.532811, 3.239079, -0.974003; 1, 7, 1, 0; 0.754051316195; 1, 0, 1; 1, 0, 0; 3, 1, 2 ;
0,9; -1.178605, 3.921116, -0.454545 / -1.178605, 3.921116, -0.454545 / -1.178605, 3.921116, -0.454545; 1, 17, 1, 0; 0.072247641924; 1, 0, 1; 1, 0, 0; 2, 4, 0 / 3, 1, 2 ;
