1,2; 1.59014, -2.7157, 0.449237 / 1.59014, -2.7157, 0.449237 / 1.59014, -2.7157, 0.449237; 1, 19, 1, 0; 0.313931521767; 1, 0, 1; 0, 1, 0; 4, 1, 2 ;
0,2; 1.589345, -2.717083, 0.450211 / 1.589345, -2.717083, 0.450211 / 1.589345, -2.717083, 0.450211; 1, 19, 1, 0; 0.313931434993; 1, 0, 1; 1, 0, 0; 3, 1, 2 ;
0,2; 1.665218, -2.499879, 0.493590 / 1.665218, -2.499879, 0.493590 / 1.665218, -2.499879, 0.493590; 1, 19, 1, 0; 0.315655438024; 1, 0, 1; 1, 0, 0; 3, 1, 2 ;
0,2; 1.872159, -1.827839, 0.683774 / 1.872159, -1.827839, 0.683774 / 1.872159, -1.827839, 0.683774; 1, 19, 1, 0; 0.850155268813; 1, 0, 1; 1, 0, 0; 3, 1, 2 ;
0,2; 2.381530, -0.268901, 1.099676 / 2.381530, -0.268901, 1.099676 / 2.381530, -0.268901, 1.099676; 1, 26, 1, 0; 0.128295400969; 1, 0, 1; 1, 0, 0; 3, 1, 2 ;
0,2; 2.387313, -0.239694, 1.107201 / 2.387313, -0.239694, 1.107201 / 2.387313, -0.239694, 1.107201; 1, 26, 1, 0; 0.128304401869; 0, 1, 0; 1, 0, 0; 3, 1, 1 ;
0,2; 2.569141, 0.335894, 1.268709 / 2.569141, 0.335894, 1.268709 / 2.569141, 0.335894, 1.268709; 1, 26, 1, 0; 0.909818018945; 1, 0, 1; 1, 0, 0; 3, 1, 2 ;
0,2; 2.645859, 0.560248, 1.323429 / 2.645859, 0.560248, 1.323429 / 2.645859, 0.560248, 1.323429; 1, 26, 1, 0; 0.911109348078; 1, 0, 1; 1, 0, 0; 3, 1, 2 ;
1,3; 3.25101, -0.695954, -1.18154 / 3.25192, -0.695804, -1.18149 / 3.2501, -0.696104, -1.18158; 1, 11, 1, 0; 0.646700894431; 1, 0, 1; 1, 1, 0; 1, 5, 2 / 2, 1, 3 ;
0,3; 2.816702, -1.687921, -0.841059 / 2.816702, -1.687921, -0.841059 / 2.816702, -1.687921, -0.841059; 1, 11, 1, 0; 0.958944849929; 1, 0, 1; 1, 0, 0; 2, 1, 2 ;
0,3; 2.812081, -1.682868, -0.834361 / 2.812081, -1.682868, -0.834361 / 2.812081, -1.682868, -0.834361; 1, 11, 1, 0; 0.958954679969; 1, 0, 1; 1, 0, 0; 3, 1, 2 ;
0,3; 2.696582, -1.943287, -0.742398 / 2.696582, -1.943287, -0.742398 / 2.696582, -1.943287, -0.742398; 1, 11, 1, 0; 0.979364526258; 1, 0, 1; 1, 0, 0; 3, 1, 2 ;
0,3; 3.850299, 0.610994, -1.640208 / 3.850464, 0.611140, -1.640133 / 3.850134, 0.610848, -1.640282; 1, 12, 1, 0; 0.011927013957; 2, 1, 1; 1, 1, 0; 3, 1, 1 / 4, 1, 2 ;
0,3; 3.791936, 0.524450, -1.610577 / 3.791936, 0.524450, -1.610577 / 3.791936, 0.524450, -1.610577; 1, 12, 1, 0; 0.011261575187; 0, 1, 0; 0, 1, 0; 4, 1, 1 ;
0,3; 3.859806, 0.604540, -1.638876 / 3.859806, 0.604540, -1.638876 / 3.859806, 0.604540, -1.638876; 1, 12, 1, 0; 0.011928478736; 0, 1, 0; 0, 1, 0; 4, 1, 1 ;
0,3; 3.849900, 0.607367, -1.639044 / 3.850780, 0.607449, -1.638990 / 3.849019, 0.607285, -1.639098; 1, 12, 1, 0; 0.011927197054; 2, 1, 1; 2, 0, 0; 2, 1, 1 / 2, 5, 2 ;
0,3; 3.800019, 0.527633, -1.607308 / 3.800019, 0.527633, -1.607308 / 3.800019, 0.527633, -1.607308; 1, 12, 1, 0; 0.011261924216; 1, 0, 1; 1, 0, 0; 2, 1, 2 ;
0,3; 3.830574, 0.611457, -1.641174 / 3.830574, 0.611457, -1.641174 / 3.830574, 0.611457, -1.641174; 1, 12, 1, 0; 0.011924994164; 0, 1, 0; 1, 0, 0; 2, 1, 1 ;
0,3; 3.841317, 0.607823, -1.638044 / 3.841317, 0.607823, -1.638044 / 3.841317, 0.607823, -1.638044; 1, 12, 1, 0; 0.011925594952; 1, 0, 1; 1, 0, 0; 2, 1, 2 ;
0,3; 3.848881, 0.614443, -1.641212 / 3.848881, 0.614443, -1.641212 / 3.848881, 0.614443, -1.641212; 1, 12, 1, 0; 0.011926865190; 1, 0, 1; 1, 0, 0; 2, 1, 2 ;
0,3; 2.030685, -3.446208, -0.213374 / 2.031094, -3.445617, -0.212968 / 2.030276, -3.446799, -0.213780; 1, 15, 1, 0; 0.314069110036; 0, 2, 0; 1, 1, 0; 2, 4, 0 / 3, 5, 1 / 4, 1, 1 ;
0,3; 2.020862, -3.470338, -0.203996 / 2.020862, -3.470338, -0.203996 / 2.020862, -3.470338, -0.203996; 1, 15, 1, 0; 0.314085497835; 1, 0, 1; 1, 0, 0; 3, 1, 2 ;
0,3; 1.948159, -3.626330, -0.147532 / 1.948159, -3.626330, -0.147532 / 1.948159, -3.626330, -0.147532; 1, 15, 1, 0; 0.314367291640; 1, 0, 1; 1, 0, 0; 3, 1, 2 ;
1,4; -3.14923, 1.94155, 0.506575 / -3.14902, 1.94176, 0.506589 / -3.14943, 1.94133, 0.506562; 1, 17, 1, 0; 0.993317675597; 0, 1, 0; 1, 1, 0; 1, 1, 1 / 2, 1, 3 ;
0,4; -3.187189, 2.087968, 0.436515 / -3.187189, 2.087968, 0.436515 / -3.187189, 2.087968, 0.436515; 1, 17, 1, 0; 0.992546519868; 1, 0, 1; 1, 0, 0; 3, 1, 2 ;
0,4; -3.141964, 1.952928, 0.506166 / -3.141964, 1.952928, 0.506166 / -3.141964, 1.952928, 0.506166; 1, 17, 1, 0; 0.993313623416; 1, 0, 1; 1, 0, 0; 3, 1, 2 ;
0,4; -3.146048, 1.941549, 0.506837 / -3.146048, 1.941549, 0.506837 / -3.146048, 1.941549, 0.506837; 1, 17, 1, 0; 0.993316838658; 1, 0, 1; 1, 0, 0; 1, 5, 0 / 2, 1, 2 ;
0,4; -2.667303, 0.431874, 1.151517 / -2.667303, 0.431874, 1.151517 / -2.667303, 0.431874, 1.151517; 1, 23, 1, 0; 0.529294375250; 1, 0, 1; 1, 0, 0; 3, 1, 2 ;
0,4; -3.277042, 2.342422, 0.336644 / -3.277042, 2.342422, 0.336644 / -3.277042, 2.342422, 0.336644; 1, 24, 1, 0; 0.037758369433; 1, 0, 1; 1, 0, 0; 3, 1, 2 ;
0,4; -3.236813, 2.230701, 0.380434 / -3.236813, 2.230701, 0.380434 / -3.236813, 2.230701, 0.380434; 1, 24, 1, 0; 0.038540354035; 1, 0, 1; 1, 0, 0; 3, 1, 2 ;
0,4; -3.251686, 2.213644, 0.380807 / -3.251686, 2.213644, 0.380807 / -3.251686, 2.213644, 0.380807; 1, 24, 1, 0; 0.038555813709; 1, 0, 1; 1, 0, 0; 2, 1, 2 ;
0,4; -2.057467, -1.609285, 2.044706 / -2.057467, -1.609285, 2.044706 / -2.057467, -1.609285, 2.044706; 1, 30, 1, 0; 0.316501786542; 1, 0, 1; 1, 0, 0; 2, 1, 2 ;
0,4; -1.443426, -3.301339, 2.700008 / -1.442954, -3.300823, 2.700102 / -1.443897, -3.301855, 2.699915; 1, 34, 1, 0; 0.194057148345; 2, 2, 1; 2, 1, 0; 1, 3, 0 / 1, 6, 1 / 2, 4, 0 / 2, 5, 2 / 3, 1, 1 / 3, 7, 0 ;
0,4; -1.490012, -3.249702, 2.706863 / -1.489643, -3.249542, 2.707444 / -1.490380, -3.249863, 2.706282; 1, 34, 1, 0; 0.192485961748; 1, 0, 1; 1, 1, 0; 1, 5, 3 / 3, 1, 2 ;
0,4; -1.445910, -3.303064, 2.699335 / -1.445628, -3.302884, 2.699571 / -1.446191, -3.303244, 2.699099; 1, 34, 1, 0; 0.194057011143; 0, 0, 0; 2, 0, 0; 2, 1, 3 / 3, 4, 3 ;
0,4; -1.489885, -3.255965, 2.706773 / -1.489885, -3.255965, 2.706773 / -1.489885, -3.255965, 2.706773; 1, 34, 1, 0; 0.192486335935; 1, 0, 1; 1, 0, 0; 2, 1, 2 ;
0,4; -1.427950, -3.267264, 2.695666 / -1.427950, -3.267264, 2.695666 / -1.427950, -3.267264, 2.695666; 1, 34, 1, 0; 0.194927432653; 1, 0, 1; 1, 0, 0; 3, 1, 2 ;
0,4; -1.845949, -2.139263, 2.237174 / -1.845168, -2.138752, 2.237364 / -1.846730, -2.139774, 2.236983; 1, 36, 1, 0; 0.028143686734; 2, 1, 2; 2, 1, 0; 2, 6, 2 / 3, 1, 1 / 4, 1, 2 ;
0,4; -1.838833, -2.153725, 2.242157 / -1.838833, -2.153725, 2.242157 / -1.838833, -2.153725, 2.242157; 1, 36, 1, 0; 0.028158874435; 1, 0, 1; 0, 1, 0; 1, 1, 2 ;
0,4; -1.848618, -2.144179, 2.239060 / -1.848618, -2.144179, 2.239060 / -1.848618, -2.144179, 2.239060; 1, 36, 1, 0; 0.028164452277; 1, 0, 1; 1, 0, 0; 3, 1, 2 ;
0,4; -1.847230, -2.144081, 2.239893 / -1.847230, -2.144081, 2.239893 / -1.847230, -2.144081, 2.239893; 1, 36, 1, 0; 0.028164606859; 1, 0, 1; 1, 0, 0; 2, 1, 2 ;
1,5; -4.02799, 1.83274, -0.750606 / -4.02799, 1.83274, -0.750606 / -4.02799, 1.83274, -0.750606; 1, 14, 1, 0; 0.101747623849; 1, 0, 1; 0, 1, 0; 1, 1, 2 ;
0,5; -4.130356, 1.853363, -0.489371 / -4.130356, 1.853363, -0.489371 / -4.130356, 1.853363, -0.489371; 1, 14, 1, 0; 0.274018708846; 1, 0, 1; 1, 0, 0; 2, 1, 2 / 2, 2, 0 / 2, 3, 0 ;
0,5; -4.136720, 1.832382, -0.476209 / -4.136720, 1.832382, -0.476209 / -4.136720, 1.832382, -0.476209; 1, 14, 1, 0; 0.274022303387; 1, 0, 1; 1, 0, 0; 3, 1, 2 ;
0,5; -3.166298, 1.661684, 1.054900 / -3.165878, 1.662007, 1.054973 / -3.166718, 1.661362, 1.054826; 1, 24, 1, 0; 0.337918804196; 2, 1, 1; 1, 1, 0; 2, 3, 1 / 4, 1, 2 ;
0,5; -3.162823, 1.666483, 1.058559 / -3.162823, 1.666955, 1.058897 / -3.162824, 1.666011, 1.058221; 1, 24, 1, 0; 0.337918020866; 1, 0, 2; 2, 0, 0; 2, 4, 2 / 3, 1, 2 ;
0,5; -2.958648, 1.702915, 1.539327 / -2.958588, 1.703293, 1.539639 / -2.958707, 1.702537, 1.539016; 1, 24, 1, 0; 0.513663019011; 2, 1, 1; 2, 0, 0; 2, 1, 2 / 2, 6, 0 / 2, 7, 1 / 2, 10, 0 / 3, 2, 0 ;
0,5; -3.155936, 1.660619, 1.059802 / -3.155936, 1.660619, 1.059802 / -3.155936, 1.660619, 1.059802; 1, 24, 1, 0; 0.337904497346; 1, 0, 1; 1, 0, 0; 2, 1, 2 ;
0,5; -3.171818, 1.662551, 1.060583 / -3.171818, 1.662551, 1.060583 / -3.171818, 1.662551, 1.060583; 1, 24, 1, 0; 0.337917636591; 1, 0, 1; 1, 0, 0; 1, 5, 0 / 3, 1, 2 ;
0,5; -3.166440, 1.660588, 1.059231 / -3.166440, 1.660588, 1.059231 / -3.166440, 1.660588, 1.059231; 1, 24, 1, 0; 0.337917813949; 0, 1, 0; 1, 0, 0; 3, 1, 1 / 3, 7, 0 ;
0,5; -2.992934, 1.704260, 1.488302 / -2.992934, 1.704260, 1.488302 / -2.992934, 1.704260, 1.488302; 1, 24, 1, 0; 0.512915863015; 0, 1, 0; 1, 0, 0; 3, 1, 1 ;
0,5; -2.962836, 1.703325, 1.540179 / -2.962836, 1.703325, 1.540179 / -2.962836, 1.703325, 1.540179; 1, 24, 1, 0; 0.513663994478; 0, 1, 0; 1, 0, 0; 2, 4, 0 / 3, 1, 1 ;
0,5; -2.304284, 1.722220, 2.598127 / -2.304284, 1.722220, 2.598127 / -2.304284, 1.722220, 2.598127; 1, 37, 1, 0; 0.500180385385; 1, 0, 1; 1, 0, 0; 2, 1, 2 ;
0,5; -2.336937, 1.680333, 2.955954 / -2.336937, 1.680333, 2.955954 / -2.336937, 1.680333, 2.955954; 1, 39, 1, 0; 0.672173377338; 1, 0, 1; 1, 0, 0; 3, 1, 2 ;
1,7; -2.77913, 2.8888, 2.02348 / -2.77913, 2.8888, 2.02348 / -2.77913, 2.8888, 2.02348; 1, 29, 1, 0; 0.669947728539; 0, 1, 0; 0, 1, 0; 4, 1, 1 ;
0,7; -2.775383, 2.884796, 2.023339 / -2.774781, 2.884896, 2.023502 / -2.775985, 2.884696, 2.023176; 1, 29, 1, 0; 0.669948059741; 1, 0, 2; 2, 0, 0; 1, 8, 0 / 2, 5, 0 / 2, 8, 2 / 3, 1, 2 / 4, 2, 0 / 4, 3, 0 / 4, 4, 0 ;
0,7; -2.770070, 2.884892, 2.023146 / -2.770070, 2.884892, 2.023146 / -2.770070, 2.884892, 2.023146; 1, 29, 1, 0; 0.669948420167; 1, 0, 1; 1, 0, 0; 2, 1, 2 ;
0,7; -3.046331, 2.786743, 1.872576 / -3.046331, 2.786743, 1.872576 / -3.046331, 2.786743, 1.872576; 1, 29, 1, 0; 0.674439177684; 1, 0, 1; 1, 0, 0; 2, 1, 2 ;
0,7; -1.684713, 3.270857, 2.615617 / -1.684713, 3.270857, 2.615617 / -1.684713, 3.270857, 2.615617; 1, 37, 1, 0; 0.324883493451; 1, 0, 1; 0, 1, 0; 4, 1, 2 ;
0,7; -2.253911, 3.068035, 2.304599 / -2.253911, 3.068035, 2.304599 / -2.253911, 3.068035, 2.304599; 1, 37, 1, 0; 0.285339921747; 1, 0, 1; 1, 0, 0; 3, 1, 2 / 4, 2, 0 ;
0,7; -2.196843, 3.084731, 2.334377 / -2.196843, 3.084731, 2.334377 / -2.196843, 3.084731, 2.334377; 1, 37, 1, 0; 0.285503545252; 1, 0, 1; 1, 0, 0; 3, 1, 2 ;
1,8; 0.0474627, -0.550082, -2.31104 / 0.0474627, -0.550082, -2.31104 / 0.0474627, -0.550082, -2.31104; 1, 3, 1, 0; 0.800598633123; 1, 0, 1; 0, 1, 0; 1, 1, 2 ;
0,8; 0.118847, -0.478038, -2.268802 / 0.118847, -0.478038, -2.268802 / 0.118847, -0.478038, -2.268802; 1, 3, 1, 0; 0.801431412372; 1, 0, 1; 1, 0, 0; 2, 1, 2 ;
0,8; 0.720477, 0.139218, -1.904518 / 0.720477, 0.139218, -1.904518 / 0.720477, 0.139218, -1.904518; 1, 4, 1, 0; 0.609593958663; 1, 0, 1; 1, 0, 0; 2, 1, 2 ;
0,8; 0.716609, 0.144620, -1.901144 / 0.716609, 0.144620, -1.901144 / 0.716609, 0.144620, -1.901144; 1, 4, 1, 0; 0.609601651374; 1, 0, 1; 1, 0, 0; 3, 1, 2 ;
0,8; -0.330207, -0.938074, -2.540873 / -0.330207, -0.938074, -2.540873 / -0.330207, -0.938074, -2.540873; 1, 5, 1, 0; 0.361732290990; 1, 0, 1; 0, 1, 0; 4, 1, 2 ;
0,8; -1.059409, -1.687469, -2.985059 / -1.059409, -1.687469, -2.985059 / -1.059409, -1.687469, -2.985059; 1, 5, 1, 0; 0.145577621469; 1, 0, 1; 1, 0, 0; 2, 1, 2 ;
0,8; -1.047024, -1.671004, -2.976647 / -1.047024, -1.671004, -2.976647 / -1.047024, -1.671004, -2.976647; 1, 5, 1, 0; 0.145583424247; 1, 0, 1; 1, 0, 0; 2, 1, 2 ;
0,8; -1.042397, -1.672029, -2.974705 / -1.042397, -1.672029, -2.974705 / -1.042397, -1.672029, -2.974705; 1, 5, 1, 0; 0.145583978059; 0, 0, 0; 1, 0, 0; 2, 2, 0 / 3, 1, 3 ;
0,8; -1.024271, -1.653348, -2.963696 / -1.024271, -1.653348, -2.963696 / -1.024271, -1.653348, -2.963696; 1, 5, 1, 0; 0.146525562120; 0, 1, 0; 1, 0, 0; 2, 1, 1 ;
0,8; -0.326232, -0.936777, -2.550324 / -0.326232, -0.936777, -2.550324 / -0.326232, -0.936777, -2.550324; 1, 5, 1, 0; 0.361724174942; 1, 0, 1; 1, 0, 0; 2, 1, 2 / 3, 7, 0 ;
0,8; -0.330364, -0.936376, -2.543784 / -0.330364, -0.936376, -2.543784 / -0.330364, -0.936376, -2.543784; 1, 5, 1, 0; 0.361732188069; 0, 1, 0; 1, 0, 0; 3, 1, 1 ;
0,8; 1.432929, 0.884160, -1.463818 / 1.432929, 0.884160, -1.463818 / 1.432929, 0.884160, -1.463818; 1, 11, 1, 0; 0.326571696351; 0, 1, 0; 0, 1, 0; 1, 1, 1 ;
0,8; 2.041396, 1.518400, -1.092573 / 2.041396, 1.518400, -1.092573 / 2.041396, 1.518400, -1.092573; 1, 11, 1, 0; 0.883386185533; 1, 0, 1; 0, 1, 0; 4, 1, 2 ;
0,8; 2.860865, 2.351564, -0.602138 / 2.860865, 2.351564, -0.602138 / 2.860865, 2.351564, -0.602138; 1, 13, 1, 0; 0.509296214776; 1, 0, 1; 0, 1, 0; 4, 1, 2 ;
0,8; 2.858541, 2.356107, -0.602324 / 2.858541, 2.356107, -0.602324 / 2.858541, 2.356107, -0.602324; 1, 13, 1, 0; 0.509296325567; 1, 0, 1; 0, 1, 0; 3, 1, 0 / 4, 1, 2 ;
0,8; 2.867154, 2.356270, -0.598994 / 2.867154, 2.356270, -0.598994 / 2.867154, 2.356270, -0.598994; 1, 13, 1, 0; 0.509296737954; 0, 1, 0; 0, 1, 0; 4, 1, 1 ;
0,8; 2.871464, 2.358851, -0.597029 / 2.871464, 2.358851, -0.597029 / 2.871464, 2.358851, -0.597029; 1, 13, 1, 0; 0.509286102053; 0, 1, 0; 1, 0, 0; 2, 1, 1 ;
0,8; 2.866706, 2.358470, -0.599236 / 2.866706, 2.358470, -0.599236 / 2.866706, 2.358470, -0.599236; 1, 13, 1, 0; 0.509296676404; 0, 1, 0; 1, 0, 0; 3, 1, 1 ;
0,8; 3.072390, 2.588266, -0.456449 / 3.072390, 2.588266, -0.456449 / 3.072390, 2.588266, -0.456449; 1, 13, 1, 0; 0.526767301497; 1, 0, 1; 1, 0, 0; 3, 1, 2 ;
1,9; -0.945161, 3.37476, -1.02051 / -0.945161, 3.37476, -1.02051 / -0.945161, 3.37476, -1.02051; 1, 7, 1, 0; 0.750504785837; 1, 0, 1; 0, 1, 0; 1, 1, 2 ;
0,9; -0.959068, 3.391923, -1.000561 / -0.959068, 3.391923, -1.000561 / -0.959068, 3.391923, -1.000561; 1, 7, 1, 0; 0.750526503379; 0, 1, 0; 1, 0, 0; 2, 1, 1 ;
0,9; -0.954934, 3.389915, -0.999773 / -0.954934, 3.389915, -0.999773 / -0.954934, 3.389915, -0.999773; 1, 7, 1, 0; 0.750526605651; 0, 1, 0; 1, 0, 0; 3, 1, 1 ;
