1,0; 0.366486, 1.89863, -0.164642 / 0.366486, 1.89863, -0.164642 / 0.366486, 1.89863, -0.164642; 1, 13, 1, 0; 0.750246029079; 1, 0, 1; 0, 1, 0; 1, 1, 2 ;
0,0; 0.649737, 1.863486, -0.199934 / 0.649737, 1.863486, -0.199934 / 0.649737, 1.863486, -0.199934; 1, 13, 1, 0; 0.752389606361; 0, 1, 0; 0, 1, 0; 4, 1, 1 ;
0,0; 0.023135, 1.964233, -0.119048 / 0.023135, 1.964233, -0.119048 / 0.023135, 1.964233, -0.119048; 1, 13, 1, 0; 0.747074819380; 1, 0, 1; 1, 0, 0; 2, 1, 2 ;
0,0; 0.494641, 1.888196, -0.179979 / 0.494641, 1.888196, -0.179979 / 0.494641, 1.888196, -0.179979; 1, 13, 1, 0; 0.749983744551; 0, 1, 0; 1, 0, 0; 3, 1, 1 ;
0,0; -1.951103, 2.290854, 0.136449 / -1.951103, 2.290854, 0.136449 / -1.951103, 2.290854, 0.136449; 1, 14, 1, 0; 0.694004299908; 1, 0, 1; 0, 1, 0; 1, 1, 2 / 3, 6, 0 ;
0,0; -1.900324, 2.284374, 0.130120 / -1.900324, 2.284374, 0.130120 / -1.900324, 2.284374, 0.130120; 1, 14, 1, 0; 0.693961848628; 1, 0, 1; 1, 0, 0; 3, 1, 2 ;
0,0; -1.957201, 2.289816, 0.137986 / -1.957201, 2.289816, 0.137986 / -1.957201, 2.289816, 0.137986; 1, 14, 1, 0; 0.694004459939; 1, 0, 1; 1, 0, 0; 3, 1, 2 ;
0,0; -1.129055, 2.199070, 0.024314 / -1.128677, 2.199714, 0.024588 / -1.129433, 2.198426, 0.024040; 1, 17, 1, 0; 0.592293924659; 2, 1, 1; 1, 1, 0; 1, 4, 2 / 3, 1, 1 ;
0,0; -1.124558, 2.200258, 0.021075 / -1.124558, 2.200258, 0.021075 / -1.124558, 2.200258, 0.021075; 1, 17, 1, 0; 0.592281028821; 1, 0, 1; 0, 1, 0; 1, 1, 2 ;
0,0; -1.127874, 2.197594, 0.019189 / -1.127873, 2.197922, 0.019256 / -1.127874, 2.197266, 0.019121; 1, 17, 1, 0; 0.592292997051; 1, 0, 2; 2, 0, 0; 3, 1, 2 / 3, 3, 2 ;
0,0; -1.123531, 2.199992, 0.018279 / -1.123531, 2.199992, 0.018279 / -1.123531, 2.199992, 0.018279; 1, 17, 1, 0; 0.592280198857; 1, 0, 1; 1, 0, 0; 3, 1, 2 ;
0,0; -1.132604, 2.191858, 0.019614 / -1.132604, 2.191858, 0.019614 / -1.132604, 2.191858, 0.019614; 1, 17, 1, 0; 0.592293227209; 1, 0, 1; 1, 0, 0; 2, 1, 2 ;
0,0; -3.273899, 2.504503, 0.315232 / -3.273899, 2.504503, 0.315232 / -3.273899, 2.504503, 0.315232; 1, 24, 1, 0; 0.050740024741; 1, 0, 1; 1, 0, 0; 2, 1, 2 ;
1,2; -1.48499, -2.63973, 2.99413 / -1.48499, -2.63973, 2.99413 / -1.48499, -2.63973, 2.99413; 1, 35, 1, 0; 0.778023615008; 0, 1, 0; 1, 0, 0; 2, 1, 1 ;
0,2; -1.481654, -2.642832, 2.995401 / -1.481654, -2.642832, 2.995401 / -1.481654, -2.642832, 2.995401; 1, 35, 1, 0; 0.778024967602; 1, 0, 1; 1, 0, 0; 3, 1, 2 ;
0,2; -1.490594, -2.631389, 2.990078 / -1.490594, -2.631389, 2.990078 / -1.490594, -2.631389, 2.990078; 1, 35, 1, 0; 0.778044238850; 0, 1, 0; 1, 0, 0; 2, 1, 1 / 2, 9, 0 ;
0,2; -1.405794, -2.798809, 3.034383 / -1.405794, -2.798809, 3.034383 / -1.405794, -2.798809, 3.034383; 1, 35, 1, 0; 0.912146708816; 1, 0, 1; 1, 0, 0; 3, 1, 2 ;
0,2; -2.104086, -1.342689, 2.657398 / -2.103977, -1.342470, 2.657578 / -2.104195, -1.342907, 2.657218; 1, 36, 1, 0; 0.597967359968; 2, 1, 1; 1, 1, 0; 1, 1, 1 / 3, 5, 2 ;
0,2; -2.665767, -0.167803, 2.355986 / -2.665767, -0.167803, 2.355986 / -2.665767, -0.167803, 2.355986; 1, 36, 1, 0; 0.255919068488; 0, 1, 0; 0, 1, 0; 1, 1, 1 ;
0,2; -2.333438, -0.869116, 2.539203 / -2.333438, -0.869116, 2.539203 / -2.333438, -0.869116, 2.539203; 1, 36, 1, 0; 0.526245610510; 1, 0, 1; 0, 1, 0; 1, 1, 2 ;
0,2; -2.121112, -1.334021, 2.655939 / -2.121112, -1.334021, 2.655939 / -2.121112, -1.334021, 2.655939; 1, 36, 1, 0; 0.597950690854; 1, 0, 1; 0, 1, 0; 1, 1, 2 ;
0,2; -2.110577, -1.322644, 2.655556 / -2.110577, -1.322644, 2.655556 / -2.110577, -1.322644, 2.655556; 1, 36, 1, 0; 0.597956436159; 1, 0, 1; 0, 1, 0; 1, 1, 2 ;
0,2; -2.872000, 0.261986, 2.245048 / -2.872000, 0.261986, 2.245048 / -2.872000, 0.261986, 2.245048; 1, 36, 1, 0; 0.298025946623; 1, 0, 1; 1, 0, 0; 3, 1, 2 ;
0,2; -2.985112, 0.503256, 2.183901 / -2.985112, 0.503256, 2.183901 / -2.985112, 0.503256, 2.183901; 1, 36, 1, 0; 0.333618357152; 1, 0, 1; 1, 0, 0; 2, 1, 2 ;
0,2; -2.902145, 0.318654, 2.228854 / -2.902145, 0.318654, 2.228854 / -2.902145, 0.318654, 2.228854; 1, 36, 1, 0; 0.334533651257; 0, 0, 0; 1, 0, 0; 2, 2, 0 / 3, 1, 3 ;
0,2; -2.209905, -1.116359, 2.605120 / -2.209905, -1.116359, 2.605120 / -2.209905, -1.116359, 2.605120; 1, 36, 1, 0; 0.578073261659; 1, 0, 1; 1, 0, 0; 3, 1, 2 ;
0,2; -2.211067, -1.117769, 2.599255 / -2.211067, -1.117769, 2.599255 / -2.211067, -1.117769, 2.599255; 1, 36, 1, 0; 0.578075103763; 1, 0, 1; 1, 0, 0; 2, 1, 2 ;
1,3; 1.6258, 0.0839523, -0.184802 / 1.6258, 0.0839523, -0.184802 / 1.6258, 0.0839523, -0.184802; 1, 16, 1, 0; 0.510355602525; 0, 1, 0; 0, 1, 0; 1, 1, 1 ;
0,3; -1.145904, -0.681647, 1.065288 / -1.145449, -0.681301, 1.065554 / -1.146358, -0.681993, 1.065023; 1, 23, 1, 0; 0.406198752880; 2, 2, 1; 1, 2, 0; 1, 1, 2 / 1, 3, 1 / 2, 3, 1 ;
0,3; -1.152398, -0.677550, 1.070593 / -1.152366, -0.676454, 1.071279 / -1.152429, -0.678647, 1.069906; 1, 23, 1, 0; 0.406201043750; 1, 0, 2; 0, 2, 0; 1, 1, 2 / 1, 7, 2 ;
0,3; 0.422080, -0.244589, 0.364411 / 0.422080, -0.244589, 0.364411 / 0.422080, -0.244589, 0.364411; 1, 23, 1, 0; 0.079343155990; 1, 0, 1; 0, 1, 0; 1, 1, 2 / 2, 9, 0 ;
0,3; 0.421624, -0.241803, 0.364903 / 0.421624, -0.241803, 0.364903 / 0.421624, -0.241803, 0.364903; 1, 23, 1, 0; 0.079343237279; 0, 1, 0; 0, 1, 0; 1, 1, 1 / 1, 2, 0 ;
0,3; -1.141059, -0.681696, 1.062282 / -1.141059, -0.681696, 1.062282 / -1.141059, -0.681696, 1.062282; 1, 23, 1, 0; 0.406197784803; 1, 0, 1; 0, 1, 0; 1, 1, 2 ;
0,3; -1.708353, -0.827316, 1.338486 / -1.708353, -0.827316, 1.338486 / -1.708353, -0.827316, 1.338486; 1, 23, 1, 0; 0.851736804222; 0, 1, 0; 0, 1, 0; 1, 1, 1 ;
0,3; 0.132444, -0.320161, 0.488611 / 0.132444, -0.320161, 0.488611 / 0.132444, -0.320161, 0.488611; 1, 23, 1, 0; 0.074924556495; 1, 0, 1; 1, 0, 0; 3, 1, 2 ;
0,3; -1.137371, -0.680241, 1.065095 / -1.137371, -0.680241, 1.065095 / -1.137371, -0.680241, 1.065095; 1, 23, 1, 0; 0.406196609809; 1, 0, 1; 1, 0, 0; 3, 1, 2 ;
0,3; -1.150151, -0.669556, 1.071420 / -1.150151, -0.669556, 1.071420 / -1.150151, -0.669556, 1.071420; 1, 23, 1, 0; 0.406203231161; 1, 0, 1; 1, 0, 0; 2, 1, 2 ;
0,3; -1.145526, -0.664766, 1.075622 / -1.145526, -0.664766, 1.075622 / -1.145526, -0.664766, 1.075622; 1, 23, 1, 0; 0.406204627852; 1, 0, 1; 1, 0, 0; 2, 1, 2 ;
0,3; -0.922011, -0.607365, 0.975423 / -0.922011, -0.607365, 0.975423 / -0.922011, -0.607365, 0.975423; 1, 23, 1, 0; 0.455000642921; 1, 0, 1; 1, 0, 0; 3, 1, 2 ;
0,3; -1.710248, -0.823649, 1.331998 / -1.710248, -0.823649, 1.331998 / -1.710248, -0.823649, 1.331998; 1, 23, 1, 0; 0.851748413758; 1, 0, 1; 1, 0, 0; 3, 1, 2 ;
0,3; -2.412885, -1.014292, 1.652874 / -2.412885, -1.014292, 1.652874 / -2.412885, -1.014292, 1.652874; 1, 24, 1, 0; 0.703452480716; 1, 0, 1; 1, 0, 0; 3, 1, 2 / 4, 2, 0 ;
0,3; -2.343602, -0.993341, 1.626716 / -2.343602, -0.993341, 1.626716 / -2.343602, -0.993341, 1.626716; 1, 24, 1, 0; 0.703973683083; 1, 0, 1; 1, 0, 0; 2, 1, 2 ;
0,3; -1.935154, -1.118497, 1.984830 / -1.935154, -1.118497, 1.984830 / -1.935154, -1.118497, 1.984830; 1, 30, 1, 0; 0.449570168056; 0, 1, 0; 1, 0, 0; 2, 1, 1 ;
0,3; -1.541551, -1.537729, 2.615452 / -1.541551, -1.537729, 2.615452 / -1.541551, -1.537729, 2.615452; 1, 34, 1, 0; 0.530025170317; 0, 1, 0; 0, 1, 0; 4, 1, 1 ;
0,3; -1.249388, -1.410413, 2.737109 / -1.249388, -1.410413, 2.737109 / -1.249388, -1.410413, 2.737109; 1, 34, 1, 0; 0.533248230719; 0, 1, 0; 0, 1, 0; 1, 1, 1 ;
0,3; -1.246807, -1.409369, 2.737846 / -1.246807, -1.409369, 2.737846 / -1.246807, -1.409369, 2.737846; 1, 34, 1, 0; 0.533248367921; 0, 1, 0; 0, 1, 0; 1, 1, 1 ;
0,3; -1.543409, -1.533920, 2.616600 / -1.543409, -1.533920, 2.616600 / -1.543409, -1.533920, 2.616600; 1, 34, 1, 0; 0.530026617174; 1, 0, 1; 1, 0, 0; 2, 1, 2 ;
0,3; -1.515506, -1.532999, 2.626996 / -1.515506, -1.532999, 2.626996 / -1.515506, -1.532999, 2.626996; 1, 34, 1, 0; 0.530039801032; 1, 0, 1; 1, 0, 0; 3, 1, 2 ;
0,3; -3.682420, -1.362601, 2.231448 / -3.682420, -1.362601, 2.231448 / -3.682420, -1.362601, 2.231448; 1, 36, 1, 0; 0.060547272526; 0, 0, 0; 1, 0, 0; 2, 1, 3 ;
1,4; 0.408567, 2.4249, -2.93316 / 0.408664, 2.42561, -2.93234 / 0.40847, 2.4242, -2.93399; 1, 2, 1, 0; 0.759369424958; 2, 1, 1; 0, 2, 0; 1, 1, 1 / 1, 8, 2 ;
0,4; 0.264304, 2.444875, -3.279267 / 0.264304, 2.444875, -3.279267 / 0.264304, 2.444875, -3.279267; 1, 2, 1, 0; 0.201225836869; 1, 0, 1; 1, 0, 0; 3, 1, 2 ;
0,4; 0.391627, 2.425525, -2.970152 / 0.391627, 2.425525, -2.970152 / 0.391627, 2.425525, -2.970152; 1, 2, 1, 0; 0.759353188315; 1, 0, 1; 1, 0, 0; 3, 1, 2 ;
0,4; 0.412519, 2.426460, -2.918267 / 0.412519, 2.426460, -2.918267 / 0.412519, 2.426460, -2.918267; 1, 2, 1, 0; 0.759376611798; 1, 0, 1; 1, 0, 0; 2, 1, 2 ;
0,4; 1.760882, 2.371737, 0.104496 / 1.760882, 2.371737, 0.104496 / 1.760882, 2.371737, 0.104496; 1, 20, 1, 0; 0.259111369507; 1, 0, 1; 0, 1, 0; 1, 1, 2 ;
0,4; 1.909801, 2.366090, 0.445303 / 1.909801, 2.366090, 0.445303 / 1.909801, 2.366090, 0.445303; 1, 20, 1, 0; 0.482857931060; 1, 0, 1; 0, 1, 0; 4, 1, 2 ;
0,4; 2.033910, 2.360656, 0.722326 / 2.033910, 2.360656, 0.722326 / 2.033910, 2.360656, 0.722326; 1, 20, 1, 0; 0.702517347703; 0, 1, 0; 0, 1, 0; 4, 1, 1 ;
0,4; 1.612348, 2.385797, -0.218202 / 1.612348, 2.385797, -0.218202 / 1.612348, 2.385797, -0.218202; 1, 20, 1, 0; 0.028826285784; 1, 0, 1; 1, 0, 0; 3, 1, 2 ;
0,4; 1.774270, 2.374655, 0.130265 / 1.774270, 2.374655, 0.130265 / 1.774270, 2.374655, 0.130265; 1, 20, 1, 0; 0.259147720863; 1, 0, 1; 1, 0, 0; 3, 1, 2 ;
0,4; 2.037955, 2.360624, 0.740733 / 2.037955, 2.360624, 0.740733 / 2.037955, 2.360624, 0.740733; 1, 20, 1, 0; 0.702531021945; 1, 0, 1; 1, 0, 0; 3, 1, 2 ;
0,4; 2.073330, 2.364350, 0.807256 / 2.073330, 2.364350, 0.807256 / 2.073330, 2.364350, 0.807256; 1, 20, 1, 0; 0.703986833390; 1, 0, 1; 1, 0, 0; 3, 1, 2 ;
0,4; 2.190425, 2.358340, 1.069300 / 2.190425, 2.358340, 1.069300 / 2.190425, 2.358340, 1.069300; 1, 26, 1, 0; 0.360382306802; 1, 0, 1; 1, 0, 0; 3, 1, 2 ;
0,4; 2.565660, 2.427311, 1.750110 / 2.566647, 2.428137, 1.750781 / 2.564672, 2.426486, 1.749439; 1, 28, 1, 0; 0.307032548400; 1, 0, 2; 0, 2, 1; 1, 6, 0 / 1, 10, 2 / 4, 1, 2 ;
0,4; 2.884255, 2.193671, 1.254159 / 2.884514, 2.194363, 1.254456 / 2.883995, 2.192979, 1.253862; 1, 28, 1, 0; 0.145292443865; 2, 1, 1; 1, 1, 0; 2, 6, 2 / 4, 1, 1 ;
0,4; 2.846551, 2.304789, 1.440849 / 2.847026, 2.304962, 1.441566 / 2.846076, 2.304617, 1.440133; 1, 28, 1, 0; 0.146008488405; 2, 1, 1; 1, 1, 0; 1, 1, 2 / 1, 6, 0 / 3, 3, 1 ;
0,4; 2.596698, 2.384933, 1.834906 / 2.596917, 2.385166, 1.835184 / 2.596478, 2.384699, 1.834629; 1, 28, 1, 0; 0.308113130230; 0, 2, 0; 1, 1, 0; 1, 2, 1 / 2, 1, 0 / 3, 1, 1 ;
0,4; 2.609387, 2.644335, 1.860338 / 2.609450, 2.644462, 1.860436 / 2.609324, 2.644208, 1.860239; 1, 28, 1, 0; 0.484540044127; 1, 0, 2; 1, 1, 0; 1, 1, 2 / 1, 2, 0 / 2, 1, 2 ;
0,4; 2.332647, 2.347657, 1.361877 / 2.332647, 2.347657, 1.361877 / 2.332647, 2.347657, 1.361877; 1, 28, 1, 0; 0.136828736445; 1, 0, 1; 0, 1, 0; 1, 1, 2 ;
0,4; 2.596222, 2.383585, 1.840351 / 2.596222, 2.383585, 1.840351 / 2.596222, 2.383585, 1.840351; 1, 28, 1, 0; 0.308111527950; 1, 0, 1; 0, 1, 0; 1, 1, 2 ;
0,4; 2.617638, 2.651349, 1.867127 / 2.617638, 2.651349, 1.867127 / 2.617638, 2.651349, 1.867127; 1, 28, 1, 0; 0.484524196281; 1, 0, 1; 0, 1, 0; 1, 1, 2 ;
0,4; 2.610191, 2.651568, 1.867127 / 2.610191, 2.651568, 1.867127 / 2.610191, 2.651568, 1.867127; 1, 28, 1, 0; 0.484540522970; 1, 0, 1; 0, 1, 0; 1, 1, 2 ;
0,4; 2.556072, 2.428966, 1.753467 / 2.556082, 2.429499, 1.753730 / 2.556063, 2.428432, 1.753204; 1, 28, 1, 0; 0.307031489421; 1, 0, 2; 2, 0, 0; 2, 1, 2 / 3, 4, 2 ;
0,4; 2.592736, 2.374940, 1.844551 / 2.592879, 2.374993, 1.844712 / 2.592593, 2.374887, 1.844391; 1, 28, 1, 0; 0.308110975439; 1, 0, 2; 2, 0, 0; 2, 1, 2 / 2, 2, 2 ;
0,4; 2.458449, 2.468239, 1.756865 / 2.458539, 2.468977, 1.757453 / 2.458360, 2.467502, 1.756276; 1, 28, 1, 0; 0.312425346608; 1, 0, 2; 2, 0, 0; 2, 1, 2 / 2, 7, 2 ;
0,4; 2.336157, 2.350698, 1.358249 / 2.336157, 2.350698, 1.358249 / 2.336157, 2.350698, 1.358249; 1, 28, 1, 0; 0.136813855493; 1, 0, 1; 1, 0, 0; 2, 1, 2 ;
0,4; 2.348818, 2.360798, 1.354387 / 2.348818, 2.360798, 1.354387 / 2.348818, 2.360798, 1.354387; 1, 28, 1, 0; 0.136817170556; 1, 0, 1; 1, 0, 0; 3, 1, 2 ;
0,4; 2.334665, 2.347420, 1.362559 / 2.334665, 2.347420, 1.362559 / 2.334665, 2.347420, 1.362559; 1, 28, 1, 0; 0.136828856156; 1, 0, 1; 1, 0, 0; 3, 1, 2 ;
0,4; 2.330131, 2.351092, 1.370286 / 2.330131, 2.351092, 1.370286 / 2.330131, 2.351092, 1.370286; 1, 28, 1, 0; 0.136829473126; 1, 0, 1; 1, 0, 0; 3, 1, 2 ;
0,4; 2.884090, 2.197098, 1.255259 / 2.884090, 2.197098, 1.255259 / 2.884090, 2.197098, 1.255259; 1, 28, 1, 0; 0.145292591201; 0, 1, 0; 1, 0, 0; 3, 1, 1 ;
0,4; 2.605747, 2.649443, 1.854278 / 2.605747, 2.649443, 1.854278 / 2.605747, 2.649443, 1.854278; 1, 28, 1, 0; 0.343214700097; 1, 0, 1; 1, 0, 0; 3, 1, 2 ;
0,4; 2.609442, 2.648817, 1.859047 / 2.609442, 2.648817, 1.859047 / 2.609442, 2.648817, 1.859047; 1, 28, 1, 0; 0.484541241233; 1, 0, 1; 1, 0, 0; 3, 1, 2 ;
0,4; 2.541209, 2.340182, 1.863083 / 2.541209, 2.340182, 1.863083 / 2.541209, 2.340182, 1.863083; 1, 28, 1, 0; 0.519779732438; 1, 0, 1; 1, 0, 0; 2, 1, 2 ;
1,5; 0.107071, -2.03559, -0.68333 / 0.107071, -2.03559, -0.68333 / 0.107071, -2.03559, -0.68333; 1, 9, 1, 0; 0.510577033293; 1, 0, 1; 1, 0, 0; 2, 1, 2 ;
0,5; -0.293515, -2.373466, -0.760255 / -0.293515, -2.373466, -0.760255 / -0.293515, -2.373466, -0.760255; 1, 9, 1, 0; 0.532402639183; 1, 0, 1; 1, 0, 0; 3, 1, 2 ;
0,5; -0.748395, -2.781816, -0.855531 / -0.748395, -2.781816, -0.855531 / -0.748395, -2.781816, -0.855531; 1, 9, 1, 0; 0.580789819152; 1, 0, 1; 1, 0, 0; 2, 1, 2 ;
0,5; -1.089524, -3.066334, -0.922344 / -1.089524, -3.066334, -0.922344 / -1.089524, -3.066334, -0.922344; 1, 9, 1, 0; 0.617389030187; 1, 0, 1; 1, 0, 0; 2, 1, 2 ;
0,5; 0.796319, -1.445499, -0.540148 / 0.796319, -1.445499, -0.540148 / 0.796319, -1.445499, -0.540148; 1, 16, 1, 0; 0.229244989231; 1, 0, 1; 0, 1, 0; 4, 1, 2 ;
0,5; 2.544289, 0.061981, -0.196546 / 2.544289, 0.061981, -0.196546 / 2.544289, 0.061981, -0.196546; 1, 16, 1, 0; 0.517983825168; 1, 0, 1; 0, 1, 0; 1, 1, 2 ;
0,5; 2.523915, 0.048474, -0.198504 / 2.523915, 0.048474, -0.198504 / 2.523915, 0.048474, -0.198504; 1, 16, 1, 0; 0.517988626988; 1, 0, 1; 0, 1, 0; 4, 1, 2 ;
0,5; 1.970806, -0.433792, -0.303793 / 1.970806, -0.433792, -0.303793 / 1.970806, -0.433792, -0.303793; 1, 16, 1, 0; 0.426270258722; 1, 0, 1; 1, 0, 0; 3, 1, 2 ;
0,5; 2.342860, -0.105030, -0.241719 / 2.342860, -0.105030, -0.241719 / 2.342860, -0.105030, -0.241719; 1, 16, 1, 0; 0.444414887917; 1, 0, 1; 1, 0, 0; 2, 1, 2 ;
0,5; 4.238712, 1.521888, 0.143371 / 4.238712, 1.521888, 0.143371 / 4.238712, 1.521888, 0.143371; 1, 20, 1, 0; 0.346461466261; 0, 1, 0; 0, 1, 0; 4, 1, 1 ;
0,5; 4.251830, 1.531718, 0.145986 / 4.251830, 1.531718, 0.145986 / 4.251830, 1.531718, 0.145986; 1, 20, 1, 0; 0.346447278602; 1, 0, 1; 1, 0, 0; 2, 1, 2 ;
1,6; 0.981977, 0.205478, -2.96443 / 0.981977, 0.205478, -2.96443 / 0.981977, 0.205478, -2.96443; 1, 2, 1, 0; 0.556052589319; 1, 0, 1; 1, 0, 0; 2, 1, 2 ;
0,6; 0.981873, 0.203228, -2.964355 / 0.981873, 0.203228, -2.964355 / 0.981873, 0.203228, -2.964355; 1, 2, 1, 0; 0.556052628873; 1, 0, 1; 1, 0, 0; 2, 1, 2 ;
0,6; 0.970594, 0.215604, -2.969702 / 0.970594, 0.215604, -2.969702 / 0.970594, 0.215604, -2.969702; 1, 2, 1, 0; 0.556054123989; 1, 0, 1; 1, 0, 0; 1, 7, 0 / 3, 1, 2 ;
0,6; 0.912501, 0.146761, -2.872379 / 0.912501, 0.146761, -2.872379 / 0.912501, 0.146761, -2.872379; 1, 2, 1, 0; 0.558340409424; 1, 0, 1; 1, 0, 0; 2, 1, 2 ;
0,6; 0.909414, 0.146217, -2.866956 / 0.909414, 0.146217, -2.866956 / 0.909414, 0.146217, -2.866956; 1, 2, 1, 0; 0.558347149312; 1, 0, 1; 1, 0, 0; 3, 1, 2 ;
0,6; 0.764347, -0.017156, -2.617256 / 0.764347, -0.017156, -2.617256 / 0.764347, -0.017156, -2.617256; 1, 2, 1, 0; 0.939425622332; 1, 0, 1; 1, 0, 0; 2, 1, 2 ;
0,6; 0.370537, -0.448334, -1.936752 / 0.370720, -0.448289, -1.936664 / 0.370353, -0.448378, -1.936840; 1, 4, 1, 0; 0.552800158770; 2, 1, 1; 1, 1, 0; 1, 1, 2 / 2, 1, 1 ;
0,6; 0.368832, -0.446542, -1.940165 / 0.368832, -0.446542, -1.940165 / 0.368832, -0.446542, -1.940165; 1, 4, 1, 0; 0.552800287721; 1, 0, 1; 1, 0, 0; 2, 1, 2 ;
0,6; 0.455652, -0.354017, -2.081920 / 0.455652, -0.354017, -2.081920 / 0.455652, -0.354017, -2.081920; 1, 4, 1, 0; 0.553101657418; 1, 0, 1; 1, 0, 0; 2, 1, 2 ;
0,6; 0.032148, -0.816589, -1.356381 / 0.032148, -0.816589, -1.356381 / 0.032148, -0.816589, -1.356381; 1, 11, 1, 0; 0.497887033502; 1, 0, 1; 1, 0, 0; 2, 1, 2 ;
0,6; -0.857736, -1.790842, 0.181384 / -0.857533, -1.790440, 0.181405 / -0.857938, -1.791243, 0.181362; 1, 15, 1, 0; 0.637373491813; 1, 0, 2; 1, 1, 0; 2, 1, 2 / 4, 1, 2 ;
0,6; -0.612998, -1.535542, -0.248850 / -0.612996, -1.535542, -0.248849 / -0.612999, -1.535543, -0.248851; 1, 16, 1, 0; 0.310083599878; 2, 1, 1; 2, 0, 0; 3, 1, 1 / 3, 2, 2 ;
0,6; -0.605058, -1.541951, -0.250969 / -0.605058, -1.541951, -0.250969 / -0.605058, -1.541951, -0.250969; 1, 16, 1, 0; 0.310082575222; 1, 0, 1; 1, 0, 0; 2, 1, 2 ;
0,6; -0.605249, -1.534257, -0.246728 / -0.605249, -1.534257, -0.246728 / -0.605249, -1.534257, -0.246728; 1, 16, 1, 0; 0.310083037322; 0, 1, 0; 1, 0, 0; 3, 1, 1 / 3, 2, 0 / 3, 8, 0 ;
0,6; -0.605297, -1.533956, -0.243281 / -0.605297, -1.533956, -0.243281 / -0.605297, -1.533956, -0.243281; 1, 16, 1, 0; 0.310083137778; 1, 0, 1; 1, 0, 0; 2, 1, 2 ;
0,6; -1.174374, -2.102118, 0.698300 / -1.173721, -2.101199, 0.698425 / -1.175027, -2.103037, 0.698174; 1, 18, 1, 0; 0.489116680476; 2, 1, 1; 0, 2, 1; 1, 1, 2 / 4, 2, 1 ;
0,6; -1.008661, -1.954686, 0.449163 / -1.008617, -1.954210, 0.449372 / -1.008706, -1.955163, 0.448954; 1, 18, 1, 0; 0.439295952841; 1, 0, 2; 2, 0, 0; 3, 1, 2 / 3, 4, 2 / 4, 6, 0 ;
1,7; -3.66153, -0.247584, -2.65437 / -3.66139, -0.24746, -2.65435 / -3.66166, -0.247708, -2.6544; 1, 2, 1, 0; 0.914995427635; 0, 2, 0; 0, 2, 0; 1, 1, 1 / 1, 2, 1 ;
0,7; -2.758283, 0.105586, -2.611199 / -2.758283, 0.105586, -2.611199 / -2.758283, 0.105586, -2.611199; 1, 2, 1, 0; 0.907933389815; 1, 0, 1; 0, 1, 0; 4, 1, 2 ;
0,7; -2.760102, 0.108199, -2.609990 / -2.760102, 0.108199, -2.609990 / -2.760102, 0.108199, -2.609990; 1, 2, 1, 0; 0.907933441235; 0, 1, 0; 0, 1, 0; 1, 1, 1 ;
0,7; -2.871972, 0.061453, -2.614813 / -2.871972, 0.061453, -2.614813 / -2.871972, 0.061453, -2.614813; 1, 2, 1, 0; 0.909865166646; 1, 0, 1; 0, 1, 0; 4, 1, 2 ;
0,7; -3.117308, -0.034406, -2.624924 / -3.117308, -0.034406, -2.624924 / -3.117308, -0.034406, -2.624924; 1, 2, 1, 0; 0.917728586617; 0, 1, 0; 0, 1, 0; 1, 1, 1 / 1, 9, 0 ;
0,7; -2.368827, 0.251710, -2.592359 / -2.368827, 0.251710, -2.592359 / -2.368827, 0.251710, -2.592359; 1, 2, 1, 0; 0.907042700195; 1, 0, 1; 1, 0, 0; 2, 1, 2 ;
0,7; -2.757795, 0.109239, -2.608474 / -2.757795, 0.109239, -2.608474 / -2.757795, 0.109239, -2.608474; 1, 2, 1, 0; 0.907933939607; 1, 0, 1; 1, 0, 0; 2, 1, 2 ;
0,7; -2.868241, 0.060217, -2.622232 / -2.868241, 0.060217, -2.622232 / -2.868241, 0.060217, -2.622232; 1, 2, 1, 0; 0.909858640346; 1, 0, 1; 1, 0, 0; 2, 1, 2 ;
0,7; -3.664340, -0.250786, -2.652211 / -3.664340, -0.250786, -2.652211 / -3.664340, -0.250786, -2.652211; 1, 2, 1, 0; 0.914994984637; 1, 0, 1; 1, 0, 0; 2, 1, 2 ;
0,7; -3.654815, -0.242969, -2.657515 / -3.654815, -0.242969, -2.657515 / -3.654815, -0.242969, -2.657515; 1, 2, 1, 0; 0.914996511396; 1, 0, 1; 1, 0, 0; 1, 10, 0 / 3, 1, 2 ;
0,7; -3.604788, -0.222878, -2.644775 / -3.604788, -0.222878, -2.644775 / -3.604788, -0.222878, -2.644775; 1, 2, 1, 0; 0.915516673312; 0, 1, 0; 1, 0, 0; 2, 1, 1 ;
0,7; 2.639902, 2.192907, -2.395180 / 2.639902, 2.192907, -2.395180 / 2.639902, 2.192907, -2.395180; 1, 4, 1, 0; 0.306368794755; 0, 1, 0; 0, 1, 0; 1, 1, 1 / 4, 2, 0 ;
0,7; 2.347823, 2.080652, -2.410694 / 2.347823, 2.080652, -2.410694 / 2.347823, 2.080652, -2.410694; 1, 4, 1, 0; 0.344329521231; 1, 0, 1; 1, 0, 0; 2, 1, 2 ;
0,7; 2.347404, 2.079553, -2.407138 / 2.347404, 2.079553, -2.407138 / 2.347404, 2.079553, -2.407138; 1, 4, 1, 0; 0.344329996736; 1, 0, 1; 1, 0, 0; 3, 1, 2 ;
0,7; 1.048592, 1.574405, -2.458637 / 1.048592, 1.574405, -2.458637 / 1.048592, 1.574405, -2.458637; 1, 4, 1, 0; 0.364428317557; 1, 0, 1; 1, 0, 0; 2, 1, 2 ;
1,8; -0.896475, 0.375447, -4.15954 / -0.896254, 0.375544, -4.15906 / -0.896696, 0.37535, -4.16003; 1, 1, 1, 0; 0.157912470058; 2, 1, 1; 1, 1, 0; 1, 1, 1 / 3, 5, 2 / 3, 6, 0 / 3, 7, 0 ;
0,8; -0.799278, 0.494204, -4.363765 / -0.799278, 0.494204, -4.363765 / -0.799278, 0.494204, -4.363765; 1, 1, 1, 0; 0.068565487661; 0, 0, 0; 0, 1, 0; 1, 1, 3 / 1, 10, 0 ;
0,8; -0.906518, 0.371832, -4.145253 / -0.906518, 0.371832, -4.145253 / -0.906518, 0.371832, -4.145253; 1, 1, 1, 0; 0.157907434919; 1, 0, 1; 0, 1, 0; 1, 1, 2 ;
0,8; -0.977744, 0.240823, -3.852627 / -0.977744, 0.240823, -3.852627 / -0.977744, 0.240823, -3.852627; 1, 1, 1, 0; 0.487446713751; 1, 0, 1; 0, 1, 0; 1, 1, 2 ;
0,8; -1.018943, 0.284378, -3.896937 / -1.018943, 0.284378, -3.896937 / -1.018943, 0.284378, -3.896937; 1, 1, 1, 0; 0.488160137203; 0, 1, 0; 0, 1, 0; 1, 1, 1 ;
0,8; -0.797991, 0.489047, -4.366652 / -0.797991, 0.489047, -4.366652 / -0.797991, 0.489047, -4.366652; 1, 1, 1, 0; 0.068565586544; 1, 0, 1; 1, 0, 0; 2, 1, 2 ;
0,8; -0.804292, 0.496288, -4.361606 / -0.804292, 0.496288, -4.361606 / -0.804292, 0.496288, -4.361606; 1, 1, 1, 0; 0.068572195906; 1, 0, 1; 1, 0, 0; 2, 1, 2 ;
0,8; -0.797919, 0.503636, -4.366683 / -0.797919, 0.503636, -4.366683 / -0.797919, 0.503636, -4.366683; 1, 1, 1, 0; 0.068572650769; 1, 0, 1; 1, 0, 0; 1, 7, 0 / 2, 1, 2 / 4, 5, 0 ;
0,8; -0.873646, 0.485258, -4.320025 / -0.873646, 0.485258, -4.320025 / -0.873646, 0.485258, -4.320025; 1, 1, 1, 0; 0.157831880144; 1, 0, 1; 1, 0, 0; 2, 1, 2 ;
0,8; -0.591738, 0.395777, -2.912138 / -0.591738, 0.395777, -2.912138 / -0.591738, 0.395777, -2.912138; 1, 2, 1, 0; 0.599195623661; 1, 0, 1; 1, 0, 0; 3, 1, 2 / 3, 2, 0 ;
0,8; 2.921760, 1.723159, -2.196538 / 2.922279, 1.723929, -2.196248 / 2.921242, 1.722390, -2.196828; 1, 4, 1, 0; 0.355325628534; 1, 0, 3; 1, 2, 1; 1, 1, 2 / 2, 3, 2 / 4, 3, 2 ;
0,8; 3.032203, 1.832536, -2.360046 / 3.032375, 1.832818, -2.359308 / 3.032031, 1.832254, -2.360785; 1, 4, 1, 0; 0.355445177851; 2, 1, 1; 1, 1, 0; 3, 8, 2 / 4, 1, 1 ;
0,8; -0.245497, 1.147985, -2.345676 / -0.245497, 1.147985, -2.345676 / -0.245497, 1.147985, -2.345676; 1, 4, 1, 0; 0.424632599524; 0, 1, 0; 0, 1, 0; 2, 1, 0 / 3, 1, 0 / 4, 1, 1 ;
0,8; -0.179029, 1.233037, -2.277737 / -0.179029, 1.233037, -2.277737 / -0.179029, 1.233037, -2.277737; 1, 4, 1, 0; 0.425478592182; 0, 1, 0; 0, 1, 0; 1, 1, 1 ;
0,8; 2.929930, 1.728688, -2.192707 / 2.929930, 1.728688, -2.192707 / 2.929930, 1.728688, -2.192707; 1, 4, 1, 0; 0.355326144336; 1, 0, 1; 1, 0, 0; 2, 1, 2 ;
0,8; -0.253657, 1.130009, -2.354289 / -0.253657, 1.130009, -2.354289 / -0.253657, 1.130009, -2.354289; 1, 4, 1, 0; 0.424627679251; 1, 0, 1; 1, 0, 0; 3, 1, 2 ;
0,8; -0.246349, 1.147593, -2.342213 / -0.246349, 1.147593, -2.342213 / -0.246349, 1.147593, -2.342213; 1, 4, 1, 0; 0.424632651910; 1, 0, 1; 1, 0, 0; 2, 1, 2 ;
0,8; 1.020642, 1.964740, -1.325801 / 1.020642, 1.964740, -1.325801 / 1.020642, 1.964740, -1.325801; 1, 7, 1, 0; 0.409275788750; 0, 1, 0; 1, 0, 0; 3, 1, 1 / 4, 1, 0 ;
0,8; 2.496496, 1.310974, -1.691835 / 2.496496, 1.310974, -1.691835 / 2.496496, 1.310974, -1.691835; 1, 11, 1, 0; 0.131347865542; 1, 0, 1; 0, 1, 0; 1, 1, 2 ;
0,8; 2.521858, 1.306383, -1.680753 / 2.521858, 1.306383, -1.680753 / 2.521858, 1.306383, -1.680753; 1, 11, 1, 0; 0.131928221255; 1, 0, 1; 0, 1, 0; 4, 1, 2 ;
0,8; 1.951423, 1.422994, -1.285553 / 1.951423, 1.422994, -1.285553 / 1.951423, 1.422994, -1.285553; 1, 11, 1, 0; 0.266091575004; 1, 0, 1; 0, 1, 0; 4, 1, 2 ;
0,8; 1.948914, 1.424149, -1.285044 / 1.948931, 1.424961, -1.284993 / 1.948898, 1.423336, -1.285094; 1, 11, 1, 0; 0.266092273062; 1, 0, 2; 2, 0, 0; 2, 8, 2 / 3, 1, 2 / 4, 6, 0 ;
0,8; 2.506472, 1.287883, -1.666595 / 2.506472, 1.287883, -1.666595 / 2.506472, 1.287883, -1.666595; 1, 11, 1, 0; 0.131330803157; 1, 0, 1; 1, 0, 0; 2, 1, 2 ;
0,8; 2.658700, 1.465435, -1.811388 / 2.658700, 1.465435, -1.811388 / 2.658700, 1.465435, -1.811388; 1, 11, 1, 0; 0.132116313746; 1, 0, 1; 1, 0, 0; 3, 1, 2 ;
0,8; 2.656155, 1.453965, -1.786403 / 2.656155, 1.453965, -1.786403 / 2.656155, 1.453965, -1.786403; 1, 11, 1, 0; 0.132119924198; 1, 0, 1; 1, 0, 0; 3, 1, 2 ;
0,8; 1.956304, 1.424359, -1.288048 / 1.956304, 1.424359, -1.288048 / 1.956304, 1.424359, -1.288048; 1, 11, 1, 0; 0.266090642351; 1, 0, 1; 1, 0, 0; 3, 1, 2 ;
0,8; 0.936997, -0.259423, 0.786005 / 0.937096, -0.259228, 0.786022 / 0.936897, -0.259619, 0.785987; 1, 23, 1, 0; 0.222917015840; 1, 0, 2; 1, 1, 0; 3, 1, 2 / 4, 1, 2 ;
0,8; 0.447379, -0.749141, 1.521601 / 0.447379, -0.749107, 1.521647 / 0.447379, -0.749176, 1.521555; 1, 23, 1, 0; 0.874186852183; 2, 1, 1; 1, 1, 0; 1, 1, 1 / 2, 1, 2 ;
0,8; 0.896821, -0.317153, 0.870735 / 0.896821, -0.317153, 0.870735 / 0.896821, -0.317153, 0.870735; 1, 23, 1, 0; 0.269583756405; 1, 0, 1; 1, 0, 0; 2, 1, 2 ;
0,8; -0.439358, -1.636925, 2.856055 / -0.439358, -1.636925, 2.856055 / -0.439358, -1.636925, 2.856055; 1, 35, 1, 0; 0.505100272322; 1, 0, 1; 0, 1, 0; 4, 1, 2 ;
0,8; -0.438372, -1.637857, 2.854717 / -0.438372, -1.637857, 2.854717 / -0.438372, -1.637857, 2.854717; 1, 35, 1, 0; 0.505100426905; 1, 0, 1; 1, 0, 0; 3, 1, 2 ;
0,8; -0.788728, -1.991703, 3.380973 / -0.788728, -1.991703, 3.380973 / -0.788728, -1.991703, 3.380973; 1, 40, 1, 0; 0.665744947352; 1, 0, 1; 1, 0, 0; 3, 1, 2 ;
1,9; -3.1609, -0.991019, 0.439471 / -3.16085, -0.990992, 0.439483 / -3.16096, -0.991046, 0.439459; 1, 21, 1, 0; 0.158957565730; 2, 1, 1; 1, 1, 0; 1, 1, 2 / 2, 1, 1 ;
0,9; -3.165639, -0.988862, 0.449135 / -3.165639, -0.988862, 0.449135 / -3.165639, -0.988862, 0.449135; 1, 21, 1, 0; 0.158971629967; 1, 0, 1; 0, 1, 0; 4, 1, 2 ;
0,9; -3.272269, -1.033212, 0.363200 / -3.272269, -1.033212, 0.363200 / -3.272269, -1.033212, 0.363200; 1, 21, 1, 0; 0.158787965437; 1, 0, 1; 1, 0, 0; 2, 1, 2 ;
0,9; -3.163283, -0.989837, 0.439489 / -3.163283, -0.989837, 0.439489 / -3.163283, -0.989837, 0.439489; 1, 21, 1, 0; 0.158958475213; 1, 0, 1; 1, 0, 0; 2, 1, 2 ;
0,9; -0.804712, -0.025394, 2.050022 / -0.804712, -0.025394, 2.050022 / -0.804712, -0.025394, 2.050022; 1, 30, 1, 0; 0.644229448919; 1, 0, 1; 0, 1, 0; 4, 1, 2 ;
0,9; -0.804067, -0.031398, 2.064473 / -0.804067, -0.031398, 2.064473 / -0.804067, -0.031398, 2.064473; 1, 30, 1, 0; 0.644263552979; 1, 0, 1; 1, 0, 0; 2, 1, 2 ;
0,9; -0.451140, 0.116951, 2.293731 / -0.451140, 0.116951, 2.293731 / -0.451140, 0.116951, 2.293731; 1, 31, 1, 0; 0.901014708280; 1, 0, 1; 1, 0, 0; 2, 1, 2 ;
0,9; 0.020931, 0.315934, 2.617556 / 0.020931, 0.315934, 2.617556 / 0.020931, 0.315934, 2.617556; 1, 38, 1, 0; 0.949181744705; 1, 0, 1; 1, 0, 0; 3, 1, 2 ;
0,9; 0.518306, 0.515478, 2.954881 / 0.518586, 0.515546, 2.954907 / 0.518025, 0.515409, 2.954855; 1, 39, 1, 0; 0.143306207764; 2, 1, 1; 1, 1, 0; 1, 1, 2 / 3, 6, 1 ;
0,9; 0.205623, 0.451358, 2.901348 / 0.205922, 0.451443, 2.901442 / 0.205323, 0.451273, 2.901253; 1, 39, 1, 0; 0.138706144900; 1, 0, 2; 2, 0, 0; 2, 3, 2 / 3, 1, 2 ;
0,9; 0.519788, 0.511141, 2.955952 / 0.519788, 0.511141, 2.955952 / 0.519788, 0.511141, 2.955952; 1, 39, 1, 0; 0.143305783435; 1, 0, 1; 1, 0, 0; 2, 1, 2 ;
0,9; 1.241945, 0.805167, 3.452525 / 1.241945, 0.805167, 3.452525 / 1.241945, 0.805167, 3.452525; 1, 45, 1, 0; 0.050895464675; 0, 1, 0; 1, 0, 0; 2, 1, 1 ;
0,9; 1.516804, 0.916481, 3.640155 / 1.516804, 0.916481, 3.640155 / 1.516804, 0.916481, 3.640155; 1, 45, 1, 0; 0.057501636597; 1, 0, 1; 1, 0, 0; 2, 1, 2 ;
0,9; 1.722226, 1.000192, 3.767722 / 1.722374, 1.000312, 3.768175 / 1.722078, 1.000071, 3.767269; 1, 46, 1, 0; 0.360025166439; 2, 1, 1; 1, 1, 0; 1, 2, 1 / 2, 1, 2 ;
0,9; 1.723833, 1.001335, 3.770210 / 1.723833, 1.001335, 3.770210 / 1.723833, 1.001335, 3.770210; 1, 46, 1, 0; 0.360025975405; 1, 0, 1; 0, 1, 0; 1, 1, 2 ;
0,9; 1.679186, 0.979193, 3.752759 / 1.679186, 0.979193, 3.752759 / 1.679186, 0.979193, 3.752759; 1, 46, 1, 0; 0.360067580293; 1, 0, 1; 0, 1, 0; 4, 1, 2 ;
0,9; 1.765694, 1.051193, 3.852465 / 1.765694, 1.051193, 3.852465 / 1.765694, 1.051193, 3.852465; 1, 46, 1, 0; 0.361392774666; 1, 0, 1; 0, 1, 0; 4, 1, 2 ;
0,9; 1.760066, 1.049139, 3.841413 / 1.760066, 1.049139, 3.841413 / 1.760066, 1.049139, 3.841413; 1, 46, 1, 0; 0.361405711808; 1, 0, 1; 0, 1, 0; 1, 1, 2 ;
0,9; 1.873078, 1.054994, 3.882201 / 1.873078, 1.054994, 3.882201 / 1.873078, 1.054994, 3.882201; 1, 46, 1, 0; 0.362295024983; 1, 0, 1; 0, 1, 0; 1, 1, 2 ;
0,9; 1.756475, 1.051313, 3.842306 / 1.757356, 1.051587, 3.843201 / 1.755594, 1.051040, 3.841411; 1, 46, 1, 0; 0.361405800289; 2, 2, 2; 4, 0, 0; 2, 1, 1 / 3, 4, 2 / 3, 6, 1 / 3, 9, 2 ;
0,9; 1.704579, 0.993303, 3.769056 / 1.704579, 0.993303, 3.769056 / 1.704579, 0.993303, 3.769056; 1, 46, 1, 0; 0.360048234620; 0, 1, 0; 1, 0, 0; 2, 1, 1 ;
0,9; 1.761388, 1.019606, 3.815335 / 1.761388, 1.019606, 3.815335 / 1.761388, 1.019606, 3.815335; 1, 46, 1, 0; 0.361081834534; 0, 1, 0; 1, 0, 0; 2, 1, 1 ;
0,9; 1.762779, 1.014178, 3.819684 / 1.762779, 1.014178, 3.819684 / 1.762779, 1.014178, 3.819684; 1, 46, 1, 0; 0.361082384378; 1, 0, 1; 1, 0, 0; 3, 1, 2 ;
0,9; 1.738008, 1.030063, 3.820348 / 1.738008, 1.030063, 3.820348 / 1.738008, 1.030063, 3.820348; 1, 46, 1, 0; 0.361103120461; 0, 1, 0; 1, 0, 0; 2, 1, 1 ;
0,9; 1.806950, 1.034908, 3.839028 / 1.806950, 1.034908, 3.839028 / 1.806950, 1.034908, 3.839028; 1, 46, 1, 0; 0.361175339671; 1, 0, 1; 1, 0, 0; 3, 1, 2 / 4, 3, 0 ;
0,9; 1.849399, 1.052192, 3.868145 / 1.849399, 1.052192, 3.868145 / 1.849399, 1.052192, 3.868145; 1, 46, 1, 0; 0.361262587959; 0, 1, 0; 1, 0, 0; 2, 1, 1 ;
0,9; 1.764191, 1.052041, 3.855179 / 1.764191, 1.052041, 3.855179 / 1.764191, 1.052041, 3.855179; 1, 46, 1, 0; 0.361403708352; 0, 1, 0; 1, 0, 0; 2, 8, 0 / 3, 1, 1 ;
0,9; 1.755985, 1.051184, 3.841770 / 1.756841, 1.051587, 3.842366 / 1.755130, 1.050780, 3.841173; 1, 46, 1, 0; 0.361405819249; 1, 0, 1; 4, 0, 0; 3, 1, 2 / 3, 3, 1 / 3, 6, 2 / 3, 9, 2 ;
0,9; 1.755889, 1.053160, 3.837804 / 1.755889, 1.053160, 3.837804 / 1.755889, 1.053160, 3.837804; 1, 46, 1, 0; 0.361406912618; 1, 0, 1; 1, 0, 0; 3, 1, 2 ;
0,9; 1.756270, 1.050419, 3.828302 / 1.756270, 1.050419, 3.828302 / 1.756270, 1.050419, 3.828302; 1, 46, 1, 0; 0.361407367661; 1, 0, 1; 1, 0, 0; 3, 1, 2 ;
0,9; 1.869450, 1.057737, 3.885140 / 1.869450, 1.057737, 3.885140 / 1.869450, 1.057737, 3.885140; 1, 46, 1, 0; 0.362294032735; 0, 1, 0; 1, 0, 0; 2, 1, 1 ;
