1,0; -3.28389, 2.04873, -0.956971 / -3.28389, 2.04873, -0.956971 / -3.28389, 2.04873, -0.956971; 1, 7, 1, 0; 0.594075636569; 0, 1, 0; 0, 1, 0; 1, 1, 1 ;
0,0; -3.368245, 2.522922, -1.373723 / -3.368245, 2.522922, -1.373723 / -3.368245, 2.522922, -1.373723; 1, 7, 1, 0; 0.364658548284; 1, 0, 1; 1, 0, 0; 3, 1, 2 ;
0,0; -3.334896, 2.351960, -1.220878 / -3.334896, 2.351960, -1.220878 / -3.334896, 2.351960, -1.220878; 1, 7, 1, 0; 0.659576239465; 0, 1, 0; 1, 0, 0; 1, 7, 0 / 3, 1, 1 ;
0,0; -3.200949, 1.444369, -0.451228 / -3.200949, 1.444369, -0.451228 / -3.200949, 1.444369, -0.451228; 1, 14, 1, 0; 0.309378433740; 1, 0, 1; 0, 1, 0; 1, 1, 2 ;
0,0; -3.185784, 1.462326, -0.449874 / -3.185784, 1.462326, -0.449874 / -3.185784, 1.462326, -0.449874; 1, 14, 1, 0; 0.309382545304; 0, 1, 0; 0, 1, 0; 4, 1, 1 ;
0,0; -3.198629, 1.445888, -0.449912 / -3.198629, 1.445888, -0.449912 / -3.198629, 1.445888, -0.449912; 1, 14, 1, 0; 0.309378359880; 1, 0, 1; 1, 0, 0; 3, 1, 2 ;
0,0; -3.187768, 1.445346, -0.441308 / -3.187768, 1.445346, -0.441308 / -3.187768, 1.445346, -0.441308; 1, 14, 1, 0; 0.309388134076; 1, 0, 1; 1, 0, 0; 3, 1, 2 ;
0,0; -3.008613, 0.398933, 0.470036 / -3.008613, 0.398933, 0.470036 / -3.008613, 0.398933, 0.470036; 1, 17, 1, 0; 0.738632985446; 1, 0, 1; 1, 0, 0; 3, 1, 2 ;
0,0; -2.901837, -0.212829, 1.012911 / -2.901589, -0.212604, 1.013203 / -2.902084, -0.213053, 1.012619; 1, 21, 1, 0; 0.526820740275; 0, 2, 0; 1, 1, 0; 1, 1, 0 / 1, 2, 1 / 2, 1, 1 ;
0,0; -2.906164, -0.212529, 1.028283 / -2.906164, -0.212529, 1.028283 / -2.906164, -0.212529, 1.028283; 1, 21, 1, 0; 0.526825949791; 1, 0, 1; 0, 1, 0; 4, 1, 2 ;
0,0; -2.907788, -0.211338, 1.013458 / -2.907788, -0.211338, 1.013458 / -2.907788, -0.211338, 1.013458; 1, 21, 1, 0; 0.526834455271; 1, 0, 1; 0, 1, 0; 1, 1, 2 ;
0,0; -2.924312, -0.221667, 1.005509 / -2.924312, -0.221667, 1.005509 / -2.924312, -0.221667, 1.005509; 1, 21, 1, 0; 0.526845871095; 1, 0, 1; 1, 0, 0; 3, 1, 2 ;
0,0; -2.922753, -0.221166, 1.005566 / -2.922753, -0.221166, 1.005566 / -2.922753, -0.221166, 1.005566; 1, 21, 1, 0; 0.526845943854; 1, 0, 1; 1, 0, 0; 2, 1, 2 ;
0,0; -2.837547, -0.629507, 1.365342 / -2.837547, -0.629507, 1.365342 / -2.837547, -0.629507, 1.365342; 1, 23, 1, 0; 0.839912614414; 1, 0, 1; 1, 0, 0; 2, 1, 2 ;
0,0; -2.735713, -1.226872, 1.877510 / -2.735678, -1.226863, 1.877846 / -2.735748, -1.226881, 1.877173; 1, 30, 1, 0; 0.438900195214; 2, 1, 1; 0, 2, 1; 1, 5, 1 / 4, 1, 2 ;
0,0; -2.698759, -1.455195, 2.071512 / -2.698759, -1.455195, 2.071512 / -2.698759, -1.455195, 2.071512; 1, 30, 1, 0; 0.403615361536; 1, 0, 1; 0, 1, 0; 4, 1, 2 ;
0,0; -2.699395, -1.457486, 2.075006 / -2.699395, -1.457486, 2.075006 / -2.699395, -1.457486, 2.075006; 1, 30, 1, 0; 0.403615507655; 1, 0, 1; 0, 1, 0; 4, 1, 2 ;
0,0; -2.666621, -1.640416, 2.235427 / -2.666621, -1.640416, 2.235427 / -2.666621, -1.640416, 2.235427; 1, 36, 1, 0; 0.051664283524; 1, 0, 1; 1, 0, 0; 3, 1, 2 ;
0,0; -2.613086, -1.958024, 2.516304 / -2.613086, -1.958024, 2.516304 / -2.613086, -1.958024, 2.516304; 1, 36, 1, 0; 0.679973244397; 1, 0, 1; 1, 0, 0; 3, 1, 2 ;
1,1; -4.06452, -0.0656507, 0.531854 / -4.06452, -0.0656507, 0.531854 / -4.06452, -0.0656507, 0.531854; 1, 21, 1, 0; 0.041774749565; 1, 0, 1; 0, 1, 0; 1, 1, 2 ;
0,1; -3.630131, 0.405203, 1.113816 / -3.629865, 0.405549, 1.114484 / -3.630396, 0.404857, 1.113148; 1, 23, 1, 0; 0.519331590795; 2, 1, 1; 1, 1, 0; 1, 6, 0 / 1, 8, 0 / 3, 3, 2 / 3, 9, 0 / 4, 1, 1 ;
0,1; -3.581260, 0.452586, 1.180325 / -3.581260, 0.452586, 1.180325 / -3.581260, 0.452586, 1.180325; 1, 23, 1, 0; 0.519921061072; 0, 1, 0; 0, 1, 0; 1, 1, 1 ;
0,1; -3.596455, 0.433919, 1.157754 / -3.596455, 0.433919, 1.157754 / -3.596455, 0.433919, 1.157754; 1, 23, 1, 0; 0.519890695966; 1, 0, 1; 1, 0, 0; 3, 1, 2 ;
0,1; -2.637492, 1.466815, 2.452064 / -2.636481, 1.467074, 2.452389 / -2.638504, 1.466556, 2.451739; 1, 37, 1, 0; 0.090149662925; 0, 3, 0; 2, 1, 0; 1, 9, 1 / 2, 1, 1 / 2, 9, 1 ;
0,1; -2.350904, 1.773302, 2.838108 / -2.350904, 1.773302, 2.838108 / -2.350904, 1.773302, 2.838108; 1, 39, 1, 0; 0.669660726073; 0, 1, 0; 1, 0, 0; 3, 1, 1 ;
0,1; -2.320028, 1.807657, 2.878584 / -2.320028, 1.807657, 2.878584 / -2.320028, 1.807657, 2.878584; 1, 39, 1, 0; 0.670404714757; 1, 0, 1; 1, 0, 0; 3, 1, 2 ;
0,1; -1.829922, 2.338706, 3.541241 / -1.829922, 2.338706, 3.541241 / -1.829922, 2.338706, 3.541241; 1, 45, 1, 0; 0.641022305211; 1, 0, 1; 1, 0, 0; 2, 1, 2 ;
0,1; -1.826381, 2.338244, 3.545905 / -1.826381, 2.338244, 3.545905 / -1.826381, 2.338244, 3.545905; 1, 45, 1, 0; 0.641051967478; 1, 0, 1; 1, 0, 0; 3, 1, 2 ;
1,2; 2.59824, -3.42962, -1.36201 / 2.59824, -3.42962, -1.36201 / 2.59824, -3.42962, -1.36201; 1, 8, 1, 0; 0.494367491289; 1, 0, 1; 1, 0, 0; 2, 1, 2 ;
0,2; 2.149940, -3.096192, -0.731402 / 2.149940, -3.096192, -0.731402 / 2.149940, -3.096192, -0.731402; 1, 15, 1, 0; 0.034024735063; 1, 0, 1; 0, 1, 0; 1, 1, 2 ;
0,2; 1.918501, -2.917244, -0.396976 / 1.918501, -2.917244, -0.396976 / 1.918501, -2.917244, -0.396976; 1, 15, 1, 0; 0.148829012366; 1, 0, 1; 0, 1, 0; 4, 1, 2 ;
0,2; 2.267063, -3.181382, -0.883418 / 2.267063, -3.181382, -0.883418 / 2.267063, -3.181382, -0.883418; 1, 15, 1, 0; 0.029707062224; 1, 0, 1; 1, 0, 0; 3, 1, 2 ;
0,2; 2.141220, -3.099867, -0.727759 / 2.141220, -3.099867, -0.727759 / 2.141220, -3.099867, -0.727759; 1, 15, 1, 0; 0.034035282993; 1, 0, 1; 1, 0, 0; 2, 1, 2 ;
0,2; 0.940591, -2.156490, 1.025509 / 0.940591, -2.156490, 1.025509 / 0.940591, -2.156490, 1.025509; 1, 22, 1, 0; 0.250499451400; 1, 0, 1; 0, 1, 0; 4, 1, 2 ;
0,2; 0.940863, -2.149139, 1.029296 / 0.940863, -2.149139, 1.029296 / 0.940863, -2.149139, 1.029296; 1, 22, 1, 0; 0.250500659193; 1, 0, 1; 0, 1, 0; 1, 1, 2 ;
0,2; 0.933695, -2.154731, 1.045900 / 0.934114, -2.153906, 1.046251 / 0.933277, -2.155555, 1.045549; 1, 22, 1, 0; 0.250513159120; 2, 1, 3; 4, 0, 0; 1, 10, 0 / 2, 4, 2 / 2, 5, 2 / 2, 10, 0 / 3, 1, 1 / 3, 8, 2 ;
0,2; 0.960773, -2.138371, 1.032985 / 0.960773, -2.138371, 1.032985 / 0.960773, -2.138371, 1.032985; 1, 22, 1, 0; 0.250506865501; 1, 0, 1; 1, 0, 0; 3, 1, 2 ;
0,2; 0.963387, -2.142386, 1.034047 / 0.963387, -2.142386, 1.034047 / 0.963387, -2.142386, 1.034047; 1, 22, 1, 0; 0.250507825915; 1, 0, 1; 1, 0, 0; 3, 1, 2 ;
0,2; 0.941943, -2.151898, 1.042735 / 0.941943, -2.151898, 1.042735 / 0.941943, -2.151898, 1.042735; 1, 22, 1, 0; 0.250512853534; 1, 0, 1; 1, 0, 0; 1, 3, 0 / 3, 1, 2 ;
0,2; 0.936299, -2.150268, 1.047597 / 0.936299, -2.150268, 1.047597 / 0.936299, -2.150268, 1.047597; 1, 22, 1, 0; 0.250513923085; 1, 0, 1; 1, 0, 0; 1, 5, 0 / 2, 1, 2 / 2, 10, 0 / 3, 8, 0 / 4, 3, 0 ;
0,2; 0.832483, -2.101261, 1.096298 / 0.832483, -2.101261, 1.096298 / 0.832483, -2.101261, 1.096298; 1, 22, 1, 0; 0.253947343147; 1, 0, 1; 1, 0, 0; 2, 1, 2 ;
0,2; 0.411096, -1.765140, 1.753291 / 0.411096, -1.765140, 1.753291 / 0.411096, -1.765140, 1.753291; 1, 27, 1, 0; 0.998723350572; 1, 0, 1; 0, 1, 0; 4, 1, 2 ;
0,2; 0.022581, -1.511564, 2.283895 / 0.022581, -1.511564, 2.283895 / 0.022581, -1.511564, 2.283895; 1, 33, 1, 0; 0.403005358359; 1, 0, 1; 0, 1, 0; 4, 1, 2 ;
0,2; 0.016003, -1.545155, 2.278237 / 0.016003, -1.545155, 2.278237 / 0.016003, -1.545155, 2.278237; 1, 33, 1, 0; 0.402994107801; 1, 0, 1; 1, 0, 0; 2, 1, 2 ;
0,2; 0.025653, -1.521391, 2.289754 / 0.025653, -1.521391, 2.289754 / 0.025653, -1.521391, 2.289754; 1, 33, 1, 0; 0.403006942418; 1, 0, 1; 1, 0, 0; 3, 1, 2 ;
0,2; 0.025952, -1.530041, 2.287945 / 0.025952, -1.530041, 2.287945 / 0.025952, -1.530041, 2.287945; 1, 33, 1, 0; 0.403010484722; 0, 1, 0; 1, 0, 0; 3, 1, 1 ;
0,2; 0.024864, -1.532534, 2.286961 / 0.024864, -1.532534, 2.286961 / 0.024864, -1.532534, 2.286961; 1, 33, 1, 0; 0.403011919106; 1, 0, 1; 1, 0, 0; 2, 1, 2 ;
0,2; 0.022190, -1.535514, 2.288337 / 0.022190, -1.535514, 2.288337 / 0.022190, -1.535514, 2.288337; 1, 33, 1, 0; 0.403014101864; 1, 0, 1; 1, 0, 0; 1, 1, 0 / 2, 1, 2 ;
1,3; -2.65614, 2.46508, -0.414227 / -2.65614, 2.46508, -0.414227 / -2.65614, 2.46508, -0.414227; 1, 14, 1, 0; 0.242582499018; 0, 1, 0; 1, 0, 0; 3, 1, 1 ;
0,3; -0.585170, 1.357594, 1.424300 / -0.585170, 1.357594, 1.424300 / -0.585170, 1.357594, 1.424300; 1, 26, 1, 0; 0.753212498393; 1, 0, 1; 1, 0, 0; 2, 1, 2 ;
0,3; -0.574062, 1.376057, 1.441987 / -0.574062, 1.376057, 1.441987 / -0.574062, 1.376057, 1.441987; 1, 26, 1, 0; 0.754099678539; 1, 0, 1; 1, 0, 0; 3, 1, 2 ;
0,3; -0.674802, 1.348145, 1.405494 / -0.674802, 1.348145, 1.405494 / -0.674802, 1.348145, 1.405494; 1, 26, 1, 0; 0.759020684926; 1, 0, 1; 1, 0, 0; 3, 1, 2 ;
0,3; -0.664435, 1.366921, 1.375783 / -0.664435, 1.366921, 1.375783 / -0.664435, 1.366921, 1.375783; 1, 26, 1, 0; 0.759223470919; 1, 0, 1; 1, 0, 0; 2, 1, 2 ;
0,3; -0.377030, 1.188543, 1.670011 / -0.377030, 1.188543, 1.670011 / -0.377030, 1.188543, 1.670011; 1, 27, 1, 0; 0.396496346063; 1, 0, 1; 1, 0, 0; 2, 1, 2 ;
0,3; 0.368771, 0.762612, 2.364466 / 0.369122, 0.762613, 2.364808 / 0.368419, 0.762611, 2.364124; 1, 31, 1, 0; 0.800832022455; 0, 2, 0; 1, 1, 0; 3, 1, 1 / 4, 2, 1 ;
0,3; 0.369507, 0.758847, 2.366669 / 0.369507, 0.758847, 2.366669 / 0.369507, 0.758847, 2.366669; 1, 31, 1, 0; 0.800832385976; 1, 0, 1; 0, 1, 0; 4, 1, 2 ;
0,3; 0.367741, 0.765814, 2.371642 / 0.367741, 0.765814, 2.371642 / 0.367741, 0.765814, 2.371642; 1, 31, 1, 0; 0.800831603855; 1, 0, 1; 1, 0, 0; 2, 1, 2 ;
0,3; 0.370856, 0.758968, 2.368304 / 0.370856, 0.758968, 2.368304 / 0.370856, 0.758968, 2.368304; 1, 31, 1, 0; 0.800832529181; 1, 0, 1; 1, 0, 0; 2, 1, 2 ;
0,3; 0.371861, 0.758339, 2.369724 / 0.371861, 0.758339, 2.369724 / 0.371861, 0.758339, 2.369724; 1, 31, 1, 0; 0.800832661370; 1, 0, 1; 1, 0, 0; 1, 2, 0 / 2, 1, 2 / 4, 6, 0 ;
0,3; 1.331316, 0.236693, 3.240510 / 1.331316, 0.236693, 3.240510 / 1.331316, 0.236693, 3.240510; 1, 41, 1, 0; 0.881252268716; 1, 0, 1; 1, 0, 0; 2, 1, 2 ;
1,4; 0.314817, -2.45755, -3.02005 / 0.314817, -2.45755, -3.02005 / 0.314817, -2.45755, -3.02005; 1, 3, 1, 0; 0.412229092873; 0, 0, 0; 0, 1, 0; 1, 5, 0 / 4, 1, 3 ;
0,4; 0.319226, -2.459245, -3.024760 / 0.319226, -2.459245, -3.024760 / 0.319226, -2.459245, -3.024760; 1, 3, 1, 0; 0.412221504934; 1, 0, 1; 1, 0, 0; 2, 1, 2 ;
0,4; -0.212228, -1.516094, -2.461276 / -0.212228, -1.516094, -2.461276 / -0.212228, -1.516094, -2.461276; 1, 3, 1, 0; 0.851622122285; 0, 0, 0; 1, 0, 0; 3, 1, 3 ;
0,4; -0.212991, -1.516719, -2.460306 / -0.212991, -1.516719, -2.460306 / -0.212991, -1.516719, -2.460306; 1, 3, 1, 0; 0.851622162583; 1, 0, 1; 1, 0, 0; 3, 1, 2 ;
0,4; -0.902917, -0.283919, -1.724236 / -0.901890, -0.283665, -1.723154 / -0.903944, -0.284173, -1.725318; 1, 4, 1, 0; 0.913115346333; 0, 3, 0; 0, 3, 1; 1, 10, 1 / 4, 1, 1 / 4, 2, 1 ;
0,4; -0.901467, -0.285310, -1.726096 / -0.901314, -0.285279, -1.725543 / -0.901620, -0.285340, -1.726649; 1, 4, 1, 0; 0.913115809749; 2, 1, 1; 0, 2, 1; 1, 5, 1 / 4, 1, 2 ;
0,4; -0.901732, -0.284493, -1.730384 / -0.901566, -0.284259, -1.730286 / -0.901898, -0.284727, -1.730481; 1, 4, 1, 0; 0.913108241960; 0, 1, 0; 0, 2, 0; 4, 1, 1 / 4, 2, 3 ;
0,4; -0.908753, -0.279007, -1.717022 / -0.908753, -0.279007, -1.717022 / -0.908753, -0.279007, -1.717022; 1, 4, 1, 0; 0.913121801924; 1, 0, 1; 1, 0, 0; 2, 1, 2 ;
0,4; -0.831935, -0.408831, -1.804268 / -0.831935, -0.408831, -1.804268 / -0.831935, -0.408831, -1.804268; 1, 4, 1, 0; 0.970017650117; 0, 1, 0; 1, 0, 0; 2, 1, 1 ;
0,4; -1.788046, 1.302619, -0.790628 / -1.787650, 1.303147, -0.789904 / -1.788442, 1.302092, -0.791352; 1, 7, 1, 0; 0.976873047237; 0, 2, 0; 0, 2, 0; 4, 1, 1 / 4, 9, 1 ;
0,4; -1.796883, 1.309993, -0.785848 / -1.796883, 1.309993, -0.785848 / -1.796883, 1.309993, -0.785848; 1, 7, 1, 0; 0.976881494936; 1, 0, 1; 1, 0, 0; 1, 6, 0 / 3, 1, 2 ;
0,4; -1.278187, 0.395120, -1.334428 / -1.278187, 0.395120, -1.334428 / -1.278187, 0.395120, -1.334428; 1, 10, 1, 0; 0.047579734546; 1, 0, 1; 1, 0, 0; 3, 1, 2 ;
0,4; -2.293787, 2.208034, -0.252092 / -2.293787, 2.208034, -0.252092 / -2.293787, 2.208034, -0.252092; 1, 14, 1, 0; 0.538609023528; 1, 0, 1; 1, 0, 0; 2, 1, 2 ;
0,4; -2.730435, 2.988133, 0.192158 / -2.730435, 2.988133, 0.192158 / -2.730435, 2.988133, 0.192158; 1, 14, 1, 0; 0.648638389203; 1, 0, 1; 1, 0, 0; 3, 1, 2 ;
1,5; -0.143176, -2.92294, -3.58108 / -0.143176, -2.92294, -3.58108 / -0.143176, -2.92294, -3.58108; 1, 1, 1, 0; 0.968167173740; 1, 0, 1; 1, 0, 0; 2, 1, 2 ;
0,5; -2.024079, -1.022867, -2.410276 / -2.023969, -1.022618, -2.410121 / -2.024189, -1.023117, -2.410431; 1, 5, 1, 0; 0.449992109398; 2, 1, 1; 0, 2, 0; 3, 1, 0 / 4, 1, 2 / 4, 2, 1 ;
0,5; -2.112412, -0.888054, -2.301772 / -2.111691, -0.887618, -2.301435 / -2.113133, -0.888490, -2.302108; 1, 5, 1, 0; 0.431087217127; 2, 1, 2; 2, 1, 0; 1, 2, 1 / 2, 1, 2 / 2, 5, 2 ;
0,5; -0.508561, -2.556833, -3.351024 / -0.508561, -2.556833, -3.351024 / -0.508561, -2.556833, -3.351024; 1, 5, 1, 0; 0.005108968723; 0, 0, 0; 0, 1, 0; 2, 1, 0 / 4, 1, 3 ;
0,5; -2.215007, -0.831967, -2.293066 / -2.215007, -0.831967, -2.293066 / -2.215007, -0.831967, -2.293066; 1, 5, 1, 0; 0.429804063121; 1, 0, 1; 0, 1, 0; 1, 1, 2 ;
0,5; -1.521801, -1.522243, -2.723628 / -1.521801, -1.522243, -2.723628 / -1.521801, -1.522243, -2.723628; 1, 5, 1, 0; 0.351657286162; 1, 0, 1; 1, 0, 0; 3, 1, 2 ;
0,5; -1.519629, -1.521558, -2.722375 / -1.519629, -1.521558, -2.722375 / -1.519629, -1.521558, -2.722375; 1, 5, 1, 0; 0.351657340073; 1, 0, 1; 1, 0, 0; 3, 1, 2 ;
0,5; -2.132935, -0.900151, -2.327378 / -2.132935, -0.900151, -2.327378 / -2.132935, -0.900151, -2.327378; 1, 5, 1, 0; 0.430721132404; 1, 0, 1; 1, 0, 0; 3, 1, 2 ;
0,5; -2.111531, -0.885285, -2.307511 / -2.111531, -0.885285, -2.307511 / -2.111531, -0.885285, -2.307511; 1, 5, 1, 0; 0.431078228702; 1, 0, 1; 1, 0, 0; 3, 1, 2 ;
0,5; -2.108092, -0.888901, -2.300681 / -2.108092, -0.888901, -2.300681 / -2.108092, -0.888901, -2.300681; 1, 5, 1, 0; 0.431086565294; 1, 0, 1; 1, 0, 0; 1, 4, 0 / 2, 4, 0 / 3, 1, 2 ;
0,5; -2.020394, -1.025637, -2.407040 / -2.020394, -1.025637, -2.407040 / -2.020394, -1.025637, -2.407040; 1, 5, 1, 0; 0.449983532657; 1, 0, 1; 1, 0, 0; 3, 1, 2 ;
0,5; -3.057572, 0.025587, -1.773988 / -3.057220, 0.025894, -1.773425 / -3.057925, 0.025280, -1.774551; 1, 6, 1, 0; 0.765397142328; 2, 2, 1; 1, 2, 1; 1, 4, 2 / 3, 1, 1 / 4, 9, 1 ;
0,5; -3.057849, 0.024864, -1.773267 / -3.057220, 0.025894, -1.772515 / -3.058478, 0.023834, -1.774019; 1, 6, 1, 0; 0.765397122724; 0, 1, 0; 1, 2, 1; 1, 1, 0 / 1, 8, 2 / 3, 5, 1 / 4, 1, 1 ;
0,5; -3.059695, 0.027486, -1.774786 / -3.059695, 0.027486, -1.774786 / -3.059695, 0.027486, -1.774786; 1, 6, 1, 0; 0.765396568911; 1, 0, 1; 1, 0, 0; 2, 1, 2 ;
0,5; -3.957685, 0.956742, -1.229786 / -3.957477, 0.957169, -1.229583 / -3.957893, 0.956315, -1.229989; 1, 14, 1, 0; 0.050149321161; 2, 1, 1; 0, 2, 0; 1, 1, 1 / 1, 2, 2 ;
0,5; -3.989807, 1.286417, -1.372825 / -3.989807, 1.286417, -1.372825 / -3.989807, 1.286417, -1.372825; 1, 14, 1, 0; 0.021168564264; 0, 1, 0; 0, 1, 0; 4, 1, 1 ;
0,5; -3.953340, 0.934032, -1.217068 / -3.953246, 0.934287, -1.216713 / -3.953435, 0.933777, -1.217422; 1, 14, 1, 0; 0.050144852605; 1, 0, 2; 2, 0, 0; 2, 3, 2 / 3, 1, 2 ;
1,6; 2.00362, 3.1474, -0.864329 / 2.00362, 3.1474, -0.864329 / 2.00362, 3.1474, -0.864329; 1, 13, 1, 0; 0.235768086880; 1, 0, 1; 0, 1, 0; 4, 1, 2 ;
0,6; 2.001161, 3.142253, -0.863811 / 2.001161, 3.142253, -0.863811 / 2.001161, 3.142253, -0.863811; 1, 13, 1, 0; 0.235768917809; 1, 0, 1; 0, 1, 0; 1, 1, 2 ;
0,6; 1.646759, 2.574680, -0.499317 / 1.646759, 2.574680, -0.499317 / 1.646759, 2.574680, -0.499317; 1, 13, 1, 0; 0.536926624591; 0, 1, 0; 0, 1, 0; 4, 1, 1 ;
0,6; 1.998614, 3.143774, -0.861292 / 1.998614, 3.143774, -0.861292 / 1.998614, 3.143774, -0.861292; 1, 13, 1, 0; 0.235779621416; 1, 0, 1; 1, 0, 0; 2, 1, 2 ;
0,6; 1.651538, 2.576065, -0.494962 / 1.651538, 2.576065, -0.494962 / 1.651538, 2.576065, -0.494962; 1, 13, 1, 0; 0.536926864637; 1, 0, 1; 1, 0, 0; 3, 1, 2 ;
0,6; 0.394974, 0.560936, 0.784649 / 0.394974, 0.560936, 0.784649 / 0.394974, 0.560936, 0.784649; 1, 23, 1, 0; 0.155443837487; 1, 0, 1; 0, 1, 0; 4, 1, 2 ;
0,6; 0.166673, 0.183722, 1.023581 / 0.166673, 0.183722, 1.023581 / 0.166673, 0.183722, 1.023581; 1, 23, 1, 0; 0.501616400556; 0, 1, 0; 0, 1, 0; 4, 1, 1 ;
0,6; 0.109252, 0.095898, 1.082063 / 0.109252, 0.095898, 1.082063 / 0.109252, 0.095898, 1.082063; 1, 23, 1, 0; 0.503624185079; 1, 0, 1; 0, 1, 0; 4, 1, 2 ;
0,6; -0.134026, -0.307430, 1.336059 / -0.134026, -0.307430, 1.336059 / -0.134026, -0.307430, 1.336059; 1, 23, 1, 0; 0.759351454850; 1, 0, 1; 1, 0, 0; 2, 1, 2 ;
0,6; -1.035571, -1.757075, 2.264051 / -1.035571, -1.757075, 2.264051 / -1.035571, -1.757075, 2.264051; 1, 34, 1, 0; 0.167656491273; 1, 0, 1; 1, 0, 0; 2, 1, 2 ;
0,6; -1.337631, -2.252396, 2.570222 / -1.337631, -2.252396, 2.570222 / -1.337631, -2.252396, 2.570222; 1, 34, 1, 0; 0.219404655885; 1, 0, 1; 1, 0, 0; 3, 1, 2 ;
0,6; -1.338475, -2.246935, 2.575593 / -1.338475, -2.246935, 2.575593 / -1.338475, -2.246935, 2.575593; 1, 34, 1, 0; 0.219428179779; 1, 0, 1; 1, 0, 0; 3, 1, 2 ;
0,6; -1.322514, -2.228346, 2.562332 / -1.322514, -2.228346, 2.562332 / -1.322514, -2.228346, 2.562332; 1, 34, 1, 0; 0.219776922137; 1, 0, 1; 1, 0, 0; 2, 1, 2 ;
1,7; -3.07171, 1.30852, -2.28782 / -3.07135, 1.30911, -2.28725 / -3.07207, 1.30794, -2.2884; 1, 6, 1, 0; 0.220617495964; 2, 2, 1; 0, 3, 1; 1, 7, 1 / 4, 1, 1 / 4, 2, 2 ;
0,7; -2.905231, 0.024471, -1.726169 / -2.904879, 0.024904, -1.725940 / -2.905583, 0.024039, -1.726399; 1, 6, 1, 0; 0.765580375828; 2, 2, 1; 2, 1, 0; 1, 1, 1 / 1, 8, 0 / 2, 1, 1 / 3, 6, 2 ;
0,7; -3.026520, 0.945946, -2.132995 / -3.026493, 0.946171, -2.132896 / -3.026547, 0.945722, -2.133094; 1, 6, 1, 0; 0.416234506730; 2, 1, 1; 1, 1, 0; 2, 1, 1 / 4, 5, 2 ;
0,7; -2.905499, 0.016931, -1.722101 / -2.905081, 0.017421, -1.721502 / -2.905917, 0.016441, -1.722700; 1, 6, 1, 0; 0.765581316819; 2, 1, 1; 1, 1, 0; 2, 7, 2 / 4, 1, 1 ;
0,7; -3.087735, 1.408725, -2.337052 / -3.087735, 1.408725, -2.337052 / -3.087735, 1.408725, -2.337052; 1, 6, 1, 0; 0.220589114302; 0, 1, 0; 0, 1, 0; 1, 1, 1 ;
0,7; -2.901038, -0.015460, -1.709093 / -2.901038, -0.015460, -1.709093 / -2.901038, -0.015460, -1.709093; 1, 6, 1, 0; 0.785768191758; 1, 0, 1; 0, 1, 0; 1, 1, 2 ;
0,7; -3.173852, 2.071575, -2.628657 / -3.173852, 2.071575, -2.628657 / -3.173852, 2.071575, -2.628657; 1, 6, 1, 0; 0.069626392250; 1, 0, 1; 1, 0, 0; 2, 1, 2 / 4, 9, 0 ;
0,7; -3.082362, 1.408018, -2.340250 / -3.082362, 1.408018, -2.340250 / -3.082362, 1.408018, -2.340250; 1, 6, 1, 0; 0.220588589896; 1, 0, 1; 1, 0, 0; 3, 1, 2 ;
0,7; -3.065521, 1.306603, -2.284462 / -3.065521, 1.306603, -2.284462 / -3.065521, 1.306603, -2.284462; 1, 6, 1, 0; 0.220617226409; 1, 0, 1; 1, 0, 0; 2, 1, 2 ;
0,7; -3.027632, 0.940165, -2.133654 / -3.027632, 0.940165, -2.133654 / -3.027632, 0.940165, -2.133654; 1, 6, 1, 0; 0.416235163463; 1, 0, 1; 1, 0, 0; 3, 1, 2 ;
0,7; -2.929310, 0.206439, -1.806701 / -2.929310, 0.206439, -1.806701 / -2.929310, 0.206439, -1.806701; 1, 6, 1, 0; 0.765985614599; 1, 0, 1; 1, 0, 0; 1, 10, 0 / 2, 4, 0 / 3, 1, 2 ;
0,7; -2.930865, 0.217499, -1.811569 / -2.930865, 0.217499, -1.811569 / -2.930865, 0.217499, -1.811569; 1, 6, 1, 0; 0.765987075096; 0, 1, 0; 1, 0, 0; 3, 1, 1 ;
0,7; -2.660126, -1.838578, -0.900848 / -2.660126, -1.838578, -0.900848 / -2.660126, -1.838578, -0.900848; 1, 9, 1, 0; 0.472907783242; 1, 0, 1; 1, 0, 0; 2, 1, 2 ;
1,9; -1.37307, -3.50079, 2.22758 / -1.37271, -3.50058, 2.228 / -1.37342, -3.501, 2.22717; 1, 32, 1, 0; 0.726326399996; 2, 1, 1; 2, 1, 0; 1, 6, 0 / 2, 1, 3 / 2, 5, 0 / 3, 1, 2 / 3, 6, 0 / 4, 3, 1 ;
0,9; -1.396767, -3.317027, 2.262424 / -1.396767, -3.317027, 2.262424 / -1.396767, -3.317027, 2.262424; 1, 32, 1, 0; 0.816380278215; 1, 0, 1; 0, 1, 0; 1, 1, 2 ;
0,9; -1.733256, -0.715897, 2.754053 / -1.733256, -0.715897, 2.754053 / -1.733256, -0.715897, 2.754053; 1, 36, 1, 0; 0.518456136012; 1, 0, 1; 1, 0, 0; 3, 1, 2 ;
0,9; -1.622097, -1.553883, 2.597428 / -1.622097, -1.553883, 2.597428 / -1.622097, -1.553883, 2.597428; 1, 36, 1, 0; 0.660876700082; 1, 0, 1; 1, 0, 0; 3, 1, 2 ;
0,9; -1.828141, 0.010967, 2.898416 / -1.828141, 0.010967, 2.898416 / -1.828141, 0.010967, 2.898416; 1, 37, 1, 0; 0.955617587269; 1, 0, 1; 0, 1, 0; 1, 1, 2 ;
0,9; -1.794278, -0.087732, 2.879817 / -1.793928, -0.087004, 2.880902 / -1.794627, -0.088459, 2.878732; 1, 37, 1, 0; 0.872708612698; 2, 1, 1; 2, 0, 0; 1, 9, 0 / 2, 1, 2 / 2, 8, 1 ;
0,9; -1.830777, 0.013882, 2.898724 / -1.830777, 0.013882, 2.898724 / -1.830777, 0.013882, 2.898724; 1, 37, 1, 0; 0.955617372962; 0, 1, 0; 1, 0, 0; 2, 1, 1 ;
0,9; -1.829211, 0.014423, 2.903832 / -1.829211, 0.014423, 2.903832 / -1.829211, 0.014423, 2.903832; 1, 37, 1, 0; 0.955644345047; 1, 0, 1; 1, 0, 0; 3, 1, 2 ;
0,9; -1.885415, 0.431671, 2.977954 / -1.885415, 0.431671, 2.977954 / -1.885415, 0.431671, 2.977954; 1, 39, 1, 0; 0.091738016659; 1, 0, 1; 0, 1, 0; 1, 1, 2 ;
0,9; -1.881629, 0.430814, 2.981167 / -1.881629, 0.430814, 2.981167 / -1.881629, 0.430814, 2.981167; 1, 39, 1, 0; 0.091765032218; 0, 0, 0; 0, 1, 0; 1, 1, 3 ;
0,9; -1.900905, 0.555795, 3.002137 / -1.900905, 0.555795, 3.002137 / -1.900905, 0.555795, 3.002137; 1, 39, 1, 0; 0.090231934622; 1, 0, 1; 1, 0, 0; 2, 1, 2 ;
0,9; -2.020089, 1.474220, 3.184225 / -2.020089, 1.474220, 3.184225 / -2.020089, 1.474220, 3.184225; 1, 42, 1, 0; 0.633300455204; 1, 0, 1; 1, 0, 0; 2, 1, 2 ;
