1,0; 2.13395, -3.42072, 1.78344 / 2.13395, -3.42072, 1.78344 / 2.13395, -3.42072, 1.78344; 1, 22, 1, 0; 0.771581488175; 0, 1, 0; 0, 1, 0; 1, 1, 1 ;
0,0; 1.323568, -2.878699, 2.229169 / 1.323568, -2.878699, 2.229169 / 1.323568, -2.878699, 2.229169; 1, 32, 1, 0; 0.894687680384; 1, 0, 1; 1, 0, 0; 2, 1, 2 ;
0,0; 1.761374, -3.171682, 1.991125 / 1.761575, -3.170843, 1.991979 / 1.761173, -3.172521, 1.990271; 1, 33, 1, 0; 0.028998039260; 1, 0, 2; 1, 1, 0; 3, 1, 2 / 4, 9, 2 ;
0,0; 1.777145, -3.181092, 1.981563 / 1.777145, -3.181092, 1.981563 / 1.777145, -3.181092, 1.981563; 1, 33, 1, 0; 0.028980938910; 1, 0, 1; 0, 1, 0; 4, 1, 2 ;
0,0; 0.138679, -2.082472, 2.891078 / 0.138679, -2.082472, 2.891078 / 0.138679, -2.082472, 2.891078; 1, 35, 1, 0; 0.610433796307; 1, 0, 1; 0, 1, 0; 4, 1, 2 ;
0,0; 0.100590, -2.059450, 2.910740 / 0.100590, -2.059450, 2.910740 / 0.100590, -2.059450, 2.910740; 1, 35, 1, 0; 0.610092813731; 1, 0, 1; 1, 0, 0; 2, 1, 2 ;
0,0; 0.152525, -2.083857, 2.884312 / 0.152525, -2.083857, 2.884312 / 0.152525, -2.083857, 2.884312; 1, 35, 1, 0; 0.610411304597; 1, 0, 1; 1, 0, 0; 3, 1, 2 ;
0,0; -0.645115, -1.567608, 3.335483 / -0.645115, -1.567608, 3.335483 / -0.645115, -1.567608, 3.335483; 1, 40, 1, 0; 0.513280889518; 1, 0, 1; 1, 0, 0; 2, 1, 2 ;
0,0; -0.919671, -1.375019, 3.484618 / -0.919671, -1.375019, 3.484618 / -0.919671, -1.375019, 3.484618; 1, 43, 1, 0; 0.471278352925; 1, 0, 1; 1, 0, 0; 3, 1, 2 ;
0,0; -0.919916, -1.373903, 3.487376 / -0.919916, -1.373903, 3.487376 / -0.919916, -1.373903, 3.487376; 1, 43, 1, 0; 0.471315021058; 1, 0, 1; 1, 0, 0; 3, 1, 2 ;
0,0; -1.642055, -0.889471, 3.888309 / -1.641989, -0.889095, 3.888743 / -1.642120, -0.889848, 3.887875; 1, 46, 1, 0; 0.073140679254; 0, 2, 0; 1, 1, 0; 1, 1, 1 / 3, 5, 1 ;
1,1; -3.12575, -1.40478, -0.377979 / -3.12575, -1.40478, -0.377979 / -3.12575, -1.40478, -0.377979; 1, 10, 1, 0; 0.556831823746; 1, 0, 1; 1, 0, 0; 2, 1, 2 ;
0,1; -1.637197, -0.878647, 1.426403 / -1.637197, -0.878647, 1.426403 / -1.637197, -0.878647, 1.426403; 1, 23, 1, 0; 0.850424128620; 1, 0, 1; 0, 1, 0; 1, 1, 2 ;
0,1; -1.780000, -0.923518, 1.250649 / -1.780000, -0.923518, 1.250649 / -1.780000, -0.923518, 1.250649; 1, 23, 1, 0; 0.850175303245; 1, 0, 1; 1, 0, 0; 3, 1, 2 ;
0,1; -1.692102, -0.900739, 1.355735 / -1.692102, -0.900739, 1.355735 / -1.692102, -0.900739, 1.355735; 1, 23, 1, 0; 0.850277195207; 1, 0, 1; 1, 0, 0; 2, 1, 2 ;
0,1; -1.673921, -0.891841, 1.379827 / -1.673921, -0.891841, 1.379827 / -1.673921, -0.891841, 1.379827; 1, 23, 1, 0; 0.850306946951; 1, 0, 1; 1, 0, 0; 3, 1, 2 ;
0,1; -0.602027, -0.515055, 2.665609 / -0.602027, -0.515055, 2.665609 / -0.602027, -0.515055, 2.665609; 1, 34, 1, 0; 0.730824695848; 1, 0, 1; 0, 1, 0; 4, 1, 2 ;
0,1; -0.606144, -0.520866, 2.661446 / -0.606144, -0.520866, 2.661446 / -0.606144, -0.520866, 2.661446; 1, 34, 1, 0; 0.730826292380; 1, 0, 1; 1, 0, 0; 2, 1, 2 ;
1,2; -1.67754, -2.79684, -1.09108 / -1.67754, -2.79684, -1.09108 / -1.67754, -2.79684, -1.09108; 1, 9, 1, 0; 0.337061219392; 1, 0, 1; 0, 1, 0; 1, 1, 2 ;
0,2; -1.430132, -2.728849, -0.549235 / -1.430132, -2.728849, -0.549235 / -1.430132, -2.728849, -0.549235; 1, 9, 1, 0; 0.975485598363; 1, 0, 1; 0, 1, 0; 1, 1, 2 ;
0,2; -1.373697, -2.309711, -0.560121 / -1.373208, -2.309695, -0.559875 / -1.374187, -2.309727, -0.560366; 1, 10, 1, 0; 0.495427091038; 2, 1, 1; 1, 1, 0; 1, 3, 1 / 2, 1, 2 ;
0,2; -1.378643, -2.302544, -0.558767 / -1.378059, -2.301727, -0.558632 / -1.379227, -2.303361, -0.558901; 1, 10, 1, 0; 0.495427956131; 1, 0, 2; 1, 1, 0; 3, 9, 2 / 4, 1, 2 ;
0,2; -1.367061, -2.313085, -0.566623 / -1.367061, -2.313085, -0.566623 / -1.367061, -2.313085, -0.566623; 1, 10, 1, 0; 0.495416455800; 1, 0, 1; 0, 1, 0; 4, 1, 2 ;
0,2; -1.369821, -2.304270, -0.571959 / -1.369821, -2.304270, -0.571959 / -1.369821, -2.304270, -0.571959; 1, 10, 1, 0; 0.495416769396; 0, 1, 0; 0, 1, 0; 1, 1, 1 ;
0,2; -1.379652, -2.305279, -0.563296 / -1.379652, -2.305279, -0.563296 / -1.379652, -2.305279, -0.563296; 1, 10, 1, 0; 0.495418029188; 0, 1, 0; 0, 1, 0; 1, 1, 1 ;
0,2; -1.361136, -2.300780, -0.572026 / -1.361136, -2.300780, -0.572026 / -1.361136, -2.300780, -0.572026; 1, 10, 1, 0; 0.495415201415; 1, 0, 1; 1, 0, 0; 3, 1, 2 ;
0,2; -1.372930, -2.302316, -0.569597 / -1.372930, -2.302316, -0.569597 / -1.372930, -2.302316, -0.569597; 1, 10, 1, 0; 0.495417742626; 1, 0, 1; 1, 0, 0; 3, 1, 2 ;
0,2; -1.381783, -2.304750, -0.568951 / -1.381783, -2.304750, -0.568951 / -1.381783, -2.304750, -0.568951; 1, 10, 1, 0; 0.495418169766; 1, 0, 1; 1, 0, 0; 3, 1, 2 ;
0,2; -1.367549, -2.306883, -0.561204 / -1.367549, -2.306883, -0.561204 / -1.367549, -2.306883, -0.561204; 1, 10, 1, 0; 0.495426393557; 1, 0, 1; 1, 0, 0; 3, 1, 2 ;
0,2; -1.375398, -2.305937, -0.560121 / -1.375398, -2.305937, -0.560121 / -1.375398, -2.305937, -0.560121; 1, 10, 1, 0; 0.495427247836; 1, 0, 1; 1, 0, 0; 2, 1, 2 ;
0,2; -1.374401, -2.303268, -0.558946 / -1.374401, -2.303268, -0.558946 / -1.374401, -2.303268, -0.558946; 1, 10, 1, 0; 0.495427372193; 1, 0, 1; 1, 0, 0; 3, 1, 2 ;
0,2; -1.380962, -2.304355, -0.557625 / -1.380962, -2.304355, -0.557625 / -1.380962, -2.304355, -0.557625; 1, 10, 1, 0; 0.495427902063; 1, 0, 1; 1, 0, 0; 3, 1, 2 ;
0,2; -0.768664, -2.799315, 0.758985 / -0.768664, -2.799315, 0.758985 / -0.768664, -2.799315, 0.758985; 1, 18, 1, 0; 0.638943148119; 0, 1, 0; 1, 0, 0; 3, 1, 1 ;
0,2; 0.137753, -2.799389, 2.629924 / 0.137753, -2.799389, 2.629924 / 0.137753, -2.799389, 2.629924; 1, 33, 1, 0; 0.877741631306; 1, 0, 1; 1, 0, 0; 3, 1, 2 ;
0,2; 0.608277, -2.804383, 3.560949 / 0.608277, -2.804383, 3.560949 / 0.608277, -2.804383, 3.560949; 1, 43, 1, 0; 0.999706080452; 0, 1, 0; 1, 0, 0; 2, 1, 1 ;
1,3; -3.31528, 0.175696, -2.85028 / -3.31528, 0.175696, -2.85028 / -3.31528, 0.175696, -2.85028; 1, 2, 1, 0; 0.579911922640; 0, 1, 0; 0, 1, 0; 1, 1, 1 ;
0,3; -3.244097, 0.048444, -3.023246 / -3.244097, 0.048444, -3.023246 / -3.244097, 0.048444, -3.023246; 1, 2, 1, 0; 0.579354074310; 0, 1, 0; 1, 0, 0; 3, 1, 1 ;
0,3; -3.503673, 0.528497, -2.380958 / -3.503673, 0.528497, -2.380958 / -3.503673, 0.528497, -2.380958; 1, 6, 1, 0; 0.294110557625; 1, 0, 1; 1, 0, 0; 3, 1, 2 ;
0,3; -3.501467, 0.530981, -2.382525 / -3.501467, 0.530981, -2.382525 / -3.501467, 0.530981, -2.382525; 1, 6, 1, 0; 0.294111121240; 1, 0, 1; 1, 0, 0; 2, 1, 2 ;
0,3; -3.656044, 0.818463, -1.992738 / -3.656044, 0.818463, -1.992738 / -3.656044, 0.818463, -1.992738; 1, 6, 1, 0; 0.385497054012; 1, 0, 1; 1, 0, 0; 2, 1, 2 ;
0,3; -3.936164, 1.359585, -1.284853 / -3.936164, 1.359585, -1.284853 / -3.936164, 1.359585, -1.284853; 1, 14, 1, 0; 0.022478417368; 0, 1, 0; 0, 1, 0; 1, 1, 1 ;
0,3; -4.032685, 1.537816, -1.046501 / -4.032685, 1.537816, -1.046501 / -4.032685, 1.537816, -1.046501; 1, 14, 1, 0; 0.046937155857; 1, 0, 1; 0, 1, 0; 1, 1, 2 ;
0,3; -3.963463, 1.408108, -1.219794 / -3.963463, 1.408108, -1.219794 / -3.963463, 1.408108, -1.219794; 1, 14, 1, 0; 0.041950610764; 0, 0, 0; 1, 0, 0; 2, 1, 3 ;
0,3; -4.035189, 1.534132, -1.042648 / -4.035189, 1.534132, -1.042648 / -4.035189, 1.534132, -1.042648; 1, 14, 1, 0; 0.046937377438; 1, 0, 1; 1, 0, 0; 3, 1, 2 ;
1,4; 1.82471, 0.920647, -0.388075 / 1.82501, 0.921189, -0.387187 / 1.82441, 0.920106, -0.388963; 1, 12, 1, 0; 0.890749263033; 2, 1, 2; 2, 1, 0; 1, 6, 1 / 2, 8, 2 / 3, 1, 2 ;
0,4; 2.546045, 0.826041, -0.522876 / 2.546045, 0.826041, -0.522876 / 2.546045, 0.826041, -0.522876; 1, 12, 1, 0; 0.896597066780; 1, 0, 1; 0, 1, 0; 1, 1, 2 ;
0,4; 4.433104, 0.542493, -0.868953 / 4.433136, 0.542771, -0.868768 / 4.433071, 0.542215, -0.869138; 1, 12, 1, 0; 0.418587203554; 0, 2, 0; 2, 0, 0; 2, 1, 1 / 3, 1, 1 ;
0,4; 1.824734, 0.920924, -0.388628 / 1.825056, 0.921189, -0.388105 / 1.824412, 0.920659, -0.389151; 1, 12, 1, 0; 0.890749291642; 0, 1, 0; 2, 1, 0; 1, 1, 1 / 2, 3, 2 / 3, 6, 1 ;
0,4; 2.095011, 0.880488, -0.442181 / 2.095011, 0.880488, -0.442181 / 2.095011, 0.880488, -0.442181; 1, 12, 1, 0; 0.892038703350; 1, 0, 1; 1, 0, 0; 2, 1, 2 ;
0,4; 2.369023, 0.844430, -0.488120 / 2.369023, 0.844430, -0.488120 / 2.369023, 0.844430, -0.488120; 1, 12, 1, 0; 0.894369532827; 0, 1, 0; 1, 0, 0; 3, 1, 1 ;
0,4; 2.543850, 0.825043, -0.530470 / 2.543850, 0.825043, -0.530470 / 2.543850, 0.825043, -0.530470; 1, 12, 1, 0; 0.896587379785; 1, 0, 1; 1, 0, 0; 2, 1, 2 ;
0,4; 0.817449, 1.059995, -0.191838 / 0.817449, 1.059995, -0.191838 / 0.817449, 1.059995, -0.191838; 1, 13, 1, 0; 0.897675206163; 1, 0, 1; 1, 0, 0; 2, 1, 2 ;
0,4; -1.254143, 1.356781, 0.178519 / -1.253425, 1.357097, 0.178781 / -1.254861, 1.356464, 0.178256; 1, 17, 1, 0; 0.653123505715; 2, 1, 2; 2, 1, 0; 1, 4, 1 / 2, 1, 2 / 3, 1, 2 ;
0,4; -1.417154, 1.378870, 0.209776 / -1.417154, 1.378870, 0.209776 / -1.417154, 1.378870, 0.209776; 1, 17, 1, 0; 0.653366099501; 0, 1, 0; 1, 0, 0; 2, 1, 1 ;
0,4; -4.115090, 1.753936, 0.702348 / -4.115090, 1.753936, 0.702348 / -4.115090, 1.753936, 0.702348; 1, 24, 1, 0; 0.164470188398; 1, 0, 1; 1, 0, 0; 3, 1, 2 ;
1,5; 0.629761, 3.73228, 0.0676693 / 0.629761, 3.73228, 0.0676693 / 0.629761, 3.73228, 0.0676693; 1, 17, 1, 0; 0.450147810428; 1, 0, 1; 0, 1, 0; 4, 1, 2 ;
0,5; 0.697240, 3.665260, 0.201701 / 0.697240, 3.665260, 0.201701 / 0.697240, 3.665260, 0.201701; 1, 17, 1, 0; 0.460354520448; 1, 0, 1; 0, 1, 0; 4, 1, 2 ;
0,5; 0.698892, 3.667853, 0.201736 / 0.698892, 3.667853, 0.201736 / 0.698892, 3.667853, 0.201736; 1, 17, 1, 0; 0.460355427132; 1, 0, 1; 0, 1, 0; 4, 1, 2 ;
0,5; 0.435105, 3.519597, 0.182413 / 0.435105, 3.519597, 0.182413 / 0.435105, 3.519597, 0.182413; 1, 17, 1, 0; 0.463999613613; 0, 1, 0; 0, 1, 0; 4, 1, 1 ;
0,5; 0.650271, 3.719832, 0.084615 / 0.650271, 3.719832, 0.084615 / 0.650271, 3.719832, 0.084615; 1, 17, 1, 0; 0.450167883018; 1, 0, 1; 1, 0, 0; 2, 1, 2 ;
0,5; 0.053570, 2.958265, 0.625866 / 0.053570, 2.958265, 0.625866 / 0.053570, 2.958265, 0.625866; 1, 25, 1, 0; 0.534792147786; 1, 0, 1; 1, 0, 0; 2, 1, 2 ;
0,5; -0.630008, 1.974531, 1.392640 / -0.630008, 1.974531, 1.392640 / -0.630008, 1.974531, 1.392640; 1, 29, 1, 0; 0.242774020909; 0, 0, 0; 0, 1, 0; 1, 1, 3 ;
0,5; -0.877923, 1.614911, 1.672539 / -0.877923, 1.614911, 1.672539 / -0.877923, 1.614911, 1.672539; 1, 29, 1, 0; 0.311312212390; 1, 0, 1; 1, 0, 0; 3, 1, 2 ;
0,5; -1.100801, 1.285478, 1.927357 / -1.100801, 1.285478, 1.927357 / -1.100801, 1.285478, 1.927357; 1, 29, 1, 0; 0.906212871287; 1, 0, 1; 1, 0, 0; 3, 1, 2 ;
0,5; -1.486877, 0.727954, 2.366088 / -1.486877, 0.727954, 2.366088 / -1.486877, 0.727954, 2.366088; 1, 31, 1, 0; 0.828809975457; 1, 0, 1; 0, 1, 0; 4, 1, 2 ;
0,5; -1.496871, 0.712705, 2.376381 / -1.496871, 0.712705, 2.376381 / -1.496871, 0.712705, 2.376381; 1, 31, 1, 0; 0.828786555892; 0, 1, 0; 1, 0, 0; 2, 1, 1 / 4, 6, 0 ;
0,5; -2.084441, -0.135641, 3.038025 / -2.084441, -0.135641, 3.038025 / -2.084441, -0.135641, 3.038025; 1, 37, 1, 0; 0.880693436691; 0, 1, 0; 0, 1, 0; 4, 1, 1 ;
0,5; -1.947826, 0.100637, 2.862392 / -1.947826, 0.100637, 2.862392 / -1.947826, 0.100637, 2.862392; 1, 37, 1, 0; 0.952477712057; 1, 0, 1; 0, 1, 0; 4, 1, 2 ;
0,5; -1.977565, 0.012544, 2.924224 / -1.977565, 0.012544, 2.924224 / -1.977565, 0.012544, 2.924224; 1, 37, 1, 0; 0.949642749989; 1, 0, 1; 1, 0, 0; 2, 1, 2 ;
0,5; -1.957455, 0.101942, 2.862725 / -1.957455, 0.101942, 2.862725 / -1.957455, 0.101942, 2.862725; 1, 37, 1, 0; 0.952505342371; 1, 0, 1; 1, 0, 0; 3, 1, 2 ;
0,5; -1.971331, 0.102108, 2.861823 / -1.971331, 0.102108, 2.861823 / -1.971331, 0.102108, 2.861823; 1, 37, 1, 0; 0.952532712455; 0, 1, 0; 1, 0, 0; 2, 1, 1 ;
0,5; -1.984740, 0.110147, 2.881804 / -1.984740, 0.110147, 2.881804 / -1.984740, 0.110147, 2.881804; 1, 37, 1, 0; 0.952566894445; 1, 0, 1; 1, 0, 0; 3, 1, 2 ;
0,5; -2.328350, -0.484302, 3.310283 / -2.328350, -0.484302, 3.310283 / -2.328350, -0.484302, 3.310283; 1, 41, 1, 0; 0.387992243599; 1, 0, 1; 1, 0, 0; 3, 1, 2 / 4, 2, 0 ;
0,5; -2.404769, -0.606340, 3.406872 / -2.404769, -0.606340, 3.406872 / -2.404769, -0.606340, 3.406872; 1, 44, 1, 0; 0.295853133333; 1, 0, 1; 0, 1, 0; 1, 1, 2 ;
1,6; 1.91821, -1.81241, -3.5552 / 1.91821, -1.81241, -3.5552 / 1.91821, -1.81241, -3.5552; 1, 1, 1, 0; 0.879778746571; 1, 0, 1; 0, 1, 0; 1, 1, 2 ;
0,6; 1.590019, -1.788772, -3.569812 / 1.590356, -1.788718, -3.568719 / 1.589681, -1.788827, -3.570904; 1, 1, 1, 0; 0.881445670334; 1, 0, 2; 2, 0, 0; 3, 1, 2 / 3, 10, 2 ;
0,6; 1.906213, -1.811655, -3.578777 / 1.906213, -1.811655, -3.578777 / 1.906213, -1.811655, -3.578777; 1, 1, 1, 0; 0.879765709792; 1, 0, 1; 1, 0, 0; 2, 1, 2 ;
0,6; 1.596832, -1.787678, -3.574182 / 1.596832, -1.787678, -3.574182 / 1.596832, -1.787678, -3.574182; 1, 1, 1, 0; 0.881445943252; 1, 0, 1; 1, 0, 0; 2, 1, 2 ;
0,6; 1.452691, -1.784430, -3.564463 / 1.452691, -1.784430, -3.564463 / 1.452691, -1.784430, -3.564463; 1, 1, 1, 0; 0.883004340583; 1, 0, 1; 1, 0, 0; 3, 1, 2 ;
0,6; 1.492469, -1.778576, -3.573087 / 1.492469, -1.778576, -3.573087 / 1.492469, -1.778576, -3.573087; 1, 1, 1, 0; 0.883758531654; 1, 0, 1; 1, 0, 0; 2, 1, 2 ;
0,6; 1.117305, -1.756765, -3.602113 / 1.117305, -1.756765, -3.602113 / 1.117305, -1.756765, -3.602113; 1, 1, 1, 0; 0.885388813210; 1, 0, 1; 1, 0, 0; 2, 1, 2 ;
0,6; 0.005850, -1.677397, -3.651138 / 0.005850, -1.677397, -3.651138 / 0.005850, -1.677397, -3.651138; 1, 1, 1, 0; 0.889393259796; 1, 0, 1; 1, 0, 0; 2, 1, 2 ;
0,6; -0.472018, -1.645830, -3.671467 / -0.472018, -1.645830, -3.671467 / -0.472018, -1.645830, -3.671467; 1, 1, 1, 0; 0.893362187489; 1, 0, 1; 1, 0, 0; 3, 1, 2 ;
1,7; -2.44172, -1.73863, 1.71786 / -2.44172, -1.73863, 1.71786 / -2.44172, -1.73863, 1.71786; 1, 24, 1, 0; 0.658723320608; 1, 0, 1; 1, 0, 0; 2, 1, 2 ;
0,7; -2.664151, -1.683421, 1.560214 / -2.664151, -1.683421, 1.560214 / -2.664151, -1.683421, 1.560214; 1, 24, 1, 0; 0.661587284344; 1, 0, 1; 1, 0, 0; 2, 1, 2 ;
0,7; -2.706341, -1.666847, 1.553456 / -2.706341, -1.666847, 1.553456 / -2.706341, -1.666847, 1.553456; 1, 24, 1, 0; 0.661630463539; 1, 0, 1; 1, 0, 0; 2, 1, 2 ;
0,7; -1.889900, -1.881098, 2.058883 / -1.889900, -1.881098, 2.058883 / -1.889900, -1.881098, 2.058883; 1, 32, 1, 0; 0.261586659000; 1, 0, 1; 1, 0, 0; 3, 1, 2 ;
0,7; -1.011518, -2.121558, 2.593675 / -1.011518, -2.121558, 2.593675 / -1.011518, -2.121558, 2.593675; 1, 34, 1, 0; 0.350602977531; 0, 1, 0; 0, 1, 0; 4, 1, 1 ;
0,7; 0.557968, -2.543334, 3.561144 / 0.557968, -2.543334, 3.561144 / 0.557968, -2.543334, 3.561144; 1, 43, 1, 0; 0.911888062156; 1, 0, 1; 0, 1, 0; 4, 1, 2 ;
0,7; 0.753082, -2.593720, 3.677261 / 0.753082, -2.593720, 3.677261 / 0.753082, -2.593720, 3.677261; 1, 43, 1, 0; 0.906467616750; 1, 0, 1; 1, 0, 0; 3, 1, 2 ;
1,8; -1.77523, 3.038, -0.482323 / -1.77523, 3.038, -0.482323 / -1.77523, 3.038, -0.482323; 1, 14, 1, 0; 0.210387471795; 1, 0, 1; 0, 1, 0; 1, 1, 2 ;
0,8; -1.821616, 3.117144, -0.575326 / -1.820832, 3.117781, -0.575063 / -1.822400, 3.116506, -0.575589; 1, 14, 1, 0; 0.177920041165; 2, 1, 1; 2, 0, 0; 3, 1, 1 / 3, 7, 2 ;
0,8; -1.868249, 3.218976, -0.678654 / -1.868249, 3.218976, -0.678654 / -1.868249, 3.218976, -0.678654; 1, 14, 1, 0; 0.150863342209; 1, 0, 1; 1, 0, 0; 3, 1, 2 ;
0,8; -1.777444, 3.035698, -0.482707 / -1.777444, 3.035698, -0.482707 / -1.777444, 3.035698, -0.482707; 1, 14, 1, 0; 0.210387317919; 1, 0, 1; 1, 0, 0; 3, 1, 2 ;
0,8; -1.666335, 2.829725, -0.249765 / -1.666335, 2.829725, -0.249765 / -1.666335, 2.829725, -0.249765; 1, 14, 1, 0; 0.572551182198; 1, 0, 1; 1, 0, 0; 2, 1, 2 ;
0,8; -1.414436, 2.380854, 0.281445 / -1.414436, 2.380854, 0.281445 / -1.414436, 2.380854, 0.281445; 1, 17, 1, 0; 0.597271836440; 1, 0, 1; 0, 1, 0; 4, 1, 2 ;
0,8; -1.418475, 2.384905, 0.283312 / -1.418475, 2.384905, 0.283312 / -1.418475, 2.384905, 0.283312; 1, 17, 1, 0; 0.597271132016; 1, 0, 1; 1, 0, 0; 2, 1, 2 ;
0,8; -1.391328, 2.336988, 0.340731 / -1.391328, 2.336988, 0.340731 / -1.391328, 2.336988, 0.340731; 1, 25, 1, 0; 0.058315125798; 1, 0, 1; 0, 1, 0; 2, 4, 0 / 4, 1, 2 ;
0,8; -0.847685, 1.359127, 1.490110 / -0.847685, 1.359127, 1.490110 / -0.847685, 1.359127, 1.490110; 1, 26, 1, 0; 0.758581398140; 1, 0, 1; 0, 1, 0; 1, 1, 2 ;
0,8; -0.862127, 1.388674, 1.456641 / -0.862127, 1.388674, 1.456641 / -0.862127, 1.388674, 1.456641; 1, 26, 1, 0; 0.757742119926; 1, 0, 1; 1, 0, 0; 3, 1, 2 ;
0,8; -0.843008, 1.361193, 1.485905 / -0.843008, 1.361193, 1.485905 / -0.843008, 1.361193, 1.485905; 1, 26, 1, 0; 0.758582701127; 1, 0, 1; 1, 0, 0; 3, 1, 2 ;
0,8; -0.487655, 0.706244, 2.253204 / -0.487655, 0.706244, 2.253204 / -0.487655, 0.706244, 2.253204; 1, 31, 1, 0; 0.816403521527; 0, 1, 0; 1, 0, 0; 3, 1, 1 ;
0,8; -0.490036, 0.714048, 2.250817 / -0.490036, 0.714048, 2.250817 / -0.490036, 0.714048, 2.250817; 1, 31, 1, 0; 0.816406826263; 1, 0, 1; 1, 0, 0; 3, 1, 2 ;
0,8; -0.206589, 0.204031, 2.849090 / -0.206589, 0.204031, 2.849090 / -0.206589, 0.204031, 2.849090; 1, 37, 1, 0; 0.989996509855; 1, 0, 1; 1, 0, 0; 3, 1, 2 ;
0,8; -0.298987, 0.364946, 2.656059 / -0.298987, 0.364946, 2.656059 / -0.298987, 0.364946, 2.656059; 1, 38, 1, 0; 0.942270293356; 1, 0, 1; 0, 1, 0; 1, 1, 2 ;
0,8; -0.301888, 0.366595, 2.657740 / -0.301888, 0.366595, 2.657740 / -0.301888, 0.366595, 2.657740; 1, 38, 1, 0; 0.942270507663; 1, 0, 1; 0, 1, 0; 4, 1, 2 ;
1,9; 0.521974, -1.6141, 1.34375 / 0.521974, -1.6141, 1.34375 / 0.521974, -1.6141, 1.34375; 1, 22, 1, 0; 0.359694843162; 0, 1, 0; 0, 1, 0; 1, 5, 0 / 4, 1, 1 ;
0,9; 0.540818, -1.720089, 1.363072 / 0.540818, -1.720089, 1.363072 / 0.540818, -1.720089, 1.363072; 1, 22, 1, 0; 0.360485547232; 1, 0, 1; 0, 1, 0; 1, 1, 2 ;
0,9; 0.537135, -1.718713, 1.360297 / 0.537135, -1.718713, 1.360297 / 0.537135, -1.718713, 1.360297; 1, 22, 1, 0; 0.360485714577; 1, 0, 1; 0, 1, 0; 1, 1, 2 ;
0,9; 0.574259, -1.913351, 1.404036 / 0.574259, -1.913351, 1.404036 / 0.574259, -1.913351, 1.404036; 1, 22, 1, 0; 0.387399927823; 1, 0, 1; 0, 1, 0; 1, 1, 2 ;
0,9; 0.548685, -1.755243, 1.368795 / 0.548685, -1.755243, 1.368795 / 0.548685, -1.755243, 1.368795; 1, 22, 1, 0; 0.360238459031; 1, 0, 1; 1, 0, 0; 2, 1, 2 ;
0,9; 0.894032, -3.735118, 1.782876 / 0.894032, -3.735118, 1.782876 / 0.894032, -3.735118, 1.782876; 1, 22, 1, 0; 0.725284908120; 1, 0, 1; 1, 0, 0; 3, 1, 2 ;
0,9; 0.400471, -0.379570, 1.119275 / 0.400938, -0.379215, 1.119802 / 0.400004, -0.379925, 1.118749; 1, 23, 1, 0; 0.443869603709; 1, 0, 2; 2, 0, 0; 3, 1, 2 / 3, 6, 2 / 4, 3, 0 / 4, 6, 0 ;
0,9; 0.409368, -0.370804, 1.128967 / 0.409368, -0.370804, 1.128967 / 0.409368, -0.370804, 1.128967; 1, 23, 1, 0; 0.443880474254; 1, 0, 1; 1, 0, 0; 2, 1, 2 ;
0,9; 0.261207, -0.175649, 1.047804 / 0.261207, -0.175649, 1.047804 / 0.261207, -0.175649, 1.047804; 1, 23, 1, 0; 0.475826028416; 1, 0, 1; 1, 0, 0; 2, 1, 2 ;
0,9; 0.503510, -1.523941, 1.318124 / 0.503510, -1.523941, 1.318124 / 0.503510, -1.523941, 1.318124; 1, 23, 1, 0; 0.959960877861; 1, 0, 1; 1, 0, 0; 2, 1, 2 ;
0,9; 0.503585, -1.525321, 1.329454 / 0.503585, -1.525321, 1.329454 / 0.503585, -1.525321, 1.329454; 1, 23, 1, 0; 0.959974209244; 1, 0, 1; 1, 0, 0; 2, 1, 2 ;
0,9; 0.024825, 1.251338, 0.741887 / 0.024825, 1.251338, 0.741887 / 0.024825, 1.251338, 0.741887; 1, 25, 1, 0; 0.684251888046; 1, 0, 1; 1, 0, 0; 3, 1, 2 ;
0,9; 0.044518, 1.146238, 0.767773 / 0.044518, 1.146238, 0.767773 / 0.044518, 1.146238, 0.767773; 1, 25, 1, 0; 0.732424636749; 0, 1, 0; 1, 0, 0; 2, 1, 1 / 2, 2, 0 ;
0,9; 0.079101, 1.012295, 0.797089 / 0.079101, 1.012295, 0.797089 / 0.079101, 1.012295, 0.797089; 1, 25, 1, 0; 0.733316583087; 1, 0, 1; 1, 0, 0; 3, 1, 2 ;
