1,0; -2.70587, 0.26108, -2.91287 / -2.70587, 0.26108, -2.91287 / -2.70587, 0.26108, -2.91287; 1, 2, 1, 0; 0.576495527309; 1, 0, 1; 1, 0, 0; 3, 1, 2 ;
0,0; -2.700125, 0.255573, -2.906571 / -2.700125, 0.255573, -2.906571 / -2.700125, 0.255573, -2.906571; 1, 2, 1, 0; 0.576502334438; 1, 0, 1; 1, 0, 0; 3, 1, 2 ;
0,0; -2.700549, 0.259798, -2.906671 / -2.700549, 0.259798, -2.906671 / -2.700549, 0.259798, -2.906671; 1, 2, 1, 0; 0.576502781390; 1, 0, 1; 1, 0, 0; 3, 1, 2 ;
0,0; -2.036204, 1.453823, -1.860640 / -2.035743, 1.454477, -1.860085 / -2.036664, 1.453169, -1.861194; 1, 6, 1, 0; 0.438411401283; 1, 0, 3; 1, 2, 0; 1, 1, 2 / 1, 4, 2 / 3, 5, 2 ;
0,0; -2.033446, 1.452952, -1.861630 / -2.033446, 1.452952, -1.861630 / -2.033446, 1.452952, -1.861630; 1, 6, 1, 0; 0.438410803361; 0, 1, 0; 0, 1, 0; 1, 1, 1 ;
0,0; -2.034594, 1.451216, -1.857906 / -2.034594, 1.451216, -1.857906 / -2.034594, 1.451216, -1.857906; 1, 6, 1, 0; 0.438410886678; 1, 0, 1; 0, 1, 0; 1, 1, 2 ;
0,0; -2.032312, 1.452483, -1.865490 / -2.032143, 1.453497, -1.865019 / -2.032480, 1.451469, -1.865961; 1, 6, 1, 0; 0.438410685737; 1, 0, 2; 2, 0, 0; 2, 10, 2 / 3, 1, 2 ;
0,0; -2.027715, 1.443734, -1.862254 / -2.027715, 1.443734, -1.862254 / -2.027715, 1.443734, -1.862254; 1, 6, 1, 0; 0.438410342668; 1, 0, 1; 1, 0, 0; 3, 1, 2 ;
0,0; -2.041170, 1.446924, -1.867459 / -2.041170, 1.446924, -1.867459 / -2.041170, 1.446924, -1.867459; 1, 6, 1, 0; 0.438411999204; 1, 0, 1; 1, 0, 0; 2, 1, 2 ;
0,0; -2.035093, 1.457474, -1.860280 / -2.035093, 1.457474, -1.860280 / -2.035093, 1.457474, -1.860280; 1, 6, 1, 0; 0.438419830994; 1, 0, 1; 1, 0, 0; 1, 5, 0 / 1, 7, 0 / 2, 4, 0 / 3, 1, 2 / 3, 7, 0 ;
0,0; -2.035316, 1.456701, -1.862708 / -2.035316, 1.456701, -1.862708 / -2.035316, 1.456701, -1.862708; 1, 6, 1, 0; 0.438419880004; 1, 0, 1; 1, 0, 0; 3, 1, 2 ;
0,0; -2.040456, 1.458739, -1.862160 / -2.040456, 1.458739, -1.862160 / -2.040456, 1.458739, -1.862160; 1, 6, 1, 0; 0.438420571044; 1, 0, 1; 1, 0, 0; 2, 1, 2 ;
0,0; -2.000957, 1.556580, -1.755387 / -2.000957, 1.556580, -1.755387 / -2.000957, 1.556580, -1.755387; 1, 6, 1, 0; 0.655371137648; 1, 0, 1; 1, 0, 0; 3, 1, 2 ;
0,0; -1.800943, 1.925366, -1.423359 / -1.800943, 1.925366, -1.423359 / -1.800943, 1.925366, -1.423359; 1, 7, 1, 0; 0.428055387658; 1, 0, 1; 1, 0, 0; 3, 1, 2 ;
0,0; -1.776234, 1.960303, -1.392640 / -1.776234, 1.960303, -1.392640 / -1.776234, 1.960303, -1.392640; 1, 7, 1, 0; 0.428751847295; 1, 0, 1; 1, 0, 0; 3, 1, 2 ;
0,0; -1.059043, 3.287862, -0.206802 / -1.059043, 3.287862, -0.206802 / -1.059043, 3.287862, -0.206802; 1, 17, 1, 0; 0.239706115793; 1, 0, 1; 1, 0, 0; 2, 1, 2 ;
1,1; 2.40984, -3.12651, 0.75045 / 2.41057, -3.12607, 0.750488 / 2.4091, -3.12695, 0.750412; 1, 19, 1, 0; 0.972191248485; 1, 0, 2; 1, 1, 0; 1, 9, 2 / 3, 1, 2 ;
0,1; 1.747275, -3.906799, 0.436771 / 1.747275, -3.906799, 0.436771 / 1.747275, -3.906799, 0.436771; 1, 19, 1, 0; 0.250947246784; 0, 1, 0; 1, 0, 0; 1, 1, 0 / 2, 1, 1 ;
0,1; 2.409010, -3.125720, 0.750452 / 2.409103, -3.125373, 0.750488 / 2.408917, -3.126066, 0.750415; 1, 19, 1, 0; 0.972191226791; 0, 1, 0; 2, 0, 0; 2, 1, 1 / 3, 4, 2 ;
0,1; 3.499360, -1.840419, 1.265201 / 3.499360, -1.840419, 1.265201 / 3.499360, -1.840419, 1.265201; 1, 22, 1, 0; 0.327766296471; 0, 0, 0; 1, 0, 0; 3, 1, 3 / 3, 5, 0 ;
0,1; 3.845346, -1.430602, 1.428182 / 3.845346, -1.430602, 1.428182 / 3.845346, -1.430602, 1.428182; 1, 27, 1, 0; 0.249341554691; 1, 0, 1; 0, 1, 0; 4, 1, 2 ;
0,1; 3.818566, -1.462920, 1.412588 / 3.818566, -1.462920, 1.412588 / 3.818566, -1.462920, 1.412588; 1, 27, 1, 0; 0.248675475527; 0, 1, 0; 1, 0, 0; 2, 1, 1 ;
0,1; 3.844243, -1.427649, 1.428725 / 3.844243, -1.427649, 1.428725 / 3.844243, -1.427649, 1.428725; 1, 27, 1, 0; 0.249341444189; 1, 0, 1; 1, 0, 0; 1, 2, 0 / 2, 1, 2 / 3, 2, 0 ;
1,2; 1.41541, 1.12338, -3.591 / 1.41569, 1.1237, -3.5903 / 1.41513, 1.12307, -3.59169; 1, 1, 1, 0; 0.652726225283; 1, 0, 3; 3, 0, 0; 1, 2, 0 / 2, 4, 2 / 3, 1, 2 / 3, 3, 0 / 3, 5, 2 ;
0,2; 1.524650, 0.733116, -1.991836 / 1.524650, 0.733116, -1.991836 / 1.524650, 0.733116, -1.991836; 1, 4, 1, 0; 0.661121588349; 1, 0, 1; 0, 1, 0; 1, 1, 2 ;
0,2; 1.524324, 0.734076, -1.993302 / 1.524324, 0.734076, -1.993302 / 1.524324, 0.734076, -1.993302; 1, 4, 1, 0; 0.661121652825; 1, 0, 1; 1, 0, 0; 3, 1, 2 ;
0,2; 1.579350, 0.481939, -0.846686 / 1.579350, 0.481939, -0.846686 / 1.579350, 0.481939, -0.846686; 1, 12, 1, 0; 0.395837498798; 1, 0, 1; 0, 1, 0; 4, 1, 2 ;
0,2; 1.577666, 0.483846, -0.850888 / 1.577666, 0.483846, -0.850888 / 1.577666, 0.483846, -0.850888; 1, 12, 1, 0; 0.395826964978; 1, 0, 1; 1, 0, 0; 3, 1, 2 ;
0,2; 1.628392, 0.248328, 0.219956 / 1.628712, 0.248729, 0.220317 / 1.628073, 0.247926, 0.219594; 1, 16, 1, 0; 0.666487358557; 0, 2, 0; 1, 1, 0; 1, 5, 1 / 3, 1, 1 ;
0,2; 1.644214, 0.180446, 0.545831 / 1.644354, 0.180517, 0.545942 / 1.644074, 0.180374, 0.545720; 1, 19, 1, 0; 0.646098386570; 2, 1, 1; 1, 1, 0; 1, 4, 0 / 3, 1, 1 / 4, 1, 2 ;
0,2; 1.638868, 0.222961, 0.371488 / 1.638868, 0.222961, 0.371488 / 1.638868, 0.222961, 0.371488; 1, 19, 1, 0; 0.645590248552; 1, 0, 1; 1, 0, 0; 3, 1, 2 ;
0,2; 1.677029, 0.073649, 0.984132 / 1.677029, 0.073649, 0.984132 / 1.677029, 0.073649, 0.984132; 1, 26, 1, 0; 0.139295829583; 1, 0, 1; 1, 0, 0; 3, 1, 2 / 4, 10, 0 ;
0,2; 1.679481, 0.072003, 0.984464 / 1.679481, 0.072003, 0.984464 / 1.679481, 0.072003, 0.984464; 1, 26, 1, 0; 0.139295923878; 1, 0, 1; 1, 0, 0; 3, 1, 2 ;
0,2; 1.733756, -0.255777, 2.515444 / 1.733756, -0.255777, 2.515444 / 1.733756, -0.255777, 2.515444; 1, 34, 1, 0; 0.837504708521; 1, 0, 1; 1, 0, 0; 2, 1, 2 ;
0,2; 1.782718, -0.479120, 3.546546 / 1.782718, -0.479120, 3.546546 / 1.782718, -0.479120, 3.546546; 1, 44, 1, 0; 0.410036331364; 1, 0, 1; 1, 0, 0; 2, 1, 2 / 2, 2, 0 ;
1,4; -0.520581, 3.81136, -2.00774 / -0.520581, 3.81136, -2.00774 / -0.520581, 3.81136, -2.00774; 1, 4, 1, 0; 0.898556562982; 1, 0, 1; 0, 1, 0; 4, 1, 2 ;
0,4; -0.628951, 3.528092, -1.927241 / -0.628951, 3.528092, -1.927241 / -0.628951, 3.528092, -1.927241; 1, 4, 1, 0; 0.871412742739; 0, 1, 0; 1, 0, 0; 2, 1, 1 ;
0,4; -0.495549, 3.970973, -2.057459 / -0.495549, 3.970973, -2.057459 / -0.495549, 3.970973, -2.057459; 1, 4, 1, 0; 0.898410224173; 1, 0, 1; 1, 0, 0; 3, 1, 2 ;
0,4; -0.517380, 3.809506, -2.011581 / -0.517380, 3.809506, -2.011581 / -0.517380, 3.809506, -2.011581; 1, 4, 1, 0; 0.898556990131; 1, 0, 1; 1, 0, 0; 2, 1, 2 ;
0,4; -0.885722, 2.847402, -1.715526 / -0.885722, 2.847402, -1.715526 / -0.885722, 2.847402, -1.715526; 1, 7, 1, 0; 0.109200357749; 0, 1, 0; 1, 0, 0; 2, 1, 1 ;
0,4; -0.784506, 3.144579, -1.805889 / -0.784506, 3.144579, -1.805889 / -0.784506, 3.144579, -1.805889; 1, 7, 1, 0; 0.111281094642; 1, 0, 1; 1, 0, 0; 3, 1, 2 ;
0,4; -2.446839, -0.600882, -1.091774 / -2.446839, -0.600882, -1.091774 / -2.446839, -0.600882, -1.091774; 1, 10, 1, 0; 0.170131677978; 0, 1, 0; 0, 1, 0; 4, 1, 1 ;
0,4; -2.441828, -0.607848, -1.087288 / -2.441828, -0.607848, -1.087288 / -2.441828, -0.607848, -1.087288; 1, 10, 1, 0; 0.170132024015; 1, 0, 1; 0, 1, 0; 4, 1, 2 ;
0,4; -2.391244, -1.151450, -0.474238 / -2.391244, -1.151450, -0.474238 / -2.391244, -1.151450, -0.474238; 1, 10, 1, 0; 0.581764492472; 1, 0, 1; 0, 1, 0; 1, 1, 2 ;
0,4; -2.385283, -1.131614, -0.480549 / -2.385283, -1.131614, -0.480549 / -2.385283, -1.131614, -0.480549; 1, 10, 1, 0; 0.581767341872; 1, 0, 1; 0, 1, 0; 4, 1, 2 ;
0,4; -1.765011, 0.516159, -0.991473 / -1.764773, 0.517166, -0.991029 / -1.765248, 0.515151, -0.991918; 1, 10, 1, 0; 0.233110290715; 1, 0, 2; 2, 0, 0; 2, 1, 2 / 2, 9, 2 ;
0,4; -1.614986, 0.912542, -1.114115 / -1.614419, 0.912682, -1.113811 / -1.615553, 0.912403, -1.114418; 1, 10, 1, 0; 0.275081848617; 2, 1, 1; 2, 0, 0; 2, 5, 1 / 2, 7, 0 / 3, 1, 2 ;
0,4; -2.392830, -1.150935, -0.471711 / -2.392597, -1.150927, -0.471690 / -2.393063, -1.150943, -0.471732; 1, 10, 1, 0; 0.581774484296; 1, 0, 2; 2, 0, 0; 2, 1, 2 / 2, 2, 2 / 2, 5, 0 ;
0,4; -2.445682, -0.601440, -1.093202 / -2.445682, -0.601440, -1.093202 / -2.445682, -0.601440, -1.093202; 1, 10, 1, 0; 0.170131623909; 1, 0, 1; 1, 0, 0; 3, 1, 2 ;
0,4; -2.444875, -0.606061, -1.094369 / -2.444875, -0.606061, -1.094369 / -2.444875, -0.606061, -1.094369; 1, 10, 1, 0; 0.170132229475; 1, 0, 1; 1, 0, 0; 3, 1, 2 ;
0,4; -1.732994, 0.605699, -1.013061 / -1.732994, 0.605699, -1.013061 / -1.732994, 0.605699, -1.013061; 1, 10, 1, 0; 0.233754833707; 1, 0, 1; 1, 0, 0; 3, 1, 2 ;
0,4; -1.619395, 0.901250, -1.107057 / -1.619395, 0.901250, -1.107057 / -1.619395, 0.901250, -1.107057; 1, 10, 1, 0; 0.275088882905; 1, 0, 1; 1, 0, 0; 2, 1, 2 ;
0,4; -1.620027, 0.907894, -1.120510 / -1.620027, 0.907894, -1.120510 / -1.620027, 0.907894, -1.120510; 1, 10, 1, 0; 0.275091126740; 1, 0, 1; 1, 0, 0; 3, 1, 2 ;
0,4; -2.390885, -0.830995, -0.719583 / -2.390885, -0.830995, -0.719583 / -2.390885, -0.830995, -0.719583; 1, 10, 1, 0; 0.421264101017; 1, 0, 1; 1, 0, 0; 2, 1, 2 ;
0,4; -2.640258, -1.805388, -0.268948 / -2.640258, -1.805388, -0.268948 / -2.640258, -1.805388, -0.268948; 1, 10, 1, 0; 0.863075622110; 1, 0, 1; 1, 0, 0; 2, 1, 2 ;
0,4; -2.997527, -2.754356, 0.026758 / -2.997527, -2.754356, 0.026758 / -2.997527, -2.754356, 0.026758; 1, 18, 1, 0; 0.042010788146; 1, 0, 1; 0, 1, 0; 1, 1, 2 ;
0,4; -2.999505, -2.761221, 0.027390 / -2.999505, -2.761221, 0.027390 / -2.999505, -2.761221, 0.027390; 1, 18, 1, 0; 0.042011848269; 1, 0, 1; 1, 0, 0; 3, 1, 2 ;
1,5; 0.782707, -3.18287, 2.51921 / 0.782707, -3.18287, 2.51921 / 0.782707, -3.18287, 2.51921; 1, 33, 1, 0; 0.827702291771; 0, 1, 0; 1, 0, 0; 2, 1, 1 ;
0,5; 0.598359, -1.859395, 2.645534 / 0.598359, -1.859395, 2.645534 / 0.598359, -1.859395, 2.645534; 1, 34, 1, 0; 0.327872821296; 1, 0, 1; 0, 1, 0; 2, 2, 0 / 4, 1, 2 ;
0,5; 0.563858, -1.611999, 2.665905 / 0.563858, -1.611999, 2.665905 / 0.563858, -1.611999, 2.665905; 1, 34, 1, 0; 0.394299708882; 1, 0, 1; 0, 1, 0; 1, 1, 2 ;
0,5; 0.675805, -2.433098, 2.590246 / 0.675805, -2.433098, 2.590246 / 0.675805, -2.433098, 2.590246; 1, 34, 1, 0; 0.234557885494; 1, 0, 1; 1, 0, 0; 2, 1, 2 ;
0,5; 0.325595, 0.476400, 2.876353 / 0.326086, 0.476534, 2.876632 / 0.325105, 0.476266, 2.876074; 1, 39, 1, 0; 0.140572842999; 0, 3, 0; 1, 2, 0; 3, 1, 1 / 4, 1, 1 / 4, 2, 1 ;
0,5; 0.331076, 0.478942, 2.875385 / 0.331076, 0.478942, 2.875385 / 0.331076, 0.478942, 2.875385; 1, 39, 1, 0; 0.140570737074; 1, 0, 1; 0, 1, 0; 4, 1, 2 ;
0,5; 0.214964, 0.902374, 2.905886 / 0.214964, 0.902374, 2.905886 / 0.214964, 0.902374, 2.905886; 1, 39, 1, 0; 0.286289894704; 1, 0, 1; 0, 1, 0; 4, 1, 2 ;
0,5; 0.331423, 0.478626, 2.866961 / 0.331423, 0.478626, 2.866961 / 0.331423, 0.478626, 2.866961; 1, 39, 1, 0; 0.140570092724; 1, 0, 1; 1, 0, 0; 2, 1, 2 ;
0,5; 0.328349, 0.473337, 2.879839 / 0.328349, 0.473337, 2.879839 / 0.328349, 0.473337, 2.879839; 1, 39, 1, 0; 0.140599921421; 1, 0, 1; 1, 0, 0; 2, 1, 2 ;
0,5; 0.216543, 0.903459, 2.907781 / 0.216543, 0.903459, 2.907781 / 0.216543, 0.903459, 2.907781; 1, 39, 1, 0; 0.286289737545; 0, 1, 0; 1, 0, 0; 3, 1, 1 ;
0,5; 0.128394, 1.536792, 2.967802 / 0.128394, 1.536792, 2.967802 / 0.128394, 1.536792, 2.967802; 1, 39, 1, 0; 0.579337922364; 1, 0, 1; 1, 0, 0; 3, 1, 2 ;
0,5; 0.056842, 2.030359, 3.016925 / 0.056842, 2.030359, 3.016925 / 0.056842, 2.030359, 3.016925; 1, 39, 1, 0; 0.849255696998; 1, 0, 1; 1, 0, 0; 1, 5, 0 / 2, 1, 2 / 3, 1, 0 ;
0,5; -0.061337, 3.032715, 3.260099 / -0.061337, 3.032715, 3.260099 / -0.061337, 3.032715, 3.260099; 1, 43, 1, 0; 0.273234204573; 1, 0, 1; 0, 1, 0; 2, 6, 0 / 4, 1, 2 ;
0,5; 0.066928, 2.889153, 3.311228 / 0.066928, 2.889153, 3.311228 / 0.066928, 2.889153, 3.311228; 1, 43, 1, 0; 0.280388868419; 1, 0, 1; 0, 1, 0; 1, 1, 2 ;
0,5; 0.058589, 2.900374, 3.323289 / 0.058589, 2.900374, 3.323289 / 0.058589, 2.900374, 3.323289; 1, 43, 1, 0; 0.280396118844; 0, 1, 0; 0, 1, 0; 1, 1, 1 / 1, 4, 0 / 2, 4, 0 / 2, 5, 0 / 2, 7, 0 ;
0,5; -0.066769, 3.041187, 3.229539 / -0.066769, 3.041187, 3.229539 / -0.066769, 3.041187, 3.229539; 1, 43, 1, 0; 0.273168257402; 0, 1, 0; 1, 0, 0; 3, 1, 1 ;
0,5; -0.054205, 3.029190, 3.283336 / -0.054205, 3.029190, 3.283336 / -0.054205, 3.029190, 3.283336; 1, 43, 1, 0; 0.273299418777; 1, 0, 1; 1, 0, 0; 3, 1, 2 ;
0,5; -0.052183, 3.028027, 3.290264 / -0.052183, 3.028027, 3.290264 / -0.052183, 3.028027, 3.290264; 1, 43, 1, 0; 0.273334383258; 0, 1, 0; 1, 0, 0; 3, 1, 1 ;
0,5; 0.066145, 2.876920, 3.312200 / 0.066145, 2.876920, 3.312200 / 0.066145, 2.876920, 3.312200; 1, 43, 1, 0; 0.280353527550; 1, 0, 1; 1, 0, 0; 3, 1, 2 ;
0,5; 0.063084, 2.894048, 3.311183 / 0.063084, 2.894048, 3.311183 / 0.063084, 2.894048, 3.311183; 1, 43, 1, 0; 0.280389482526; 0, 1, 0; 1, 0, 0; 1, 1, 0 / 2, 1, 1 ;
0,5; 0.062765, 2.892288, 3.314263 / 0.062765, 2.892288, 3.314263 / 0.062765, 2.892288, 3.314263; 1, 43, 1, 0; 0.280391760665; 1, 0, 1; 1, 0, 0; 1, 3, 0 / 3, 1, 2 ;
0,5; -0.120688, 3.303469, 3.137940 / -0.120688, 3.303469, 3.137940 / -0.120688, 3.303469, 3.137940; 1, 43, 1, 0; 0.339755763692; 1, 0, 1; 1, 0, 0; 2, 1, 2 ;
1,6; -3.33995, 2.07828, -0.792659 / -3.33995, 2.07828, -0.792659 / -3.33995, 2.07828, -0.792659; 1, 7, 1, 0; 0.892429163586; 0, 1, 0; 1, 0, 0; 1, 6, 0 / 3, 1, 1 ;
0,6; -0.939471, 1.379238, -0.055687 / -0.939471, 1.379238, -0.055687 / -0.939471, 1.379238, -0.055687; 1, 17, 1, 0; 0.123620577823; 1, 0, 1; 0, 1, 0; 4, 1, 2 ;
0,6; -0.939245, 1.371845, -0.050007 / -0.939245, 1.371845, -0.050007 / -0.939245, 1.371845, -0.050007; 1, 17, 1, 0; 0.123621833232; 1, 0, 1; 0, 1, 0; 4, 1, 2 ;
0,6; -0.946180, 1.382153, -0.057988 / -0.946180, 1.382153, -0.057988 / -0.946180, 1.382153, -0.057988; 1, 17, 1, 0; 0.123619440980; 1, 0, 1; 1, 0, 0; 3, 1, 2 ;
0,6; -0.939282, 1.376269, -0.055499 / -0.939282, 1.376269, -0.055499 / -0.939282, 1.376269, -0.055499; 1, 17, 1, 0; 0.123620759160; 1, 0, 1; 1, 0, 0; 2, 1, 2 ;
0,6; -0.938626, 1.372445, -0.055288 / -0.938626, 1.372445, -0.055288 / -0.938626, 1.372445, -0.055288; 1, 17, 1, 0; 0.123621672818; 1, 0, 1; 1, 0, 0; 2, 1, 2 / 4, 3, 0 ;
0,6; 1.553188, 0.646693, 0.713482 / 1.553188, 0.646693, 0.713482 / 1.553188, 0.646693, 0.713482; 1, 20, 1, 0; 0.834842937843; 1, 0, 1; 0, 1, 0; 4, 1, 2 ;
0,6; 3.516750, 0.065784, 1.306915 / 3.516750, 0.065784, 1.306915 / 3.516750, 0.065784, 1.306915; 1, 26, 1, 0; 0.924768256826; 1, 0, 1; 0, 1, 0; 1, 1, 2 ;
0,6; 3.514327, 0.052883, 1.284789 / 3.514327, 0.052883, 1.284789 / 3.514327, 0.052883, 1.284789; 1, 26, 1, 0; 0.924776349063; 0, 1, 0; 0, 1, 0; 1, 1, 1 ;
0,6; 3.522127, 0.042182, 1.291540 / 3.522127, 0.042182, 1.291540 / 3.522127, 0.042182, 1.291540; 1, 26, 1, 0; 0.924758887317; 1, 0, 1; 1, 0, 0; 1, 1, 0 / 2, 1, 2 ;
0,6; 3.515625, 0.048060, 1.285794 / 3.515625, 0.048060, 1.285794 / 3.515625, 0.048060, 1.285794; 1, 26, 1, 0; 0.924775191805; 1, 0, 1; 1, 0, 0; 3, 1, 2 ;
0,6; 3.514162, 0.057305, 1.281497 / 3.514162, 0.057305, 1.281497 / 3.514162, 0.057305, 1.281497; 1, 26, 1, 0; 0.924777617762; 1, 0, 1; 1, 0, 0; 3, 1, 2 ;
1,9; 2.61851, 2.35345, -2.79255 / 2.61851, 2.35345, -2.79255 / 2.61851, 2.35345, -2.79255; 1, 4, 1, 0; 0.049344866355; 1, 0, 1; 1, 0, 0; 2, 1, 2 ;
0,9; 2.107532, 2.120558, -2.611280 / 2.107532, 2.120558, -2.611280 / 2.107532, 2.120558, -2.611280; 1, 4, 1, 0; 0.113703103277; 1, 0, 1; 1, 0, 0; 3, 1, 2 ;
0,9; 0.288385, 1.226362, -1.958832 / 0.288385, 1.226362, -1.958832 / 0.288385, 1.226362, -1.958832; 1, 4, 1, 0; 0.680308639289; 1, 0, 1; 1, 0, 0; 3, 1, 2 ;
0,9; 0.279546, 1.229325, -1.951203 / 0.279546, 1.229325, -1.951203 / 0.279546, 1.229325, -1.951203; 1, 4, 1, 0; 0.680315457553; 0, 1, 0; 1, 0, 0; 3, 1, 1 ;
0,9; -3.895382, -0.786614, -0.430544 / -3.894915, -0.786436, -0.430000 / -3.895849, -0.786792, -0.431087; 1, 10, 1, 0; 0.609709539597; 2, 3, 1; 2, 2, 0; 1, 3, 0 / 3, 1, 1 / 3, 4, 1 / 4, 1, 2 / 4, 2, 1 ;
0,9; -2.895215, -0.314022, -0.795159 / -2.895215, -0.314022, -0.795159 / -2.895215, -0.314022, -0.795159; 1, 10, 1, 0; 0.392085847510; 1, 0, 1; 0, 1, 0; 1, 1, 2 ;
0,9; -2.905368, -0.311180, -0.794059 / -2.905368, -0.311180, -0.794059 / -2.905368, -0.311180, -0.794059; 1, 10, 1, 0; 0.392095612248; 1, 0, 1; 0, 1, 0; 1, 8, 0 / 2, 4, 0 / 3, 4, 0 / 4, 1, 2 ;
0,9; -2.903032, -0.311922, -0.794440 / -2.903032, -0.311922, -0.794440 / -2.903032, -0.311922, -0.794440; 1, 10, 1, 0; 0.392095671723; 0, 1, 0; 0, 1, 0; 4, 1, 1 ;
0,9; -2.913369, -0.310972, -0.796693 / -2.913369, -0.310972, -0.796693 / -2.913369, -0.310972, -0.796693; 1, 10, 1, 0; 0.392104760607; 1, 0, 1; 0, 1, 0; 4, 1, 2 ;
0,9; -3.257604, -0.477772, -0.670065 / -3.257604, -0.477772, -0.670065 / -3.257604, -0.477772, -0.670065; 1, 10, 1, 0; 0.394163871335; 1, 0, 1; 0, 1, 0; 1, 1, 2 ;
0,9; -3.891653, -0.780978, -0.441719 / -3.891653, -0.780978, -0.441719 / -3.891653, -0.780978, -0.441719; 1, 10, 1, 0; 0.609700461527; 1, 0, 1; 0, 1, 0; 4, 1, 2 ;
0,9; -2.900713, -0.330880, -0.804818 / -2.899826, -0.330807, -0.804263 / -2.901599, -0.330953, -0.805373; 1, 10, 1, 0; 0.392092151876; 2, 2, 1; 4, 0, 0; 2, 5, 0 / 2, 7, 3 / 2, 8, 1 / 3, 1, 2 / 3, 4, 0 / 3, 7, 1 ;
0,9; -2.147913, 0.059050, -1.073746 / -2.147913, 0.059050, -1.073746 / -2.147913, 0.059050, -1.073746; 1, 10, 1, 0; 0.222731233969; 1, 0, 1; 1, 0, 0; 3, 1, 2 ;
0,9; -2.902001, -0.330951, -0.805470 / -2.901008, -0.330807, -0.805221 / -2.902993, -0.331094, -0.805719; 1, 10, 1, 0; 0.392092184317; 0, 1, 0; 4, 0, 0; 2, 1, 3 / 2, 2, 1 / 2, 7, 0 / 2, 9, 0 / 3, 1, 1 / 3, 7, 1 ;
0,9; -2.905885, -0.319479, -0.795767 / -2.905885, -0.319479, -0.795767 / -2.905885, -0.319479, -0.795767; 1, 10, 1, 0; 0.392095423009; 1, 0, 1; 1, 0, 0; 1, 1, 0 / 2, 1, 2 ;
0,9; -2.900468, -0.311318, -0.793304 / -2.900468, -0.311318, -0.793304 / -2.900468, -0.311318, -0.793304; 1, 10, 1, 0; 0.392095785267; 1, 0, 1; 1, 0, 0; 3, 1, 2 ;
0,9; -2.900863, -0.321380, -0.791070 / -2.900863, -0.321380, -0.791070 / -2.900863, -0.321380, -0.791070; 1, 10, 1, 0; 0.392096228627; 1, 0, 1; 1, 0, 0; 2, 1, 2 ;
0,9; -2.913473, -0.311221, -0.794363 / -2.913473, -0.311221, -0.794363 / -2.913473, -0.311221, -0.794363; 1, 10, 1, 0; 0.392105447275; 1, 0, 1; 1, 0, 0; 3, 1, 2 ;
0,9; -3.902034, -0.785146, -0.443313 / -3.902034, -0.785146, -0.443313 / -3.902034, -0.785146, -0.443313; 1, 10, 1, 0; 0.609699580214; 1, 0, 1; 1, 0, 0; 3, 1, 2 ;
0,9; -3.890813, -0.786109, -0.430731 / -3.890813, -0.786109, -0.430731 / -3.890813, -0.786109, -0.430731; 1, 10, 1, 0; 0.609710274927; 1, 0, 1; 1, 0, 0; 2, 1, 2 ;
0,9; -0.367424, 0.915740, -1.719228 / -0.367365, 0.915743, -1.719196 / -0.367482, 0.915738, -1.719259; 1, 11, 1, 0; 0.060516637829; 2, 1, 1; 1, 1, 0; 1, 5, 0 / 2, 5, 0 / 3, 1, 1 / 4, 1, 2 ;
0,9; -0.360143, 0.921125, -1.718483 / -0.360143, 0.921125, -1.718483 / -0.360143, 0.921125, -1.718483; 1, 11, 1, 0; 0.060516277356; 1, 0, 1; 0, 1, 0; 4, 1, 2 ;
0,9; -0.159979, 1.004528, -1.761567 / -0.159979, 1.004528, -1.761567 / -0.159979, 1.004528, -1.761567; 1, 11, 1, 0; 0.118217375482; 1, 0, 1; 0, 1, 0; 4, 1, 2 ;
0,9; -1.186151, 0.521157, -1.420207 / -1.186151, 0.521157, -1.420207 / -1.186151, 0.521157, -1.420207; 1, 11, 1, 0; 0.348076951246; 0, 1, 0; 0, 1, 0; 4, 1, 1 ;
0,9; -0.367116, 0.917333, -1.723444 / -0.367116, 0.917333, -1.723444 / -0.367116, 0.917333, -1.723444; 1, 11, 1, 0; 0.060515653680; 1, 0, 1; 1, 0, 0; 3, 1, 2 ;
