1,1; 2.08453, -0.248718, -3.30208 / 2.08453, -0.248718, -3.30208 / 2.08453, -0.248718, -3.30208; 1, 3, 1, 0; 0.183341259767; 1, 0, 1; 0, 1, 0; 1, 1, 2 ;
0,1; 2.331280, -0.484650, -3.575131 / 2.331280, -0.484650, -3.575131 / 2.331280, -0.484650, -3.575131; 1, 3, 1, 0; 0.040717714995; 0, 1, 0; 1, 0, 0; 2, 1, 1 ;
0,1; 2.055298, -0.189849, -3.259204 / 2.055298, -0.189849, -3.259204 / 2.055298, -0.189849, -3.259204; 1, 3, 1, 0; 0.184287241545; 1, 0, 1; 1, 0, 0; 3, 1, 2 ;
0,1; 1.271365, 0.171444, -2.070311 / 1.271365, 0.171444, -2.070311 / 1.271365, 0.171444, -2.070311; 1, 4, 1, 0; 0.605280789984; 1, 0, 1; 0, 1, 0; 1, 1, 2 / 4, 2, 0 ;
0,1; 1.269233, 0.166850, -2.057039 / 1.269233, 0.166850, -2.057039 / 1.269233, 0.166850, -2.057039; 1, 4, 1, 0; 0.605288539110; 1, 0, 1; 0, 1, 0; 1, 1, 2 ;
0,1; 1.267418, 0.168382, -2.057178 / 1.267418, 0.168382, -2.057178 / 1.267418, 0.168382, -2.057178; 1, 4, 1, 0; 0.605288579407; 0, 1, 0; 0, 1, 0; 4, 1, 1 ;
0,1; 1.318337, 0.488952, -2.442491 / 1.318337, 0.488952, -2.442491 / 1.318337, 0.488952, -2.442491; 1, 4, 1, 0; 0.470190931547; 1, 0, 1; 1, 0, 0; 3, 1, 2 ;
0,1; 1.366989, 0.372103, -2.412106 / 1.366989, 0.372103, -2.412106 / 1.366989, 0.372103, -2.412106; 1, 4, 1, 0; 0.470610045254; 1, 0, 1; 1, 0, 0; 3, 1, 2 ;
0,1; 1.416967, 0.162161, -2.051424 / 1.416967, 0.162161, -2.051424 / 1.416967, 0.162161, -2.051424; 1, 4, 1, 0; 0.605167059563; 1, 0, 1; 1, 0, 0; 2, 1, 2 ;
0,1; 1.426639, 0.170035, -2.025191 / 1.426639, 0.170035, -2.025191 / 1.426639, 0.170035, -2.025191; 1, 4, 1, 0; 0.605180720270; 1, 0, 1; 1, 0, 0; 3, 1, 2 ;
0,1; 1.270078, 0.171101, -2.065279 / 1.270078, 0.171101, -2.065279 / 1.270078, 0.171101, -2.065279; 1, 4, 1, 0; 0.605280701330; 0, 1, 0; 1, 0, 0; 1, 1, 0 / 3, 1, 1 ;
0,1; 1.269992, 0.171385, -2.059131 / 1.269992, 0.171385, -2.059131 / 1.269992, 0.171385, -2.059131; 1, 4, 1, 0; 0.605288047486; 1, 0, 1; 1, 0, 0; 1, 3, 0 / 2, 1, 2 / 3, 4, 0 ;
0,1; 0.969869, 0.829939, -2.047255 / 0.969869, 0.829939, -2.047255 / 0.969869, 0.829939, -2.047255; 1, 4, 1, 0; 0.662228822882; 1, 0, 1; 1, 0, 0; 3, 1, 2 ;
0,1; -0.414658, 2.163264, -0.485023 / -0.414658, 2.163264, -0.485023 / -0.414658, 2.163264, -0.485023; 1, 13, 1, 0; 0.475063963129; 1, 0, 1; 1, 0, 0; 2, 1, 2 ;
0,1; -2.133977, 3.814120, 1.426132 / -2.133977, 3.814120, 1.426132 / -2.133977, 3.814120, 1.426132; 1, 29, 1, 0; 0.054236355454; 1, 0, 1; 1, 0, 0; 3, 1, 2 ;
1,2; 2.93053, 0.333404, 1.5596 / 2.93106, 0.333652, 1.56041 / 2.93, 0.333156, 1.55879; 1, 27, 1, 0; 0.563209745919; 2, 1, 2; 2, 1, 0; 1, 8, 2 / 2, 1, 2 / 3, 4, 1 / 4, 3, 0 ;
0,2; 3.492212, -0.282858, 1.557910 / 3.492212, -0.282858, 1.557910 / 3.492212, -0.282858, 1.557910; 1, 27, 1, 0; 0.696088657694; 1, 0, 1; 0, 1, 0; 4, 1, 2 ;
0,2; 1.370772, 2.046146, 1.567324 / 1.370772, 2.046146, 1.567324 / 1.370772, 2.046146, 1.567324; 1, 28, 1, 0; 0.261889632323; 0, 1, 0; 1, 0, 0; 3, 1, 1 ;
0,2; 0.265658, 3.027346, 1.678538 / 0.265721, 3.027398, 1.678541 / 0.265595, 3.027295, 1.678534; 1, 30, 1, 0; 0.088865526163; 0, 2, 0; 1, 1, 0; 1, 1, 1 / 2, 1, 1 ;
0,2; 0.368003, 3.126801, 1.565869 / 0.368003, 3.126801, 1.565869 / 0.368003, 3.126801, 1.565869; 1, 30, 1, 0; 0.071123719515; 0, 0, 0; 1, 0, 0; 3, 1, 3 ;
0,2; 0.267194, 3.029931, 1.677821 / 0.267194, 3.029931, 1.677821 / 0.267194, 3.029931, 1.677821; 1, 30, 1, 0; 0.088864289026; 1, 0, 1; 1, 0, 0; 2, 1, 2 ;
0,2; 0.107684, 3.431927, 1.572060 / 0.107684, 3.431927, 1.572060 / 0.107684, 3.431927, 1.572060; 1, 31, 1, 0; 0.117735594654; 0, 1, 0; 0, 1, 0; 1, 1, 1 ;
1,3; 0.252944, 1.93281, -0.407939 / 0.252944, 1.93281, -0.407939 / 0.252944, 1.93281, -0.407939; 1, 13, 1, 0; 0.469309405017; 1, 0, 1; 0, 1, 0; 4, 1, 2 ;
0,3; 0.304742, 2.907202, -0.721689 / 0.304967, 2.907646, -0.721484 / 0.304518, 2.906757, -0.721894; 1, 13, 1, 0; 0.270934309768; 1, 0, 2; 2, 0, 0; 1, 1, 0 / 2, 1, 2 / 3, 2, 2 / 3, 3, 0 ;
0,3; 0.216975, 1.278218, -0.211898 / 0.217080, 1.278653, -0.211751 / 0.216871, 1.277784, -0.212045; 1, 13, 1, 0; 0.830955212269; 2, 1, 1; 2, 0, 0; 2, 1, 2 / 3, 6, 1 ;
0,3; 0.330766, 3.104346, -0.774643 / 0.330766, 3.104346, -0.774643 / 0.330766, 3.104346, -0.774643; 1, 13, 1, 0; 0.248506985350; 1, 0, 1; 1, 0, 0; 2, 1, 2 ;
0,3; 0.305073, 2.774433, -0.672852 / 0.305073, 2.774433, -0.672852 / 0.305073, 2.774433, -0.672852; 1, 13, 1, 0; 0.305478670955; 1, 0, 1; 1, 0, 0; 3, 1, 2 / 4, 1, 0 ;
0,3; 0.250670, 1.932309, -0.406350 / 0.250670, 1.932309, -0.406350 / 0.250670, 1.932309, -0.406350; 1, 13, 1, 0; 0.469310119001; 1, 0, 1; 1, 0, 0; 2, 1, 2 ;
0,3; 0.208618, 1.136475, -0.165982 / 0.208618, 1.136475, -0.165982 / 0.208618, 1.136475, -0.165982; 1, 13, 1, 0; 0.902045466016; 0, 1, 0; 1, 0, 0; 3, 1, 1 ;
0,3; 0.115277, -0.368798, 0.295195 / 0.115731, -0.368406, 0.295438 / 0.114822, -0.369190, 0.294951; 1, 16, 1, 0; 0.766731206603; 0, 2, 0; 0, 2, 0; 1, 1, 1 / 1, 4, 1 ;
0,3; 0.116517, -0.379483, 0.299273 / 0.116517, -0.379483, 0.299273 / 0.116517, -0.379483, 0.299273; 1, 16, 1, 0; 0.766718234323; 1, 0, 1; 1, 0, 0; 2, 1, 2 / 3, 9, 0 / 3, 10, 0 ;
0,3; -0.054980, -3.139336, 1.143083 / -0.054980, -3.139336, 1.143083 / -0.054980, -3.139336, 1.143083; 1, 18, 1, 0; 0.971992347586; 1, 0, 1; 1, 0, 0; 2, 1, 2 ;
0,3; -0.106839, -3.972955, 1.400922 / -0.106839, -3.972955, 1.400922 / -0.106839, -3.972955, 1.400922; 1, 22, 1, 0; 0.642832383106; 0, 0, 0; 0, 1, 0; 1, 1, 3 ;
0,3; 0.028350, -1.679738, 0.695280 / 0.028350, -1.679738, 0.695280 / 0.028350, -1.679738, 0.695280; 1, 22, 1, 0; 0.028026786806; 1, 0, 1; 1, 0, 0; 2, 1, 2 ;
0,3; -0.104758, -3.953254, 1.389390 / -0.104758, -3.953254, 1.389390 / -0.104758, -3.953254, 1.389390; 1, 22, 1, 0; 0.642822509764; 1, 0, 1; 1, 0, 0; 3, 1, 2 ;
0,3; -0.108148, -3.966093, 1.399219 / -0.108148, -3.966093, 1.399219 / -0.108148, -3.966093, 1.399219; 1, 22, 1, 0; 0.642833576347; 0, 1, 0; 1, 0, 0; 3, 1, 1 ;
0,3; -0.106037, -3.965258, 1.398535 / -0.106037, -3.965258, 1.398535 / -0.106037, -3.965258, 1.398535; 1, 22, 1, 0; 0.642833670933; 1, 0, 1; 1, 0, 0; 3, 1, 2 ;
0,3; -0.091829, -3.819213, 1.353153 / -0.091829, -3.819213, 1.353153 / -0.091829, -3.819213, 1.353153; 1, 22, 1, 0; 0.643439167991; 1, 0, 1; 1, 0, 0; 3, 1, 2 ;
0,3; -0.091975, -3.773886, 1.340977 / -0.091975, -3.773886, 1.340977 / -0.091975, -3.773886, 1.340977; 1, 22, 1, 0; 0.643644791066; 1, 0, 1; 1, 0, 0; 2, 1, 2 ;
0,3; 0.088217, -0.822558, 0.433873 / 0.088743, -0.822272, 0.434140 / 0.087691, -0.822844, 0.433606; 1, 23, 1, 0; 0.045913170135; 2, 1, 1; 1, 1, 0; 2, 1, 2 / 4, 8, 1 ;
1,4; -2.74949, 1.87924, -2.99887 / -2.74949, 1.87924, -2.99887 / -2.74949, 1.87924, -2.99887; 1, 2, 1, 0; 0.738523988305; 1, 0, 1; 0, 1, 0; 4, 1, 2 ;
0,4; 2.596996, -0.260467, -2.095207 / 2.598121, -0.259694, -2.094417 / 2.595871, -0.261239, -2.095997; 1, 4, 1, 0; 0.580013189231; 2, 1, 2; 1, 3, 1; 1, 2, 2 / 1, 5, 2 / 2, 4, 0 / 2, 9, 3 / 4, 1, 1 ;
0,4; 2.398509, -0.086674, -2.058066 / 2.398509, -0.086674, -2.058066 / 2.398509, -0.086674, -2.058066; 1, 4, 1, 0; 0.578586705191; 1, 0, 1; 0, 1, 0; 1, 1, 2 ;
0,4; 2.397249, -0.088623, -2.060499 / 2.397249, -0.088623, -2.060499 / 2.397249, -0.088623, -2.060499; 1, 4, 1, 0; 0.578586805933; 1, 0, 1; 1, 0, 0; 2, 1, 2 ;
0,4; 2.594709, -0.261215, -2.098489 / 2.594709, -0.261215, -2.098489 / 2.594709, -0.261215, -2.098489; 1, 4, 1, 0; 0.580013636528; 1, 0, 1; 1, 0, 0; 2, 1, 2 ;
0,4; 2.235205, 0.049140, -2.033845 / 2.235205, 0.049140, -2.033845 / 2.235205, 0.049140, -2.033845; 1, 4, 1, 0; 0.600579963491; 1, 0, 1; 1, 0, 0; 2, 1, 2 ;
0,4; 1.368126, 0.824299, -1.891781 / 1.368126, 0.824299, -1.891781 / 1.368126, 0.824299, -1.891781; 1, 4, 1, 0; 0.661322291936; 1, 0, 1; 1, 0, 0; 2, 1, 2 ;
0,4; 0.030964, 1.975129, -1.669745 / 0.031192, 1.975413, -1.669338 / 0.030735, 1.974844, -1.670152; 1, 7, 1, 0; 0.048011845188; 1, 0, 1; 1, 1, 0; 3, 3, 2 / 4, 1, 3 ;
0,4; 0.237985, 1.796345, -1.706176 / 0.237985, 1.796345, -1.706176 / 0.237985, 1.796345, -1.706176; 1, 7, 1, 0; 0.033646634574; 1, 0, 1; 0, 1, 0; 1, 1, 2 ;
0,4; 0.032433, 1.970786, -1.671353 / 0.032433, 1.970786, -1.671353 / 0.032433, 1.970786, -1.671353; 1, 7, 1, 0; 0.048002456583; 1, 0, 1; 1, 0, 0; 3, 1, 2 ;
0,4; 1.044577, 1.096340, -1.833400 / 1.044659, 1.096638, -1.832998 / 1.044495, 1.096042, -1.833802; 1, 11, 1, 0; 0.106916903549; 1, 0, 2; 1, 1, 0; 1, 6, 2 / 3, 1, 2 ;
0,4; 1.047650, 1.091624, -1.838505 / 1.047650, 1.091624, -1.838505 / 1.047650, 1.091624, -1.838505; 1, 11, 1, 0; 0.106907811620; 1, 0, 1; 0, 1, 0; 1, 1, 2 / 4, 3, 0 / 4, 6, 0 ;
0,4; 1.049690, 1.090562, -1.836744 / 1.049690, 1.090562, -1.836744 / 1.049690, 1.090562, -1.836744; 1, 11, 1, 0; 0.106907170779; 1, 0, 1; 1, 0, 0; 3, 1, 2 ;
0,4; 1.053211, 1.090149, -1.840064 / 1.053211, 1.090149, -1.840064 / 1.053211, 1.090149, -1.840064; 1, 11, 1, 0; 0.106907977552; 1, 0, 1; 1, 0, 0; 3, 1, 2 / 4, 8, 0 ;
1,5; 1.54266, 4.30428, 0.26284 / 1.54266, 4.30428, 0.26284 / 1.54266, 4.30428, 0.26284; 1, 20, 1, 0; 0.147236161609; 1, 0, 1; 0, 1, 0; 4, 1, 2 ;
0,5; -1.165921, 1.299172, 1.695751 / -1.165921, 1.299172, 1.695751 / -1.165921, 1.299172, 1.695751; 1, 29, 1, 0; 0.286541384658; 1, 0, 1; 1, 0, 0; 2, 1, 2 ;
0,5; -2.756581, -0.446548, 2.538294 / -2.756581, -0.446548, 2.538294 / -2.756581, -0.446548, 2.538294; 1, 36, 1, 0; 0.492222647323; 1, 0, 1; 0, 1, 0; 4, 1, 2 ;
0,5; -2.902355, -0.609998, 2.626802 / -2.902355, -0.609998, 2.626802 / -2.902355, -0.609998, 2.626802; 1, 36, 1, 0; 0.487700873132; 1, 0, 1; 1, 0, 0; 2, 1, 2 ;
0,5; -3.042597, -0.762643, 2.696369 / -3.042597, -0.762643, 2.696369 / -3.042597, -0.762643, 2.696369; 1, 36, 1, 0; 0.537621237534; 1, 0, 1; 1, 0, 0; 2, 1, 2 ;
1,6; 1.52151, -0.800586, -2.29761 / 1.52151, -0.800586, -2.29761 / 1.52151, -0.800586, -2.29761; 1, 3, 1, 0; 0.813259287467; 1, 0, 1; 0, 1, 0; 4, 1, 2 ;
0,6; 1.513321, -0.802627, -2.288504 / 1.513321, -0.802627, -2.288504 / 1.513321, -0.802627, -2.288504; 1, 3, 1, 0; 0.813266827049; 1, 0, 1; 0, 1, 0; 4, 1, 2 ;
0,6; 0.773007, -3.315482, -2.698587 / 0.773007, -3.315482, -2.698587 / 0.773007, -3.315482, -2.698587; 1, 3, 1, 0; 0.479832348070; 1, 0, 1; 1, 0, 0; 2, 1, 2 / 4, 5, 0 ;
0,6; 0.723997, -2.937620, -2.523226 / 0.723997, -2.937620, -2.523226 / 0.723997, -2.937620, -2.523226; 1, 3, 1, 0; 0.491659449461; 0, 1, 0; 1, 0, 0; 3, 1, 1 ;
0,6; 0.724372, -2.936295, -2.519559 / 0.724372, -2.936295, -2.519559 / 0.724372, -2.936295, -2.519559; 1, 3, 1, 0; 0.491659937056; 1, 0, 1; 1, 0, 0; 2, 1, 2 ;
0,6; 1.155488, -0.880657, -1.987268 / 1.155488, -0.880657, -1.987268 / 1.155488, -0.880657, -1.987268; 1, 4, 1, 0; 0.516719193897; 1, 0, 1; 0, 1, 0; 1, 1, 2 ;
0,6; 0.562716, -1.774371, -1.996048 / 0.563006, -1.773782, -1.995748 / 0.562425, -1.774960, -1.996347; 1, 5, 1, 0; 0.845598485004; 1, 0, 2; 1, 1, 0; 1, 1, 2 / 3, 5, 2 ;
0,6; 0.563201, -1.777281, -1.987587 / 0.563201, -1.777281, -1.987587 / 0.563201, -1.777281, -1.987587; 1, 5, 1, 0; 0.845598249757; 0, 1, 0; 0, 1, 0; 1, 1, 1 ;
0,6; 0.561508, -1.777507, -1.986712 / 0.561508, -1.777507, -1.986712 / 0.561508, -1.777507, -1.986712; 1, 5, 1, 0; 0.845598837876; 1, 0, 1; 0, 1, 0; 3, 8, 0 / 4, 1, 2 ;
0,6; 0.565356, -1.771055, -2.013478 / 0.565356, -1.771055, -2.013478 / 0.565356, -1.771055, -2.013478; 1, 5, 1, 0; 0.845580513056; 1, 0, 1; 1, 0, 0; 3, 1, 2 ;
0,6; 0.563698, -1.777667, -2.006946 / 0.563698, -1.777667, -2.006946 / 0.563698, -1.777667, -2.006946; 1, 5, 1, 0; 0.845589624005; 1, 0, 1; 1, 0, 0; 3, 1, 2 ;
0,6; 0.496915, -1.262923, -1.733161 / 0.496915, -1.262923, -1.733161 / 0.496915, -1.262923, -1.733161; 1, 8, 1, 0; 0.162594456223; 1, 0, 1; 0, 1, 0; 1, 1, 2 ;
0,6; 0.741913, -1.024982, -1.815837 / 0.741913, -1.024982, -1.815837 / 0.741913, -1.024982, -1.815837; 1, 8, 1, 0; 0.139809916536; 1, 0, 1; 1, 0, 0; 2, 1, 2 ;
0,6; 0.729476, -1.022762, -1.792159 / 0.729476, -1.022762, -1.792159 / 0.729476, -1.022762, -1.792159; 1, 8, 1, 0; 0.139814989246; 1, 0, 1; 1, 0, 0; 3, 1, 2 ;
0,6; 1.109358, -1.844493, -0.788478 / 1.109358, -1.844493, -0.788478 / 1.109358, -1.844493, -0.788478; 1, 9, 1, 0; 0.445516882291; 1, 0, 1; 1, 0, 0; 2, 1, 2 ;
0,6; 1.108495, -1.847709, -0.785394 / 1.108495, -1.847709, -0.785394 / 1.108495, -1.847709, -0.785394; 1, 9, 1, 0; 0.445516974207; 1, 0, 1; 1, 0, 0; 3, 1, 2 ;
0,6; 0.426466, -0.713156, -1.477732 / 0.426466, -0.713156, -1.477732 / 0.426466, -0.713156, -1.477732; 1, 11, 1, 0; 0.501103367618; 1, 0, 1; 1, 0, 0; 3, 1, 2 ;
0,6; 0.421728, -0.727872, -1.493719 / 0.421728, -0.727872, -1.493719 / 0.421728, -0.727872, -1.493719; 1, 11, 1, 0; 0.501106497439; 1, 0, 1; 1, 0, 0; 2, 1, 2 ;
0,6; 0.316884, 0.145044, -1.053622 / 0.316884, 0.145044, -1.053622 / 0.316884, 0.145044, -1.053622; 1, 11, 1, 0; 0.743056467228; 1, 0, 1; 1, 0, 0; 3, 1, 2 ;
0,6; 0.327099, 0.009507, -1.133714 / 0.327099, 0.009507, -1.133714 / 0.327099, 0.009507, -1.133714; 1, 11, 1, 0; 0.743110572500; 1, 0, 1; 1, 0, 0; 2, 1, 2 ;
0,6; 1.501692, -2.341195, -0.480904 / 1.501892, -2.341071, -0.480582 / 1.501493, -2.341319, -0.481226; 1, 12, 1, 0; 0.611131181253; 2, 1, 1; 2, 0, 0; 2, 2, 1 / 3, 1, 2 ;
0,6; 1.554229, -2.362575, -0.441537 / 1.554229, -2.362575, -0.441537 / 1.554229, -2.362575, -0.441537; 1, 12, 1, 0; 0.611968605668; 1, 0, 1; 1, 0, 0; 2, 1, 2 ;
0,6; 1.340922, -2.139030, -0.613808 / 1.340922, -2.139030, -0.613808 / 1.340922, -2.139030, -0.613808; 1, 12, 1, 0; 0.650956884003; 1, 0, 1; 1, 0, 0; 3, 1, 2 ;
0,6; -0.063090, 2.874945, 0.216619 / -0.062743, 2.875114, 0.217387 / -0.063436, 2.874775, 0.215851; 1, 17, 1, 0; 0.531793930238; 2, 2, 1; 3, 0, 0; 2, 1, 1 / 2, 2, 0 / 3, 4, 1 / 3, 7, 2 ;
0,6; 2.248777, -2.526251, 1.097661 / 2.249133, -2.525544, 1.098254 / 2.248421, -2.526959, 1.097069; 1, 22, 1, 0; 0.140700687132; 2, 1, 1; 2, 1, 0; 1, 10, 3 / 2, 1, 1 / 2, 10, 2 ;
0,6; 2.251549, -2.523588, 1.097682 / 2.251611, -2.523514, 1.097998 / 2.251486, -2.523661, 1.097366; 1, 22, 1, 0; 0.140701582063; 2, 1, 1; 2, 0, 0; 3, 1, 2 / 3, 2, 1 ;
0,6; 2.244867, -2.539716, 1.090353 / 2.244867, -2.539716, 1.090353 / 2.244867, -2.539716, 1.090353; 1, 22, 1, 0; 0.140698875443; 1, 0, 1; 1, 0, 0; 3, 1, 2 ;
0,6; 2.248533, -2.525800, 1.098169 / 2.248785, -2.525544, 1.098254 / 2.248281, -2.526055, 1.098084; 1, 22, 1, 0; 0.140700752615; 1, 0, 1; 2, 1, 0; 1, 1, 3 / 2, 1, 2 / 2, 2, 2 ;
0,6; 2.256303, -2.523057, 1.106775 / 2.256303, -2.523057, 1.106775 / 2.256303, -2.523057, 1.106775; 1, 22, 1, 0; 0.140715726335; 1, 0, 1; 1, 0, 0; 3, 1, 2 ;
0,6; 2.261407, -2.513963, 1.108667 / 2.261407, -2.513963, 1.108667 / 2.261407, -2.513963, 1.108667; 1, 22, 1, 0; 0.140717123300; 1, 0, 1; 1, 0, 0; 3, 1, 2 ;
0,6; -0.178177, 3.520036, 0.525755 / -0.178177, 3.520036, 0.525755 / -0.178177, 3.520036, 0.525755; 1, 25, 1, 0; 0.195781406712; 1, 0, 1; 0, 1, 0; 3, 3, 0 / 4, 1, 2 ;
0,6; -0.238005, 4.166460, 0.829160 / -0.238005, 4.166460, 0.829160 / -0.238005, 4.166460, 0.829160; 1, 25, 1, 0; 0.368650087866; 1, 0, 1; 0, 1, 0; 1, 1, 2 ;
0,6; -0.170586, 3.526424, 0.523174 / -0.170586, 3.526424, 0.523174 / -0.170586, 3.526424, 0.523174; 1, 25, 1, 0; 0.195779760833; 1, 0, 1; 1, 0, 0; 2, 1, 2 ;
0,6; -0.206623, 3.970303, 0.733215 / -0.206623, 3.970303, 0.733215 / -0.206623, 3.970303, 0.733215; 1, 25, 1, 0; 0.394806197763; 0, 1, 0; 1, 0, 0; 2, 1, 1 ;
0,6; -0.281344, 4.501971, 0.979780 / -0.281344, 4.501971, 0.979780 / -0.281344, 4.501971, 0.979780; 1, 26, 1, 0; 0.625718297544; 1, 0, 1; 1, 0, 0; 2, 1, 2 ;
1,7; 1.38055, 2.15372, -0.452647 / 1.38055, 2.15372, -0.452647 / 1.38055, 2.15372, -0.452647; 1, 12, 1, 0; 0.999750793040; 1, 0, 1; 1, 0, 0; 3, 1, 2 ;
0,7; 1.450743, 2.515095, -0.477402 / 1.450743, 2.515095, -0.477402 / 1.450743, 2.515095, -0.477402; 1, 13, 1, 0; 0.538560737275; 0, 1, 0; 0, 1, 0; 3, 5, 0 / 4, 1, 1 ;
0,7; 1.422721, 2.358071, -0.528716 / 1.422721, 2.358071, -0.528716 / 1.422721, 2.358071, -0.528716; 1, 13, 1, 0; 0.496127405542; 1, 0, 1; 1, 0, 0; 3, 1, 2 ;
0,7; 1.454575, 2.514142, -0.480795 / 1.454575, 2.514142, -0.480795 / 1.454575, 2.514142, -0.480795; 1, 13, 1, 0; 0.538560072531; 1, 0, 1; 1, 0, 0; 2, 1, 2 ;
0,7; 1.151265, 0.535323, 0.127515 / 1.151265, 0.535323, 0.127515 / 1.151265, 0.535323, 0.127515; 1, 16, 1, 0; 0.634889618426; 1, 0, 1; 1, 0, 0; 3, 1, 2 ;
0,7; 0.651988, -1.208794, 0.678809 / 0.651988, -1.208794, 0.678809 / 0.651988, -1.208794, 0.678809; 1, 19, 1, 0; 0.764255379307; 1, 0, 1; 0, 1, 0; 1, 1, 2 / 2, 10, 0 ;
0,7; 0.651269, -1.210017, 0.676520 / 0.651269, -1.210017, 0.676520 / 0.651269, -1.210017, 0.676520; 1, 19, 1, 0; 0.764255451619; 1, 0, 1; 0, 1, 0; 1, 1, 2 ;
0,7; 0.831784, -1.264273, 0.764761 / 0.832777, -1.263902, 0.764909 / 0.830791, -1.264644, 0.764614; 1, 19, 1, 0; 0.837258838723; 2, 2, 1; 3, 0, 0; 3, 1, 1 / 3, 7, 2 / 3, 8, 1 ;
0,7; 0.874652, -1.276822, 0.777382 / 0.874652, -1.276822, 0.777382 / 0.874652, -1.276822, 0.777382; 1, 19, 1, 0; 0.835927693558; 1, 0, 1; 1, 0, 0; 3, 1, 2 ;
0,7; 0.877875, -1.261632, 0.756701 / 0.877875, -1.261632, 0.756701 / 0.877875, -1.261632, 0.756701; 1, 19, 1, 0; 0.837207497042; 1, 0, 1; 1, 0, 0; 3, 1, 2 ;
0,7; 0.856769, -1.264351, 0.764295 / 0.856769, -1.264351, 0.764295 / 0.856769, -1.264351, 0.764295; 1, 19, 1, 0; 0.837232914790; 1, 0, 1; 1, 0, 0; 2, 1, 2 ;
0,7; 0.797567, -1.852925, 0.987294 / 0.797944, -1.852676, 0.987434 / 0.797190, -1.853174, 0.987155; 1, 22, 1, 0; 0.287716485934; 0, 2, 0; 1, 1, 0; 1, 4, 1 / 2, 1, 1 ;
0,7; 0.689896, -2.608335, 1.266306 / 0.689896, -2.608335, 1.266306 / 0.689896, -2.608335, 1.266306; 1, 22, 1, 0; 0.484758907108; 1, 0, 1; 1, 0, 0; 2, 1, 2 ;
0,7; 0.630267, -3.038245, 1.414736 / 0.630267, -3.038245, 1.414736 / 0.630267, -3.038245, 1.414736; 1, 22, 1, 0; 0.540463028446; 1, 0, 1; 1, 0, 0; 2, 1, 2 ;
0,7; 0.500793, -3.834403, 1.697347 / 0.500793, -3.834403, 1.697347 / 0.500793, -3.834403, 1.697347; 1, 22, 1, 0; 0.725413501668; 1, 0, 1; 1, 0, 0; 3, 1, 2 ;
0,7; 0.526355, -3.673034, 1.644593 / 0.526355, -3.673034, 1.644593 / 0.526355, -3.673034, 1.644593; 1, 22, 1, 0; 0.753876054272; 1, 0, 1; 1, 0, 0; 3, 1, 2 ;
1,8; -4.32028, 0.0589135, 0.808095 / -4.32015, 0.0590926, 0.808352 / -4.3204, 0.0587345, 0.807838; 1, 21, 1, 0; 0.444794493338; 2, 1, 1; 1, 1, 0; 2, 6, 1 / 4, 1, 2 ;
0,8; -3.373712, -0.291919, 1.058626 / -3.373712, -0.291919, 1.058626 / -3.373712, -0.291919, 1.058626; 1, 21, 1, 0; 0.522139350178; 1, 0, 1; 0, 1, 0; 4, 1, 2 ;
0,8; -3.368986, -0.297614, 1.053631 / -3.368986, -0.297614, 1.053631 / -3.368986, -0.297614, 1.053631; 1, 21, 1, 0; 0.522126857527; 1, 0, 1; 1, 0, 0; 2, 1, 2 ;
0,8; -1.296911, -1.111218, 1.667944 / -1.296819, -1.111206, 1.669092 / -1.297004, -1.111230, 1.666795; 1, 30, 1, 0; 0.259472424515; 1, 0, 2; 1, 1, 0; 1, 1, 2 / 2, 5, 0 / 2, 7, 2 ;
0,8; 2.721770, -2.537303, 2.662144 / 2.721770, -2.537303, 2.662144 / 2.721770, -2.537303, 2.662144; 1, 33, 1, 0; 0.918112612849; 0, 1, 0; 0, 1, 0; 1, 1, 1 ;
0,8; 2.383446, -2.410138, 2.570834 / 2.383793, -2.409913, 2.571217 / 2.383098, -2.410362, 2.570452; 1, 34, 1, 0; 0.260602553453; 1, 0, 2; 2, 0, 0; 1, 2, 0 / 2, 2, 2 / 3, 1, 2 ;
0,8; 2.486156, -2.450411, 2.600071 / 2.486156, -2.450411, 2.600071 / 2.486156, -2.450411, 2.600071; 1, 34, 1, 0; 0.265456820058; 0, 1, 0; 1, 0, 0; 2, 1, 1 ;
1,9; 2.09684, -0.0462065, -3.8901 / 2.09684, -0.0462065, -3.8901 / 2.09684, -0.0462065, -3.8901; 1, 1, 1, 0; 0.455542382978; 1, 0, 1; 1, 0, 0; 3, 1, 2 ;
0,9; 2.098072, -0.048500, -3.885187 / 2.098072, -0.048500, -3.885187 / 2.098072, -0.048500, -3.885187; 1, 1, 1, 0; 0.455549150553; 1, 0, 1; 1, 0, 0; 2, 1, 2 ;
0,9; 0.683919, 0.823986, -2.664226 / 0.683919, 0.823986, -2.664226 / 0.683919, 0.823986, -2.664226; 1, 2, 1, 0; 0.832897364641; 1, 0, 1; 0, 1, 0; 4, 1, 2 ;
0,9; 0.420823, 0.983613, -2.433564 / 0.420823, 0.983613, -2.433564 / 0.420823, 0.983613, -2.433564; 1, 4, 1, 0; 0.421049214812; 1, 0, 1; 0, 1, 0; 4, 1, 2 ;
0,9; 0.135424, 1.158873, -2.189884 / 0.135424, 1.158873, -2.189884 / 0.135424, 1.158873, -2.189884; 1, 4, 1, 0; 0.423730847810; 1, 0, 1; 0, 1, 0; 1, 1, 2 / 2, 3, 0 ;
0,9; -1.052020, 1.888685, -1.160059 / -1.052020, 1.888685, -1.160059 / -1.052020, 1.888685, -1.160059; 1, 7, 1, 0; 0.607867359869; 0, 0, 0; 1, 0, 0; 2, 1, 3 ;
0,9; -2.057322, 2.502846, -0.289132 / -2.057322, 2.502846, -0.289132 / -2.057322, 2.502846, -0.289132; 1, 14, 1, 0; 0.567088969807; 1, 0, 1; 1, 0, 0; 2, 1, 2 ;
0,9; -2.581556, 2.831135, 0.177903 / -2.581556, 2.831135, 0.177903 / -2.581556, 2.831135, 0.177903; 1, 14, 1, 0; 0.648255607545; 1, 0, 1; 1, 0, 0; 3, 1, 2 ;
