1,0; 2.25093, 0.761709, 3.65481 / 2.25093, 0.761709, 3.65481 / 2.25093, 0.761709, 3.65481; 1, 45, 1, 0; 0.076361564214; 1, 0, 1; 1, 0, 0; 2, 1, 2 ;
0,0; 2.638674, 1.507047, 3.495430 / 2.638674, 1.507047, 3.495430 / 2.638674, 1.507047, 3.495430; 1, 45, 1, 0; 0.342131765592; 0, 1, 0; 1, 0, 0; 3, 1, 1 ;
0,0; 1.912399, 0.074024, 3.803818 / 1.912399, 0.074024, 3.803818 / 1.912399, 0.074024, 3.803818; 1, 46, 1, 0; 0.199263145388; 1, 0, 1; 0, 1, 0; 1, 1, 2 ;
1,1; -1.60211, 3.04988, -2.65882 / -1.60211, 3.04988, -2.65882 / -1.60211, 3.04988, -2.65882; 1, 6, 1, 0; 0.102918469008; 1, 0, 1; 1, 0, 0; 3, 1, 2 ;
0,1; 1.039364, -1.806864, -0.575346 / 1.039772, -1.806617, -0.575162 / 1.038957, -1.807112, -0.575530; 1, 12, 1, 0; 0.656100552496; 2, 1, 2; 1, 2, 1; 1, 1, 2 / 3, 5, 2 / 4, 5, 1 ;
0,1; 1.162793, -2.032102, -0.478381 / 1.162793, -2.032102, -0.478381 / 1.162793, -2.032102, -0.478381; 1, 12, 1, 0; 0.654841140147; 1, 0, 1; 0, 1, 0; 1, 1, 2 ;
0,1; 1.158663, -2.027430, -0.480262 / 1.158663, -2.027430, -0.480262 / 1.158663, -2.027430, -0.480262; 1, 12, 1, 0; 0.654850478113; 1, 0, 1; 1, 0, 0; 2, 1, 2 ;
0,1; 1.034479, -1.809392, -0.576257 / 1.034479, -1.809392, -0.576257 / 1.034479, -1.809392, -0.576257; 1, 12, 1, 0; 0.656100426617; 1, 0, 1; 1, 0, 0; 3, 1, 2 ;
0,1; 1.038186, -1.807768, -0.575964 / 1.038957, -1.807112, -0.575530 / 1.037416, -1.808425, -0.576397; 1, 12, 1, 0; 0.656100501000; 1, 0, 1; 1, 1, 0; 1, 10, 2 / 2, 1, 2 ;
0,1; 1.669054, -2.960881, -0.080334 / 1.669054, -2.960881, -0.080334 / 1.669054, -2.960881, -0.080334; 1, 15, 1, 0; 0.388765456903; 1, 0, 1; 0, 1, 0; 1, 1, 2 / 4, 6, 0 ;
0,1; 1.934119, -3.450726, 0.130177 / 1.934119, -3.450726, 0.130177 / 1.934119, -3.450726, 0.130177; 1, 15, 1, 0; 0.868109147968; 0, 1, 0; 0, 1, 0; 1, 1, 1 ;
0,1; 1.948306, -3.474978, 0.139860 / 1.948306, -3.474978, 0.139860 / 1.948306, -3.474978, 0.139860; 1, 15, 1, 0; 0.868117934561; 0, 1, 0; 1, 0, 0; 2, 1, 1 / 2, 7, 0 ;
0,1; 0.857851, -1.454078, -0.729106 / 0.857851, -1.454078, -0.729106 / 0.857851, -1.454078, -0.729106; 1, 16, 1, 0; 0.004949905705; 1, 0, 1; 1, 0, 0; 3, 1, 2 ;
1,2; 1.26993, -0.780625, -3.83183 / 1.26993, -0.780625, -3.83183 / 1.26993, -0.780625, -3.83183; 1, 1, 1, 0; 0.407956655085; 1, 0, 1; 1, 0, 0; 2, 1, 2 ;
0,2; 0.558230, -1.000405, -2.662123 / 0.558230, -1.000405, -2.662123 / 0.558230, -1.000405, -2.662123; 1, 3, 1, 0; 0.604276816693; 1, 0, 1; 0, 1, 0; 4, 1, 2 ;
0,2; 0.556028, -0.997357, -2.663149 / 0.556028, -0.997357, -2.663149 / 0.556028, -0.997357, -2.663149; 1, 3, 1, 0; 0.604276917435; 1, 0, 1; 0, 1, 0; 1, 1, 2 ;
0,2; 0.425973, -1.042022, -2.451836 / 0.425973, -1.042022, -2.451836 / 0.425973, -1.042022, -2.451836; 1, 3, 1, 0; 0.846236185157; 0, 1, 0; 0, 1, 0; 4, 1, 1 ;
0,2; 0.175514, -1.117734, -2.040357 / 0.175514, -1.117734, -2.040357 / 0.175514, -1.117734, -2.040357; 1, 5, 1, 0; 0.918539175123; 0, 1, 0; 1, 0, 0; 3, 1, 1 ;
0,2; -1.269873, -1.573749, 0.254581 / -1.269873, -1.573749, 0.254581 / -1.269873, -1.573749, 0.254581; 1, 16, 1, 0; 0.914761831094; 1, 0, 1; 0, 1, 0; 1, 1, 2 ;
0,2; -1.266367, -1.561405, 0.258767 / -1.266367, -1.561405, 0.258767 / -1.266367, -1.561405, 0.258767; 1, 16, 1, 0; 0.914763679493; 1, 0, 1; 1, 0, 0; 2, 1, 2 ;
0,2; -2.861497, -2.043823, 2.900635 / -2.861497, -2.043823, 2.900635 / -2.861497, -2.043823, 2.900635; 1, 35, 1, 0; 0.556264830230; 0, 1, 0; 1, 0, 0; 2, 1, 1 ;
0,2; -2.735374, -2.003818, 2.695179 / -2.735374, -2.003818, 2.695179 / -2.735374, -2.003818, 2.695179; 1, 36, 1, 0; 0.679699092860; 1, 0, 1; 1, 0, 0; 2, 1, 2 ;
1,3; 2.32328, -0.82727, -3.32425 / 2.32328, -0.82727, -3.32425 / 2.32328, -0.82727, -3.32425; 1, 3, 1, 0; 0.161885032459; 1, 0, 1; 0, 1, 0; 4, 1, 2 ;
0,3; 2.237754, -1.081286, -3.809080 / 2.237754, -1.081286, -3.809080 / 2.237754, -1.081286, -3.809080; 1, 3, 1, 0; 0.000654795150; 1, 0, 1; 1, 0, 0; 2, 1, 2 ;
0,3; 2.328301, -0.825054, -3.295749 / 2.328301, -0.825054, -3.295749 / 2.328301, -0.825054, -3.295749; 1, 3, 1, 0; 0.161880152484; 1, 0, 1; 1, 0, 0; 2, 1, 2 ;
0,3; 2.374225, -0.664801, -3.002739 / 2.374225, -0.664801, -3.002739 / 2.374225, -0.664801, -3.002739; 1, 3, 1, 0; 0.315458903033; 1, 0, 1; 1, 0, 0; 3, 1, 2 ;
0,3; 2.812752, 0.801320, -0.171258 / 2.812752, 0.801320, -0.171258 / 2.812752, 0.801320, -0.171258; 1, 13, 1, 0; 0.942823536363; 1, 0, 1; 1, 0, 0; 3, 1, 2 ;
0,3; 3.014103, 1.447635, 1.092731 / 3.014103, 1.447635, 1.092731 / 3.014103, 1.447635, 1.092731; 1, 26, 1, 0; 0.270874570314; 1, 0, 1; 1, 0, 0; 2, 1, 2 ;
0,3; 3.157503, 1.909633, 1.990930 / 3.157503, 1.909633, 1.990930 / 3.157503, 1.909633, 1.990930; 1, 28, 1, 0; 0.536480829724; 1, 0, 1; 0, 1, 0; 4, 1, 2 ;
0,3; 3.155698, 1.908685, 1.989417 / 3.155698, 1.908685, 1.989417 / 3.155698, 1.908685, 1.989417; 1, 28, 1, 0; 0.536481897911; 1, 0, 1; 0, 1, 0; 4, 1, 2 ;
0,3; 3.221875, 2.131058, 2.417770 / 3.222299, 2.131624, 2.418699 / 3.221451, 2.130492, 2.416841; 1, 31, 1, 0; 0.457590208287; 1, 0, 2; 2, 0, 0; 2, 10, 2 / 3, 1, 2 ;
1,5; 0.177126, 3.12863, -0.869938 / 0.177126, 3.12863, -0.869938 / 0.177126, 3.12863, -0.869938; 1, 13, 1, 0; 0.251221866872; 1, 0, 1; 0, 1, 0; 1, 1, 2 ;
0,5; 0.283277, 3.066883, -0.720121 / 0.283277, 3.066883, -0.720121 / 0.283277, 3.066883, -0.720121; 1, 13, 1, 0; 0.271496818462; 0, 1, 0; 0, 1, 0; 4, 1, 1 ;
0,5; 0.281942, 3.067632, -0.721733 / 0.281942, 3.067632, -0.721733 / 0.281942, 3.067632, -0.721733; 1, 13, 1, 0; 0.271486151786; 1, 0, 1; 1, 0, 0; 3, 1, 2 ;
0,5; 0.275360, 3.071436, -0.730960 / 0.275360, 3.071436, -0.730960 / 0.275360, 3.071436, -0.730960; 1, 13, 1, 0; 0.271487308932; 0, 1, 0; 1, 0, 0; 1, 6, 0 / 2, 1, 1 / 2, 2, 0 / 2, 9, 0 / 3, 1, 0 / 3, 5, 0 ;
0,5; 1.367276, 2.444276, 0.774870 / 1.367276, 2.444276, 0.774870 / 1.367276, 2.444276, 0.774870; 1, 20, 1, 0; 0.711332916815; 1, 0, 1; 0, 1, 0; 4, 1, 2 ;
0,5; 1.179115, 2.555490, 0.513980 / 1.179115, 2.555490, 0.513980 / 1.179115, 2.555490, 0.513980; 1, 26, 1, 0; 0.009969011187; 1, 0, 1; 1, 0, 0; 2, 1, 2 ;
0,5; 1.176398, 2.555048, 0.505810 / 1.176398, 2.555048, 0.505810 / 1.176398, 2.555048, 0.505810; 1, 26, 1, 0; 0.009969628391; 0, 1, 0; 1, 0, 0; 3, 1, 1 / 3, 10, 0 ;
0,5; 1.837705, 2.159970, 1.425453 / 1.837705, 2.159970, 1.425453 / 1.837705, 2.159970, 1.425453; 1, 28, 1, 0; 0.187408283239; 1, 0, 1; 1, 0, 0; 2, 1, 2 ;
0,5; 2.554830, 1.760254, 2.410419 / 2.554830, 1.760254, 2.410419 / 2.554830, 1.760254, 2.410419; 1, 31, 1, 0; 0.591774709514; 0, 1, 0; 0, 1, 0; 4, 1, 1 ;
1,6; -1.72735, -0.0742477, -3.43492 / -1.72705, -0.074111, -3.43468 / -1.72766, -0.0743843, -3.43516; 1, 1, 1, 0; 0.749801912957; 2, 1, 1; 2, 0, 0; 3, 1, 2 / 3, 3, 1 ;
0,6; -1.550689, 1.220766, -4.113940 / -1.550689, 1.220766, -4.113940 / -1.550689, 1.220766, -4.113940; 1, 1, 1, 0; 0.124137598923; 0, 0, 0; 1, 0, 0; 2, 1, 3 / 4, 7, 0 ;
0,6; -1.552895, 1.211946, -4.113284 / -1.552895, 1.211946, -4.113284 / -1.552895, 1.211946, -4.113284; 1, 1, 1, 0; 0.124138215955; 1, 0, 1; 1, 0, 0; 3, 1, 2 ;
0,6; -1.668410, 0.358940, -3.662535 / -1.668410, 0.358940, -3.662535 / -1.668410, 0.358940, -3.662535; 1, 1, 1, 0; 0.691758110015; 1, 0, 1; 1, 0, 0; 3, 1, 2 ;
0,6; -1.727087, -0.075903, -3.430568 / -1.727087, -0.075903, -3.430568 / -1.727087, -0.075903, -3.430568; 1, 1, 1, 0; 0.749801829895; 1, 0, 1; 1, 0, 0; 3, 1, 2 ;
0,6; -1.727129, -0.073732, -3.431852 / -1.727129, -0.073732, -3.431852 / -1.727129, -0.073732, -3.431852; 1, 1, 1, 0; 0.749801869449; 1, 0, 1; 1, 0, 0; 2, 1, 2 / 4, 5, 0 ;
0,6; -1.730996, -0.072579, -3.432226 / -1.730996, -0.072579, -3.432226 / -1.730996, -0.072579, -3.432226; 1, 1, 1, 0; 0.749808660756; 0, 1, 0; 1, 0, 0; 3, 1, 1 ;
0,6; -2.064910, -2.582674, -2.109316 / -2.064910, -2.582674, -2.109316 / -2.064910, -2.582674, -2.109316; 1, 5, 1, 0; 0.745238698060; 0, 1, 0; 0, 1, 0; 4, 1, 1 ;
0,6; -2.184263, -3.403959, -1.675797 / -2.184263, -3.403959, -1.675797 / -2.184263, -3.403959, -1.675797; 1, 9, 1, 0; 0.011404192025; 1, 0, 1; 1, 0, 0; 3, 1, 2 ;
1,7; -1.77073, 0.810967, -1.60016 / -1.77051, 0.811653, -1.59987 / -1.77096, 0.81028, -1.60044; 1, 6, 1, 0; 0.712330065350; 2, 1, 2; 1, 2, 1; 1, 3, 0 / 1, 4, 2 / 3, 2, 2 / 4, 1, 1 ;
0,7; -3.210552, 1.575147, -2.047103 / -3.210552, 1.575147, -2.047103 / -3.210552, 1.575147, -2.047103; 1, 6, 1, 0; 0.459958160206; 1, 0, 1; 0, 1, 0; 1, 1, 2 ;
0,7; -3.021238, 1.458138, -1.984990 / -3.021238, 1.458138, -1.984990 / -3.021238, 1.458138, -1.984990; 1, 6, 1, 0; 0.431241632776; 1, 0, 1; 1, 0, 0; 2, 1, 2 ;
0,7; -1.971307, 0.920456, -1.429379 / -1.970927, 0.921087, -1.429209 / -1.971688, 0.919825, -1.429549; 1, 10, 1, 0; 0.009066575399; 1, 0, 2; 1, 1, 0; 2, 1, 2 / 4, 3, 2 ;
0,7; -1.943036, 0.828988, -1.446439 / -1.943036, 0.828988, -1.446439 / -1.943036, 0.828988, -1.446439; 1, 10, 1, 0; 0.007957758587; 1, 0, 1; 0, 1, 0; 1, 1, 2 ;
0,7; -1.995833, 0.919068, -1.407499 / -1.995833, 0.919068, -1.407499 / -1.995833, 0.919068, -1.407499; 1, 10, 1, 0; 0.009087964825; 1, 0, 1; 0, 1, 0; 1, 1, 2 ;
0,7; -1.406549, 0.636442, -1.519589 / -1.406549, 0.636442, -1.519589 / -1.406549, 0.636442, -1.519589; 1, 10, 1, 0; 0.002714521452; 1, 0, 1; 1, 0, 0; 2, 1, 2 ;
0,7; -1.956803, 0.839753, -1.434314 / -1.956803, 0.839753, -1.434314 / -1.956803, 0.839753, -1.434314; 1, 10, 1, 0; 0.007972146166; 1, 0, 1; 1, 0, 0; 2, 1, 2 ;
0,7; -1.958385, 0.846500, -1.420693 / -1.958385, 0.846500, -1.420693 / -1.958385, 0.846500, -1.420693; 1, 10, 1, 0; 0.007982489435; 1, 0, 1; 1, 0, 0; 3, 1, 2 ;
0,7; -1.968914, 0.915584, -1.426628 / -1.968914, 0.915584, -1.426628 / -1.968914, 0.915584, -1.426628; 1, 10, 1, 0; 0.009066045530; 0, 1, 0; 1, 0, 0; 2, 1, 1 ;
0,7; -1.997683, 0.909230, -1.402440 / -1.997683, 0.909230, -1.402440 / -1.997683, 0.909230, -1.402440; 1, 10, 1, 0; 0.009089494959; 1, 0, 1; 1, 0, 0; 3, 1, 2 ;
0,7; -0.860114, 0.354590, -1.363276 / -0.860114, 0.354590, -1.363276 / -0.860114, 0.354590, -1.363276; 1, 11, 1, 0; 0.350379835487; 1, 0, 1; 1, 0, 0; 2, 1, 2 ;
0,7; -0.485111, 0.160265, -1.248723 / -0.485111, 0.160265, -1.248723 / -0.485111, 0.160265, -1.248723; 1, 11, 1, 0; 0.414705310510; 0, 0, 0; 1, 0, 0; 2, 1, 3 ;
0,7; 0.434111, -0.322028, -0.980673 / 0.434111, -0.322028, -0.980673 / 0.434111, -0.322028, -0.980673; 1, 11, 1, 0; 0.672149614580; 1, 0, 1; 1, 0, 0; 3, 1, 2 ;
0,7; 2.191633, -1.225537, -0.466349 / 2.191633, -1.225537, -0.466349 / 2.191633, -1.225537, -0.466349; 1, 12, 1, 0; 0.718878093773; 0, 1, 0; 0, 1, 0; 4, 1, 1 ;
0,7; 2.566963, -1.419240, -0.356699 / 2.566963, -1.419240, -0.356699 / 2.566963, -1.419240, -0.356699; 1, 12, 1, 0; 0.695652713503; 1, 0, 1; 1, 0, 0; 1, 2, 0 / 2, 1, 2 ;
0,7; 2.039915, -1.150017, -0.511181 / 2.039915, -1.150017, -0.511181 / 2.039915, -1.150017, -0.511181; 1, 12, 1, 0; 0.717699295762; 1, 0, 1; 1, 0, 0; 2, 1, 2 ;
0,7; 2.175246, -1.215436, -0.472973 / 2.175246, -1.215436, -0.472973 / 2.175246, -1.215436, -0.472973; 1, 12, 1, 0; 0.718872251823; 1, 0, 1; 1, 0, 0; 3, 1, 2 ;
1,8; -1.21958, -0.451884, -3.57947 / -1.21958, -0.451884, -3.57947 / -1.21958, -0.451884, -3.57947; 1, 1, 1, 0; 0.787085069725; 1, 0, 1; 0, 1, 0; 1, 1, 2 ;
0,8; -1.222790, -0.453326, -3.577452 / -1.222790, -0.453326, -3.577452 / -1.222790, -0.453326, -3.577452; 1, 1, 1, 0; 0.787085587873; 0, 1, 0; 0, 1, 0; 4, 1, 1 ;
0,8; -1.149892, -0.146686, -4.088316 / -1.149892, -0.146686, -4.088316 / -1.149892, -0.146686, -4.088316; 1, 1, 1, 0; 0.205743748991; 1, 0, 1; 1, 0, 0; 3, 1, 2 ;
0,8; -1.144516, -0.144583, -4.092734 / -1.144516, -0.144583, -4.092734 / -1.144516, -0.144583, -4.092734; 1, 1, 1, 0; 0.205744259229; 1, 0, 1; 1, 0, 0; 3, 1, 2 ;
0,8; -1.216995, -0.430018, -3.600946 / -1.216995, -0.430018, -3.600946 / -1.216995, -0.430018, -3.600946; 1, 1, 1, 0; 0.787067535732; 0, 1, 0; 1, 0, 0; 3, 1, 1 / 4, 1, 0 ;
0,8; -1.211686, -0.433564, -3.600168 / -1.211686, -0.433564, -3.600168 / -1.211686, -0.433564, -3.600168; 1, 1, 1, 0; 0.787068216050; 1, 0, 1; 1, 0, 0; 2, 1, 2 ;
0,8; -1.222878, -0.428458, -3.597922 / -1.222878, -0.428458, -3.597922 / -1.222878, -0.428458, -3.597922; 1, 1, 1, 0; 0.787073911730; 1, 0, 1; 1, 0, 0; 2, 1, 2 / 2, 7, 0 / 4, 2, 0 ;
0,8; -1.390786, -1.153248, -2.394630 / -1.390786, -1.153248, -2.394630 / -1.390786, -1.153248, -2.394630; 1, 5, 1, 0; 0.446365902406; 1, 0, 1; 1, 0, 0; 2, 1, 2 ;
0,8; -1.785437, -1.631383, -2.009893 / -1.785437, -1.631383, -2.009893 / -1.785437, -1.631383, -2.009893; 1, 5, 1, 0; 0.859497804844; 0, 1, 0; 1, 0, 0; 3, 1, 1 ;
0,8; -1.807694, -1.644118, -2.004336 / -1.807694, -1.644118, -2.004336 / -1.807694, -1.644118, -2.004336; 1, 5, 1, 0; 0.859502367671; 0, 1, 0; 1, 0, 0; 3, 1, 1 ;
0,8; -1.808452, -1.644378, -1.992760 / -1.808452, -1.644378, -1.992760 / -1.808452, -1.644378, -1.992760; 1, 5, 1, 0; 0.859511140452; 1, 0, 1; 1, 0, 0; 3, 1, 2 ;
0,8; -1.751639, -1.607669, -2.014406 / -1.751639, -1.607669, -2.014406 / -1.751639, -1.607669, -2.014406; 1, 5, 1, 0; 0.859835140330; 0, 1, 0; 1, 0, 0; 3, 1, 1 ;
0,8; -2.915912, -2.897462, -1.764202 / -2.915912, -2.897462, -1.764202 / -2.915912, -2.897462, -1.764202; 1, 9, 1, 0; 0.034441317493; 0, 1, 0; 0, 1, 0; 4, 1, 1 ;
0,8; -2.681237, -2.377314, -1.677230 / -2.681237, -2.377314, -1.677230 / -2.681237, -2.377314, -1.677230; 1, 9, 1, 0; 0.077211664482; 1, 0, 1; 0, 1, 0; 1, 1, 2 / 3, 2, 0 ;
0,8; -2.964437, -3.032073, -1.784448 / -2.964437, -3.032073, -1.784448 / -2.964437, -3.032073, -1.784448; 1, 9, 1, 0; 0.035108671909; 1, 0, 1; 1, 0, 0; 3, 1, 2 ;
0,8; -2.689759, -2.373769, -1.677389 / -2.689759, -2.373769, -1.677389 / -2.689759, -2.373769, -1.677389; 1, 9, 1, 0; 0.077210112722; 1, 0, 1; 1, 0, 0; 3, 1, 2 ;
0,8; -2.468505, -2.144709, -1.732009 / -2.468505, -2.144709, -1.732009 / -2.468505, -2.144709, -1.732009; 1, 9, 1, 0; 0.099016032337; 1, 0, 1; 1, 0, 0; 2, 1, 2 ;
0,8; -1.526268, -1.777840, -1.359166 / -1.526268, -1.777840, -1.359166 / -1.526268, -1.777840, -1.359166; 1, 9, 1, 0; 0.133296080263; 1, 0, 1; 1, 0, 0; 3, 1, 2 ;
0,8; -1.681375, -2.434377, -0.253017 / -1.681375, -2.434377, -0.253017 / -1.681375, -2.434377, -0.253017; 1, 10, 1, 0; 0.913512748228; 1, 0, 1; 0, 1, 0; 1, 1, 2 ;
0,8; -1.640924, -2.267160, -0.535132 / -1.640924, -2.267160, -0.535132 / -1.640924, -2.267160, -0.535132; 1, 10, 1, 0; 0.494188061499; 1, 0, 1; 1, 0, 0; 2, 1, 2 ;
0,8; -1.877405, -3.287611, 1.175971 / -1.877355, -3.287369, 1.176044 / -1.877456, -3.287853, 1.175898; 1, 18, 1, 0; 0.990477878303; 2, 1, 1; 1, 1, 0; 1, 1, 2 / 1, 10, 0 / 2, 1, 1 ;
0,8; -1.760202, -2.780431, 0.325683 / -1.760202, -2.780431, 0.325683 / -1.760202, -2.780431, 0.325683; 1, 18, 1, 0; 0.343779121995; 1, 0, 1; 0, 1, 0; 4, 1, 2 ;
0,8; -1.775550, -2.847362, 0.444049 / -1.774929, -2.846714, 0.444594 / -1.776170, -2.848009, 0.443503; 1, 18, 1, 0; 0.282775136770; 2, 1, 1; 2, 0, 0; 1, 7, 0 / 2, 8, 0 / 2, 9, 1 / 3, 1, 2 ;
0,8; -1.710862, -2.855858, 0.400647 / -1.710862, -2.855858, 0.400647 / -1.710862, -2.855858, 0.400647; 1, 18, 1, 0; 0.282730618582; 1, 0, 1; 1, 0, 0; 3, 1, 2 ;
0,8; -1.771734, -2.844843, 0.443517 / -1.771734, -2.844843, 0.443517 / -1.771734, -2.844843, 0.443517; 1, 18, 1, 0; 0.282775290209; 1, 0, 1; 1, 0, 0; 3, 1, 2 ;
0,8; -1.761422, -2.780798, 0.328935 / -1.761422, -2.780798, 0.328935 / -1.761422, -2.780798, 0.328935; 1, 18, 1, 0; 0.343778257158; 1, 0, 1; 1, 0, 0; 3, 1, 2 ;
1,9; -1.68189, 0.322492, -3.3386 / -1.68189, 0.322492, -3.3386 / -1.68189, 0.322492, -3.3386; 1, 2, 1, 0; 0.354397104380; 1, 0, 1; 1, 0, 0; 2, 1, 2 ;
0,9; -1.713778, 0.345926, -3.071562 / -1.713778, 0.345926, -3.071562 / -1.713778, 0.345926, -3.071562; 1, 2, 1, 0; 0.592588211841; 1, 0, 1; 1, 0, 0; 3, 1, 2 ;
0,9; -1.721250, 0.358507, -3.035060 / -1.721250, 0.358507, -3.035060 / -1.721250, 0.358507, -3.035060; 1, 2, 1, 0; 0.592792097402; 1, 0, 1; 1, 0, 0; 2, 1, 2 ;
0,9; -1.984257, 0.505036, -1.427231 / -1.984257, 0.505036, -1.427231 / -1.984257, 0.505036, -1.427231; 1, 10, 1, 0; 0.041342056716; 1, 0, 1; 1, 0, 0; 2, 1, 2 ;
0,9; -2.357368, 0.744480, 0.849279 / -2.357368, 0.744480, 0.849279 / -2.357368, 0.744480, 0.849279; 1, 23, 1, 0; 0.112367118485; 0, 1, 0; 1, 0, 0; 2, 1, 1 ;
0,9; -2.423534, 0.796018, 1.264381 / -2.423534, 0.796018, 1.264381 / -2.423534, 0.796018, 1.264381; 1, 24, 1, 0; 0.577022830362; 1, 0, 1; 1, 0, 0; 2, 1, 2 ;
0,9; -2.674028, 0.940633, 2.796475 / -2.674028, 0.940633, 2.796475 / -2.674028, 0.940633, 2.796475; 1, 39, 1, 0; 0.374622677982; 0, 1, 0; 1, 0, 0; 3, 1, 1 ;
