1,0; 0.917957, -3.88427, 1.10332 / 0.917957, -3.88427, 1.10332 / 0.917957, -3.88427, 1.10332; 1, 18, 1, 0; 0.889805711552; 1, 0, 1; 0, 1, 0; 1, 1, 2 ;
0,0; 1.401548, -4.304960, 0.441580 / 1.401548, -4.304960, 0.441580 / 1.401548, -4.304960, 0.441580; 1, 18, 1, 0; 0.130895385397; 1, 0, 1; 1, 0, 0; 2, 1, 2 ;
0,0; 0.772159, -3.757449, 1.318066 / 0.772159, -3.757449, 1.318066 / 0.772159, -3.757449, 1.318066; 1, 22, 1, 0; 0.652963363135; 1, 0, 1; 1, 0, 0; 3, 1, 2 ;
0,0; 0.116729, -3.191811, 2.214565 / 0.116729, -3.191811, 2.214565 / 0.116729, -3.191811, 2.214565; 1, 32, 1, 0; 0.791831385742; 1, 0, 1; 0, 1, 0; 1, 1, 2 ;
0,0; 0.115634, -3.194028, 2.212082 / 0.115634, -3.194028, 2.212082 / 0.115634, -3.194028, 2.212082; 1, 32, 1, 0; 0.791831528947; 0, 0, 0; 1, 0, 0; 3, 1, 3 ;
1,2; -3.63547, 1.88291, -0.287911 / -3.63547, 1.88291, -0.287911 / -3.63547, 1.88291, -0.287911; 1, 14, 1, 0; 0.514891892957; 1, 0, 1; 0, 1, 0; 4, 1, 2 ;
0,2; -3.878002, 2.151962, -0.355668 / -3.878002, 2.151962, -0.355668 / -3.878002, 2.151962, -0.355668; 1, 14, 1, 0; 0.271350137811; 1, 0, 1; 1, 0, 0; 2, 1, 2 ;
0,2; -3.212847, 1.407681, -0.181289 / -3.212847, 1.407681, -0.181289 / -3.212847, 1.407681, -0.181289; 1, 14, 1, 0; 0.470043072938; 1, 0, 1; 1, 0, 0; 3, 1, 2 ;
0,2; -3.619986, 1.869060, -0.281839 / -3.619986, 1.869060, -0.281839 / -3.619986, 1.869060, -0.281839; 1, 14, 1, 0; 0.514884334573; 1, 0, 1; 1, 0, 0; 2, 1, 2 ;
0,2; 1.189054, -3.615221, 0.838723 / 1.189678, -3.614789, 0.839231 / 1.188430, -3.615653, 0.838214; 1, 18, 1, 0; 0.712273482420; 2, 1, 1; 2, 1, 0; 2, 1, 0 / 3, 1, 1 / 3, 5, 3 / 4, 1, 0 / 4, 2, 2 ;
0,2; 1.188884, -3.609550, 0.834393 / 1.189752, -3.609315, 0.834399 / 1.188015, -3.609784, 0.834387; 1, 18, 1, 0; 0.712272401374; 1, 0, 1; 1, 1, 0; 1, 5, 3 / 2, 1, 2 ;
0,2; 0.163955, -2.434025, 0.669681 / 0.163955, -2.434025, 0.669681 / 0.163955, -2.434025, 0.669681; 1, 18, 1, 0; 0.527503361706; 0, 1, 0; 0, 1, 0; 4, 1, 1 ;
0,2; 0.895124, -3.264720, 0.849143 / 0.895467, -3.264517, 0.849844 / 0.894781, -3.264922, 0.848442; 1, 18, 1, 0; 0.700515163942; 1, 0, 2; 2, 0, 0; 2, 1, 2 / 3, 7, 2 ;
0,2; 1.187124, -3.604424, 0.834068 / 1.187287, -3.604321, 0.834628 / 1.186961, -3.604528, 0.833508; 1, 18, 1, 0; 0.712272136343; 1, 0, 2; 2, 0, 0; 1, 7, 0 / 2, 1, 2 / 2, 7, 0 / 3, 2, 2 ;
0,2; 0.654159, -2.999470, 0.793184 / 0.654159, -2.999470, 0.793184 / 0.654159, -2.999470, 0.793184; 1, 18, 1, 0; 0.621670349199; 1, 0, 1; 1, 0, 0; 3, 1, 2 ;
0,2; 1.188867, -3.612039, 0.831104 / 1.188867, -3.612039, 0.831104 / 1.188867, -3.612039, 0.831104; 1, 18, 1, 0; 0.712260293654; 1, 0, 1; 1, 0, 0; 2, 1, 2 ;
0,2; 1.188819, -3.609061, 0.834387 / 1.189752, -3.608808, 0.834399 / 1.187885, -3.609315, 0.834376; 1, 18, 1, 0; 0.712272359527; 0, 1, 0; 2, 0, 0; 2, 1, 1 / 2, 7, 2 ;
0,2; 1.189228, -3.612423, 0.836015 / 1.189228, -3.612423, 0.836015 / 1.189228, -3.612423, 0.836015; 1, 18, 1, 0; 0.712272561787; 0, 1, 0; 1, 0, 0; 3, 1, 1 ;
0,2; 1.190906, -3.613394, 0.835131 / 1.190906, -3.613394, 0.835131 / 1.190906, -3.613394, 0.835131; 1, 18, 1, 0; 0.712273356879; 0, 1, 0; 1, 0, 0; 3, 1, 1 ;
0,2; 1.187138, -3.623446, 0.842799 / 1.187138, -3.623446, 0.842799 / 1.187138, -3.623446, 0.842799; 1, 18, 1, 0; 0.712275637538; 1, 0, 1; 1, 0, 0; 2, 1, 2 ;
0,2; 1.202351, -3.587232, 0.845460 / 1.202351, -3.587232, 0.845460 / 1.202351, -3.587232, 0.845460; 1, 18, 1, 0; 0.712348325703; 1, 0, 1; 1, 0, 0; 2, 1, 2 ;
0,2; 1.202674, -3.586175, 0.843964 / 1.202674, -3.586175, 0.843964 / 1.202674, -3.586175, 0.843964; 1, 18, 1, 0; 0.712348423346; 1, 0, 1; 1, 0, 0; 3, 1, 2 ;
0,2; 1.550904, -4.007931, 1.018822 / 1.550904, -4.007931, 1.018822 / 1.550904, -4.007931, 1.018822; 1, 22, 1, 0; 0.046784295493; 0, 1, 0; 0, 1, 0; 4, 1, 1 ;
0,2; 1.552043, -4.011287, 1.018525 / 1.552043, -4.011287, 1.018525 / 1.552043, -4.011287, 1.018525; 1, 22, 1, 0; 0.046783444217; 1, 0, 1; 1, 0, 0; 2, 1, 2 ;
0,2; 1.553585, -4.007774, 1.022089 / 1.553585, -4.007774, 1.022089 / 1.553585, -4.007774, 1.022089; 1, 22, 1, 0; 0.046784171803; 1, 0, 1; 1, 0, 0; 3, 1, 2 / 4, 8, 0 ;
0,2; 1.558669, -4.000903, 1.019239 / 1.558669, -4.000903, 1.019239 / 1.558669, -4.000903, 1.019239; 1, 22, 1, 0; 0.046785204976; 1, 0, 1; 1, 0, 0; 3, 1, 2 ;
0,2; -1.050555, -1.054494, 0.362691 / -1.050555, -1.054494, 0.362691 / -1.050555, -1.054494, 0.362691; 1, 23, 1, 0; 0.021957740109; 1, 0, 1; 0, 1, 0; 1, 1, 2 ;
0,2; -0.747173, -1.399487, 0.439446 / -0.747072, -1.399141, 0.439493 / -0.747274, -1.399833, 0.439399; 1, 23, 1, 0; 0.018228285883; 1, 0, 2; 2, 0, 0; 2, 1, 2 / 3, 3, 2 / 3, 5, 0 ;
0,2; -0.763770, -1.376473, 0.434669 / -0.763770, -1.376473, 0.434669 / -0.763770, -1.376473, 0.434669; 1, 23, 1, 0; 0.015760797755; 1, 0, 1; 1, 0, 0; 3, 1, 2 ;
0,2; -1.057171, -1.048649, 0.361565 / -1.057171, -1.048649, 0.361565 / -1.057171, -1.048649, 0.361565; 1, 23, 1, 0; 0.021955523139; 1, 0, 1; 1, 0, 0; 3, 1, 2 ;
0,2; -1.046236, -1.059653, 0.363802 / -1.046236, -1.059653, 0.363802 / -1.046236, -1.059653, 0.363802; 1, 23, 1, 0; 0.021958841204; 0, 1, 0; 1, 0, 0; 2, 1, 1 ;
0,2; -1.086091, -1.015713, 0.353739 / -1.086091, -1.015713, 0.353739 / -1.086091, -1.015713, 0.353739; 1, 23, 1, 0; 0.023322795334; 1, 0, 1; 1, 0, 0; 3, 1, 2 ;
1,5; -1.10316, 0.615829, -2.55133 / -1.10316, 0.615829, -2.55133 / -1.10316, 0.615829, -2.55133; 1, 2, 1, 0; 0.872345599613; 1, 0, 1; 0, 1, 0; 4, 1, 2 ;
0,5; -2.948437, 0.314062, -3.073490 / -2.948437, 0.314062, -3.073490 / -2.948437, 0.314062, -3.073490; 1, 2, 1, 0; 0.585872688899; 1, 0, 1; 1, 0, 0; 2, 1, 2 / 2, 2, 0 / 4, 3, 0 ;
0,5; -2.948288, 0.313919, -3.077488 / -2.948288, 0.313919, -3.077488 / -2.948288, 0.313919, -3.077488; 1, 2, 1, 0; 0.585873179360; 0, 1, 0; 1, 0, 0; 3, 1, 1 ;
0,5; -2.953490, 0.315170, -3.075006 / -2.953490, 0.315170, -3.075006 / -2.953490, 0.315170, -3.075006; 1, 2, 1, 0; 0.585879966712; 1, 0, 1; 1, 0, 0; 2, 1, 2 / 2, 3, 0 ;
0,5; -2.607494, 0.336997, -2.990795 / -2.607494, 0.336997, -2.990795 / -2.607494, 0.336997, -2.990795; 1, 2, 1, 0; 0.587642174452; 1, 0, 1; 1, 0, 0; 3, 1, 2 ;
0,5; -1.720249, 0.509225, -2.730399 / -1.720249, 0.509225, -2.730399 / -1.720249, 0.509225, -2.730399; 1, 2, 1, 0; 0.868200303611; 1, 0, 1; 1, 0, 0; 3, 1, 2 ;
0,5; -0.832136, 0.650681, -2.448537 / -0.832136, 0.650681, -2.448537 / -0.832136, 0.650681, -2.448537; 1, 4, 1, 0; 0.429401048530; 1, 0, 1; 0, 1, 0; 4, 1, 2 ;
0,5; -0.836142, 0.640774, -2.439778 / -0.836142, 0.640774, -2.439778 / -0.836142, 0.640774, -2.439778; 1, 4, 1, 0; 0.429402160729; 1, 0, 1; 0, 1, 0; 1, 1, 2 ;
0,5; -0.067216, 0.882176, -1.945535 / -0.067216, 0.882176, -1.945535 / -0.067216, 0.882176, -1.945535; 1, 4, 1, 0; 0.669286935287; 1, 0, 1; 1, 0, 0; 3, 1, 2 ;
0,5; -0.666303, 0.550135, -1.093701 / -0.666303, 0.550135, -1.093701 / -0.666303, 0.550135, -1.093701; 1, 11, 1, 0; 0.760946006875; 1, 0, 1; 0, 1, 0; 1, 1, 2 ;
0,5; -0.543185, 0.645341, -1.227671 / -0.543185, 0.645341, -1.227671 / -0.543185, 0.645341, -1.227671; 1, 11, 1, 0; 0.823308094506; 1, 0, 1; 0, 1, 0; 4, 1, 2 ;
0,5; 2.593922, 1.310455, -1.490483 / 2.593922, 1.310455, -1.490483 / 2.593922, 1.310455, -1.490483; 1, 11, 1, 0; 0.260462612662; 0, 0, 0; 1, 0, 0; 3, 1, 3 ;
0,5; -0.395327, 0.741617, -1.401375 / -0.395327, 0.741617, -1.401375 / -0.395327, 0.741617, -1.401375; 1, 11, 1, 0; 0.341745833391; 1, 0, 1; 1, 0, 0; 2, 1, 2 ;
0,5; -0.663388, 0.553396, -1.098832 / -0.663388, 0.553396, -1.098832 / -0.663388, 0.553396, -1.098832; 1, 11, 1, 0; 0.760935335732; 1, 0, 1; 1, 0, 0; 3, 1, 2 ;
0,5; -0.682994, 0.569380, -1.091723 / -0.682994, 0.569380, -1.091723 / -0.682994, 0.569380, -1.091723; 1, 11, 1, 0; 0.760940376631; 1, 0, 1; 1, 0, 0; 3, 1, 2 ;
0,5; -0.600620, 0.505643, -1.143431 / -0.600620, 0.505643, -1.143431 / -0.600620, 0.505643, -1.143431; 1, 11, 1, 0; 0.762349087717; 1, 0, 1; 1, 0, 0; 2, 1, 2 ;
1,6; -0.448762, 2.29019, -1.74148 / -0.448307, 2.29047, -1.74055 / -0.449218, 2.28991, -1.74241; 1, 7, 1, 0; 0.073357704844; 0, 1, 0; 2, 1, 0; 1, 5, 0 / 1, 8, 3 / 2, 3, 0 / 2, 4, 1 / 3, 1, 3 / 3, 7, 0 ;
0,6; -0.440451, 2.288407, -1.738461 / -0.440451, 2.288407, -1.738461 / -0.440451, 2.288407, -1.738461; 1, 7, 1, 0; 0.073347830445; 1, 0, 1; 0, 1, 0; 1, 1, 2 ;
0,6; -0.444444, 2.287746, -1.738601 / -0.444444, 2.287746, -1.738601 / -0.444444, 2.287746, -1.738601; 1, 7, 1, 0; 0.073357178141; 0, 1, 0; 0, 1, 0; 1, 1, 1 ;
0,6; -1.098779, 1.516452, -1.007169 / -1.098779, 1.516452, -1.007169 / -1.098779, 1.516452, -1.007169; 1, 7, 1, 0; 0.535617208761; 1, 0, 1; 0, 1, 0; 1, 1, 2 ;
0,6; -0.452437, 2.289475, -1.732480 / -0.452437, 2.289475, -1.732480 / -0.452437, 2.289475, -1.732480; 1, 7, 1, 0; 0.073356881551; 1, 0, 1; 1, 0, 0; 3, 1, 2 ;
0,6; -1.104325, 1.517519, -1.008802 / -1.104325, 1.517519, -1.008802 / -1.104325, 1.517519, -1.008802; 1, 7, 1, 0; 0.535608490040; 1, 0, 1; 1, 0, 0; 2, 1, 2 ;
0,6; -1.896657, 0.555221, -0.100309 / -1.896657, 0.555221, -0.100309 / -1.896657, 0.555221, -0.100309; 1, 14, 1, 0; 0.387808111844; 1, 0, 1; 1, 0, 0; 3, 1, 2 ;
0,6; -2.307440, 0.053936, 0.375605 / -2.307440, 0.053936, 0.375605 / -2.307440, 0.053936, 0.375605; 1, 17, 1, 0; 0.710931548142; 1, 0, 1; 1, 0, 0; 3, 1, 2 / 4, 3, 0 ;
0,6; -2.307930, 0.050899, 0.375239 / -2.307930, 0.050899, 0.375239 / -2.307930, 0.050899, 0.375239; 1, 17, 1, 0; 0.710932392056; 1, 0, 1; 1, 0, 0; 2, 1, 2 ;
0,6; -2.314002, 0.045612, 0.379044 / -2.314002, 0.045612, 0.379044 / -2.314002, 0.045612, 0.379044; 1, 17, 1, 0; 0.710932936066; 1, 0, 1; 1, 0, 0; 3, 1, 2 ;
0,6; -2.714350, -0.440644, 0.841279 / -2.714350, -0.440644, 0.841279 / -2.714350, -0.440644, 0.841279; 1, 21, 1, 0; 0.393171569141; 0, 1, 0; 0, 1, 0; 1, 1, 1 ;
0,6; -3.270748, -1.114305, 1.477911 / -3.270748, -1.114305, 1.477911 / -3.270748, -1.114305, 1.477911; 1, 23, 1, 0; 0.933693694493; 0, 1, 0; 1, 0, 0; 2, 1, 1 ;
0,6; -3.614399, -1.533833, 1.870630 / -3.614399, -1.533833, 1.870630 / -3.614399, -1.533833, 1.870630; 1, 30, 1, 0; 0.414039806578; 0, 1, 0; 0, 1, 0; 4, 1, 1 ;
0,6; -3.614379, -1.535285, 1.874522 / -3.614379, -1.535285, 1.874522 / -3.614379, -1.535285, 1.874522; 1, 30, 1, 0; 0.414038150568; 1, 0, 1; 1, 0, 0; 3, 1, 2 ;
1,7; 1.11698, 0.801852, -3.89668 / 1.11698, 0.801852, -3.89668 / 1.11698, 0.801852, -3.89668; 1, 1, 1, 0; 0.548700938047; 1, 0, 1; 1, 0, 0; 3, 1, 2 ;
0,7; 1.119443, 0.805306, -3.891657 / 1.119443, 0.805306, -3.891657 / 1.119443, 0.805306, -3.891657; 1, 1, 1, 0; 0.548707784729; 1, 0, 1; 1, 0, 0; 3, 1, 2 ;
0,7; 0.847605, 1.452151, -3.531918 / 0.847605, 1.452151, -3.531918 / 0.847605, 1.452151, -3.531918; 1, 1, 1, 0; 0.611575100703; 0, 1, 0; 1, 0, 0; 3, 1, 1 ;
0,7; 0.734193, 1.729122, -3.377692 / 0.734193, 1.729122, -3.377692 / 0.734193, 1.729122, -3.377692; 1, 2, 1, 0; 0.241692494993; 1, 0, 1; 0, 1, 0; 4, 1, 2 ;
0,7; 0.452336, 2.404799, -2.999775 / 0.452336, 2.404799, -2.999775 / 0.452336, 2.404799, -2.999775; 1, 2, 1, 0; 0.759333281123; 1, 0, 1; 0, 1, 0; 4, 1, 2 ;
0,7; 0.451394, 2.407848, -3.001660 / 0.451394, 2.407848, -3.001660 / 0.451394, 2.407848, -3.001660; 1, 2, 1, 0; 0.759333708299; 1, 0, 1; 0, 1, 0; 4, 1, 2 ;
0,7; 0.443778, 2.425140, -2.992866 / 0.443778, 2.425140, -2.992866 / 0.443778, 2.425140, -2.992866; 1, 2, 1, 0; 0.759337936550; 1, 0, 1; 0, 1, 0; 1, 1, 2 ;
0,7; 0.364980, 2.609654, -2.886754 / 0.364980, 2.609654, -2.886754 / 0.364980, 2.609654, -2.886754; 1, 2, 1, 0; 0.770760816254; 1, 0, 1; 0, 1, 0; 4, 1, 2 ;
0,7; 0.445257, 2.422179, -2.992312 / 0.445257, 2.422179, -2.992312 / 0.445257, 2.422179, -2.992312; 1, 2, 1, 0; 0.759338387458; 1, 0, 1; 1, 0, 0; 3, 1, 2 ;
1,8; 3.51979, -0.93894, -1.31505 / 3.51979, -0.93894, -1.31505 / 3.51979, -0.93894, -1.31505; 1, 8, 1, 0; 0.756869800088; 1, 0, 1; 1, 0, 0; 2, 1, 2 ;
0,8; 3.518438, -0.938146, -1.305080 / 3.518438, -0.938146, -1.305080 / 3.518438, -0.938146, -1.305080; 1, 8, 1, 0; 0.756879035285; 1, 0, 1; 1, 0, 0; 2, 1, 2 / 2, 3, 0 / 4, 5, 0 ;
0,8; 0.823012, -1.025383, -0.202762 / 0.823669, -1.024764, -0.202225 / 0.822355, -1.026002, -0.203299; 1, 16, 1, 0; 0.336565426632; 1, 0, 2; 0, 2, 0; 1, 1, 2 / 1, 4, 2 ;
0,8; 0.802110, -1.043582, -0.218398 / 0.802117, -1.043243, -0.218236 / 0.802102, -1.043922, -0.218561; 1, 16, 1, 0; 0.335274875702; 2, 2, 1; 2, 1, 0; 2, 1, 1 / 2, 2, 2 / 4, 4, 1 ;
0,8; 0.821676, -1.025768, -0.203228 / 0.822355, -1.024764, -0.203156 / 0.820998, -1.026771, -0.203299; 1, 16, 1, 0; 0.336565446723; 1, 0, 1; 0, 2, 0; 1, 1, 2 / 1, 8, 2 ;
0,8; 0.827574, -1.024328, -0.203866 / 0.827574, -1.024328, -0.203866 / 0.827574, -1.024328, -0.203866; 1, 16, 1, 0; 0.336565326175; 0, 1, 0; 1, 0, 0; 3, 1, 1 ;
0,8; 0.827550, -1.031061, -0.201128 / 0.827550, -1.031061, -0.201128 / 0.827550, -1.031061, -0.201128; 1, 16, 1, 0; 0.336576128595; 1, 0, 1; 1, 0, 0; 1, 10, 0 / 3, 1, 2 / 4, 5, 0 / 4, 6, 0 ;
0,8; -0.171570, -1.095555, 0.177466 / -0.171570, -1.095555, 0.177466 / -0.171570, -1.095555, 0.177466; 1, 16, 1, 0; 0.854630132656; 1, 0, 1; 1, 0, 0; 2, 1, 2 ;
0,8; -3.806225, -1.268158, 1.687690 / -3.806225, -1.268158, 1.687690 / -3.806225, -1.268158, 1.687690; 1, 24, 1, 0; 0.680083867993; 1, 0, 1; 1, 0, 0; 3, 1, 2 ;
1,9; 1.34424, -1.61293, -3.80935 / 1.34424, -1.61293, -3.80935 / 1.34424, -1.61293, -3.80935; 1, 1, 1, 0; 0.353359379203; 1, 0, 1; 1, 0, 0; 3, 1, 2 ;
0,9; 1.055419, -1.432092, -2.830845 / 1.055419, -1.432092, -2.830845 / 1.055419, -1.432092, -2.830845; 1, 3, 1, 0; 0.350183146153; 0, 1, 0; 0, 1, 0; 4, 1, 1 ;
0,9; 0.538187, -1.108267, -1.095534 / 0.538332, -1.108166, -1.095375 / 0.538042, -1.108369, -1.095693; 1, 11, 1, 0; 0.599026883271; 2, 1, 1; 0, 2, 1; 1, 5, 2 / 4, 1, 1 ;
0,9; 0.081152, -0.821977, 0.448462 / 0.081152, -0.821977, 0.448462 / 0.081152, -0.821977, 0.448462; 1, 23, 1, 0; 0.045926087683; 1, 0, 1; 0, 1, 0; 4, 1, 2 ;
0,9; -0.257866, -0.608414, 1.568438 / -0.257866, -0.608414, 1.568438 / -0.257866, -0.608414, 1.568438; 1, 27, 1, 0; 0.762553998703; 1, 0, 1; 1, 0, 0; 2, 1, 2 ;
0,9; -0.379670, -0.533381, 1.993620 / -0.379670, -0.533381, 1.993620 / -0.379670, -0.533381, 1.993620; 1, 30, 1, 0; 0.602152189245; 1, 0, 1; 1, 0, 0; 2, 1, 2 ;
0,9; -0.815629, -0.258224, 3.451004 / -0.815629, -0.258224, 3.451004 / -0.815629, -0.258224, 3.451004; 1, 44, 1, 0; 0.548852808450; 1, 0, 1; 0, 1, 0; 1, 1, 2 ;
0,9; -0.822215, -0.252957, 3.473367 / -0.822215, -0.252957, 3.473367 / -0.822215, -0.252957, 3.473367; 1, 44, 1, 0; 0.548873291891; 1, 0, 1; 0, 1, 0; 4, 1, 2 ;
0,9; -0.822528, -0.254614, 3.471967 / -0.822528, -0.254614, 3.471967 / -0.822528, -0.254614, 3.471967; 1, 44, 1, 0; 0.548873589040; 1, 0, 1; 1, 0, 0; 2, 1, 2 ;
0,9; -1.102974, -0.073233, 4.426016 / -1.102974, -0.073233, 4.426016 / -1.102974, -0.073233, 4.426016; 1, 46, 1, 0; 0.910367055855; 1, 0, 1; 0, 1, 0; 4, 1, 2 ;
0,9; -1.128418, -0.062402, 4.506154 / -1.128418, -0.062402, 4.506154 / -1.128418, -0.062402, 4.506154; 1, 46, 1, 0; 0.910426837207; 1, 0, 1; 0, 1, 0; 1, 1, 2 ;
0,9; -1.088370, -0.090519, 4.375293 / -1.088370, -0.090519, 4.375293 / -1.088370, -0.090519, 4.375293; 1, 46, 1, 0; 0.910037623257; 1, 0, 1; 1, 0, 0; 3, 1, 2 ;
0,9; -1.089256, -0.086139, 4.376343 / -1.089256, -0.086139, 4.376343 / -1.089256, -0.086139, 4.376343; 1, 46, 1, 0; 0.910038419583; 1, 0, 1; 1, 0, 0; 2, 1, 2 / 4, 6, 0 ;
0,9; -1.133920, -0.064416, 4.507766 / -1.133920, -0.064416, 4.507766 / -1.133920, -0.064416, 4.507766; 1, 46, 1, 0; 0.910427507132; 1, 0, 1; 1, 0, 0; 2, 1, 2 ;
