1,0; -0.18085, -1.68907, -3.68213 / -0.18085, -1.68907, -3.68213 / -0.18085, -1.68907, -3.68213; 1, 1, 1, 0; 0.891015808676; 1, 0, 1; 1, 0, 0; 2, 1, 2 ;
0,0; 0.502448, -1.360678, -3.360576 / 0.502448, -1.360678, -3.360576 / 0.502448, -1.360678, -3.360576; 1, 3, 1, 0; 0.133333716155; 1, 0, 1; 0, 1, 0; 4, 1, 2 ;
0,0; 3.540523, 0.137490, -1.954303 / 3.541068, 0.138104, -1.953555 / 3.539977, 0.136876, -1.955051; 1, 4, 1, 0; 0.594595586665; 2, 2, 2; 2, 2, 0; 1, 7, 2 / 1, 9, 1 / 2, 1, 2 / 2, 7, 1 / 4, 9, 0 ;
0,0; 3.541638, 0.129507, -1.954677 / 3.541638, 0.129507, -1.954677 / 3.541638, 0.129507, -1.954677; 1, 4, 1, 0; 0.594596759310; 1, 0, 1; 1, 0, 0; 3, 1, 2 ;
1,1; -1.76989, -0.0639442, -3.86141 / -1.76989, -0.0639442, -3.86141 / -1.76989, -0.0639442, -3.86141; 1, 1, 1, 0; 0.475815799341; 1, 0, 1; 1, 0, 0; 3, 1, 2 ;
0,1; -1.151194, -0.143947, -3.456154 / -1.151194, -0.143947, -3.456154 / -1.151194, -0.143947, -3.456154; 1, 1, 1, 0; 0.752721961434; 1, 0, 1; 1, 0, 0; 2, 1, 2 / 3, 5, 0 ;
0,1; 0.609145, -0.330848, -2.262299 / 0.609707, -0.330039, -2.261930 / 0.608583, -0.331658, -2.262669; 1, 3, 1, 0; 0.799969200949; 2, 2, 1; 2, 1, 0; 1, 3, 1 / 2, 2, 2 / 2, 6, 0 / 2, 7, 0 / 3, 1, 1 ;
0,1; 0.608954, -0.329089, -2.264358 / 0.608954, -0.329089, -2.264358 / 0.608954, -0.329089, -2.264358; 1, 3, 1, 0; 0.799969160652; 1, 0, 1; 0, 1, 0; 4, 1, 2 / 4, 9, 0 / 4, 10, 0 ;
0,1; 0.612745, -0.328531, -2.258311 / 0.612745, -0.328531, -2.258311 / 0.612745, -0.328531, -2.258311; 1, 3, 1, 0; 0.799976172343; 1, 0, 1; 1, 0, 0; 1, 9, 0 / 2, 1, 2 ;
0,1; 1.015305, -0.373672, -1.993114 / 1.015305, -0.373672, -1.993114 / 1.015305, -0.373672, -1.993114; 1, 4, 1, 0; 0.549727249282; 1, 0, 1; 0, 1, 0; 4, 1, 2 ;
0,1; 1.678577, -0.446043, -1.548383 / 1.678577, -0.446043, -1.548383 / 1.678577, -0.446043, -1.548383; 1, 4, 1, 0; 0.957030738605; 1, 0, 1; 1, 0, 0; 3, 1, 2 ;
0,1; 1.675008, -0.444152, -1.548346 / 1.675008, -0.444152, -1.548346 / 1.675008, -0.444152, -1.548346; 1, 4, 1, 0; 0.957031193962; 1, 0, 1; 1, 0, 0; 2, 1, 2 / 4, 2, 0 ;
0,1; 1.673735, -0.446412, -1.549595 / 1.673735, -0.446412, -1.549595 / 1.673735, -0.446412, -1.549595; 1, 4, 1, 0; 0.957031294705; 1, 0, 1; 1, 0, 0; 3, 1, 2 ;
0,1; 1.869120, -0.452999, -1.425752 / 1.869120, -0.452999, -1.425752 / 1.869120, -0.452999, -1.425752; 1, 11, 1, 0; 0.466259217808; 1, 0, 1; 0, 1, 0; 4, 1, 2 ;
0,1; 1.873619, -0.451973, -1.442054 / 1.873619, -0.451973, -1.442054 / 1.873619, -0.451973, -1.442054; 1, 11, 1, 0; 0.466238247438; 1, 0, 1; 1, 0, 0; 3, 1, 2 ;
0,1; 2.307965, -0.517744, -1.130199 / 2.307965, -0.517744, -1.130199 / 2.307965, -0.517744, -1.130199; 1, 11, 1, 0; 0.657059227421; 1, 0, 1; 1, 0, 0; 3, 1, 2 ;
1,2; 3.89788, 1.95328, 0.722708 / 3.89788, 1.95328, 0.722708 / 3.89788, 1.95328, 0.722708; 1, 20, 1, 0; 0.738317930829; 1, 0, 1; 1, 0, 0; 3, 1, 2 ;
0,2; 4.152620, 1.720001, 0.622113 / 4.152620, 1.720001, 0.622113 / 4.152620, 1.720001, 0.622113; 1, 20, 1, 0; 0.739394189857; 1, 0, 1; 1, 0, 0; 2, 1, 2 ;
0,2; 2.617318, 3.392047, 1.140821 / 2.617318, 3.392047, 1.140821 / 2.617318, 3.392047, 1.140821; 1, 26, 1, 0; 0.479672384381; 1, 0, 1; 0, 1, 0; 4, 1, 2 ;
0,2; 3.225972, 2.527622, 0.995900 / 3.225972, 2.527622, 0.995900 / 3.225972, 2.527622, 0.995900; 1, 26, 1, 0; 0.404739813981; 0, 1, 0; 1, 0, 0; 2, 1, 1 ;
0,2; 3.224104, 2.538931, 0.991731 / 3.224104, 2.538931, 0.991731 / 3.224104, 2.538931, 0.991731; 1, 26, 1, 0; 0.404752192362; 1, 0, 1; 1, 0, 0; 3, 1, 2 ;
0,2; 2.620094, 3.393082, 1.137557 / 2.620094, 3.393082, 1.137557 / 2.620094, 3.393082, 1.137557; 1, 26, 1, 0; 0.479672521538; 1, 0, 1; 1, 0, 0; 2, 1, 2 ;
0,2; 1.609433, 3.922889, 1.646000 / 1.609433, 3.922889, 1.646000 / 1.609433, 3.922889, 1.646000; 1, 28, 1, 0; 0.415617752903; 1, 0, 1; 1, 0, 0; 3, 1, 2 ;
1,3; 1.03444, -1.73116, -1.28426 / 1.0349, -1.7308, -1.28397 / 1.03398, -1.73151, -1.28456; 1, 8, 1, 0; 0.667263078338; 2, 1, 1; 0, 2, 1; 1, 1, 2 / 4, 6, 1 ;
0,3; 1.754347, -2.817983, -1.723975 / 1.755080, -2.817608, -1.723642 / 1.753614, -2.818357, -1.724308; 1, 8, 1, 0; 0.327433944820; 1, 0, 1; 1, 1, 0; 2, 1, 3 / 4, 7, 2 ;
0,3; 1.382744, -2.250197, -1.494083 / 1.382744, -2.250197, -1.494083 / 1.382744, -2.250197, -1.494083; 1, 8, 1, 0; 0.601832526916; 1, 0, 1; 0, 1, 0; 4, 1, 2 ;
0,3; 1.743570, -2.807798, -1.718385 / 1.743570, -2.807798, -1.718385 / 1.743570, -2.807798, -1.718385; 1, 8, 1, 0; 0.327442039680; 1, 0, 1; 1, 0, 0; 2, 1, 2 ;
0,3; 1.739868, -2.797934, -1.717021 / 1.739868, -2.797934, -1.717021 / 1.739868, -2.797934, -1.717021; 1, 8, 1, 0; 0.327449526019; 1, 0, 1; 1, 0, 0; 2, 1, 2 ;
0,3; 1.374265, -2.244716, -1.491700 / 1.374265, -2.244716, -1.491700 / 1.374265, -2.244716, -1.491700; 1, 8, 1, 0; 0.601832787710; 1, 0, 1; 1, 0, 0; 3, 1, 2 ;
0,3; 1.371472, -2.246280, -1.490527 / 1.371472, -2.246280, -1.490527 / 1.371472, -2.246280, -1.490527; 1, 8, 1, 0; 0.601842237679; 1, 0, 1; 1, 0, 0; 3, 1, 2 ;
0,3; 1.035257, -1.730884, -1.285955 / 1.035257, -1.730884, -1.285955 / 1.035257, -1.730884, -1.285955; 1, 8, 1, 0; 0.667262469817; 1, 0, 1; 1, 0, 0; 3, 1, 2 / 4, 1, 0 ;
0,3; 1.036281, -1.736445, -1.285420 / 1.036281, -1.736445, -1.285420 / 1.036281, -1.736445, -1.285420; 1, 8, 1, 0; 0.667262597657; 1, 0, 1; 1, 0, 0; 3, 1, 2 ;
0,3; -1.115290, 1.468553, -0.010392 / -1.115290, 1.468553, -0.010392 / -1.115290, 1.468553, -0.010392; 1, 17, 1, 0; 0.123906845883; 1, 0, 1; 0, 1, 0; 4, 1, 2 ;
0,3; -1.420828, 1.992051, 0.217067 / -1.420828, 1.992051, 0.217067 / -1.420828, 1.992051, 0.217067; 1, 17, 1, 0; 0.600122792922; 1, 0, 1; 0, 1, 0; 4, 1, 2 ;
0,3; -1.117365, 1.468945, -0.014404 / -1.117020, 1.469097, -0.014020 / -1.117710, 1.468793, -0.014787; 1, 17, 1, 0; 0.123907675848; 1, 0, 2; 2, 0, 0; 2, 1, 2 / 3, 4, 2 / 4, 6, 0 ;
0,3; -1.715241, 2.436610, 0.403367 / -1.715241, 2.436610, 0.403367 / -1.715241, 2.436610, 0.403367; 1, 25, 1, 0; 0.063872007201; 0, 1, 0; 0, 1, 0; 2, 6, 0 / 4, 1, 1 ;
1,4; -1.44642, 1.41698, -1.91776 / -1.44642, 1.41698, -1.91776 / -1.44642, 1.41698, -1.91776; 1, 6, 1, 0; 0.442054673540; 1, 0, 1; 0, 1, 0; 4, 1, 2 ;
0,4; -1.578164, 1.519253, -2.529396 / -1.578164, 1.519253, -2.529396 / -1.578164, 1.519253, -2.529396; 1, 6, 1, 0; 0.024940036326; 1, 0, 1; 1, 0, 0; 2, 1, 2 ;
0,4; -0.923072, 1.032411, 0.476825 / -0.923072, 1.032411, 0.476825 / -0.923072, 1.032411, 0.476825; 1, 17, 1, 0; 0.858364941735; 1, 0, 1; 0, 1, 0; 4, 1, 2 ;
0,4; -0.576041, 0.773608, 2.061778 / -0.576041, 0.773608, 2.061778 / -0.576041, 0.773608, 2.061778; 1, 30, 1, 0; 0.873477571783; 1, 0, 1; 1, 0, 0; 3, 1, 2 / 4, 1, 0 ;
0,4; -0.245986, 0.529249, 3.571734 / -0.245986, 0.529249, 3.571734 / -0.245986, 0.529249, 3.571734; 1, 44, 1, 0; 0.869098926699; 0, 1, 0; 1, 0, 0; 3, 1, 1 ;
0,4; -0.212837, 0.502814, 3.730187 / -0.212837, 0.502814, 3.730187 / -0.212837, 0.502814, 3.730187; 1, 46, 1, 0; 0.257523842388; 1, 0, 1; 0, 1, 0; 4, 1, 2 ;
1,5; 0.0954141, -2.82845, -2.30178 / 0.0956362, -2.82821, -2.30175 / 0.095192, -2.8287, -2.30181; 1, 3, 1, 0; 0.970235951434; 1, 0, 2; 2, 0, 0; 3, 1, 2 / 3, 3, 2 ;
0,5; -2.416021, -2.043217, -3.199392 / -2.416021, -2.043217, -3.199392 / -2.416021, -2.043217, -3.199392; 1, 5, 1, 0; 0.023637288142; 1, 0, 1; 0, 1, 0; 1, 4, 0 / 4, 1, 2 / 4, 8, 0 ;
0,5; -2.414837, -2.037944, -3.201460 / -2.414837, -2.037944, -3.201460 / -2.414837, -2.037944, -3.201460; 1, 5, 1, 0; 0.023646359884; 0, 1, 0; 0, 1, 0; 1, 1, 1 ;
0,5; -2.590703, -1.984492, -3.260520 / -2.590703, -1.984492, -3.260520 / -2.590703, -1.984492, -3.260520; 1, 5, 1, 0; 0.020861565515; 1, 0, 1; 1, 0, 0; 2, 1, 2 / 3, 7, 0 ;
0,5; -2.416560, -2.045264, -3.194826 / -2.416560, -2.045264, -3.194826 / -2.416560, -2.045264, -3.194826; 1, 5, 1, 0; 0.023637165617; 1, 0, 1; 1, 0, 0; 2, 1, 2 ;
0,5; -2.416497, -2.043955, -3.201921 / -2.416497, -2.043955, -3.201921 / -2.416497, -2.043955, -3.201921; 1, 5, 1, 0; 0.023637346954; 1, 0, 1; 1, 0, 0; 3, 1, 2 ;
0,5; -2.418319, -2.039558, -3.197199 / -2.418319, -2.039558, -3.197199 / -2.418319, -2.039558, -3.197199; 1, 5, 1, 0; 0.023645796270; 1, 0, 1; 1, 0, 0; 3, 1, 2 ;
0,5; -2.414999, -2.034543, -3.203628 / -2.414999, -2.034543, -3.203628 / -2.414999, -2.034543, -3.203628; 1, 5, 1, 0; 0.023646222656; 1, 0, 1; 1, 0, 0; 3, 1, 2 ;
0,5; -2.023624, -2.154115, -3.061994 / -2.023624, -2.154115, -3.061994 / -2.023624, -2.154115, -3.061994; 1, 5, 1, 0; 0.162544160415; 1, 0, 1; 1, 0, 0; 3, 1, 2 ;
0,5; -2.074557, -2.141302, -3.080773 / -2.074557, -2.141302, -3.080773 / -2.074557, -2.141302, -3.080773; 1, 5, 1, 0; 0.162575188615; 1, 0, 1; 1, 0, 0; 3, 1, 2 ;
0,5; -1.761609, -2.238091, -2.969942 / -1.761609, -2.238091, -2.969942 / -1.761609, -2.238091, -2.969942; 1, 5, 1, 0; 0.177906505679; 1, 0, 1; 1, 0, 0; 3, 1, 2 ;
0,5; -0.511957, -2.634653, -2.520338 / -0.511957, -2.634653, -2.520338 / -0.511957, -2.634653, -2.520338; 1, 5, 1, 0; 0.275710511948; 0, 0, 0; 1, 0, 0; 3, 1, 3 ;
0,5; 1.974234, -3.410020, -1.602670 / 1.974234, -3.410020, -1.602670 / 1.974234, -3.410020, -1.602670; 1, 8, 1, 0; 0.375110126910; 1, 0, 1; 1, 0, 0; 3, 1, 2 ;
1,6; 1.03661, 2.10117, -2.30125 / 1.03665, 2.10154, -2.30105 / 1.03657, 2.1008, -2.30145; 1, 4, 1, 0; 0.337759362017; 2, 1, 1; 1, 1, 0; 3, 2, 2 / 4, 1, 1 ;
0,6; 1.380765, 2.403340, -2.692335 / 1.380765, 2.403340, -2.692335 / 1.380765, 2.403340, -2.692335; 1, 4, 1, 0; 0.130876811857; 0, 1, 0; 0, 1, 0; 4, 1, 1 ;
0,6; 1.375697, 2.408263, -2.697060 / 1.375697, 2.408263, -2.697060 / 1.375697, 2.408263, -2.697060; 1, 4, 1, 0; 0.130884363528; 1, 0, 1; 1, 0, 0; 2, 1, 2 / 3, 6, 0 ;
0,6; 1.011937, 2.333132, -2.527302 / 1.011937, 2.333132, -2.527302 / 1.011937, 2.333132, -2.527302; 1, 4, 1, 0; 0.132687733975; 0, 1, 0; 1, 0, 0; 3, 1, 1 ;
0,6; 1.027706, 2.105409, -2.302574 / 1.027706, 2.105409, -2.302574 / 1.027706, 2.105409, -2.302574; 1, 4, 1, 0; 0.337759619918; 1, 0, 1; 1, 0, 0; 2, 1, 2 ;
0,6; 1.024316, 2.102472, -2.299270 / 1.024316, 2.102472, -2.299270 / 1.024316, 2.102472, -2.299270; 1, 4, 1, 0; 0.337760357354; 1, 0, 1; 1, 0, 0; 3, 1, 2 ;
0,6; 1.335818, 2.024855, -2.210314 / 1.335818, 2.024855, -2.210314 / 1.335818, 2.024855, -2.210314; 1, 4, 1, 0; 0.339530615699; 1, 0, 1; 1, 0, 0; 3, 1, 2 ;
0,6; 1.113860, 1.263492, -0.834415 / 1.113860, 1.263492, -0.834415 / 1.113860, 1.263492, -0.834415; 1, 7, 1, 0; 0.996163159235; 0, 1, 0; 0, 1, 0; 1, 1, 1 ;
0,6; 1.115145, 1.266310, -0.837475 / 1.115145, 1.266310, -0.837475 / 1.115145, 1.266310, -0.837475; 1, 7, 1, 0; 0.996163005826; 1, 0, 1; 1, 0, 0; 2, 1, 2 ;
0,6; 1.158175, 1.302643, -0.848024 / 1.158175, 1.302643, -0.848024 / 1.158175, 1.302643, -0.848024; 1, 7, 1, 0; 0.996204364781; 1, 0, 1; 1, 0, 0; 3, 1, 2 ;
0,6; 2.453900, -2.955929, -1.959184 / 2.453900, -2.955929, -1.959184 / 2.453900, -2.955929, -1.959184; 1, 8, 1, 0; 0.019015750971; 1, 0, 1; 0, 1, 0; 1, 1, 2 ;
0,6; 1.752646, 1.913846, -1.732595 / 1.752646, 1.913846, -1.732595 / 1.752646, 1.913846, -1.732595; 1, 11, 1, 0; 0.153556981045; 1, 0, 1; 0, 1, 0; 4, 1, 2 ;
0,6; 1.751272, 1.917069, -1.734885 / 1.751272, 1.917069, -1.734885 / 1.751272, 1.917069, -1.734885; 1, 11, 1, 0; 0.153547076622; 1, 0, 1; 1, 0, 0; 3, 1, 2 ;
0,6; 1.758079, 1.907084, -1.691175 / 1.758079, 1.907084, -1.691175 / 1.758079, 1.907084, -1.691175; 1, 11, 1, 0; 0.153586259458; 1, 0, 1; 1, 0, 0; 2, 1, 2 ;
0,6; 1.726200, 1.839120, -1.423920 / 1.726200, 1.839120, -1.423920 / 1.726200, 1.839120, -1.423920; 1, 11, 1, 0; 0.242613640525; 1, 0, 1; 1, 0, 0; 3, 1, 2 ;
0,6; 1.719971, 1.829849, -1.412874 / 1.719971, 1.829849, -1.412874 / 1.719971, 1.829849, -1.412874; 1, 11, 1, 0; 0.242620438015; 1, 0, 1; 1, 0, 0; 2, 1, 2 ;
0,6; 1.668850, 1.716864, -0.923816 / 1.668850, 1.716864, -0.923816 / 1.668850, 1.716864, -0.923816; 1, 12, 1, 0; 0.291374958231; 1, 0, 1; 1, 0, 0; 3, 1, 2 ;
0,6; 0.863920, 1.014433, -0.733965 / 0.863920, 1.014433, -0.733965 / 0.863920, 1.014433, -0.733965; 1, 13, 1, 0; 0.317852871263; 1, 0, 1; 1, 0, 0; 1, 1, 0 / 2, 1, 2 ;
0,6; 0.883881, 1.028343, -0.737290 / 0.883881, 1.028343, -0.737290 / 0.883881, 1.028343, -0.737290; 1, 13, 1, 0; 0.317858773942; 1, 0, 1; 1, 0, 0; 3, 1, 2 ;
0,6; 0.342187, 1.116058, -0.547962 / 0.342187, 1.116058, -0.547962 / 0.342187, 1.116058, -0.547962; 1, 13, 1, 0; 0.404908806994; 1, 0, 1; 1, 0, 0; 2, 1, 2 ;
0,6; -0.190509, 2.140396, -0.150764 / -0.190509, 2.140396, -0.150764 / -0.190509, 2.140396, -0.150764; 1, 13, 1, 0; 0.746462713410; 1, 0, 1; 1, 0, 0; 2, 1, 2 ;
0,6; -0.541219, 2.791709, 0.022925 / -0.541219, 2.791709, 0.022925 / -0.541219, 2.791709, 0.022925; 1, 17, 1, 0; 0.533151815182; 1, 0, 1; 0, 1, 0; 4, 1, 2 ;
0,6; -1.292654, 4.258886, 0.536989 / -1.292654, 4.258886, 0.536989 / -1.292654, 4.258886, 0.536989; 1, 25, 1, 0; 0.296492383524; 1, 0, 1; 1, 0, 0; 3, 1, 2 ;
1,7; -0.168666, 3.28062, -1.51273 / -0.168666, 3.28062, -1.51273 / -0.168666, 3.28062, -1.51273; 1, 7, 1, 0; 0.275575133900; 1, 0, 1; 0, 1, 0; 4, 1, 2 ;
0,7; -0.249512, 3.120178, -1.210660 / -0.249512, 3.120178, -1.210660 / -0.249512, 3.120178, -1.210660; 1, 7, 1, 0; 0.755332482427; 1, 0, 1; 0, 1, 0; 4, 1, 2 ;
0,7; -0.245305, 3.114995, -1.210971 / -0.245305, 3.114995, -1.210971 / -0.245305, 3.114995, -1.210971; 1, 7, 1, 0; 0.755332993789; 1, 0, 1; 1, 0, 0; 2, 1, 2 ;
0,7; -0.258964, 3.097200, -1.218173 / -0.258964, 3.097200, -1.218173 / -0.258964, 3.097200, -1.218173; 1, 7, 1, 0; 0.755344980113; 1, 0, 1; 1, 0, 0; 3, 1, 2 ;
0,7; -0.522150, 2.959628, 0.647961 / -0.522150, 2.959628, 0.647961 / -0.522150, 2.959628, 0.647961; 1, 25, 1, 0; 0.527467026703; 1, 0, 1; 0, 1, 0; 4, 1, 2 ;
0,7; -0.780352, 2.723278, 2.243582 / -0.780269, 2.723395, 2.243592 / -0.780436, 2.723162, 2.243573; 1, 31, 1, 0; 0.367120208683; 0, 1, 0; 1, 1, 0; 1, 1, 1 / 2, 1, 3 ;
0,7; -0.772332, 2.721947, 2.243959 / -0.772332, 2.721947, 2.243959 / -0.772332, 2.721947, 2.243959; 1, 31, 1, 0; 0.367100115886; 1, 0, 1; 1, 0, 0; 2, 1, 2 ;
0,7; -0.779184, 2.725530, 2.244524 / -0.779184, 2.725530, 2.244524 / -0.779184, 2.725530, 2.244524; 1, 31, 1, 0; 0.367120417983; 1, 0, 1; 1, 0, 0; 2, 1, 2 ;
1,8; 2.71475, -3.15159, -1.67013 / 2.71475, -3.15158, -1.67012 / 2.71475, -3.15159, -1.67013; 1, 8, 1, 0; 0.369899880444; 0, 2, 0; 1, 1, 0; 3, 1, 1 / 4, 1, 1 ;
0,8; 2.691798, -2.841977, -1.443965 / 2.692135, -2.841920, -1.443949 / 2.691461, -2.842033, -1.443981; 1, 8, 1, 0; 0.547810501534; 0, 2, 0; 1, 1, 0; 2, 6, 1 / 4, 1, 1 ;
0,8; 2.690249, -2.851284, -1.453841 / 2.690249, -2.851284, -1.453841 / 2.690249, -2.851284, -1.453841; 1, 8, 1, 0; 0.547812623686; 1, 0, 1; 1, 0, 0; 2, 1, 2 ;
0,8; 2.610396, -1.670114, -0.592022 / 2.610396, -1.670114, -0.592022 / 2.610396, -1.670114, -0.592022; 1, 12, 1, 0; 0.667572912804; 1, 0, 1; 1, 0, 0; 2, 1, 2 ;
0,8; 2.607111, -1.669763, -0.592542 / 2.607111, -1.669763, -0.592542 / 2.607111, -1.669763, -0.592542; 1, 12, 1, 0; 0.667582914498; 1, 0, 1; 1, 0, 0; 2, 5, 0 / 3, 1, 2 ;
0,8; 2.606613, -1.670436, -0.588483 / 2.606613, -1.670436, -0.588483 / 2.606613, -1.670436, -0.588483; 1, 12, 1, 0; 0.667583549617; 1, 0, 1; 1, 0, 0; 2, 1, 2 ;
0,8; 2.603856, -1.645399, -0.576204 / 2.603856, -1.645399, -0.576204 / 2.603856, -1.645399, -0.576204; 1, 12, 1, 0; 0.668563177746; 1, 0, 1; 1, 0, 0; 3, 1, 2 ;
0,8; 2.501811, -0.189639, 0.494604 / 2.501811, -0.189639, 0.494604 / 2.501811, -0.189639, 0.494604; 1, 19, 1, 0; 0.595501557605; 1, 0, 1; 0, 1, 0; 4, 1, 2 ;
0,8; 2.496670, -0.185847, 0.496764 / 2.496670, -0.185847, 0.496764 / 2.496670, -0.185847, 0.496764; 1, 19, 1, 0; 0.595502931538; 1, 0, 1; 1, 0, 0; 3, 1, 2 ;
0,8; 2.509434, 0.021692, 0.660761 / 2.509434, 0.021692, 0.660761 / 2.509434, 0.021692, 0.660761; 1, 20, 1, 0; 0.911482885142; 1, 0, 1; 1, 0, 0; 2, 1, 2 ;
0,8; 2.352885, 1.846321, 1.985011 / 2.352885, 1.846321, 1.985011 / 2.352885, 1.846321, 1.985011; 1, 28, 1, 0; 0.577942662291; 1, 0, 1; 1, 0, 0; 2, 1, 2 ;
0,8; 2.365660, 2.216012, 2.267538 / 2.365750, 2.216857, 2.267842 / 2.365571, 2.215168, 2.267234; 1, 31, 1, 0; 0.435779477147; 1, 0, 2; 1, 1, 0; 3, 4, 2 / 4, 1, 2 ;
0,8; 2.365321, 2.215313, 2.266575 / 2.365750, 2.215459, 2.267234 / 2.364891, 2.215168, 2.265916; 1, 31, 1, 0; 0.435779510194; 0, 1, 0; 1, 1, 0; 3, 1, 2 / 4, 10, 1 ;
0,8; 2.344348, 2.201760, 2.259402 / 2.344348, 2.201760, 2.259402 / 2.344348, 2.201760, 2.259402; 1, 31, 1, 0; 0.435657400186; 1, 0, 1; 1, 0, 0; 2, 1, 2 ;
0,8; 2.370243, 2.217622, 2.259656 / 2.370243, 2.217622, 2.259656 / 2.370243, 2.217622, 2.259656; 1, 31, 1, 0; 0.435759417397; 1, 0, 1; 1, 0, 0; 3, 1, 2 ;
0,8; 2.370437, 2.226001, 2.261304 / 2.370437, 2.226001, 2.261304 / 2.370437, 2.226001, 2.261304; 1, 31, 1, 0; 0.435761367191; 1, 0, 1; 1, 0, 0; 3, 1, 2 ;
1,9; 4.3449, -0.55994, -1.04418 / 4.34549, -0.559917, -1.0437 / 4.3443, -0.559963, -1.04467; 1, 12, 1, 0; 0.153187713709; 1, 0, 3; 3, 0, 0; 3, 1, 2 / 3, 5, 2 / 3, 9, 2 / 4, 3, 0 ;
0,9; 3.905200, -0.756743, -0.833713 / 3.905200, -0.756743, -0.833713 / 3.905200, -0.756743, -0.833713; 1, 12, 1, 0; 0.529169527563; 1, 0, 1; 1, 0, 0; 2, 4, 0 / 3, 1, 2 / 3, 5, 0 ;
0,9; 3.721816, -0.832518, -0.753048 / 3.721816, -0.832518, -0.753048 / 3.721816, -0.832518, -0.753048; 1, 12, 1, 0; 0.529424135895; 1, 0, 1; 1, 0, 0; 3, 1, 2 ;
0,9; 2.660658, -1.297654, -0.232050 / 2.660658, -1.297654, -0.232050 / 2.660658, -1.297654, -0.232050; 1, 16, 1, 0; 0.282815473512; 1, 0, 1; 1, 0, 0; 2, 1, 2 ;
0,9; 0.532695, -2.262852, 0.775393 / 0.532963, -2.262733, 0.775521 / 0.532427, -2.262972, 0.775265; 1, 18, 1, 0; 0.525120303028; 0, 2, 0; 1, 1, 0; 3, 1, 1 / 4, 2, 1 ;
