1,0; -0.870155, -3.57012, -2.55838 / -0.870155, -3.57012, -2.55838 / -0.870155, -3.57012, -2.55838; 1, 5, 1, 0; 0.227392023729; 0, 1, 0; 0, 1, 0; 1, 1, 1 ;
0,0; -0.873728, -3.571169, -2.559714 / -0.873728, -3.571169, -2.559714 / -0.873728, -3.571169, -2.559714; 1, 5, 1, 0; 0.227392587343; 0, 1, 0; 0, 1, 0; 4, 1, 1 ;
0,0; -1.498308, -3.030867, -1.438543 / -1.497681, -3.030260, -1.437804 / -1.498934, -3.031474, -1.439282; 1, 9, 1, 0; 0.216350572475; 2, 1, 2; 2, 1, 0; 1, 3, 0 / 1, 4, 0 / 2, 1, 2 / 2, 5, 0 / 3, 6, 2 / 3, 7, 0 / 4, 8, 1 ;
0,0; -1.325894, -3.169930, -1.728056 / -1.325894, -3.169930, -1.728056 / -1.325894, -3.169930, -1.728056; 1, 9, 1, 0; 0.024039049219; 1, 0, 1; 0, 1, 0; 1, 1, 2 ;
0,0; -1.506350, -3.042963, -1.442832 / -1.506350, -3.042963, -1.442832 / -1.506350, -3.042963, -1.442832; 1, 9, 1, 0; 0.216349134258; 1, 0, 1; 1, 0, 0; 2, 1, 2 ;
0,0; -1.498695, -3.034924, -1.442061 / -1.498695, -3.034924, -1.442061 / -1.498695, -3.034924, -1.442061; 1, 9, 1, 0; 0.216349853367; 1, 0, 1; 1, 0, 0; 2, 1, 2 / 2, 2, 0 ;
0,0; -1.504647, -3.030872, -1.439326 / -1.504647, -3.030872, -1.439326 / -1.504647, -3.030872, -1.439326; 1, 9, 1, 0; 0.216350058826; 1, 0, 1; 1, 0, 0; 3, 1, 2 ;
0,0; -1.499379, -3.030043, -1.438255 / -1.498851, -3.029300, -1.437804 / -1.499908, -3.030785, -1.438707; 1, 9, 1, 0; 0.216350599509; 1, 0, 1; 2, 1, 0; 2, 7, 0 / 2, 8, 2 / 3, 1, 2 / 3, 2, 0 / 4, 3, 1 ;
0,0; -1.492651, -3.028617, -1.443306 / -1.492651, -3.028617, -1.443306 / -1.492651, -3.028617, -1.443306; 1, 9, 1, 0; 0.216351383500; 0, 1, 0; 1, 0, 0; 3, 1, 1 ;
0,0; -2.555533, -2.119503, 0.421214 / -2.555533, -2.119503, 0.421214 / -2.555533, -2.119503, 0.421214; 1, 18, 1, 0; 0.453430815820; 1, 0, 1; 1, 0, 0; 2, 1, 2 ;
0,0; -2.908012, -1.825708, 1.043875 / -2.908012, -1.825708, 1.043875 / -2.908012, -1.825708, 1.043875; 1, 21, 1, 0; 0.685924601719; 1, 0, 1; 1, 0, 0; 2, 1, 2 ;
0,0; -3.804368, 0.373209, 1.416880 / -3.803703, 0.373548, 1.417674 / -3.805034, 0.372870, 1.416085; 1, 24, 1, 0; 0.602769387776; 2, 2, 2; 2, 2, 0; 1, 5, 1 / 1, 8, 1 / 2, 1, 0 / 2, 5, 2 / 3, 1, 2 ;
0,0; -3.842610, 0.086115, 1.629954 / -3.842419, 0.086747, 1.631101 / -3.842800, 0.085484, 1.628807; 1, 24, 1, 0; 0.820355764641; 2, 1, 1; 0, 2, 0; 1, 1, 1 / 1, 2, 0 / 1, 5, 0 / 1, 7, 2 / 3, 7, 0 ;
0,0; -3.845787, 0.088847, 1.630545 / -3.845787, 0.088847, 1.630545 / -3.845787, 0.088847, 1.630545; 1, 24, 1, 0; 0.820369509857; 0, 1, 0; 0, 1, 0; 4, 1, 1 / 4, 3, 0 ;
0,0; -3.805926, 0.376966, 1.414615 / -3.805926, 0.376966, 1.414615 / -3.805926, 0.376966, 1.414615; 1, 24, 1, 0; 0.602769262148; 0, 1, 0; 1, 0, 0; 2, 1, 1 / 2, 8, 0 / 3, 8, 0 ;
0,0; -3.804667, 0.373546, 1.416413 / -3.804301, 0.374189, 1.417282 / -3.805034, 0.372903, 1.415543; 1, 24, 1, 0; 0.602769365607; 0, 0, 0; 3, 1, 0; 1, 8, 1 / 2, 1, 3 / 2, 3, 0 / 2, 4, 0 / 2, 8, 2 / 3, 4, 2 ;
0,0; -3.797935, 0.376034, 1.416091 / -3.797935, 0.376034, 1.416091 / -3.797935, 0.376034, 1.416091; 1, 24, 1, 0; 0.602770429752; 1, 0, 1; 1, 0, 0; 2, 1, 2 ;
0,0; -3.799807, 0.371113, 1.422700 / -3.799807, 0.371113, 1.422700 / -3.799807, 0.371113, 1.422700; 1, 24, 1, 0; 0.602770828807; 1, 0, 1; 1, 0, 0; 2, 1, 2 ;
0,0; -3.753631, 0.394537, 1.408661 / -3.753631, 0.394537, 1.408661 / -3.753631, 0.394537, 1.408661; 1, 24, 1, 0; 0.604175885569; 1, 0, 1; 1, 0, 0; 2, 1, 2 ;
0,0; -3.759481, 0.390637, 1.406153 / -3.759481, 0.390637, 1.406153 / -3.759481, 0.390637, 1.406153; 1, 24, 1, 0; 0.604177090123; 1, 0, 1; 1, 0, 0; 3, 1, 2 ;
0,0; -3.605146, -0.210587, 1.732574 / -3.605146, -0.210587, 1.732574 / -3.605146, -0.210587, 1.732574; 1, 24, 1, 0; 0.782647121855; 0, 1, 0; 1, 0, 0; 2, 1, 1 ;
0,0; -3.868943, 0.170541, 1.580454 / -3.868943, 0.170541, 1.580454 / -3.868943, 0.170541, 1.580454; 1, 24, 1, 0; 0.818296635082; 1, 0, 1; 1, 0, 0; 2, 1, 2 ;
0,0; -3.791749, 0.045245, 1.655365 / -3.791749, 0.045245, 1.655365 / -3.791749, 0.045245, 1.655365; 1, 24, 1, 0; 0.818995793668; 1, 0, 1; 1, 0, 0; 2, 1, 2 ;
0,0; -3.802604, 0.048952, 1.657287 / -3.802604, 0.048952, 1.657287 / -3.802604, 0.048952, 1.657287; 1, 24, 1, 0; 0.818996547438; 1, 0, 1; 1, 0, 0; 3, 1, 2 ;
0,0; -3.840503, 0.090690, 1.632131 / -3.840503, 0.090690, 1.632131 / -3.840503, 0.090690, 1.632131; 1, 24, 1, 0; 0.820356518410; 1, 0, 1; 1, 0, 0; 3, 1, 2 ;
0,0; -3.842389, 0.087737, 1.626609 / -3.842389, 0.087737, 1.626609 / -3.842389, 0.087737, 1.626609; 1, 24, 1, 0; 0.820356740108; 1, 0, 1; 1, 0, 0; 2, 1, 2 ;
0,0; -3.520626, -1.149925, 1.957298 / -3.520626, -1.149925, 1.957298 / -3.520626, -1.149925, 1.957298; 1, 30, 1, 0; 0.428480367517; 0, 1, 0; 0, 1, 0; 4, 1, 1 ;
1,1; -2.68438, 1.72972, -0.988798 / -2.68438, 1.72972, -0.988798 / -2.68438, 1.72972, -0.988798; 1, 7, 1, 0; 0.582707886531; 1, 0, 1; 0, 1, 0; 1, 1, 2 ;
0,1; -2.683317, 1.726450, -0.988565 / -2.683317, 1.726450, -0.988565 / -2.683317, 1.726450, -0.988565; 1, 7, 1, 0; 0.582708423461; 0, 1, 0; 1, 0, 0; 2, 1, 1 ;
0,1; -3.519355, 1.646052, -1.134100 / -3.519355, 1.646052, -1.134100 / -3.519355, 1.646052, -1.134100; 1, 7, 1, 0; 0.589352564634; 0, 1, 0; 1, 0, 0; 3, 1, 1 ;
0,1; 3.129354, 2.500031, -0.832597 / 3.129832, 2.500129, -0.832392 / 3.128875, 2.499934, -0.832801; 1, 12, 1, 0; 0.228544290109; 1, 0, 2; 1, 1, 0; 1, 5, 2 / 3, 1, 2 ;
0,1; 3.295404, 2.381281, -0.753580 / 3.295404, 2.381281, -0.753580 / 3.295404, 2.381281, -0.753580; 1, 12, 1, 0; 0.265768442482; 1, 0, 1; 0, 1, 0; 1, 1, 2 / 4, 4, 0 ;
0,1; 3.383160, 2.313825, -0.698508 / 3.383160, 2.313825, -0.698508 / 3.383160, 2.313825, -0.698508; 1, 12, 1, 0; 0.266443854337; 1, 0, 1; 0, 1, 0; 1, 1, 2 ;
0,1; 3.391408, 2.309124, -0.687335 / 3.391408, 2.309124, -0.687335 / 3.391408, 2.309124, -0.687335; 1, 12, 1, 0; 0.266455091938; 1, 0, 1; 0, 1, 0; 1, 1, 2 ;
0,1; 3.399188, 2.304023, -0.685387 / 3.399188, 2.304023, -0.685387 / 3.399188, 2.304023, -0.685387; 1, 12, 1, 0; 0.266455870102; 1, 0, 1; 0, 1, 0; 1, 1, 2 ;
0,1; 3.012461, 2.561350, -0.820650 / 3.012461, 2.561350, -0.820650 / 3.012461, 2.561350, -0.820650; 1, 12, 1, 0; 0.232231790967; 1, 0, 1; 1, 0, 0; 2, 1, 2 ;
0,1; 3.001693, 2.571536, -0.819464 / 3.001693, 2.571536, -0.819464 / 3.001693, 2.571536, -0.819464; 1, 12, 1, 0; 0.232241157542; 1, 0, 1; 1, 0, 0; 3, 1, 2 ;
0,1; 3.392116, 2.306484, -0.687567 / 3.392116, 2.306484, -0.687567 / 3.392116, 2.306484, -0.687567; 1, 12, 1, 0; 0.266455200652; 1, 0, 1; 1, 0, 0; 2, 1, 2 ;
0,1; 2.263812, 2.124472, -0.491212 / 2.264562, 2.125270, -0.490530 / 2.263062, 2.123674, -0.491893; 1, 13, 1, 0; 0.455810722810; 2, 4, 3; 2, 5, 1; 1, 2, 2 / 1, 6, 1 / 1, 7, 0 / 2, 5, 2 / 3, 2, 0 / 3, 3, 2 / 4, 1, 1 / 4, 2, 0 / 4, 3, 1 / 4, 4, 1 ;
0,1; 2.335837, 2.413813, -0.512323 / 2.336191, 2.414034, -0.511961 / 2.335483, 2.413591, -0.512686; 1, 13, 1, 0; 0.505361516010; 2, 2, 1; 2, 1, 0; 1, 3, 0 / 1, 4, 0 / 1, 5, 1 / 2, 5, 2 / 3, 1, 1 / 4, 1, 0 ;
0,1; 2.232403, 2.079750, -0.480055 / 2.232403, 2.079750, -0.480055 / 2.232403, 2.079750, -0.480055; 1, 13, 1, 0; 0.455378313102; 1, 0, 1; 0, 1, 0; 1, 1, 2 ;
0,1; 2.222847, 2.079352, -0.473098 / 2.222847, 2.079352, -0.473098 / 2.222847, 2.079352, -0.473098; 1, 13, 1, 0; 0.455388105763; 0, 1, 0; 0, 1, 0; 1, 1, 1 ;
0,1; 2.263407, 2.125535, -0.489553 / 2.263407, 2.125535, -0.489553 / 2.263407, 2.125535, -0.489553; 1, 13, 1, 0; 0.455810655105; 0, 1, 0; 0, 1, 0; 4, 1, 1 ;
0,1; 2.232366, 2.068123, -0.491458 / 2.232366, 2.068123, -0.491458 / 2.232366, 2.068123, -0.491458; 1, 13, 1, 0; 0.455369080548; 1, 0, 1; 1, 0, 0; 2, 1, 2 ;
0,1; 2.235800, 2.077017, -0.482195 / 2.235800, 2.077017, -0.482195 / 2.235800, 2.077017, -0.482195; 1, 13, 1, 0; 0.455379131721; 0, 1, 0; 1, 0, 0; 2, 1, 1 ;
0,1; 2.220045, 2.079820, -0.474986 / 2.220045, 2.079820, -0.474986 / 2.220045, 2.079820, -0.474986; 1, 13, 1, 0; 0.455387324074; 1, 0, 1; 1, 0, 0; 2, 1, 2 ;
0,1; 2.208739, 2.082331, -0.461534 / 2.208739, 2.082331, -0.461534 / 2.208739, 2.082331, -0.461534; 1, 13, 1, 0; 0.455397559898; 1, 0, 1; 1, 0, 0; 3, 1, 2 ;
0,1; 2.249143, 2.106645, -0.488103 / 2.249143, 2.106645, -0.488103 / 2.249143, 2.106645, -0.488103; 1, 13, 1, 0; 0.455806592782; 1, 0, 1; 1, 0, 0; 3, 1, 2 ;
0,1; 2.250967, 2.116096, -0.485606 / 2.250967, 2.116096, -0.485606 / 2.250967, 2.116096, -0.485606; 1, 13, 1, 0; 0.455808439292; 1, 0, 1; 1, 0, 0; 2, 1, 2 ;
0,1; 2.115177, 2.254653, -0.459263 / 2.115177, 2.254653, -0.459263 / 2.115177, 2.254653, -0.459263; 1, 13, 1, 0; 0.503206281091; 1, 0, 1; 1, 0, 0; 3, 1, 2 ;
0,1; 2.329315, 2.407161, -0.513116 / 2.329315, 2.407161, -0.513116 / 2.329315, 2.407161, -0.513116; 1, 13, 1, 0; 0.505373592190; 1, 0, 1; 1, 0, 0; 2, 1, 2 ;
0,1; -3.855544, 1.613500, -1.193549 / -3.855544, 1.613500, -1.193549 / -3.855544, 1.613500, -1.193549; 1, 14, 1, 0; 0.039930041867; 1, 0, 1; 1, 0, 0; 3, 1, 2 ;
0,1; -3.868808, 1.611221, -1.195264 / -3.868808, 1.611221, -1.195264 / -3.868808, 1.611221, -1.195264; 1, 14, 1, 0; 0.039940339241; 0, 1, 0; 1, 0, 0; 2, 1, 1 ;
0,1; 3.273896, 2.329012, 0.058810 / 3.273966, 2.329126, 0.058930 / 3.273827, 2.328899, 0.058690; 1, 20, 1, 0; 0.273024111789; 2, 1, 1; 1, 1, 0; 3, 2, 1 / 4, 1, 2 ;
0,1; 1.873574, 2.177996, -0.195306 / 1.873574, 2.177996, -0.195306 / 1.873574, 2.177996, -0.195306; 1, 20, 1, 0; 0.025048333492; 0, 1, 0; 1, 0, 0; 2, 1, 1 ;
1,2; -1.45078, 1.63291, -1.35646 / -1.45078, 1.63291, -1.35646 / -1.45078, 1.63291, -1.35646; 1, 7, 1, 0; 0.459144215320; 1, 0, 1; 0, 1, 0; 4, 1, 2 ;
0,2; -0.509125, 1.608377, 0.049733 / -0.509125, 1.608377, 0.049733 / -0.509125, 1.608377, 0.049733; 1, 17, 1, 0; 0.639982856696; 1, 0, 1; 0, 1, 0; 4, 1, 2 ;
0,2; -0.492808, 1.608616, 0.072565 / -0.492808, 1.608616, 0.072565 / -0.492808, 1.608616, 0.072565; 1, 17, 1, 0; 0.639962498152; 1, 0, 1; 1, 0, 0; 2, 1, 2 ;
0,2; -0.490815, 1.608073, 0.072432 / -0.490815, 1.608073, 0.072432 / -0.490815, 1.608073, 0.072432; 1, 17, 1, 0; 0.639962609744; 1, 0, 1; 1, 0, 0; 2, 1, 2 ;
0,2; -0.508654, 1.614904, 0.049666 / -0.508654, 1.614904, 0.049666 / -0.508654, 1.614904, 0.049666; 1, 17, 1, 0; 0.639983798253; 1, 0, 1; 1, 0, 0; 2, 1, 2 ;
0,2; 0.106312, 1.593725, 0.970156 / 0.106312, 1.593725, 0.970156 / 0.106312, 1.593725, 0.970156; 1, 25, 1, 0; 0.815685002786; 1, 0, 1; 1, 0, 0; 3, 1, 2 ;
0,2; 0.109802, 1.593788, 0.970060 / 0.109802, 1.593788, 0.970060 / 0.109802, 1.593788, 0.970060; 1, 25, 1, 0; 0.815685114226; 1, 0, 1; 1, 0, 0; 3, 1, 2 ;
0,2; 1.403444, 1.560222, 2.903443 / 1.403444, 1.560222, 2.903443 / 1.403444, 1.560222, 2.903443; 1, 39, 1, 0; 0.748253103882; 1, 0, 1; 1, 0, 0; 3, 1, 2 ;
0,2; 1.410927, 1.559222, 2.921089 / 1.410927, 1.559222, 2.921089 / 1.410927, 1.559222, 2.921089; 1, 39, 1, 0; 0.748306804966; 1, 0, 1; 1, 0, 0; 2, 1, 2 ;
0,2; 1.564336, 1.551178, 3.147988 / 1.564336, 1.551178, 3.147988 / 1.564336, 1.551178, 3.147988; 1, 42, 1, 0; 0.788891051558; 0, 1, 0; 0, 1, 0; 4, 1, 1 ;
0,2; 2.030153, 1.540534, 3.844856 / 2.030153, 1.540534, 3.844856 / 2.030153, 1.540534, 3.844856; 1, 46, 1, 0; 0.369860251058; 0, 0, 0; 1, 0, 0; 3, 1, 3 / 3, 3, 0 ;
1,3; 1.56746, -0.430007, -1.7288 / 1.56746, -0.430007, -1.7288 / 1.56746, -0.430007, -1.7288; 1, 4, 1, 0; 0.955727547480; 1, 0, 1; 0, 1, 0; 1, 1, 2 ;
1,4; -0.0796122, 1.46071, -2.06033 / -0.0796122, 1.46071, -2.06033 / -0.0796122, 1.46071, -2.06033; 1, 4, 1, 0; 0.723885407222; 0, 1, 0; 1, 0, 0; 2, 1, 1 ;
0,4; -2.076370, -0.972699, -1.704640 / -2.076370, -0.972699, -1.704640 / -2.076370, -0.972699, -1.704640; 1, 6, 1, 0; 0.851524675040; 1, 0, 1; 0, 1, 0; 1, 1, 2 ;
0,4; -1.526959, -0.303271, -1.801924 / -1.526959, -0.303271, -1.801924 / -1.526959, -0.303271, -1.801924; 1, 6, 1, 0; 0.794478985024; 1, 0, 1; 1, 0, 0; 3, 1, 2 ;
0,4; -2.221723, -1.153576, -1.673606 / -2.221723, -1.153576, -1.673606 / -2.221723, -1.153576, -1.673606; 1, 6, 1, 0; 0.853923334715; 1, 0, 1; 1, 0, 0; 3, 1, 2 ;
0,4; -2.178039, -1.093949, -1.691461 / -2.178039, -1.093949, -1.691461 / -2.178039, -1.093949, -1.691461; 1, 6, 1, 0; 0.853958661087; 0, 0, 0; 1, 0, 0; 2, 1, 3 ;
0,4; -2.175787, -1.097560, -1.691264 / -2.175787, -1.097560, -1.691264 / -2.175787, -1.097560, -1.691264; 1, 6, 1, 0; 0.853958808117; 1, 0, 1; 1, 0, 0; 3, 1, 2 ;
0,4; -2.170772, -1.097871, -1.684034 / -2.170772, -1.097871, -1.684034 / -2.170772, -1.097871, -1.684034; 1, 6, 1, 0; 0.853959229603; 1, 0, 1; 1, 0, 0; 2, 1, 2 ;
0,4; -2.675743, -1.693254, -1.595670 / -2.675743, -1.693254, -1.595670 / -2.675743, -1.693254, -1.595670; 1, 9, 1, 0; 0.118396085021; 1, 0, 1; 1, 0, 0; 3, 1, 2 ;
1,5; -2.30206, 0.492669, -0.538137 / -2.30166, 0.492879, -0.537083 / -2.30246, 0.492459, -0.539191; 1, 10, 1, 0; 0.697274345882; 2, 1, 1; 0, 2, 1; 1, 1, 1 / 4, 8, 2 ;
0,5; -2.420222, 0.828440, -0.802696 / -2.420222, 0.828440, -0.802696 / -2.420222, 0.828440, -0.802696; 1, 10, 1, 0; 0.285337829655; 0, 1, 0; 0, 1, 0; 1, 1, 1 ;
0,5; -2.307481, 0.496394, -0.544673 / -2.307481, 0.496394, -0.544673 / -2.307481, 0.496394, -0.544673; 1, 10, 1, 0; 0.697274129608; 1, 0, 1; 0, 1, 0; 4, 1, 2 ;
0,5; -1.063131, -3.048315, 2.234305 / -1.063057, -3.048098, 2.234775 / -1.063204, -3.048533, 2.233836; 1, 32, 1, 0; 0.856500504523; 1, 0, 2; 1, 1, 0; 1, 1, 2 / 1, 7, 0 / 3, 3, 2 ;
0,5; -1.059170, -3.049031, 2.233348 / -1.059170, -3.049031, 2.233348 / -1.059170, -3.049031, 2.233348; 1, 32, 1, 0; 0.856500879060; 1, 0, 1; 1, 0, 0; 3, 1, 2 ;
1,6; -1.79897, -2.69369, 1.77906 / -1.79897, -2.69369, 1.77906 / -1.79897, -2.69369, 1.77906; 1, 32, 1, 0; 0.113825728033; 1, 0, 1; 1, 0, 0; 2, 1, 2 ;
0,6; -0.568326, -3.042966, 1.946962 / -0.568326, -3.042966, 1.946962 / -0.568326, -3.042966, 1.946962; 1, 32, 1, 0; 0.473474809096; 1, 0, 1; 1, 0, 0; 2, 1, 2 ;
1,7; 1.99264, -0.0289914, -4.14983 / 1.99264, -0.0289914, -4.14983 / 1.99264, -0.0289914, -4.14983; 1, 1, 1, 0; 0.189433991817; 0, 1, 0; 0, 1, 0; 4, 1, 1 ;
0,7; 0.360679, 0.537606, -2.620867 / 0.360679, 0.537606, -2.620867 / 0.360679, 0.537606, -2.620867; 1, 2, 1, 0; 0.879902168788; 1, 0, 1; 1, 0, 0; 2, 1, 2 ;
0,7; -2.901133, 1.681950, 0.447979 / -2.901133, 1.681950, 0.447979 / -2.901133, 1.681950, 0.447979; 1, 17, 1, 0; 0.940270366217; 1, 0, 1; 1, 0, 0; 3, 1, 2 ;
0,7; -2.879924, 2.516011, 1.428568 / -2.879486, 2.516590, 1.429456 / -2.880363, 2.515433, 1.427680; 1, 24, 1, 0; 0.452306166577; 2, 2, 2; 2, 2, 1; 1, 8, 1 / 2, 9, 1 / 3, 1, 2 / 3, 10, 0 / 4, 3, 2 ;
0,7; -3.543585, 1.886995, 1.066542 / -3.543527, 1.887288, 1.066923 / -3.543642, 1.886701, 1.066160; 1, 24, 1, 0; 0.351872305457; 0, 2, 0; 1, 1, 0; 1, 3, 1 / 2, 1, 1 ;
0,7; -2.955229, 2.454132, 1.409776 / -2.954939, 2.454158, 1.410240 / -2.955518, 2.454105, 1.409311; 1, 24, 1, 0; 0.469899172183; 1, 0, 2; 1, 1, 0; 2, 6, 2 / 4, 1, 2 ;
0,7; -2.968790, 2.449980, 1.411054 / -2.967816, 2.450194, 1.411145 / -2.969764, 2.449766, 1.410962; 1, 24, 1, 0; 0.469903487886; 2, 1, 1; 1, 1, 0; 1, 1, 1 / 2, 6, 2 ;
0,7; -3.183070, 1.778476, 0.722175 / -3.183070, 1.778476, 0.722175 / -3.183070, 1.778476, 0.722175; 1, 24, 1, 0; 0.173895187548; 0, 1, 0; 0, 1, 0; 4, 1, 1 ;
0,7; -3.546405, 1.883235, 1.066944 / -3.546405, 1.883235, 1.066944 / -3.546405, 1.883235, 1.066944; 1, 24, 1, 0; 0.351871263481; 1, 0, 1; 1, 0, 0; 3, 1, 2 ;
0,7; -3.544190, 1.885911, 1.068041 / -3.544190, 1.885911, 1.068041 / -3.544190, 1.885911, 1.068041; 1, 24, 1, 0; 0.351872216778; 0, 1, 0; 1, 0, 0; 2, 1, 1 / 3, 10, 0 / 4, 6, 0 ;
0,7; -3.104060, 2.454975, 1.447078 / -3.104060, 2.454975, 1.447078 / -3.104060, 2.454975, 1.447078; 1, 24, 1, 0; 0.467028062412; 1, 0, 1; 1, 0, 0; 2, 1, 2 ;
0,7; -3.119435, 2.463276, 1.457286 / -3.119435, 2.463276, 1.457286 / -3.119435, 2.463276, 1.457286; 1, 24, 1, 0; 0.467035740520; 1, 0, 1; 1, 0, 0; 2, 1, 2 ;
0,7; -3.377990, 2.041774, 1.281151 / -3.377990, 2.041774, 1.281151 / -3.377990, 2.041774, 1.281151; 1, 24, 1, 0; 0.492387012100; 1, 0, 1; 1, 0, 0; 2, 1, 2 ;
0,7; -3.376947, 2.042188, 1.285046 / -3.376947, 2.042188, 1.285046 / -3.376947, 2.042188, 1.285046; 1, 24, 1, 0; 0.492387167288; 0, 1, 0; 1, 0, 0; 2, 1, 1 ;
1,8; -0.0762656, -1.74127, -2.03757 / -0.0762656, -1.74127, -2.03757 / -0.0762656, -1.74127, -2.03757; 1, 5, 1, 0; 0.849887801521; 1, 0, 1; 1, 0, 0; 2, 1, 2 ;
0,8; -0.083843, -1.739586, -2.040425 / -0.083843, -1.739586, -2.040425 / -0.083843, -1.739586, -2.040425; 1, 5, 1, 0; 0.849896843857; 1, 0, 1; 1, 0, 0; 3, 1, 2 ;
0,8; -0.082982, -1.737975, -2.040734 / -0.082982, -1.737975, -2.040734 / -0.082982, -1.737975, -2.040734; 1, 5, 1, 0; 0.849896897768; 1, 0, 1; 1, 0, 0; 2, 1, 2 ;
0,8; 0.341814, -1.518414, -0.881091 / 0.341814, -1.518414, -0.881091 / 0.341814, -1.518414, -0.881091; 1, 16, 1, 0; 0.000406326347; 1, 0, 1; 1, 0, 0; 2, 1, 2 ;
0,8; 0.765105, -1.376673, 0.622282 / 0.765105, -1.376673, 0.622282 / 0.765105, -1.376673, 0.622282; 1, 19, 1, 0; 0.834472446149; 1, 0, 1; 0, 1, 0; 1, 1, 2 ;
0,8; 0.761291, -1.372101, 0.624177 / 0.761291, -1.372101, 0.624177 / 0.761291, -1.372101, 0.624177; 1, 19, 1, 0; 0.834473154809; 1, 0, 1; 0, 1, 0; 1, 1, 2 / 2, 4, 0 ;
0,8; 0.766002, -1.374651, 0.622037 / 0.766002, -1.374651, 0.622037 / 0.766002, -1.374651, 0.622037; 1, 19, 1, 0; 0.834473357283; 1, 0, 1; 0, 1, 0; 1, 1, 2 ;
0,8; 0.766645, -1.371273, 0.622600 / 0.766836, -1.370762, 0.622624 / 0.766455, -1.371785, 0.622577; 1, 19, 1, 0; 0.834473472983; 0, 2, 0; 2, 0, 0; 2, 1, 1 / 2, 10, 1 / 4, 6, 0 ;
0,8; 0.766917, -1.370510, 0.622612 / 0.766998, -1.370258, 0.622624 / 0.766836, -1.370762, 0.622599; 1, 19, 1, 0; 0.834473538064; 0, 1, 0; 2, 0, 0; 2, 1, 1 / 3, 6, 1 ;
0,8; 1.614691, -0.826568, 2.695146 / 1.614691, -0.826568, 2.695146 / 1.614691, -0.826568, 2.695146; 1, 34, 1, 0; 0.658001017789; 1, 0, 1; 0, 1, 0; 1, 1, 2 / 1, 9, 0 ;
0,8; 1.608515, -0.825815, 2.678225 / 1.608515, -0.825815, 2.678225 / 1.608515, -0.825815, 2.678225; 1, 34, 1, 0; 0.658018417488; 1, 0, 1; 1, 0, 0; 2, 1, 2 ;
1,9; -1.86949, 0.606255, -1.6344 / -1.86949, 0.606255, -1.6344 / -1.86949, 0.606255, -1.6344; 1, 6, 1, 0; 0.746331580738; 1, 0, 1; 1, 0, 0; 2, 1, 2 ;
0,9; -0.121231, -1.523136, -1.751646 / -0.121231, -1.523136, -1.751646 / -0.121231, -1.523136, -1.751646; 1, 8, 1, 0; 0.156693523396; 1, 0, 1; 1, 0, 0; 2, 1, 2 ;
0,9; 0.224314, -1.950860, -1.773674 / 0.224314, -1.950860, -1.773674 / 0.224314, -1.950860, -1.773674; 1, 8, 1, 0; 0.228774434152; 1, 0, 1; 1, 0, 0; 3, 1, 2 ;
