1,0; -1.03049, -3.96235, 1.02728 / -1.03007, -3.96201, 1.02773 / -1.03091, -3.96269, 1.02683; 1, 18, 1, 0; 0.906085921568; 0, 4, 0; 2, 2, 1; 1, 5, 1 / 1, 6, 0 / 2, 1, 0 / 2, 3, 0 / 2, 5, 0 / 2, 6, 1 / 3, 2, 1 / 4, 1, 1 ;
0,0; -1.210556, -3.994129, 1.070282 / -1.209965, -3.993651, 1.070601 / -1.211147, -3.994606, 1.069962; 1, 18, 1, 0; 0.905848105309; 0, 1, 0; 1, 1, 0; 1, 3, 3 / 3, 1, 1 ;
0,0; -1.034133, -3.956917, 1.028989 / -1.034133, -3.956917, 1.028989 / -1.034133, -3.956917, 1.028989; 1, 18, 1, 0; 0.906086598093; 0, 1, 0; 0, 1, 0; 1, 1, 1 ;
0,0; -1.034669, -3.957524, 1.046284 / -1.034669, -3.957524, 1.046284 / -1.034669, -3.957524, 1.046284; 1, 18, 1, 0; 0.906098935971; 1, 0, 1; 0, 1, 0; 1, 1, 2 ;
0,0; -1.033959, -3.954971, 1.041924 / -1.033959, -3.954971, 1.041924 / -1.033959, -3.954971, 1.041924; 1, 18, 1, 0; 0.906099961222; 0, 1, 0; 0, 1, 0; 1, 1, 1 ;
0,0; -1.014831, -3.969266, 1.112984 / -1.014831, -3.969266, 1.112984 / -1.014831, -3.969266, 1.112984; 1, 18, 1, 0; 0.906168227558; 0, 1, 0; 0, 1, 0; 4, 1, 1 ;
0,0; -1.032269, -3.953674, 1.029070 / -1.031591, -3.953258, 1.029317 / -1.032947, -3.954090, 1.028822; 1, 18, 1, 0; 0.906087504778; 2, 1, 1; 3, 0, 0; 2, 1, 3 / 3, 3, 1 / 3, 4, 0 / 3, 10, 2 ;
0,0; -1.030334, -3.954403, 1.027762 / -1.030334, -3.954403, 1.027762 / -1.030334, -3.954403, 1.027762; 1, 18, 1, 0; 0.906087651242; 0, 1, 0; 1, 0, 0; 3, 1, 1 ;
0,0; -1.030067, -3.961664, 1.061204 / -1.030067, -3.961664, 1.061204 / -1.030067, -3.961664, 1.061204; 1, 18, 1, 0; 0.906111238977; 1, 0, 1; 1, 0, 0; 3, 1, 2 / 4, 1, 0 ;
0,0; -1.029141, -3.968866, 1.089384 / -1.029141, -3.968866, 1.089384 / -1.029141, -3.968866, 1.089384; 1, 18, 1, 0; 0.906147297105; 1, 0, 1; 1, 0, 0; 3, 1, 2 ;
0,0; -1.015195, -3.970484, 1.099591 / -1.015195, -3.970484, 1.099591 / -1.015195, -3.970484, 1.099591; 1, 18, 1, 0; 0.906155701369; 1, 0, 1; 1, 0, 0; 3, 1, 2 ;
0,0; -1.013480, -3.967643, 1.116236 / -1.013480, -3.967643, 1.116236 / -1.013480, -3.967643, 1.116236; 1, 18, 1, 0; 0.906167481287; 1, 0, 1; 1, 0, 0; 3, 1, 2 ;
0,0; -1.269850, -3.899799, 1.094385 / -1.269850, -3.899799, 1.094385 / -1.269850, -3.899799, 1.094385; 1, 18, 1, 0; 0.910509695940; 1, 0, 1; 1, 0, 0; 3, 1, 2 ;
0,0; -1.410464, -3.725300, 1.159416 / -1.410464, -3.725300, 1.159416 / -1.410464, -3.725300, 1.159416; 1, 18, 1, 0; 0.911000783933; 1, 0, 1; 1, 0, 0; 1, 2, 0 / 2, 1, 2 / 4, 1, 0 ;
0,0; -3.423148, -0.935594, 2.078791 / -3.423148, -0.935594, 2.078791 / -3.423148, -0.935594, 2.078791; 1, 30, 1, 0; 0.429689381276; 1, 0, 1; 1, 0, 0; 2, 1, 2 ;
0,0; -3.419654, -0.932878, 2.079115 / -3.419654, -0.932878, 2.079115 / -3.419654, -0.932878, 2.079115; 1, 30, 1, 0; 0.429690667119; 1, 0, 1; 1, 0, 0; 2, 1, 2 ;
0,0; -3.295044, -1.134387, 2.014445 / -3.295044, -1.134387, 2.014445 / -3.295044, -1.134387, 2.014445; 1, 30, 1, 0; 0.432461677986; 1, 0, 1; 1, 0, 0; 3, 1, 2 ;
0,0; -2.521625, -2.182032, 1.666005 / -2.521625, -2.182032, 1.666005 / -2.521625, -2.182032, 1.666005; 1, 32, 1, 0; 0.158557636805; 0, 1, 0; 1, 0, 0; 2, 1, 1 ;
0,0; -3.843372, -0.355849, 2.272963 / -3.843372, -0.355849, 2.272963 / -3.843372, -0.355849, 2.272963; 1, 36, 1, 0; 0.227064651430; 1, 0, 1; 1, 0, 0; 3, 1, 2 ;
1,1; 0.552862, 0.405263, -2.32464 / 0.553614, 0.405936, -2.32441 / 0.55211, 0.40459, -2.32487; 1, 4, 1, 0; 0.476453938434; 1, 0, 2; 1, 1, 0; 2, 9, 2 / 4, 1, 2 ;
0,1; 0.552757, 0.413970, -2.311744 / 0.552757, 0.413970, -2.311744 / 0.552757, 0.413970, -2.311744; 1, 4, 1, 0; 0.476462134858; 1, 0, 1; 1, 0, 0; 3, 1, 2 ;
0,1; 0.675505, 0.819385, -1.673020 / 0.675505, 0.819385, -1.673020 / 0.675505, 0.819385, -1.673020; 1, 11, 1, 0; 0.069000803340; 1, 0, 1; 0, 1, 0; 4, 1, 2 ;
1,2; 1.88746, 0.0183405, -3.32387 / 1.88746, 0.0183405, -3.32387 / 1.88746, 0.0183405, -3.32387; 1, 3, 1, 0; 0.188301160153; 1, 0, 1; 0, 1, 0; 3, 4, 0 / 4, 1, 2 / 4, 2, 0 ;
0,2; 2.055818, 0.296229, -1.719225 / 2.056479, 0.296868, -1.718361 / 2.055157, 0.295590, -1.720088; 1, 11, 1, 0; 0.012014008093; 1, 0, 2; 1, 1, 0; 2, 10, 2 / 4, 1, 2 ;
0,2; 2.057125, 0.300155, -1.722841 / 2.057125, 0.300155, -1.722841 / 2.057125, 0.300155, -1.722841; 1, 11, 1, 0; 0.012013058275; 1, 0, 1; 0, 1, 0; 4, 1, 2 ;
0,2; 2.054642, 0.304140, -1.726415 / 2.054642, 0.304140, -1.726415 / 2.054642, 0.304140, -1.726415; 1, 11, 1, 0; 0.012012468931; 1, 0, 1; 1, 0, 0; 3, 1, 2 ;
0,2; 2.062696, 0.303046, -1.718376 / 2.062696, 0.303046, -1.718376 / 2.062696, 0.303046, -1.718376; 1, 11, 1, 0; 0.012013636176; 1, 0, 1; 1, 0, 0; 3, 1, 2 ;
0,2; 2.346491, 0.650797, 1.077168 / 2.346491, 0.650797, 1.077168 / 2.346491, 0.650797, 1.077168; 1, 26, 1, 0; 0.197264815053; 1, 0, 1; 1, 0, 0; 2, 1, 2 ;
0,2; 2.529547, 1.000929, 2.941607 / 2.529547, 1.000929, 2.941607 / 2.529547, 1.000929, 2.941607; 1, 39, 1, 0; 0.488975153230; 1, 0, 1; 0, 1, 0; 4, 1, 2 ;
0,2; 2.510228, 1.021317, 2.958539 / 2.510228, 1.021317, 2.958539 / 2.510228, 1.021317, 2.958539; 1, 39, 1, 0; 0.487497234009; 1, 0, 1; 1, 0, 0; 2, 1, 2 ;
0,2; 2.528793, 0.992384, 2.940373 / 2.528793, 0.992384, 2.940373 / 2.528793, 0.992384, 2.940373; 1, 39, 1, 0; 0.488974288857; 1, 0, 1; 1, 0, 0; 2, 1, 2 ;
1,3; 2.51872, -3.65983, -0.177984 / 2.51943, -3.6596, -0.17747 / 2.51801, -3.66005, -0.178498; 1, 15, 1, 0; 0.319138157119; 2, 1, 2; 1, 3, 0; 1, 5, 1 / 1, 6, 2 / 1, 7, 2 / 2, 6, 0 / 3, 1, 3 / 3, 6, 0 ;
0,3; 2.519881, -3.653452, -0.184090 / 2.519881, -3.653452, -0.184090 / 2.519881, -3.653452, -0.184090; 1, 15, 1, 0; 0.319138974165; 1, 0, 1; 0, 1, 0; 4, 1, 2 ;
0,3; 2.523415, -3.653191, -0.181594 / 2.523415, -3.653191, -0.181594 / 2.523415, -3.653191, -0.181594; 1, 15, 1, 0; 0.319139121501; 0, 1, 0; 0, 1, 0; 1, 1, 1 ;
0,3; 2.567635, -1.964192, 0.238474 / 2.567635, -1.964192, 0.238474 / 2.567635, -1.964192, 0.238474; 1, 15, 1, 0; 0.672262145857; 1, 0, 1; 0, 1, 0; 1, 1, 2 ;
0,3; 2.556822, -2.216129, 0.171192 / 2.556822, -2.216129, 0.171192 / 2.556822, -2.216129, 0.171192; 1, 15, 1, 0; 0.700531408052; 1, 0, 1; 1, 0, 0; 2, 1, 2 ;
0,3; 2.752559, 2.907233, 1.458963 / 2.752559, 2.907233, 1.458963 / 2.752559, 2.907233, 1.458963; 1, 28, 1, 0; 0.085052718721; 1, 0, 1; 0, 1, 0; 4, 1, 2 ;
0,3; 2.744079, 2.883233, 1.460632 / 2.744079, 2.883233, 1.460632 / 2.744079, 2.883233, 1.460632; 1, 28, 1, 0; 0.084955347934; 1, 0, 1; 1, 0, 0; 3, 1, 2 ;
1,4; 1.98019, 2.85147, 0.676607 / 1.98019, 2.85147, 0.676607 / 1.98019, 2.85147, 0.676607; 1, 20, 1, 0; 0.651247074970; 1, 0, 1; 1, 0, 0; 2, 1, 2 ;
0,4; -1.896765, -2.995602, 1.443288 / -1.896765, -2.995602, 1.443288 / -1.896765, -2.995602, 1.443288; 1, 21, 1, 0; 0.863408718517; 1, 0, 1; 1, 0, 0; 2, 1, 2 ;
0,4; -1.589748, -2.523821, 1.378459 / -1.589748, -2.523821, 1.378459 / -1.589748, -2.523821, 1.378459; 1, 21, 1, 0; 0.875026840647; 1, 0, 1; 1, 0, 0; 2, 1, 2 ;
0,4; -1.537147, -2.460443, 1.372546 / -1.537147, -2.460443, 1.372546 / -1.537147, -2.460443, 1.372546; 1, 21, 1, 0; 0.917206331744; 0, 0, 0; 1, 0, 0; 2, 1, 3 ;
0,4; 0.153885, 0.098558, 1.037456 / 0.154622, 0.098930, 1.037802 / 0.153147, 0.098185, 1.037110; 1, 23, 1, 0; 0.503775737180; 2, 1, 2; 2, 1, 0; 1, 6, 1 / 2, 1, 2 / 2, 5, 2 ;
0,4; -0.288747, -0.569517, 1.124276 / -0.288747, -0.569517, 1.124276 / -0.288747, -0.569517, 1.124276; 1, 23, 1, 0; 0.448616750838; 1, 0, 1; 0, 1, 0; 4, 1, 2 ;
0,4; -0.084990, -0.260871, 1.079956 / -0.084990, -0.260871, 1.079956 / -0.084990, -0.260871, 1.079956; 1, 23, 1, 0; 0.471072843738; 1, 0, 1; 0, 1, 0; 4, 1, 2 ;
0,4; -0.085177, -0.257970, 1.085253 / -0.085177, -0.257970, 1.085253 / -0.085177, -0.257970, 1.085253; 1, 23, 1, 0; 0.471085805625; 0, 0, 0; 1, 0, 0; 3, 1, 3 / 4, 3, 0 ;
0,4; 0.311910, 0.323010, 1.004501 / 0.311910, 0.323010, 1.004501 / 0.311910, 0.323010, 1.004501; 1, 23, 1, 0; 0.558476231860; 1, 0, 1; 1, 0, 0; 3, 1, 2 ;
0,4; 1.029479, 1.427168, 0.863797 / 1.029479, 1.427168, 0.863797 / 1.029479, 1.427168, 0.863797; 1, 26, 1, 0; 0.082299935708; 1, 0, 1; 0, 1, 0; 1, 1, 2 ;
1,5; -2.88752, 2.53874, -1.36383 / -2.88752, 2.53874, -1.36383 / -2.88752, 2.53874, -1.36383; 1, 7, 1, 0; 0.362869476907; 1, 0, 1; 0, 1, 0; 1, 1, 2 ;
0,5; -3.310931, 2.250129, -0.397179 / -3.310931, 2.250129, -0.397179 / -3.310931, 2.250129, -0.397179; 1, 14, 1, 0; 0.236758216665; 0, 1, 0; 0, 1, 0; 1, 1, 1 / 1, 6, 0 ;
0,5; -3.493153, 2.162427, -0.172658 / -3.493153, 2.162427, -0.172658 / -3.493153, 2.162427, -0.172658; 1, 14, 1, 0; 0.516828556410; 1, 0, 1; 0, 1, 0; 1, 1, 2 ;
0,5; -3.309428, 2.246441, -0.398821 / -3.309428, 2.246441, -0.398821 / -3.309428, 2.246441, -0.398821; 1, 14, 1, 0; 0.236758112029; 1, 0, 1; 1, 0, 0; 2, 8, 0 / 3, 1, 2 / 3, 2, 0 / 3, 8, 0 ;
1,6; -2.94909, -0.0681167, -1.87431 / -2.94909, -0.0681167, -1.87431 / -2.94909, -0.0681167, -1.87431; 1, 5, 1, 0; 0.987291808183; 0, 1, 0; 0, 1, 0; 1, 1, 1 ;
0,6; -2.961766, -0.034462, -1.912583 / -2.961766, -0.034462, -1.912583 / -2.961766, -0.034462, -1.912583; 1, 5, 1, 0; 0.987368038259; 1, 0, 1; 1, 0, 0; 2, 1, 2 ;
0,6; -2.839390, -0.228686, -1.651174 / -2.839390, -0.228686, -1.651174 / -2.839390, -0.228686, -1.651174; 1, 6, 1, 0; 0.785324730127; 1, 0, 1; 0, 1, 0; 1, 1, 2 / 3, 1, 0 ;
0,6; -2.838638, -0.224511, -1.653200 / -2.838638, -0.224511, -1.653200 / -2.838638, -0.224511, -1.653200; 1, 6, 1, 0; 0.785324637008; 1, 0, 1; 1, 0, 0; 2, 1, 2 ;
0,6; -2.840860, -0.228727, -1.651894 / -2.840860, -0.228727, -1.651894 / -2.840860, -0.228727, -1.651894; 1, 6, 1, 0; 0.785325323147; 0, 1, 0; 1, 0, 0; 3, 1, 1 ;
0,6; -2.133455, -1.210067, -0.260545 / -2.133243, -1.209572, -0.259905 / -2.133668, -1.210563, -0.261184; 1, 10, 1, 0; 0.821428912059; 1, 0, 2; 1, 1, 0; 2, 3, 0 / 2, 4, 0 / 2, 6, 0 / 3, 4, 2 / 4, 1, 2 ;
0,6; -2.590924, -0.562063, -1.168865 / -2.590924, -0.562063, -1.168865 / -2.590924, -0.562063, -1.168865; 1, 10, 1, 0; 0.168087933466; 0, 1, 0; 0, 1, 0; 1, 1, 1 ;
0,6; -2.395109, -0.836854, -0.779200 / -2.395109, -0.836854, -0.779200 / -2.395109, -0.836854, -0.779200; 1, 10, 1, 0; 0.421224782537; 1, 0, 1; 0, 1, 0; 1, 1, 2 ;
0,6; -2.132594, -1.208747, -0.253281 / -2.132594, -1.208747, -0.253281 / -2.132594, -1.208747, -0.253281; 1, 10, 1, 0; 0.821438741679; 1, 0, 1; 0, 1, 0; 2, 5, 0 / 3, 7, 0 / 4, 1, 2 ;
0,6; -2.591851, -0.564294, -1.169609 / -2.591851, -0.564294, -1.169609 / -2.591851, -0.564294, -1.169609; 1, 10, 1, 0; 0.168088030789; 1, 0, 1; 1, 0, 0; 2, 1, 2 ;
0,6; -2.396911, -0.840802, -0.776644 / -2.396911, -0.840802, -0.776644 / -2.396911, -0.840802, -0.776644; 1, 10, 1, 0; 0.421224544637; 1, 0, 1; 1, 0, 0; 1, 1, 0 / 2, 1, 2 / 3, 1, 0 / 4, 1, 0 / 4, 4, 0 ;
0,6; -1.948332, -1.450292, 0.101150 / -1.948332, -1.450292, 0.101150 / -1.948332, -1.450292, 0.101150; 1, 14, 1, 0; 0.996561637141; 1, 0, 1; 1, 0, 0; 3, 1, 2 ;
0,6; -1.302856, -2.336268, 1.370116 / -1.302856, -2.336268, 1.370116 / -1.302856, -2.336268, 1.370116; 1, 21, 1, 0; 0.919116594199; 1, 0, 1; 0, 1, 0; 1, 1, 2 ;
0,6; -1.741025, -1.730452, 0.497372 / -1.741025, -1.730452, 0.497372 / -1.741025, -1.730452, 0.497372; 1, 21, 1, 0; 0.209359549712; 1, 0, 1; 1, 0, 0; 3, 1, 2 ;
1,7; 1.09857, 1.41911, -1.45492 / 1.0986, 1.4192, -1.4549 / 1.09855, 1.41902, -1.45494; 1, 7, 1, 0; 0.481595572015; 2, 1, 1; 1, 1, 0; 3, 1, 1 / 4, 1, 2 ;
0,7; 1.145077, 1.354876, -1.418373 / 1.145077, 1.354876, -1.418373 / 1.145077, 1.354876, -1.418373; 1, 7, 1, 0; 0.483297660724; 1, 0, 1; 0, 1, 0; 1, 1, 2 ;
0,7; 2.222874, -0.393737, -0.466150 / 2.222874, -0.393737, -0.466150 / 2.222874, -0.393737, -0.466150; 1, 12, 1, 0; 0.777713159665; 1, 0, 1; 1, 0, 0; 2, 1, 2 ;
0,7; 2.581593, -0.979145, -0.147784 / 2.581593, -0.979145, -0.147784 / 2.581593, -0.979145, -0.147784; 1, 16, 1, 0; 0.353933339763; 1, 0, 1; 1, 0, 0; 2, 1, 2 / 4, 6, 0 ;
0,7; 3.177529, -1.941901, 0.375635 / 3.177529, -1.941901, 0.375635 / 3.177529, -1.941901, 0.375635; 1, 19, 1, 0; 0.375651909187; 1, 0, 1; 1, 0, 0; 3, 1, 2 ;
0,7; 3.472054, -2.439258, 0.641671 / 3.472054, -2.439258, 0.641671 / 3.472054, -2.439258, 0.641671; 1, 19, 1, 0; 0.917815932119; 1, 0, 1; 1, 0, 0; 2, 1, 2 ;
1,8; -3.03212, 3.16287, 0.709071 / -3.03212, 3.16287, 0.709071 / -3.03212, 3.16287, 0.709071; 1, 25, 1, 0; 0.510274664609; 0, 1, 0; 0, 1, 0; 4, 1, 1 ;
1,9; 0.803453, 0.0975224, -0.203699 / 0.803453, 0.0975224, -0.203699 / 0.803453, 0.0975224, -0.203699; 1, 16, 1, 0; 0.501964955424; 1, 0, 1; 1, 0, 0; 3, 1, 2 ;
0,9; 0.408388, 0.047664, 0.364886 / 0.409008, 0.047690, 0.365505 / 0.407768, 0.047638, 0.364266; 1, 17, 1, 0; 0.684369917338; 2, 1, 1; 0, 2, 0; 1, 4, 0 / 2, 5, 0 / 4, 1, 2 / 4, 9, 1 ;
0,9; 0.400414, 0.055065, 0.375668 / 0.400485, 0.055205, 0.375717 / 0.400342, 0.054925, 0.375619; 1, 17, 1, 0; 0.684379423572; 2, 1, 1; 1, 1, 0; 1, 2, 0 / 2, 6, 1 / 3, 5, 0 / 4, 1, 2 / 4, 5, 0 ;
0,9; 0.437963, 0.052735, 0.353429 / 0.437963, 0.052735, 0.353429 / 0.437963, 0.052735, 0.353429; 1, 17, 1, 0; 0.684334758920; 0, 1, 0; 0, 1, 0; 1, 1, 1 ;
0,9; 0.399032, 0.044857, 0.373679 / 0.399032, 0.044857, 0.373679 / 0.399032, 0.044857, 0.373679; 1, 17, 1, 0; 0.684381195093; 1, 0, 1; 0, 1, 0; 1, 1, 2 ;
0,9; 0.435368, 0.062007, 0.354953 / 0.435368, 0.062007, 0.354953 / 0.435368, 0.062007, 0.354953; 1, 17, 1, 0; 0.684336000379; 0, 1, 0; 1, 0, 0; 2, 1, 1 ;
0,9; 0.424949, 0.048309, 0.354814 / 0.424949, 0.048309, 0.354814 / 0.424949, 0.048309, 0.354814; 1, 17, 1, 0; 0.684346455144; 1, 0, 1; 1, 0, 0; 2, 1, 2 ;
0,9; 0.414876, 0.045981, 0.363478 / 0.414876, 0.045981, 0.363478 / 0.414876, 0.045981, 0.363478; 1, 17, 1, 0; 0.684357642231; 1, 0, 1; 1, 0, 0; 2, 1, 2 ;
0,9; 0.404744, 0.050707, 0.377298 / 0.404744, 0.050707, 0.377298 / 0.404744, 0.050707, 0.377298; 1, 17, 1, 0; 0.684367294929; 1, 0, 1; 1, 0, 0; 2, 1, 2 ;
0,9; 0.409717, 0.047600, 0.365523 / 0.410426, 0.047690, 0.365541 / 0.409008, 0.047510, 0.365505; 1, 17, 1, 0; 0.684369889440; 1, 0, 1; 1, 1, 0; 1, 8, 0 / 2, 1, 2 / 2, 2, 0 / 2, 9, 0 / 3, 2, 0 / 4, 5, 2 ;
0,9; 0.409387, 0.045112, 0.358413 / 0.409387, 0.045112, 0.358413 / 0.409387, 0.045112, 0.358413; 1, 17, 1, 0; 0.684370851920; 0, 1, 0; 1, 0, 0; 2, 1, 1 ;
0,9; -1.023301, -2.658114, 1.684176 / -1.023109, -2.657948, 1.684547 / -1.023492, -2.658280, 1.683805; 1, 32, 1, 0; 0.106559086483; 1, 0, 2; 2, 0, 0; 2, 1, 2 / 3, 1, 2 ;
0,9; -1.421161, -3.260938, 2.094328 / -1.421161, -3.260938, 2.094328 / -1.421161, -3.260938, 2.094328; 1, 32, 1, 0; 0.550702168348; 0, 1, 0; 1, 0, 0; 3, 1, 1 ;
