1,0; -2.91924, 0.0303901, 0.125151 / -2.91919, 0.0305707, 0.125175 / -2.91928, 0.0302095, 0.125127; 1, 14, 1, 0; 0.857031641806; 2, 1, 1; 1, 1, 0; 1, 1, 2 / 3, 5, 1 ;
0,0; -3.977377, 1.605638, 0.123735 / -3.977377, 1.605638, 0.123735 / -3.977377, 1.605638, 0.123735; 1, 14, 1, 0; 0.724117207879; 1, 0, 1; 0, 1, 0; 4, 1, 2 ;
0,0; -3.164967, 0.396506, 0.125395 / -3.164967, 0.396506, 0.125395 / -3.164967, 0.396506, 0.125395; 1, 14, 1, 0; 0.832158971026; 0, 1, 0; 0, 1, 0; 1, 1, 1 ;
0,0; -2.415260, -0.719708, 0.124746 / -2.415260, -0.719708, 0.124746 / -2.415260, -0.719708, 0.124746; 1, 14, 1, 0; 0.943621413615; 1, 0, 1; 0, 1, 0; 1, 1, 2 ;
0,0; -3.201039, 0.457189, 0.130551 / -3.201039, 0.457189, 0.130551 / -3.201039, 0.457189, 0.130551; 1, 14, 1, 0; 0.832392499228; 1, 0, 1; 1, 0, 0; 3, 1, 2 ;
0,0; -2.922303, 0.015575, 0.117697 / -2.922303, 0.015575, 0.117697 / -2.922303, 0.015575, 0.117697; 1, 14, 1, 0; 0.857018033023; 1, 0, 1; 1, 0, 0; 2, 1, 2 ;
0,0; -2.235088, -0.991664, 0.123050 / -2.235088, -0.991664, 0.123050 / -2.235088, -0.991664, 0.123050; 1, 14, 1, 0; 0.956925153537; 1, 0, 1; 1, 0, 0; 3, 1, 2 ;
0,0; -0.679979, -3.305418, 0.127695 / -0.679979, -3.305418, 0.127695 / -0.679979, -3.305418, 0.127695; 1, 15, 1, 0; 0.820219972890; 1, 0, 1; 0, 1, 0; 4, 1, 2 ;
0,0; -0.682454, -3.307823, 0.126546 / -0.681863, -3.307634, 0.127479 / -0.683044, -3.308013, 0.125612; 1, 15, 1, 0; 0.820219102267; 1, 0, 2; 2, 0, 0; 2, 9, 2 / 3, 1, 2 ;
0,0; -0.743048, -3.217937, 0.123899 / -0.743048, -3.217937, 0.123899 / -0.743048, -3.217937, 0.123899; 1, 15, 1, 0; 0.818254113358; 1, 0, 1; 1, 0, 0; 2, 1, 2 ;
0,0; -0.427057, -3.684181, 0.124014 / -0.427057, -3.684181, 0.124014 / -0.427057, -3.684181, 0.124014; 1, 15, 1, 0; 0.889885834566; 1, 0, 1; 1, 0, 0; 3, 1, 2 ;
0,0; -0.425487, -3.683736, 0.120013 / -0.425487, -3.683736, 0.120013 / -0.425487, -3.683736, 0.120013; 1, 15, 1, 0; 0.889885955113; 1, 0, 1; 1, 0, 0; 2, 1, 2 ;
0,0; -0.238223, -3.961631, 0.130314 / -0.238223, -3.961631, 0.130314 / -0.238223, -3.961631, 0.130314; 1, 15, 1, 0; 0.901530956667; 1, 0, 1; 1, 0, 0; 3, 1, 2 ;
0,0; -0.116402, -4.146833, 0.124350 / -0.116402, -4.146833, 0.124350 / -0.116402, -4.146833, 0.124350; 1, 15, 1, 0; 0.946096033711; 1, 0, 1; 1, 0, 0; 3, 1, 2 ;
0,0; -0.065301, -4.231021, 0.124225 / -0.065301, -4.231021, 0.124225 / -0.065301, -4.231021, 0.124225; 1, 15, 1, 0; 0.948060721251; 1, 0, 1; 1, 0, 0; 3, 1, 2 ;
0,0; -1.482842, -2.110223, 0.124793 / -1.482842, -2.110223, 0.124793 / -1.482842, -2.110223, 0.124793; 1, 16, 1, 0; 0.927087746721; 0, 1, 0; 0, 1, 0; 4, 1, 1 ;
0,0; -0.991782, -2.842267, 0.124032 / -0.991782, -2.842267, 0.124032 / -0.991782, -2.842267, 0.124032; 1, 16, 1, 0; 0.955972800405; 1, 0, 1; 0, 1, 0; 4, 1, 2 ;
0,0; -0.993500, -2.838701, 0.124856 / -0.993500, -2.838701, 0.124856 / -0.993500, -2.838701, 0.124856; 1, 16, 1, 0; 0.955973932215; 1, 0, 1; 0, 1, 0; 1, 1, 2 ;
0,0; -1.284660, -2.388866, 0.126799 / -1.284660, -2.388866, 0.126799 / -1.284660, -2.388866, 0.126799; 1, 16, 1, 0; 0.936691432536; 1, 0, 1; 1, 0, 0; 2, 1, 2 ;
1,1; 3.52063, -0.476846, -0.376351 / 3.52092, -0.476585, -0.375839 / 3.52034, -0.477107, -0.376863; 1, 12, 1, 0; 0.788471068327; 1, 0, 2; 2, 0, 0; 2, 1, 2 / 2, 5, 2 ;
1,2; -1.82484, -2.99378, 2.9548 / -1.82412, -2.99378, 2.95506 / -1.82556, -2.99378, 2.95453; 1, 35, 1, 0; 0.913246973409; 1, 0, 2; 2, 0, 0; 2, 1, 2 / 2, 5, 2 ;
0,2; -1.821562, -2.996145, 2.957295 / -1.821562, -2.996145, 2.957295 / -1.821562, -2.996145, 2.957295; 1, 35, 1, 0; 0.913248725341; 0, 0, 0; 1, 0, 0; 1, 6, 0 / 2, 1, 3 ;
0,2; -0.738145, -2.598636, 3.185441 / -0.738145, -2.598636, 3.185441 / -0.738145, -2.598636, 3.185441; 1, 40, 1, 0; 0.873447791922; 0, 1, 0; 0, 1, 0; 1, 1, 1 ;
1,3; -1.348, -1.8759, 2.89999 / -1.348, -1.8759, 2.89999 / -1.348, -1.8759, 2.89999; 1, 35, 1, 0; 0.584439433405; 1, 0, 1; 1, 0, 0; 2, 1, 2 ;
0,3; 0.850408, 0.840036, 3.513596 / 0.850427, 0.840147, 3.514240 / 0.850390, 0.839926, 3.512952; 1, 45, 1, 0; 0.039375396430; 0, 2, 0; 2, 1, 0; 1, 7, 3 / 2, 7, 1 / 3, 1, 1 / 4, 1, 0 / 4, 2, 0 ;
0,3; 0.842259, 0.832598, 3.511404 / 0.842259, 0.832598, 3.511404 / 0.842259, 0.832598, 3.511404; 1, 45, 1, 0; 0.039377584213; 1, 0, 1; 0, 1, 0; 4, 1, 2 ;
0,3; 0.846131, 0.833395, 3.507527 / 0.846131, 0.833395, 3.507527 / 0.846131, 0.833395, 3.507527; 1, 45, 1, 0; 0.039377041507; 1, 0, 1; 1, 0, 0; 3, 1, 2 ;
0,3; 0.848895, 0.844335, 3.524834 / 0.848895, 0.844335, 3.524834 / 0.848895, 0.844335, 3.524834; 1, 45, 1, 0; 0.039403922407; 1, 0, 1; 1, 0, 0; 2, 1, 2 / 3, 10, 0 ;
0,3; 0.982729, 1.000039, 3.549684 / 0.982729, 1.000039, 3.549684 / 0.982729, 1.000039, 3.549684; 1, 45, 1, 0; 0.124762752740; 1, 0, 1; 1, 0, 0; 2, 1, 2 ;
0,3; 1.322925, 1.425594, 3.645212 / 1.322925, 1.425594, 3.645212 / 1.322925, 1.425594, 3.645212; 1, 45, 1, 0; 0.313897119928; 1, 0, 1; 1, 0, 0; 2, 1, 2 ;
1,4; -2.4125, -0.0866099, -2.61332 / -2.41248, -0.0863176, -2.61328 / -2.41251, -0.0869022, -2.61335; 1, 2, 1, 0; 0.921849842103; 0, 2, 0; 0, 2, 0; 4, 1, 1 / 4, 2, 1 ;
0,4; -2.411450, -0.103761, -2.615163 / -2.411450, -0.103761, -2.615163 / -2.411450, -0.103761, -2.615163; 1, 2, 1, 0; 0.921851966117; 1, 0, 1; 0, 1, 0; 1, 1, 2 ;
0,4; -2.420515, -0.109383, -2.618823 / -2.420515, -0.109383, -2.618823 / -2.420515, -0.109383, -2.618823; 1, 2, 1, 0; 0.921845783931; 1, 0, 1; 1, 0, 0; 2, 1, 2 ;
0,4; -2.433469, -0.084534, -2.617017 / -2.433469, -0.084534, -2.617017 / -2.433469, -0.084534, -2.617017; 1, 2, 1, 0; 0.921847710178; 1, 0, 1; 1, 0, 0; 2, 1, 2 ;
0,4; -2.415377, -0.076482, -2.613918 / -2.415377, -0.076482, -2.613918 / -2.415377, -0.076482, -2.613918; 1, 2, 1, 0; 0.921849355597; 1, 0, 1; 1, 0, 0; 3, 1, 2 ;
0,4; -2.418487, -0.109189, -2.610744 / -2.418487, -0.109189, -2.610744 / -2.418487, -0.109189, -2.610744; 1, 2, 1, 0; 0.921852476355; 1, 0, 1; 1, 0, 0; 3, 1, 2 ;
0,4; -2.412242, -0.079895, -2.605806 / -2.412242, -0.079895, -2.605806 / -2.412242, -0.079895, -2.605806; 1, 2, 1, 0; 0.921856669008; 0, 0, 0; 1, 0, 0; 2, 1, 3 ;
0,4; -2.600021, -0.942033, -3.280275 / -2.600021, -0.942033, -3.280275 / -2.600021, -0.942033, -3.280275; 1, 5, 1, 0; 0.089307807971; 1, 0, 1; 0, 1, 0; 4, 1, 2 ;
0,4; -2.605228, -0.944127, -3.279543 / -2.605228, -0.944127, -3.279543 / -2.605228, -0.944127, -3.279543; 1, 5, 1, 0; 0.089307332575; 1, 0, 1; 1, 0, 0; 3, 1, 2 ;
0,4; -2.396959, -0.061995, -2.333238 / -2.396959, -0.061995, -2.333238 / -2.396959, -0.061995, -2.333238; 1, 5, 1, 0; 0.392054511807; 1, 0, 1; 1, 0, 0; 2, 1, 2 ;
0,4; -2.351644, 0.856874, -0.334014 / -2.351379, 0.856903, -0.333925 / -2.351910, 0.856844, -0.334104; 1, 10, 1, 0; 0.733682636285; 2, 1, 1; 1, 1, 0; 1, 1, 2 / 2, 1, 1 ;
0,4; -2.401836, 0.496163, -0.923079 / -2.401836, 0.496163, -0.923079 / -2.401836, 0.496163, -0.923079; 1, 10, 1, 0; 0.318954432304; 0, 1, 0; 1, 0, 0; 2, 10, 0 / 3, 1, 1 ;
0,4; -2.096416, 2.680409, 2.662191 / -2.096385, 2.680414, 2.662269 / -2.096447, 2.680403, 2.662114; 1, 37, 1, 0; 0.379401608528; 0, 2, 0; 2, 0, 0; 2, 2, 0 / 3, 1, 1 / 3, 2, 1 ;
0,4; -2.094500, 2.682685, 2.660332 / -2.094500, 2.682685, 2.660332 / -2.094500, 2.682685, 2.660332; 1, 37, 1, 0; 0.379399894071; 1, 0, 1; 1, 0, 0; 2, 1, 2 ;
0,4; -2.097530, 2.682426, 2.664279 / -2.097530, 2.682426, 2.664279 / -2.097530, 2.682426, 2.664279; 1, 37, 1, 0; 0.379401424836; 1, 0, 1; 1, 0, 0; 2, 1, 2 ;
1,5; -1.4674, 0.629265, -4.01331 / -1.4674, 0.629265, -4.01331 / -1.4674, 0.629265, -4.01331; 1, 1, 1, 0; 0.535573764591; 1, 0, 1; 0, 1, 0; 2, 2, 0 / 2, 3, 0 / 4, 1, 2 ;
0,5; -1.472039, 0.637047, -3.994673 / -1.472039, 0.637047, -3.994673 / -1.472039, 0.637047, -3.994673; 1, 1, 1, 0; 0.535578352778; 1, 0, 1; 0, 1, 0; 1, 1, 2 ;
0,5; -1.467303, 0.631836, -3.990747 / -1.467303, 0.631836, -3.990747 / -1.467303, 0.631836, -3.990747; 1, 1, 1, 0; 0.535578688981; 1, 0, 1; 0, 1, 0; 4, 1, 2 ;
0,5; -1.495549, 0.645963, -4.314083 / -1.495549, 0.645963, -4.314083 / -1.495549, 0.645963, -4.314083; 1, 1, 1, 0; 0.126194249578; 1, 0, 1; 1, 0, 0; 3, 1, 2 ;
0,5; -0.820175, 0.343270, 1.260207 / -0.820175, 0.343270, 1.260207 / -0.820175, 0.343270, 1.260207; 1, 23, 1, 0; 0.652649930018; 1, 0, 1; 0, 1, 0; 1, 1, 2 ;
0,5; -0.531457, 0.212600, 3.645752 / -0.531457, 0.212600, 3.645752 / -0.531457, 0.212600, 3.645752; 1, 44, 1, 0; 0.686052024770; 1, 0, 1; 0, 1, 0; 1, 1, 2 ;
0,5; -0.536637, 0.220503, 3.651331 / -0.536637, 0.220503, 3.651331 / -0.536637, 0.220503, 3.651331; 1, 44, 1, 0; 0.686047785451; 1, 0, 1; 1, 0, 0; 2, 1, 2 ;
0,5; -0.438367, 0.170209, 4.408807 / -0.437856, 0.170238, 4.409099 / -0.438879, 0.170180, 4.408515; 1, 46, 1, 0; 0.943726389874; 2, 1, 2; 2, 1, 0; 2, 1, 1 / 2, 2, 2 / 2, 4, 0 / 4, 4, 2 ;
0,5; -0.484795, 0.191002, 4.030771 / -0.484641, 0.191039, 4.030941 / -0.484949, 0.190965, 4.030601; 1, 46, 1, 0; 0.656952598362; 2, 1, 1; 1, 1, 0; 1, 1, 2 / 2, 1, 1 ;
0,5; -0.516665, 0.205369, 3.768712 / -0.516665, 0.205369, 3.768712 / -0.516665, 0.205369, 3.768712; 1, 46, 1, 0; 0.221072000536; 0, 1, 0; 1, 0, 0; 2, 1, 1 ;
0,5; -0.488814, 0.202561, 4.012030 / -0.488814, 0.202561, 4.012030 / -0.488814, 0.202561, 4.012030; 1, 46, 1, 0; 0.222175892043; 1, 0, 1; 1, 0, 0; 3, 1, 2 ;
0,5; -0.428447, 0.167172, 4.412937 / -0.428447, 0.167172, 4.412937 / -0.428447, 0.167172, 4.412937; 1, 46, 1, 0; 0.943737096038; 1, 0, 1; 1, 0, 0; 3, 1, 2 ;
0,5; -0.429052, 0.170213, 4.446421 / -0.429052, 0.170213, 4.446421 / -0.429052, 0.170213, 4.446421; 1, 46, 1, 0; 0.943759424774; 1, 0, 1; 1, 0, 0; 2, 1, 2 ;
1,6; -0.140401, -3.82982, 2.22907 / -0.140401, -3.82982, 2.22907 / -0.140401, -3.82982, 2.22907; 1, 32, 1, 0; 0.700970149418; 1, 0, 1; 0, 1, 0; 4, 1, 2 ;
0,6; -1.499843, -1.636278, 2.594783 / -1.499843, -1.636278, 2.594783 / -1.499843, -1.636278, 2.594783; 1, 34, 1, 0; 0.361927125819; 0, 1, 0; 1, 0, 0; 2, 1, 1 ;
0,6; -1.735622, -1.252382, 2.657040 / -1.735622, -1.252382, 2.657040 / -1.735622, -1.252382, 2.657040; 1, 36, 1, 0; 0.595081992977; 1, 0, 1; 1, 0, 0; 1, 7, 0 / 2, 8, 0 / 3, 1, 2 ;
0,6; -2.676186, 0.254840, 2.914228 / -2.676186, 0.254840, 2.914228 / -2.676186, 0.254840, 2.914228; 1, 37, 1, 0; 0.938806783740; 0, 1, 0; 0, 1, 0; 1, 1, 1 ;
0,6; -2.344278, -0.290707, 2.816750 / -2.344278, -0.290707, 2.816750 / -2.344278, -0.290707, 2.816750; 1, 37, 1, 0; 0.884335387620; 1, 0, 1; 1, 0, 0; 2, 1, 2 ;
1,7; 0.054689, 0.500968, 0.226386 / 0.0552216, 0.501824, 0.227176 / 0.0541564, 0.500112, 0.225595; 1, 16, 1, 0; 0.626115776756; 2, 1, 1; 2, 1, 0; 1, 3, 1 / 2, 10, 3 / 3, 1, 2 ;
0,7; -0.115400, 0.456400, 0.129480 / -0.115400, 0.456400, 0.129480 / -0.115400, 0.456400, 0.129480; 1, 16, 1, 0; 0.624461935033; 1, 0, 1; 0, 1, 0; 1, 1, 2 ;
0,7; 0.052379, 0.467964, 0.230689 / 0.052379, 0.467964, 0.230689 / 0.052379, 0.467964, 0.230689; 1, 16, 1, 0; 0.626092283335; 0, 1, 0; 0, 1, 0; 4, 1, 1 ;
0,7; 0.047368, 0.492140, 0.223671 / 0.047368, 0.492140, 0.223671 / 0.047368, 0.492140, 0.223671; 1, 16, 1, 0; 0.626105027914; 1, 0, 1; 0, 1, 0; 1, 1, 2 ;
0,7; 0.059128, 0.495984, 0.225076 / 0.059128, 0.495984, 0.225076 / 0.059128, 0.495984, 0.225076; 1, 16, 1, 0; 0.626114825768; 0, 1, 0; 0, 1, 0; 4, 1, 1 ;
0,7; 0.062139, 0.468699, 0.210499 / 0.062518, 0.469823, 0.211020 / 0.061760, 0.467575, 0.209979; 1, 16, 1, 0; 0.626086831897; 1, 0, 3; 3, 0, 0; 2, 9, 2 / 3, 1, 2 / 3, 9, 2 / 4, 4, 0 ;
0,7; -0.574950, 0.376511, 0.117697 / -0.574950, 0.376511, 0.117697 / -0.574950, 0.376511, 0.117697; 1, 16, 1, 0; 0.620264669324; 1, 0, 1; 1, 0, 0; 3, 1, 2 ;
0,7; -0.104605, 0.457525, 0.134313 / -0.104605, 0.457525, 0.134313 / -0.104605, 0.457525, 0.134313; 1, 16, 1, 0; 0.624450717393; 1, 0, 1; 1, 0, 0; 2, 1, 2 ;
0,7; 0.062599, 0.465101, 0.213226 / 0.062599, 0.465101, 0.213226 / 0.062599, 0.465101, 0.213226; 1, 16, 1, 0; 0.626087581972; 0, 1, 0; 1, 0, 0; 2, 1, 1 ;
0,7; 0.065259, 0.487423, 0.223491 / 0.065259, 0.487423, 0.223491 / 0.065259, 0.487423, 0.223491; 1, 16, 1, 0; 0.626101833398; 1, 0, 1; 1, 0, 0; 2, 1, 2 ;
0,7; 0.050123, 0.480351, 0.229057 / 0.050123, 0.480351, 0.229057 / 0.050123, 0.480351, 0.229057; 1, 16, 1, 0; 0.626104411780; 0, 1, 0; 1, 0, 0; 3, 1, 1 ;
0,7; 0.051061, 0.487710, 0.222607 / 0.051061, 0.487710, 0.222607 / 0.051061, 0.487710, 0.222607; 1, 16, 1, 0; 0.626104880577; 1, 0, 1; 1, 0, 0; 2, 1, 2 ;
0,7; 0.057253, 0.501646, 0.229001 / 0.057253, 0.501646, 0.229001 / 0.057253, 0.501646, 0.229001; 1, 16, 1, 0; 0.626115073561; 0, 0, 0; 1, 0, 0; 3, 1, 3 ;
0,7; -1.423864, 0.206482, 0.068983 / -1.423864, 0.206482, 0.068983 / -1.423864, 0.206482, 0.068983; 1, 16, 1, 0; 0.694462705199; 1, 0, 1; 1, 0, 0; 2, 1, 2 ;
1,8; -2.02906, 0.773022, -3.11783 / -2.02906, 0.773022, -3.11783 / -2.02906, 0.773022, -3.11783; 1, 2, 1, 0; 0.318552284759; 1, 0, 1; 0, 1, 0; 1, 1, 2 / 4, 3, 0 ;
0,8; -1.659370, 1.178387, -3.006839 / -1.659370, 1.178387, -3.006839 / -1.659370, 1.178387, -3.006839; 1, 2, 1, 0; 0.646890281430; 1, 0, 1; 1, 0, 0; 2, 1, 2 ;
0,8; -1.662350, 1.179315, -3.007858 / -1.662350, 1.179315, -3.007858 / -1.662350, 1.179315, -3.007858; 1, 2, 1, 0; 0.646890332849; 0, 0, 0; 1, 0, 0; 2, 1, 3 ;
0,8; 0.746435, 3.826836, -2.272924 / 0.746435, 3.826836, -2.272924 / 0.746435, 3.826836, -2.272924; 1, 4, 1, 0; 0.223651236919; 1, 0, 1; 1, 0, 0; 3, 1, 2 ;
0,8; 0.431647, 3.485512, -2.367939 / 0.431647, 3.485512, -2.367939 / 0.431647, 3.485512, -2.367939; 1, 4, 1, 0; 0.233698400609; 1, 0, 1; 1, 0, 0; 2, 1, 2 ;
0,8; 0.097824, 3.119488, -2.468230 / 0.097824, 3.119488, -2.468230 / 0.097824, 3.119488, -2.468230; 1, 4, 1, 0; 0.246493240167; 1, 0, 1; 1, 0, 0; 3, 1, 2 ;
1,9; 1.02364, -0.663577, -3.48918 / 1.02364, -0.663577, -3.48918 / 1.02364, -0.663577, -3.48918; 1, 1, 1, 0; 0.819806956007; 1, 0, 1; 1, 0, 0; 3, 1, 2 ;
0,9; 1.064937, -2.956560, -3.211139 / 1.064937, -2.956560, -3.211139 / 1.064937, -2.956560, -3.211139; 1, 1, 1, 0; 0.981265319006; 1, 0, 1; 1, 0, 0; 2, 1, 2 ;
0,9; 1.060989, -2.643786, -3.230844 / 1.060989, -2.643786, -3.230844 / 1.060989, -2.643786, -3.230844; 1, 3, 1, 0; 0.062949282108; 1, 0, 1; 1, 0, 0; 3, 1, 2 ;
0,9; 1.064976, -2.646983, -3.230035 / 1.064976, -2.646983, -3.230035 / 1.064976, -2.646983, -3.230035; 1, 3, 1, 0; 0.062949971188; 1, 0, 1; 1, 0, 0; 2, 1, 2 ;
0,9; 1.067965, -2.646563, -3.228856 / 1.067965, -2.646563, -3.228856 / 1.067965, -2.646563, -3.228856; 1, 3, 1, 0; 0.062950023574; 1, 0, 1; 1, 0, 0; 2, 1, 2 ;
0,9; 1.065633, -2.645976, -3.224959 / 1.065633, -2.645976, -3.224959 / 1.065633, -2.645976, -3.224959; 1, 3, 1, 0; 0.062957063472; 1, 0, 1; 1, 0, 0; 2, 1, 2 / 4, 7, 0 ;
0,9; 1.044817, -1.798172, -3.354826 / 1.044817, -1.798172, -3.354826 / 1.044817, -1.798172, -3.354826; 1, 3, 1, 0; 0.109931184694; 1, 0, 1; 1, 0, 0; 3, 1, 2 ;
0,9; 1.041363, -1.807919, -3.354255 / 1.041363, -1.807919, -3.354255 / 1.041363, -1.807919, -3.354255; 1, 3, 1, 0; 0.109937051947; 1, 0, 1; 1, 0, 0; 3, 1, 2 ;
