1,0; 3.11936, 1.4193, -3.05055 / 3.11971, 1.41938, -3.05029 / 3.11901, 1.41921, -3.05082; 1, 3, 1, 0; 0.232601264522; 2, 1, 1; 1, 1, 0; 3, 1, 2 / 4, 1, 1 ;
0,0; 2.556169, 1.486577, -2.886757 / 2.556169, 1.486577, -2.886757 / 2.556169, 1.486577, -2.886757; 1, 3, 1, 0; 0.236921924427; 1, 0, 1; 1, 0, 0; 2, 1, 2 ;
0,0; 1.564985, 1.604393, -2.596360 / 1.564985, 1.604393, -2.596360 / 1.564985, 1.604393, -2.596360; 1, 4, 1, 0; 0.082244562918; 0, 1, 0; 0, 1, 0; 1, 1, 1 ;
0,0; 1.601232, 1.591761, -2.603939 / 1.601232, 1.591761, -2.603939 / 1.601232, 1.591761, -2.603939; 1, 4, 1, 0; 0.082654420387; 1, 0, 1; 1, 0, 0; 2, 1, 2 ;
0,0; -1.528061, 1.973028, -1.693328 / -1.526854, 1.973263, -1.693013 / -1.529268, 1.972792, -1.693643; 1, 6, 1, 0; 0.626054091302; 2, 1, 1; 1, 1, 0; 3, 6, 1 / 4, 1, 2 ;
0,0; -1.461868, 1.961990, -1.707011 / -1.461868, 1.961990, -1.707011 / -1.461868, 1.961990, -1.707011; 1, 6, 1, 0; 0.627140788923; 1, 0, 1; 0, 1, 0; 1, 1, 2 ;
0,0; -2.533683, 2.092397, -1.397222 / -2.532904, 2.093002, -1.396807 / -2.534462, 2.091792, -1.397636; 1, 7, 1, 0; 0.434946496199; 2, 1, 1; 1, 1, 0; 1, 1, 2 / 1, 5, 0 / 2, 1, 0 / 2, 5, 1 / 3, 4, 0 / 3, 5, 0 / 4, 4, 0 ;
0,0; -3.225056, 2.174304, -1.192797 / -3.225056, 2.174304, -1.192797 / -3.225056, 2.174304, -1.192797; 1, 7, 1, 0; 0.659904492928; 1, 0, 1; 0, 1, 0; 1, 1, 2 ;
1,1; 3.02297, -0.0625369, -1.32833 / 3.02297, -0.0625369, -1.32833 / 3.02297, -0.0625369, -1.32833; 1, 11, 1, 0; 0.452747948165; 0, 1, 0; 1, 0, 0; 2, 1, 1 ;
0,1; 2.952052, 0.972630, -0.561097 / 2.952259, 0.972756, -0.560984 / 2.951846, 0.972505, -0.561210; 1, 12, 1, 0; 0.925464718282; 1, 0, 2; 1, 1, 0; 3, 2, 2 / 4, 1, 2 ;
0,1; 2.949157, 0.972167, -0.562229 / 2.949630, 0.973034, -0.562174 / 2.948683, 0.971300, -0.562283; 1, 12, 1, 0; 0.925475326485; 0, 2, 0; 1, 1, 0; 1, 2, 0 / 1, 8, 1 / 2, 1, 1 / 4, 3, 0 ;
0,1; 2.946148, 0.983487, -0.576415 / 2.946553, 0.983590, -0.575820 / 2.945744, 0.983384, -0.577010; 1, 12, 1, 0; 0.925477861240; 2, 1, 1; 1, 1, 0; 1, 6, 1 / 2, 1, 2 ;
0,1; 2.952188, 0.973123, -0.564385 / 2.952188, 0.973123, -0.564385 / 2.952188, 0.973123, -0.564385; 1, 12, 1, 0; 0.925465404897; 1, 0, 1; 1, 0, 0; 3, 1, 2 ;
0,1; 2.948476, 0.975637, -0.559464 / 2.948476, 0.975637, -0.559464 / 2.948476, 0.975637, -0.559464; 1, 12, 1, 0; 0.925474731419; 1, 0, 1; 1, 0, 0; 3, 1, 2 ;
0,1; 2.891762, 1.692728, -0.065670 / 2.891762, 1.692728, -0.065670 / 2.891762, 1.692728, -0.065670; 1, 13, 1, 0; 0.790119524634; 1, 0, 1; 0, 1, 0; 1, 1, 2 ;
0,1; 2.887986, 1.711476, -0.052146 / 2.887986, 1.711476, -0.052146 / 2.887986, 1.711476, -0.052146; 1, 13, 1, 0; 0.790132210162; 1, 0, 1; 1, 0, 0; 2, 1, 2 ;
0,1; 2.811054, 2.806713, 0.731002 / 2.811054, 2.806713, 0.731002 / 2.811054, 2.806713, 0.731002; 1, 20, 1, 0; 0.641608498711; 1, 0, 1; 0, 1, 0; 1, 1, 2 ;
0,1; 2.805169, 2.882154, 0.787384 / 2.805226, 2.882975, 0.788353 / 2.805113, 2.881332, 0.786415; 1, 20, 1, 0; 0.641483825201; 1, 0, 2; 2, 0, 0; 1, 4, 0 / 2, 2, 0 / 3, 1, 2 / 3, 10, 2 / 4, 2, 0 ;
0,1; 2.811537, 2.800974, 0.726937 / 2.811776, 2.801032, 0.727200 / 2.811299, 2.800916, 0.726675; 1, 20, 1, 0; 0.641609597857; 0, 2, 0; 2, 0, 0; 2, 1, 1 / 2, 2, 1 / 2, 4, 0 ;
0,1; 2.817161, 2.803419, 0.724195 / 2.817161, 2.803419, 0.724195 / 2.817161, 2.803419, 0.724195; 1, 20, 1, 0; 0.641609229065; 1, 0, 1; 1, 0, 0; 3, 1, 2 ;
1,2; 0.218262, 0.06414, -4.22372 / 0.2183, 0.0644906, -4.22362 / 0.218223, 0.0637895, -4.22381; 1, 1, 1, 0; 0.176607546301; 2, 1, 1; 1, 1, 0; 2, 1, 0 / 3, 3, 2 / 4, 1, 1 ;
0,2; 0.305176, 0.130504, -4.448494 / 0.305176, 0.130504, -4.448494 / 0.305176, 0.130504, -4.448494; 1, 1, 1, 0; 0.051616271766; 1, 0, 1; 0, 1, 0; 1, 1, 2 ;
0,2; 0.215277, 0.064021, -4.223293 / 0.215277, 0.064021, -4.223293 / 0.215277, 0.064021, -4.223293; 1, 1, 1, 0; 0.176607075616; 0, 1, 0; 0, 1, 0; 4, 1, 1 ;
0,2; 0.217367, 0.063883, -4.227175 / 0.217586, 0.064175, -4.226237 / 0.217148, 0.063592, -4.228113; 1, 1, 1, 0; 0.176607479060; 1, 0, 2; 2, 0, 0; 1, 8, 0 / 2, 1, 2 / 3, 7, 0 / 3, 8, 2 / 4, 7, 0 ;
0,2; -0.103634, -0.100923, -3.580879 / -0.103565, -0.100652, -3.580369 / -0.103703, -0.101195, -3.581388; 1, 1, 1, 0; 0.757515457442; 1, 0, 2; 2, 0, 0; 2, 1, 2 / 3, 2, 2 ;
0,2; 0.289350, 0.123301, -4.426249 / 0.289350, 0.123301, -4.426249 / 0.289350, 0.123301, -4.426249; 1, 1, 1, 0; 0.051625297837; 1, 0, 1; 1, 0, 0; 2, 1, 2 ;
0,2; 0.223475, 0.065996, -4.227779 / 0.223475, 0.065996, -4.227779 / 0.223475, 0.065996, -4.227779; 1, 1, 1, 0; 0.176608060494; 1, 0, 1; 1, 0, 0; 2, 1, 2 ;
0,2; -0.394266, -0.265246, -2.974474 / -0.394266, -0.265246, -2.974474 / -0.394266, -0.265246, -2.974474; 1, 2, 1, 0; 0.542389234849; 1, 0, 1; 1, 0, 0; 3, 1, 2 ;
0,2; -1.109790, -0.679200, -1.466696 / -1.109790, -0.679200, -1.466696 / -1.109790, -0.679200, -1.466696; 1, 6, 1, 0; 0.934652494950; 1, 0, 1; 0, 1, 0; 1, 1, 2 ;
0,2; -1.685362, -1.005529, -0.253222 / -1.685362, -1.005529, -0.253222 / -1.685362, -1.005529, -0.253222; 1, 10, 1, 0; 0.824395759530; 1, 0, 1; 1, 0, 0; 3, 1, 2 ;
0,2; -1.981765, -1.185871, 0.377324 / -1.981765, -1.185871, 0.377324 / -1.981765, -1.185871, 0.377324; 1, 21, 1, 0; 0.145946109161; 1, 0, 1; 1, 0, 0; 2, 1, 2 ;
0,2; -2.206620, -1.301421, 0.826324 / -2.206620, -1.301421, 0.826324 / -2.206620, -1.301421, 0.826324; 1, 21, 1, 0; 0.288674447471; 1, 0, 1; 1, 0, 0; 2, 1, 2 ;
0,2; -2.368500, -1.392362, 1.183529 / -2.368500, -1.392362, 1.183529 / -2.368500, -1.392362, 1.183529; 1, 21, 1, 0; 0.659322450102; 1, 0, 1; 1, 0, 0; 3, 1, 2 ;
0,2; -2.660148, -1.567510, 1.799073 / -2.660148, -1.567510, 1.799073 / -2.660148, -1.567510, 1.799073; 1, 24, 1, 0; 0.664341419364; 1, 0, 1; 1, 0, 0; 3, 1, 2 ;
0,2; -3.067201, -1.796754, 2.655441 / -3.067201, -1.796754, 2.655441 / -3.067201, -1.796754, 2.655441; 1, 36, 1, 0; 0.634492442218; 1, 0, 1; 1, 0, 0; 3, 1, 2 ;
0,2; -3.068523, -1.796795, 2.658137 / -3.068523, -1.796795, 2.658137 / -3.068523, -1.796795, 2.658137; 1, 36, 1, 0; 0.634493988040; 1, 0, 1; 1, 0, 0; 3, 1, 2 ;
1,3; -1.55104, -1.56241, -0.697971 / -1.55104, -1.56241, -0.697971 / -1.55104, -1.56241, -0.697971; 1, 9, 1, 0; 0.467867491533; 1, 0, 1; 0, 1, 0; 1, 1, 2 ;
0,3; 0.954777, 0.374687, -0.760426 / 0.955272, 0.375042, -0.759982 / 0.954283, 0.374333, -0.760870; 1, 12, 1, 0; 0.391057055428; 1, 0, 2; 0, 2, 0; 4, 1, 2 / 4, 9, 2 ;
0,3; 1.804322, 1.042239, -0.799613 / 1.805179, 1.043001, -0.799005 / 1.803464, 1.041477, -0.800221; 1, 12, 1, 0; 0.341717384637; 0, 2, 0; 1, 1, 0; 1, 1, 1 / 2, 1, 0 / 2, 8, 1 ;
0,3; 2.330282, 1.425294, -0.814382 / 2.330282, 1.425294, -0.814382 / 2.330282, 1.425294, -0.814382; 1, 12, 1, 0; 0.327728591340; 1, 0, 1; 0, 1, 0; 4, 1, 2 ;
0,3; 2.044967, 1.229179, -0.808090 / 2.044967, 1.229179, -0.808090 / 2.044967, 1.229179, -0.808090; 1, 12, 1, 0; 0.344546027245; 1, 0, 1; 0, 1, 0; 4, 1, 2 ;
0,3; 0.954741, 0.373961, -0.759297 / 0.955272, 0.374333, -0.758612 / 0.954209, 0.373590, -0.759982; 1, 12, 1, 0; 0.391057101202; 1, 0, 1; 0, 2, 0; 4, 1, 2 / 4, 8, 2 ;
0,3; 0.950186, 0.344191, -0.783703 / 0.950186, 0.344191, -0.783703 / 0.950186, 0.344191, -0.783703; 1, 12, 1, 0; 0.391204980935; 0, 1, 0; 0, 1, 0; 1, 1, 1 / 4, 4, 0 ;
0,3; 2.334018, 1.428163, -0.814860 / 2.334018, 1.428163, -0.814860 / 2.334018, 1.428163, -0.814860; 1, 12, 1, 0; 0.327729421000; 1, 0, 1; 1, 0, 0; 2, 1, 2 ;
0,3; 1.807229, 1.042002, -0.797182 / 1.807229, 1.042002, -0.797182 / 1.807229, 1.042002, -0.797182; 1, 12, 1, 0; 0.341716783849; 1, 0, 1; 1, 0, 0; 2, 1, 2 ;
0,3; 0.944618, 0.363419, -0.756746 / 0.944618, 0.363419, -0.756746 / 0.944618, 0.363419, -0.756746; 1, 12, 1, 0; 0.391045377249; 1, 0, 1; 1, 0, 0; 2, 1, 2 ;
0,3; 0.960586, 0.376829, -0.757689 / 0.960586, 0.376829, -0.757689 / 0.960586, 0.376829, -0.757689; 1, 12, 1, 0; 0.391057816427; 1, 0, 1; 1, 0, 0; 3, 1, 2 ;
0,3; 0.526564, 0.044727, -0.760624 / 0.526564, 0.044727, -0.760624 / 0.526564, 0.044727, -0.760624; 1, 16, 1, 0; 0.088854822982; 1, 0, 1; 0, 1, 0; 4, 1, 2 ;
0,3; -0.338913, -0.625051, -0.727216 / -0.338913, -0.625051, -0.727216 / -0.338913, -0.625051, -0.727216; 1, 16, 1, 0; 0.034035048594; 1, 0, 1; 1, 0, 0; 3, 1, 2 ;
0,3; 0.520042, 0.043262, -0.756686 / 0.520042, 0.043262, -0.756686 / 0.520042, 0.043262, -0.756686; 1, 16, 1, 0; 0.088868176996; 1, 0, 1; 1, 0, 0; 2, 1, 2 ;
1,4; 1.91082, -1.37358, -3.20012 / 1.91082, -1.37358, -3.20012 / 1.91082, -1.37358, -3.20012; 1, 3, 1, 0; 0.125446447209; 1, 0, 1; 1, 0, 0; 1, 5, 0 / 2, 1, 2 ;
0,4; 1.952471, -1.338267, -3.164882 / 1.952471, -1.338267, -3.164882 / 1.952471, -1.338267, -3.164882; 1, 3, 1, 0; 0.125874337617; 1, 0, 1; 1, 0, 0; 3, 1, 2 ;
0,4; 3.126451, -0.445917, -2.114431 / 3.127130, -0.444784, -2.113902 / 3.125773, -0.447049, -2.114961; 1, 4, 1, 0; 0.536875675480; 1, 0, 2; 1, 1, 0; 2, 10, 2 / 4, 1, 2 ;
0,4; 3.125878, -0.434991, -2.115499 / 3.125878, -0.434991, -2.115499 / 3.125878, -0.434991, -2.115499; 1, 4, 1, 0; 0.536874954162; 1, 0, 1; 1, 0, 0; 2, 1, 2 ;
0,4; 3.121642, -0.443262, -2.113855 / 3.121642, -0.443262, -2.113855 / 3.121642, -0.443262, -2.113855; 1, 4, 1, 0; 0.536875598915; 1, 0, 1; 1, 0, 0; 2, 1, 2 ;
0,4; 3.119495, -0.445036, -2.114403 / 3.119495, -0.445036, -2.114403 / 3.119495, -0.445036, -2.114403; 1, 4, 1, 0; 0.536876066361; 1, 0, 1; 1, 0, 0; 2, 1, 2 / 4, 4, 0 ;
0,4; 3.124175, -0.448832, -2.114619 / 3.124175, -0.448832, -2.114619 / 3.124175, -0.448832, -2.114619; 1, 4, 1, 0; 0.536876175163; 1, 0, 1; 1, 0, 0; 2, 1, 2 ;
1,5; 0.33371, 0.194653, -3.02848 / 0.333795, 0.194668, -3.0284 / 0.333625, 0.194639, -3.02855; 1, 2, 1, 0; 0.558858605539; 2, 1, 1; 1, 1, 0; 1, 1, 2 / 1, 9, 0 / 2, 1, 1 ;
0,5; -2.774548, 0.800617, -3.331628 / -2.774548, 0.800617, -3.331628 / -2.774548, 0.800617, -3.331628; 1, 2, 1, 0; 0.313890216562; 1, 0, 1; 0, 1, 0; 1, 1, 2 / 3, 6, 0 / 3, 8, 0 / 3, 9, 0 / 4, 3, 0 ;
0,5; -2.311846, 0.685017, -3.332997 / -2.311846, 0.685017, -3.332997 / -2.311846, 0.685017, -3.332997; 1, 2, 1, 0; 0.315930100560; 1, 0, 1; 0, 1, 0; 4, 1, 2 ;
0,5; -1.100308, 0.454700, -3.237900 / -1.100308, 0.454700, -3.237900 / -1.100308, 0.454700, -3.237900; 1, 2, 1, 0; 0.352056251167; 1, 0, 1; 0, 1, 0; 4, 1, 2 ;
0,5; -1.313491, 0.424796, -3.274420 / -1.313491, 0.424796, -3.274420 / -1.313491, 0.424796, -3.274420; 1, 2, 1, 0; 0.353684622297; 0, 1, 0; 0, 1, 0; 1, 1, 1 / 2, 2, 0 ;
0,5; -1.339659, 0.432681, -3.269476 / -1.339659, 0.432681, -3.269476 / -1.339659, 0.432681, -3.269476; 1, 2, 1, 0; 0.353698169314; 1, 0, 1; 0, 1, 0; 1, 1, 2 ;
0,5; 0.752509, 0.101254, -2.988816 / 0.752509, 0.101254, -2.988816 / 0.752509, 0.101254, -2.988816; 1, 2, 1, 0; 0.558235407194; 0, 1, 0; 0, 1, 0; 4, 1, 1 ;
0,5; -1.691508, 0.479192, -3.314289 / -1.691341, 0.479342, -3.313564 / -1.691675, 0.479042, -3.315014; 1, 2, 1, 0; 0.354051997601; 1, 0, 2; 2, 0, 0; 3, 1, 2 / 3, 7, 2 ;
0,5; -2.969351, 0.840624, -3.331031 / -2.969351, 0.840624, -3.331031 / -2.969351, 0.840624, -3.331031; 1, 2, 1, 0; 0.312835843388; 1, 0, 1; 1, 0, 0; 2, 1, 2 ;
0,5; -1.682546, 0.482172, -3.313789 / -1.682546, 0.482172, -3.313789 / -1.682546, 0.482172, -3.313789; 1, 2, 1, 0; 0.354051752371; 1, 0, 1; 1, 0, 0; 2, 1, 2 ;
0,5; -1.671656, 0.476871, -3.308700 / -1.671656, 0.476871, -3.308700 / -1.671656, 0.476871, -3.308700; 1, 2, 1, 0; 0.354057479693; 1, 0, 1; 1, 0, 0; 2, 1, 2 ;
0,5; 1.322707, 0.049149, -3.022484 / 1.322707, 0.049149, -3.022484 / 1.322707, 0.049149, -3.022484; 1, 2, 1, 0; 0.554228891969; 1, 0, 1; 1, 0, 0; 2, 1, 2 ;
0,5; 2.406664, 0.283167, -2.665281 / 2.406664, 0.283167, -2.665281 / 2.406664, 0.283167, -2.665281; 1, 3, 1, 0; 0.663136840790; 1, 0, 1; 1, 0, 0; 3, 1, 2 ;
0,5; 3.143046, 1.939418, -2.247620 / 3.143046, 1.939418, -2.247620 / 3.143046, 1.939418, -2.247620; 1, 4, 1, 0; 0.349331922936; 0, 1, 0; 1, 0, 0; 2, 1, 1 ;
0,5; 3.185668, 2.085969, -2.209989 / 3.185668, 2.085969, -2.209989 / 3.185668, 2.085969, -2.209989; 1, 4, 1, 0; 0.349816716837; 1, 0, 1; 1, 0, 0; 3, 1, 2 ;
0,5; 2.909035, 1.158732, -2.419117 / 2.909035, 1.158732, -2.419117 / 2.909035, 1.158732, -2.419117; 1, 4, 1, 0; 0.407605386912; 1, 0, 1; 1, 0, 0; 2, 1, 2 ;
0,5; 2.899440, 1.130976, -2.418683 / 2.899440, 1.130976, -2.418683 / 2.899440, 1.130976, -2.418683; 1, 4, 1, 0; 0.407616420250; 1, 0, 1; 1, 0, 0; 3, 1, 2 ;
1,6; 2.29079, -2.68486, -2.98368 / 2.29079, -2.68486, -2.98368 / 2.29079, -2.68486, -2.98368; 1, 3, 1, 0; 0.431987806107; 1, 0, 1; 1, 0, 0; 2, 1, 2 ;
0,6; 2.309315, -2.661773, -2.925780 / 2.309315, -2.661773, -2.925780 / 2.309315, -2.661773, -2.925780; 1, 3, 1, 0; 0.432182215291; 0, 1, 0; 1, 0, 0; 3, 1, 1 ;
0,6; 2.915626, -1.949730, -1.240016 / 2.915884, -1.949560, -1.239981 / 2.915368, -1.949900, -1.240050; 1, 8, 1, 0; 0.626628242930; 2, 1, 1; 1, 1, 0; 3, 1, 2 / 4, 2, 1 ;
0,6; 2.944304, -1.915450, -1.159633 / 2.944304, -1.915450, -1.159633 / 2.944304, -1.915450, -1.159633; 1, 8, 1, 0; 0.769109580775; 1, 0, 1; 1, 0, 0; 2, 1, 2 ;
0,6; 2.945353, -1.910553, -1.155368 / 2.945353, -1.910553, -1.155368 / 2.945353, -1.910553, -1.155368; 1, 8, 1, 0; 0.769109826229; 1, 0, 1; 1, 0, 0; 3, 1, 2 ;
0,6; 3.186244, -1.675437, -0.585121 / 3.186283, -1.675296, -0.584964 / 3.186205, -1.675579, -0.585278; 1, 12, 1, 0; 0.672469514288; 2, 1, 2; 3, 0, 0; 1, 2, 0 / 1, 8, 0 / 2, 5, 0 / 3, 1, 2 / 3, 2, 0 / 3, 3, 1 / 3, 4, 2 / 3, 8, 0 ;
0,6; 3.311337, -1.480133, -0.132621 / 3.311337, -1.480133, -0.132621 / 3.311337, -1.480133, -0.132621; 1, 19, 1, 0; 0.000869344822; 1, 0, 1; 0, 1, 0; 1, 1, 2 ;
0,6; 3.277870, -1.521338, -0.228198 / 3.277973, -1.520975, -0.227879 / 3.277766, -1.521701, -0.228517; 1, 19, 1, 0; 0.000696308895; 1, 0, 2; 2, 0, 0; 2, 3, 2 / 3, 1, 2 ;
0,6; 3.627625, -1.107926, 0.756798 / 3.627625, -1.107926, 0.756798 / 3.627625, -1.107926, 0.756798; 1, 19, 1, 0; 0.793862427435; 1, 0, 1; 1, 0, 0; 3, 1, 2 ;
0,6; 3.805616, -0.897512, 1.243717 / 3.805779, -0.897278, 1.243852 / 3.805453, -0.897746, 1.243583; 1, 27, 1, 0; 0.317182711575; 2, 2, 1; 2, 1, 0; 2, 1, 2 / 3, 4, 1 / 4, 4, 1 ;
1,7; 0.994204, -1.1903, 3.59237 / 0.994204, -1.1903, 3.59237 / 0.994204, -1.1903, 3.59237; 1, 44, 1, 0; 0.078625073792; 0, 1, 0; 1, 0, 0; 2, 1, 1 ;
1,8; 3.16481, -0.243661, -1.70998 / 3.16486, -0.243284, -1.70923 / 3.16476, -0.244038, -1.71074; 1, 4, 1, 0; 0.935628638322; 2, 1, 1; 0, 2, 0; 1, 1, 2 / 1, 5, 1 ;
0,8; 3.165261, -0.244257, -1.672903 / 3.165261, -0.244257, -1.672903 / 3.165261, -0.244257, -1.672903; 1, 4, 1, 0; 0.935650342324; 1, 0, 1; 0, 1, 0; 1, 1, 2 / 2, 10, 0 / 3, 10, 0 ;
0,8; 3.156820, -0.250000, -1.687317 / 3.156820, -0.250000, -1.687317 / 3.156820, -0.250000, -1.687317; 1, 4, 1, 0; 0.935643326604; 1, 0, 1; 1, 0, 0; 3, 1, 2 ;
0,8; 3.158518, -0.250495, -1.681798 / 3.158518, -0.250495, -1.681798 / 3.158518, -0.250495, -1.681798; 1, 4, 1, 0; 0.935643419287; 1, 0, 1; 1, 0, 0; 3, 1, 2 ;
0,8; 3.159526, -0.247368, -1.677294 / 3.159526, -0.247368, -1.677294 / 3.159526, -0.247368, -1.677294; 1, 4, 1, 0; 0.935650479334; 1, 0, 1; 1, 0, 0; 2, 1, 2 ;
0,8; 3.165828, -0.246397, -1.671779 / 3.165828, -0.246397, -1.671779 / 3.165828, -0.246397, -1.671779; 1, 4, 1, 0; 0.935650813799; 1, 0, 1; 1, 0, 0; 1, 1, 0 / 1, 10, 0 / 3, 1, 2 ;
0,8; 3.183332, -0.232095, -1.709306 / 3.183332, -0.232095, -1.709306 / 3.183332, -0.232095, -1.709306; 1, 4, 1, 0; 0.936159403120; 1, 0, 1; 1, 0, 0; 3, 1, 2 ;
0,8; -0.524781, 1.760007, -0.688122 / -0.524781, 1.760007, -0.688122 / -0.524781, 1.760007, -0.688122; 1, 7, 1, 0; 0.940651889329; 1, 0, 1; 0, 1, 0; 1, 1, 2 ;
0,8; -0.522640, 1.753550, -0.690909 / -0.522640, 1.753550, -0.690909 / -0.522640, 1.753550, -0.690909; 1, 7, 1, 0; 0.940643185949; 1, 0, 1; 1, 0, 0; 3, 1, 2 ;
0,8; 0.107222, 1.499862, -0.784261 / 0.107222, 1.499862, -0.784261 / 0.107222, 1.499862, -0.784261; 1, 7, 1, 0; 0.990412341823; 0, 1, 0; 1, 0, 0; 2, 1, 1 ;
0,8; 3.247345, -0.142178, -1.528970 / 3.247345, -0.142178, -1.528970 / 3.247345, -0.142178, -1.528970; 1, 11, 1, 0; 0.453974242778; 0, 1, 0; 1, 0, 0; 3, 1, 1 ;
0,8; 1.643227, 0.864710, -1.012899 / 1.643227, 0.864710, -1.012899 / 1.643227, 0.864710, -1.012899; 1, 11, 1, 0; 0.807297843342; 1, 0, 1; 1, 0, 0; 3, 1, 2 ;
0,8; -2.692632, 2.654608, -0.354516 / -2.692632, 2.654608, -0.354516 / -2.692632, 2.654608, -0.354516; 1, 14, 1, 0; 0.220955243044; 0, 1, 0; 0, 1, 0; 4, 1, 1 ;
0,8; -2.695491, 2.652858, -0.360150 / -2.695491, 2.652858, -0.360150 / -2.695491, 2.652858, -0.360150; 1, 14, 1, 0; 0.220956215539; 1, 0, 1; 0, 1, 0; 4, 1, 2 ;
0,8; -1.631474, 2.219984, -0.518713 / -1.631474, 2.219984, -0.518713 / -1.631474, 2.219984, -0.518713; 1, 14, 1, 0; 0.248707584112; 1, 0, 1; 1, 0, 0; 2, 1, 2 ;
1,9; 1.07238, 1.62657, -2.0745 / 1.07238, 1.62657, -2.0745 / 1.07238, 1.62657, -2.0745; 1, 4, 1, 0; 0.739668004529; 0, 1, 0; 1, 0, 0; 3, 1, 1 ;
0,9; 1.336968, 1.338171, -1.367043 / 1.337173, 1.338347, -1.366862 / 1.336762, 1.337996, -1.367225; 1, 7, 1, 0; 0.480832998391; 1, 0, 2; 2, 0, 0; 2, 1, 2 / 2, 3, 2 ;
0,9; 1.337198, 1.344799, -1.356618 / 1.337198, 1.344799, -1.356618 / 1.337198, 1.344799, -1.356618; 1, 7, 1, 0; 0.480841885862; 1, 0, 1; 1, 0, 0; 2, 1, 2 ;
0,9; 2.013762, 0.595504, 0.451468 / 2.013762, 0.595504, 0.451468 / 2.013762, 0.595504, 0.451468; 1, 19, 1, 0; 0.659396395380; 1, 0, 1; 1, 0, 0; 2, 1, 2 ;
0,9; 2.162104, 0.432335, 0.839184 / 2.162104, 0.432335, 0.839184 / 2.162104, 0.432335, 0.839184; 1, 20, 1, 0; 0.891938813732; 1, 0, 1; 1, 0, 0; 2, 1, 2 ;
0,9; 2.496059, 0.079486, 1.736993 / 2.496059, 0.079486, 1.736993 / 2.496059, 0.079486, 1.736993; 1, 27, 1, 0; 0.602019987992; 1, 0, 1; 1, 0, 0; 2, 1, 2 ;
