1,0; -1.80634, 3.00516, -0.811115 / -1.80634, 3.00516, -0.811115 / -1.80634, 3.00516, -0.811115; 1, 14, 1, 0; 0.126382433282; 1, 0, 1; 1, 0, 0; 2, 1, 2 ;
0,0; -0.516224, -0.064061, -0.133100 / -0.516224, -0.064061, -0.133100 / -0.516224, -0.064061, -0.133100; 1, 16, 1, 0; 0.470424569243; 1, 0, 1; 0, 1, 0; 4, 1, 2 ;
0,0; -0.527977, -0.048376, -0.130437 / -0.527977, -0.048376, -0.130437 / -0.527977, -0.048376, -0.130437; 1, 16, 1, 0; 0.470431527528; 1, 0, 1; 1, 0, 0; 3, 1, 2 ;
0,0; -0.572457, 0.058104, -0.159515 / -0.572457, 0.058104, -0.159515 / -0.572457, 0.058104, -0.159515; 1, 16, 1, 0; 0.489617575597; 1, 0, 1; 1, 0, 0; 3, 1, 2 ;
0,0; 0.560893, -2.663127, 0.443432 / 0.561180, -2.662426, 0.444123 / 0.560607, -2.663827, 0.442740; 1, 18, 1, 0; 0.324826439745; 0, 2, 0; 1, 1, 0; 2, 3, 0 / 2, 10, 1 / 3, 6, 0 / 4, 1, 1 / 4, 5, 0 ;
0,0; 0.565979, -2.661614, 0.439477 / 0.565979, -2.661614, 0.439477 / 0.565979, -2.661614, 0.439477; 1, 18, 1, 0; 0.324815050398; 1, 0, 1; 0, 1, 0; 1, 1, 2 ;
0,0; 0.475073, -2.445781, 0.391333 / 0.475073, -2.445781, 0.391333 / 0.475073, -2.445781, 0.391333; 1, 18, 1, 0; 0.403035529462; 1, 0, 1; 0, 1, 0; 4, 1, 2 ;
0,0; 0.508013, -2.524387, 0.410063 / 0.508080, -2.523971, 0.410910 / 0.507947, -2.524803, 0.409217; 1, 18, 1, 0; 0.324095415247; 2, 1, 1; 2, 0, 0; 3, 1, 1 / 3, 7, 2 ;
0,0; 0.560898, -2.662401, 0.442823 / 0.561180, -2.662376, 0.442907 / 0.560616, -2.662426, 0.442740; 1, 18, 1, 0; 0.324826502515; 0, 1, 0; 2, 0, 0; 2, 1, 1 / 2, 2, 1 / 3, 2, 0 ;
0,0; 0.562028, -2.663082, 0.439029 / 0.562028, -2.663082, 0.439029 / 0.562028, -2.663082, 0.439029; 1, 18, 1, 0; 0.324827311556; 0, 1, 0; 1, 0, 0; 3, 1, 1 / 4, 6, 0 ;
0,0; 0.399829, -2.262889, 0.353709 / 0.399829, -2.262889, 0.353709 / 0.399829, -2.262889, 0.353709; 1, 18, 1, 0; 0.403729868126; 0, 1, 0; 1, 0, 0; 3, 1, 1 ;
0,0; 1.120529, -3.994039, 0.729542 / 1.120529, -3.994039, 0.729542 / 1.120529, -3.994039, 0.729542; 1, 18, 1, 0; 0.781762112602; 1, 0, 1; 1, 0, 0; 2, 1, 2 ;
1,1; 2.4863, 2.87691, 1.72325 / 2.4863, 2.87691, 1.72325 / 2.4863, 2.87691, 1.72325; 1, 28, 1, 0; 0.355948080578; 1, 0, 1; 1, 0, 0; 2, 1, 2 ;
0,1; 1.872311, 2.661264, 1.912524 / 1.872311, 2.661264, 1.912524 / 1.872311, 2.661264, 1.912524; 1, 28, 1, 0; 0.492480477959; 1, 0, 1; 1, 0, 0; 2, 1, 2 ;
0,1; 0.500942, 2.189491, 2.316411 / 0.501751, 2.190135, 2.316779 / 0.500134, 2.188846, 2.316043; 1, 31, 1, 0; 0.407703373475; 1, 0, 2; 2, 0, 0; 3, 1, 2 / 3, 9, 2 ;
0,1; -2.785757, 1.064743, 3.299876 / -2.785757, 1.064743, 3.299876 / -2.785757, 1.064743, 3.299876; 1, 42, 1, 0; 0.316525745495; 1, 0, 1; 0, 1, 0; 4, 1, 2 ;
1,2; 2.80835, 0.00661455, -3.29544 / 2.80835, 0.00661455, -3.29544 / 2.80835, 0.00661455, -3.29544; 1, 3, 1, 0; 0.193445032782; 1, 0, 1; 0, 1, 0; 1, 1, 2 / 4, 5, 0 ;
0,2; 2.806622, 0.007979, -3.295449 / 2.806622, 0.007979, -3.295449 / 2.806622, 0.007979, -3.295449; 1, 3, 1, 0; 0.193445085168; 1, 0, 1; 1, 0, 0; 3, 1, 2 ;
0,2; 2.661711, 0.016135, -2.968126 / 2.661711, 0.016135, -2.968126 / 2.661711, 0.016135, -2.968126; 1, 3, 1, 0; 0.280752882248; 1, 0, 1; 1, 0, 0; 3, 1, 2 ;
0,2; 2.226201, 0.046326, -1.995189 / 2.226201, 0.046326, -1.995189 / 2.226201, 0.046326, -1.995189; 1, 4, 1, 0; 0.600602408959; 1, 0, 1; 0, 1, 0; 1, 1, 2 ;
0,2; 2.228647, 0.051906, -1.994509 / 2.228647, 0.051906, -1.994509 / 2.228647, 0.051906, -1.994509; 1, 4, 1, 0; 0.600601788384; 1, 0, 1; 1, 0, 0; 3, 1, 2 ;
0,2; 1.794271, 0.082676, -1.028042 / 1.794271, 0.082676, -1.028042 / 1.794271, 0.082676, -1.028042; 1, 11, 1, 0; 0.734820204108; 1, 0, 1; 0, 1, 0; 1, 1, 2 / 2, 8, 0 / 4, 4, 0 ;
0,2; 1.802316, 0.084272, -1.058662 / 1.802316, 0.084272, -1.058662 / 1.802316, 0.084272, -1.058662; 1, 11, 1, 0; 0.734788110572; 1, 0, 1; 1, 0, 0; 2, 1, 2 ;
0,2; 1.807604, 0.081370, -1.055502 / 1.807604, 0.081370, -1.055502 / 1.807604, 0.081370, -1.055502; 1, 11, 1, 0; 0.734797912003; 1, 0, 1; 1, 0, 0; 3, 1, 2 / 4, 1, 0 / 4, 9, 0 ;
0,2; 1.793579, 0.090779, -1.036491 / 1.793579, 0.090779, -1.036491 / 1.793579, 0.090779, -1.036491; 1, 11, 1, 0; 0.734810917638; 1, 0, 1; 1, 0, 0; 3, 1, 2 ;
0,2; 1.798105, 0.076586, -1.011413 / 1.798105, 0.076586, -1.011413 / 1.798105, 0.076586, -1.011413; 1, 11, 1, 0; 0.734830074200; 1, 0, 1; 1, 0, 0; 3, 1, 2 ;
0,2; -0.526791, 0.261005, 4.165202 / -0.526791, 0.261005, 4.165202 / -0.526791, 0.261005, 4.165202; 1, 46, 1, 0; 0.658389366895; 1, 0, 1; 1, 0, 0; 2, 1, 2 ;
0,2; -0.526511, 0.262567, 4.167360 / -0.526511, 0.262567, 4.167360 / -0.526511, 0.262567, 4.167360; 1, 46, 1, 0; 0.658389436416; 1, 0, 1; 1, 0, 0; 2, 1, 2 ;
1,3; 3.94271, -0.334128, -2.04937 / 3.94271, -0.334128, -2.04937 / 3.94271, -0.334128, -2.04937; 1, 4, 1, 0; 0.534939469771; 1, 0, 1; 1, 0, 0; 2, 9, 0 / 3, 1, 2 / 3, 7, 0 ;
0,3; 3.741805, 0.076502, -1.363778 / 3.742104, 0.076996, -1.362862 / 3.741506, 0.076008, -1.364695; 1, 12, 1, 0; 0.090088344479; 0, 4, 0; 2, 2, 1; 1, 5, 1 / 2, 5, 1 / 3, 10, 1 / 4, 1, 1 ;
0,3; 3.697466, 0.147450, -1.329116 / 3.697466, 0.147450, -1.329116 / 3.697466, 0.147450, -1.329116; 1, 12, 1, 0; 0.089249838645; 1, 0, 1; 0, 1, 0; 4, 1, 2 ;
0,3; 3.746745, 0.066637, -1.369631 / 3.746745, 0.066637, -1.369631 / 3.746745, 0.066637, -1.369631; 1, 12, 1, 0; 0.090087789465; 0, 1, 0; 0, 1, 0; 1, 1, 1 ;
0,3; 3.744704, 0.078722, -1.368004 / 3.744704, 0.078722, -1.368004 / 3.744704, 0.078722, -1.368004; 1, 12, 1, 0; 0.090098163076; 1, 0, 1; 0, 1, 0; 1, 9, 0 / 4, 1, 2 ;
0,3; 3.758528, 0.057930, -1.383113 / 3.758528, 0.057930, -1.383113 / 3.758528, 0.057930, -1.383113; 1, 12, 1, 0; 0.090654435763; 0, 0, 0; 0, 1, 0; 4, 1, 3 ;
0,3; 3.608254, 0.222170, -1.372313 / 3.608254, 0.222170, -1.372313 / 3.608254, 0.222170, -1.372313; 1, 12, 1, 0; 0.088584869062; 1, 0, 1; 1, 0, 0; 3, 1, 2 ;
0,3; 3.624613, 0.221990, -1.365135 / 3.624613, 0.221990, -1.365135 / 3.624613, 0.221990, -1.365135; 1, 12, 1, 0; 0.088587735681; 1, 0, 1; 1, 0, 0; 3, 1, 2 ;
0,3; 3.629122, 0.209485, -1.356948 / 3.629122, 0.209485, -1.356948 / 3.629122, 0.209485, -1.356948; 1, 12, 1, 0; 0.088590356262; 0, 1, 0; 1, 0, 0; 2, 1, 1 ;
0,3; 3.739829, 0.076659, -1.360706 / 3.739829, 0.076659, -1.360706 / 3.739829, 0.076659, -1.360706; 1, 12, 1, 0; 0.090089059703; 1, 0, 1; 1, 0, 0; 2, 1, 2 / 2, 5, 0 / 3, 7, 0 ;
0,3; 3.735101, 0.082398, -1.357477 / 3.735101, 0.082398, -1.357477 / 3.735101, 0.082398, -1.357477; 1, 12, 1, 0; 0.090100028380; 1, 0, 1; 1, 0, 0; 3, 1, 2 ;
0,3; 3.766615, 0.046865, -1.393337 / 3.766615, 0.046865, -1.393337 / 3.766615, 0.046865, -1.393337; 1, 12, 1, 0; 0.090641641834; 0, 1, 0; 1, 0, 0; 2, 1, 1 ;
0,3; 3.163485, 0.972985, -0.471494 / 3.163485, 0.972985, -0.471494 / 3.163485, 0.972985, -0.471494; 1, 12, 1, 0; 0.923164471787; 1, 0, 1; 1, 0, 0; 3, 1, 2 ;
0,3; 2.531987, 2.037307, 0.826445 / 2.531987, 2.037307, 0.826445 / 2.531987, 2.037307, 0.826445; 1, 20, 1, 0; 0.725124550580; 1, 0, 1; 0, 1, 0; 1, 1, 2 ;
0,3; 2.048713, 2.868198, 1.937404 / 2.048713, 2.868198, 1.937404 / 2.048713, 2.868198, 1.937404; 1, 28, 1, 0; 0.463630059155; 1, 0, 1; 0, 1, 0; 1, 1, 2 ;
0,3; 2.025658, 2.613431, 1.663903 / 2.025753, 2.613664, 1.664337 / 2.025562, 2.613198, 1.663470; 1, 28, 1, 0; 0.335227901417; 2, 1, 1; 2, 0, 0; 2, 5, 1 / 3, 1, 2 ;
0,3; 2.035694, 2.638962, 1.700999 / 2.035694, 2.638962, 1.700999 / 2.035694, 2.638962, 1.700999; 1, 28, 1, 0; 0.332169478946; 1, 0, 1; 1, 0, 0; 3, 1, 2 ;
0,3; 2.035558, 2.637725, 1.695987 / 2.035558, 2.637725, 1.695987 / 2.035558, 2.637725, 1.695987; 1, 28, 1, 0; 0.332169699950; 1, 0, 1; 1, 0, 0; 3, 1, 2 / 4, 1, 0 ;
0,3; 2.259675, 2.658720, 1.576086 / 2.259675, 2.658720, 1.576086 / 2.259675, 2.658720, 1.576086; 1, 28, 1, 0; 0.336160659035; 1, 0, 1; 1, 0, 0; 3, 1, 2 ;
0,3; 2.052030, 2.868175, 1.935232 / 2.052030, 2.868175, 1.935232 / 2.052030, 2.868175, 1.935232; 1, 28, 1, 0; 0.463630206492; 1, 0, 1; 1, 0, 0; 2, 1, 2 ;
0,3; 2.042571, 2.877209, 1.936203 / 2.042571, 2.877209, 1.936203 / 2.042571, 2.877209, 1.936203; 1, 28, 1, 0; 0.463648347257; 0, 1, 0; 1, 0, 0; 3, 1, 1 ;
1,4; -2.03212, 0.0681482, -2.73155 / -2.03212, 0.0681482, -2.73155 / -2.03212, 0.0681482, -2.73155; 1, 2, 1, 0; 0.904876031946; 1, 0, 1; 0, 1, 0; 1, 1, 2 ;
0,4; -1.981678, 0.120198, -2.640935 / -1.981678, 0.120198, -2.640935 / -1.981678, 0.120198, -2.640935; 1, 2, 1, 0; 0.905725230121; 1, 0, 1; 1, 0, 0; 3, 1, 2 ;
0,4; -0.934952, -0.801075, -1.900551 / -0.934952, -0.801075, -1.900551 / -0.934952, -0.801075, -1.900551; 1, 5, 1, 0; 0.962130246883; 1, 0, 1; 0, 1, 0; 4, 1, 2 ;
0,4; -1.687655, 0.101929, -2.380488 / -1.686736, 0.102257, -2.380361 / -1.688573, 0.101601, -2.380616; 1, 6, 1, 0; 0.313304187116; 1, 0, 2; 1, 1, 0; 1, 6, 2 / 2, 1, 2 ;
0,4; -1.521661, 0.015017, -2.329468 / -1.521661, 0.015017, -2.329468 / -1.521661, 0.015017, -2.329468; 1, 6, 1, 0; 0.314298750932; 0, 1, 0; 0, 1, 0; 4, 1, 1 ;
0,4; -1.677456, 0.100842, -2.380388 / -1.677456, 0.100842, -2.380388 / -1.677456, 0.100842, -2.380388; 1, 6, 1, 0; 0.313295458444; 1, 0, 1; 1, 0, 0; 2, 1, 2 ;
0,4; -1.525964, 0.026520, -2.330401 / -1.525964, 0.026520, -2.330401 / -1.525964, 0.026520, -2.330401; 1, 6, 1, 0; 0.314295883850; 1, 0, 1; 1, 0, 0; 3, 1, 2 ;
0,4; 0.154202, -0.832114, -1.151616 / 0.154202, -0.832114, -1.151616 / 0.154202, -0.832114, -1.151616; 1, 11, 1, 0; 0.623064563565; 0, 1, 0; 1, 0, 0; 2, 1, 1 ;
0,4; 0.147268, -0.840643, -1.150079 / 0.147268, -0.840643, -1.150079 / 0.147268, -0.840643, -1.150079; 1, 11, 1, 0; 0.623073020374; 1, 0, 1; 1, 0, 0; 3, 1, 2 ;
0,4; -0.701301, 1.132412, -0.511218 / -0.701301, 1.132412, -0.511218 / -0.701301, 1.132412, -0.511218; 1, 13, 1, 0; 0.395493473816; 1, 0, 1; 1, 0, 0; 2, 1, 2 ;
0,4; -0.065286, 1.633675, 0.529008 / -0.065286, 1.633675, 0.529008 / -0.065286, 1.633675, 0.529008; 1, 17, 1, 0; 0.966704489342; 1, 0, 1; 0, 1, 0; 1, 1, 2 ;
0,4; -0.145580, 1.574044, 0.399880 / -0.145580, 1.574044, 0.399880 / -0.145580, 1.574044, 0.399880; 1, 17, 1, 0; 0.965177486895; 1, 0, 1; 1, 0, 0; 2, 1, 2 ;
0,4; 0.013346, 1.719532, 0.697997 / 0.013346, 1.719532, 0.697997 / 0.013346, 1.719532, 0.697997; 1, 25, 1, 0; 0.665752981012; 1, 0, 1; 1, 0, 0; 3, 1, 2 ;
0,4; 0.319506, 2.002278, 1.412988 / 0.319506, 2.002278, 1.412988 / 0.319506, 2.002278, 1.412988; 1, 30, 1, 0; 0.008841552986; 1, 0, 1; 1, 0, 0; 2, 1, 2 ;
1,5; -0.923057, -4.31789, -0.51248 / -0.923057, -4.31789, -0.51248 / -0.923057, -4.31789, -0.51248; 1, 9, 1, 0; 0.796243847026; 0, 1, 0; 0, 1, 0; 4, 1, 1 ;
0,5; -1.193554, -4.106877, -1.460114 / -1.193554, -4.106877, -1.460114 / -1.193554, -4.106877, -1.460114; 1, 9, 1, 0; 0.271550262988; 1, 0, 1; 1, 0, 0; 3, 1, 2 ;
0,5; -1.172194, -4.120983, -1.378292 / -1.172194, -4.120983, -1.378292 / -1.172194, -4.120983, -1.378292; 1, 9, 1, 0; 0.271613393155; 1, 0, 1; 1, 0, 0; 3, 1, 2 ;
1,6; 1.56613, -1.84853, -3.91742 / 1.56613, -1.84853, -3.91742 / 1.56613, -1.84853, -3.91742; 1, 1, 1, 0; 0.354297473491; 0, 1, 0; 0, 1, 0; 4, 1, 1 ;
0,6; 1.573700, -1.843720, -3.895602 / 1.573700, -1.843720, -3.895602 / 1.573700, -1.843720, -3.895602; 1, 1, 1, 0; 0.354310917669; 0, 1, 0; 1, 0, 0; 2, 1, 1 ;
0,6; 2.010190, -1.595737, -2.693487 / 2.010190, -1.595737, -2.693487 / 2.010190, -1.595737, -2.693487; 1, 3, 1, 0; 0.570188763565; 1, 0, 1; 0, 1, 0; 4, 1, 2 ;
0,6; 3.541647, -0.715990, 1.530434 / 3.541716, -0.715860, 1.530711 / 3.541578, -0.716119, 1.530156; 1, 27, 1, 0; 0.315917305737; 0, 2, 0; 2, 0, 0; 2, 1, 1 / 2, 3, 1 / 2, 6, 0 / 2, 9, 0 / 3, 5, 0 ;
0,6; 3.381584, -0.811167, 1.093859 / 3.381584, -0.811167, 1.093859 / 3.381584, -0.811167, 1.093859; 1, 27, 1, 0; 0.127936833304; 1, 0, 1; 1, 0, 0; 2, 1, 2 ;
0,6; 3.540287, -0.714939, 1.533536 / 3.540287, -0.714939, 1.533536 / 3.540287, -0.714939, 1.533536; 1, 27, 1, 0; 0.315918466010; 1, 0, 1; 1, 0, 0; 3, 1, 2 ;
1,7; -2.22208, 2.16413, 1.36831 / -2.22208, 2.16413, 1.36831 / -2.22208, 2.16413, 1.36831; 1, 24, 1, 0; 0.485681097666; 1, 0, 1; 0, 1, 0; 1, 1, 2 ;
0,7; -2.221464, 2.163537, 1.369970 / -2.221464, 2.163537, 1.369970 / -2.221464, 2.163537, 1.369970; 1, 24, 1, 0; 0.485682014014; 1, 0, 1; 0, 1, 0; 1, 1, 2 ;
0,7; -2.668009, 1.986174, 1.398163 / -2.668009, 1.986174, 1.398163 / -2.668009, 1.986174, 1.398163; 1, 24, 1, 0; 0.488476904341; 1, 0, 1; 0, 1, 0; 1, 1, 2 ;
0,7; -4.185696, 1.369881, 1.480397 / -4.185696, 1.369881, 1.480397 / -4.185696, 1.369881, 1.480397; 1, 24, 1, 0; 0.548124169560; 1, 0, 1; 0, 1, 0; 1, 1, 2 ;
0,7; -2.139780, 2.195928, 1.365981 / -2.139780, 2.195928, 1.365981 / -2.139780, 2.195928, 1.365981; 1, 24, 1, 0; 0.477029377815; 1, 0, 1; 1, 0, 0; 1, 2, 0 / 3, 1, 2 ;
0,7; -2.413613, 2.086279, 1.378028 / -2.413613, 2.086279, 1.378028 / -2.413613, 2.086279, 1.378028; 1, 24, 1, 0; 0.484055999196; 1, 0, 1; 1, 0, 0; 3, 1, 2 ;
0,7; -2.666227, 1.988010, 1.397072 / -2.666227, 1.988010, 1.397072 / -2.666227, 1.988010, 1.397072; 1, 24, 1, 0; 0.488477029969; 1, 0, 1; 1, 0, 0; 2, 1, 2 ;
0,7; -3.151331, 1.791434, 1.427355 / -3.151331, 1.791434, 1.427355 / -3.151331, 1.791434, 1.427355; 1, 24, 1, 0; 0.509476233338; 1, 0, 1; 1, 0, 0; 3, 1, 2 ;
0,7; -3.152051, 1.784830, 1.427630 / -3.152051, 1.784830, 1.427630 / -3.152051, 1.784830, 1.427630; 1, 24, 1, 0; 0.509476477204; 1, 0, 1; 1, 0, 0; 2, 1, 2 ;
0,7; 1.527959, 3.680222, 1.148433 / 1.527959, 3.680222, 1.148433 / 1.527959, 3.680222, 1.148433; 1, 26, 1, 0; 0.501771231409; 1, 0, 1; 1, 0, 0; 3, 1, 2 ;
1,8; 2.15259, -2.48561, 0.216901 / 2.15259, -2.48561, 0.216901 / 2.15259, -2.48561, 0.216901; 1, 15, 1, 0; 0.761322281782; 0, 1, 0; 1, 0, 0; 2, 1, 1 ;
0,8; 2.431974, -2.850624, 0.186410 / 2.431974, -2.850624, 0.186410 / 2.431974, -2.850624, 0.186410; 1, 15, 1, 0; 0.788415654065; 0, 1, 0; 1, 0, 0; 3, 1, 1 ;
0,8; 2.971562, -3.535966, 0.125884 / 2.971562, -3.535966, 0.125884 / 2.971562, -3.535966, 0.125884; 1, 15, 1, 0; 0.858028849760; 1, 0, 1; 1, 0, 0; 3, 1, 2 ;
0,8; 0.757951, -0.720261, 0.380395 / 0.757951, -0.720261, 0.380395 / 0.757951, -0.720261, 0.380395; 1, 19, 1, 0; 0.498301834127; 1, 0, 1; 1, 0, 0; 3, 1, 2 ;
0,8; 0.213229, -0.027375, 0.443238 / 0.213229, -0.027375, 0.443238 / 0.213229, -0.027375, 0.443238; 1, 23, 1, 0; 0.084473063070; 1, 0, 1; 1, 0, 0; 3, 1, 2 ;
0,8; -1.945817, 2.719073, 0.697941 / -1.945817, 2.719073, 0.697941 / -1.945817, 2.719073, 0.697941; 1, 24, 1, 0; 0.102000010346; 1, 0, 1; 1, 0, 0; 2, 1, 2 ;
0,8; -1.662179, 2.350215, 0.664910 / -1.662095, 2.350556, 0.665200 / -1.662263, 2.349875, 0.664620; 1, 25, 1, 0; 0.578183489778; 2, 1, 1; 1, 1, 0; 3, 2, 1 / 4, 1, 2 ;
0,8; -2.683103, 3.660014, 0.777661 / -2.683103, 3.660014, 0.777661 / -2.683103, 3.660014, 0.777661; 1, 25, 1, 0; 0.423943491492; 0, 1, 0; 0, 1, 0; 4, 1, 1 ;
0,8; -1.661937, 2.353043, 0.663611 / -1.661937, 2.353043, 0.663611 / -1.661937, 2.353043, 0.663611; 1, 25, 1, 0; 0.578182512537; 1, 0, 1; 0, 1, 0; 1, 1, 2 / 2, 5, 0 / 4, 3, 0 ;
1,9; 2.95996, -2.75712, -0.551862 / 2.96034, -2.75709, -0.550831 / 2.95957, -2.75716, -0.552892; 1, 15, 1, 0; 0.131312664749; 1, 0, 2; 1, 1, 0; 1, 1, 2 / 2, 9, 2 ;
0,9; 2.964623, -2.758122, -0.552446 / 2.964806, -2.757608, -0.551780 / 2.964440, -2.758637, -0.553111; 1, 15, 1, 0; 0.131313488492; 0, 2, 0; 1, 1, 0; 1, 1, 1 / 3, 5, 1 ;
0,9; 2.972591, -2.761898, -0.544985 / 2.972603, -2.761783, -0.544933 / 2.972580, -2.762012, -0.545036; 1, 15, 1, 0; 0.131315671746; 2, 1, 1; 1, 1, 0; 3, 1, 2 / 4, 1, 1 ;
0,9; 2.970129, -2.762203, -0.545857 / 2.970129, -2.762203, -0.545857 / 2.970129, -2.762203, -0.545857; 1, 15, 1, 0; 0.131315604775; 1, 0, 1; 0, 1, 0; 1, 1, 2 / 3, 8, 0 / 4, 8, 0 ;
0,9; 2.971252, -2.762205, -0.557414 / 2.971252, -2.762205, -0.557414 / 2.971252, -2.762205, -0.557414; 1, 15, 1, 0; 0.131303630363; 1, 0, 1; 1, 0, 0; 2, 1, 2 ;
0,9; 2.970057, -2.769613, -0.549165 / 2.970057, -2.769613, -0.549165 / 2.970057, -2.769613, -0.549165; 1, 15, 1, 0; 0.131317473265; 1, 0, 1; 1, 0, 0; 2, 1, 2 ;
0,9; 2.554892, 1.242538, 0.016480 / 2.554892, 1.242538, 0.016480 / 2.554892, 1.242538, 0.016480; 1, 20, 1, 0; 0.359513931674; 1, 0, 1; 0, 1, 0; 1, 1, 2 ;
0,9; 2.541547, 1.410157, 0.030010 / 2.541547, 1.410157, 0.030010 / 2.541547, 1.410157, 0.030010; 1, 20, 1, 0; 0.359099011347; 1, 0, 1; 1, 0, 0; 3, 1, 2 ;
0,9; 2.562742, 1.241211, 0.014099 / 2.562742, 1.241211, 0.014099 / 2.562742, 1.241211, 0.014099; 1, 20, 1, 0; 0.359514329391; 1, 0, 1; 1, 0, 0; 2, 1, 2 ;
0,9; 2.298318, 3.762939, 0.359686 / 2.298318, 3.762939, 0.359686 / 2.298318, 3.762939, 0.359686; 1, 20, 1, 0; 0.589892016152; 1, 0, 1; 1, 0, 0; 2, 1, 2 ;
