1,0; 2.04406, 3.10093, -2.72846 / 2.04406, 3.10093, -2.72846 / 2.04406, 3.10093, -2.72846; 1, 4, 1, 0; 0.198666332201; 1, 0, 1; 0, 1, 0; 4, 1, 2 ;
0,0; 2.046524, 3.101631, -2.726369 / 2.046524, 3.101631, -2.726369 / 2.046524, 3.101631, -2.726369; 1, 4, 1, 0; 0.198666243547; 1, 0, 1; 1, 0, 0; 3, 1, 2 ;
0,0; -0.916934, -2.102576, 0.166765 / -0.916934, -2.102576, 0.166765 / -0.916934, -2.102576, 0.166765; 1, 15, 1, 0; 0.639530647261; 1, 0, 1; 1, 0, 0; 2, 1, 2 ;
0,0; -1.188249, -2.575823, 0.430968 / -1.188249, -2.575823, 0.430968 / -1.188249, -2.575823, 0.430968; 1, 18, 1, 0; 0.338484121869; 1, 0, 1; 1, 0, 0; 3, 1, 2 ;
0,0; -1.600037, -3.296233, 0.841477 / -1.600037, -3.296233, 0.841477 / -1.600037, -3.296233, 0.841477; 1, 18, 1, 0; 0.676768710472; 1, 0, 1; 1, 0, 0; 3, 1, 2 ;
1,1; 1.25859, -1.04254, -3.91221 / 1.25942, -1.04217, -3.91136 / 1.25775, -1.04292, -3.91307; 1, 1, 1, 0; 0.399483730132; 2, 1, 2; 1, 2, 0; 3, 6, 1 / 4, 1, 2 / 4, 6, 2 ;
0,1; 0.816288, 0.099539, -1.748218 / 0.816288, 0.099539, -1.748218 / 0.816288, 0.099539, -1.748218; 1, 11, 1, 0; 0.001668594911; 0, 1, 0; 0, 1, 0; 4, 1, 1 ;
0,1; 0.769288, 0.231506, -1.488715 / 0.769288, 0.231506, -1.488715 / 0.769288, 0.231506, -1.488715; 1, 11, 1, 0; 0.403982974234; 1, 0, 1; 1, 0, 0; 2, 1, 2 ;
0,1; 0.645595, 0.482607, -0.782883 / 0.645595, 0.482607, -0.782883 / 0.645595, 0.482607, -0.782883; 1, 13, 1, 0; 0.347535917710; 0, 1, 0; 0, 1, 0; 4, 1, 1 ;
0,1; 0.646091, 0.481045, -0.787626 / 0.646091, 0.481045, -0.787626 / 0.646091, 0.481045, -0.787626; 1, 13, 1, 0; 0.347525134087; 1, 0, 1; 1, 0, 0; 3, 1, 2 ;
0,1; -0.010825, -0.489511, 0.258380 / -0.010344, -0.488864, 0.258440 / -0.011307, -0.490157, 0.258319; 1, 16, 1, 0; 0.769274335916; 0, 2, 0; 1, 1, 0; 1, 3, 1 / 2, 2, 0 / 2, 9, 0 / 3, 1, 1 ;
0,1; -0.026636, -0.475072, 0.250874 / -0.026636, -0.475072, 0.250874 / -0.026636, -0.475072, 0.250874; 1, 16, 1, 0; 0.769269922528; 1, 0, 1; 0, 1, 0; 1, 1, 2 ;
0,1; -0.016790, -0.479197, 0.253557 / -0.016790, -0.479197, 0.253557 / -0.016790, -0.479197, 0.253557; 1, 16, 1, 0; 0.769271114611; 1, 0, 1; 0, 1, 0; 1, 1, 2 / 3, 4, 0 ;
0,1; -0.016793, -0.480889, 0.257192 / -0.016793, -0.480889, 0.257192 / -0.016793, -0.480889, 0.257192; 1, 16, 1, 0; 0.769271228462; 1, 0, 1; 0, 1, 0; 1, 1, 2 ;
0,1; 0.676222, -0.110154, -0.740148 / 0.676222, -0.110154, -0.740148 / 0.676222, -0.110154, -0.740148; 1, 16, 1, 0; 0.083603079058; 1, 0, 1; 1, 0, 0; 2, 1, 2 ;
0,1; -0.020602, -0.479589, 0.252917 / -0.020602, -0.479589, 0.252917 / -0.020602, -0.479589, 0.252917; 1, 16, 1, 0; 0.769270297565; 1, 0, 1; 1, 0, 0; 2, 1, 2 ;
0,1; -0.017681, -0.477258, 0.251826 / -0.017681, -0.477258, 0.251826 / -0.017681, -0.477258, 0.251826; 1, 16, 1, 0; 0.769271040943; 1, 0, 1; 1, 0, 0; 2, 1, 2 / 3, 1, 0 / 4, 2, 0 ;
0,1; -0.011228, -0.485657, 0.258395 / -0.011228, -0.485657, 0.258395 / -0.011228, -0.485657, 0.258395; 1, 16, 1, 0; 0.769273204106; 1, 0, 1; 1, 0, 0; 3, 1, 2 ;
0,1; -0.010540, -0.490219, 0.261216 / -0.010540, -0.490219, 0.261216 / -0.010540, -0.490219, 0.261216; 1, 16, 1, 0; 0.769274416281; 0, 1, 0; 1, 0, 0; 2, 5, 0 / 3, 1, 1 ;
0,1; -1.145648, -0.735979, 0.887449 / -1.145648, -0.735979, 0.887449 / -1.145648, -0.735979, 0.887449; 1, 23, 1, 0; 0.290376559823; 0, 1, 0; 0, 1, 0; 4, 1, 1 ;
0,1; -0.826655, -0.771030, 0.877076 / -0.826157, -0.770825, 0.877352 / -0.827153, -0.771235, 0.876800; 1, 23, 1, 0; 0.287212639983; 2, 1, 1; 2, 0, 0; 2, 3, 2 / 3, 1, 1 ;
0,1; -0.835197, -0.764495, 0.880052 / -0.835197, -0.764495, 0.880052 / -0.835197, -0.764495, 0.880052; 1, 23, 1, 0; 0.287215004752; 1, 0, 1; 1, 0, 0; 3, 1, 2 ;
0,1; 0.180987, 1.734628, 1.348280 / 0.180987, 1.734628, 1.348280 / 0.180987, 1.734628, 1.348280; 1, 26, 1, 0; 0.661893866530; 1, 0, 1; 0, 1, 0; 1, 1, 2 ;
0,1; 0.189269, 1.717947, 1.315044 / 0.189269, 1.717947, 1.315044 / 0.189269, 1.717947, 1.315044; 1, 26, 1, 0; 0.661852976726; 1, 0, 1; 1, 0, 0; 2, 7, 0 / 3, 1, 2 ;
0,1; 0.190818, 1.718708, 1.318117 / 0.190818, 1.718708, 1.318117 / 0.190818, 1.718708, 1.318117; 1, 26, 1, 0; 0.661867772492; 1, 0, 1; 1, 0, 0; 1, 3, 0 / 2, 1, 2 ;
0,1; 0.189528, 1.723847, 1.330274 / 0.189528, 1.723847, 1.330274 / 0.189528, 1.723847, 1.330274; 1, 26, 1, 0; 0.661882173932; 1, 0, 1; 1, 0, 0; 2, 1, 2 ;
0,1; 0.182325, 1.742467, 1.345420 / 0.182325, 1.742467, 1.345420 / 0.182325, 1.742467, 1.345420; 1, 26, 1, 0; 0.661894175132; 1, 0, 1; 1, 0, 0; 3, 1, 2 ;
0,1; 0.185804, 1.732466, 1.349152 / 0.185804, 1.732466, 1.349152 / 0.185804, 1.732466, 1.349152; 1, 26, 1, 0; 0.661895375252; 1, 0, 1; 1, 0, 0; 2, 1, 2 ;
0,1; 0.487548, 2.337217, 1.647764 / 0.487548, 2.337217, 1.647764 / 0.487548, 2.337217, 1.647764; 1, 30, 1, 0; 0.107515147619; 1, 0, 1; 1, 0, 0; 3, 1, 2 / 4, 9, 0 ;
0,1; 0.489181, 2.327381, 1.657705 / 0.489181, 2.327381, 1.657705 / 0.489181, 2.327381, 1.657705; 1, 30, 1, 0; 0.107532058401; 1, 0, 1; 1, 0, 0; 2, 1, 2 ;
0,1; 0.090483, 1.981969, 1.816808 / 0.090483, 1.981969, 1.816808 / 0.090483, 1.981969, 1.816808; 1, 30, 1, 0; 0.118219039436; 1, 0, 1; 1, 0, 0; 1, 10, 0 / 3, 1, 2 ;
0,1; -0.745727, 0.035934, 1.616732 / -0.745727, 0.035934, 1.616732 / -0.745727, 0.035934, 1.616732; 1, 30, 1, 0; 0.182737598435; 1, 0, 1; 1, 0, 0; 3, 1, 2 ;
0,1; -2.107554, 0.428807, 2.365328 / -2.107554, 0.428807, 2.365328 / -2.107554, 0.428807, 2.365328; 1, 36, 1, 0; 0.351746379556; 1, 0, 1; 0, 1, 0; 4, 1, 2 ;
0,1; -2.099587, 0.435132, 2.377670 / -2.099587, 0.435132, 2.377670 / -2.099587, 0.435132, 2.377670; 1, 36, 1, 0; 0.351749819010; 1, 0, 1; 0, 1, 0; 1, 1, 2 ;
0,1; -2.045017, 0.557189, 2.577081 / -2.045017, 0.557189, 2.577081 / -2.045017, 0.557189, 2.577081; 1, 36, 1, 0; 0.369238425013; 0, 0, 0; 0, 1, 0; 1, 1, 3 ;
0,1; -2.063235, 0.505214, 2.496770 / -2.063033, 0.505215, 2.496825 / -2.063437, 0.505214, 2.496715; 1, 36, 1, 0; 0.366406440410; 1, 0, 2; 2, 0, 0; 2, 1, 2 / 2, 2, 2 ;
0,1; -2.133091, 0.432967, 2.355785 / -2.133091, 0.432967, 2.355785 / -2.133091, 0.432967, 2.355785; 1, 36, 1, 0; 0.350457331447; 1, 0, 1; 1, 0, 0; 2, 1, 2 ;
0,1; -2.106563, 0.431392, 2.367597 / -2.106563, 0.431392, 2.367597 / -2.106563, 0.431392, 2.367597; 1, 36, 1, 0; 0.351746173446; 1, 0, 1; 1, 0, 0; 2, 1, 2 ;
0,1; -2.101798, 0.431721, 2.379036 / -2.101798, 0.431721, 2.379036 / -2.101798, 0.431721, 2.379036; 1, 36, 1, 0; 0.351749612900; 1, 0, 1; 1, 0, 0; 3, 1, 2 ;
0,1; -2.121733, 0.441908, 2.372286 / -2.121733, 0.441908, 2.372286 / -2.121733, 0.441908, 2.372286; 1, 36, 1, 0; 0.351765496222; 1, 0, 1; 1, 0, 0; 3, 1, 2 ;
0,1; -2.097860, 0.441225, 2.393354 / -2.097860, 0.441225, 2.393354 / -2.097860, 0.441225, 2.393354; 1, 36, 1, 0; 0.351777643807; 1, 0, 1; 1, 0, 0; 2, 1, 2 / 3, 7, 0 / 4, 1, 0 / 4, 3, 0 ;
0,1; -2.086098, 0.450686, 2.428192 / -2.086098, 0.450686, 2.428192 / -2.086098, 0.450686, 2.428192; 1, 36, 1, 0; 0.353080063276; 1, 0, 1; 1, 0, 0; 1, 10, 0 / 2, 1, 2 / 4, 7, 0 ;
0,1; -2.045439, 0.557915, 2.579225 / -2.045439, 0.557915, 2.579225 / -2.045439, 0.557915, 2.579225; 1, 36, 1, 0; 0.369236969364; 0, 1, 0; 1, 0, 0; 2, 1, 1 ;
0,1; -1.305433, 0.737865, 2.612450 / -1.305433, 0.737865, 2.612450 / -1.305433, 0.737865, 2.612450; 1, 37, 1, 0; 0.635035636217; 1, 0, 1; 1, 0, 0; 2, 1, 2 ;
0,1; -1.485027, 0.850650, 2.899096 / -1.485027, 0.850650, 2.899096 / -1.485027, 0.850650, 2.899096; 1, 39, 1, 0; 0.316035926450; 1, 0, 1; 0, 1, 0; 4, 1, 2 ;
0,1; -1.476459, 0.839805, 2.883190 / -1.476459, 0.839805, 2.883190 / -1.476459, 0.839805, 2.883190; 1, 39, 1, 0; 0.315983419771; 1, 0, 1; 1, 0, 0; 3, 1, 2 ;
0,1; -1.488525, 0.849473, 2.894559 / -1.488525, 0.849473, 2.894559 / -1.488525, 0.849473, 2.894559; 1, 39, 1, 0; 0.316006883545; 1, 0, 1; 1, 0, 0; 2, 1, 2 ;
0,1; -1.836725, 0.931842, 2.918499 / -1.836725, 0.931842, 2.918499 / -1.836725, 0.931842, 2.918499; 1, 39, 1, 0; 0.394493980827; 0, 1, 0; 1, 0, 0; 2, 1, 1 ;
1,2; 1.29217, 2.3909, 0.133533 / 1.29283, 2.39092, 0.134027 / 1.29151, 2.39088, 0.13304; 1, 20, 1, 0; 0.255856270772; 1, 0, 2; 0, 2, 1; 1, 3, 2 / 4, 1, 2 ;
0,2; 1.295099, 2.389352, 0.130848 / 1.295855, 2.389655, 0.131482 / 1.294343, 2.389048, 0.130214; 1, 20, 1, 0; 0.255857030050; 1, 0, 2; 1, 1, 0; 1, 7, 2 / 2, 1, 2 ;
0,2; 1.302761, 2.386049, 0.128203 / 1.303454, 2.386110, 0.128620 / 1.302068, 2.385988, 0.127786; 1, 20, 1, 0; 0.255859047561; 1, 0, 2; 1, 1, 0; 2, 5, 2 / 4, 1, 2 ;
0,2; 1.286237, 2.389055, 0.133768 / 1.286237, 2.389055, 0.133768 / 1.286237, 2.389055, 0.133768; 1, 20, 1, 0; 0.255855055926; 1, 0, 1; 0, 1, 0; 1, 1, 2 ;
0,2; 1.288123, 2.386924, 0.129506 / 1.288123, 2.386924, 0.129506 / 1.288123, 2.386924, 0.129506; 1, 20, 1, 0; 0.255854911302; 1, 0, 1; 1, 0, 0; 2, 1, 2 ;
0,2; 1.292679, 2.391662, 0.134612 / 1.292829, 2.392446, 0.135197 / 1.292528, 2.390879, 0.134027; 1, 20, 1, 0; 0.255856285234; 1, 0, 1; 1, 1, 0; 1, 1, 2 / 1, 10, 0 / 2, 10, 2 ;
0,2; 1.299694, 2.388847, 0.129816 / 1.299694, 2.388847, 0.129816 / 1.299694, 2.388847, 0.129816; 1, 20, 1, 0; 0.255858237664; 0, 1, 0; 1, 0, 0; 1, 5, 0 / 2, 5, 0 / 3, 1, 1 / 3, 2, 0 ;
0,2; 1.294583, 2.392819, 0.139491 / 1.294583, 2.392819, 0.139491 / 1.294583, 2.392819, 0.139491; 1, 20, 1, 0; 0.255869851008; 1, 0, 1; 1, 0, 0; 3, 1, 2 ;
0,2; 1.715309, 1.562542, 1.654097 / 1.715309, 1.562542, 1.654097 / 1.715309, 1.562542, 1.654097; 1, 28, 1, 0; 0.254819163278; 1, 0, 1; 0, 1, 0; 2, 10, 0 / 4, 1, 2 ;
0,2; 1.712892, 1.560541, 1.653656 / 1.712892, 1.560541, 1.653656 / 1.712892, 1.560541, 1.653656; 1, 28, 1, 0; 0.254819273780; 1, 0, 1; 1, 0, 0; 2, 1, 2 ;
0,2; 1.944667, 1.138102, 2.433285 / 1.944667, 1.138102, 2.433285 / 1.944667, 1.138102, 2.433285; 1, 31, 1, 0; 0.741302429642; 0, 1, 0; 0, 1, 0; 4, 1, 1 ;
0,2; 2.382355, 0.350534, 3.878362 / 2.382355, 0.350534, 3.878362 / 2.382355, 0.350534, 3.878362; 1, 46, 1, 0; 0.279562823192; 1, 0, 1; 1, 0, 0; 2, 1, 2 ;
1,3; -1.06512, -3.61135, 0.720556 / -1.06512, -3.61135, 0.720556 / -1.06512, -3.61135, 0.720556; 1, 18, 1, 0; 0.732827187410; 1, 0, 1; 1, 0, 0; 3, 1, 2 ;
0,3; -1.229336, -3.681244, 0.979491 / -1.229336, -3.681244, 0.979491 / -1.229336, -3.681244, 0.979491; 1, 18, 1, 0; 0.935343842499; 1, 0, 1; 1, 0, 0; 2, 1, 2 ;
0,3; -1.687692, -3.835225, 1.671075 / -1.687613, -3.834922, 1.671241 / -1.687771, -3.835528, 1.670909; 1, 32, 1, 0; 0.014151619100; 2, 1, 1; 2, 0, 0; 3, 1, 1 / 3, 2, 2 ;
0,3; -1.770253, -3.866180, 1.798645 / -1.770253, -3.866180, 1.798645 / -1.770253, -3.866180, 1.798645; 1, 32, 1, 0; 0.016908793683; 1, 0, 1; 1, 0, 0; 2, 1, 2 ;
1,4; -3.88361, -1.56793, 1.44921 / -3.88361, -1.56793, 1.44921 / -3.88361, -1.56793, 1.44921; 1, 21, 1, 0; 0.950341179621; 1, 0, 1; 0, 1, 0; 4, 1, 2 ;
1,5; 0.251193, 2.86264, -2.658 / 0.251193, 2.86264, -2.658 / 0.251193, 2.86264, -2.658; 1, 4, 1, 0; 0.177292552698; 0, 0, 0; 0, 1, 0; 1, 1, 3 / 3, 4, 0 / 3, 5, 0 ;
0,5; 0.217900, 2.832408, -2.373420 / 0.217900, 2.832408, -2.373420 / 0.217900, 2.832408, -2.373420; 1, 4, 1, 0; 0.273941375823; 1, 0, 1; 1, 0, 0; 3, 1, 2 ;
0,5; -0.045039, 2.717075, -0.088714 / -0.045039, 2.717075, -0.088714 / -0.045039, 2.717075, -0.088714; 1, 17, 1, 0; 0.179097877243; 1, 0, 1; 1, 0, 0; 2, 1, 2 ;
0,5; -0.145390, 2.660664, 0.763435 / -0.145390, 2.660664, 0.763435 / -0.145390, 2.660664, 0.763435; 1, 25, 1, 0; 0.556482131070; 1, 0, 1; 0, 1, 0; 3, 2, 0 / 4, 1, 2 ;
0,5; -0.106762, 2.685798, 0.478339 / -0.106068, 2.686152, 0.478882 / -0.107456, 2.685443, 0.477796; 1, 25, 1, 0; 0.085426145472; 1, 0, 2; 2, 0, 0; 3, 1, 2 / 3, 9, 2 ;
0,5; -0.131479, 2.666711, 0.678611 / -0.131479, 2.666711, 0.678611 / -0.131479, 2.666711, 0.678611; 1, 25, 1, 0; 0.556376906262; 1, 0, 1; 1, 0, 0; 3, 1, 2 ;
0,5; -0.141418, 2.660802, 0.693301 / -0.141418, 2.660802, 0.693301 / -0.141418, 2.660802, 0.693301; 1, 25, 1, 0; 0.556405554841; 1, 0, 1; 1, 0, 0; 3, 1, 2 ;
1,6; -0.436731, 0.0982306, -4.24335 / -0.43651, 0.098661, -4.24315 / -0.436952, 0.0978001, -4.24355; 1, 1, 1, 0; 0.173983890719; 1, 0, 2; 2, 0, 0; 2, 2, 2 / 3, 1, 2 ;
0,6; -0.439757, 0.088337, -4.249684 / -0.439757, 0.088337, -4.249684 / -0.439757, 0.088337, -4.249684; 1, 1, 1, 0; 0.173982862332; 1, 0, 1; 1, 0, 0; 3, 1, 2 ;
1,7; 0.988027, 1.28213, -2.33015 / 0.98856, 1.28221, -2.32995 / 0.987494, 1.28205, -2.33034; 1, 4, 1, 0; 0.386912708487; 2, 1, 1; 1, 1, 0; 2, 1, 2 / 3, 8, 0 / 4, 6, 1 ;
0,7; 0.997601, 1.285419, -2.331193 / 0.997601, 1.285419, -2.331193 / 0.997601, 1.285419, -2.331193; 1, 4, 1, 0; 0.386911983140; 1, 0, 1; 0, 1, 0; 1, 1, 2 ;
0,7; 0.932935, 1.263977, -2.330863 / 0.932935, 1.263977, -2.330863 / 0.932935, 1.263977, -2.330863; 1, 4, 1, 0; 0.386624693239; 1, 0, 1; 1, 0, 0; 1, 1, 0 / 2, 1, 2 ;
0,7; 0.993520, 1.285750, -2.335144 / 0.993520, 1.285750, -2.335144 / 0.993520, 1.285750, -2.335144; 1, 4, 1, 0; 0.386905039955; 1, 0, 1; 1, 0, 0; 3, 1, 2 ;
0,7; 0.987388, 1.282501, -2.329702 / 0.987494, 1.282798, -2.329454 / 0.987282, 1.282205, -2.329951; 1, 4, 1, 0; 0.386912728636; 1, 0, 1; 1, 1, 0; 2, 7, 2 / 3, 3, 0 / 4, 1, 1 ;
0,7; 0.986208, 1.284427, -2.321008 / 0.986208, 1.284427, -2.321008 / 0.986208, 1.284427, -2.321008; 1, 4, 1, 0; 0.386912942210; 1, 0, 1; 1, 0, 0; 2, 1, 2 ;
1,8; 2.8343, 3.00501, -0.216333 / 2.8343, 3.00501, -0.216333 / 2.8343, 3.00501, -0.216333; 1, 20, 1, 0; 0.065631979938; 1, 0, 1; 1, 0, 0; 3, 1, 2 ;
0,8; 2.756394, 2.909607, -0.099645 / 2.756394, 2.909607, -0.099645 / 2.756394, 2.909607, -0.099645; 1, 20, 1, 0; 0.069844492556; 1, 0, 1; 1, 0, 0; 2, 1, 2 ;
0,8; 2.666607, 2.801457, 0.080236 / 2.666607, 2.801457, 0.080236 / 2.666607, 2.801457, 0.080236; 1, 20, 1, 0; 0.218489621749; 1, 0, 1; 1, 0, 0; 3, 1, 2 ;
0,8; 2.525393, 2.642872, 0.340817 / 2.525393, 2.642872, 0.340817 / 2.525393, 2.642872, 0.340817; 1, 20, 1, 0; 0.503284508118; 1, 0, 1; 1, 0, 0; 2, 1, 2 ;
0,8; 1.988097, 2.037873, 1.271530 / 1.988097, 2.037873, 1.271530 / 1.988097, 2.037873, 1.271530; 1, 28, 1, 0; 0.179862259105; 0, 1, 0; 0, 1, 0; 1, 1, 1 ;
0,8; 1.426827, 1.408263, 2.255355 / 1.426827, 1.408263, 2.255355 / 1.426827, 1.408263, 2.255355; 1, 31, 1, 0; 0.640251413326; 0, 1, 0; 1, 0, 0; 2, 1, 1 ;
0,8; 1.071412, 1.009610, 2.878416 / 1.071412, 1.009610, 2.878416 / 1.071412, 1.009610, 2.878416; 1, 39, 1, 0; 0.458036492221; 0, 1, 0; 0, 1, 0; 4, 1, 1 ;
0,8; 0.648300, -0.166537, 3.279111 / 0.648300, -0.166537, 3.279111 / 0.648300, -0.166537, 3.279111; 1, 41, 1, 0; 0.620725133828; 1, 0, 1; 0, 1, 0; 4, 1, 2 ;
0,8; 0.630467, -0.182772, 3.267518 / 0.630467, -0.182772, 3.267518 / 0.630467, -0.182772, 3.267518; 1, 41, 1, 0; 0.620669349489; 0, 1, 0; 1, 0, 0; 2, 1, 1 ;
0,8; 0.648901, -0.169377, 3.277076 / 0.648901, -0.169377, 3.277076 / 0.648901, -0.169377, 3.277076; 1, 41, 1, 0; 0.620686414406; 1, 0, 1; 1, 0, 0; 3, 1, 2 ;
0,8; 0.575043, -0.220058, 3.221060 / 0.575043, -0.220058, 3.221060 / 0.575043, -0.220058, 3.221060; 1, 41, 1, 0; 0.634646977340; 0, 1, 0; 1, 0, 0; 3, 1, 1 ;
0,8; 0.744593, 0.322083, 3.100241 / 0.744593, 0.322083, 3.100241 / 0.744593, 0.322083, 3.100241; 1, 42, 1, 0; 0.054773357867; 0, 1, 0; 0, 1, 0; 1, 1, 0 / 4, 1, 1 ;
0,8; 0.745128, 0.318552, 3.105576 / 0.745128, 0.318552, 3.105576 / 0.745128, 0.318552, 3.105576; 1, 42, 1, 0; 0.054770666700; 0, 0, 0; 1, 0, 0; 2, 1, 3 ;
0,8; 0.735584, 0.322096, 3.103685 / 0.735584, 0.322096, 3.103685 / 0.735584, 0.322096, 3.103685; 1, 42, 1, 0; 0.054772106161; 1, 0, 1; 1, 0, 0; 3, 1, 2 ;
0,8; 0.284227, 0.127435, 4.258169 / 0.284227, 0.127435, 4.258169 / 0.284227, 0.127435, 4.258169; 1, 46, 1, 0; 0.653559774400; 1, 0, 1; 0, 1, 0; 1, 1, 2 / 3, 4, 0 ;
0,8; 0.107353, -0.066779, 4.554822 / 0.107353, -0.066779, 4.554822 / 0.107353, -0.066779, 4.554822; 1, 46, 1, 0; 0.921196865761; 1, 0, 1; 1, 0, 0; 3, 1, 2 ;
1,9; -0.819575, 2.17783, -2.75567 / -0.819575, 2.17783, -2.75567 / -0.819575, 2.17783, -2.75567; 1, 4, 1, 0; 0.142209153882; 1, 0, 1; 0, 1, 0; 4, 1, 2 ;
0,9; -0.823691, 2.195760, -2.778211 / -0.823691, 2.195760, -2.778211 / -0.823691, 2.195760, -2.778211; 1, 4, 1, 0; 0.142212877332; 1, 0, 1; 0, 1, 0; 1, 1, 2 ;
0,9; -0.818522, 2.179285, -2.758429 / -0.818522, 2.179285, -2.758429 / -0.818522, 2.179285, -2.758429; 1, 4, 1, 0; 0.142209105526; 1, 0, 1; 1, 0, 0; 2, 1, 2 ;
0,9; -0.825878, 2.190323, -2.778063 / -0.825878, 2.190323, -2.778063 / -0.825878, 2.190323, -2.778063; 1, 4, 1, 0; 0.142212329292; 1, 0, 1; 1, 0, 0; 3, 1, 2 ;
0,9; -0.826004, 2.193527, -2.776662 / -0.826004, 2.193527, -2.776662 / -0.826004, 2.193527, -2.776662; 1, 4, 1, 0; 0.142212824945; 1, 0, 1; 1, 0, 0; 2, 1, 2 ;
0,9; -0.710871, 1.848524, -2.357593 / -0.710871, 1.848524, -2.357593 / -0.710871, 1.848524, -2.357593; 1, 4, 1, 0; 0.375973573181; 1, 0, 1; 1, 0, 0; 3, 1, 2 ;
0,9; -0.254116, 0.483755, -0.704746 / -0.254116, 0.483755, -0.704746 / -0.254116, 0.483755, -0.704746; 1, 13, 1, 0; 0.356105696732; 1, 0, 1; 1, 0, 0; 2, 1, 2 ;
0,9; -0.255909, 0.510157, -0.749462 / -0.255909, 0.510157, -0.749462 / -0.255909, 0.510157, -0.749462; 1, 13, 1, 0; 0.356199234806; 1, 0, 1; 1, 0, 0; 3, 1, 2 ;
0,9; 0.094097, -0.541998, 0.511181 / 0.094097, -0.541998, 0.511181 / 0.094097, -0.541998, 0.511181; 1, 23, 1, 0; 0.074200035767; 1, 0, 1; 1, 0, 0; 2, 1, 2 ;
0,9; 0.512503, -1.788769, 1.999714 / 0.512503, -1.788769, 1.999714 / 0.512503, -1.788769, 1.999714; 1, 30, 1, 0; 0.348223929536; 1, 0, 1; 1, 0, 0; 3, 1, 2 ;
0,9; 0.813153, -2.723124, 3.160276 / 0.813784, -2.722583, 3.161383 / 0.812521, -2.723665, 3.159170; 1, 40, 1, 0; 0.841906490649; 2, 3, 1; 1, 3, 0; 1, 1, 2 / 1, 2, 1 / 1, 9, 1 / 3, 7, 1 / 3, 8, 0 / 3, 9, 0 / 4, 9, 0 ;
0,9; 0.813032, -2.723326, 3.159093 / 0.813784, -2.722879, 3.159556 / 0.812280, -2.723773, 3.158629; 1, 40, 1, 0; 0.841906584944; 1, 0, 1; 2, 1, 0; 1, 3, 1 / 2, 7, 2 / 2, 10, 0 / 3, 1, 1 / 3, 2, 0 / 3, 3, 0 / 4, 3, 0 ;
0,9; 0.864541, -2.848365, 3.290399 / 0.864541, -2.848365, 3.290399 / 0.864541, -2.848365, 3.290399; 1, 40, 1, 0; 0.956849693541; 1, 0, 1; 1, 0, 0; 2, 1, 2 ;
