1,0; -2.05632, 0.207588, 0.0687315 / -2.05632, 0.207588, 0.0687315 / -2.05632, 0.207588, 0.0687315; 1, 14, 1, 0; 0.849752179806; 1, 0, 1; 0, 1, 0; 4, 1, 2 ;
0,0; -2.064463, 0.212310, 0.063383 / -2.064463, 0.212310, 0.063383 / -2.064463, 0.212310, 0.063383; 1, 14, 1, 0; 0.849762920343; 1, 0, 1; 0, 1, 0; 1, 1, 2 ;
0,0; -2.234302, 0.085094, -0.141488 / -2.234302, 0.085094, -0.141488 / -2.234302, 0.085094, -0.141488; 1, 14, 1, 0; 0.377883123262; 0, 1, 0; 1, 0, 0; 1, 6, 0 / 2, 1, 1 / 4, 10, 0 ;
0,0; -2.218299, 0.110933, -0.102705 / -2.218299, 0.110933, -0.102705 / -2.218299, 0.110933, -0.102705; 1, 14, 1, 0; 0.377920761304; 1, 0, 1; 1, 0, 0; 2, 1, 2 ;
0,0; -2.099210, 0.185690, 0.024272 / -2.099210, 0.185690, 0.024272 / -2.099210, 0.185690, 0.024272; 1, 14, 1, 0; 0.848734586252; 1, 0, 1; 1, 0, 0; 3, 1, 2 ;
0,0; -1.772604, 0.405366, 0.446464 / -1.772344, 0.405983, 0.446939 / -1.772864, 0.404748, 0.445989; 1, 17, 1, 0; 0.750443466156; 1, 0, 2; 1, 1, 0; 3, 1, 2 / 4, 6, 2 ;
0,0; -1.765561, 0.409775, 0.450927 / -1.765561, 0.409775, 0.450927 / -1.765561, 0.409775, 0.450927; 1, 17, 1, 0; 0.750445691019; 1, 0, 1; 0, 1, 0; 4, 1, 2 ;
0,0; -1.761702, 0.414615, 0.457065 / -1.761702, 0.414615, 0.457065 / -1.761702, 0.414615, 0.457065; 1, 17, 1, 0; 0.750446758116; 1, 0, 1; 0, 1, 0; 1, 1, 2 ;
0,0; -1.760518, 0.410449, 0.464466 / -1.760518, 0.410449, 0.464466 / -1.760518, 0.410449, 0.464466; 1, 17, 1, 0; 0.750459068096; 0, 1, 0; 0, 1, 0; 1, 1, 1 ;
0,0; -1.756446, 0.413672, 0.461821 / -1.756446, 0.413672, 0.461821 / -1.756446, 0.413672, 0.461821; 1, 17, 1, 0; 0.750459939908; 1, 0, 1; 0, 1, 0; 1, 1, 2 ;
0,0; -1.771153, 0.408445, 0.446245 / -1.770428, 0.408824, 0.446797 / -1.771879, 0.408065, 0.445693; 1, 17, 1, 0; 0.750444310069; 1, 0, 3; 3, 0, 0; 1, 2, 0 / 2, 3, 0 / 3, 1, 2 / 3, 6, 2 / 3, 9, 2 ;
0,0; -1.772993, 0.399451, 0.439531 / -1.772993, 0.399451, 0.439531 / -1.772993, 0.399451, 0.439531; 1, 17, 1, 0; 0.750430054206; 1, 0, 1; 1, 0, 0; 3, 1, 2 ;
0,0; -1.770512, 0.407897, 0.447078 / -1.769796, 0.408502, 0.447517 / -1.771228, 0.407292, 0.446640; 1, 17, 1, 0; 0.750444344942; 1, 0, 1; 3, 0, 0; 2, 9, 2 / 3, 1, 2 / 3, 4, 2 ;
0,0; -1.766833, 0.413838, 0.446783 / -1.766833, 0.413838, 0.446783 / -1.766833, 0.413838, 0.446783; 1, 17, 1, 0; 0.750445453886; 1, 0, 1; 1, 0, 0; 1, 10, 0 / 2, 1, 2 ;
0,0; -1.764252, 0.410723, 0.455064 / -1.764252, 0.410723, 0.455064 / -1.764252, 0.410723, 0.455064; 1, 17, 1, 0; 0.750445802611; 1, 0, 1; 1, 0, 0; 2, 1, 2 ;
0,0; -1.755707, 0.405499, 0.465961 / -1.755707, 0.405499, 0.465961 / -1.755707, 0.405499, 0.465961; 1, 17, 1, 0; 0.750461139521; 1, 0, 1; 1, 0, 0; 2, 1, 2 ;
0,0; -0.710878, 1.747861, 1.971453 / -0.710331, 1.748095, 1.971991 / -0.711425, 1.747627, 1.970915; 1, 29, 1, 0; 0.828406188021; 2, 2, 1; 2, 1, 0; 2, 6, 0 / 3, 1, 1 / 3, 3, 0 / 3, 6, 2 / 4, 4, 1 ;
0,0; -0.710682, 1.769906, 1.963161 / -0.710682, 1.769906, 1.963161 / -0.710682, 1.769906, 1.963161; 1, 29, 1, 0; 0.828398258657; 1, 0, 1; 0, 1, 0; 4, 1, 2 ;
0,0; -0.806560, 1.156503, 1.592010 / -0.806560, 1.156503, 1.592010 / -0.806560, 1.156503, 1.592010; 1, 29, 1, 0; 0.278731749798; 1, 0, 1; 1, 0, 0; 3, 1, 2 ;
0,0; -0.714077, 1.773000, 1.957546 / -0.714077, 1.773000, 1.957546 / -0.714077, 1.773000, 1.957546; 1, 29, 1, 0; 0.828396826696; 1, 0, 1; 1, 0, 0; 2, 6, 0 / 3, 1, 2 ;
1,1; -1.75914, -3.21642, -0.303625 / -1.75845, -3.21544, -0.302894 / -1.75984, -3.2174, -0.304357; 1, 10, 1, 0; 0.956549695271; 2, 3, 1; 3, 2, 1; 1, 1, 1 / 2, 3, 1 / 3, 2, 3 / 3, 7, 2 / 4, 2, 0 / 4, 9, 1 ;
0,1; -3.225196, -0.068557, -0.215441 / -3.225196, -0.068557, -0.215441 / -3.225196, -0.068557, -0.215441; 1, 10, 1, 0; 0.742097007211; 1, 0, 1; 1, 0, 0; 1, 2, 0 / 1, 3, 0 / 2, 1, 2 ;
0,1; -2.907434, -0.755189, -0.232494 / -2.907434, -0.755189, -0.232494 / -2.907434, -0.755189, -0.232494; 1, 10, 1, 0; 0.789012701729; 1, 0, 1; 1, 0, 0; 2, 1, 2 ;
0,1; -1.758118, -3.216946, -0.302364 / -1.757694, -3.216497, -0.301416 / -1.758542, -3.217396, -0.303311; 1, 10, 1, 0; 0.956549727712; 1, 0, 1; 2, 1, 0; 3, 1, 2 / 3, 9, 2 / 4, 3, 1 ;
0,1; -1.770214, -3.216409, -0.302999 / -1.770214, -3.216409, -0.302999 / -1.770214, -3.216409, -0.302999; 1, 10, 1, 0; 0.956559438382; 1, 0, 1; 1, 0, 0; 3, 1, 2 ;
0,1; -3.827391, 1.215828, -0.186371 / -3.826841, 1.216586, -0.185771 / -3.827940, 1.215070, -0.186972; 1, 14, 1, 0; 0.456794180537; 2, 2, 1; 1, 2, 1; 1, 5, 2 / 3, 4, 1 / 4, 1, 1 ;
0,1; -3.503017, 0.527243, -0.203779 / -3.503017, 0.527243, -0.203779 / -3.503017, 0.527243, -0.203779; 1, 14, 1, 0; 0.400708598461; 1, 0, 1; 0, 1, 0; 4, 1, 2 ;
0,1; -3.648145, 0.842707, -0.197312 / -3.648145, 0.842707, -0.197312 / -3.648145, 0.842707, -0.197312; 1, 14, 1, 0; 0.418802642480; 0, 0, 0; 0, 1, 0; 4, 1, 3 ;
0,1; -3.822822, 1.212650, -0.185680 / -3.822822, 1.212650, -0.185680 / -3.822822, 1.212650, -0.185680; 1, 14, 1, 0; 0.456793312677; 0, 1, 0; 0, 1, 0; 4, 1, 1 ;
0,1; -3.504643, 0.522901, -0.204740 / -3.504643, 0.522901, -0.204740 / -3.504643, 0.522901, -0.204740; 1, 14, 1, 0; 0.400707558260; 1, 0, 1; 1, 0, 0; 2, 1, 2 / 4, 3, 0 ;
0,1; -3.650319, 0.841596, -0.190363 / -3.650319, 0.841596, -0.190363 / -3.650319, 0.841596, -0.190363; 1, 14, 1, 0; 0.418813506117; 1, 0, 1; 1, 0, 0; 2, 1, 2 ;
0,1; -3.789492, 1.149857, -0.186631 / -3.789492, 1.149857, -0.186631 / -3.789492, 1.149857, -0.186631; 1, 14, 1, 0; 0.455554630249; 1, 0, 1; 1, 0, 0; 3, 1, 2 ;
0,1; -3.818548, 1.222047, -0.187177 / -3.818548, 1.222047, -0.187177 / -3.818548, 1.222047, -0.187177; 1, 14, 1, 0; 0.456784295550; 1, 0, 1; 1, 0, 0; 2, 1, 2 ;
1,2; -3.14134, 1.64639, -2.5843 / -3.14134, 1.64639, -2.5843 / -3.14134, 1.64639, -2.5843; 1, 6, 1, 0; 0.038959989257; 0, 1, 0; 1, 0, 0; 3, 1, 1 ;
0,2; -3.373675, 2.350548, 0.361733 / -3.373675, 2.350548, 0.361733 / -3.373675, 2.350548, 0.361733; 1, 24, 1, 0; 0.037855554028; 1, 0, 1; 0, 1, 0; 1, 1, 2 ;
0,2; -3.375380, 2.349181, 0.350336 / -3.375380, 2.349181, 0.350336 / -3.375380, 2.349181, 0.350336; 1, 24, 1, 0; 0.037842355664; 1, 0, 1; 1, 0, 0; 3, 1, 2 ;
1,3; -0.623541, 2.4654, -1.35175 / -0.623066, 2.46635, -1.35124 / -0.624017, 2.46445, -1.35225; 1, 7, 1, 0; 0.390405975367; 0, 3, 0; 1, 2, 1; 1, 1, 1 / 2, 1, 1 / 4, 5, 1 ;
0,3; 0.110050, 2.666054, -1.532026 / 0.110341, 2.666189, -1.531912 / 0.109759, 2.665920, -1.532140; 1, 7, 1, 0; 0.340676501180; 2, 1, 1; 0, 2, 0; 1, 1, 2 / 1, 2, 1 ;
0,3; -3.307023, 1.631188, -0.719643 / -3.306899, 1.631412, -0.718827 / -3.307147, 1.630963, -0.720459; 1, 7, 1, 0; 0.960247003163; 1, 0, 2; 1, 1, 0; 1, 1, 2 / 3, 7, 2 ;
0,3; 0.045955, 2.645418, -1.515508 / 0.045955, 2.645418, -1.515508 / 0.045955, 2.645418, -1.515508; 1, 7, 1, 0; 0.340717307863; 1, 0, 1; 0, 1, 0; 1, 1, 2 ;
0,3; -0.628763, 2.450979, -1.354580 / -0.628763, 2.450979, -1.354580 / -0.628763, 2.450979, -1.354580; 1, 7, 1, 0; 0.390407719111; 1, 0, 1; 0, 1, 0; 4, 1, 2 ;
0,3; -0.625927, 2.445397, -1.353081 / -0.625927, 2.445397, -1.353081 / -0.625927, 2.445397, -1.353081; 1, 7, 1, 0; 0.390408281609; 1, 0, 1; 0, 1, 0; 4, 1, 2 ;
0,3; -1.811285, 2.079806, -1.086996 / -1.811285, 2.079806, -1.086996 / -1.811285, 2.079806, -1.086996; 1, 7, 1, 0; 0.603941572806; 1, 0, 1; 0, 1, 0; 4, 1, 2 / 4, 2, 0 ;
0,3; -3.306578, 1.631508, -0.724233 / -3.306578, 1.631508, -0.724233 / -3.306578, 1.631508, -0.724233; 1, 7, 1, 0; 0.960238013420; 0, 1, 0; 0, 1, 0; 4, 1, 1 ;
0,3; -0.627331, 2.460509, -1.355708 / -0.626778, 2.461425, -1.355391 / -0.627885, 2.459593, -1.356025; 1, 7, 1, 0; 0.390406164571; 0, 2, 0; 2, 0, 0; 3, 1, 1 / 3, 9, 1 / 3, 10, 0 / 4, 1, 0 ;
0,3; 0.112669, 2.665914, -1.529057 / 0.112669, 2.665914, -1.529057 / 0.112669, 2.665914, -1.529057; 1, 7, 1, 0; 0.340667705754; 0, 0, 0; 1, 0, 0; 1, 5, 0 / 2, 1, 3 ;
0,3; -0.626418, 2.447268, -1.358361 / -0.626418, 2.447268, -1.358361 / -0.626418, 2.447268, -1.358361; 1, 7, 1, 0; 0.390398846981; 1, 0, 1; 1, 0, 0; 3, 1, 2 ;
0,3; -1.382994, 2.212629, -1.188123 / -1.382994, 2.212629, -1.188123 / -1.382994, 2.212629, -1.188123; 1, 7, 1, 0; 0.647063432405; 1, 0, 1; 1, 0, 0; 3, 1, 2 ;
0,3; -3.317049, 1.631613, -0.730537 / -3.317049, 1.631613, -0.730537 / -3.317049, 1.631613, -0.730537; 1, 7, 1, 0; 0.960239296939; 1, 0, 1; 1, 0, 0; 2, 1, 2 ;
0,3; -3.317169, 1.634102, -0.722724 / -3.317169, 1.634102, -0.722724 / -3.317169, 1.634102, -0.722724; 1, 7, 1, 0; 0.960239562847; 1, 0, 1; 1, 0, 0; 3, 1, 2 ;
0,3; -3.310247, 1.625554, -0.720269 / -3.310247, 1.625554, -0.720269 / -3.310247, 1.625554, -0.720269; 1, 7, 1, 0; 0.960247519639; 0, 1, 0; 1, 0, 0; 2, 1, 1 ;
0,3; -3.309948, 1.630910, -0.719938 / -3.309948, 1.630910, -0.719938 / -3.309948, 1.630910, -0.719938; 1, 7, 1, 0; 0.960247632138; 1, 0, 1; 1, 0, 0; 3, 1, 2 / 3, 6, 0 / 4, 6, 0 ;
0,3; -3.312473, 1.622953, -0.715531 / -3.312473, 1.622953, -0.715531 / -3.312473, 1.622953, -0.715531; 1, 7, 1, 0; 0.960248031001; 1, 0, 1; 1, 0, 0; 3, 1, 2 ;
0,3; -3.595178, 1.536352, -0.676829 / -3.595178, 1.536352, -0.676829 / -3.595178, 1.536352, -0.676829; 1, 7, 1, 0; 0.965131225704; 0, 1, 0; 1, 0, 0; 2, 1, 1 ;
1,4; -0.662521, 0.297329, 0.146028 / -0.662521, 0.297329, 0.146028 / -0.662521, 0.297329, 0.146028; 1, 16, 1, 0; 0.690139373312; 1, 0, 1; 0, 1, 0; 1, 1, 2 ;
0,4; -0.637972, 0.307748, 0.195079 / -0.637972, 0.307748, 0.195079 / -0.637972, 0.307748, 0.195079; 1, 16, 1, 0; 0.690273964896; 1, 0, 1; 1, 0, 0; 3, 1, 2 ;
0,4; -0.042890, 0.571246, 1.411547 / -0.041983, 0.571667, 1.412235 / -0.043797, 0.570824, 1.410858; 1, 23, 1, 0; 0.659928066698; 1, 0, 2; 2, 0, 0; 3, 1, 2 / 3, 10, 2 ;
0,4; 0.522549, 0.817819, 2.560214 / 0.522549, 0.817819, 2.560214 / 0.522549, 0.817819, 2.560214; 1, 38, 1, 0; 0.899131137604; 1, 0, 1; 1, 0, 0; 3, 1, 2 ;
0,4; 0.747843, 0.921734, 3.019874 / 0.747994, 0.922228, 3.020537 / 0.747693, 0.921241, 3.019212; 1, 39, 1, 0; 0.272784268427; 1, 0, 2; 1, 1, 0; 2, 4, 2 / 4, 1, 2 ;
0,4; 0.750329, 0.921740, 3.022471 / 0.750329, 0.921740, 3.022471 / 0.750329, 0.921740, 3.022471; 1, 39, 1, 0; 0.272813452774; 1, 0, 1; 1, 0, 0; 2, 1, 2 ;
0,4; 1.347331, 1.185097, 4.239310 / 1.347331, 1.185097, 4.239310 / 1.347331, 1.185097, 4.239310; 1, 46, 1, 0; 0.567307804124; 1, 0, 1; 0, 1, 0; 4, 1, 2 ;
0,4; 1.293679, 1.161432, 4.138121 / 1.293679, 1.161432, 4.138121 / 1.293679, 1.161432, 4.138121; 1, 46, 1, 0; 0.566769557078; 1, 0, 1; 1, 0, 0; 2, 1, 2 ;
0,4; 1.336924, 1.188138, 4.219619 / 1.336924, 1.188138, 4.219619 / 1.336924, 1.188138, 4.219619; 1, 46, 1, 0; 0.567283844815; 1, 0, 1; 1, 0, 0; 2, 1, 2 ;
1,5; 1.45501, -1.50401, -1.35412 / 1.45501, -1.50401, -1.35412 / 1.45501, -1.50401, -1.35412; 1, 8, 1, 0; 0.707777375506; 1, 0, 1; 1, 0, 0; 2, 1, 2 ;
0,5; 1.360377, -1.290230, -0.947973 / 1.360377, -1.290230, -0.947973 / 1.360377, -1.290230, -0.947973; 1, 11, 1, 0; 0.560411740203; 1, 0, 1; 0, 1, 0; 4, 1, 2 ;
0,5; 1.362018, -1.297172, -0.959071 / 1.362018, -1.297172, -0.959071 / 1.362018, -1.297172, -0.959071; 1, 11, 1, 0; 0.560413073381; 1, 0, 1; 0, 1, 0; 1, 7, 0 / 4, 1, 2 ;
0,5; 1.309506, -1.177850, -0.747238 / 1.309506, -1.177850, -0.747238 / 1.309506, -1.177850, -0.747238; 1, 12, 1, 0; 0.559116051688; 1, 0, 1; 1, 0, 0; 3, 1, 2 ;
0,5; 1.257209, -1.073782, -0.547643 / 1.257209, -1.073782, -0.547643 / 1.257209, -1.073782, -0.547643; 1, 12, 1, 0; 0.711362919579; 1, 0, 1; 1, 0, 0; 2, 1, 2 ;
0,5; 1.113155, -0.734188, 0.116167 / 1.113155, -0.734188, 0.116167 / 1.113155, -0.734188, 0.116167; 1, 16, 1, 0; 0.804048951770; 0, 1, 0; 1, 0, 0; 2, 1, 1 ;
0,5; 0.593675, 0.432853, 2.349824 / 0.593866, 0.433023, 2.350108 / 0.593484, 0.432683, 2.349539; 1, 31, 1, 0; 0.863367129770; 2, 1, 1; 1, 1, 0; 1, 1, 1 / 3, 5, 2 ;
0,5; 0.447650, 0.759607, 2.974354 / 0.448223, 0.759677, 2.974859 / 0.447077, 0.759537, 2.973849; 1, 39, 1, 0; 0.278893697941; 0, 1, 0; 1, 1, 0; 1, 9, 0 / 2, 1, 3 / 4, 3, 1 ;
0,5; 0.445067, 0.765104, 2.985755 / 0.445067, 0.765104, 2.985755 / 0.445067, 0.765104, 2.985755; 1, 39, 1, 0; 0.278921263555; 1, 0, 1; 0, 1, 0; 1, 1, 2 / 1, 2, 0 ;
0,5; 0.447878, 0.752567, 2.969514 / 0.447878, 0.752567, 2.969514 / 0.447878, 0.752567, 2.969514; 1, 39, 1, 0; 0.278868316832; 1, 0, 1; 1, 0, 0; 2, 1, 0 / 3, 1, 2 / 3, 2, 0 ;
0,5; 0.447715, 0.759029, 2.974648 / 0.448223, 0.759677, 2.974859 / 0.447207, 0.758380, 2.974438; 1, 39, 1, 0; 0.278893729373; 1, 0, 1; 1, 1, 0; 1, 7, 0 / 2, 9, 2 / 4, 1, 1 ;
1,6; -1.77, -3.80631, 0.560148 / -1.77, -3.80631, 0.560148 / -1.77, -3.80631, 0.560148; 1, 18, 1, 0; 0.164614198952; 1, 0, 1; 0, 1, 0; 4, 1, 2 ;
0,6; -2.472305, -1.372624, 1.337852 / -2.472305, -1.372624, 1.337852 / -2.472305, -1.372624, 1.337852; 1, 21, 1, 0; 0.978675844436; 1, 0, 1; 1, 0, 0; 3, 1, 2 ;
0,6; -2.963549, 0.333003, 1.868638 / -2.963549, 0.333003, 1.868638 / -2.963549, 0.333003, 1.868638; 1, 30, 1, 0; 0.810685821829; 1, 0, 1; 1, 0, 0; 2, 1, 2 ;
1,7; 0.374318, -1.74333, -2.25711 / 0.374318, -1.74333, -2.25711 / 0.374318, -1.74333, -2.25711; 1, 3, 1, 0; 0.891224579601; 1, 0, 1; 0, 1, 0; 4, 1, 2 ;
0,7; 2.013897, -1.798357, -3.044986 / 2.013897, -1.798357, -3.044986 / 2.013897, -1.798357, -3.044986; 1, 3, 1, 0; 0.368029102544; 1, 0, 1; 1, 0, 0; 2, 1, 2 ;
0,7; 1.768077, -1.793750, -2.923376 / 1.768077, -1.793750, -2.923376 / 1.768077, -1.793750, -2.923376; 1, 3, 1, 0; 0.369708793224; 1, 0, 1; 1, 0, 0; 2, 1, 2 ;
0,7; -1.373791, -1.684219, -1.421682 / -1.373551, -1.684071, -1.421570 / -1.374030, -1.684367, -1.421794; 1, 9, 1, 0; 0.133090609847; 2, 1, 1; 1, 1, 0; 1, 1, 1 / 1, 7, 0 / 2, 2, 2 ;
0,7; -2.584952, -1.644763, -0.841039 / -2.584952, -1.644763, -0.841039 / -2.584952, -1.644763, -0.841039; 1, 9, 1, 0; 0.473547968329; 0, 1, 0; 0, 1, 0; 1, 1, 1 ;
0,7; -1.109605, -1.692885, -1.548670 / -1.109605, -1.692885, -1.548670 / -1.109605, -1.692885, -1.548670; 1, 9, 1, 0; 0.130410567761; 1, 0, 1; 1, 0, 0; 3, 1, 2 ;
0,7; -1.189229, -1.688209, -1.514758 / -1.189229, -1.688209, -1.514758 / -1.189229, -1.688209, -1.514758; 1, 9, 1, 0; 0.130896128276; 1, 0, 1; 1, 0, 0; 2, 1, 2 ;
0,7; -1.358946, -1.684137, -1.431224 / -1.358946, -1.684137, -1.431224 / -1.358946, -1.684137, -1.431224; 1, 9, 1, 0; 0.133078536392; 1, 0, 1; 1, 0, 0; 2, 1, 2 ;
0,7; -1.780069, -1.671062, -1.226885 / -1.780069, -1.671062, -1.226885 / -1.780069, -1.671062, -1.226885; 1, 9, 1, 0; 0.417568953324; 0, 1, 0; 1, 0, 0; 2, 1, 1 ;
0,7; -2.582362, -1.644444, -0.842183 / -2.582362, -1.644444, -0.842183 / -2.582362, -1.644444, -0.842183; 1, 9, 1, 0; 0.473548027804; 0, 1, 0; 1, 0, 0; 3, 1, 1 ;
0,7; -3.473481, -1.611751, -0.416345 / -3.473481, -1.611751, -0.416345 / -3.473481, -1.611751, -0.416345; 1, 10, 1, 0; 0.524146039604; 1, 0, 1; 1, 0, 0; 2, 1, 2 ;
1,8; -2.61906, -1.83609, -0.235651 / -2.61855, -1.83588, -0.235505 / -2.61956, -1.83631, -0.235797; 1, 10, 1, 0; 0.862902457513; 2, 2, 1; 2, 1, 0; 1, 1, 0 / 2, 1, 1 / 2, 3, 0 / 3, 7, 2 / 4, 6, 1 / 4, 7, 0 ;
0,8; -2.619762, -1.836884, -0.236075 / -2.619564, -1.836311, -0.235750 / -2.619961, -1.837458, -0.236400; 1, 10, 1, 0; 0.862902425072; 1, 0, 1; 1, 1, 0; 1, 3, 0 / 1, 6, 0 / 1, 7, 0 / 2, 3, 0 / 2, 6, 0 / 2, 7, 1 / 2, 9, 0 / 4, 1, 2 / 4, 3, 0 ;
0,8; -1.926089, -1.575959, -0.185114 / -1.926089, -1.575959, -0.185114 / -1.926089, -1.575959, -0.185114; 1, 10, 1, 0; 0.869126304668; 1, 0, 1; 0, 1, 0; 1, 1, 2 ;
0,8; -2.980886, -1.966020, -0.256713 / -2.980886, -1.966020, -0.256713 / -2.980886, -1.966020, -0.256713; 1, 10, 1, 0; 0.886366679427; 1, 0, 1; 0, 1, 0; 4, 1, 2 ;
0,8; -2.094485, -1.638727, -0.192329 / -2.094485, -1.638727, -0.192329 / -2.094485, -1.638727, -0.192329; 1, 10, 1, 0; 0.867903971426; 1, 0, 1; 1, 0, 0; 1, 9, 0 / 2, 1, 2 / 4, 9, 0 ;
0,8; -1.921761, -1.575314, -0.180410 / -1.921761, -1.575314, -0.180410 / -1.921761, -1.575314, -0.180410; 1, 10, 1, 0; 0.869116031688; 1, 0, 1; 1, 0, 0; 3, 1, 2 ;
0,8; 1.719841, -0.246286, 0.065737 / 1.720268, -0.245715, 0.065760 / 1.719415, -0.246858, 0.065715; 1, 16, 1, 0; 0.725255822457; 2, 1, 1; 0, 2, 0; 1, 1, 2 / 1, 4, 1 / 2, 2, 0 / 2, 5, 0 / 4, 7, 0 ;
0,8; 3.048960, 0.241215, 0.157542 / 3.048960, 0.241215, 0.157542 / 3.048960, 0.241215, 0.157542; 1, 16, 1, 0; 0.654869118608; 1, 0, 1; 0, 1, 0; 1, 1, 2 ;
0,8; 2.992784, 0.219370, 0.155335 / 2.992784, 0.219370, 0.155335 / 2.992784, 0.219370, 0.155335; 1, 16, 1, 0; 0.654796347938; 0, 1, 0; 1, 0, 0; 2, 1, 1 ;
0,8; 3.037677, 0.238410, 0.157556 / 3.037677, 0.238410, 0.157556 / 3.037677, 0.238410, 0.157556; 1, 16, 1, 0; 0.654870257115; 1, 0, 1; 1, 0, 0; 3, 1, 2 ;
0,8; 2.539135, 0.054435, 0.125072 / 2.539135, 0.054435, 0.125072 / 2.539135, 0.054435, 0.125072; 1, 16, 1, 0; 0.657201389782; 1, 0, 1; 1, 0, 0; 3, 1, 2 ;
0,8; 4.462840, 0.756141, 0.257287 / 4.462868, 0.756197, 0.257313 / 4.462811, 0.756085, 0.257261; 1, 19, 1, 0; 0.143726682922; 2, 1, 1; 1, 1, 0; 1, 1, 2 / 2, 1, 1 ;
0,8; 3.508990, 0.408863, 0.190573 / 3.508990, 0.408863, 0.190573 / 3.508990, 0.408863, 0.190573; 1, 19, 1, 0; 0.155424783714; 1, 0, 1; 0, 1, 0; 1, 1, 2 ;
0,8; 3.430875, 0.378192, 0.191044 / 3.430875, 0.378192, 0.191044 / 3.430875, 0.378192, 0.191044; 1, 19, 1, 0; 0.153732771612; 1, 0, 1; 1, 0, 0; 3, 1, 2 / 3, 2, 0 / 4, 6, 0 ;
0,8; 3.511504, 0.405103, 0.192138 / 3.511504, 0.405103, 0.192138 / 3.511504, 0.405103, 0.192138; 1, 19, 1, 0; 0.155425774392; 1, 0, 1; 1, 0, 0; 3, 1, 2 ;
1,9; -2.67879, 2.99733, 0.572949 / -2.67815, 2.99759, 0.57369 / -2.67944, 2.99706, 0.572208; 1, 24, 1, 0; 0.074099939551; 2, 1, 2; 2, 1, 0; 1, 1, 1 / 2, 3, 2 / 2, 9, 2 ;
0,9; -3.114400, 0.756785, 1.804215 / -3.114400, 0.756785, 1.804215 / -3.114400, 0.756785, 1.804215; 1, 24, 1, 0; 0.864524097730; 1, 0, 1; 1, 0, 0; 2, 1, 2 ;
0,9; -3.147026, 0.238438, 2.022111 / -3.147026, 0.238438, 2.022111 / -3.147026, 0.238438, 2.022111; 1, 30, 1, 0; 0.704604301339; 1, 0, 1; 0, 1, 0; 1, 1, 2 ;
0,9; -3.155657, 0.247242, 2.030465 / -3.155657, 0.247242, 2.030465 / -3.155657, 0.247242, 2.030465; 1, 30, 1, 0; 0.704624173456; 1, 0, 1; 1, 0, 0; 3, 1, 2 ;
0,9; -3.148705, 0.261025, 2.037176 / -3.148705, 0.261025, 2.037176 / -3.148705, 0.261025, 2.037176; 1, 30, 1, 0; 0.704631294298; 1, 0, 1; 1, 0, 0; 3, 1, 2 ;
0,9; -3.149516, 0.270726, 2.047997 / -3.149516, 0.270726, 2.047997 / -3.149516, 0.270726, 2.047997; 1, 30, 1, 0; 0.704648234304; 1, 0, 1; 1, 0, 0; 2, 1, 2 ;
0,9; -3.312651, -0.204694, 2.340566 / -3.312365, -0.204462, 2.340799 / -3.312938, -0.204925, 2.340334; 1, 36, 1, 0; 0.244061479918; 2, 1, 1; 0, 2, 1; 1, 1, 1 / 4, 6, 2 ;
0,9; -3.296305, -0.206864, 2.338544 / -3.295923, -0.206783, 2.338860 / -3.296686, -0.206945, 2.338228; 1, 36, 1, 0; 0.244043329391; 2, 1, 1; 1, 1, 0; 1, 1, 2 / 2, 5, 0 / 3, 1, 1 / 3, 2, 0 / 4, 6, 0 ;
0,9; -3.286118, 0.059899, 2.230582 / -3.285727, 0.060705, 2.230971 / -3.286509, 0.059093, 2.230192; 1, 36, 1, 0; 0.302247973041; 2, 1, 1; 1, 1, 0; 1, 2, 0 / 2, 8, 0 / 3, 1, 1 / 4, 5, 0 / 4, 6, 0 / 4, 9, 2 ;
0,9; -3.321285, -0.212808, 2.351816 / -3.321285, -0.212808, 2.351816 / -3.321285, -0.212808, 2.351816; 1, 36, 1, 0; 0.244080776930; 0, 1, 0; 0, 1, 0; 4, 1, 1 / 4, 2, 0 ;
0,9; -3.325960, -0.221067, 2.368575 / -3.325960, -0.221067, 2.368575 / -3.325960, -0.221067, 2.368575; 1, 36, 1, 0; 0.244102779130; 1, 0, 1; 0, 1, 0; 4, 1, 2 ;
0,9; -3.325567, -0.219298, 2.363653 / -3.325567, -0.219298, 2.363653 / -3.325567, -0.219298, 2.363653; 1, 36, 1, 0; 0.244103255759; 0, 1, 0; 0, 1, 0; 1, 1, 1 ;
0,9; -3.284595, 0.071678, 2.224938 / -3.284595, 0.071678, 2.224938 / -3.284595, 0.071678, 2.224938; 1, 36, 1, 0; 0.302245396671; 1, 0, 1; 0, 1, 0; 1, 1, 2 ;
0,9; -3.283453, 0.069200, 2.226706 / -3.283453, 0.069200, 2.226706 / -3.283453, 0.069200, 2.226706; 1, 36, 1, 0; 0.302245705835; 1, 0, 1; 0, 1, 0; 4, 1, 2 ;
0,9; -3.283487, 0.067531, 2.229773 / -3.283487, 0.067531, 2.229773 / -3.283487, 0.067531, 2.229773; 1, 36, 1, 0; 0.302245976354; 1, 0, 1; 0, 1, 0; 1, 1, 2 ;
0,9; -3.297778, -0.208957, 2.343257 / -3.297778, -0.208957, 2.343257 / -3.297778, -0.208957, 2.343257; 1, 36, 1, 0; 0.244066954705; 1, 0, 1; 1, 0, 0; 2, 1, 2 ;
0,9; -3.285047, 0.072106, 2.224625 / -3.285047, 0.072106, 2.224625 / -3.285047, 0.072106, 2.224625; 1, 36, 1, 0; 0.302245267852; 0, 1, 0; 1, 0, 0; 2, 1, 1 / 4, 7, 0 / 4, 8, 0 ;
0,9; -3.287106, 0.048817, 2.235632 / -3.287106, 0.048817, 2.235632 / -3.287106, 0.048817, 2.235632; 1, 36, 1, 0; 0.302251464022; 1, 0, 1; 1, 0, 0; 3, 1, 2 ;
0,9; -3.378814, -0.593353, 2.556333 / -3.378814, -0.593353, 2.556333 / -3.378814, -0.593353, 2.556333; 1, 36, 1, 0; 0.481724454647; 1, 0, 1; 1, 0, 0; 2, 1, 2 ;
