1,0; 1.89749, 3.93499, -0.795558 / 1.89749, 3.93499, -0.795558 / 1.89749, 3.93499, -0.795558; 1, 13, 1, 0; 0.170779418300; 1, 0, 1; 0, 1, 0; 4, 1, 2 ;
0,0; 1.136571, 3.616598, 0.166654 / 1.136571, 3.616598, 0.166654 / 1.136571, 3.616598, 0.166654; 1, 17, 1, 0; 0.457077296910; 1, 0, 1; 1, 0, 0; 3, 1, 2 ;
1,1; -3.96514, 1.36949, 1.74701 / -3.96514, 1.36949, 1.74701 / -3.96514, 1.36949, 1.74701; 1, 24, 1, 0; 0.919666235096; 1, 0, 1; 0, 1, 0; 1, 1, 2 ;
0,1; -3.963421, 1.371082, 1.746192 / -3.963421, 1.371082, 1.746192 / -3.963421, 1.371082, 1.746192; 1, 24, 1, 0; 0.919667092325; 1, 0, 1; 0, 1, 0; 1, 1, 2 ;
0,1; -3.178836, 1.773087, 1.724133 / -3.178836, 1.773087, 1.724133 / -3.178836, 1.773087, 1.724133; 1, 24, 1, 0; 0.929460987971; 1, 0, 1; 0, 1, 0; 4, 1, 2 ;
0,1; -3.460333, 1.627205, 1.726097 / -3.460333, 1.627205, 1.726097 / -3.460333, 1.627205, 1.726097; 1, 24, 1, 0; 0.927062765390; 1, 0, 1; 1, 0, 0; 3, 1, 2 ;
0,1; -2.234148, 2.250969, 1.688963 / -2.234148, 2.250969, 1.688963 / -2.234148, 2.250969, 1.688963; 1, 24, 1, 0; 0.977181129443; 1, 0, 1; 1, 0, 0; 2, 1, 2 ;
0,1; -1.014236, 2.873788, 1.646919 / -1.014236, 2.873788, 1.646919 / -1.014236, 2.873788, 1.646919; 1, 29, 1, 0; 0.420163750141; 0, 1, 0; 1, 0, 0; 1, 6, 0 / 3, 1, 1 ;
0,1; 0.137236, 3.457533, 1.609830 / 0.137236, 3.457533, 1.609830 / 0.137236, 3.457533, 1.609830; 1, 31, 1, 0; 0.118240117737; 1, 0, 1; 0, 1, 0; 1, 1, 2 ;
0,1; 0.116878, 3.447212, 1.610876 / 0.116878, 3.447212, 1.610876 / 0.116878, 3.447212, 1.610876; 1, 31, 1, 0; 0.118282198046; 1, 0, 1; 0, 1, 0; 1, 1, 2 ;
0,1; 0.115268, 3.448340, 1.608869 / 0.115268, 3.448340, 1.608869 / 0.115268, 3.448340, 1.608869; 1, 31, 1, 0; 0.118282374299; 0, 1, 0; 0, 1, 0; 1, 1, 1 ;
0,1; 0.114162, 3.447959, 1.607508 / 0.114162, 3.447959, 1.607508 / 0.114162, 3.447959, 1.607508; 1, 31, 1, 0; 0.118282517504; 1, 0, 1; 0, 1, 0; 4, 1, 2 ;
1,2; -0.6024, 2.94764, -2.01118 / -0.6024, 2.94764, -2.01118 / -0.6024, 2.94764, -2.01118; 1, 4, 1, 0; 0.829242914768; 1, 0, 1; 1, 0, 0; 2, 1, 2 ;
0,2; 0.955855, 2.951421, -2.020275 / 0.955855, 2.951421, -2.020275 / 0.955855, 2.951421, -2.020275; 1, 4, 1, 0; 0.837788968274; 0, 1, 0; 1, 0, 0; 3, 1, 1 ;
1,3; -2.08425, -0.206406, -1.72482 / -2.08425, -0.206406, -1.72482 / -2.08425, -0.206406, -1.72482; 1, 6, 1, 0; 0.791364064532; 1, 0, 1; 1, 0, 0; 3, 1, 2 / 3, 8, 0 ;
0,3; -1.811376, 0.086113, -1.333093 / -1.811376, 0.086113, -1.333093 / -1.811376, 0.086113, -1.333093; 1, 10, 1, 0; 0.051284230651; 1, 0, 1; 1, 0, 0; 3, 1, 2 ;
0,3; 0.044473, 1.636569, 0.514120 / 0.044473, 1.636569, 0.514120 / 0.044473, 1.636569, 0.514120; 1, 17, 1, 0; 0.968522132856; 0, 1, 0; 0, 1, 0; 1, 1, 1 ;
0,3; 0.058245, 1.617496, 0.482473 / 0.058245, 1.617496, 0.482473 / 0.058245, 1.617496, 0.482473; 1, 17, 1, 0; 0.968493342149; 1, 0, 1; 1, 0, 0; 2, 1, 2 ;
0,3; 0.060517, 1.618785, 0.487967 / 0.060517, 1.618785, 0.487967 / 0.060517, 1.618785, 0.487967; 1, 17, 1, 0; 0.968506196139; 0, 1, 0; 1, 0, 0; 1, 5, 0 / 2, 1, 1 ;
1,4; -0.989089, 2.86357, -3.26997 / -0.989089, 2.86357, -3.26997 / -0.989089, 2.86357, -3.26997; 1, 2, 1, 0; 0.170671971560; 1, 0, 1; 1, 0, 0; 2, 1, 2 ;
0,4; -0.514187, 2.020772, -1.289081 / -0.514187, 2.020772, -1.289081 / -0.514187, 2.020772, -1.289081; 1, 7, 1, 0; 0.420001401132; 1, 0, 1; 1, 0, 0; 3, 1, 2 ;
0,4; -0.115089, 1.300953, 0.372200 / -0.115089, 1.300953, 0.372200 / -0.115089, 1.300953, 0.372200; 1, 17, 1, 0; 0.891377859891; 1, 0, 1; 1, 0, 0; 3, 1, 2 ;
0,4; 0.062121, 0.998083, 1.092826 / 0.062121, 0.998083, 1.092826 / 0.062121, 0.998083, 1.092826; 1, 25, 1, 0; 0.750366936694; 1, 0, 1; 1, 0, 0; 3, 1, 2 ;
0,4; 0.201229, 0.741766, 1.676457 / 0.201229, 0.741766, 1.676457 / 0.201229, 0.741766, 1.676457; 1, 27, 1, 0; 0.510970963726; 0, 1, 0; 0, 1, 0; 1, 1, 1 ;
0,4; 0.703383, -0.140067, 3.744250 / 0.703383, -0.140067, 3.744250 / 0.703383, -0.140067, 3.744250; 1, 46, 1, 0; 0.179780182346; 1, 0, 1; 1, 0, 0; 3, 1, 2 / 3, 2, 0 ;
0,4; 0.793113, -0.314902, 4.154804 / 0.793113, -0.314902, 4.154804 / 0.793113, -0.314902, 4.154804; 1, 46, 1, 0; 0.721066704334; 1, 0, 1; 1, 0, 0; 2, 1, 2 ;
1,5; -1.47889, 0.636468, -4.29855 / -1.47889, 0.636468, -4.29855 / -1.47889, 0.636468, -4.29855; 1, 1, 1, 0; 0.126189269814; 1, 0, 1; 1, 0, 0; 3, 1, 2 ;
0,5; -1.648135, 0.434299, -3.258702 / -1.648135, 0.434299, -3.258702 / -1.648135, 0.434299, -3.258702; 1, 2, 1, 0; 0.355374957678; 1, 0, 1; 1, 0, 0; 2, 1, 2 ;
0,5; -2.078348, -0.076601, -0.559889 / -2.078348, -0.076601, -0.559889 / -2.078348, -0.076601, -0.559889; 1, 10, 1, 0; 0.645555357305; 0, 1, 0; 1, 0, 0; 2, 1, 1 ;
0,5; -2.086024, -0.094298, -0.373346 / -2.086024, -0.094298, -0.373346 / -2.086024, -0.094298, -0.373346; 1, 10, 1, 0; 0.645962772883; 1, 0, 1; 1, 0, 0; 3, 1, 2 ;
0,5; -2.618549, -0.738688, 2.877174 / -2.618549, -0.738688, 2.877174 / -2.618549, -0.738688, 2.877174; 1, 36, 1, 0; 0.825223860794; 1, 0, 1; 1, 0, 0; 3, 1, 2 ;
0,5; -2.736323, -0.865117, 3.561472 / -2.736323, -0.865117, 3.561472 / -2.736323, -0.865117, 3.561472; 1, 44, 1, 0; 0.271813279767; 1, 0, 1; 1, 0, 0; 2, 1, 2 ;
0,5; -2.730122, -0.864230, 3.560359 / -2.730122, -0.864230, 3.560359 / -2.730122, -0.864230, 3.560359; 1, 44, 1, 0; 0.271816429542; 1, 0, 1; 1, 0, 0; 2, 1, 2 ;
1,6; 3.33058, 2.76089, 0.446043 / 3.33137, 2.76193, 0.446585 / 3.32979, 2.75986, 0.445502; 1, 20, 1, 0; 0.512079938274; 2, 1, 1; 1, 1, 0; 2, 1, 1 / 4, 10, 2 ;
0,6; 1.594796, 0.743608, 1.451642 / 1.594796, 0.743608, 1.451642 / 1.594796, 0.743608, 1.451642; 1, 26, 1, 0; 0.852264206421; 0, 1, 0; 0, 1, 0; 1, 1, 1 ;
0,6; 1.612237, 0.759508, 1.448651 / 1.612237, 0.759508, 1.448651 / 1.612237, 0.759508, 1.448651; 1, 26, 1, 0; 0.852285688569; 1, 0, 1; 1, 0, 0; 2, 1, 2 ;
0,6; 1.372209, 0.480759, 1.580373 / 1.372209, 0.480759, 1.580373 / 1.372209, 0.480759, 1.580373; 1, 27, 1, 0; 0.543128149310; 1, 0, 1; 0, 1, 0; 4, 1, 2 ;
0,6; -0.004181, -1.113213, 2.378171 / -0.004094, -1.112486, 2.378544 / -0.004268, -1.113940, 2.377797; 1, 33, 1, 0; 0.374432632606; 1, 0, 2; 1, 1, 0; 3, 7, 2 / 4, 1, 2 ;
0,6; 0.179997, -0.900455, 2.271053 / 0.179997, -0.900455, 2.271053 / 0.179997, -0.900455, 2.271053; 1, 34, 1, 0; 0.107063766467; 0, 1, 0; 0, 1, 0; 4, 1, 1 ;
1,7; 1.19679, 3.95825, -1.99439 / 1.19679, 3.95825, -1.99439 / 1.19679, 3.95825, -1.99439; 1, 4, 1, 0; 0.889774054329; 1, 0, 1; 1, 0, 0; 3, 1, 2 ;
0,7; 3.781254, 1.011398, -0.699590 / 3.781254, 1.011398, -0.699590 / 3.781254, 1.011398, -0.699590; 1, 12, 1, 0; 0.357665909101; 1, 0, 1; 0, 1, 0; 4, 1, 2 ;
0,7; 3.780195, 1.009932, -0.699221 / 3.780195, 1.009932, -0.699221 / 3.780195, 1.009932, -0.699221; 1, 12, 1, 0; 0.357665989206; 1, 0, 1; 0, 1, 0; 1, 1, 2 ;
0,7; 3.767178, 1.032051, -0.700119 / 3.767178, 1.032051, -0.700119 / 3.767178, 1.032051, -0.700119; 1, 12, 1, 0; 0.357677615889; 0, 1, 0; 1, 0, 0; 2, 1, 1 / 2, 2, 0 / 2, 3, 0 ;
0,7; 1.768986, 3.357740, -1.766070 / 1.768986, 3.357740, -1.766070 / 1.768986, 3.357740, -1.766070; 1, 13, 1, 0; 0.022295569729; 1, 0, 1; 1, 0, 0; 2, 1, 2 ;
1,8; -1.57217, 2.76378, -1.07534 / -1.57217, 2.76378, -1.07534 / -1.57217, 2.76378, -1.07534; 1, 7, 1, 0; 0.678886596283; 1, 0, 1; 0, 1, 0; 1, 1, 2 ;
0,8; -0.468188, 1.935746, -0.531216 / -0.468188, 1.935746, -0.531216 / -0.468188, 1.935746, -0.531216; 1, 13, 1, 0; 0.474428024861; 1, 0, 1; 1, 0, 0; 2, 1, 2 ;
0,8; 0.033010, 1.342709, 0.488326 / 0.033010, 1.342709, 0.488326 / 0.033010, 1.342709, 0.488326; 1, 17, 1, 0; 0.887955308844; 1, 0, 1; 1, 0, 0; 3, 1, 2 ;
0,8; -0.166568, 1.008804, 1.329600 / -0.165878, 1.009687, 1.330109 / -0.167257, 1.007921, 1.329090; 1, 26, 1, 0; 0.784384561313; 0, 5, 0; 3, 2, 1; 1, 9, 0 / 1, 10, 1 / 2, 1, 1 / 2, 10, 1 / 3, 3, 0 / 3, 8, 1 / 4, 8, 1 ;
0,8; -0.174260, 1.014372, 1.325734 / -0.174260, 1.014372, 1.325734 / -0.174260, 1.014372, 1.325734; 1, 26, 1, 0; 0.784401131542; 1, 0, 1; 0, 1, 0; 4, 1, 2 ;
0,8; -0.166066, 1.007507, 1.332726 / -0.166066, 1.007507, 1.332726 / -0.166066, 1.007507, 1.332726; 1, 26, 1, 0; 0.784383609790; 1, 0, 1; 1, 0, 0; 2, 1, 2 / 2, 3, 0 ;
0,8; -0.167271, 1.010138, 1.329842 / -0.166936, 1.010589, 1.330109 / -0.167607, 1.009687, 1.329574; 1, 26, 1, 0; 0.784384535596; 0, 1, 0; 2, 0, 0; 2, 4, 1 / 3, 1, 1 / 3, 6, 0 ;
0,8; -0.161836, 1.005220, 1.328528 / -0.161836, 1.005220, 1.328528 / -0.161836, 1.005220, 1.328528; 1, 26, 1, 0; 0.784384844199; 1, 0, 1; 1, 0, 0; 2, 1, 2 ;
0,8; -0.170267, 1.012224, 1.330903 / -0.170267, 1.012224, 1.330903 / -0.170267, 1.012224, 1.330903; 1, 26, 1, 0; 0.784399528524; 1, 0, 1; 1, 0, 0; 3, 1, 2 ;
0,8; -0.830464, -0.198793, 3.915415 / -0.830464, -0.198793, 3.915415 / -0.830464, -0.198793, 3.915415; 1, 46, 1, 0; 0.168022197279; 1, 0, 1; 0, 1, 0; 1, 1, 2 ;
1,9; 0.118763, -0.077731, -3.72701 / 0.118763, -0.077731, -3.72701 / 0.118763, -0.077731, -3.72701; 1, 1, 1, 0; 0.466242963462; 0, 1, 0; 0, 1, 0; 4, 1, 1 ;
0,9; 0.129832, -0.061808, -3.743412 / 0.129832, -0.061808, -3.743412 / 0.129832, -0.061808, -3.743412; 1, 1, 1, 0; 0.466251953935; 1, 0, 1; 1, 0, 0; 2, 1, 2 ;
