1,0; 2.90986, -1.57152, 0.820201 / 2.91044, -1.5709, 0.821056 / 2.90928, -1.57215, 0.819346; 1, 19, 1, 0; 0.861680058891; 2, 1, 1; 0, 2, 0; 1, 8, 0 / 4, 1, 2 / 4, 8, 1 ;
0,0; 4.447241, -0.805989, 0.186401 / 4.447241, -0.805989, 0.186401 / 4.447241, -0.805989, 0.186401; 1, 19, 1, 0; 0.208074260318; 1, 0, 1; 1, 0, 0; 2, 1, 2 ;
0,0; 2.909129, -1.568283, 0.820511 / 2.909129, -1.568283, 0.820511 / 2.909129, -1.568283, 0.820511; 1, 19, 1, 0; 0.861680962794; 0, 1, 0; 1, 0, 0; 2, 1, 1 ;
0,0; 2.899689, -1.571299, 0.823232 / 2.899689, -1.571299, 0.823232 / 2.899689, -1.571299, 0.823232; 1, 19, 1, 0; 0.861681295430; 1, 0, 1; 1, 0, 0; 3, 1, 2 / 3, 2, 0 ;
0,0; -0.790475, -3.407640, 2.354699 / -0.790475, -3.407640, 2.354699 / -0.790475, -3.407640, 2.354699; 1, 32, 1, 0; 0.737875814618; 0, 0, 0; 0, 1, 0; 1, 1, 3 ;
1,1; 0.523937, -0.574343, -3.91706 / 0.523937, -0.574343, -3.91706 / 0.523937, -0.574343, -3.91706; 1, 1, 1, 0; 0.445060469134; 1, 0, 1; 1, 0, 0; 2, 1, 2 ;
0,1; 1.411293, -0.888129, -2.113156 / 1.411293, -0.888129, -2.113156 / 1.411293, -0.888129, -2.113156; 1, 4, 1, 0; 0.518447611794; 1, 0, 1; 0, 1, 0; 4, 1, 2 / 4, 3, 0 ;
0,1; 1.763592, -1.012021, -1.406174 / 1.764198, -1.011876, -1.405390 / 1.762986, -1.012167, -1.406958; 1, 8, 1, 0; 0.742917611408; 2, 1, 2; 2, 1, 0; 1, 10, 0 / 3, 1, 2 / 3, 5, 2 / 4, 6, 1 ;
0,1; 1.759188, -1.010528, -1.419319 / 1.759188, -1.010528, -1.419319 / 1.759188, -1.010528, -1.419319; 1, 8, 1, 0; 0.742907767690; 1, 0, 1; 0, 1, 0; 4, 1, 2 ;
0,1; 1.764737, -1.013005, -1.402906 / 1.764876, -1.012597, -1.402543 / 1.764598, -1.013413, -1.403269; 1, 8, 1, 0; 0.742917698339; 2, 1, 1; 2, 0, 0; 2, 1, 1 / 3, 4, 2 / 4, 10, 0 ;
0,1; 1.873225, -1.050820, -1.183833 / 1.873225, -1.050820, -1.183833 / 1.873225, -1.050820, -1.183833; 1, 11, 1, 0; 0.585133437928; 0, 1, 0; 0, 1, 0; 4, 1, 1 ;
0,1; 2.686452, -1.336808, 0.462599 / 2.686452, -1.336808, 0.462599 / 2.686452, -1.336808, 0.462599; 1, 19, 1, 0; 0.440146012848; 1, 0, 1; 0, 1, 0; 1, 1, 2 ;
0,1; 2.690724, -1.338038, 0.458624 / 2.690724, -1.338038, 0.458624 / 2.690724, -1.338038, 0.458624; 1, 19, 1, 0; 0.440144682303; 1, 0, 1; 1, 0, 0; 3, 1, 2 ;
0,1; 2.697323, -1.342459, 0.479309 / 2.697323, -1.342459, 0.479309 / 2.697323, -1.342459, 0.479309; 1, 19, 1, 0; 0.440169369698; 1, 0, 1; 1, 0, 0; 2, 1, 2 ;
0,1; 2.694434, -1.339928, 0.480730 / 2.694434, -1.339928, 0.480730 / 2.694434, -1.339928, 0.480730; 1, 19, 1, 0; 0.440169630022; 1, 0, 1; 1, 0, 0; 3, 1, 2 ;
0,1; 3.269440, -1.543455, 1.644129 / 3.269440, -1.543455, 1.644129 / 3.269440, -1.543455, 1.644129; 1, 27, 1, 0; 0.942316953236; 0, 1, 0; 0, 1, 0; 4, 1, 1 ;
1,2; 0.249455, -0.180393, -3.57399 / 0.250263, -0.179971, -3.57353 / 0.248647, -0.180815, -3.57445; 1, 1, 1, 0; 0.759715924013; 0, 3, 0; 1, 2, 0; 2, 8, 1 / 3, 5, 0 / 4, 1, 1 / 4, 2, 1 ;
0,2; 0.251559, -0.182431, -3.575023 / 0.251999, -0.182091, -3.574625 / 0.251119, -0.182771, -3.575421; 1, 1, 1, 0; 0.759716370966; 1, 0, 2; 1, 1, 0; 2, 1, 2 / 4, 6, 2 ;
0,2; 0.380926, -0.089598, -3.544052 / 0.381489, -0.089272, -3.543971 / 0.380364, -0.089924, -3.544134; 1, 1, 1, 0; 0.760776859086; 2, 1, 1; 1, 1, 0; 2, 1, 0 / 2, 2, 2 / 2, 5, 0 / 4, 1, 1 ;
0,2; 0.095126, -0.805891, -4.069901 / 0.095126, -0.805891, -4.069901 / 0.095126, -0.805891, -4.069901; 1, 1, 1, 0; 0.240953994728; 1, 0, 1; 0, 1, 0; 4, 1, 2 ;
0,2; 0.258569, -0.182179, -3.571899 / 0.259386, -0.181926, -3.571147 / 0.257751, -0.182432, -3.572650; 1, 1, 1, 0; 0.759708895386; 1, 0, 2; 2, 0, 0; 2, 5, 0 / 2, 9, 0 / 2, 10, 2 / 3, 1, 2 ;
0,2; 0.380358, -0.092333, -3.544695 / 0.380358, -0.092333, -3.544695 / 0.380358, -0.092333, -3.544695; 1, 1, 1, 0; 0.760776938192; 1, 0, 1; 1, 0, 0; 2, 1, 2 ;
0,2; 0.612560, 1.053745, -0.726339 / 0.612560, 1.053745, -0.726339 / 0.612560, 1.053745, -0.726339; 1, 13, 1, 0; 0.320531376524; 1, 0, 1; 1, 0, 0; 2, 1, 2 ;
0,2; 0.850468, 1.904451, 0.803729 / 0.850468, 1.904451, 0.803729 / 0.850468, 1.904451, 0.803729; 1, 25, 1, 0; 0.611944468733; 1, 0, 1; 1, 0, 0; 3, 1, 2 ;
0,2; 0.848056, 1.901047, 0.802698 / 0.848056, 1.901047, 0.802698 / 0.848056, 1.901047, 0.802698; 1, 25, 1, 0; 0.611945600274; 1, 0, 1; 1, 0, 0; 3, 1, 2 ;
0,2; 0.984248, 2.366838, 1.628885 / 0.984278, 2.367060, 1.628997 / 0.984218, 2.366617, 1.628773; 1, 31, 1, 0; 0.151376191357; 0, 1, 0; 1, 1, 0; 2, 4, 0 / 3, 1, 3 / 4, 1, 1 ;
0,2; 0.945859, 2.234148, 1.398728 / 0.945859, 2.234148, 1.398728 / 0.945859, 2.234148, 1.398728; 1, 31, 1, 0; 0.005210665926; 0, 1, 0; 0, 1, 0; 4, 1, 1 ;
0,2; 1.021486, 2.501347, 1.873064 / 1.021486, 2.501347, 1.873064 / 1.021486, 2.501347, 1.873064; 1, 31, 1, 0; 0.215883378057; 0, 1, 0; 1, 0, 0; 3, 1, 1 ;
1,3; 0.0436692, 1.92393, -0.836038 / 0.0443452, 1.92443, -0.835098 / 0.0429932, 1.92344, -0.836978; 1, 7, 1, 0; 0.916105641243; 1, 0, 2; 0, 2, 1; 1, 10, 2 / 4, 1, 2 ;
0,3; -0.215364, 2.435072, -1.094748 / -0.215364, 2.435072, -1.094748 / -0.215364, 2.435072, -1.094748; 1, 7, 1, 0; 0.639000808975; 0, 1, 0; 1, 0, 0; 3, 1, 1 ;
0,3; 0.432960, 1.046835, -0.422776 / 0.433022, 1.047333, -0.422604 / 0.432898, 1.046336, -0.422948; 1, 13, 1, 0; 0.406882849978; 2, 1, 1; 1, 1, 0; 1, 1, 1 / 3, 7, 2 ;
0,3; 0.438959, 1.048353, -0.439694 / 0.438959, 1.048353, -0.439694 / 0.438959, 1.048353, -0.439694; 1, 13, 1, 0; 0.406860199448; 0, 0, 0; 0, 1, 0; 4, 1, 3 ;
0,3; 0.433985, 1.044453, -0.422643 / 0.433985, 1.044453, -0.422643 / 0.433985, 1.044453, -0.422643; 1, 13, 1, 0; 0.406882757653; 0, 1, 0; 0, 1, 0; 4, 1, 1 ;
0,3; 0.436982, 1.042242, -0.421480 / 0.437164, 1.042613, -0.421342 / 0.436799, 1.041871, -0.421617; 1, 13, 1, 0; 0.406882597622; 1, 0, 2; 2, 0, 0; 2, 1, 2 / 3, 3, 2 ;
0,3; 0.448173, 1.052957, -0.438036 / 0.448173, 1.052957, -0.438036 / 0.448173, 1.052957, -0.438036; 1, 13, 1, 0; 0.406869130404; 1, 0, 1; 1, 0, 0; 2, 1, 2 ;
0,3; 0.428232, 1.053831, -0.425442 / 0.428232, 1.053831, -0.425442 / 0.428232, 1.053831, -0.425442; 1, 13, 1, 0; 0.406873131177; 1, 0, 1; 1, 0, 0; 2, 1, 2 ;
0,3; 0.435959, 1.043991, -0.421981 / 0.435959, 1.043991, -0.421981 / 0.435959, 1.043991, -0.421981; 1, 13, 1, 0; 0.406882689947; 0, 1, 0; 1, 0, 0; 1, 6, 0 / 2, 1, 1 / 2, 6, 0 / 2, 8, 0 ;
0,3; 2.359452, -2.807059, 1.380075 / 2.359452, -2.807059, 1.380075 / 2.359452, -2.807059, 1.380075; 1, 22, 1, 0; 0.527625122962; 1, 0, 1; 0, 1, 0; 4, 1, 2 ;
0,3; 2.555570, -3.206116, 1.568647 / 2.555570, -3.206116, 1.568647 / 2.555570, -3.206116, 1.568647; 1, 22, 1, 0; 0.774879264381; 0, 1, 0; 1, 0, 0; 3, 1, 1 ;
0,3; 2.609205, -3.314826, 1.623768 / 2.609205, -3.314826, 1.623768 / 2.609205, -3.314826, 1.623768; 1, 22, 1, 0; 0.776885168014; 1, 0, 1; 1, 0, 0; 3, 1, 2 ;
1,4; 2.11105, -2.08704, -2.32201 / 2.11167, -2.08631, -2.32131 / 2.11042, -2.08778, -2.3227; 1, 3, 1, 0; 0.908930423079; 2, 2, 1; 3, 1, 0; 1, 3, 0 / 2, 2, 1 / 2, 5, 1 / 3, 1, 2 / 4, 3, 3 / 4, 4, 0 ;
0,4; 2.008384, -2.211469, -2.367515 / 2.008384, -2.211469, -2.367515 / 2.008384, -2.211469, -2.367515; 1, 3, 1, 0; 0.924036380195; 1, 0, 1; 0, 1, 0; 1, 1, 2 ;
0,4; 2.104287, -2.077712, -2.321327 / 2.104287, -2.077712, -2.321327 / 2.104287, -2.077712, -2.321327; 1, 3, 1, 0; 0.908931490951; 1, 0, 1; 1, 0, 0; 2, 1, 2 ;
0,4; 2.113278, -2.083158, -2.317751 / 2.113278, -2.083158, -2.317751 / 2.113278, -2.083158, -2.317751; 1, 3, 1, 0; 0.908937342086; 1, 0, 1; 1, 0, 0; 2, 8, 0 / 3, 1, 2 ;
0,4; 2.109395, -2.084589, -2.317576 / 2.109395, -2.084589, -2.317576 / 2.109395, -2.084589, -2.317576; 1, 3, 1, 0; 0.908937841770; 1, 0, 1; 1, 0, 0; 2, 1, 2 ;
0,4; 2.174160, -2.043796, -2.300533 / 2.174160, -2.043796, -2.300533 / 2.174160, -2.043796, -2.300533; 1, 3, 1, 0; 0.909626010953; 1, 0, 1; 1, 0, 0; 2, 1, 2 ;
0,4; 2.817390, -1.375012, -2.029775 / 2.817390, -1.375012, -2.029775 / 2.817390, -1.375012, -2.029775; 1, 8, 1, 0; 0.086988988332; 0, 1, 0; 0, 1, 0; 1, 1, 1 ;
0,4; 2.818715, -1.375793, -2.017596 / 2.818715, -1.375793, -2.017596 / 2.818715, -1.375793, -2.017596; 1, 8, 1, 0; 0.086998172392; 1, 0, 1; 1, 0, 0; 3, 1, 2 ;
0,4; 2.879898, -1.303134, -1.999403 / 2.879898, -1.303134, -1.999403 / 2.879898, -1.303134, -1.999403; 1, 8, 1, 0; 0.088038221238; 1, 0, 1; 1, 0, 0; 2, 1, 2 ;
1,5; 4.09248, 0.704518, 0.211192 / 4.09253, 0.704982, 0.211564 / 4.09244, 0.704054, 0.210819; 1, 19, 1, 0; 0.139133670598; 0, 1, 0; 1, 1, 0; 3, 4, 3 / 4, 1, 1 ;
0,5; 3.490961, 0.698873, 0.506536 / 3.490961, 0.698873, 0.506536 / 3.490961, 0.698873, 0.506536; 1, 19, 1, 0; 0.695307406508; 1, 0, 1; 0, 1, 0; 4, 1, 2 ;
0,5; 4.094342, 0.701725, 0.209962 / 4.094342, 0.701725, 0.209962 / 4.094342, 0.701725, 0.209962; 1, 19, 1, 0; 0.139133779066; 1, 0, 1; 1, 0, 0; 3, 1, 2 ;
0,5; 3.003522, 0.691579, 0.738836 / 3.003522, 0.691579, 0.738836 / 3.003522, 0.691579, 0.738836; 1, 20, 1, 0; 0.847430789968; 1, 0, 1; 1, 0, 0; 3, 1, 2 ;
0,5; 0.387163, -0.061594, 1.735180 / 0.387163, -0.061594, 1.735180 / 0.387163, -0.061594, 1.735180; 1, 27, 1, 0; 0.658574918597; 0, 1, 0; 1, 0, 0; 3, 1, 1 ;
0,5; 0.433518, -0.082844, 1.833959 / 0.433518, -0.082844, 1.833959 / 0.433518, -0.082844, 1.833959; 1, 27, 1, 0; 0.659693043523; 0, 1, 0; 1, 0, 0; 2, 1, 1 ;
0,5; 0.136173, 0.211075, 1.897018 / 0.136173, 0.211075, 1.897018 / 0.136173, 0.211075, 1.897018; 1, 30, 1, 0; 0.749785663631; 0, 1, 0; 0, 1, 0; 4, 1, 1 ;
0,5; 0.467506, 0.664896, 1.924837 / 0.467506, 0.664896, 1.924837 / 0.467506, 0.664896, 1.924837; 1, 30, 1, 0; 0.885517805027; 1, 0, 1; 0, 1, 0; 4, 1, 2 ;
0,5; 0.131398, 0.207495, 1.898038 / 0.131938, 0.207694, 1.898213 / 0.130858, 0.207295, 1.897864; 1, 30, 1, 0; 0.749784163481; 2, 1, 1; 2, 0, 0; 2, 1, 2 / 3, 5, 1 / 4, 3, 0 ;
0,5; 0.474748, 0.663863, 1.924579 / 0.474748, 0.663863, 1.924579 / 0.474748, 0.663863, 1.924579; 1, 30, 1, 0; 0.885518204418; 1, 0, 1; 1, 0, 0; 3, 1, 2 / 4, 10, 0 ;
0,5; 0.705824, 0.493892, 2.425773 / 0.705824, 0.493892, 2.425773 / 0.705824, 0.493892, 2.425773; 1, 31, 1, 0; 0.867431790242; 1, 0, 1; 0, 1, 0; 4, 1, 2 ;
0,5; 0.712206, 0.510890, 2.404545 / 0.712206, 0.510890, 2.404545 / 0.712206, 0.510890, 2.404545; 1, 31, 1, 0; 0.867459252601; 1, 0, 1; 1, 0, 0; 2, 1, 2 ;
0,5; 0.792957, 0.408940, 2.274986 / 0.792957, 0.408940, 2.274986 / 0.792957, 0.408940, 2.274986; 1, 31, 1, 0; 0.867738029143; 1, 0, 1; 1, 0, 0; 2, 1, 2 ;
0,5; 0.780379, 0.450801, 2.298659 / 0.780379, 0.450801, 2.298659 / 0.780379, 0.450801, 2.298659; 1, 31, 1, 0; 0.868314154847; 1, 0, 1; 1, 0, 0; 3, 1, 2 ;
0,5; -0.922520, 0.649562, 2.578462 / -0.922520, 0.649562, 2.578462 / -0.922520, 0.649562, 2.578462; 1, 38, 1, 0; 0.923136890220; 0, 0, 0; 0, 1, 0; 4, 1, 3 ;
0,5; -1.443174, 0.643731, 2.818803 / -1.443174, 0.643731, 2.818803 / -1.443174, 0.643731, 2.818803; 1, 39, 1, 0; 0.314639902562; 1, 0, 1; 1, 0, 0; 2, 1, 2 ;
1,6; 1.78799, 2.7194, 2.65507 / 1.78799, 2.7194, 2.65507 / 1.78799, 2.7194, 2.65507; 1, 38, 1, 0; 0.477397255032; 1, 0, 1; 1, 0, 0; 3, 1, 2 / 4, 10, 0 ;
0,6; 0.253565, 2.894930, 3.311097 / 0.253565, 2.894930, 3.311097 / 0.253565, 2.894930, 3.311097; 1, 43, 1, 0; 0.283593377945; 1, 0, 1; 1, 0, 0; 1, 4, 0 / 3, 1, 2 ;
1,7; -2.74181, 1.94395, -2.86784 / -2.74181, 1.94395, -2.86784 / -2.74181, 1.94395, -2.86784; 1, 2, 1, 0; 0.738858146721; 1, 0, 1; 1, 0, 0; 2, 1, 2 / 2, 8, 0 ;
0,7; -2.741616, 1.941563, -2.868998 / -2.741616, 1.941563, -2.868998 / -2.741616, 1.941563, -2.868998; 1, 2, 1, 0; 0.738858186274; 1, 0, 1; 1, 0, 0; 1, 3, 0 / 2, 1, 2 ;
0,7; -2.288269, 2.411701, -1.127853 / -2.288269, 2.411701, -1.127853 / -2.288269, 2.411701, -1.127853; 1, 7, 1, 0; 0.654119925628; 0, 1, 0; 0, 1, 0; 4, 1, 1 ;
0,7; -1.742819, 2.973043, 0.961384 / -1.742819, 2.973043, 0.961384 / -1.742819, 2.973043, 0.961384; 1, 25, 1, 0; 0.967449359222; 1, 0, 1; 0, 1, 0; 1, 1, 2 ;
0,7; -1.761287, 2.951291, 0.884470 / -1.761287, 2.951291, 0.884470 / -1.761287, 2.951291, 0.884470; 1, 25, 1, 0; 0.514986747246; 1, 0, 1; 1, 0, 0; 3, 1, 2 ;
1,8; -0.829702, 4.4298, 0.815044 / -0.829702, 4.4298, 0.815044 / -0.829702, 4.4298, 0.815044; 1, 25, 1, 0; 0.347884677039; 1, 0, 1; 0, 1, 0; 1, 1, 2 ;
0,8; -1.156309, 4.267232, 0.507649 / -1.156309, 4.267232, 0.507649 / -1.156309, 4.267232, 0.507649; 1, 25, 1, 0; 0.293087814496; 1, 0, 1; 1, 0, 0; 2, 1, 2 ;
0,8; -0.826984, 4.428006, 0.810852 / -0.826984, 4.428006, 0.810852 / -0.826984, 4.428006, 0.810852; 1, 25, 1, 0; 0.347885568557; 1, 0, 1; 1, 0, 0; 1, 5, 0 / 3, 1, 2 / 3, 4, 0 / 4, 4, 0 ;
1,9; 1.15947, 0.677184, -2.60293 / 1.15959, 0.677219, -2.60286 / 1.15934, 0.677149, -2.603; 1, 2, 1, 0; 0.831014092061; 2, 1, 1; 1, 1, 0; 1, 1, 0 / 1, 2, 2 / 2, 1, 1 ;
0,9; -0.081777, 2.292227, -3.884083 / -0.081777, 2.292227, -3.884083 / -0.081777, 2.292227, -3.884083; 1, 2, 1, 0; 0.023153369627; 1, 0, 1; 0, 1, 0; 4, 1, 2 ;
0,9; 1.359161, 2.100568, -3.113712 / 1.359161, 2.100568, -3.113712 / 1.359161, 2.100568, -3.113712; 1, 2, 1, 0; 0.238062776676; 1, 0, 1; 0, 1, 0; 4, 1, 2 ;
0,9; 1.188939, 2.121421, -3.200602 / 1.188939, 2.121421, -3.200602 / 1.188939, 2.121421, -3.200602; 1, 2, 1, 0; 0.235787775805; 1, 0, 1; 1, 0, 0; 2, 1, 2 ;
0,9; 1.360676, 2.096757, -3.109753 / 1.360676, 2.096757, -3.109753 / 1.360676, 2.096757, -3.109753; 1, 2, 1, 0; 0.238062044939; 0, 1, 0; 1, 0, 0; 3, 1, 1 ;
0,9; 1.376029, 2.112714, -3.114888 / 1.376029, 2.112714, -3.114888 / 1.376029, 2.112714, -3.114888; 1, 2, 1, 0; 0.238072637321; 1, 0, 1; 1, 0, 0; 3, 1, 2 ;
0,9; 0.279854, -0.321832, -2.275130 / 0.280055, -0.321624, -2.275066 / 0.279652, -0.322041, -2.275193; 1, 3, 1, 0; 0.801675294269; 0, 2, 0; 1, 1, 0; 1, 1, 1 / 2, 1, 1 ;
0,9; 0.278182, -0.321438, -2.278909 / 0.278182, -0.321438, -2.278909 / 0.278182, -0.321438, -2.278909; 1, 3, 1, 0; 0.801667859460; 0, 1, 0; 0, 1, 0; 1, 1, 1 ;
0,9; 1.559258, 1.119226, -2.980707 / 1.559258, 1.119226, -2.980707 / 1.559258, 1.119226, -2.980707; 1, 3, 1, 0; 0.242899160612; 1, 0, 1; 1, 0, 0; 3, 1, 2 ;
0,9; 0.615051, 0.296373, -2.264617 / 0.615051, 0.296373, -2.264617 / 0.615051, 0.296373, -2.264617; 1, 3, 1, 0; 0.752105380868; 1, 0, 1; 1, 0, 0; 3, 1, 2 ;
0,9; 0.289537, -0.312085, -2.291008 / 0.289537, -0.312085, -2.291008 / 0.289537, -0.312085, -2.291008; 1, 3, 1, 0; 0.801661863256; 1, 0, 1; 1, 0, 0; 3, 1, 2 ;
0,9; 0.277212, -0.320396, -2.275523 / 0.277212, -0.320396, -2.275523 / 0.277212, -0.320396, -2.275523; 1, 3, 1, 0; 0.801675249943; 1, 0, 1; 1, 0, 0; 3, 1, 2 ;
0,9; 0.226833, -0.103813, -2.084341 / 0.226948, -0.103777, -2.084253 / 0.226718, -0.103848, -2.084428; 1, 4, 1, 0; 0.566607772499; 0, 2, 0; 1, 1, 0; 1, 1, 1 / 2, 1, 1 ;
0,9; 2.833732, 1.905668, -2.320598 / 2.833732, 1.905668, -2.320598 / 2.833732, 1.905668, -2.320598; 1, 4, 1, 0; 0.347597883598; 0, 1, 0; 0, 1, 0; 1, 1, 1 ;
0,9; 0.230251, -0.083672, -2.079214 / 0.230251, -0.083672, -2.079214 / 0.230251, -0.083672, -2.079214; 1, 4, 1, 0; 0.566605882566; 1, 0, 1; 0, 1, 0; 1, 1, 2 ;
0,9; 3.499457, 1.814730, -1.967335 / 3.499457, 1.814730, -1.967335 / 3.499457, 1.814730, -1.967335; 1, 4, 1, 0; 0.753156449345; 1, 0, 1; 0, 1, 0; 4, 1, 2 ;
