1,0; 2.64959, -2.73212, -2.12418 / 2.64959, -2.73212, -2.12418 / 2.64959, -2.73212, -2.12418; 1, 8, 1, 0; 0.028834278842; 1, 0, 1; 0, 1, 0; 1, 1, 2 ;
0,0; 2.607788, -2.458963, -2.136432 / 2.607788, -2.458963, -2.136432 / 2.607788, -2.458963, -2.136432; 1, 8, 1, 0; 0.043782217081; 1, 0, 1; 0, 1, 0; 1, 1, 2 / 4, 3, 0 ;
0,0; 2.608796, -2.444633, -2.139503 / 2.608796, -2.444633, -2.139503 / 2.608796, -2.444633, -2.139503; 1, 8, 1, 0; 0.043789478421; 1, 0, 1; 0, 1, 0; 4, 1, 2 / 4, 3, 0 ;
0,0; 2.604639, -2.457663, -2.136846 / 2.604983, -2.457289, -2.136751 / 2.604295, -2.458038, -2.136941; 1, 8, 1, 0; 0.043791165915; 2, 1, 1; 2, 0, 0; 2, 1, 1 / 2, 4, 2 ;
0,0; 2.600543, -2.749385, -2.143851 / 2.600543, -2.749385, -2.143851 / 2.600543, -2.749385, -2.143851; 1, 8, 1, 0; 0.028604687553; 1, 0, 1; 1, 0, 0; 3, 1, 2 ;
0,0; 2.657918, -2.736229, -2.111155 / 2.657918, -2.736229, -2.111155 / 2.657918, -2.736229, -2.111155; 1, 8, 1, 0; 0.028823177174; 1, 0, 1; 1, 0, 0; 3, 1, 2 ;
0,0; 2.655382, -2.721634, -2.102740 / 2.655382, -2.721634, -2.102740 / 2.655382, -2.721634, -2.102740; 1, 8, 1, 0; 0.028828536247; 1, 0, 1; 1, 0, 0; 2, 1, 2 ;
0,0; 2.650372, -2.734496, -2.120478 / 2.650372, -2.734496, -2.120478 / 2.650372, -2.734496, -2.120478; 1, 8, 1, 0; 0.028833639639; 1, 0, 1; 1, 0, 0; 1, 10, 0 / 2, 1, 2 ;
0,0; 2.621541, -2.686760, -2.060696 / 2.621541, -2.686760, -2.060696 / 2.621541, -2.686760, -2.060696; 1, 8, 1, 0; 0.029727423626; 1, 0, 1; 1, 0, 0; 3, 1, 2 ;
0,0; 2.608121, -2.443470, -2.140589 / 2.608121, -2.443470, -2.140589 / 2.608121, -2.443470, -2.140589; 1, 8, 1, 0; 0.043789417058; 1, 0, 1; 1, 0, 0; 3, 1, 2 ;
0,0; 2.605149, -2.448044, -2.132303 / 2.605149, -2.448044, -2.132303 / 2.605149, -2.448044, -2.132303; 1, 8, 1, 0; 0.043790122737; 1, 0, 1; 1, 0, 0; 2, 1, 2 ;
0,0; 2.602767, -2.453105, -2.139248 / 2.602767, -2.453105, -2.139248 / 2.602767, -2.453105, -2.139248; 1, 8, 1, 0; 0.043790363077; 1, 0, 1; 1, 0, 0; 2, 1, 2 ;
0,0; 1.938856, -2.679114, -0.765841 / 1.938856, -2.679114, -0.765841 / 1.938856, -2.679114, -0.765841; 1, 15, 1, 0; 0.070053730820; 1, 0, 1; 0, 1, 0; 1, 1, 2 ;
1,1; 2.61981, -2.5359, -2.07692 / 2.61981, -2.5359, -2.07692 / 2.61981, -2.5359, -2.07692; 1, 8, 1, 0; 0.029421373498; 1, 0, 1; 1, 0, 0; 2, 1, 2 ;
0,1; 2.399797, -2.351057, -1.107877 / 2.399797, -2.351057, -1.107877 / 2.399797, -2.351057, -1.107877; 1, 8, 1, 0; 0.819513924897; 1, 0, 1; 1, 0, 0; 3, 1, 2 ;
0,1; 2.392818, -2.354519, -1.102481 / 2.392818, -2.354519, -1.102481 / 2.392818, -2.354519, -1.102481; 1, 8, 1, 0; 0.819522280552; 1, 0, 1; 1, 0, 0; 2, 1, 2 ;
0,1; 2.342737, -2.303173, -0.862782 / 2.342737, -2.303173, -0.862782 / 2.342737, -2.303173, -0.862782; 1, 11, 1, 0; 0.992733002843; 0, 1, 0; 0, 1, 0; 1, 1, 1 ;
0,1; 2.261514, -2.229833, -0.473079 / 2.261514, -2.229833, -0.473079 / 2.261514, -2.229833, -0.473079; 1, 12, 1, 0; 0.617915791232; 0, 0, 0; 1, 0, 0; 3, 1, 3 ;
0,1; 2.252399, -2.223689, -0.442390 / 2.252399, -2.223689, -0.442390 / 2.252399, -2.223689, -0.442390; 1, 12, 1, 0; 0.617938804283; 1, 0, 1; 1, 0, 0; 2, 1, 2 ;
0,1; 2.064191, -2.061584, 0.409954 / 2.064191, -2.061584, 0.409954 / 2.064191, -2.061584, 0.409954; 1, 19, 1, 0; 0.364070426324; 1, 0, 1; 1, 0, 0; 2, 1, 2 ;
0,1; 1.729402, -1.768636, 1.944262 / 1.729402, -1.768636, 1.944262 / 1.729402, -1.768636, 1.944262; 1, 33, 1, 0; 0.162399063036; 1, 0, 1; 1, 0, 0; 2, 1, 2 ;
0,1; 1.588635, -1.647199, 2.573273 / 1.588635, -1.647199, 2.573273 / 1.588635, -1.647199, 2.573273; 1, 34, 1, 0; 0.414811746481; 0, 0, 0; 0, 1, 0; 1, 1, 3 / 3, 5, 0 ;
0,1; 1.590925, -1.644390, 2.568590 / 1.590925, -1.644390, 2.568590 / 1.590925, -1.644390, 2.568590; 1, 34, 1, 0; 0.414790367926; 1, 0, 1; 1, 0, 0; 2, 1, 2 ;
0,1; 1.293627, -1.391584, 3.912215 / 1.293627, -1.391584, 3.912215 / 1.293627, -1.391584, 3.912215; 1, 46, 1, 0; 0.017109948643; 1, 0, 1; 1, 0, 0; 3, 1, 2 ;
0,1; 1.296818, -1.391707, 3.912435 / 1.296818, -1.391707, 3.912435 / 1.296818, -1.391707, 3.912435; 1, 46, 1, 0; 0.017110757610; 1, 0, 1; 1, 0, 0; 2, 1, 2 ;
1,2; 3.31287, -0.101396, -1.14127 / 3.31287, -0.101396, -1.14127 / 3.31287, -0.101396, -1.14127; 1, 11, 1, 0; 0.719587224152; 0, 1, 0; 1, 0, 0; 3, 1, 1 ;
0,2; 3.196654, -0.709591, -0.363131 / 3.196654, -0.709591, -0.363131 / 3.196654, -0.709591, -0.363131; 1, 12, 1, 0; 0.749130287509; 1, 0, 1; 1, 0, 0; 3, 1, 2 ;
0,2; 3.198864, -0.758025, -0.303996 / 3.198864, -0.758025, -0.303996 / 3.198864, -0.758025, -0.303996; 1, 19, 1, 0; 0.027762804326; 1, 0, 1; 1, 0, 0; 3, 1, 2 ;
0,2; 3.192857, -0.752282, -0.305437 / 3.192857, -0.752282, -0.305437 / 3.192857, -0.752282, -0.305437; 1, 19, 1, 0; 0.027776991985; 1, 0, 1; 1, 0, 0; 3, 1, 2 ;
0,2; 2.900797, -2.332409, 1.724579 / 2.900797, -2.332409, 1.724579 / 2.900797, -2.332409, 1.724579; 1, 22, 1, 0; 0.934657277897; 1, 0, 1; 0, 1, 0; 1, 1, 2 ;
0,2; 2.962508, -1.997766, 1.295336 / 2.962508, -1.997766, 1.295336 / 2.962508, -1.997766, 1.295336; 1, 22, 1, 0; 0.410512067741; 1, 0, 1; 1, 0, 0; 2, 1, 2 ;
0,2; 2.961645, -1.993975, 1.299496 / 2.961645, -1.993975, 1.299496 / 2.961645, -1.993975, 1.299496; 1, 22, 1, 0; 0.410512249638; 1, 0, 1; 1, 0, 0; 3, 1, 2 ;
1,3; 1.59982, 3.27249, 2.08703 / 1.59985, 3.2733, 2.08737 / 1.59978, 3.27169, 2.08669; 1, 28, 1, 0; 0.446830384768; 1, 0, 2; 0, 2, 1; 1, 1, 2 / 4, 7, 2 ;
0,3; 1.735998, 3.419792, 1.912662 / 1.735998, 3.419792, 1.912662 / 1.735998, 3.419792, 1.912662; 1, 28, 1, 0; 0.426637567775; 1, 0, 1; 1, 0, 0; 2, 1, 2 ;
0,3; 1.600297, 3.273147, 2.085886 / 1.600811, 3.273300, 2.086694 / 1.599782, 3.272994, 2.085078; 1, 28, 1, 0; 0.446830320309; 1, 0, 1; 1, 1, 0; 1, 8, 2 / 2, 1, 2 ;
0,3; 1.012274, 2.643467, 2.815860 / 1.012274, 2.643467, 2.815860 / 1.012274, 2.643467, 2.815860; 1, 40, 1, 0; 0.067053371051; 1, 0, 1; 1, 0, 0; 2, 1, 2 ;
0,3; 1.006678, 2.641875, 2.813080 / 1.006678, 2.641875, 2.813080 / 1.006678, 2.641875, 2.813080; 1, 40, 1, 0; 0.067082398240; 1, 0, 1; 1, 0, 0; 3, 1, 2 ;
0,3; -0.105979, 1.449810, 4.202922 / -0.105979, 1.449810, 4.202922 / -0.105979, 1.449810, 4.202922; 1, 46, 1, 0; 0.526800044999; 1, 0, 1; 0, 1, 0; 4, 1, 2 ;
1,4; 2.84072, 2.94852, 1.44521 / 2.84072, 2.94852, 1.44521 / 2.84072, 2.94852, 1.44521; 1, 28, 1, 0; 0.087446618267; 1, 0, 1; 0, 1, 0; 4, 1, 2 ;
0,4; 2.834003, 2.941576, 1.447634 / 2.834003, 2.941576, 1.447634 / 2.834003, 2.941576, 1.447634; 1, 28, 1, 0; 0.087427630319; 1, 0, 1; 1, 0, 0; 2, 1, 2 ;
0,4; 2.838298, 2.941816, 1.446146 / 2.838298, 2.941816, 1.446146 / 2.838298, 2.941816, 1.446146; 1, 28, 1, 0; 0.087429186557; 1, 0, 1; 1, 0, 0; 2, 1, 2 ;
0,4; 2.836682, 2.948155, 1.443638 / 2.836682, 2.948155, 1.443638 / 2.836682, 2.948155, 1.443638; 1, 28, 1, 0; 0.087445375118; 1, 0, 1; 1, 0, 0; 2, 1, 2 ;
0,4; 1.279884, 2.278844, 2.081189 / 1.279884, 2.278844, 2.081189 / 1.279884, 2.278844, 2.081189; 1, 28, 1, 0; 0.505343403760; 1, 0, 1; 1, 0, 0; 2, 1, 2 ;
0,4; -0.230723, 1.639152, 2.686520 / -0.230723, 1.639152, 2.686520 / -0.230723, 1.639152, 2.686520; 1, 38, 1, 0; 0.751137389249; 1, 0, 1; 0, 1, 0; 4, 1, 2 ;
1,5; 1.38493, -2.99321, -0.535523 / 1.38493, -2.99321, -0.535523 / 1.38493, -2.99321, -0.535523; 1, 9, 1, 0; 0.953456479331; 1, 0, 1; 1, 0, 0; 3, 1, 2 ;
0,5; 1.175952, -0.939927, 0.137472 / 1.175952, -0.939927, 0.137472 / 1.175952, -0.939927, 0.137472; 1, 16, 1, 0; 0.843559333612; 1, 0, 1; 0, 1, 0; 4, 1, 2 ;
0,5; 1.151882, -0.316725, 0.438279 / 1.151882, -0.316725, 0.438279 / 1.151882, -0.316725, 0.438279; 1, 19, 1, 0; 0.573437607564; 1, 0, 1; 1, 0, 0; 2, 1, 2 ;
0,5; 1.142988, -0.324632, 0.431903 / 1.142988, -0.324632, 0.431903 / 1.142988, -0.324632, 0.431903; 1, 19, 1, 0; 0.573448338699; 1, 0, 1; 1, 0, 0; 2, 1, 2 ;
0,5; 0.720771, 3.247873, 1.488068 / 0.720771, 3.247873, 1.488068 / 0.720771, 3.247873, 1.488068; 1, 30, 1, 0; 0.056281527503; 0, 1, 0; 1, 0, 0; 2, 1, 1 ;
0,5; 0.663182, 3.770824, 1.657504 / 0.663182, 3.770824, 1.657504 / 0.663182, 3.770824, 1.657504; 1, 31, 1, 0; 0.104358220201; 1, 0, 1; 1, 0, 0; 1, 10, 0 / 2, 1, 2 ;
1,6; -1.11338, -0.0780366, -2.49818 / -1.11338, -0.0780366, -2.49818 / -1.11338, -0.0780366, -2.49818; 1, 2, 1, 0; 0.929331319278; 1, 0, 1; 1, 0, 0; 1, 1, 0 / 2, 1, 2 / 2, 2, 0 / 3, 1, 0 ;
0,6; -1.178074, 0.482668, -1.852510 / -1.178074, 0.482668, -1.852510 / -1.178074, 0.482668, -1.852510; 1, 6, 1, 0; 0.750660977592; 1, 0, 1; 1, 0, 0; 3, 1, 2 ;
0,6; -1.220678, 0.805483, -1.480379 / -1.220470, 0.806073, -1.479613 / -1.220886, 0.804892, -1.481144; 1, 11, 1, 0; 0.344852423523; 1, 0, 2; 2, 0, 0; 3, 1, 2 / 3, 8, 2 ;
0,6; -1.219039, 0.783830, -1.501501 / -1.219039, 0.783830, -1.501501 / -1.219039, 0.783830, -1.501501; 1, 11, 1, 0; 0.344837575470; 1, 0, 1; 1, 0, 0; 1, 3, 0 / 3, 1, 2 ;
0,6; -1.330698, 1.665749, -0.479598 / -1.330698, 1.665749, -0.479598 / -1.330698, 1.665749, -0.479598; 1, 17, 1, 0; 0.114804518913; 1, 0, 1; 1, 0, 0; 2, 1, 2 ;
0,6; -1.463014, 2.740952, 0.768565 / -1.463014, 2.740952, 0.768565 / -1.463014, 2.740952, 0.768565; 1, 25, 1, 0; 0.573030071579; 1, 0, 1; 0, 1, 0; 1, 1, 2 ;
1,7; -4.53357, 0.497938, -0.666857 / -4.53357, 0.497938, -0.666857 / -4.53357, 0.497938, -0.666857; 1, 10, 1, 0; 0.304195279620; 1, 0, 1; 0, 1, 0; 4, 1, 2 ;
0,7; -4.534624, 0.495304, -0.663427 / -4.534624, 0.495304, -0.663427 / -4.534624, 0.495304, -0.663427; 1, 10, 1, 0; 0.304196009542; 0, 1, 0; 1, 0, 0; 2, 1, 1 ;
0,7; -4.538892, 0.491370, -0.663154 / -4.538892, 0.491370, -0.663154 / -4.538892, 0.491370, -0.663154; 1, 10, 1, 0; 0.304196306918; 1, 0, 1; 1, 0, 0; 2, 1, 2 ;
0,7; -2.922470, 2.345210, -0.514093 / -2.922470, 2.345210, -0.514093 / -2.922470, 2.345210, -0.514093; 1, 14, 1, 0; 0.237649570440; 1, 0, 1; 0, 1, 0; 1, 5, 0 / 4, 1, 2 ;
0,7; -3.883082, 1.248356, -0.606530 / -3.883082, 1.248356, -0.606530 / -3.883082, 1.248356, -0.606530; 1, 14, 1, 0; 0.313798672482; 1, 0, 1; 1, 0, 0; 2, 1, 2 ;
1,8; 0.710406, 1.10601, 1.8103 / 0.710406, 1.10601, 1.8103 / 0.710406, 1.10601, 1.8103; 1, 27, 1, 0; 0.412600952897; 1, 0, 1; 1, 0, 0; 3, 1, 2 ;
0,8; 0.712235, 1.110119, 1.811223 / 0.712235, 1.110119, 1.811223 / 0.712235, 1.110119, 1.811223; 1, 27, 1, 0; 0.412617067789; 1, 0, 1; 1, 0, 0; 2, 1, 2 ;
0,8; 1.056939, 1.232358, 1.756771 / 1.056939, 1.232358, 1.756771 / 1.056939, 1.232358, 1.756771; 1, 27, 1, 0; 0.417614047398; 1, 0, 1; 1, 0, 0; 3, 1, 2 ;
0,8; 1.053295, 1.231095, 1.759493 / 1.053295, 1.231095, 1.759493 / 1.053295, 1.231095, 1.759493; 1, 27, 1, 0; 0.417629775533; 1, 0, 1; 1, 0, 0; 3, 1, 2 ;
0,8; 2.000090, 1.588445, 1.600310 / 2.000988, 1.589189, 1.601108 / 1.999192, 1.587700, 1.599513; 1, 28, 1, 0; 0.251172768225; 1, 0, 2; 1, 1, 0; 1, 10, 2 / 3, 1, 2 / 4, 4, 0 ;
0,8; 1.382141, 1.359437, 1.702663 / 1.382141, 1.359437, 1.702663 / 1.382141, 1.359437, 1.702663; 1, 28, 1, 0; 0.194618565093; 1, 0, 1; 0, 1, 0; 4, 1, 2 ;
0,8; 1.376416, 1.357450, 1.702772 / 1.376416, 1.357450, 1.702772 / 1.376416, 1.357450, 1.702772; 1, 28, 1, 0; 0.194620001621; 1, 0, 1; 0, 1, 0; 4, 1, 2 ;
0,8; 1.761856, 1.498807, 1.637465 / 1.761856, 1.498807, 1.637465 / 1.761856, 1.498807, 1.637465; 1, 28, 1, 0; 0.197419140072; 0, 1, 0; 0, 1, 0; 4, 1, 1 ;
0,8; 1.719192, 1.482956, 1.643516 / 1.719192, 1.482956, 1.643516 / 1.719192, 1.482956, 1.643516; 1, 28, 1, 0; 0.197476914265; 0, 1, 0; 0, 1, 0; 4, 1, 1 ;
0,8; 1.998890, 1.589349, 1.600838 / 1.999192, 1.589508, 1.601108 / 1.998587, 1.589189, 1.600569; 1, 28, 1, 0; 0.251172740600; 0, 1, 0; 2, 0, 0; 2, 1, 1 / 3, 4, 2 / 4, 7, 0 ;
0,8; -1.719263, 0.213574, 2.207503 / -1.718899, 0.213665, 2.207560 / -1.719626, 0.213484, 2.207446; 1, 36, 1, 0; 0.275673076675; 2, 1, 1; 1, 1, 0; 2, 5, 0 / 3, 1, 2 / 4, 2, 1 ;
0,8; -2.560273, -0.097457, 2.346630 / -2.560273, -0.097457, 2.346630 / -2.560273, -0.097457, 2.346630; 1, 36, 1, 0; 0.254093517080; 1, 0, 1; 0, 1, 0; 1, 1, 2 ;
0,8; -2.565346, -0.101255, 2.352106 / -2.565346, -0.101255, 2.352106 / -2.565346, -0.101255, 2.352106; 1, 36, 1, 0; 0.254095964632; 1, 0, 1; 1, 0, 0; 3, 1, 2 ;
0,8; -2.034158, 0.101653, 2.256680 / -2.034158, 0.101653, 2.256680 / -2.034158, 0.101653, 2.256680; 1, 36, 1, 0; 0.282577696880; 1, 0, 1; 1, 0, 0; 2, 1, 2 ;
0,8; -0.649617, 0.919888, 2.713709 / -0.649617, 0.919888, 2.713709 / -0.649617, 0.919888, 2.713709; 1, 38, 1, 0; 0.928525964841; 1, 0, 1; 0, 1, 0; 1, 1, 2 ;
0,8; -0.081093, 1.026984, 2.585067 / -0.081093, 1.026984, 2.585067 / -0.081093, 1.026984, 2.585067; 1, 38, 1, 0; 0.855058888542; 1, 0, 1; 1, 0, 0; 2, 1, 2 ;
0,8; -0.650991, 0.917851, 2.713147 / -0.650991, 0.917851, 2.713147 / -0.650991, 0.917851, 2.713147; 1, 38, 1, 0; 0.928524005462; 1, 0, 1; 1, 0, 0; 2, 1, 2 ;
0,8; -0.650192, 0.920076, 2.714782 / -0.650192, 0.920076, 2.714782 / -0.650192, 0.920076, 2.714782; 1, 38, 1, 0; 0.928525811765; 1, 0, 1; 1, 0, 0; 2, 1, 2 ;
0,8; -0.596493, 0.815059, 2.878260 / -0.596493, 0.815059, 2.878260 / -0.596493, 0.815059, 2.878260; 1, 39, 1, 0; 0.293920729216; 1, 0, 1; 1, 0, 0; 2, 1, 2 ;
1,9; 0.759224, -0.645149, -0.403817 / 0.759224, -0.645149, -0.403817 / 0.759224, -0.645149, -0.403817; 1, 16, 1, 0; 0.190087731987; 1, 0, 1; 1, 0, 0; 2, 1, 2 ;
0,9; 0.761372, -0.643528, -0.401252 / 0.761372, -0.643528, -0.401252 / 0.761372, -0.643528, -0.401252; 1, 16, 1, 0; 0.190099304573; 1, 0, 1; 1, 0, 0; 2, 1, 2 ;
0,9; 0.744780, -0.643011, -0.367901 / 0.744780, -0.643011, -0.367901 / 0.744780, -0.643011, -0.367901; 1, 16, 1, 0; 0.190126742585; 1, 0, 1; 1, 0, 0; 2, 1, 2 ;
0,9; 0.666572, -0.526082, -0.094807 / 0.666572, -0.526082, -0.094807 / 0.666572, -0.526082, -0.094807; 1, 16, 1, 0; 0.415795521516; 1, 0, 1; 1, 0, 0; 3, 1, 2 ;
0,9; 0.483847, -0.331105, 0.431742 / 0.483847, -0.331105, 0.431742 / 0.483847, -0.331105, 0.431742; 1, 23, 1, 0; 0.078246332022; 1, 0, 1; 0, 1, 0; 4, 1, 2 ;
0,9; -0.240120, 0.517735, 2.592349 / -0.240120, 0.517735, 2.592349 / -0.240120, 0.517735, 2.592349; 1, 38, 1, 0; 0.944197955510; 0, 1, 0; 0, 1, 0; 1, 7, 0 / 3, 4, 0 / 4, 1, 1 ;
0,9; -0.674219, 1.013599, 3.883800 / -0.674219, 1.013599, 3.883800 / -0.674219, 1.013599, 3.883800; 1, 46, 1, 0; 0.339766524718; 1, 0, 1; 0, 1, 0; 1, 1, 2 / 1, 2, 0 ;
0,9; -0.676612, 1.011240, 3.878949 / -0.676612, 1.011240, 3.878949 / -0.676612, 1.011240, 3.878949; 1, 46, 1, 0; 0.339755414071; 1, 0, 1; 1, 0, 0; 2, 1, 2 ;
0,9; -0.683285, 1.017618, 3.872854 / -0.683285, 1.017618, 3.872854 / -0.683285, 1.017618, 3.872854; 1, 46, 1, 0; 0.339757044644; 1, 0, 1; 1, 0, 0; 3, 1, 2 ;
