1,0; -0.177767, 0.679989, -2.71723 / -0.177615, 0.680445, -2.71723 / -0.177919, 0.679534, -2.71723; 1, 2, 1, 0; 0.837763626914; 0, 2, 0; 1, 1, 0; 2, 1, 1 / 3, 2, 0 / 4, 4, 1 ;
0,0; 0.285858, 1.522768, -3.227308 / 0.285858, 1.522768, -3.227308 / 0.285858, 1.522768, -3.227308; 1, 2, 1, 0; 0.280152130026; 1, 0, 1; 1, 0, 0; 3, 1, 2 ;
0,0; -0.795624, -0.245712, -2.123457 / -0.794759, -0.245494, -2.123087 / -0.796488, -0.245929, -2.123827; 1, 4, 1, 0; 0.561206228315; 2, 1, 2; 1, 2, 0; 1, 4, 0 / 2, 2, 0 / 2, 3, 0 / 3, 5, 0 / 3, 8, 2 / 3, 9, 0 / 4, 1, 2 / 4, 9, 1 ;
0,0; -0.758074, -0.374142, -2.085416 / -0.758022, -0.374061, -2.085348 / -0.758126, -0.374223, -2.085483; 1, 4, 1, 0; 0.559922952002; 2, 1, 1; 1, 1, 0; 1, 3, 0 / 3, 1, 2 / 4, 1, 1 ;
0,0; -0.776280, -0.287553, -2.139183 / -0.776272, -0.287513, -2.139110 / -0.776288, -0.287593, -2.139256; 1, 4, 1, 0; 0.560989591267; 2, 1, 1; 2, 0, 0; 2, 1, 2 / 3, 1, 1 ;
0,0; -0.914495, -0.144969, -2.080697 / -0.914495, -0.144969, -2.080697 / -0.914495, -0.144969, -2.080697; 1, 4, 1, 0; 0.560830917524; 1, 0, 1; 1, 0, 0; 2, 1, 2 ;
0,0; -0.924044, -0.121928, -2.075160 / -0.924044, -0.121928, -2.075160 / -0.924044, -0.121928, -2.075160; 1, 4, 1, 0; 0.560832706714; 1, 0, 1; 1, 0, 0; 2, 1, 2 ;
0,0; -0.982852, -0.072292, -2.030153 / -0.982852, -0.072292, -2.030153 / -0.982852, -0.072292, -2.030153; 1, 5, 1, 0; 0.998972638725; 1, 0, 1; 1, 0, 0; 3, 1, 2 / 4, 1, 0 ;
0,0; -1.965107, -2.573267, -0.765338 / -1.964830, -2.573010, -0.765062 / -1.965383, -2.573524, -0.765615; 1, 9, 1, 0; 0.572230004455; 2, 2, 1; 2, 1, 0; 2, 1, 1 / 3, 2, 2 / 4, 2, 1 ;
0,0; -1.958650, -2.573191, -0.767794 / -1.958650, -2.573191, -0.767794 / -1.958650, -2.573191, -0.767794; 1, 9, 1, 0; 0.572229469179; 0, 1, 0; 1, 0, 0; 2, 1, 1 ;
1,1; -2.56972, 1.92148, -3.23033 / -2.56972, 1.92148, -3.23033 / -2.56972, 1.92148, -3.23033; 1, 2, 1, 0; 0.215233194580; 1, 0, 1; 1, 0, 0; 3, 1, 2 ;
0,1; -2.302134, 0.802215, 0.128626 / -2.301320, 0.802520, 0.129399 / -2.302949, 0.801911, 0.127853; 1, 14, 1, 0; 0.799030058731; 0, 1, 0; 0, 2, 0; 1, 4, 0 / 2, 3, 0 / 3, 2, 0 / 4, 1, 1 / 4, 4, 0 / 4, 7, 3 / 4, 10, 0 ;
0,1; -2.299395, 0.805553, 0.128533 / -2.299395, 0.805553, 0.128533 / -2.299395, 0.805553, 0.128533; 1, 14, 1, 0; 0.799031117397; 1, 0, 1; 0, 1, 0; 1, 1, 2 ;
0,1; -2.286071, 0.786148, 0.144282 / -2.286071, 0.786148, 0.144282 / -2.286071, 0.786148, 0.144282; 1, 14, 1, 0; 0.799047268211; 1, 0, 1; 0, 1, 0; 4, 1, 2 ;
0,1; -2.138610, 0.674773, 0.176114 / -2.138610, 0.674773, 0.176114 / -2.138610, 0.674773, 0.176114; 1, 14, 1, 0; 0.796636248481; 1, 0, 1; 1, 0, 0; 3, 1, 2 ;
0,1; -2.303119, 0.800009, 0.118525 / -2.303119, 0.800009, 0.118525 / -2.303119, 0.800009, 0.118525; 1, 14, 1, 0; 0.799018345699; 1, 0, 1; 1, 0, 0; 2, 1, 2 ;
0,1; -2.303068, 0.802571, 0.129909 / -2.302949, 0.802622, 0.130420 / -2.303187, 0.802520, 0.129399; 1, 14, 1, 0; 0.799030095662; 0, 1, 0; 1, 1, 0; 1, 7, 0 / 2, 6, 1 / 4, 1, 3 / 4, 4, 0 ;
0,1; -2.294369, 0.783657, 0.154819 / -2.294369, 0.783657, 0.154819 / -2.294369, 0.783657, 0.154819; 1, 14, 1, 0; 0.799047982195; 0, 0, 0; 1, 0, 0; 3, 1, 3 ;
0,1; -2.021152, 0.558145, 0.282596 / -2.021152, 0.558145, 0.282596 / -2.021152, 0.558145, 0.282596; 1, 14, 1, 0; 0.843046736416; 1, 0, 1; 1, 0, 0; 3, 1, 2 ;
0,1; -1.999647, 0.514122, 0.376623 / -1.999647, 0.514122, 0.376623 / -1.999647, 0.514122, 0.376623; 1, 17, 1, 0; 0.746858827895; 1, 0, 1; 1, 0, 0; 3, 1, 2 ;
0,1; -1.937971, 0.373927, 0.744365 / -1.937971, 0.373927, 0.744365 / -1.937971, 0.373927, 0.744365; 1, 23, 1, 0; 0.179507256144; 1, 0, 1; 0, 1, 0; 1, 1, 2 ;
0,1; -1.936662, 0.370475, 0.744284 / -1.936662, 0.370475, 0.744284 / -1.936662, 0.370475, 0.744284; 1, 23, 1, 0; 0.179508142933; 1, 0, 1; 1, 0, 0; 1, 1, 0 / 2, 1, 2 ;
0,1; -1.542108, -0.592528, 3.231973 / -1.542108, -0.592528, 3.231973 / -1.542108, -0.592528, 3.231973; 1, 41, 1, 0; 0.408632783000; 0, 1, 0; 0, 1, 0; 1, 1, 1 ;
0,1; -1.540594, -0.592985, 3.239610 / -1.540594, -0.592985, 3.239610 / -1.540594, -0.592985, 3.239610; 1, 41, 1, 0; 0.408632031977; 1, 0, 1; 1, 0, 0; 2, 1, 2 ;
0,1; -1.489070, -0.720036, 3.562959 / -1.489070, -0.720036, 3.562959 / -1.489070, -0.720036, 3.562959; 1, 44, 1, 0; 0.238820696595; 0, 1, 0; 0, 1, 0; 4, 1, 1 ;
1,2; 1.81094, 1.66524, -0.185877 / 1.81094, 1.66524, -0.185877 / 1.81094, 1.66524, -0.185877; 1, 13, 1, 0; 0.801012355618; 0, 1, 0; 0, 1, 0; 1, 1, 1 ;
1,3; 0.221753, 2.69796, -1.10236 / 0.221797, 2.69804, -1.10234 / 0.221708, 2.69788, -1.10238; 1, 7, 1, 0; 0.690848738112; 2, 1, 1; 1, 1, 0; 1, 1, 2 / 2, 1, 1 ;
0,3; 0.224637, 2.690313, -1.115427 / 0.224637, 2.690313, -1.115427 / 0.224637, 2.690313, -1.115427; 1, 7, 1, 0; 0.690841037001; 1, 0, 1; 0, 1, 0; 1, 1, 0 / 4, 1, 2 ;
0,3; 0.247155, 2.733751, -1.029400 / 0.247155, 2.733751, -1.029400 / 0.247155, 2.733751, -1.029400; 1, 7, 1, 0; 0.690951322433; 1, 0, 1; 0, 1, 0; 1, 5, 0 / 1, 6, 0 / 4, 1, 2 ;
0,3; 0.230348, 2.683707, -1.124378 / 0.230348, 2.683707, -1.124378 / 0.230348, 2.683707, -1.124378; 1, 7, 1, 0; 0.690832113735; 1, 0, 1; 1, 0, 0; 3, 1, 2 ;
0,3; 0.227133, 2.682282, -1.122678 / 0.227133, 2.682282, -1.122678 / 0.227133, 2.682282, -1.122678; 1, 7, 1, 0; 0.690832681347; 1, 0, 1; 1, 0, 0; 2, 1, 2 ;
0,3; 0.229145, 2.681011, -1.124548 / 0.229145, 2.681011, -1.124548 / 0.229145, 2.681011, -1.124548; 1, 7, 1, 0; 0.690832737597; 1, 0, 1; 1, 0, 0; 2, 1, 2 ;
0,3; 0.230995, 2.700014, -1.118769 / 0.230995, 2.700014, -1.118769 / 0.230995, 2.700014, -1.118769; 1, 7, 1, 0; 0.690839860869; 1, 0, 1; 1, 0, 0; 2, 1, 2 / 3, 3, 0 / 3, 4, 0 ;
0,3; 0.232095, 2.696782, -1.114983 / 0.232095, 2.696782, -1.114983 / 0.232095, 2.696782, -1.114983; 1, 7, 1, 0; 0.690840402912; 1, 0, 1; 1, 0, 0; 3, 1, 2 ;
0,3; 0.219141, 2.707364, -1.080492 / 0.219141, 2.707364, -1.080492 / 0.219141, 2.707364, -1.080492; 1, 7, 1, 0; 0.690866421008; 1, 0, 1; 1, 0, 0; 2, 1, 2 ;
0,3; 0.239736, 2.734457, -1.042164 / 0.239736, 2.734457, -1.042164 / 0.239736, 2.734457, -1.042164; 1, 7, 1, 0; 0.690941667920; 1, 0, 1; 1, 0, 0; 2, 1, 2 ;
0,3; 0.363127, 1.738414, 0.848904 / 0.363127, 1.738414, 0.848904 / 0.363127, 1.738414, 0.848904; 1, 25, 1, 0; 0.670519291929; 1, 0, 1; 1, 0, 0; 2, 1, 2 ;
0,3; 0.389582, 1.390965, 1.479474 / 0.389582, 1.390965, 1.479474 / 0.389582, 1.390965, 1.479474; 1, 26, 1, 0; 0.744068715443; 1, 0, 1; 1, 0, 0; 2, 1, 2 ;
0,3; 0.433598, 0.838664, 2.469547 / 0.433598, 0.838664, 2.469547 / 0.433598, 0.838664, 2.469547; 1, 31, 1, 0; 0.803178936051; 1, 0, 1; 0, 1, 0; 4, 1, 2 ;
1,4; -0.531333, -1.68038, -0.37717 / -0.531333, -1.68038, -0.37717 / -0.531333, -1.68038, -0.37717; 1, 15, 1, 0; 0.078487212561; 1, 0, 1; 1, 0, 0; 2, 1, 2 ;
0,4; -0.502092, -1.716770, -0.429985 / -0.502092, -1.716770, -0.429985 / -0.502092, -1.716770, -0.429985; 1, 15, 1, 0; 0.079070784311; 1, 0, 1; 1, 0, 0; 2, 1, 2 ;
1,5; 2.71705, 2.26638, -0.160052 / 2.71705, 2.26638, -0.160052 / 2.71705, 2.26638, -0.160052; 1, 20, 1, 0; 0.020631321896; 1, 0, 1; 1, 0, 0; 3, 1, 2 ;
0,5; 0.558125, 1.342562, 2.365667 / 0.558125, 1.342562, 2.365667 / 0.558125, 1.342562, 2.365667; 1, 31, 1, 0; 0.657678136305; 1, 0, 1; 1, 0, 0; 2, 1, 2 ;
0,5; 0.412566, 1.280938, 2.537485 / 0.412566, 1.280938, 2.537485 / 0.412566, 1.280938, 2.537485; 1, 38, 1, 0; 0.794263885572; 1, 0, 1; 0, 1, 0; 1, 1, 2 ;
0,5; -0.832301, 1.190064, 3.316038 / -0.832301, 1.190064, 3.316038 / -0.832301, 1.190064, 3.316038; 1, 42, 1, 0; 0.377034730654; 1, 0, 1; 0, 1, 0; 1, 1, 2 ;
0,5; -0.140802, 1.039079, 3.185777 / -0.140802, 1.039079, 3.185777 / -0.140802, 1.039079, 3.185777; 1, 42, 1, 0; 0.395568295135; 0, 1, 0; 0, 1, 0; 1, 1, 1 ;
1,6; -1.35643, 0.410224, 1.32837 / -1.35643, 0.410224, 1.32837 / -1.35643, 0.410224, 1.32837; 1, 23, 1, 0; 0.647932948467; 1, 0, 1; 1, 0, 0; 2, 1, 2 ;
0,6; -1.225609, 0.736640, 1.414684 / -1.225609, 0.736640, 1.414684 / -1.225609, 0.736640, 1.414684; 1, 26, 1, 0; 0.884113325618; 1, 0, 1; 1, 0, 0; 2, 1, 2 ;
0,6; -1.224441, 0.733702, 1.410773 / -1.224441, 0.733702, 1.410773 / -1.224441, 0.733702, 1.410773; 1, 26, 1, 0; 0.884114251425; 0, 1, 0; 1, 0, 0; 3, 1, 1 ;
0,6; -0.688775, 2.116197, 1.999620 / -0.688708, 2.116438, 1.999784 / -0.688843, 2.115955, 1.999455; 1, 29, 1, 0; 0.807881008880; 0, 0, 0; 1, 1, 0; 1, 1, 3 / 2, 2, 3 ;
0,6; -0.626564, 2.288127, 2.070718 / -0.626564, 2.288127, 2.070718 / -0.626564, 2.288127, 2.070718; 1, 29, 1, 0; 0.734578642929; 1, 0, 1; 1, 0, 0; 3, 1, 2 / 3, 10, 0 ;
0,6; -0.456681, 2.713671, 2.253348 / -0.456681, 2.713671, 2.253348 / -0.456681, 2.713671, 2.253348; 1, 31, 1, 0; 0.362424420680; 0, 1, 0; 1, 0, 0; 3, 1, 1 ;
0,6; -1.675993, 0.624374, 2.219842 / -1.675396, 0.624685, 2.220006 / -1.676591, 0.624063, 2.219678; 1, 37, 1, 0; 0.046855961106; 2, 1, 1; 1, 1, 0; 2, 4, 2 / 4, 1, 1 ;
0,6; -1.664821, 0.668852, 2.229940 / -1.664821, 0.668852, 2.229940 / -1.664821, 0.668852, 2.229940; 1, 37, 1, 0; 0.047316246931; 1, 0, 1; 0, 1, 0; 1, 1, 2 ;
0,6; -1.664534, 0.662517, 2.231657 / -1.664534, 0.662517, 2.231657 / -1.664534, 0.662517, 2.231657; 1, 37, 1, 0; 0.047318068542; 1, 0, 1; 0, 1, 0; 1, 1, 2 ;
0,6; -1.665454, 0.664070, 2.229650 / -1.665454, 0.664070, 2.229650 / -1.665454, 0.664070, 2.229650; 1, 37, 1, 0; 0.047318282849; 1, 0, 1; 0, 1, 0; 1, 1, 2 ;
0,6; -1.693452, 0.669739, 2.210581 / -1.693452, 0.669739, 2.210581 / -1.693452, 0.669739, 2.210581; 1, 37, 1, 0; 0.047380171691; 1, 0, 1; 0, 1, 0; 1, 1, 2 ;
0,6; -1.688065, 0.669585, 2.208232 / -1.687974, 0.669890, 2.208860 / -1.688157, 0.669280, 2.207605; 1, 37, 1, 0; 0.047353796604; 2, 1, 1; 2, 0, 0; 2, 6, 2 / 3, 1, 1 ;
0,6; -1.675721, 0.621928, 2.218370 / -1.675721, 0.621928, 2.218370 / -1.675721, 0.621928, 2.218370; 1, 37, 1, 0; 0.046856160106; 1, 0, 1; 1, 0, 0; 2, 1, 2 ;
0,6; -1.684542, 0.649705, 2.216321 / -1.684542, 0.649705, 2.216321 / -1.684542, 0.649705, 2.216321; 1, 37, 1, 0; 0.046868222537; 1, 0, 1; 1, 0, 0; 3, 1, 2 ;
0,6; -1.677285, 0.623625, 2.223682 / -1.677285, 0.623625, 2.223682 / -1.677285, 0.623625, 2.223682; 1, 37, 1, 0; 0.046884188419; 1, 0, 1; 1, 0, 0; 3, 1, 2 / 3, 5, 0 / 3, 7, 0 ;
0,6; -1.670006, 0.648830, 2.243666 / -1.670006, 0.648830, 2.243666 / -1.670006, 0.648830, 2.243666; 1, 37, 1, 0; 0.046927891769; 1, 0, 1; 1, 0, 0; 3, 1, 2 ;
0,6; -1.664332, 0.645018, 2.243953 / -1.664332, 0.645018, 2.243953 / -1.664332, 0.645018, 2.243953; 1, 37, 1, 0; 0.046929942994; 1, 0, 1; 1, 0, 0; 3, 1, 2 ;
0,6; -1.667104, 0.666244, 2.224898 / -1.667104, 0.666244, 2.224898 / -1.667104, 0.666244, 2.224898; 1, 37, 1, 0; 0.047319048231; 1, 0, 1; 1, 0, 0; 2, 1, 2 ;
0,6; -1.688388, 0.666373, 2.208606 / -1.688388, 0.666373, 2.208606 / -1.688388, 0.666373, 2.208606; 1, 37, 1, 0; 0.047352020916; 0, 1, 0; 1, 0, 0; 3, 1, 1 ;
0,6; -0.108459, 3.615295, 2.636168 / -0.108459, 3.615295, 2.636168 / -0.108459, 3.615295, 2.636168; 1, 38, 1, 0; 0.269430662454; 1, 0, 1; 1, 0, 0; 2, 1, 2 / 4, 4, 0 ;
0,6; -0.137480, 3.524981, 2.592064 / -0.137480, 3.524981, 2.592064 / -0.137480, 3.524981, 2.592064; 1, 38, 1, 0; 0.271543118598; 1, 0, 1; 1, 0, 0; 3, 1, 2 ;
0,6; -0.140183, 3.534934, 2.597851 / -0.140183, 3.534934, 2.597851 / -0.140183, 3.534934, 2.597851; 1, 38, 1, 0; 0.271546562820; 1, 0, 1; 1, 0, 0; 2, 1, 2 ;
0,6; -0.233011, 3.280180, 2.483670 / -0.233011, 3.280180, 2.483670 / -0.233011, 3.280180, 2.483670; 1, 38, 1, 0; 0.351039512114; 1, 0, 1; 1, 0, 0; 2, 1, 2 ;
1,7; 2.83214, -2.10758, 0.103076 / 2.83214, -2.10758, 0.103076 / 2.83214, -2.10758, 0.103076; 1, 15, 1, 0; 0.674228742071; 1, 0, 1; 1, 0, 0; 2, 1, 2 ;
0,7; 1.981671, -1.369376, 0.296506 / 1.981945, -1.368594, 0.296677 / 1.981397, -1.370158, 0.296336; 1, 16, 1, 0; 0.900180500193; 1, 0, 1; 1, 1, 0; 3, 1, 3 / 4, 6, 2 ;
0,7; 1.976137, -1.366156, 0.296047 / 1.976137, -1.366156, 0.296047 / 1.976137, -1.366156, 0.296047; 1, 16, 1, 0; 0.900181484666; 1, 0, 1; 0, 1, 0; 1, 1, 2 ;
0,7; 1.974964, -1.366294, 0.298910 / 1.974964, -1.366294, 0.298910 / 1.974964, -1.366294, 0.298910; 1, 16, 1, 0; 0.900180747986; 1, 0, 1; 1, 0, 0; 3, 1, 2 ;
0,7; 1.193056, -0.682445, 0.477411 / 1.193056, -0.682445, 0.477411 / 1.193056, -0.682445, 0.477411; 1, 19, 1, 0; 0.501588540537; 1, 0, 1; 0, 1, 0; 1, 1, 2 ;
0,7; 0.144103, 0.237744, 0.713841 / 0.144103, 0.237744, 0.713841 / 0.144103, 0.237744, 0.713841; 1, 23, 1, 0; 0.211795147495; 1, 0, 1; 1, 0, 0; 3, 1, 2 ;
0,7; -2.311769, 2.373764, 1.292012 / -2.311769, 2.373764, 1.292012 / -2.311769, 2.373764, 1.292012; 1, 24, 1, 0; 0.474729610892; 1, 0, 1; 0, 1, 0; 1, 1, 2 ;
0,7; -1.885092, 1.990780, 1.186772 / -1.885092, 1.990780, 1.186772 / -1.885092, 1.990780, 1.186772; 1, 24, 1, 0; 0.369224230305; 1, 0, 1; 1, 0, 0; 2, 1, 2 ;
0,7; -0.865429, 1.110535, 0.953623 / -0.865429, 1.110535, 0.953623 / -0.865429, 1.110535, 0.953623; 1, 25, 1, 0; 0.760238781021; 1, 0, 1; 0, 1, 0; 1, 1, 2 ;
0,7; -1.369203, 1.549550, 1.068604 / -1.369203, 1.549550, 1.068604 / -1.369203, 1.549550, 1.068604; 1, 25, 1, 0; 0.833620899233; 0, 1, 0; 0, 1, 0; 4, 1, 1 ;
0,7; -0.872471, 1.115024, 0.948614 / -0.872471, 1.115024, 0.948614 / -0.872471, 1.115024, 0.948614; 1, 25, 1, 0; 0.760251485149; 1, 0, 1; 1, 0, 0; 3, 1, 2 ;
0,7; -1.289066, 1.479327, 1.047314 / -1.289066, 1.479327, 1.047314 / -1.289066, 1.479327, 1.047314; 1, 25, 1, 0; 0.780004954781; 1, 0, 1; 1, 0, 0; 2, 1, 2 ;
1,8; -1.50378, -3.34535, 1.70702 / -1.50378, -3.34535, 1.70702 / -1.50378, -3.34535, 1.70702; 1, 32, 1, 0; 0.048362370950; 1, 0, 1; 0, 1, 0; 4, 1, 2 ;
0,8; -0.679764, -3.426023, 2.280244 / -0.679764, -3.426023, 2.280244 / -0.679764, -3.426023, 2.280244; 1, 32, 1, 0; 0.738016078644; 1, 0, 1; 1, 0, 0; 2, 1, 2 ;
0,8; -0.201318, -3.466718, 2.611032 / -0.201318, -3.466718, 2.611032 / -0.201318, -3.466718, 2.611032; 1, 33, 1, 0; 0.775537220389; 1, 0, 1; 1, 0, 0; 2, 1, 2 / 2, 4, 0 / 4, 6, 0 ;
1,9; -0.834875, 1.74739, -3.45098 / -0.834875, 1.74739, -3.45098 / -0.834875, 1.74739, -3.45098; 1, 2, 1, 0; 0.078245414187; 0, 1, 0; 0, 1, 0; 4, 1, 1 ;
0,9; -0.922418, 1.725461, -3.664500 / -0.922418, 1.725461, -3.664500 / -0.922418, 1.725461, -3.664500; 1, 2, 1, 0; 0.077305627015; 1, 0, 1; 1, 0, 0; 3, 1, 2 ;
0,9; -0.045877, 1.954567, -1.664391 / -0.045877, 1.954567, -1.664391 / -0.045877, 1.954567, -1.664391; 1, 7, 1, 0; 0.047158213342; 1, 0, 1; 0, 1, 0; 1, 1, 2 ;
0,9; -0.042145, 1.954817, -1.655907 / -0.042145, 1.954817, -1.655907 / -0.042145, 1.954817, -1.655907; 1, 7, 1, 0; 0.047158530387; 1, 0, 1; 1, 0, 0; 3, 1, 2 / 3, 6, 0 / 4, 9, 0 ;
0,9; 0.440018, 2.080417, -0.561938 / 0.440018, 2.080417, -0.561938 / 0.440018, 2.080417, -0.561938; 1, 13, 1, 0; 0.465925138765; 1, 0, 1; 1, 0, 0; 2, 1, 2 ;
0,9; 1.695692, 2.411122, 2.275076 / 1.695692, 2.411122, 2.275076 / 1.695692, 2.411122, 2.275076; 1, 31, 1, 0; 0.427859709536; 1, 0, 1; 0, 1, 0; 1, 1, 2 ;
0,9; 1.924817, 2.494822, 2.818260 / 1.924817, 2.494822, 2.818260 / 1.924817, 2.494822, 2.818260; 1, 40, 1, 0; 0.048058447273; 1, 0, 1; 0, 1, 0; 1, 1, 2 ;
0,9; 1.925440, 2.498609, 2.813266 / 1.925440, 2.498609, 2.813266 / 1.925440, 2.498609, 2.813266; 1, 40, 1, 0; 0.048056309917; 1, 0, 1; 1, 0, 0; 3, 1, 2 ;
