1,0; -0.570313, -2.42757, -0.831385 / -0.569928, -2.42707, -0.83107 / -0.570698, -2.42808, -0.831701; 1, 9, 1, 0; 0.535155316646; 1, 0, 1; 1, 1, 0; 1, 4, 0 / 1, 9, 2 / 2, 1, 3 / 4, 5, 0 / 4, 6, 0 ;
0,0; -0.560678, -2.427305, -0.839431 / -0.560678, -2.427305, -0.839431 / -0.560678, -2.427305, -0.839431; 1, 9, 1, 0; 0.535144286709; 1, 0, 1; 0, 1, 0; 1, 1, 2 ;
0,0; -0.565128, -2.427946, -0.837511 / -0.565128, -2.427946, -0.837511 / -0.565128, -2.427946, -0.837511; 1, 9, 1, 0; 0.535144978784; 1, 0, 1; 0, 1, 0; 1, 1, 2 ;
0,0; -0.569614, -2.425559, -0.823561 / -0.569614, -2.425559, -0.823561 / -0.569614, -2.425559, -0.823561; 1, 9, 1, 0; 0.535155641056; 1, 0, 1; 0, 1, 0; 1, 1, 2 ;
0,0; -0.443823, -2.481204, -0.795748 / -0.443823, -2.481204, -0.795748 / -0.443823, -2.481204, -0.795748; 1, 9, 1, 0; 0.584765759833; 0, 1, 0; 0, 1, 0; 4, 1, 1 ;
0,0; -2.285933, -1.634563, -1.484966 / -2.285933, -1.634563, -1.484966 / -2.285933, -1.634563, -1.484966; 1, 9, 1, 0; 0.140891348637; 1, 0, 1; 1, 0, 0; 3, 1, 2 ;
0,0; -1.299642, -2.083485, -1.117305 / -1.299642, -2.083485, -1.117305 / -1.299642, -2.083485, -1.117305; 1, 9, 1, 0; 0.386964009966; 1, 0, 1; 1, 0, 0; 3, 1, 2 ;
0,0; -0.570493, -2.427834, -0.844006 / -0.570493, -2.427834, -0.844006 / -0.570493, -2.427834, -0.844006; 1, 9, 1, 0; 0.535145633010; 1, 0, 1; 1, 0, 0; 2, 1, 2 ;
0,0; -0.556496, -2.430676, -0.833923 / -0.556496, -2.430676, -0.833923 / -0.556496, -2.430676, -0.833923; 1, 9, 1, 0; 0.535153645935; 1, 0, 1; 1, 0, 0; 2, 1, 2 ;
0,0; -0.567760, -2.431984, -0.831982 / -0.567760, -2.431984, -0.831982 / -0.567760, -2.431984, -0.831982; 1, 9, 1, 0; 0.535155149034; 0, 1, 0; 1, 0, 0; 3, 1, 1 ;
0,0; -0.570389, -2.426973, -0.831316 / -0.570079, -2.426879, -0.831070 / -0.570698, -2.427067, -0.831562; 1, 9, 1, 0; 0.535155359900; 1, 0, 1; 1, 1, 0; 1, 1, 2 / 3, 3, 2 ;
0,0; -0.575908, -2.425874, -0.829560 / -0.575908, -2.425874, -0.829560 / -0.575908, -2.425874, -0.829560; 1, 9, 1, 0; 0.535155954652; 1, 0, 1; 1, 0, 0; 2, 1, 2 ;
0,0; -0.447936, -2.481441, -0.796324 / -0.447936, -2.481441, -0.796324 / -0.447936, -2.481441, -0.796324; 1, 9, 1, 0; 0.584775146093; 1, 0, 1; 1, 0, 0; 3, 1, 2 ;
1,1; 2.00183, -0.113669, 0.0181926 / 2.00183, -0.113669, 0.0181926 / 2.00183, -0.113669, 0.0181926; 1, 16, 1, 0; 0.727384823304; 1, 0, 1; 0, 1, 0; 1, 1, 2 / 1, 2, 0 / 1, 3, 0 / 4, 8, 0 ;
0,1; 2.003362, -0.117351, 0.018739 / 2.003362, -0.117351, 0.018739 / 2.003362, -0.117351, 0.018739; 1, 16, 1, 0; 0.727384917063; 0, 1, 0; 1, 0, 0; 3, 1, 1 ;
0,1; 3.653953, 1.338382, 0.809070 / 3.653953, 1.338382, 0.809070 / 3.653953, 1.338382, 0.809070; 1, 20, 1, 0; 0.793677843244; 1, 0, 1; 0, 1, 0; 4, 1, 2 ;
0,1; 3.654782, 1.342415, 0.804929 / 3.654861, 1.342481, 0.805240 / 3.654704, 1.342350, 0.804618; 1, 20, 1, 0; 0.793665137986; 2, 1, 1; 2, 0, 0; 2, 1, 2 / 2, 2, 1 ;
0,1; 3.656625, 1.339386, 0.809036 / 3.656625, 1.339386, 0.809036 / 3.656625, 1.339386, 0.809036; 1, 20, 1, 0; 0.793678696529; 1, 0, 1; 1, 0, 0; 3, 1, 2 ;
1,2; 2.10387, -2.37539, -0.464386 / 2.10387, -2.37539, -0.464386 / 2.10387, -2.37539, -0.464386; 1, 12, 1, 0; 0.615839570087; 0, 1, 0; 0, 1, 0; 2, 1, 0 / 3, 2, 0 / 4, 1, 1 ;
0,2; 1.415229, -2.643605, -0.190721 / 1.415682, -2.643506, -0.190680 / 1.414775, -2.643704, -0.190761; 1, 15, 1, 0; 0.428449849449; 1, 0, 2; 1, 1, 0; 2, 1, 2 / 4, 5, 2 ;
0,2; -1.899649, -3.932930, 1.117242 / -1.899649, -3.932930, 1.117242 / -1.899649, -3.932930, 1.117242; 1, 18, 1, 0; 0.916379470999; 1, 0, 1; 1, 0, 0; 1, 10, 0 / 2, 1, 2 ;
1,3; -3.3337, -1.18644, -2.33428 / -3.3337, -1.18644, -2.33428 / -3.3337, -1.18644, -2.33428; 1, 5, 1, 0; 0.458085607640; 1, 0, 1; 0, 1, 0; 4, 1, 2 ;
0,3; -2.973079, -1.026211, -2.804820 / -2.973079, -1.026211, -2.804820 / -2.973079, -1.026211, -2.804820; 1, 5, 1, 0; 0.095378087259; 1, 0, 1; 1, 0, 0; 3, 1, 2 ;
0,3; -3.337560, -1.183439, -2.331107 / -3.337560, -1.183439, -2.331107 / -3.337560, -1.183439, -2.331107; 1, 5, 1, 0; 0.458094145173; 1, 0, 1; 1, 0, 0; 3, 1, 2 ;
0,3; -3.604097, -1.112722, -2.214530 / -3.604097, -1.112722, -2.214530 / -3.604097, -1.112722, -2.214530; 1, 5, 1, 0; 0.460723504486; 1, 0, 1; 1, 0, 0; 3, 1, 2 ;
0,3; -3.466525, -1.137142, -2.266440 / -3.466525, -1.137142, -2.266440 / -3.466525, -1.137142, -2.266440; 1, 5, 1, 0; 0.461003870806; 1, 0, 1; 1, 0, 0; 2, 1, 2 / 3, 4, 0 ;
0,3; -3.468827, -1.132127, -2.273278 / -3.468827, -1.132127, -2.273278 / -3.468827, -1.132127, -2.273278; 1, 5, 1, 0; 0.461004233479; 1, 0, 1; 1, 0, 0; 2, 1, 2 ;
0,3; -3.334313, -0.503858, -1.634222 / -3.334231, -0.503571, -1.633714 / -3.334394, -0.504145, -1.634730; 1, 6, 1, 0; 0.813651618652; 2, 2, 2; 3, 1, 0; 3, 2, 2 / 3, 3, 1 / 3, 4, 1 / 4, 1, 2 ;
0,3; -3.798384, -1.109123, -1.718304 / -3.798384, -1.109123, -1.718304 / -3.798384, -1.109123, -1.718304; 1, 6, 1, 0; 0.864447334398; 1, 0, 1; 0, 1, 0; 1, 1, 2 / 3, 6, 0 / 4, 9, 0 ;
0,3; -3.801834, -1.110972, -1.714425 / -3.801746, -1.110088, -1.713650 / -3.801922, -1.111856, -1.715200; 1, 6, 1, 0; 0.864447417715; 2, 1, 1; 2, 0, 0; 2, 1, 1 / 3, 9, 2 ;
0,3; -3.383787, -0.569504, -1.660326 / -3.383787, -0.569504, -1.660326 / -3.383787, -0.569504, -1.660326; 1, 6, 1, 0; 0.813115890888; 1, 0, 1; 1, 0, 0; 2, 1, 2 ;
0,3; -3.339358, -0.504738, -1.632973 / -3.339358, -0.504738, -1.632973 / -3.339358, -0.504738, -1.632973; 1, 6, 1, 0; 0.813652147959; 1, 0, 1; 1, 0, 0; 2, 1, 2 ;
0,3; -3.337192, -0.499533, -1.627481 / -3.337192, -0.499533, -1.627481 / -3.337192, -0.499533, -1.627481; 1, 6, 1, 0; 0.813661347127; 1, 0, 1; 1, 0, 0; 3, 1, 2 ;
0,3; -3.794652, -1.101116, -1.709126 / -3.794652, -1.101116, -1.709126 / -3.794652, -1.101116, -1.709126; 1, 6, 1, 0; 0.864446736476; 1, 0, 1; 1, 0, 0; 2, 1, 2 ;
0,3; -3.792772, -1.101093, -1.708786 / -3.792772, -1.101093, -1.708786 / -3.792772, -1.101093, -1.708786; 1, 6, 1, 0; 0.864446805090; 1, 0, 1; 1, 0, 0; 2, 1, 2 ;
0,3; -3.800409, -1.112111, -1.718204 / -3.800409, -1.112111, -1.718204 / -3.800409, -1.112111, -1.718204; 1, 6, 1, 0; 0.864447971527; 1, 0, 1; 1, 0, 0; 3, 1, 2 ;
0,3; -3.804475, -1.106278, -1.711599 / -3.804475, -1.106278, -1.711599 / -3.804475, -1.106278, -1.711599; 1, 6, 1, 0; 0.864455793515; 1, 0, 1; 1, 0, 0; 2, 1, 2 ;
0,3; -3.816666, -1.107062, -1.712627 / -3.816666, -1.107062, -1.712627 / -3.816666, -1.107062, -1.712627; 1, 6, 1, 0; 0.864464630009; 1, 0, 1; 1, 0, 0; 2, 1, 2 ;
0,3; -3.828495, -1.904303, -1.147215 / -3.828495, -1.904303, -1.147215 / -3.828495, -1.904303, -1.147215; 1, 10, 1, 0; 0.079237907080; 1, 0, 1; 0, 1, 0; 1, 1, 2 ;
0,3; -3.831115, -1.909520, -1.152876 / -3.831115, -1.909520, -1.152876 / -3.831115, -1.909520, -1.152876; 1, 10, 1, 0; 0.079236403981; 1, 0, 1; 1, 0, 0; 2, 1, 2 ;
0,3; -3.835351, -1.905874, -1.153461 / -3.835351, -1.905874, -1.153461 / -3.835351, -1.905874, -1.153461; 1, 10, 1, 0; 0.079246530977; 1, 0, 1; 1, 0, 0; 2, 1, 2 ;
0,3; -3.913385, -1.984828, -0.992513 / -3.913385, -1.984828, -0.992513 / -3.913385, -1.984828, -0.992513; 1, 10, 1, 0; 0.079423155946; 1, 0, 1; 1, 0, 0; 2, 1, 2 ;
1,4; 0.72098, 4.35605, -0.915867 / 0.721953, 4.35607, -0.914916 / 0.720007, 4.35603, -0.916818; 1, 13, 1, 0; 0.128445016452; 2, 1, 1; 0, 2, 0; 1, 1, 2 / 1, 9, 1 ;
0,4; 0.724345, 4.357105, -0.907941 / 0.724345, 4.357105, -0.907941 / 0.724345, 4.357105, -0.907941; 1, 13, 1, 0; 0.128446746017; 1, 0, 1; 1, 0, 0; 3, 1, 2 ;
0,4; 0.800421, 3.699806, 0.140736 / 0.800421, 3.699806, 0.140736 / 0.800421, 3.699806, 0.140736; 1, 17, 1, 0; 0.461415508203; 1, 0, 1; 0, 1, 0; 4, 1, 2 ;
0,4; 0.847215, 3.342204, 0.719393 / 0.847215, 3.342204, 0.719393 / 0.847215, 3.342204, 0.719393; 1, 25, 1, 0; 0.467406240624; 0, 1, 0; 1, 0, 0; 2, 1, 1 / 2, 3, 0 ;
0,4; 1.019818, 1.941512, 2.973000 / 1.019818, 1.941512, 2.973000 / 1.019818, 1.941512, 2.973000; 1, 39, 1, 0; 0.831105091938; 0, 1, 0; 1, 0, 0; 2, 1, 1 ;
0,4; 1.061443, 1.540360, 3.576155 / 1.061443, 1.540360, 3.576155 / 1.061443, 1.540360, 3.576155; 1, 45, 1, 0; 0.308609926769; 0, 1, 0; 0, 1, 0; 4, 1, 1 ;
1,5; -3.70042, 1.73251, -1.15345 / -3.70042, 1.73251, -1.15345 / -3.70042, 1.73251, -1.15345; 1, 7, 1, 0; 0.588032729210; 1, 0, 1; 0, 1, 0; 4, 1, 2 ;
0,5; -3.706033, 1.735640, -1.156576 / -3.706033, 1.735640, -1.156576 / -3.706033, 1.735640, -1.156576; 1, 7, 1, 0; 0.588032882619; 1, 0, 1; 1, 0, 0; 2, 1, 2 / 4, 5, 0 ;
0,5; -3.910893, 1.880905, -1.209775 / -3.910821, 1.881210, -1.209758 / -3.910965, 1.880601, -1.209792; 1, 14, 1, 0; 0.034442187598; 0, 2, 0; 1, 1, 0; 3, 1, 1 / 4, 1, 1 ;
0,5; -3.924704, 1.887444, -1.217143 / -3.924704, 1.887444, -1.217143 / -3.924704, 1.887444, -1.217143; 1, 14, 1, 0; 0.034462850052; 1, 0, 1; 0, 1, 0; 1, 1, 2 ;
0,5; -3.908490, 1.877527, -1.210658 / -3.908490, 1.877527, -1.210658 / -3.908490, 1.877527, -1.210658; 1, 14, 1, 0; 0.034442840032; 1, 0, 1; 1, 0, 0; 2, 1, 2 ;
0,5; 0.278515, -0.936139, -0.064716 / 0.279553, -0.935544, -0.064441 / 0.277476, -0.936734, -0.064991; 1, 16, 1, 0; 0.332366218765; 2, 1, 1; 1, 1, 0; 1, 9, 1 / 2, 1, 2 ;
0,5; 0.277786, -0.935666, -0.065741 / 0.278096, -0.935544, -0.064991 / 0.277476, -0.935787, -0.066490; 1, 16, 1, 0; 0.332366272342; 1, 0, 1; 1, 1, 0; 1, 1, 1 / 2, 4, 2 ;
0,5; 0.448111, -1.045703, -0.021642 / 0.448111, -1.045703, -0.021642 / 0.448111, -1.045703, -0.021642; 1, 16, 1, 0; 0.334858322886; 1, 0, 1; 1, 0, 0; 2, 1, 2 ;
0,5; 0.804291, -1.297187, 0.077336 / 0.804291, -1.297187, 0.077336 / 0.804291, -1.297187, 0.077336; 1, 16, 1, 0; 0.887929123269; 1, 0, 1; 1, 0, 0; 2, 1, 2 ;
0,5; 3.316560, -2.970391, 0.764884 / 3.316560, -2.970391, 0.764884 / 3.316560, -2.970391, 0.764884; 1, 19, 1, 0; 0.962574474362; 1, 0, 1; 1, 0, 0; 2, 1, 2 ;
1,6; 3.02448, -1.45205, 0.494206 / 3.02448, -1.45205, 0.494206 / 3.02448, -1.45205, 0.494206; 1, 19, 1, 0; 0.443982125864; 0, 1, 0; 0, 1, 0; 1, 1, 1 ;
0,6; 3.269777, 0.648978, 1.360787 / 3.269777, 0.648978, 1.360787 / 3.269777, 0.648978, 1.360787; 1, 26, 1, 0; 0.833596596803; 0, 1, 0; 1, 0, 0; 3, 1, 1 ;
0,6; 3.267534, 0.649513, 1.362972 / 3.267534, 0.649513, 1.362972 / 3.267534, 0.649513, 1.362972; 1, 26, 1, 0; 0.833611341134; 1, 0, 1; 1, 0, 0; 2, 1, 2 ;
1,7; -3.5695, 0.120221, 2.65793 / -3.56896, 0.120441, 2.65806 / -3.57004, 0.120001, 2.6578; 1, 36, 1, 0; 0.403448625893; 2, 3, 1; 2, 2, 1; 1, 2, 1 / 2, 1, 2 / 3, 7, 1 / 4, 7, 1 ;
0,7; -3.567610, 0.120168, 2.659321 / -3.567120, 0.120439, 2.660073 / -3.568100, 0.119896, 2.658568; 1, 36, 1, 0; 0.403448406902; 2, 1, 2; 3, 1, 0; 1, 5, 1 / 2, 5, 0 / 3, 1, 2 / 3, 8, 2 / 3, 9, 3 ;
0,7; -3.588015, 0.136333, 2.656845 / -3.587767, 0.136838, 2.656876 / -3.588263, 0.135828, 2.656814; 1, 36, 1, 0; 0.403436285080; 2, 1, 1; 1, 1, 0; 3, 2, 0 / 3, 4, 2 / 4, 1, 1 ;
0,7; -3.587825, 0.142830, 2.661050 / -3.587825, 0.142830, 2.661050 / -3.587825, 0.142830, 2.661050; 1, 36, 1, 0; 0.403460786360; 1, 0, 1; 0, 1, 0; 4, 1, 2 ;
0,7; -3.574178, 0.124968, 2.650721 / -3.574178, 0.124968, 2.650721 / -3.574178, 0.124968, 2.650721; 1, 36, 1, 0; 0.403424781588; 1, 0, 1; 1, 0, 0; 3, 1, 2 ;
0,7; -3.570623, 0.122906, 2.651371 / -3.570623, 0.122906, 2.651371 / -3.570623, 0.122906, 2.651371; 1, 36, 1, 0; 0.403425000580; 1, 0, 1; 1, 0, 0; 3, 1, 2 ;
0,7; -3.566941, 0.122700, 2.657435 / -3.566941, 0.122700, 2.657435 / -3.566941, 0.122700, 2.657435; 1, 36, 1, 0; 0.403446977016; 1, 0, 1; 1, 0, 0; 3, 1, 2 ;
0,7; -3.571805, 0.122650, 2.664109 / -3.571805, 0.122650, 2.664109 / -3.571805, 0.122650, 2.664109; 1, 36, 1, 0; 0.403448059092; 1, 0, 1; 1, 0, 0; 2, 1, 2 ;
0,7; -3.567823, 0.119983, 2.658806 / -3.567120, 0.120070, 2.659199 / -3.568526, 0.119896, 2.658413; 1, 36, 1, 0; 0.403448458429; 0, 1, 0; 3, 1, 0; 1, 1, 1 / 2, 1, 0 / 2, 7, 1 / 3, 4, 2 / 3, 5, 3 ;
0,7; -3.524035, -0.260579, 2.546372 / -3.524035, -0.260579, 2.546372 / -3.524035, -0.260579, 2.546372; 1, 36, 1, 0; 0.471511530544; 1, 0, 1; 1, 0, 0; 3, 1, 2 ;
1,8; 3.76931, 1.58551, -0.479592 / 3.76931, 1.58551, -0.479592 / 3.76931, 1.58551, -0.479592; 1, 12, 1, 0; 0.971698851751; 1, 0, 1; 0, 1, 0; 4, 1, 2 ;
0,8; 3.769420, 1.588262, -0.476994 / 3.769420, 1.588262, -0.476994 / 3.769420, 1.588262, -0.476994; 1, 12, 1, 0; 0.971698777367; 1, 0, 1; 1, 0, 0; 2, 1, 2 ;
0,8; 2.522971, 0.672169, 0.142428 / 2.522971, 0.672169, 0.142428 / 2.522971, 0.672169, 0.142428; 1, 16, 1, 0; 0.571990973651; 0, 1, 0; 1, 0, 0; 3, 1, 1 ;
0,8; 2.259927, 0.483250, 0.270045 / 2.259927, 0.483250, 0.270045 / 2.259927, 0.483250, 0.270045; 1, 16, 1, 0; 0.646663813703; 1, 0, 1; 1, 0, 0; 3, 1, 2 ;
0,8; 1.422002, -0.135222, 0.691360 / 1.422002, -0.135222, 0.691360 / 1.422002, -0.135222, 0.691360; 1, 20, 1, 0; 0.963219304183; 1, 0, 1; 1, 0, 0; 2, 1, 2 ;
0,8; -2.024775, -2.655504, 2.408435 / -2.024775, -2.655504, 2.408435 / -2.024775, -2.655504, 2.408435; 1, 32, 1, 0; 0.952578190062; 1, 0, 1; 1, 0, 0; 2, 1, 2 ;
1,9; -0.411395, 1.04355, -2.34666 / -0.411395, 1.04355, -2.34666 / -0.411395, 1.04355, -2.34666; 1, 4, 1, 0; 0.427016211511; 1, 0, 1; 1, 0, 0; 3, 1, 2 ;
0,9; -1.187597, -0.706608, 2.272692 / -1.187597, -0.706608, 2.272692 / -1.187597, -0.706608, 2.272692; 1, 34, 1, 0; 0.129101951011; 1, 0, 1; 0, 1, 0; 4, 1, 2 ;
0,9; -1.184050, -0.703250, 2.267162 / -1.184050, -0.703250, 2.267162 / -1.184050, -0.703250, 2.267162; 1, 34, 1, 0; 0.129103809474; 1, 0, 1; 0, 1, 0; 4, 1, 2 ;
0,9; -1.193332, -0.709527, 2.264031 / -1.193332, -0.709527, 2.264031 / -1.193332, -0.709527, 2.264031; 1, 34, 1, 0; 0.129099768253; 1, 0, 1; 1, 0, 0; 3, 1, 2 ;
0,9; -1.179753, -0.704481, 2.271987 / -1.179753, -0.704481, 2.271987 / -1.179753, -0.704481, 2.271987; 1, 34, 1, 0; 0.129105555680; 1, 0, 1; 1, 0, 0; 3, 1, 2 ;
0,9; -1.178143, -0.881224, 3.284313 / -1.178108, -0.881219, 3.284315 / -1.178178, -0.881230, 3.284310; 1, 41, 1, 0; 0.295192512298; 0, 2, 0; 1, 1, 0; 3, 1, 1 / 4, 1, 1 ;
0,9; -1.210122, -0.872959, 3.278610 / -1.210122, -0.872959, 3.278610 / -1.210122, -0.872959, 3.278610; 1, 41, 1, 0; 0.293029690453; 1, 0, 1; 0, 1, 0; 4, 1, 2 ;
