1,0; -2.14326, 2.64657, -2.96716 / -2.14318, 2.64677, -2.96665 / -2.14334, 2.64637, -2.96766; 1, 2, 1, 0; 0.783721913179; 0, 2, 0; 1, 1, 0; 2, 1, 1 / 4, 6, 1 ;
0,0; -2.146016, 2.638227, -2.942445 / -2.146016, 2.638227, -2.942445 / -2.146016, 2.638227, -2.942445; 1, 2, 1, 0; 0.783736326413; 0, 1, 0; 1, 0, 0; 2, 1, 1 ;
0,0; -1.993988, 2.375528, -2.423608 / -1.993017, 2.376252, -2.423117 / -1.994959, 2.374804, -2.424100; 1, 6, 1, 0; 0.171382428561; 2, 2, 1; 2, 1, 0; 2, 8, 2 / 3, 7, 1 / 4, 1, 1 / 4, 9, 0 ;
0,0; -2.014999, 2.391775, -2.416064 / -2.014358, 2.391921, -2.415877 / -2.015640, 2.391630, -2.416251; 1, 6, 1, 0; 0.171394862385; 2, 1, 1; 1, 1, 0; 1, 1, 1 / 1, 2, 0 / 3, 4, 2 ;
0,0; -2.331115, 2.191384, -1.829870 / -2.330574, 2.191976, -1.829783 / -2.331655, 2.190793, -1.829956; 1, 6, 1, 0; 0.613685656062; 0, 1, 0; 1, 1, 0; 3, 4, 1 / 4, 1, 3 ;
0,0; -2.021865, 2.398556, -2.416004 / -2.021865, 2.398556, -2.416004 / -2.021865, 2.398556, -2.416004; 1, 6, 1, 0; 0.171403914523; 1, 0, 1; 0, 1, 0; 1, 1, 2 ;
0,0; -2.004421, 2.384050, -2.429795 / -2.004326, 2.384159, -2.429760 / -2.004517, 2.383941, -2.429831; 1, 6, 1, 0; 0.171392549115; 2, 1, 1; 2, 0, 0; 3, 1, 1 / 3, 2, 2 / 4, 2, 0 ;
0,0; -1.975859, 2.367156, -2.418156 / -1.975859, 2.367156, -2.418156 / -1.975859, 2.367156, -2.418156; 1, 6, 1, 0; 0.171372587363; 1, 0, 1; 1, 0, 0; 3, 1, 2 ;
0,0; -1.981427, 2.364637, -2.420836 / -1.981427, 2.364637, -2.420836 / -1.981427, 2.364637, -2.420836; 1, 6, 1, 0; 0.171373052957; 1, 0, 1; 1, 0, 0; 2, 1, 2 ;
0,0; -1.999228, 2.375037, -2.428291 / -1.999228, 2.375037, -2.428291 / -1.999228, 2.375037, -2.428291; 1, 6, 1, 0; 0.171382595194; 1, 0, 1; 1, 0, 0; 3, 1, 2 ;
0,0; -1.991595, 2.378367, -2.425794 / -1.991595, 2.378367, -2.425794 / -1.991595, 2.378367, -2.425794; 1, 6, 1, 0; 0.171382992175; 1, 0, 1; 1, 0, 0; 2, 1, 2 / 4, 6, 0 ;
0,0; -2.012745, 2.398844, -2.419713 / -2.012745, 2.398844, -2.419713 / -2.012745, 2.398844, -2.419713; 1, 6, 1, 0; 0.171394440899; 1, 0, 1; 1, 0, 0; 2, 1, 2 ;
0,0; -2.008002, 2.390026, -2.411251 / -2.008002, 2.390026, -2.411251 / -2.008002, 2.390026, -2.411251; 1, 6, 1, 0; 0.171395479910; 1, 0, 1; 1, 0, 0; 2, 1, 2 ;
0,0; -2.249683, 2.386282, -2.321049 / -2.249683, 2.386282, -2.321049 / -2.249683, 2.386282, -2.321049; 1, 6, 1, 0; 0.173575761051; 1, 0, 1; 1, 0, 0; 3, 1, 2 ;
0,0; -2.328083, 2.196866, -1.845050 / -2.328083, 2.196866, -1.845050 / -2.328083, 2.196866, -1.845050; 1, 6, 1, 0; 0.613683945615; 0, 1, 0; 1, 0, 0; 1, 7, 0 / 2, 1, 1 / 4, 2, 0 ;
0,0; -2.329513, 2.193284, -1.836029 / -2.329513, 2.193284, -1.836029 / -2.329513, 2.193284, -1.836029; 1, 6, 1, 0; 0.613684813091; 0, 0, 0; 1, 0, 0; 2, 1, 3 ;
0,0; -2.331686, 2.186048, -1.823032 / -2.331686, 2.186048, -1.823032 / -2.331686, 2.186048, -1.823032; 1, 6, 1, 0; 0.613686876410; 1, 0, 1; 1, 0, 0; 2, 1, 2 ;
0,0; -2.416819, 1.985437, -1.317336 / -2.416819, 1.985437, -1.317336 / -2.416819, 1.985437, -1.317336; 1, 7, 1, 0; 0.432475845818; 1, 0, 1; 1, 0, 0; 2, 1, 2 ;
0,0; -2.417432, 1.984768, -1.314748 / -2.417432, 1.984768, -1.314748 / -2.417432, 1.984768, -1.314748; 1, 7, 1, 0; 0.432475896954; 1, 0, 1; 1, 0, 0; 2, 1, 2 ;
0,0; -2.411034, 1.995017, -1.341582 / -2.411034, 1.995017, -1.341582 / -2.411034, 1.995017, -1.341582; 1, 7, 1, 0; 0.432490685542; 0, 1, 0; 1, 0, 0; 3, 1, 1 ;
0,0; -2.456799, 1.908198, -1.074957 / -2.456799, 1.908198, -1.074957 / -2.456799, 1.908198, -1.074957; 1, 7, 1, 0; 0.598939015996; 0, 1, 0; 1, 0, 0; 1, 1, 0 / 2, 1, 1 / 2, 6, 0 / 3, 9, 0 ;
0,0; -2.593413, 1.555443, -0.244765 / -2.593413, 1.555443, -0.244765 / -2.593413, 1.555443, -0.244765; 1, 14, 1, 0; 0.494046086444; 1, 0, 1; 0, 1, 0; 1, 1, 2 ;
0,0; -2.665007, 1.374011, 0.208872 / -2.665007, 1.374011, 0.208872 / -2.665007, 1.374011, 0.208872; 1, 14, 1, 0; 0.754143760702; 1, 0, 1; 0, 1, 0; 1, 1, 2 / 1, 2, 0 ;
0,0; -2.662437, 1.374186, 0.200010 / -2.662437, 1.374186, 0.200010 / -2.662437, 1.374186, 0.200010; 1, 14, 1, 0; 0.754144154624; 0, 1, 0; 0, 1, 0; 1, 1, 1 ;
0,0; -2.667274, 1.366433, 0.223792 / -2.667274, 1.366433, 0.223792 / -2.667274, 1.366433, 0.223792; 1, 14, 1, 0; 0.754165198691; 0, 1, 0; 0, 1, 0; 4, 1, 1 ;
0,0; -2.661120, 1.365961, 0.250239 / -2.661120, 1.365961, 0.250239 / -2.661120, 1.365961, 0.250239; 1, 14, 1, 0; 0.754186593594; 1, 0, 1; 0, 1, 0; 3, 10, 0 / 4, 1, 2 / 4, 3, 0 ;
0,0; -2.560080, 1.645842, -0.509627 / -2.560080, 1.645842, -0.509627 / -2.560080, 1.645842, -0.509627; 1, 14, 1, 0; 0.286368184375; 1, 0, 1; 1, 0, 0; 2, 1, 2 ;
0,0; -2.599301, 1.534213, -0.191204 / -2.599301, 1.534213, -0.191204 / -2.599301, 1.534213, -0.191204; 1, 14, 1, 0; 0.477694539129; 0, 1, 0; 1, 0, 0; 3, 1, 1 ;
0,0; -2.460800, 2.168875, 0.135178 / -2.460800, 2.168875, 0.135178 / -2.460800, 2.168875, 0.135178; 1, 14, 1, 0; 0.689750431776; 1, 0, 1; 1, 0, 0; 2, 1, 2 ;
0,0; -2.638034, 1.437323, 0.057566 / -2.638034, 1.437323, 0.057566 / -2.638034, 1.437323, 0.057566; 1, 14, 1, 0; 0.753114454116; 1, 0, 1; 1, 0, 0; 2, 1, 2 ;
0,0; -2.661672, 1.360981, 0.256362 / -2.661672, 1.360981, 0.256362 / -2.661672, 1.360981, 0.256362; 1, 14, 1, 0; 0.754186033486; 1, 0, 1; 1, 0, 0; 1, 2, 0 / 2, 1, 2 ;
0,0; -2.667547, 1.360434, 0.249389 / -2.667547, 1.360434, 0.249389 / -2.667547, 1.360434, 0.249389; 1, 14, 1, 0; 0.754186316617; 1, 0, 1; 1, 0, 0; 2, 1, 2 ;
0,0; -2.690405, 1.307571, 0.371587 / -2.690401, 1.307645, 0.371828 / -2.690410, 1.307497, 0.371347; 1, 17, 1, 0; 0.915146185371; 2, 1, 1; 0, 2, 1; 1, 1, 1 / 4, 6, 2 ;
0,0; -2.730906, 2.333098, 0.338603 / -2.730351, 2.333925, 0.339268 / -2.731461, 2.332272, 0.337938; 1, 24, 1, 0; 0.031569910686; 2, 1, 1; 0, 2, 1; 1, 1, 1 / 4, 9, 2 ;
0,0; -2.721229, 2.353504, 0.326362 / -2.720602, 2.353841, 0.326896 / -2.721856, 2.353167, 0.325829; 1, 24, 1, 0; 0.031550756061; 0, 2, 0; 1, 1, 0; 1, 6, 1 / 2, 1, 1 ;
0,0; -2.846573, 0.916522, 1.353804 / -2.846573, 0.916522, 1.353804 / -2.846573, 0.916522, 1.353804; 1, 24, 1, 0; 0.586005772991; 1, 0, 1; 0, 1, 0; 4, 1, 2 ;
0,0; -2.900950, 0.790214, 1.661101 / -2.900950, 0.790214, 1.661101 / -2.900950, 0.790214, 1.661101; 1, 24, 1, 0; 0.859003131840; 1, 0, 1; 0, 1, 0; 4, 1, 2 ;
0,0; -2.898871, 0.790243, 1.672126 / -2.898871, 0.790243, 1.672126 / -2.898871, 0.790243, 1.672126; 1, 24, 1, 0; 0.859016448443; 1, 0, 1; 0, 1, 0; 1, 1, 2 ;
0,0; -2.718615, 2.352943, 0.329951 / -2.718392, 2.353256, 0.329990 / -2.718839, 2.352629, 0.329912; 1, 24, 1, 0; 0.031551576340; 2, 1, 1; 2, 0, 0; 2, 1, 2 / 3, 6, 1 ;
0,0; -2.719717, 2.353093, 0.329921 / -2.718839, 2.353256, 0.329990 / -2.720596, 2.352930, 0.329852; 1, 24, 1, 0; 0.031551613289; 0, 0, 0; 2, 0, 0; 3, 1, 1 / 3, 6, 3 ;
0,0; -2.718509, 2.361900, 0.331097 / -2.718509, 2.361900, 0.331097 / -2.718509, 2.361900, 0.331097; 1, 24, 1, 0; 0.031551968005; 1, 0, 1; 1, 0, 0; 2, 1, 2 ;
0,0; -2.728305, 2.348280, 0.337342 / -2.728305, 2.348280, 0.337342 / -2.728305, 2.348280, 0.337342; 1, 24, 1, 0; 0.031566880826; 1, 0, 1; 1, 0, 0; 3, 1, 2 ;
0,0; -2.732637, 2.332288, 0.341493 / -2.732637, 2.332288, 0.341493 / -2.732637, 2.332288, 0.341493; 1, 24, 1, 0; 0.031569762888; 0, 1, 0; 1, 0, 0; 3, 1, 1 ;
0,0; -2.731524, 2.333583, 0.339592 / -2.731461, 2.333925, 0.339917 / -2.731588, 2.333242, 0.339268; 1, 24, 1, 0; 0.031569873736; 0, 0, 0; 1, 1, 0; 1, 6, 1 / 3, 1, 3 ;
0,0; -2.898939, 0.804355, 1.644323 / -2.898939, 0.804355, 1.644323 / -2.898939, 0.804355, 1.644323; 1, 24, 1, 0; 0.858988625464; 1, 0, 1; 1, 0, 0; 3, 1, 2 ;
0,0; -2.902364, 0.791143, 1.639691 / -2.902364, 0.791143, 1.639691 / -2.902364, 0.791143, 1.639691; 1, 24, 1, 0; 0.858990177343; 1, 0, 1; 1, 0, 0; 3, 1, 2 ;
0,0; -2.902928, 0.786089, 1.679428 / -2.902928, 0.786089, 1.679428 / -2.902928, 0.786089, 1.679428; 1, 24, 1, 0; 0.859030873531; 1, 0, 1; 1, 0, 0; 2, 1, 2 ;
0,0; -2.936497, 0.683921, 1.920117 / -2.935596, 0.684727, 1.920252 / -2.937398, 0.683116, 1.919983; 1, 30, 1, 0; 0.840075854988; 2, 3, 1; 1, 3, 1; 1, 1, 1 / 1, 6, 2 / 2, 7, 1 / 3, 6, 0 / 4, 6, 1 ;
0,0; -2.942095, 0.682682, 1.909621 / -2.942095, 0.682682, 1.909621 / -2.942095, 0.682682, 1.909621; 1, 30, 1, 0; 0.840073409938; 1, 0, 1; 0, 1, 0; 4, 1, 2 ;
0,0; -2.935489, 0.684331, 1.913685 / -2.935489, 0.684331, 1.913685 / -2.935489, 0.684331, 1.913685; 1, 30, 1, 0; 0.840074325614; 1, 0, 1; 1, 0, 0; 3, 1, 2 ;
0,0; -2.942948, 0.689186, 1.915019 / -2.942948, 0.689186, 1.915019 / -2.942948, 0.689186, 1.915019; 1, 30, 1, 0; 0.840074880865; 1, 0, 1; 1, 0, 0; 2, 1, 2 ;
0,0; -3.102717, 0.278537, 2.939950 / -3.102717, 0.278537, 2.939950 / -3.102717, 0.278537, 2.939950; 1, 37, 1, 0; 0.928347829681; 1, 0, 1; 1, 0, 0; 3, 1, 2 ;
0,0; -3.085947, 0.319610, 2.852586 / -3.085947, 0.319610, 2.852586 / -3.085947, 0.319610, 2.852586; 1, 39, 1, 0; 0.067662250511; 1, 0, 1; 1, 0, 0; 2, 1, 2 ;
0,0; -3.089337, 0.319706, 2.847273 / -3.089337, 0.319706, 2.847273 / -3.089337, 0.319706, 2.847273; 1, 39, 1, 0; 0.067662659123; 1, 0, 1; 1, 0, 0; 2, 1, 2 ;
1,1; -0.781154, 3.53903, -2.6115 / -0.781154, 3.53903, -2.6115 / -0.781154, 3.53903, -2.6115; 1, 4, 1, 0; 0.213377954279; 1, 0, 1; 0, 1, 0; 4, 1, 2 ;
0,1; -0.786658, 3.527105, -2.603448 / -0.786658, 3.527105, -2.603448 / -0.786658, 3.527105, -2.603448; 1, 4, 1, 0; 0.213386062049; 1, 0, 1; 0, 1, 0; 4, 1, 2 ;
0,1; 0.145944, 3.543502, -2.216287 / 0.145944, 3.543502, -2.216287 / 0.145944, 3.543502, -2.216287; 1, 4, 1, 0; 0.235650330234; 1, 0, 1; 0, 1, 0; 4, 1, 2 ;
0,1; -0.032170, 3.525851, -2.257358 / -0.032170, 3.525851, -2.257358 / -0.032170, 3.525851, -2.257358; 1, 4, 1, 0; 0.237212280935; 1, 0, 1; 0, 1, 0; 4, 1, 2 ;
0,1; 0.143256, 3.541739, -2.225849 / 0.143966, 3.541960, -2.225525 / 0.142546, 3.541517, -2.226173; 1, 4, 1, 0; 0.235643024376; 1, 0, 2; 2, 0, 0; 3, 1, 2 / 3, 2, 0 / 3, 8, 2 ;
0,1; 0.138848, 3.543216, -2.222085 / 0.138848, 3.543221, -2.222082 / 0.138847, 3.543211, -2.222088; 1, 4, 1, 0; 0.235649931293; 2, 1, 1; 2, 0, 0; 2, 1, 1 / 2, 2, 2 ;
0,1; -0.192689, 3.533771, -2.314979 / -0.192689, 3.533771, -2.314979 / -0.192689, 3.533771, -2.314979; 1, 4, 1, 0; 0.237306241613; 1, 0, 1; 1, 0, 0; 2, 1, 2 ;
0,1; 0.593391, 3.522937, -1.957378 / 0.593391, 3.522937, -1.957378 / 0.593391, 3.522937, -1.957378; 1, 4, 1, 0; 0.878237523020; 1, 0, 1; 1, 0, 0; 3, 1, 2 ;
0,1; 1.332093, 3.427121, -1.517470 / 1.332480, 3.427170, -1.517418 / 1.331705, 3.427072, -1.517521; 1, 7, 1, 0; 0.262906688717; 1, 0, 2; 1, 1, 0; 3, 1, 2 / 4, 1, 2 ;
0,1; 1.309687, 3.314745, -1.462571 / 1.309687, 3.314745, -1.462571 / 1.309687, 3.314745, -1.462571; 1, 7, 1, 0; 0.265495259163; 1, 0, 1; 0, 1, 0; 4, 1, 2 ;
0,1; 1.336136, 3.428173, -1.520168 / 1.336476, 3.428845, -1.519355 / 1.335796, 3.427500, -1.520981; 1, 7, 1, 0; 0.262897105794; 1, 0, 1; 2, 0, 0; 1, 1, 0 / 2, 1, 2 / 3, 10, 3 ;
0,1; 1.341112, 3.517649, -1.607727 / 1.341112, 3.517649, -1.607727 / 1.341112, 3.517649, -1.607727; 1, 7, 1, 0; 0.129300236965; 1, 0, 1; 1, 0, 0; 3, 1, 2 ;
0,1; 1.366071, 3.516726, -1.592792 / 1.366071, 3.516726, -1.592792 / 1.366071, 3.516726, -1.592792; 1, 7, 1, 0; 0.129841938021; 1, 0, 1; 1, 0, 0; 3, 1, 2 ;
0,1; 1.335630, 3.428540, -1.519091 / 1.335796, 3.428845, -1.518827 / 1.335464, 3.428236, -1.519355; 1, 7, 1, 0; 0.262897151816; 1, 0, 1; 2, 0, 0; 2, 3, 2 / 3, 1, 3 ;
0,1; 1.334958, 3.426091, -1.517870 / 1.334958, 3.426091, -1.517870 / 1.334958, 3.426091, -1.517870; 1, 7, 1, 0; 0.262897775678; 1, 0, 1; 1, 0, 0; 3, 1, 2 / 4, 9, 0 ;
0,1; 1.341139, 3.416701, -1.520943 / 1.341139, 3.416701, -1.520943 / 1.341139, 3.416701, -1.520943; 1, 7, 1, 0; 0.262899110332; 1, 0, 1; 1, 0, 0; 3, 1, 2 ;
0,1; 1.330374, 3.421637, -1.513733 / 1.330374, 3.421637, -1.513733 / 1.330374, 3.421637, -1.513733; 1, 7, 1, 0; 0.262907440419; 1, 0, 1; 1, 0, 0; 2, 1, 2 / 4, 5, 0 ;
0,1; 2.292294, 3.505468, -1.155668 / 2.293021, 3.506051, -1.155004 / 2.291567, 3.504884, -1.156332; 1, 13, 1, 0; 0.114129019392; 2, 1, 2; 2, 1, 0; 3, 1, 2 / 3, 10, 2 / 4, 2, 1 ;
0,1; 1.873035, 3.506917, -1.351932 / 1.873035, 3.506917, -1.351932 / 1.873035, 3.506917, -1.351932; 1, 13, 1, 0; 0.044715151112; 1, 0, 1; 0, 1, 0; 4, 1, 2 ;
0,1; 1.914494, 3.510269, -1.337664 / 1.914494, 3.510269, -1.337664 / 1.914494, 3.510269, -1.337664; 1, 13, 1, 0; 0.045340053401; 1, 0, 1; 0, 1, 0; 4, 1, 2 ;
0,1; 2.481634, 3.503114, -1.066733 / 2.481634, 3.503114, -1.066733 / 2.481634, 3.503114, -1.066733; 1, 13, 1, 0; 0.115214404506; 0, 1, 0; 0, 1, 0; 1, 1, 1 ;
0,1; 2.577599, 3.503555, -1.024221 / 2.578127, 3.503687, -1.024043 / 2.577071, 3.503423, -1.024399; 1, 13, 1, 0; 0.116638550465; 1, 0, 2; 2, 0, 0; 2, 6, 2 / 3, 1, 2 ;
0,1; 1.921415, 3.506493, -1.334315 / 1.921415, 3.506493, -1.334315 / 1.921415, 3.506493, -1.334315; 1, 13, 1, 0; 0.045341739881; 0, 0, 0; 1, 0, 0; 2, 1, 3 ;
0,1; 1.925148, 3.508411, -1.329151 / 1.925148, 3.508411, -1.329151 / 1.925148, 3.508411, -1.329151; 1, 13, 1, 0; 0.045342681601; 0, 1, 0; 1, 0, 0; 2, 1, 1 ;
0,1; 1.787145, 3.507577, -1.394976 / 1.787145, 3.507577, -1.394976 / 1.787145, 3.507577, -1.394976; 1, 13, 1, 0; 0.048893121502; 1, 0, 1; 1, 0, 0; 3, 1, 2 ;
0,1; 2.318436, 3.504617, -1.142965 / 2.318436, 3.504617, -1.142965 / 2.318436, 3.504617, -1.142965; 1, 13, 1, 0; 0.114108566209; 1, 0, 1; 1, 0, 0; 3, 1, 2 ;
0,1; 2.293294, 3.506157, -1.156519 / 2.293566, 3.506262, -1.156332 / 2.293021, 3.506051, -1.156706; 1, 13, 1, 0; 0.114129074787; 1, 0, 1; 2, 0, 0; 3, 1, 2 / 3, 3, 2 ;
1,2; 0.416058, 2.01606, -3.13946 / 0.416058, 2.01606, -3.13946 / 0.416058, 2.01606, -3.13946; 1, 2, 1, 0; 0.232585585500; 0, 1, 0; 0, 1, 0; 4, 1, 1 ;
0,2; 0.334866, 1.916726, -2.919679 / 0.334866, 1.916726, -2.919679 / 0.334866, 1.916726, -2.919679; 1, 2, 1, 0; 0.721663494489; 1, 0, 1; 0, 1, 0; 4, 1, 2 ;
0,2; 0.337752, 1.924701, -2.912655 / 0.337752, 1.924701, -2.912655 / 0.337752, 1.924701, -2.912655; 1, 2, 1, 0; 0.721671662253; 1, 0, 1; 1, 0, 0; 3, 1, 2 ;
0,2; 0.221710, 1.777808, -2.605102 / 0.221710, 1.777808, -2.605102 / 0.221710, 1.777808, -2.605102; 1, 4, 1, 0; 0.091449521875; 0, 1, 0; 0, 1, 0; 4, 1, 1 ;
0,2; 0.245370, 1.801653, -2.655463 / 0.245370, 1.801653, -2.655463 / 0.245370, 1.801653, -2.655463; 1, 4, 1, 0; 0.091457895606; 1, 0, 1; 0, 1, 0; 1, 1, 2 ;
0,2; 0.238263, 1.797905, -2.649591 / 0.238263, 1.797905, -2.649591 / 0.238263, 1.797905, -2.649591; 1, 4, 1, 0; 0.091464810584; 1, 0, 1; 0, 1, 0; 1, 1, 2 ;
0,2; 0.094718, 1.623539, -2.258983 / 0.094718, 1.623539, -2.258983 / 0.094718, 1.623539, -2.258983; 1, 4, 1, 0; 0.370382955145; 0, 1, 0; 0, 1, 0; 1, 1, 1 ;
0,2; 0.103548, 1.637216, -2.286415 / 0.104255, 1.637416, -2.286284 / 0.102840, 1.637016, -2.286546; 1, 4, 1, 0; 0.370367170783; 0, 2, 0; 2, 0, 0; 2, 6, 1 / 3, 1, 1 ;
0,2; 0.223108, 1.776015, -2.606577 / 0.223108, 1.776015, -2.606577 / 0.223108, 1.776015, -2.606577; 1, 4, 1, 0; 0.091449590380; 1, 0, 1; 1, 0, 0; 3, 1, 2 ;
0,2; 0.099899, 1.635718, -2.287735 / 0.099899, 1.635718, -2.287735 / 0.099899, 1.635718, -2.287735; 1, 4, 1, 0; 0.370367622110; 1, 0, 1; 1, 0, 0; 3, 1, 2 ;
0,2; 0.090602, 1.624152, -2.246919 / 0.090602, 1.624152, -2.246919 / 0.090602, 1.624152, -2.246919; 1, 4, 1, 0; 0.370390676064; 1, 0, 1; 1, 0, 0; 3, 1, 2 ;
0,2; -0.102611, 1.384539, -1.722036 / -0.102611, 1.384539, -1.722036 / -0.102611, 1.384539, -1.722036; 1, 7, 1, 0; 0.012595836900; 1, 0, 1; 0, 1, 0; 4, 1, 2 ;
0,2; -0.179806, 1.286292, -1.503310 / -0.179806, 1.286292, -1.503310 / -0.179806, 1.286292, -1.503310; 1, 7, 1, 0; 0.490899976580; 0, 1, 0; 0, 1, 0; 1, 1, 1 ;
0,2; -0.183637, 1.283939, -1.496692 / -0.183637, 1.283939, -1.496692 / -0.183637, 1.283939, -1.496692; 1, 7, 1, 0; 0.490908705528; 1, 0, 1; 0, 1, 0; 1, 1, 2 / 2, 9, 0 / 3, 7, 0 ;
0,2; -0.175088, 1.465888, -1.490969 / -0.175088, 1.465888, -1.490969 / -0.175088, 1.465888, -1.490969; 1, 7, 1, 0; 0.491213175547; 1, 0, 1; 0, 1, 0; 4, 1, 2 ;
0,2; -0.183685, 1.282091, -1.497162 / -0.183685, 1.282091, -1.497162 / -0.183685, 1.282091, -1.497162; 1, 7, 1, 0; 0.490908644165; 1, 0, 1; 1, 0, 0; 2, 1, 2 ;
0,2; -0.554097, 0.832565, -0.479776 / -0.553991, 0.833113, -0.479640 / -0.554202, 0.832018, -0.479911; 1, 13, 1, 0; 0.390105897386; 2, 1, 1; 0, 2, 0; 1, 8, 0 / 4, 1, 1 / 4, 3, 2 ;
0,2; -0.564263, 0.796976, -0.387707 / -0.563640, 0.797044, -0.387005 / -0.564886, 0.796908, -0.388410; 1, 13, 1, 0; 0.390048526300; 2, 1, 2; 2, 1, 0; 1, 3, 2 / 2, 1, 1 / 2, 4, 2 ;
0,2; -0.481703, 0.920979, -0.675806 / -0.481650, 0.921203, -0.675391 / -0.481757, 0.920756, -0.676221; 1, 13, 1, 0; 0.336622959760; 1, 0, 2; 1, 1, 0; 3, 1, 2 / 4, 3, 2 ;
0,2; -0.477230, 0.914373, -0.675084 / -0.477230, 0.914373, -0.675084 / -0.477230, 0.914373, -0.675084; 1, 13, 1, 0; 0.336623901480; 1, 0, 1; 0, 1, 0; 4, 1, 2 ;
0,2; -0.550923, 0.831161, -0.479308 / -0.550923, 0.831161, -0.479308 / -0.550923, 0.831161, -0.479308; 1, 13, 1, 0; 0.390105977401; 0, 1, 0; 0, 1, 0; 1, 1, 1 ;
0,2; -0.550191, 0.835167, -0.476688 / -0.550191, 0.835167, -0.476688 / -0.550191, 0.835167, -0.476688; 1, 13, 1, 0; 0.390116520977; 1, 0, 1; 0, 1, 0; 1, 1, 2 ;
0,2; -0.551382, 0.833430, -0.476920 / -0.551382, 0.833430, -0.476920 / -0.551382, 0.833430, -0.476920; 1, 13, 1, 0; 0.390116619458; 0, 1, 0; 0, 1, 0; 1, 5, 0 / 1, 8, 0 / 3, 10, 0 / 4, 1, 1 ;
0,2; -0.481092, 0.920562, -0.687804 / -0.481092, 0.920562, -0.687804 / -0.481092, 0.920562, -0.687804; 1, 13, 1, 0; 0.336611960711; 1, 0, 1; 1, 0, 0; 2, 1, 2 ;
0,2; -0.480075, 0.907184, -0.677899 / -0.480075, 0.907184, -0.677899 / -0.480075, 0.907184, -0.677899; 1, 13, 1, 0; 0.336614194989; 1, 0, 1; 1, 0, 0; 2, 1, 2 ;
0,2; -0.555069, 0.837546, -0.474809 / -0.555069, 0.837546, -0.474809 / -0.555069, 0.837546, -0.474809; 1, 13, 1, 0; 0.390115714667; 1, 0, 1; 1, 0, 0; 3, 1, 2 ;
0,2; -0.552720, 0.832739, -0.475552 / -0.552720, 0.832739, -0.475552 / -0.552720, 0.832739, -0.475552; 1, 13, 1, 0; 0.390116711783; 1, 0, 1; 1, 0, 0; 2, 1, 2 ;
0,2; -0.823649, 0.703981, 0.127322 / -0.822593, 0.704637, 0.127599 / -0.824705, 0.703324, 0.127046; 1, 16, 1, 0; 0.604102173610; 1, 0, 2; 0, 2, 0; 4, 1, 2 / 4, 10, 2 ;
0,2; -0.823008, 0.706025, 0.127041 / -0.823008, 0.706025, 0.127041 / -0.823008, 0.706025, 0.127041; 1, 16, 1, 0; 0.604101383353; 1, 0, 1; 0, 1, 0; 4, 1, 2 ;
0,2; -0.826447, 0.709490, 0.125235 / -0.826447, 0.709490, 0.125235 / -0.826447, 0.709490, 0.125235; 1, 16, 1, 0; 0.604101249411; 1, 0, 1; 1, 0, 0; 3, 1, 2 ;
0,2; -0.829106, 0.717623, 0.132799 / -0.829106, 0.717623, 0.132799 / -0.829106, 0.717623, 0.132799; 1, 16, 1, 0; 0.604111174510; 1, 0, 1; 1, 0, 0; 3, 1, 2 ;
0,2; -0.824543, 0.706156, 0.129344 / -0.824543, 0.706156, 0.129344 / -0.824543, 0.706156, 0.129344; 1, 16, 1, 0; 0.604113793076; 1, 0, 1; 1, 0, 0; 2, 1, 2 ;
0,2; -0.824468, 0.700812, 0.131996 / -0.824468, 0.700812, 0.131996 / -0.824468, 0.700812, 0.131996; 1, 16, 1, 0; 0.604114636910; 1, 0, 1; 1, 0, 0; 2, 1, 2 ;
0,2; -0.828731, 0.701194, 0.131440 / -0.828731, 0.701194, 0.131440 / -0.828731, 0.701194, 0.131440; 1, 16, 1, 0; 0.604114844520; 1, 0, 1; 1, 0, 0; 1, 1, 0 / 2, 1, 2 ;
0,2; -0.910183, 0.399473, 0.497534 / -0.909828, 0.399867, 0.497703 / -0.910537, 0.399079, 0.497365; 1, 17, 1, 0; 0.757756214971; 1, 0, 2; 1, 1, 0; 3, 1, 2 / 4, 3, 2 ;
0,2; -0.850630, 0.476215, 0.332987 / -0.850630, 0.476215, 0.332987 / -0.850630, 0.476215, 0.332987; 1, 17, 1, 0; 0.757581197046; 1, 0, 1; 0, 1, 0; 1, 1, 2 ;
0,2; -0.903734, 0.406042, 0.483646 / -0.903734, 0.406042, 0.483646 / -0.903734, 0.406042, 0.483646; 1, 17, 1, 0; 0.757763642806; 1, 0, 1; 0, 1, 0; 1, 1, 2 ;
0,2; -0.840246, 0.480448, 0.327151 / -0.840246, 0.480448, 0.327151 / -0.840246, 0.480448, 0.327151; 1, 17, 1, 0; 0.757569758878; 1, 0, 1; 1, 0, 0; 3, 1, 2 ;
0,2; -0.902399, 0.406563, 0.492765 / -0.902399, 0.406563, 0.492765 / -0.902399, 0.406563, 0.492765; 1, 17, 1, 0; 0.757766530246; 1, 0, 1; 1, 0, 0; 2, 1, 2 ;
0,2; -1.259359, 0.276277, 0.834162 / -1.259359, 0.276277, 0.834162 / -1.259359, 0.276277, 0.834162; 1, 21, 1, 0; 0.475256299439; 1, 0, 1; 0, 1, 0; 1, 1, 2 ;
0,2; -1.269688, 0.301576, 0.834597 / -1.269688, 0.301576, 0.834597 / -1.269688, 0.301576, 0.834597; 1, 21, 1, 0; 0.475260795921; 1, 0, 1; 1, 0, 0; 2, 1, 2 ;
0,2; -1.252258, 0.279498, 0.838494 / -1.252258, 0.279498, 0.838494 / -1.252258, 0.279498, 0.838494; 1, 21, 1, 0; 0.475267918988; 1, 0, 1; 1, 0, 0; 3, 1, 2 ;
0,2; -0.983132, 0.286669, 0.736313 / -0.983132, 0.286669, 0.736313 / -0.983132, 0.286669, 0.736313; 1, 23, 1, 0; 0.200410989375; 0, 1, 0; 0, 1, 0; 1, 1, 1 / 2, 1, 0 / 3, 3, 0 ;
0,2; -1.360967, 0.448949, 0.763242 / -1.360967, 0.448949, 0.763242 / -1.360967, 0.448949, 0.763242; 1, 23, 1, 0; 0.174956887314; 1, 0, 1; 1, 0, 0; 3, 1, 2 ;
0,2; -1.108978, 0.279438, 0.784517 / -1.108978, 0.279438, 0.784517 / -1.108978, 0.279438, 0.784517; 1, 23, 1, 0; 0.200296748887; 1, 0, 1; 1, 0, 0; 2, 1, 2 / 3, 2, 0 ;
0,2; -0.981916, 0.293110, 0.741502 / -0.981916, 0.293110, 0.741502 / -0.981916, 0.293110, 0.741502; 1, 23, 1, 0; 0.200412053521; 0, 1, 0; 1, 0, 0; 3, 1, 1 ;
0,2; -0.988126, 0.283062, 0.735981 / -0.988126, 0.283062, 0.735981 / -0.988126, 0.283062, 0.735981; 1, 23, 1, 0; 0.200423640886; 1, 0, 1; 1, 0, 0; 3, 1, 2 / 3, 4, 0 ;
0,2; -0.995040, 0.298099, 0.734701 / -0.995040, 0.298099, 0.734701 / -0.995040, 0.298099, 0.734701; 1, 23, 1, 0; 0.200425695279; 1, 0, 1; 1, 0, 0; 2, 1, 2 ;
0,2; -0.990216, 0.296079, 0.742344 / -0.990216, 0.296079, 0.742344 / -0.990216, 0.296079, 0.742344; 1, 23, 1, 0; 0.200426064774; 1, 0, 1; 1, 0, 0; 3, 1, 2 ;
0,2; -1.002295, 0.286597, 0.754879 / -1.002295, 0.286597, 0.754879 / -1.002295, 0.286597, 0.754879; 1, 23, 1, 0; 0.200432863483; 0, 1, 0; 1, 0, 0; 2, 1, 1 ;
0,2; -1.213459, 0.024700, 1.345054 / -1.213459, 0.024700, 1.345054 / -1.213459, 0.024700, 1.345054; 1, 23, 1, 0; 0.696439005970; 1, 0, 1; 1, 0, 0; 2, 1, 2 ;
0,2; -1.228217, 0.011061, 1.381962 / -1.228217, 0.011061, 1.381962 / -1.228217, 0.011061, 1.381962; 1, 23, 1, 0; 0.696472393545; 1, 0, 1; 1, 0, 0; 3, 1, 2 ;
0,2; -1.258425, -0.033047, 1.478073 / -1.258425, -0.033047, 1.478073 / -1.258425, -0.033047, 1.478073; 1, 23, 1, 0; 0.749189645566; 1, 0, 1; 1, 0, 0; 3, 1, 2 ;
0,2; -1.319198, -0.105154, 1.641409 / -1.319198, -0.105154, 1.641409 / -1.319198, -0.105154, 1.641409; 1, 30, 1, 0; 0.204420503739; 1, 0, 1; 1, 0, 0; 3, 1, 2 ;
0,2; -1.660759, -0.514292, 2.556201 / -1.660759, -0.514292, 2.556201 / -1.660759, -0.514292, 2.556201; 1, 36, 1, 0; 0.511969209802; 1, 0, 1; 1, 0, 0; 2, 6, 0 / 2, 7, 0 / 3, 1, 2 / 3, 10, 0 ;
0,2; -1.659446, -0.513059, 2.560525 / -1.659446, -0.513059, 2.560525 / -1.659446, -0.513059, 2.560525; 1, 36, 1, 0; 0.511969634903; 1, 0, 1; 1, 0, 0; 2, 1, 2 ;
0,2; -1.659301, -0.513804, 2.564891 / -1.659301, -0.513804, 2.564891 / -1.659301, -0.513804, 2.564891; 1, 36, 1, 0; 0.511970034240; 1, 0, 1; 1, 0, 0; 3, 1, 2 ;
0,2; -1.912141, -0.820125, 3.245243 / -1.912141, -0.820125, 3.245243 / -1.912141, -0.820125, 3.245243; 1, 41, 1, 0; 0.325013330663; 1, 0, 1; 1, 0, 0; 2, 1, 2 ;
0,2; -1.923893, -0.823588, 3.269662 / -1.923893, -0.823588, 3.269662 / -1.923893, -0.823588, 3.269662; 1, 41, 1, 0; 0.325084490118; 1, 0, 1; 1, 0, 0; 3, 1, 2 ;
0,2; -1.889042, -0.802288, 3.273750 / -1.889042, -0.802288, 3.273750 / -1.889042, -0.802288, 3.273750; 1, 41, 1, 0; 0.325281174767; 1, 0, 1; 1, 0, 0; 1, 10, 0 / 2, 1, 2 ;
0,2; -1.890063, -0.801556, 3.267876 / -1.890063, -0.801556, 3.267876 / -1.890063, -0.801556, 3.267876; 1, 41, 1, 0; 0.325282030099; 1, 0, 1; 1, 0, 0; 3, 1, 2 ;
0,2; -1.994998, -0.917448, 3.475241 / -1.994913, -0.917370, 3.475467 / -1.995083, -0.917526, 3.475015; 1, 44, 1, 0; 0.253990130706; 0, 2, 0; 1, 1, 0; 3, 1, 1 / 4, 2, 1 ;
0,2; -1.991634, -0.914347, 3.466636 / -1.991634, -0.914347, 3.466636 / -1.991634, -0.914347, 3.466636; 1, 44, 1, 0; 0.253955205845; 1, 0, 1; 1, 0, 0; 2, 8, 0 / 3, 1, 2 ;
0,2; -1.993225, -0.912160, 3.479275 / -1.993225, -0.912160, 3.479275 / -1.993225, -0.912160, 3.479275; 1, 44, 1, 0; 0.253993161621; 1, 0, 1; 1, 0, 0; 3, 1, 2 ;
0,2; -2.151213, -1.109982, 3.897061 / -2.151213, -1.109982, 3.897061 / -2.151213, -1.109982, 3.897061; 1, 46, 1, 0; 0.062023269160; 1, 0, 1; 1, 0, 0; 2, 1, 2 ;
0,2; -2.144688, -1.102027, 3.881933 / -2.144688, -1.102027, 3.881933 / -2.144688, -1.102027, 3.881933; 1, 46, 1, 0; 0.062027927036; 1, 0, 1; 1, 0, 0; 2, 1, 2 ;
1,3; 3.22806, 0.73764, -1.01777 / 3.22806, 0.73764, -1.01777 / 3.22806, 0.73764, -1.01777; 1, 11, 1, 0; 0.795737710734; 0, 1, 0; 0, 1, 0; 1, 1, 1 ;
0,3; 3.236423, 0.740340, -1.023713 / 3.236423, 0.740340, -1.023713 / 3.236423, 0.740340, -1.023713; 1, 11, 1, 0; 0.795726890824; 1, 0, 1; 1, 0, 0; 3, 1, 2 ;
0,3; 3.222346, 0.733482, -1.014351 / 3.222346, 0.733482, -1.014351 / 3.222346, 0.733482, -1.014351; 1, 11, 1, 0; 0.795739026746; 0, 1, 0; 1, 0, 0; 3, 1, 1 ;
0,3; 3.854020, 1.212274, -1.391296 / 3.854703, 1.213111, -1.390833 / 3.853337, 1.211437, -1.391758; 1, 12, 1, 0; 0.070130599919; 2, 3, 1; 2, 2, 1; 1, 9, 1 / 3, 1, 2 / 3, 4, 1 / 3, 5, 0 / 4, 5, 1 ;
0,3; 3.842660, 1.211363, -1.383213 / 3.842660, 1.211363, -1.383213 / 3.842660, 1.211363, -1.383213; 1, 12, 1, 0; 0.070132568215; 1, 0, 1; 0, 1, 0; 4, 1, 2 ;
0,3; 2.807812, 0.437114, -0.764933 / 2.807812, 0.437114, -0.764933 / 2.807812, 0.437114, -0.764933; 1, 12, 1, 0; 0.405671326495; 1, 0, 1; 0, 1, 0; 1, 1, 2 ;
0,3; 3.856364, 1.218176, -1.393481 / 3.856364, 1.218176, -1.393481 / 3.856364, 1.218176, -1.393481; 1, 12, 1, 0; 0.070129804589; 1, 0, 1; 1, 0, 0; 3, 1, 2 ;
0,3; 3.838035, 1.212803, -1.382370 / 3.838035, 1.212803, -1.382370 / 3.838035, 1.212803, -1.382370; 1, 12, 1, 0; 0.070133558085; 1, 0, 1; 1, 0, 0; 2, 1, 2 ;
0,3; 3.884674, 1.215008, -1.410277 / 3.884674, 1.215008, -1.410277 / 3.884674, 1.215008, -1.410277; 1, 12, 1, 0; 0.070289385388; 0, 1, 0; 1, 0, 0; 2, 1, 1 ;
0,3; 3.873584, 1.207817, -1.403164 / 3.873584, 1.207817, -1.403164 / 3.873584, 1.207817, -1.403164; 1, 12, 1, 0; 0.070299953539; 1, 0, 1; 1, 0, 0; 2, 4, 0 / 3, 1, 2 ;
0,3; 3.696171, 1.076260, -1.302567 / 3.696171, 1.076260, -1.302567 / 3.696171, 1.076260, -1.302567; 1, 12, 1, 0; 0.072280008514; 1, 0, 1; 1, 0, 0; 2, 1, 2 ;
0,3; 2.796554, 0.429796, -0.755085 / 2.796554, 0.429796, -0.755085 / 2.796554, 0.429796, -0.755085; 1, 12, 1, 0; 0.405658921648; 1, 0, 1; 1, 0, 0; 2, 1, 2 ;
0,3; 2.965376, 0.542486, -0.871594 / 2.965376, 0.542486, -0.871594 / 2.965376, 0.542486, -0.871594; 1, 12, 1, 0; 0.406389079615; 1, 0, 1; 1, 0, 0; 2, 1, 2 ;
0,3; 1.271308, -0.606635, 0.145733 / 1.271617, -0.606501, 0.145897 / 1.270999, -0.606770, 0.145569; 1, 16, 1, 0; 0.753345461778; 1, 0, 2; 0, 2, 1; 1, 5, 2 / 4, 1, 2 ;
0,3; 1.267995, -0.608337, 0.153169 / 1.268891, -0.608141, 0.153690 / 1.267099, -0.608533, 0.152648; 1, 16, 1, 0; 0.753346037729; 1, 0, 2; 0, 2, 0; 1, 1, 2 / 1, 9, 2 ;
0,3; 1.248733, -0.567483, 0.166814 / 1.248851, -0.567315, 0.166984 / 1.248615, -0.567651, 0.166645; 1, 16, 1, 0; 0.753155003000; 2, 1, 1; 1, 1, 0; 3, 2, 1 / 4, 1, 2 ;
0,3; 1.270800, -0.606558, 0.149511 / 1.270800, -0.606558, 0.149511 / 1.270800, -0.606558, 0.149511; 1, 16, 1, 0; 0.753345368019; 1, 0, 1; 0, 1, 0; 4, 1, 2 ;
0,3; 1.243150, -0.566518, 0.170819 / 1.243150, -0.566518, 0.170819 / 1.243150, -0.566518, 0.170819; 1, 16, 1, 0; 0.753153897979; 0, 1, 0; 1, 0, 0; 2, 1, 1 ;
0,3; 1.268992, -0.608855, 0.152157 / 1.269093, -0.608533, 0.152648 / 1.268891, -0.609177, 0.151666; 1, 16, 1, 0; 0.753346091306; 1, 0, 1; 1, 1, 0; 1, 1, 2 / 3, 5, 2 ;
0,3; 1.258545, -0.610975, 0.154489 / 1.258545, -0.610975, 0.154489 / 1.258545, -0.610975, 0.154489; 1, 16, 1, 0; 0.753347176235; 1, 0, 1; 1, 0, 0; 3, 1, 2 ;
0,3; 0.834799, -1.005060, 0.411519 / 0.834799, -1.005060, 0.411519 / 0.834799, -1.005060, 0.411519; 1, 19, 1, 0; 0.495313683209; 1, 0, 1; 1, 0, 0; 3, 1, 2 ;
0,3; -0.246404, -1.789745, 1.054991 / -0.246404, -1.789745, 1.054991 / -0.246404, -1.789745, 1.054991; 1, 22, 1, 0; 0.278821849116; 1, 0, 1; 0, 1, 0; 1, 1, 2 ;
0,3; -0.270104, -1.805480, 1.068242 / -0.270104, -1.805480, 1.068242 / -0.270104, -1.805480, 1.068242; 1, 22, 1, 0; 0.278830019907; 1, 0, 1; 0, 1, 0; 1, 1, 2 ;
0,3; -0.715206, -2.124770, 1.339188 / -0.715206, -2.124770, 1.339188 / -0.715206, -2.124770, 1.339188; 1, 22, 1, 0; 0.374247174056; 1, 0, 1; 0, 1, 0; 4, 1, 2 ;
0,3; -0.716141, -2.125148, 1.333897 / -0.716141, -2.125148, 1.333897 / -0.716141, -2.125148, 1.333897; 1, 22, 1, 0; 0.374247457815; 1, 0, 1; 1, 0, 0; 3, 1, 2 ;
0,3; -0.827856, -2.210507, 1.402233 / -0.827856, -2.210507, 1.402233 / -0.827856, -2.210507, 1.402233; 1, 22, 1, 0; 0.467865015338; 1, 0, 1; 1, 0, 0; 3, 1, 2 ;
0,3; 0.320818, -1.376577, 0.716906 / 0.320818, -1.376577, 0.716906 / 0.320818, -1.376577, 0.716906; 1, 23, 1, 0; 0.310628326379; 1, 0, 1; 0, 1, 0; 4, 1, 2 ;
0,3; -1.899978, -2.994706, 2.018335 / -1.899405, -2.994027, 2.018878 / -1.900552, -2.995386, 2.017793; 1, 32, 1, 0; 0.451997074207; 2, 2, 1; 2, 1, 0; 2, 3, 0 / 3, 1, 2 / 3, 2, 0 / 3, 8, 1 / 4, 7, 1 ;
0,3; -1.895031, -2.995043, 2.024168 / -1.895031, -2.995043, 2.024168 / -1.895031, -2.995043, 2.024168; 1, 32, 1, 0; 0.452017376304; 0, 1, 0; 0, 1, 0; 4, 1, 1 ;
0,3; -1.897812, -2.989891, 2.039692 / -1.897812, -2.989891, 2.039692 / -1.897812, -2.989891, 2.039692; 1, 32, 1, 0; 0.452035574385; 0, 1, 0; 0, 1, 0; 4, 1, 1 ;
0,3; -1.897536, -2.968877, 1.997232 / -1.897536, -2.968877, 1.997232 / -1.897536, -2.968877, 1.997232; 1, 32, 1, 0; 0.452274209397; 0, 1, 0; 0, 1, 0; 4, 1, 1 ;
0,3; -1.865601, -2.965646, 2.018804 / -1.865269, -2.965189, 2.019837 / -1.865934, -2.966102, 2.017771; 1, 32, 1, 0; 0.452106438948; 2, 1, 1; 2, 0, 0; 1, 9, 0 / 2, 1, 1 / 2, 7, 0 / 3, 10, 2 ;
0,3; -1.285982, -2.542068, 1.665852 / -1.285982, -2.542068, 1.665852 / -1.285982, -2.542068, 1.665852; 1, 32, 1, 0; 0.109819208890; 1, 0, 1; 1, 0, 0; 3, 1, 2 ;
0,3; -1.438479, -2.633848, 1.807176 / -1.438479, -2.633848, 1.807176 / -1.438479, -2.633848, 1.807176; 1, 32, 1, 0; 0.110357297078; 1, 0, 1; 1, 0, 0; 2, 1, 2 ;
0,3; -1.417006, -2.638994, 1.757046 / -1.417006, -2.638994, 1.757046 / -1.417006, -2.638994, 1.757046; 1, 32, 1, 0; 0.111391470255; 1, 0, 1; 1, 0, 0; 3, 1, 2 ;
0,3; -1.431087, -2.645765, 1.774559 / -1.431087, -2.645765, 1.774559 / -1.431087, -2.645765, 1.774559; 1, 32, 1, 0; 0.111427987592; 1, 0, 1; 1, 0, 0; 2, 1, 2 ;
0,3; -1.899191, -2.992582, 2.021663 / -1.899191, -2.992582, 2.021663 / -1.899191, -2.992582, 2.021663; 1, 32, 1, 0; 0.452016076441; 1, 0, 1; 1, 0, 0; 2, 1, 2 ;
0,3; -1.897063, -2.995205, 2.023387 / -1.897063, -2.995205, 2.023387 / -1.897063, -2.995205, 2.023387; 1, 32, 1, 0; 0.452017497477; 0, 1, 0; 1, 0, 0; 2, 1, 1 ;
0,3; -1.897572, -2.998748, 2.023313 / -1.897572, -2.998748, 2.023313 / -1.897572, -2.998748, 2.023313; 1, 32, 1, 0; 0.452017728809; 0, 1, 0; 1, 0, 0; 3, 1, 1 ;
0,3; -1.896992, -2.996670, 2.035480 / -1.896992, -2.996670, 2.035480 / -1.896992, -2.996670, 2.035480; 1, 32, 1, 0; 0.452037336911; 1, 0, 1; 1, 0, 0; 2, 1, 2 ;
0,3; -1.865075, -2.966034, 2.019953 / -1.864880, -2.965966, 2.020070 / -1.865269, -2.966102, 2.019837; 1, 32, 1, 0; 0.452106538090; 1, 0, 1; 2, 0, 0; 3, 1, 2 / 3, 2, 2 ;
0,3; -1.874788, -2.973110, 2.025993 / -1.874788, -2.973110, 2.025993 / -1.874788, -2.973110, 2.025993; 1, 32, 1, 0; 0.452130453366; 0, 1, 0; 1, 0, 0; 2, 1, 1 ;
0,3; -1.880324, -2.977837, 2.027912 / -1.880324, -2.977837, 2.027912 / -1.880324, -2.977837, 2.027912; 1, 32, 1, 0; 0.452131753229; 0, 1, 0; 1, 0, 0; 2, 1, 1 ;
0,3; -1.882369, -2.970137, 2.040560 / -1.882369, -2.970137, 2.040560 / -1.882369, -2.970137, 2.040560; 1, 32, 1, 0; 0.452152154468; 1, 0, 1; 1, 0, 0; 3, 1, 2 ;
0,3; -1.900659, -2.970344, 2.001632 / -1.900659, -2.970344, 2.001632 / -1.900659, -2.970344, 2.001632; 1, 32, 1, 0; 0.452273967050; 1, 0, 1; 1, 0, 0; 3, 1, 2 ;
1,4; 2.59083, 0.834777, 1.84423 / 2.59083, 0.834777, 1.84423 / 2.59083, 0.834777, 1.84423; 1, 27, 1, 0; 0.479986804205; 1, 0, 1; 0, 1, 0; 4, 1, 2 ;
0,4; 2.604098, 0.835098, 1.849828 / 2.604098, 0.835098, 1.849828 / 2.604098, 0.835098, 1.849828; 1, 27, 1, 0; 0.479983875899; 1, 0, 1; 1, 0, 0; 3, 1, 2 ;
0,4; 2.593118, 0.836869, 1.845746 / 2.593118, 0.836869, 1.845746 / 2.593118, 0.836869, 1.845746; 1, 27, 1, 0; 0.479985607099; 1, 0, 1; 1, 0, 0; 2, 1, 2 ;
0,4; 2.607804, 0.845963, 1.845469 / 2.607804, 0.845963, 1.845469 / 2.607804, 0.845963, 1.845469; 1, 27, 1, 0; 0.479999097566; 1, 0, 1; 1, 0, 0; 3, 1, 2 ;
0,4; 3.150212, 1.461116, 2.035954 / 3.150280, 1.461146, 2.036017 / 3.150144, 1.461087, 2.035892; 1, 28, 1, 0; 0.603227739348; 2, 1, 1; 1, 1, 0; 1, 1, 1 / 2, 1, 2 ;
0,4; 1.975350, 0.374779, 1.897996 / 1.975398, 0.374833, 1.898131 / 1.975302, 0.374725, 1.897861; 1, 28, 1, 0; 0.708241699449; 0, 2, 0; 1, 1, 0; 3, 1, 1 / 4, 1, 1 ;
0,4; 3.662818, 1.636539, 1.754822 / 3.662818, 1.636539, 1.754822 / 3.662818, 1.636539, 1.754822; 1, 28, 1, 0; 0.233378537910; 1, 0, 1; 0, 1, 0; 4, 1, 2 ;
0,4; 1.711301, 0.174311, 1.924945 / 1.711301, 0.174311, 1.924945 / 1.711301, 0.174311, 1.924945; 1, 28, 1, 0; 0.765651456050; 1, 0, 1; 0, 1, 0; 1, 1, 2 ;
0,4; 1.722330, 0.187843, 1.921901 / 1.722330, 0.187843, 1.921901 / 1.722330, 0.187843, 1.921901; 1, 28, 1, 0; 0.765655342041; 1, 0, 1; 0, 1, 0; 1, 1, 2 ;
0,4; 1.971865, 0.372595, 1.897638 / 1.972817, 0.373076, 1.898194 / 1.970914, 0.372114, 1.897081; 1, 28, 1, 0; 0.708241515279; 2, 1, 1; 3, 0, 0; 2, 1, 2 / 2, 7, 3 / 2, 10, 1 / 3, 4, 0 / 4, 4, 0 ;
0,4; 3.175862, 1.502355, 2.057494 / 3.175981, 1.502669, 2.058026 / 3.175743, 1.502041, 2.056963; 1, 28, 1, 0; 0.603906857762; 1, 0, 2; 2, 0, 0; 2, 1, 2 / 2, 5, 2 ;
0,4; 3.647006, 1.633733, 1.753453 / 3.647006, 1.633733, 1.753453 / 3.647006, 1.633733, 1.753453; 1, 28, 1, 0; 0.233366741808; 1, 0, 1; 1, 0, 0; 3, 1, 2 ;
0,4; 3.650438, 1.626336, 1.755771 / 3.650438, 1.626336, 1.755771 / 3.650438, 1.626336, 1.755771; 1, 28, 1, 0; 0.233382331816; 1, 0, 1; 1, 0, 0; 3, 1, 2 ;
0,4; 3.608198, 1.532993, 1.981319 / 3.608198, 1.532993, 1.981319 / 3.608198, 1.532993, 1.981319; 1, 28, 1, 0; 0.601361883398; 1, 0, 1; 1, 0, 0; 3, 1, 2 ;
0,4; 3.176616, 1.502629, 2.056870 / 3.177251, 1.503217, 2.056963 / 3.175981, 1.502041, 2.056777; 1, 28, 1, 0; 0.603906894596; 1, 0, 1; 2, 0, 0; 2, 1, 2 / 3, 10, 2 ;
0,4; 3.210021, 1.536357, 2.111441 / 3.210021, 1.536357, 2.111441 / 3.210021, 1.536357, 2.111441; 1, 28, 1, 0; 0.605177549284; 1, 0, 1; 1, 0, 0; 3, 1, 2 ;
0,4; 3.369755, 1.522363, 2.108992 / 3.369755, 1.522363, 2.108992 / 3.369755, 1.522363, 2.108992; 1, 28, 1, 0; 0.605454946443; 0, 1, 0; 1, 0, 0; 3, 1, 1 ;
0,4; 3.369914, 1.526266, 2.105008 / 3.369914, 1.526266, 2.105008 / 3.369914, 1.526266, 2.105008; 1, 28, 1, 0; 0.605455388452; 1, 0, 1; 1, 0, 0; 2, 1, 2 ;
0,4; 1.960417, 0.360964, 1.899024 / 1.960417, 0.360964, 1.899024 / 1.960417, 0.360964, 1.899024; 1, 28, 1, 0; 0.708256350189; 1, 0, 1; 1, 0, 0; 3, 1, 2 ;
0,4; 1.947289, 0.358931, 1.904998 / 1.947289, 0.358931, 1.904998 / 1.947289, 0.358931, 1.904998; 1, 28, 1, 0; 0.708271590273; 1, 0, 1; 1, 0, 0; 3, 1, 2 / 4, 1, 0 ;
0,4; 1.948663, 0.357162, 1.898763 / 1.948663, 0.357162, 1.898763 / 1.948663, 0.357162, 1.898763; 1, 28, 1, 0; 0.708271838903; 1, 0, 1; 1, 0, 0; 2, 1, 2 ;
0,4; 1.956256, 0.360183, 1.901575 / 1.956256, 0.360183, 1.901575 / 1.956256, 0.360183, 1.901575; 1, 28, 1, 0; 0.708272234869; 1, 0, 1; 1, 0, 0; 2, 1, 2 / 2, 5, 0 / 3, 4, 0 ;
0,4; 1.710835, 0.176336, 1.917786 / 1.710835, 0.176336, 1.917786 / 1.710835, 0.176336, 1.917786; 1, 28, 1, 0; 0.765651971726; 1, 0, 1; 1, 0, 0; 2, 1, 2 ;
0,4; 1.716214, 0.180727, 1.919157 / 1.716214, 0.180727, 1.919157 / 1.716214, 0.180727, 1.919157; 1, 28, 1, 0; 0.765652561071; 0, 1, 0; 1, 0, 0; 1, 4, 0 / 3, 1, 1 ;
0,4; 1.416402, -0.050005, 1.943702 / 1.416402, -0.050005, 1.943702 / 1.416402, -0.050005, 1.943702; 1, 28, 1, 0; 0.775592088785; 1, 0, 1; 1, 0, 0; 3, 1, 2 ;
0,4; 1.401310, -0.047947, 1.947694 / 1.401310, -0.047947, 1.947694 / 1.401310, -0.047947, 1.947694; 1, 28, 1, 0; 0.775610247967; 1, 0, 1; 1, 0, 0; 2, 1, 2 ;
0,4; -0.013537, -1.111492, 2.067409 / -0.013537, -1.111492, 2.067409 / -0.013537, -1.111492, 2.067409; 1, 30, 1, 0; 0.474247791662; 1, 0, 1; 0, 1, 0; 2, 9, 0 / 2, 10, 0 / 4, 1, 2 ;
0,4; -0.015069, -1.114786, 2.067291 / -0.015069, -1.114786, 2.067291 / -0.015069, -1.114786, 2.067291; 1, 30, 1, 0; 0.474249437931; 0, 1, 0; 0, 1, 0; 1, 1, 1 ;
0,4; -0.014380, -1.116805, 2.076169 / -0.014380, -1.116805, 2.076169 / -0.014380, -1.116805, 2.076169; 1, 30, 1, 0; 0.474266640950; 0, 1, 0; 0, 1, 0; 4, 1, 1 ;
0,4; 0.577864, -0.669773, 2.016306 / 0.577864, -0.669773, 2.016306 / 0.577864, -0.669773, 2.016306; 1, 30, 1, 0; 0.493855911565; 1, 0, 1; 0, 1, 0; 1, 1, 2 ;
0,4; -0.622912, -1.573326, 2.115942 / -0.622912, -1.573326, 2.115942 / -0.622912, -1.573326, 2.115942; 1, 30, 1, 0; 0.334706671966; 1, 0, 1; 1, 0, 0; 2, 1, 2 / 4, 4, 0 ;
0,4; -0.065833, -1.281771, 2.043793 / -0.065833, -1.281771, 2.043793 / -0.065833, -1.281771, 2.043793; 1, 30, 1, 0; 0.369936068282; 1, 0, 1; 1, 0, 0; 3, 1, 2 ;
0,4; -0.061749, -1.149963, 2.071030 / -0.061749, -1.149963, 2.071030 / -0.061749, -1.149963, 2.071030; 1, 30, 1, 0; 0.474157256635; 0, 1, 0; 1, 0, 0; 2, 1, 1 ;
0,4; -0.070497, -1.152387, 2.069557 / -0.070497, -1.152387, 2.069557 / -0.070497, -1.152387, 2.069557; 1, 30, 1, 0; 0.474157860591; 1, 0, 1; 1, 0, 0; 3, 1, 2 ;
0,4; 0.071494, -1.050726, 2.066199 / 0.071494, -1.050726, 2.066199 / 0.071494, -1.050726, 2.066199; 1, 30, 1, 0; 0.476824046041; 1, 0, 1; 1, 0, 0; 3, 1, 2 ;
0,4; 0.523829, -0.704305, 2.023944 / 0.523829, -0.704305, 2.023944 / 0.523829, -0.704305, 2.023944; 1, 30, 1, 0; 0.493773646845; 1, 0, 1; 1, 0, 0; 3, 1, 2 ;
0,4; 0.574957, -0.675545, 2.023024 / 0.574957, -0.675545, 2.023024 / 0.574957, -0.675545, 2.023024; 1, 30, 1, 0; 0.493874225085; 1, 0, 1; 1, 0, 0; 3, 1, 2 ;
0,4; 0.808841, -0.499087, 1.997822 / 0.808841, -0.499087, 1.997822 / 0.808841, -0.499087, 1.997822; 1, 30, 1, 0; 0.619059269563; 1, 0, 1; 1, 0, 0; 2, 1, 2 ;
0,4; 1.029619, -0.367021, 1.978432 / 1.030184, -0.366922, 1.979086 / 1.029053, -0.367120, 1.977779; 1, 31, 1, 0; 0.170898007024; 0, 2, 0; 1, 1, 0; 3, 7, 1 / 4, 1, 1 ;
0,4; 1.031612, -0.366533, 1.973740 / 1.031612, -0.366533, 1.973740 / 1.031612, -0.366533, 1.973740; 1, 31, 1, 0; 0.170897764676; 1, 0, 1; 0, 1, 0; 1, 1, 2 ;
0,4; 1.106562, -0.275383, 1.972249 / 1.106562, -0.275383, 1.972249 / 1.106562, -0.275383, 1.972249; 1, 31, 1, 0; 0.174014858095; 0, 1, 0; 0, 1, 0; 4, 1, 1 ;
0,4; -2.568552, -3.048619, 2.286136 / -2.568450, -3.047934, 2.286969 / -2.568653, -3.049303, 2.285303; 1, 32, 1, 0; 0.833011022397; 1, 0, 2; 1, 2, 1; 1, 6, 0 / 1, 8, 1 / 2, 5, 0 / 3, 1, 3 / 4, 3, 2 / 4, 8, 0 ;
0,4; -2.568751, -3.047645, 2.287006 / -2.568538, -3.047356, 2.287043 / -2.568964, -3.047934, 2.286969; 1, 32, 1, 0; 0.833011099508; 1, 0, 1; 0, 2, 1; 1, 1, 1 / 4, 1, 0 / 4, 6, 2 ;
0,4; -1.999306, -2.611699, 2.238542 / -1.998891, -2.611560, 2.238793 / -1.999720, -2.611838, 2.238290; 1, 32, 1, 0; 0.948648627213; 2, 1, 2; 1, 2, 0; 1, 1, 2 / 1, 3, 1 / 2, 3, 2 ;
0,4; -2.610848, -3.069899, 2.281073 / -2.610160, -3.069621, 2.282077 / -2.611536, -3.070176, 2.280069; 1, 32, 1, 0; 0.832890476631; 2, 1, 2; 2, 1, 0; 2, 1, 2 / 3, 7, 2 / 4, 9, 1 ;
0,4; -1.108467, -1.937948, 2.160925 / -1.108453, -1.937834, 2.160958 / -1.108481, -1.938061, 2.160892; 1, 32, 1, 0; 0.247103387575; 2, 1, 1; 1, 1, 0; 1, 1, 2 / 2, 1, 1 ;
0,4; -2.614472, -3.070703, 2.273780 / -2.613980, -3.069529, 2.274149 / -2.614963, -3.071876, 2.273411; 1, 32, 1, 0; 0.832869656792; 1, 0, 2; 1, 1, 0; 2, 1, 2 / 4, 10, 2 ;
0,4; -2.573935, -3.049675, 2.286839 / -2.573297, -3.049444, 2.286955 / -2.574573, -3.049907, 2.286723; 1, 32, 1, 0; 0.833012564608; 1, 0, 2; 1, 1, 0; 1, 1, 2 / 3, 3, 2 / 4, 4, 0 ;
0,4; -2.002218, -2.607624, 2.238527 / -2.002218, -2.607624, 2.238527 / -2.002218, -2.607624, 2.238527; 1, 32, 1, 0; 0.948650169423; 0, 1, 0; 0, 1, 0; 1, 1, 1 ;
0,4; -1.709982, -2.406649, 2.215931 / -1.709982, -2.406649, 2.215931 / -1.709982, -2.406649, 2.215931; 1, 32, 1, 0; 0.992064722160; 1, 0, 1; 0, 1, 0; 1, 1, 2 ;
0,4; -1.762131, -2.431810, 2.218891 / -1.762131, -2.431810, 2.218891 / -1.762131, -2.431810, 2.218891; 1, 32, 1, 0; 0.992136181575; 1, 0, 1; 0, 1, 0; 4, 1, 2 ;
0,4; -2.598215, -3.079265, 2.274050 / -2.597512, -3.078919, 2.274874 / -2.598918, -3.079611, 2.273227; 1, 32, 1, 0; 0.832880540390; 1, 0, 3; 3, 0, 0; 2, 6, 0 / 3, 1, 2 / 3, 2, 2 / 3, 10, 2 / 4, 8, 0 ;
0,4; -2.590574, -3.069449, 2.265015 / -2.590574, -3.069449, 2.265015 / -2.590574, -3.069449, 2.265015; 1, 32, 1, 0; 0.832858101231; 1, 0, 1; 1, 0, 0; 2, 1, 2 ;
0,4; -2.597383, -3.076071, 2.273671 / -2.597383, -3.076071, 2.273671 / -2.597383, -3.076071, 2.273671; 1, 32, 1, 0; 0.832879262559; 1, 0, 1; 1, 0, 0; 3, 1, 2 ;
0,4; -2.615253, -3.078029, 2.297208 / -2.615253, -3.078029, 2.297208 / -2.615253, -3.078029, 2.297208; 1, 32, 1, 0; 0.832907297739; 1, 0, 1; 1, 0, 0; 2, 1, 2 ;
0,4; -2.613847, -3.073220, 2.292290 / -2.613847, -3.073220, 2.292290 / -2.613847, -3.073220, 2.292290; 1, 32, 1, 0; 0.832908872997; 1, 0, 1; 1, 0, 0; 2, 1, 2 ;
0,4; -2.569597, -3.045575, 2.280854 / -2.569597, -3.045575, 2.280854 / -2.569597, -3.045575, 2.280854; 1, 32, 1, 0; 0.832991733753; 1, 0, 1; 1, 0, 0; 3, 1, 2 ;
0,4; -2.560700, -3.041800, 2.285646 / -2.560700, -3.041800, 2.285646 / -2.560700, -3.041800, 2.285646; 1, 32, 1, 0; 0.833007937977; 1, 0, 1; 1, 0, 0; 2, 1, 2 ;
0,4; -2.569260, -3.049469, 2.294835 / -2.569260, -3.049469, 2.294835 / -2.569260, -3.049469, 2.294835; 1, 32, 1, 0; 0.833011683345; 1, 0, 1; 1, 0, 0; 2, 1, 2 / 4, 4, 0 ;
0,4; -2.575248, -3.045245, 2.286994 / -2.575248, -3.045245, 2.286994 / -2.575248, -3.045245, 2.286994; 1, 32, 1, 0; 0.833012972192; 1, 0, 1; 1, 0, 0; 3, 1, 2 ;
0,4; -2.581363, -3.045316, 2.289201 / -2.581363, -3.045316, 2.289201 / -2.581363, -3.045316, 2.289201; 1, 32, 1, 0; 0.833014117834; 1, 0, 1; 1, 0, 0; 3, 1, 2 ;
0,4; -2.528038, -3.007470, 2.287692 / -2.528038, -3.007470, 2.287692 / -2.528038, -3.007470, 2.287692; 1, 32, 1, 0; 0.835120204277; 1, 0, 1; 1, 0, 0; 3, 1, 2 ;
0,4; -2.534311, -3.016890, 2.288010 / -2.534311, -3.016890, 2.288010 / -2.534311, -3.016890, 2.288010; 1, 32, 1, 0; 0.835122440482; 0, 1, 0; 1, 0, 0; 3, 1, 1 ;
0,4; -2.295941, -2.834270, 2.264596 / -2.295941, -2.834270, 2.264596 / -2.295941, -2.834270, 2.264596; 1, 32, 1, 0; 0.839031117397; 1, 0, 1; 1, 0, 0; 2, 1, 2 ;
0,4; -1.993358, -2.599425, 2.235490 / -1.993358, -2.599425, 2.235490 / -1.993358, -2.599425, 2.235490; 1, 32, 1, 0; 0.948632786510; 1, 0, 1; 1, 0, 0; 3, 1, 2 ;
0,4; -2.001272, -2.606214, 2.238691 / -2.001272, -2.606214, 2.238691 / -2.001272, -2.606214, 2.238691; 1, 32, 1, 0; 0.948650279581; 1, 0, 1; 1, 0, 0; 2, 1, 2 ;
0,4; -1.180115, -1.993443, 2.168506 / -1.180115, -1.993443, 2.168506 / -1.180115, -1.993443, 2.168506; 1, 34, 1, 0; 0.169671426326; 1, 0, 1; 0, 1, 0; 3, 4, 0 / 4, 1, 2 ;
0,4; -1.397007, -2.153574, 2.186961 / -1.397007, -2.153574, 2.186961 / -1.397007, -2.153574, 2.186961; 1, 34, 1, 0; 0.175555642866; 1, 0, 1; 1, 0, 0; 2, 1, 2 ;
1,5; 0.404859, -3.17638, 1.80709 / 0.404859, -3.17638, 1.80709 / 0.404859, -3.17638, 1.80709; 1, 22, 1, 0; 0.798279142729; 1, 0, 1; 0, 1, 0; 1, 1, 2 ;
0,5; 0.432762, -3.161443, 1.836344 / 0.432762, -3.161443, 1.836344 / 0.432762, -3.161443, 1.836344; 1, 22, 1, 0; 0.799028963743; 1, 0, 1; 1, 0, 0; 2, 1, 2 ;
0,5; 0.568262, -3.106724, 1.980205 / 0.568262, -3.106724, 1.980205 / 0.568262, -3.106724, 1.980205; 1, 32, 1, 0; 0.523045292513; 1, 0, 1; 1, 0, 0; 2, 1, 2 ;
1,6; 0.970902, -1.01381, -4.23709 / 0.97181, -1.01378, -4.23669 / 0.969994, -1.01384, -4.23749; 1, 1, 1, 0; 0.267442655579; 2, 1, 1; 1, 1, 0; 2, 8, 2 / 4, 1, 1 ;
0,6; 0.971748, -1.010055, -4.201424 / 0.971748, -1.010055, -4.201424 / 0.971748, -1.010055, -4.201424; 1, 1, 1, 0; 0.267464481108; 1, 0, 1; 1, 0, 0; 3, 1, 2 ;
0,6; 0.984061, -1.004041, -4.189488 / 0.984061, -1.004041, -4.189488 / 0.984061, -1.004041, -4.189488; 1, 1, 1, 0; 0.267472324534; 1, 0, 1; 1, 0, 0; 2, 1, 2 ;
0,6; 1.008521, -0.982790, -4.119851 / 1.008521, -0.982790, -4.119851 / 1.008521, -0.982790, -4.119851; 1, 1, 1, 0; 0.267791567388; 1, 0, 1; 1, 0, 0; 3, 1, 2 ;
0,6; 1.178310, -0.850483, -3.577946 / 1.178310, -0.850483, -3.577946 / 1.178310, -0.850483, -3.577946; 1, 1, 1, 0; 0.820000751513; 1, 0, 1; 1, 0, 0; 1, 2, 0 / 2, 1, 2 / 2, 7, 0 ;
0,6; 1.195279, -0.828752, -3.512726 / 1.195279, -0.828752, -3.512726 / 1.195279, -0.828752, -3.512726; 1, 1, 1, 0; 0.820033703394; 0, 0, 0; 1, 0, 0; 2, 1, 3 ;
0,6; 1.197609, -0.827849, -3.502793 / 1.197609, -0.827849, -3.502793 / 1.197609, -0.827849, -3.502793; 1, 1, 1, 0; 0.820040858592; 1, 0, 1; 1, 0, 0; 2, 1, 2 ;
0,6; 1.298687, -0.747456, -3.193541 / 1.298687, -0.747456, -3.193541 / 1.298687, -0.747456, -3.193541; 1, 2, 1, 0; 0.445286904050; 1, 0, 1; 0, 1, 0; 4, 1, 2 ;
0,6; 1.300746, -0.747282, -3.189720 / 1.300746, -0.747282, -3.189720 / 1.300746, -0.747282, -3.189720; 1, 2, 1, 0; 0.445287386601; 1, 0, 1; 1, 0, 0; 3, 1, 2 ;
0,6; 1.299208, -0.742517, -3.181424 / 1.299208, -0.742517, -3.181424 / 1.299208, -0.742517, -3.181424; 1, 2, 1, 0; 0.445288612754; 1, 0, 1; 1, 0, 0; 3, 1, 2 ;
0,6; 1.342028, -0.704020, -3.040189 / 1.342028, -0.704020, -3.040189 / 1.342028, -0.704020, -3.040189; 1, 2, 1, 0; 0.495734074246; 1, 0, 1; 1, 0, 0; 2, 1, 2 ;
0,6; 1.723746, -0.395765, -1.812578 / 1.724092, -0.395156, -1.812209 / 1.723401, -0.396374, -1.812947; 1, 4, 1, 0; 0.956293197452; 1, 0, 2; 1, 1, 0; 2, 1, 2 / 2, 5, 0 / 3, 8, 0 / 4, 4, 0 / 4, 7, 2 ;
0,6; 1.730448, -0.389051, -1.793699 / 1.730448, -0.389051, -1.793699 / 1.730448, -0.389051, -1.793699; 1, 4, 1, 0; 0.956295188127; 1, 0, 1; 0, 1, 0; 4, 1, 2 ;
0,6; 1.723733, -0.393926, -1.810836 / 1.723855, -0.393287, -1.810187 / 1.723610, -0.394565, -1.811486; 1, 4, 1, 0; 0.956293676987; 2, 2, 1; 3, 0, 0; 2, 1, 1 / 2, 3, 2 / 3, 4, 1 / 4, 4, 0 ;
0,6; 1.850780, -0.335713, -1.612389 / 1.851069, -0.335440, -1.611927 / 1.850491, -0.335987, -1.612850; 1, 4, 1, 0; 0.957256099969; 2, 1, 1; 2, 0, 0; 2, 5, 1 / 2, 7, 0 / 3, 1, 2 / 4, 8, 0 ;
0,6; 1.787697, -0.363323, -1.670489 / 1.787697, -0.363323, -1.670489 / 1.787697, -0.363323, -1.670489; 1, 4, 1, 0; 0.956451113610; 1, 0, 1; 1, 0, 0; 3, 1, 2 ;
0,6; 1.741294, -0.381376, -1.761315 / 1.741294, -0.381376, -1.761315 / 1.741294, -0.381376, -1.761315; 1, 4, 1, 0; 0.956488440785; 1, 0, 1; 1, 0, 0; 2, 1, 2 ;
0,6; 1.834908, -0.341878, -1.602337 / 1.834908, -0.341878, -1.602337 / 1.834908, -0.341878, -1.602337; 1, 4, 1, 0; 0.957257643347; 1, 0, 1; 1, 0, 0; 2, 1, 2 ;
0,6; 1.834819, -0.343605, -1.604348 / 1.834819, -0.343605, -1.604348 / 1.834819, -0.343605, -1.604348; 1, 4, 1, 0; 0.957257691703; 1, 0, 1; 1, 0, 0; 2, 1, 2 ;
0,6; 1.790576, -0.173871, -1.097018 / 1.791500, -0.172850, -1.096437 / 1.789651, -0.174892, -1.097598; 1, 11, 1, 0; 0.708238929475; 2, 1, 3; 2, 2, 1; 1, 10, 2 / 2, 10, 2 / 3, 1, 2 / 4, 1, 1 ;
0,6; 1.927824, -0.172912, -1.027304 / 1.928474, -0.172520, -1.026920 / 1.927175, -0.173305, -1.027688; 1, 11, 1, 0; 0.709646833789; 2, 1, 1; 1, 1, 0; 1, 6, 2 / 3, 1, 1 / 3, 4, 0 ;
0,6; 1.790284, -0.169632, -1.099503 / 1.790284, -0.169632, -1.099503 / 1.790284, -0.169632, -1.099503; 1, 11, 1, 0; 0.708238202808; 0, 1, 0; 0, 1, 0; 1, 1, 1 ;
0,6; 1.790907, -0.173004, -1.095766 / 1.791500, -0.172850, -1.094562 / 1.790315, -0.173158, -1.096969; 1, 11, 1, 0; 0.708238895145; 1, 0, 1; 1, 2, 0; 3, 7, 2 / 4, 1, 2 / 4, 7, 1 ;
0,6; 1.927795, -0.175686, -1.030452 / 1.927795, -0.175686, -1.030452 / 1.927795, -0.175686, -1.030452; 1, 11, 1, 0; 0.709646221557; 1, 0, 1; 0, 1, 0; 1, 1, 2 ;
0,6; 1.941871, -0.217934, -1.113461 / 1.941871, -0.217934, -1.113461 / 1.941871, -0.217934, -1.113461; 1, 11, 1, 0; 0.710304084673; 1, 0, 1; 0, 1, 0; 4, 1, 2 ;
0,6; 1.794133, -0.174268, -1.094663 / 1.794690, -0.173964, -1.093680 / 1.793577, -0.174573, -1.095647; 1, 11, 1, 0; 0.708228979278; 1, 0, 2; 2, 0, 0; 1, 1, 0 / 2, 9, 2 / 3, 1, 2 / 3, 10, 0 ;
0,6; 1.795791, -0.175262, -1.098944 / 1.795791, -0.175262, -1.098944 / 1.795791, -0.175262, -1.098944; 1, 11, 1, 0; 0.708228887729; 1, 0, 1; 1, 0, 0; 2, 1, 2 / 4, 9, 0 ;
0,6; 1.939331, -0.222802, -1.106239 / 1.939331, -0.222802, -1.106239 / 1.939331, -0.222802, -1.106239; 1, 11, 1, 0; 0.710303621208; 1, 0, 1; 1, 0, 0; 3, 1, 2 ;
0,6; 1.941732, -0.219577, -1.107168 / 1.941732, -0.219577, -1.107168 / 1.941732, -0.219577, -1.107168; 1, 11, 1, 0; 0.710304233440; 0, 1, 0; 1, 0, 0; 3, 1, 1 ;
0,6; 1.940541, -0.214057, -1.112501 / 1.940541, -0.214057, -1.112501 / 1.940541, -0.214057, -1.112501; 1, 11, 1, 0; 0.710305063100; 1, 0, 1; 1, 0, 0; 2, 1, 2 ;
0,6; 1.943126, -0.211484, -1.110176 / 1.943126, -0.211484, -1.110176 / 1.943126, -0.211484, -1.110176; 1, 11, 1, 0; 0.710305818377; 1, 0, 1; 1, 0, 0; 3, 1, 2 ;
0,6; 1.940123, -0.220392, -1.102946 / 1.940123, -0.220392, -1.102946 / 1.940123, -0.220392, -1.102946; 1, 11, 1, 0; 0.710314263743; 1, 0, 1; 1, 0, 0; 3, 1, 2 ;
0,6; 1.951965, -0.206370, -1.078146 / 1.951965, -0.206370, -1.078146 / 1.951965, -0.206370, -1.078146; 1, 11, 1, 0; 0.710328184864; 1, 0, 1; 1, 0, 0; 2, 1, 2 / 2, 6, 0 ;
0,6; 1.559137, -0.238173, -0.737907 / 1.559273, -0.237446, -0.737809 / 1.559002, -0.238900, -0.738005; 1, 12, 1, 0; 0.454169001158; 1, 0, 2; 1, 1, 0; 2, 3, 2 / 4, 1, 2 ;
0,6; 1.554413, -0.239645, -0.740643 / 1.554413, -0.239645, -0.740643 / 1.554413, -0.239645, -0.740643; 1, 12, 1, 0; 0.454159262667; 1, 0, 1; 0, 1, 0; 4, 1, 2 ;
0,6; 1.715074, -0.287288, -0.803949 / 1.715074, -0.287288, -0.803949 / 1.715074, -0.287288, -0.803949; 1, 12, 1, 0; 0.454471970082; 0, 1, 0; 0, 1, 0; 4, 1, 1 ;
0,6; 2.038844, -0.138501, -0.806435 / 2.038844, -0.138501, -0.806435 / 2.038844, -0.138501, -0.806435; 1, 12, 1, 0; 0.456375719229; 1, 0, 1; 0, 1, 0; 4, 1, 2 ;
0,6; 1.560199, -0.237894, -0.734300 / 1.560199, -0.237894, -0.734300 / 1.560199, -0.237894, -0.734300; 1, 12, 1, 0; 0.454168875279; 1, 0, 1; 1, 0, 0; 1, 10, 0 / 2, 1, 2 ;
0,6; 1.553576, -0.236927, -0.741330 / 1.553576, -0.236927, -0.741330 / 1.553576, -0.236927, -0.741330; 1, 12, 1, 0; 0.454169790765; 1, 0, 1; 1, 0, 0; 3, 1, 2 ;
0,6; 1.723407, -0.282084, -0.806136 / 1.723407, -0.282084, -0.806136 / 1.723407, -0.282084, -0.806136; 1, 12, 1, 0; 0.454463667761; 1, 0, 1; 1, 0, 0; 2, 1, 2 ;
0,6; 1.724689, -0.279299, -0.804703 / 1.724689, -0.279299, -0.804703 / 1.724689, -0.279299, -0.804703; 1, 12, 1, 0; 0.454463742144; 1, 0, 1; 1, 0, 0; 2, 1, 2 ;
0,6; 2.039307, -0.140464, -0.808925 / 2.039307, -0.140464, -0.808925 / 2.039307, -0.140464, -0.808925; 1, 12, 1, 0; 0.456375587628; 0, 1, 0; 1, 0, 0; 2, 1, 1 / 2, 10, 0 ;
0,6; 2.037732, -0.138359, -0.803464 / 2.037732, -0.138359, -0.803464 / 2.037732, -0.138359, -0.803464; 1, 12, 1, 0; 0.456375787891; 0, 1, 0; 1, 0, 0; 2, 1, 1 ;
0,6; 2.045797, -0.135217, -0.788221 / 2.045797, -0.135217, -0.788221 / 2.045797, -0.135217, -0.788221; 1, 12, 1, 0; 0.456384513625; 0, 1, 0; 1, 0, 0; 3, 1, 1 ;
0,6; 2.157237, -0.030546, -0.412514 / 2.157237, -0.030546, -0.412514 / 2.157237, -0.030546, -0.412514; 1, 12, 1, 0; 0.817918606354; 1, 0, 1; 1, 0, 0; 3, 1, 2 ;
0,6; 2.319263, 0.084255, 0.080811 / 2.319263, 0.084255, 0.080811 / 2.319263, 0.084255, 0.080811; 1, 16, 1, 0; 0.661085171017; 1, 0, 1; 0, 1, 0; 1, 1, 2 ;
0,6; 2.338221, 0.086640, 0.108485 / 2.338221, 0.086640, 0.108485 / 2.338221, 0.086640, 0.108485; 1, 16, 1, 0; 0.661069205135; 1, 0, 1; 1, 0, 0; 3, 1, 2 ;
0,6; 2.702217, 0.401501, 1.338745 / 2.702217, 0.401501, 1.338745 / 2.702217, 0.401501, 1.338745; 1, 26, 1, 0; 0.911561098967; 1, 0, 1; 1, 0, 0; 3, 1, 2 ;
0,6; 2.699124, 0.395676, 1.333773 / 2.699124, 0.395676, 1.333773 / 2.699124, 0.395676, 1.333773; 1, 26, 1, 0; 0.911563687797; 1, 0, 1; 1, 0, 0; 2, 1, 2 ;
0,6; 2.758150, 0.428956, 1.483677 / 2.758150, 0.428956, 1.483677 / 2.758150, 0.428956, 1.483677; 1, 26, 1, 0; 0.911933230466; 1, 0, 1; 1, 0, 0; 1, 7, 0 / 3, 1, 2 ;
0,6; 2.755988, 0.437011, 1.493449 / 2.755988, 0.437011, 1.493449 / 2.755988, 0.437011, 1.493449; 1, 26, 1, 0; 0.911934910634; 1, 0, 1; 1, 0, 0; 3, 1, 2 ;
0,6; 2.803624, 0.470417, 1.621213 / 2.803624, 0.470417, 1.621213 / 2.803624, 0.470417, 1.621213; 1, 27, 1, 0; 0.562818310570; 1, 0, 1; 0, 1, 0; 1, 1, 2 ;
0,6; 2.815348, 0.479623, 1.660891 / 2.815348, 0.479623, 1.660891 / 2.815348, 0.479623, 1.660891; 1, 27, 1, 0; 0.562866056695; 0, 1, 0; 0, 1, 0; 1, 1, 1 ;
0,6; 2.861831, 0.514365, 1.806593 / 2.861831, 0.514365, 1.806593 / 2.861831, 0.514365, 1.806593; 1, 27, 1, 0; 0.564980781839; 1, 0, 1; 0, 1, 0; 1, 1, 2 ;
0,6; 2.814286, 0.477477, 1.654772 / 2.814286, 0.477477, 1.654772 / 2.814286, 0.477477, 1.654772; 1, 27, 1, 0; 0.562866480286; 1, 0, 1; 1, 0, 0; 3, 1, 2 ;
0,6; 2.891284, 0.534191, 1.897659 / 2.891284, 0.534191, 1.897659 / 2.891284, 0.534191, 1.897659; 1, 28, 1, 0; 0.720535014439; 1, 0, 1; 1, 0, 0; 2, 1, 2 ;
0,6; 3.112906, 0.720583, 2.639077 / 3.112906, 0.720583, 2.639077 / 3.112906, 0.720583, 2.639077; 1, 35, 1, 0; 0.071736718168; 1, 0, 1; 1, 0, 0; 2, 1, 2 ;
0,6; 3.125707, 0.724001, 2.646238 / 3.125707, 0.724001, 2.646238 / 3.125707, 0.724001, 2.646238; 1, 35, 1, 0; 0.071740518314; 1, 0, 1; 1, 0, 0; 3, 1, 2 ;
1,7; 1.3302, -3.00645, -3.25322 / 1.3302, -3.00645, -3.25322 / 1.3302, -3.00645, -3.25322; 1, 1, 1, 0; 0.979283657512; 1, 0, 1; 0, 1, 0; 4, 1, 2 ;
0,7; 1.023348, -2.852684, -3.211078 / 1.023348, -2.852684, -3.211078 / 1.023348, -2.852684, -3.211078; 1, 1, 1, 0; 0.980862594888; 1, 0, 1; 1, 0, 0; 2, 1, 2 / 3, 1, 0 / 4, 6, 0 ;
0,7; 1.020809, -2.847185, -3.217166 / 1.020809, -2.847185, -3.217166 / 1.020809, -2.847185, -3.217166; 1, 1, 1, 0; 0.980862923181; 0, 1, 0; 1, 0, 0; 2, 1, 1 ;
0,7; 1.233286, -2.954175, -3.246503 / 1.233286, -2.954175, -3.246503 / 1.233286, -2.954175, -3.246503; 1, 1, 1, 0; 0.981124489366; 1, 0, 1; 1, 0, 0; 2, 1, 2 ;
0,7; -3.576863, -0.368427, -2.706616 / -3.576863, -0.368427, -2.706616 / -3.576863, -0.368427, -2.706616; 1, 2, 1, 0; 0.970751639881; 0, 1, 0; 0, 1, 0; 1, 1, 1 / 1, 7, 0 / 4, 4, 0 / 4, 9, 0 ;
0,7; -3.704723, -0.298159, -2.690903 / -3.704723, -0.298159, -2.690903 / -3.704723, -0.298159, -2.690903; 1, 2, 1, 0; 0.914694284385; 1, 0, 1; 1, 0, 0; 1, 2, 0 / 2, 1, 2 ;
0,7; -3.220193, -0.554537, -2.743202 / -3.220193, -0.554537, -2.743202 / -3.220193, -0.554537, -2.743202; 1, 2, 1, 0; 0.968605254581; 1, 0, 1; 1, 0, 0; 2, 1, 2 ;
0,7; -3.522456, -0.396303, -2.711351 / -3.522456, -0.396303, -2.711351 / -3.522456, -0.396303, -2.711351; 1, 2, 1, 0; 0.970518528363; 1, 0, 1; 1, 0, 0; 2, 7, 0 / 3, 1, 2 ;
0,7; -3.530228, -0.395990, -2.715629 / -3.530228, -0.395990, -2.715629 / -3.530228, -0.395990, -2.715629; 1, 2, 1, 0; 0.970525244519; 1, 0, 1; 1, 0, 0; 2, 1, 2 ;
0,7; -3.579739, -0.373704, -2.704437 / -3.579739, -0.373704, -2.704437 / -3.579739, -0.373704, -2.704437; 1, 2, 1, 0; 0.970751034715; 1, 0, 1; 1, 0, 0; 2, 1, 2 ;
0,7; -3.576663, -0.367204, -2.705130 / -3.576663, -0.367204, -2.705130 / -3.576663, -0.367204, -2.705130; 1, 2, 1, 0; 0.970751687345; 0, 1, 0; 1, 0, 0; 1, 7, 0 / 2, 1, 1 / 3, 1, 0 ;
0,7; -0.155070, -1.768264, -3.300849 / -0.154825, -1.768112, -3.300766 / -0.155314, -1.768415, -3.300933; 1, 3, 1, 0; 0.103769109878; 0, 2, 0; 1, 1, 0; 3, 2, 1 / 4, 1, 1 ;
0,7; 0.434890, -2.534357, -3.107005 / 0.434890, -2.534357, -3.107005 / 0.434890, -2.534357, -3.107005; 1, 3, 1, 0; 0.066476738516; 1, 0, 1; 0, 1, 0; 4, 1, 2 ;
0,7; -0.145599, -1.770656, -3.306358 / -0.145599, -1.770656, -3.306358 / -0.145599, -1.770656, -3.306358; 1, 3, 1, 0; 0.103762630109; 0, 1, 0; 0, 1, 0; 1, 1, 1 ;
0,7; 0.452308, -2.545451, -3.102132 / 0.452308, -2.545451, -3.102132 / 0.452308, -2.545451, -3.102132; 1, 3, 1, 0; 0.066467788537; 1, 0, 1; 1, 0, 0; 2, 1, 2 ;
0,7; 0.452663, -2.542927, -3.119415 / 0.452663, -2.542927, -3.119415 / 0.452663, -2.542927, -3.119415; 1, 3, 1, 0; 0.066473478483; 0, 1, 0; 1, 0, 0; 2, 3, 0 / 2, 4, 0 / 3, 1, 1 / 4, 2, 0 / 4, 5, 0 ;
0,7; 0.094598, -2.351146, -3.132089 / 0.094598, -2.351146, -3.132089 / 0.094598, -2.351146, -3.132089; 1, 3, 1, 0; 0.072835459004; 1, 0, 1; 1, 0, 0; 3, 1, 2 ;
0,7; -0.203362, -1.754550, -3.253403 / -0.203362, -1.754550, -3.253403 / -0.203362, -1.754550, -3.253403; 1, 3, 1, 0; 0.103677704034; 1, 0, 1; 1, 0, 0; 2, 1, 2 ;
0,7; -0.137242, -1.779462, -3.312701 / -0.137242, -1.779462, -3.312701 / -0.137242, -1.779462, -3.312701; 1, 3, 1, 0; 0.103756182578; 1, 0, 1; 1, 0, 0; 2, 1, 2 ;
0,7; -1.481344, -1.493355, -2.942754 / -1.480452, -1.492924, -2.941706 / -1.482236, -1.493786, -2.943802; 1, 5, 1, 0; 0.119216943524; 0, 2, 0; 0, 2, 1; 1, 1, 1 / 4, 9, 0 / 4, 10, 3 ;
0,7; -0.715025, -1.921559, -3.006788 / -0.715025, -1.921496, -3.006774 / -0.715026, -1.921621, -3.006803; 1, 5, 1, 0; 0.154972966112; 0, 2, 0; 0, 2, 1; 1, 6, 1 / 4, 1, 1 ;
0,7; -0.714324, -1.924786, -3.006203 / -0.713460, -1.924298, -3.005243 / -0.715188, -1.925273, -3.007162; 1, 5, 1, 0; 0.154972838686; 0, 3, 0; 1, 2, 0; 1, 1, 1 / 1, 9, 1 / 2, 5, 1 ;
0,7; -0.702573, -1.950503, -3.220858 / -0.702139, -1.949933, -3.220067 / -0.703008, -1.951073, -3.221649; 1, 5, 1, 0; 0.034301083806; 2, 1, 2; 2, 1, 0; 2, 4, 0 / 3, 1, 2 / 3, 9, 2 / 4, 9, 1 ;
0,7; -0.570546, -1.980465, -3.066165 / -0.570224, -1.979831, -3.065449 / -0.570868, -1.981100, -3.066880; 1, 5, 1, 0; 0.151911922258; 0, 3, 0; 2, 1, 0; 1, 3, 0 / 2, 1, 1 / 3, 8, 1 / 4, 8, 1 ;
0,7; -2.335445, -0.949506, -2.900003 / -2.335138, -0.949240, -2.899347 / -2.335753, -0.949772, -2.900659; 1, 5, 1, 0; 0.099597197023; 2, 1, 1; 1, 1, 0; 1, 7, 2 / 2, 8, 0 / 3, 1, 1 ;
0,7; -1.284808, -1.598284, -2.963597 / -1.284098, -1.598079, -2.963300 / -1.285519, -1.598488, -2.963895; 1, 5, 1, 0; 0.144500039698; 2, 1, 1; 1, 1, 0; 2, 7, 2 / 3, 6, 0 / 4, 1, 1 ;
0,7; -0.702831, -1.955403, -3.222881 / -0.702831, -1.955403, -3.222881 / -0.702831, -1.955403, -3.222881; 1, 5, 1, 0; 0.034301652321; 1, 0, 1; 0, 1, 0; 1, 1, 2 ;
0,7; -2.176497, -1.117846, -2.861202 / -2.176497, -1.117846, -2.861202 / -2.176497, -1.117846, -2.861202; 1, 5, 1, 0; 0.099327813833; 1, 0, 1; 0, 1, 0; 4, 1, 2 ;
0,7; -1.285560, -1.596937, -2.969451 / -1.285560, -1.596937, -2.969451 / -1.285560, -1.596937, -2.969451; 1, 5, 1, 0; 0.144490830728; 1, 0, 1; 0, 1, 0; 1, 1, 2 ;
0,7; -1.296240, -1.594782, -2.966038 / -1.296240, -1.594782, -2.966038 / -1.296240, -1.594782, -2.966038; 1, 5, 1, 0; 0.144498010686; 0, 1, 0; 0, 1, 0; 4, 1, 1 ;
0,7; -1.280228, -1.601774, -2.964434 / -1.280228, -1.601774, -2.964434 / -1.280228, -1.601774, -2.964434; 1, 5, 1, 0; 0.144500691530; 1, 0, 1; 0, 1, 0; 4, 1, 2 ;
0,7; -0.440051, -1.944534, -3.044337 / -0.440051, -1.944534, -3.044337 / -0.440051, -1.944534, -3.044337; 1, 5, 1, 0; 0.152664759199; 1, 0, 1; 0, 1, 0; 1, 1, 2 ;
0,7; -0.724925, -1.947404, -3.007003 / -0.724925, -1.947404, -3.007003 / -0.724925, -1.947404, -3.007003; 1, 5, 1, 0; 0.154817143877; 0, 1, 0; 0, 1, 0; 4, 1, 1 ;
0,7; -0.714316, -1.924256, -3.006203 / -0.713460, -1.924071, -3.005243 / -0.715172, -1.924442, -3.007162; 1, 5, 1, 0; 0.154972858290; 0, 1, 0; 1, 2, 0; 1, 5, 1 / 1, 7, 1 / 2, 1, 1 ;
0,7; -0.785206, -1.870318, -3.177931 / -0.785116, -1.870282, -3.177884 / -0.785295, -1.870354, -3.177979; 1, 5, 1, 0; 0.035165090017; 1, 0, 2; 2, 0, 0; 2, 2, 0 / 3, 1, 2 / 3, 2, 2 / 3, 3, 0 ;
0,7; -0.701695, -1.952464, -3.225201 / -0.701695, -1.952464, -3.225201 / -0.701695, -1.952464, -3.225201; 1, 5, 1, 0; 0.034292502164; 1, 0, 1; 1, 0, 0; 3, 1, 2 ;
0,7; -0.703180, -1.955643, -3.225732 / -0.703180, -1.955643, -3.225732 / -0.703180, -1.955643, -3.225732; 1, 5, 1, 0; 0.034293100085; 1, 0, 1; 1, 0, 0; 2, 1, 2 ;
0,7; -0.710612, -1.940808, -3.218446 / -0.710612, -1.940808, -3.218446 / -0.710612, -1.940808, -3.218446; 1, 5, 1, 0; 0.034298907764; 1, 0, 1; 1, 0, 0; 2, 1, 2 / 4, 7, 0 ;
0,7; -0.697169, -1.943178, -3.215678 / -0.697169, -1.943178, -3.215678 / -0.697169, -1.943178, -3.215678; 1, 5, 1, 0; 0.034300525093; 1, 0, 1; 1, 0, 0; 2, 1, 2 ;
0,7; -0.704269, -1.950315, -3.217587 / -0.704269, -1.950315, -3.217587 / -0.704269, -1.950315, -3.217587; 1, 5, 1, 0; 0.034301176925; 1, 0, 1; 1, 0, 0; 3, 1, 2 / 4, 4, 0 ;
0,7; -0.705197, -1.954492, -3.219193 / -0.705197, -1.954492, -3.219193 / -0.705197, -1.954492, -3.219193; 1, 5, 1, 0; 0.034301735638; 1, 0, 1; 1, 0, 0; 3, 1, 2 ;
0,7; -0.783897, -1.874089, -3.173872 / -0.783897, -1.874089, -3.173872 / -0.783897, -1.874089, -3.173872; 1, 5, 1, 0; 0.035174298986; 1, 0, 1; 1, 0, 0; 3, 1, 2 ;
0,7; -2.177381, -1.111361, -2.856036 / -2.177381, -1.111361, -2.856036 / -2.177381, -1.111361, -2.856036; 1, 5, 1, 0; 0.099327309030; 1, 0, 1; 1, 0, 0; 2, 1, 2 ;
0,7; -2.174678, -1.118723, -2.862377 / -2.174678, -1.118723, -2.862377 / -2.174678, -1.118723, -2.862377; 1, 5, 1, 0; 0.099327764823; 1, 0, 1; 1, 0, 0; 2, 1, 2 ;
0,7; -2.337307, -0.951234, -2.899422 / -2.337307, -0.951234, -2.899422 / -2.337307, -0.951234, -2.899422; 1, 5, 1, 0; 0.099597819449; 0, 1, 0; 1, 0, 0; 3, 1, 1 / 4, 9, 0 ;
0,7; -1.489425, -1.481799, -2.941005 / -1.489425, -1.481799, -2.941005 / -1.489425, -1.481799, -2.941005; 1, 5, 1, 0; 0.119223270708; 0, 1, 0; 1, 0, 0; 2, 1, 1 / 4, 5, 0 ;
0,7; -1.793279, -1.323948, -2.907240 / -1.793279, -1.323948, -2.907240 / -1.793279, -1.323948, -2.907240; 1, 5, 1, 0; 0.121469367311; 1, 0, 1; 1, 0, 0; 1, 5, 0 / 2, 1, 2 ;
0,7; -1.284296, -1.603985, -2.961010 / -1.284296, -1.603985, -2.961010 / -1.284296, -1.603985, -2.961010; 1, 5, 1, 0; 0.144500946382; 1, 0, 1; 1, 0, 0; 2, 1, 2 ;
0,7; -1.301572, -1.596555, -2.956957 / -1.301572, -1.596555, -2.956957 / -1.301572, -1.596555, -2.956957; 1, 5, 1, 0; 0.144505876783; 1, 0, 1; 1, 0, 0; 3, 1, 2 ;
0,7; -1.298427, -1.591367, -2.956472 / -1.298427, -1.591367, -2.956472 / -1.298427, -1.591367, -2.956472; 1, 5, 1, 0; 0.144506621734; 1, 0, 1; 1, 0, 0; 2, 1, 2 ;
0,7; -0.432309, -1.941949, -3.049022 / -0.432309, -1.941949, -3.049022 / -0.432309, -1.941949, -3.049022; 1, 5, 1, 0; 0.152664523952; 1, 0, 1; 1, 0, 0; 2, 1, 2 ;
0,7; -0.715763, -1.938127, -3.006000 / -0.715763, -1.938127, -3.006000 / -0.715763, -1.938127, -3.006000; 1, 5, 1, 0; 0.154818633779; 0, 1, 0; 1, 0, 0; 3, 1, 1 ;
0,7; -0.714883, -1.940352, -3.004253 / -0.714883, -1.940352, -3.004253 / -0.714883, -1.940352, -3.004253; 1, 5, 1, 0; 0.154818746502; 1, 0, 1; 1, 0, 0; 2, 1, 2 ;
0,7; -0.716409, -1.920099, -3.006466 / -0.716409, -1.920099, -3.006466 / -0.716409, -1.920099, -3.006466; 1, 5, 1, 0; 0.154973083735; 0, 1, 0; 1, 0, 0; 2, 1, 1 ;
1,8; 1.52941, -0.938945, -1.37901 / 1.52966, -0.938888, -1.37806 / 1.52915, -0.939002, -1.37996; 1, 8, 1, 0; 0.741796383853; 2, 1, 1; 2, 0, 0; 2, 1, 2 / 3, 9, 1 ;
0,8; -0.199511, -1.975294, -1.534605 / -0.199511, -1.975294, -1.534605 / -0.199511, -1.975294, -1.534605; 1, 8, 1, 0; 0.646533262561; 1, 0, 1; 1, 0, 0; 2, 1, 2 ;
0,8; 0.121607, -1.788533, -1.499281 / 0.121607, -1.788533, -1.499281 / 0.121607, -1.788533, -1.499281; 1, 8, 1, 0; 0.660109022368; 1, 0, 1; 1, 0, 0; 3, 1, 2 ;
0,8; 1.522204, -0.941647, -1.379820 / 1.522204, -0.941647, -1.379820 / 1.522204, -0.941647, -1.379820; 1, 8, 1, 0; 0.741794900903; 0, 1, 0; 1, 0, 0; 3, 1, 1 ;
0,8; -1.949599, -3.021580, -1.696917 / -1.948998, -3.021230, -1.695925 / -1.950199, -3.021931, -1.697910; 1, 9, 1, 0; 0.041914715882; 2, 1, 1; 1, 1, 0; 2, 1, 2 / 4, 10, 1 ;
0,8; -2.257574, -3.199322, -1.723203 / -2.257574, -3.199322, -1.723203 / -2.257574, -3.199322, -1.723203; 1, 9, 1, 0; 0.030924000493; 1, 0, 1; 0, 1, 0; 1, 1, 2 ;
0,8; -2.298041, -3.233330, -1.727267 / -2.298041, -3.233330, -1.727267 / -2.298041, -3.233330, -1.727267; 1, 9, 1, 0; 0.029878805869; 1, 0, 1; 1, 0, 0; 3, 1, 2 ;
0,8; -2.245694, -3.197638, -1.720155 / -2.245694, -3.197638, -1.720155 / -2.245694, -3.197638, -1.720155; 1, 9, 1, 0; 0.030922870465; 1, 0, 1; 1, 0, 0; 3, 1, 2 ;
0,8; -1.950343, -3.019542, -1.688162 / -1.950343, -3.019542, -1.688162 / -1.950343, -3.019542, -1.688162; 1, 9, 1, 0; 0.041924518468; 0, 1, 0; 1, 0, 0; 2, 1, 1 ;
0,8; -1.829198, -2.953042, -1.687130 / -1.829198, -2.953042, -1.687130 / -1.829198, -2.953042, -1.687130; 1, 9, 1, 0; 0.043901175013; 1, 0, 1; 1, 0, 0; 3, 1, 2 ;
0,8; -1.822877, -2.948194, -1.686321 / -1.822877, -2.948194, -1.686321 / -1.822877, -2.948194, -1.686321; 1, 9, 1, 0; 0.043901769764; 1, 0, 1; 1, 0, 0; 2, 1, 2 ;
0,8; -1.821442, -2.949183, -1.681079 / -1.821442, -2.949183, -1.681079 / -1.821442, -2.949183, -1.681079; 1, 9, 1, 0; 0.043902542941; 1, 0, 1; 1, 0, 0; 3, 1, 2 ;
0,8; -1.576907, -2.797588, -1.661326 / -1.576907, -2.797588, -1.661326 / -1.576907, -2.797588, -1.661326; 1, 9, 1, 0; 0.045815788165; 0, 1, 0; 1, 0, 0; 2, 1, 1 ;
0,8; 2.222406, -0.523563, -1.315871 / 2.222406, -0.523563, -1.315871 / 2.222406, -0.523563, -1.315871; 1, 11, 1, 0; 0.464473343312; 1, 0, 1; 1, 0, 0; 2, 1, 2 ;
0,8; 2.298359, -0.475689, -1.311096 / 2.298359, -0.475689, -1.311096 / 2.298359, -0.475689, -1.311096; 1, 11, 1, 0; 0.465646842944; 1, 0, 1; 1, 0, 0; 3, 1, 2 ;
0,8; 1.949947, -0.689040, -1.339015 / 1.949947, -0.689040, -1.339015 / 1.949947, -0.689040, -1.339015; 1, 11, 1, 0; 0.513598738688; 1, 0, 1; 1, 0, 0; 3, 1, 2 ;
0,8; 4.229175, 0.677588, -1.130761 / 4.229538, 0.677597, -1.130170 / 4.228811, 0.677578, -1.131351; 1, 12, 1, 0; 0.189944470002; 2, 1, 1; 1, 1, 0; 3, 4, 2 / 4, 1, 1 ;
0,8; 4.235476, 0.682073, -1.131853 / 4.235476, 0.682073, -1.131853 / 4.235476, 0.682073, -1.131853; 1, 12, 1, 0; 0.189946112156; 1, 0, 1; 1, 0, 0; 2, 1, 2 / 4, 7, 0 ;
0,8; 4.251332, 0.684396, -1.127631 / 4.251332, 0.684396, -1.127631 / 4.251332, 0.684396, -1.127631; 1, 12, 1, 0; 0.189948120506; 1, 0, 1; 1, 0, 0; 3, 1, 2 ;
0,8; 4.226136, 0.676116, -1.126584 / 4.226136, 0.676116, -1.126584 / 4.226136, 0.676116, -1.126584; 1, 12, 1, 0; 0.189954420199; 1, 0, 1; 1, 0, 0; 2, 1, 2 ;
1,9; -2.11573, -2.57991, -2.68777 / -2.11551, -2.57938, -2.68712 / -2.11594, -2.58044, -2.68841; 1, 5, 1, 0; 0.264862977982; 2, 4, 2; 4, 2, 1; 1, 5, 1 / 2, 2, 0 / 2, 4, 0 / 2, 5, 0 / 2, 8, 1 / 3, 1, 2 / 3, 3, 1 / 3, 10, 1 / 4, 10, 1 ;
0,9; -2.107713, -2.585076, -2.697013 / -2.107699, -2.584824, -2.696809 / -2.107727, -2.585328, -2.697217; 1, 5, 1, 0; 0.264853323022; 1, 0, 2; 0, 2, 1; 1, 3, 2 / 3, 9, 0 / 4, 1, 2 ;
0,9; -2.114993, -2.580883, -2.687489 / -2.114367, -2.580301, -2.687248 / -2.115619, -2.581466, -2.687730; 1, 5, 1, 0; 0.264862928972; 0, 4, 0; 2, 2, 0; 2, 5, 1 / 2, 7, 1 / 2, 9, 0 / 4, 1, 1 / 4, 2, 0 / 4, 10, 1 ;
0,9; -2.110238, -2.581007, -2.679964 / -2.109990, -2.580504, -2.679393 / -2.110486, -2.581509, -2.680534; 1, 5, 1, 0; 0.264862585902; 2, 1, 1; 0, 2, 0; 4, 1, 1 / 4, 3, 2 ;
0,9; -2.105998, -2.577343, -2.675832 / -2.105249, -2.577274, -2.675472 / -2.106748, -2.577411, -2.676191; 1, 5, 1, 0; 0.264870510811; 0, 2, 0; 1, 1, 0; 1, 1, 1 / 1, 7, 0 / 2, 7, 1 ;
0,9; -2.167472, -2.648445, -2.848863 / -2.167472, -2.648445, -2.848863 / -2.167472, -2.648445, -2.848863; 1, 5, 1, 0; 0.201206046652; 0, 1, 0; 0, 1, 0; 1, 1, 1 / 1, 3, 0 ;
0,9; -2.108509, -2.579954, -2.680868 / -2.108509, -2.579954, -2.680868 / -2.108509, -2.579954, -2.680868; 1, 5, 1, 0; 0.264861983080; 0, 0, 0; 0, 1, 0; 4, 1, 3 ;
0,9; -2.116652, -2.578188, -2.687083 / -2.116652, -2.578188, -2.687083 / -2.116652, -2.578188, -2.687083; 1, 5, 1, 0; 0.264863071101; 1, 0, 1; 0, 1, 0; 1, 5, 0 / 3, 7, 0 / 4, 1, 2 / 4, 8, 0 ;
0,9; -2.095656, -2.561097, -2.630125 / -2.095656, -2.561097, -2.630125 / -2.095656, -2.561097, -2.630125; 1, 5, 1, 0; 0.264903259260; 1, 0, 1; 0, 1, 0; 4, 1, 2 ;
0,9; -1.982919, -2.440135, -2.328186 / -1.982919, -2.440135, -2.328186 / -1.982919, -2.440135, -2.328186; 1, 5, 1, 0; 0.538976833977; 1, 0, 1; 0, 1, 0; 1, 1, 2 ;
0,9; -2.109200, -2.583514, -2.700917 / -2.108994, -2.583379, -2.700547 / -2.109406, -2.583650, -2.701286; 1, 5, 1, 0; 0.264853411240; 1, 0, 2; 2, 0, 0; 1, 3, 0 / 2, 2, 2 / 2, 3, 0 / 2, 10, 0 / 3, 1, 2 / 3, 2, 0 / 3, 7, 0 ;
0,9; -2.130710, -2.601672, -2.729160 / -2.130710, -2.601672, -2.729160 / -2.130710, -2.601672, -2.729160; 1, 5, 1, 0; 0.264191693598; 1, 0, 1; 1, 0, 0; 3, 1, 2 ;
0,9; -2.111347, -2.584718, -2.695260 / -2.111347, -2.584718, -2.695260 / -2.111347, -2.584718, -2.695260; 1, 5, 1, 0; 0.264853891537; 1, 0, 1; 1, 0, 0; 2, 1, 2 ;
0,9; -2.113937, -2.583512, -2.699669 / -2.113937, -2.583512, -2.699669 / -2.113937, -2.583512, -2.699669; 1, 5, 1, 0; 0.264854072874; 1, 0, 1; 1, 0, 0; 2, 1, 2 ;
0,9; -2.117174, -2.576617, -2.687228 / -2.117174, -2.576617, -2.687228 / -2.117174, -2.576617, -2.687228; 1, 5, 1, 0; 0.264863129913; 1, 0, 1; 1, 0, 0; 2, 1, 2 ;
0,9; -2.109305, -2.578433, -2.676209 / -2.109305, -2.578433, -2.676209 / -2.109305, -2.578433, -2.676209; 1, 5, 1, 0; 0.264871108732; 1, 0, 1; 1, 0, 0; 3, 1, 2 ;
0,9; -1.998315, -2.459700, -2.381863 / -1.998315, -2.459700, -2.381863 / -1.998315, -2.459700, -2.381863; 1, 5, 1, 0; 0.538938655226; 0, 1, 0; 1, 0, 0; 3, 1, 1 ;
0,9; -1.998377, -2.461811, -2.377494 / -1.998377, -2.461811, -2.377494 / -1.998377, -2.461811, -2.377494; 1, 5, 1, 0; 0.538947124145; 1, 0, 1; 1, 0, 0; 3, 1, 2 ;
0,9; -2.003029, -2.461012, -2.374622 / -2.003029, -2.461012, -2.374622 / -2.003029, -2.461012, -2.374622; 1, 5, 1, 0; 0.538947668156; 1, 0, 1; 1, 0, 0; 3, 1, 2 ;
0,9; -2.002314, -2.459470, -2.375967 / -2.002314, -2.459470, -2.375967 / -2.002314, -2.459470, -2.375967; 1, 5, 1, 0; 0.538947736770; 1, 0, 1; 1, 0, 0; 2, 1, 2 ;
0,9; -2.000508, -2.457708, -2.376334 / -2.000508, -2.457708, -2.376334 / -2.000508, -2.457708, -2.376334; 1, 5, 1, 0; 0.538947815185; 1, 0, 1; 1, 0, 0; 2, 1, 2 ;
0,9; -1.692021, -2.082712, -1.441487 / -1.691829, -2.082289, -1.441292 / -1.692214, -2.083136, -1.441681; 1, 9, 1, 0; 0.166745276592; 2, 1, 1; 1, 1, 0; 2, 4, 2 / 4, 1, 1 ;
0,9; -1.418385, -1.737001, -0.660699 / -1.417862, -1.736694, -0.660698 / -1.418908, -1.737309, -0.660699; 1, 9, 1, 0; 0.465268503259; 1, 0, 2; 1, 1, 0; 3, 1, 2 / 4, 3, 2 ;
0,9; -1.418861, -1.739971, -0.661441 / -1.418861, -1.739971, -0.661441 / -1.418861, -1.739971, -0.661441; 1, 9, 1, 0; 0.465268568141; 0, 0, 0; 0, 1, 0; 4, 1, 3 ;
0,9; -1.700700, -2.102523, -1.492804 / -1.700700, -2.102523, -1.492804 / -1.700700, -2.102523, -1.492804; 1, 9, 1, 0; 0.165820492108; 0, 1, 0; 1, 0, 0; 2, 1, 1 ;
0,9; -1.704582, -2.101395, -1.492545 / -1.704582, -2.101395, -1.492545 / -1.704582, -2.101395, -1.492545; 1, 9, 1, 0; 0.165820567804; 1, 0, 1; 1, 0, 0; 3, 1, 2 ;
0,9; -1.703006, -2.102042, -1.489244 / -1.703006, -2.102042, -1.489244 / -1.703006, -2.102042, -1.489244; 1, 9, 1, 0; 0.165821189589; 1, 0, 1; 1, 0, 0; 2, 1, 2 ;
0,9; -1.402465, -2.025884, -1.328559 / -1.402465, -2.025884, -1.328559 / -1.402465, -2.025884, -1.328559; 1, 9, 1, 0; 0.169364183633; 1, 0, 1; 1, 0, 0; 3, 1, 2 ;
0,9; -1.367216, -1.691683, -0.485846 / -1.367216, -1.691683, -0.485846 / -1.367216, -1.691683, -0.485846; 1, 10, 1, 0; 0.539062509462; 1, 0, 1; 0, 1, 0; 4, 1, 2 ;
0,9; -1.358866, -1.688686, -0.473055 / -1.358866, -1.688686, -0.473055 / -1.358866, -1.688686, -0.473055; 1, 10, 1, 0; 0.539071365852; 1, 0, 1; 0, 1, 0; 4, 1, 2 ;
0,9; -1.097291, -1.382727, 0.294947 / -1.097023, -1.382515, 0.295123 / -1.097560, -1.382939, 0.294771; 1, 16, 1, 0; 0.871755530464; 0, 2, 0; 1, 1, 0; 3, 1, 1 / 4, 1, 1 ;
0,9; -1.144873, -1.441041, 0.148616 / -1.144873, -1.441041, 0.148616 / -1.144873, -1.441041, 0.148616; 1, 16, 1, 0; 0.871166842131; 1, 0, 1; 0, 1, 0; 1, 1, 2 ;
0,9; -1.101184, -1.386613, 0.284282 / -1.101184, -1.386613, 0.284282 / -1.101184, -1.386613, 0.284282; 1, 16, 1, 0; 0.871753447666; 0, 0, 0; 0, 1, 0; 4, 1, 3 ;
0,9; -1.150938, -1.451440, 0.141280 / -1.150938, -1.451440, 0.141280 / -1.150938, -1.451440, 0.141280; 1, 16, 1, 0; 0.871164645482; 1, 0, 1; 1, 0, 0; 2, 1, 2 ;
0,9; -1.122898, -1.421816, 0.202481 / -1.122898, -1.421816, 0.202481 / -1.122898, -1.421816, 0.202481; 1, 16, 1, 0; 0.871695156123; 1, 0, 1; 1, 0, 0; 3, 1, 2 ;
0,9; -1.118615, -1.406954, 0.232428 / -1.118615, -1.406954, 0.232428 / -1.118615, -1.406954, 0.232428; 1, 16, 1, 0; 0.871721087287; 1, 0, 1; 1, 0, 0; 2, 1, 2 ;
0,9; -1.118874, -1.404446, 0.251149 / -1.118874, -1.404446, 0.251149 / -1.118874, -1.404446, 0.251149; 1, 16, 1, 0; 0.871745391057; 1, 0, 1; 1, 0, 0; 3, 1, 2 ;
0,9; -1.081926, -1.363439, 0.344847 / -1.081926, -1.363439, 0.344847 / -1.081926, -1.363439, 0.344847; 1, 23, 1, 0; 0.018922397166; 1, 0, 1; 0, 1, 0; 4, 1, 2 ;
0,9; -1.099717, -0.006596, 1.143798 / -1.099717, -0.006596, 1.143798 / -1.099717, -0.006596, 1.143798; 1, 23, 1, 0; 0.463679956666; 1, 0, 1; 0, 1, 0; 4, 1, 2 ;
0,9; -0.996798, -0.358094, 1.061295 / -0.996798, -0.358094, 1.061295 / -0.996798, -0.358094, 1.061295; 1, 23, 1, 0; 0.459256930619; 0, 1, 0; 1, 0, 0; 3, 1, 1 ;
0,9; -1.030056, -0.349493, 1.025887 / -1.030056, -0.349493, 1.025887 / -1.030056, -0.349493, 1.025887; 1, 23, 1, 0; 0.459385610975; 1, 0, 1; 1, 0, 0; 2, 1, 2 ;
0,9; -1.103509, -0.002196, 1.149025 / -1.103509, -0.002196, 1.149025 / -1.103509, -0.002196, 1.149025; 1, 23, 1, 0; 0.463679446762; 1, 0, 1; 1, 0, 0; 2, 1, 2 ;
0,9; -1.101999, -0.002986, 1.144166 / -1.101999, -0.002986, 1.144166 / -1.101999, -0.002986, 1.144166; 1, 23, 1, 0; 0.463679734969; 1, 0, 1; 1, 0, 0; 3, 1, 2 ;
0,9; -1.098918, -0.008282, 1.143425 / -1.098918, -0.008282, 1.143425 / -1.098918, -0.008282, 1.143425; 1, 23, 1, 0; 0.463680060124; 1, 0, 1; 1, 0, 0; 2, 1, 2 ;
0,9; -0.728224, -0.943710, 1.375257 / -0.728224, -0.943710, 1.375257 / -0.728224, -0.943710, 1.375257; 1, 23, 1, 0; 0.908934368806; 1, 0, 1; 1, 0, 0; 2, 1, 2 ;
0,9; -0.737299, -0.954917, 1.356858 / -0.737299, -0.954917, 1.356858 / -0.737299, -0.954917, 1.356858; 1, 23, 1, 0; 0.908940332457; 0, 0, 0; 1, 0, 0; 3, 1, 3 ;
0,9; -0.614366, -0.803894, 1.733976 / -0.614366, -0.803894, 1.733976 / -0.614366, -0.803894, 1.733976; 1, 27, 1, 0; 0.770058004405; 1, 0, 1; 0, 1, 0; 1, 1, 2 ;
0,9; -0.566794, -0.746354, 1.866434 / -0.566794, -0.746354, 1.866434 / -0.566794, -0.746354, 1.866434; 1, 30, 1, 0; 0.504414142713; 1, 0, 1; 0, 1, 0; 1, 1, 2 ;
0,9; -0.511397, -0.684308, 2.030500 / -0.511397, -0.684308, 2.030500 / -0.511397, -0.684308, 2.030500; 1, 30, 1, 0; 0.506568192534; 1, 0, 1; 0, 1, 0; 4, 1, 2 / 4, 9, 0 ;
0,9; -0.565066, -0.754253, 1.862326 / -0.565066, -0.754253, 1.862326 / -0.565066, -0.754253, 1.862326; 1, 30, 1, 0; 0.504412593857; 1, 0, 1; 1, 0, 0; 2, 1, 2 ;
0,9; -0.441949, -0.609745, 2.219492 / -0.441949, -0.609745, 2.219492 / -0.441949, -0.609745, 2.219492; 1, 31, 1, 0; 0.982318118327; 1, 0, 1; 1, 0, 0; 3, 1, 2 ;
0,9; -0.444797, -0.605888, 2.217763 / -0.444797, -0.605888, 2.217763 / -0.444797, -0.605888, 2.217763; 1, 31, 1, 0; 0.982319869837; 1, 0, 1; 1, 0, 0; 2, 1, 2 ;
0,9; -0.432786, -0.593075, 2.257921 / -0.432786, -0.593075, 2.257921 / -0.432786, -0.593075, 2.257921; 1, 31, 1, 0; 0.982388839685; 1, 0, 1; 1, 0, 0; 2, 1, 2 ;
0,9; -0.430081, -0.594266, 2.256167 / -0.430081, -0.594266, 2.256167 / -0.430081, -0.594266, 2.256167; 1, 31, 1, 0; 0.982390062437; 1, 0, 1; 1, 0, 0; 3, 1, 2 ;
0,9; -0.416223, -0.571588, 2.304224 / -0.416223, -0.571588, 2.304224 / -0.416223, -0.571588, 2.304224; 1, 31, 1, 0; 0.982566469264; 1, 0, 1; 1, 0, 0; 3, 1, 2 ;
0,9; -0.417276, -0.566210, 2.301859 / -0.417276, -0.566210, 2.301859 / -0.417276, -0.566210, 2.301859; 1, 31, 1, 0; 0.982568132648; 1, 0, 1; 1, 0, 0; 3, 1, 2 ;
0,9; -0.575129, -0.487213, 2.696578 / -0.575129, -0.487213, 2.696578 / -0.575129, -0.487213, 2.696578; 1, 34, 1, 0; 0.732128887492; 1, 0, 1; 1, 0, 0; 3, 1, 2 ;
0,9; -0.131100, -0.235642, 3.148977 / -0.130255, -0.235114, 3.149406 / -0.131945, -0.236171, 3.148548; 1, 41, 1, 0; 0.648578813634; 1, 0, 2; 1, 1, 0; 1, 9, 2 / 2, 1, 2 ;
0,9; 0.073515, 0.007658, 3.743829 / 0.073515, 0.007658, 3.743829 / 0.073515, 0.007658, 3.743829; 1, 46, 1, 0; 0.215027100374; 1, 0, 1; 0, 1, 0; 1, 1, 2 ;
