1,0; 0.733514, -4.10723, -0.941447 / 0.733638, -4.10701, -0.941146 / 0.73339, -4.10744, -0.941747; 1, 8, 1, 0; 0.984557319072; 2, 1, 1; 1, 1, 0; 3, 2, 2 / 4, 1, 1 ;
0,0; 0.797395, -4.206410, -1.115767 / 0.797395, -4.206410, -1.115767 / 0.797395, -4.206410, -1.115767; 1, 8, 1, 0; 0.984410645124; 0, 1, 0; 0, 1, 0; 1, 1, 1 / 2, 1, 0 ;
0,0; 0.790422, -4.194993, -1.096048 / 0.790422, -4.194993, -1.096048 / 0.790422, -4.194993, -1.096048; 1, 8, 1, 0; 0.984415855902; 0, 1, 0; 0, 1, 0; 1, 1, 1 ;
0,0; 0.813508, -4.229522, -1.158168 / 0.813715, -4.229008, -1.157773 / 0.813300, -4.230035, -1.158563; 1, 8, 1, 0; 0.984143264187; 2, 1, 1; 2, 0, 0; 1, 2, 0 / 2, 1, 1 / 3, 3, 2 ;
0,0; 0.799191, -4.208504, -1.119972 / 0.799191, -4.208504, -1.119972 / 0.799191, -4.208504, -1.119972; 1, 8, 1, 0; 0.984410772964; 0, 1, 0; 1, 0, 0; 3, 1, 1 ;
0,0; 0.739681, -4.110836, -0.950762 / 0.739681, -4.110836, -0.950762 / 0.739681, -4.110836, -0.950762; 1, 8, 1, 0; 0.984548758873; 1, 0, 1; 1, 0, 0; 2, 1, 2 ;
0,0; 0.739697, -4.116782, -0.957671 / 0.739697, -4.116782, -0.957671 / 0.739697, -4.116782, -0.957671; 1, 8, 1, 0; 0.984549745802; 0, 1, 0; 1, 0, 0; 2, 1, 1 ;
0,0; 0.472860, -3.700045, -0.229465 / 0.472860, -3.700045, -0.229465 / 0.472860, -3.700045, -0.229465; 1, 15, 1, 0; 0.298935529714; 1, 0, 1; 0, 1, 0; 4, 1, 2 ;
0,0; 0.292198, -3.429064, 0.263470 / 0.292198, -3.429064, 0.263470 / 0.292198, -3.429064, 0.263470; 1, 15, 1, 0; 0.886362471069; 1, 0, 1; 0, 1, 0; 1, 1, 2 ;
0,0; 0.134901, -3.182438, 0.686416 / 0.134901, -3.182438, 0.686416 / 0.134901, -3.182438, 0.686416; 1, 18, 1, 0; 0.693626882764; 1, 0, 1; 1, 0, 0; 3, 1, 2 ;
0,0; 0.135592, -3.192296, 0.681616 / 0.135592, -3.192296, 0.681616 / 0.135592, -3.192296, 0.681616; 1, 18, 1, 0; 0.693628835622; 1, 0, 1; 1, 0, 0; 3, 1, 2 ;
0,0; -0.101562, -2.825056, 1.331050 / -0.100451, -2.823932, 1.331543 / -0.102673, -2.826180, 1.330558; 1, 22, 1, 0; 0.551060776713; 2, 3, 2; 3, 2, 1; 1, 1, 1 / 2, 2, 2 / 2, 8, 2 / 3, 10, 1 / 4, 1, 1 ;
0,0; -0.104152, -2.823185, 1.333776 / -0.103688, -2.822791, 1.334396 / -0.104615, -2.823579, 1.333156; 1, 22, 1, 0; 0.551061577057; 2, 3, 2; 3, 2, 0; 1, 5, 1 / 1, 6, 1 / 2, 7, 2 / 3, 1, 2 / 3, 5, 1 ;
0,0; -0.102044, -2.809314, 1.352532 / -0.100960, -2.808974, 1.353004 / -0.103128, -2.809654, 1.352060; 1, 22, 1, 0; 0.552308826782; 2, 2, 1; 2, 1, 0; 1, 9, 1 / 2, 1, 2 / 2, 2, 0 / 2, 9, 1 ;
0,0; -0.109282, -2.809554, 1.360618 / -0.108831, -2.809205, 1.360681 / -0.109732, -2.809904, 1.360555; 1, 22, 1, 0; 0.552320409951; 2, 1, 1; 1, 1, 0; 2, 6, 1 / 4, 1, 2 ;
0,0; -0.111290, -2.811450, 1.354070 / -0.110090, -2.811131, 1.354212 / -0.112489, -2.811769, 1.353929; 1, 22, 1, 0; 0.552321093882; 1, 0, 2; 1, 1, 0; 1, 10, 2 / 2, 1, 2 ;
0,0; -0.019701, -2.946716, 1.110294 / -0.019701, -2.946716, 1.110294 / -0.019701, -2.946716, 1.110294; 1, 22, 1, 0; 0.091845427268; 1, 0, 1; 1, 0, 0; 3, 1, 2 / 4, 2, 0 ;
0,0; -0.015363, -2.945265, 1.107905 / -0.015363, -2.945265, 1.107905 / -0.015363, -2.945265, 1.107905; 1, 22, 1, 0; 0.091846402233; 1, 0, 1; 1, 0, 0; 2, 1, 2 ;
0,0; -0.101196, -2.825669, 1.331120 / -0.100429, -2.825000, 1.331543 / -0.101963, -2.826338, 1.330696; 1, 22, 1, 0; 0.551060783988; 0, 1, 0; 4, 0, 0; 2, 1, 2 / 2, 7, 2 / 3, 9, 1 / 3, 10, 1 / 4, 10, 0 ;
0,0; -0.097734, -2.810602, 1.354652 / -0.097734, -2.810602, 1.354652 / -0.097734, -2.810602, 1.354652; 1, 22, 1, 0; 0.552308106472; 1, 0, 1; 1, 0, 0; 3, 1, 2 ;
0,0; -0.111526, -2.808839, 1.362981 / -0.111526, -2.808839, 1.362981 / -0.111526, -2.808839, 1.362981; 1, 22, 1, 0; 0.552320533641; 1, 0, 1; 1, 0, 0; 3, 1, 2 / 4, 9, 0 ;
0,0; -0.118521, -2.809487, 1.358402 / -0.118521, -2.809487, 1.358402 / -0.118521, -2.809487, 1.358402; 1, 22, 1, 0; 0.552320817399; 1, 0, 1; 1, 0, 0; 2, 1, 2 / 3, 1, 0 ;
0,0; -0.110405, -2.803509, 1.354731 / -0.110405, -2.803509, 1.354731 / -0.110405, -2.803509, 1.354731; 1, 22, 1, 0; 0.552322316226; 1, 0, 1; 1, 0, 0; 2, 1, 2 ;
0,0; -0.417820, -2.250341, 2.279772 / -0.417820, -2.250341, 2.279772 / -0.417820, -2.250341, 2.279772; 1, 33, 1, 0; 0.685056976219; 1, 0, 1; 0, 1, 0; 1, 1, 2 ;
0,0; -0.569981, -2.114920, 2.593669 / -0.569195, -2.114787, 2.594049 / -0.570766, -2.115053, 2.593288; 1, 34, 1, 0; 0.340381421362; 1, 0, 2; 0, 2, 1; 1, 1, 2 / 4, 7, 2 ;
0,0; -0.571918, -2.114006, 2.596924 / -0.571464, -2.113737, 2.597481 / -0.572371, -2.114275, 2.596367; 1, 34, 1, 0; 0.340404758163; 1, 0, 3; 2, 1, 0; 2, 1, 2 / 2, 4, 2 / 4, 4, 2 ;
0,0; -0.565100, -2.123562, 2.579034 / -0.564970, -2.123101, 2.579533 / -0.565231, -2.124022, 2.578534; 1, 34, 1, 0; 0.340357061783; 2, 1, 1; 1, 1, 0; 2, 6, 1 / 4, 1, 2 ;
0,0; -0.568801, -2.122380, 2.595560 / -0.568801, -2.122380, 2.595560 / -0.568801, -2.122380, 2.595560; 1, 34, 1, 0; 0.340402725080; 1, 0, 1; 1, 0, 0; 1, 8, 0 / 3, 1, 2 ;
0,0; -0.574397, -2.108069, 2.598750 / -0.574397, -2.108069, 2.598750 / -0.574397, -2.108069, 2.598750; 1, 34, 1, 0; 0.340406753827; 1, 0, 1; 1, 0, 0; 3, 1, 2 ;
0,0; -0.783268, -1.792614, 3.161617 / -0.783268, -1.792614, 3.161617 / -0.783268, -1.792614, 3.161617; 1, 40, 1, 0; 0.508685855728; 1, 0, 1; 0, 1, 0; 4, 1, 2 ;
0,0; -0.790084, -1.778025, 3.188264 / -0.790084, -1.778025, 3.188264 / -0.790084, -1.778025, 3.188264; 1, 40, 1, 0; 0.511398727016; 1, 0, 1; 0, 1, 0; 1, 1, 2 ;
0,0; -0.938537, -1.554936, 3.591554 / -0.938147, -1.554676, 3.591724 / -0.938926, -1.555197, 3.591385; 1, 43, 1, 0; 0.571234434368; 0, 2, 0; 2, 0, 0; 2, 1, 1 / 3, 6, 1 ;
0,0; -0.934914, -1.556917, 3.589978 / -0.934914, -1.556917, 3.589978 / -0.934914, -1.556917, 3.589978; 1, 43, 1, 0; 0.571200658481; 1, 0, 1; 1, 0, 0; 2, 1, 2 ;
0,0; -1.019131, -1.435284, 3.805518 / -1.019131, -1.435284, 3.805518 / -1.019131, -1.435284, 3.805518; 1, 45, 1, 0; 0.774692777603; 1, 0, 1; 0, 1, 0; 1, 1, 2 ;
0,0; -1.034925, -1.410148, 3.848914 / -1.034925, -1.410148, 3.848914 / -1.034925, -1.410148, 3.848914; 1, 45, 1, 0; 0.775589175053; 0, 1, 0; 1, 0, 0; 3, 1, 1 ;
1,1; -2.07133, -1.69059, -1.89711 / -2.0712, -1.69054, -1.89708 / -2.07145, -1.69064, -1.89714; 1, 5, 1, 0; 0.861998718880; 2, 1, 1; 1, 1, 0; 3, 2, 2 / 4, 1, 1 ;
0,1; -2.074128, -1.691386, -1.895969 / -2.073350, -1.690934, -1.895625 / -2.074906, -1.691838, -1.896313; 1, 5, 1, 0; 0.861999331504; 2, 1, 1; 1, 1, 0; 1, 4, 0 / 1, 5, 1 / 2, 1, 2 ;
0,1; -3.043529, -1.411962, -2.249548 / -3.043529, -1.411962, -2.249548 / -3.043529, -1.411962, -2.249548; 1, 5, 1, 0; 0.466478468459; 0, 1, 0; 0, 1, 0; 1, 1, 1 / 2, 8, 0 ;
0,1; -3.052282, -1.409441, -2.252744 / -3.052282, -1.409441, -2.252744 / -3.052282, -1.409441, -2.252744; 1, 5, 1, 0; 0.466479600589; 0, 1, 0; 0, 1, 0; 1, 1, 1 ;
0,1; -3.358491, -1.323177, -2.363376 / -3.358491, -1.323177, -2.363376 / -3.358491, -1.323177, -2.363376; 1, 5, 1, 0; 0.464458165597; 1, 0, 1; 1, 0, 0; 3, 1, 2 ;
0,1; -3.051908, -1.407810, -2.249586 / -3.051908, -1.407810, -2.249586 / -3.051908, -1.407810, -2.249586; 1, 5, 1, 0; 0.466478934053; 1, 0, 1; 1, 0, 0; 2, 1, 2 ;
0,1; -2.388511, -1.600417, -2.012206 / -2.388511, -1.600417, -2.012206 / -2.388511, -1.600417, -2.012206; 1, 5, 1, 0; 0.863997398552; 1, 0, 1; 1, 0, 0; 1, 2, 0 / 2, 1, 2 ;
0,1; -2.388672, -1.600887, -2.000105 / -2.388672, -1.600887, -2.000105 / -2.388672, -1.600887, -2.000105; 1, 5, 1, 0; 0.864006186036; 1, 0, 1; 1, 0, 0; 3, 1, 2 ;
0,1; -0.596146, -2.119415, -1.357547 / -0.595955, -2.118847, -1.357477 / -0.596338, -2.119983, -1.357616; 1, 8, 1, 0; 0.648825457848; 1, 0, 2; 1, 1, 0; 1, 9, 2 / 2, 1, 2 ;
0,1; -0.438311, -2.288065, -1.091520 / -0.437925, -2.288042, -1.090701 / -0.438696, -2.288088, -1.092339; 1, 8, 1, 0; 0.798337240139; 1, 0, 2; 1, 1, 0; 2, 1, 2 / 4, 8, 2 ;
0,1; -0.590266, -2.120288, -1.355408 / -0.590266, -2.120288, -1.355408 / -0.590266, -2.120288, -1.355408; 1, 8, 1, 0; 0.648825197053; 0, 1, 0; 0, 1, 0; 1, 1, 1 / 1, 2, 0 ;
0,1; -0.451538, -2.287042, -1.090760 / -0.451538, -2.287042, -1.090760 / -0.451538, -2.287042, -1.090760; 1, 8, 1, 0; 0.798335895257; 1, 0, 1; 0, 1, 0; 4, 1, 2 ;
0,1; -0.441997, -2.285445, -1.096435 / -0.441997, -2.285445, -1.096435 / -0.441997, -2.285445, -1.096435; 1, 8, 1, 0; 0.798336503777; 1, 0, 1; 0, 1, 0; 1, 1, 2 ;
0,1; -0.437594, -2.280074, -1.091211 / -0.437594, -2.280074, -1.091211 / -0.437594, -2.280074, -1.091211; 1, 8, 1, 0; 0.798337480479; 1, 0, 1; 0, 1, 0; 1, 1, 2 ;
0,1; -0.357902, -2.232485, -1.043877 / -0.357902, -2.232485, -1.043877 / -0.357902, -2.232485, -1.043877; 1, 8, 1, 0; 0.799407126954; 0, 1, 0; 0, 1, 0; 4, 1, 1 ;
0,1; -0.442520, -2.288455, -1.094750 / -0.442520, -2.288455, -1.094750 / -0.442520, -2.288455, -1.094750; 1, 8, 1, 0; 0.798336575368; 1, 0, 1; 1, 0, 0; 2, 1, 2 ;
0,1; -0.441866, -2.287322, -1.091848 / -0.441866, -2.287322, -1.091848 / -0.441866, -2.287322, -1.091848; 1, 8, 1, 0; 0.798336636732; 1, 0, 1; 1, 0, 0; 3, 1, 2 ;
0,1; -0.327836, -2.200983, -1.010965 / -0.327836, -2.200983, -1.010965 / -0.327836, -2.200983, -1.010965; 1, 8, 1, 0; 0.800405658322; 0, 1, 0; 1, 0, 0; 3, 1, 1 ;
0,1; -0.329020, -2.192355, -1.009607 / -0.329020, -2.192355, -1.009607 / -0.329020, -2.192355, -1.009607; 1, 8, 1, 0; 0.800406082753; 1, 0, 1; 1, 0, 0; 2, 1, 2 ;
0,1; -0.329389, -2.200371, -1.011948 / -0.329389, -2.200371, -1.011948 / -0.329389, -2.200371, -1.011948; 1, 8, 1, 0; 0.800406297525; 0, 1, 0; 1, 0, 0; 3, 1, 1 ;
0,1; -0.327408, -2.200016, -1.003451 / -0.327408, -2.200016, -1.003451 / -0.327408, -2.200016, -1.003451; 1, 8, 1, 0; 0.800414939542; 1, 0, 1; 1, 0, 0; 2, 1, 2 ;
0,1; -0.335237, -2.194870, -1.003314 / -0.335237, -2.194870, -1.003314 / -0.335237, -2.194870, -1.003314; 1, 8, 1, 0; 0.800415834425; 1, 0, 1; 1, 0, 0; 2, 1, 2 ;
0,1; 0.030503, -2.297437, -1.131515 / 0.030503, -2.297437, -1.131515 / 0.030503, -2.297437, -1.131515; 1, 8, 1, 0; 0.802805295869; 1, 0, 1; 1, 0, 0; 2, 1, 2 ;
0,1; -1.413761, -1.882810, -1.655296 / -1.413716, -1.882632, -1.655179 / -1.413807, -1.882988, -1.655413; 1, 9, 1, 0; 0.093823430181; 2, 1, 1; 2, 0, 0; 2, 1, 1 / 2, 3, 2 / 4, 8, 0 ;
0,1; 0.809448, -2.521842, -0.846226 / 0.809448, -2.521842, -0.846226 / 0.809448, -2.521842, -0.846226; 1, 9, 1, 0; 0.592998672082; 0, 1, 0; 1, 0, 0; 2, 1, 1 ;
0,1; 1.808842, -2.807990, -0.482751 / 1.808842, -2.807990, -0.482751 / 1.808842, -2.807990, -0.482751; 1, 15, 1, 0; 0.147527310767; 1, 0, 1; 0, 1, 0; 4, 1, 2 ;
0,1; 1.812912, -2.813348, -0.481527 / 1.812912, -2.813348, -0.481527 / 1.812912, -2.813348, -0.481527; 1, 15, 1, 0; 0.147528127813; 1, 0, 1; 0, 1, 0; 1, 1, 2 ;
0,1; 1.807645, -2.809770, -0.486418 / 1.807645, -2.809770, -0.486418 / 1.807645, -2.809770, -0.486418; 1, 15, 1, 0; 0.147528469365; 1, 0, 1; 0, 1, 0; 1, 1, 2 ;
0,1; 1.773104, -2.798326, -0.497406 / 1.773104, -2.798326, -0.497406 / 1.773104, -2.798326, -0.497406; 1, 15, 1, 0; 0.147556677543; 0, 1, 0; 0, 1, 0; 4, 1, 1 ;
0,1; 1.936682, -2.845025, -0.437803 / 1.936935, -2.844970, -0.437529 / 1.936428, -2.845080, -0.438077; 1, 15, 1, 0; 0.149405893714; 0, 1, 0; 2, 0, 0; 2, 1, 3 / 3, 4, 1 ;
0,1; 1.812305, -2.807894, -0.481329 / 1.812305, -2.807894, -0.481329 / 1.812305, -2.807894, -0.481329; 1, 15, 1, 0; 0.147527210310; 1, 0, 1; 1, 0, 0; 2, 1, 2 ;
0,1; 1.933879, -2.843029, -0.444657 / 1.933879, -2.843029, -0.444657 / 1.933879, -2.843029, -0.444657; 1, 15, 1, 0; 0.149406275449; 1, 0, 1; 1, 0, 0; 2, 1, 2 ;
0,1; 2.898342, -3.117760, -0.095615 / 2.898342, -3.117760, -0.095615 / 2.898342, -3.117760, -0.095615; 1, 15, 1, 0; 0.329296503311; 1, 0, 1; 1, 0, 0; 2, 1, 2 ;
1,2; 0.992076, -2.61022, -3.06807 / 0.993317, -2.60994, -3.06749 / 0.990836, -2.6105, -3.06865; 1, 3, 1, 0; 0.424045007797; 2, 1, 1; 0, 2, 1; 1, 1, 2 / 4, 10, 1 ;
0,2; 0.972708, -2.613523, -3.072302 / 0.973546, -2.613245, -3.071950 / 0.971870, -2.613801, -3.072653; 1, 3, 1, 0; 0.424053039004; 2, 2, 2; 2, 2, 0; 1, 3, 1 / 1, 4, 1 / 2, 1, 2 / 2, 5, 2 ;
0,2; 0.989243, -2.607428, -3.067550 / 0.990588, -2.607360, -3.067455 / 0.987898, -2.607497, -3.067645; 1, 3, 1, 0; 0.424044564530; 2, 1, 1; 0, 2, 0; 1, 1, 1 / 1, 10, 2 / 2, 1, 0 ;
0,2; 1.113554, -2.488844, -2.640441 / 1.113554, -2.488844, -2.640441 / 1.113554, -2.488844, -2.640441; 1, 3, 1, 0; 0.511033100013; 0, 1, 0; 0, 1, 0; 1, 1, 1 / 3, 5, 0 ;
0,2; 1.110750, -2.438522, -2.651208 / 1.110750, -2.438522, -2.651208 / 1.110750, -2.438522, -2.651208; 1, 3, 1, 0; 0.525202811124; 1, 0, 1; 0, 1, 0; 4, 1, 2 ;
0,2; 0.990326, -2.610245, -3.068359 / 0.990836, -2.609935, -3.067488 / 0.989816, -2.610556, -3.069230; 1, 3, 1, 0; 0.424045044065; 2, 1, 1; 2, 1, 0; 2, 2, 2 / 3, 7, 1 / 4, 1, 1 ;
0,2; 0.988070, -2.612797, -3.072988 / 0.988155, -2.612701, -3.072697 / 0.987984, -2.612893, -3.073279; 1, 3, 1, 0; 0.424045769412; 2, 1, 1; 2, 0, 0; 2, 1, 1 / 2, 2, 2 ;
0,2; 0.940824, -2.677502, -3.228967 / 0.940824, -2.677502, -3.228967 / 0.940824, -2.677502, -3.228967; 1, 3, 1, 0; 0.061755956914; 1, 0, 1; 1, 0, 0; 3, 1, 2 ;
0,2; 0.949076, -2.672289, -3.216166 / 0.949076, -2.672289, -3.216166 / 0.949076, -2.672289, -3.216166; 1, 3, 1, 0; 0.061760236463; 1, 0, 1; 1, 0, 0; 2, 1, 2 ;
0,2; 0.940743, -2.666897, -3.218373 / 0.940743, -2.666897, -3.218373 / 0.940743, -2.666897, -3.218373; 1, 3, 1, 0; 0.061761497761; 1, 0, 1; 1, 0, 0; 3, 1, 2 ;
0,2; 0.993675, -2.610601, -3.067963 / 0.994033, -2.610498, -3.067275 / 0.993317, -2.610704, -3.068652; 1, 3, 1, 0; 0.424044987649; 1, 0, 1; 1, 1, 0; 1, 6, 2 / 3, 1, 2 / 3, 3, 0 / 4, 4, 0 ;
0,2; 0.972442, -2.614132, -3.075588 / 0.972442, -2.614132, -3.075588 / 0.972442, -2.614132, -3.075588; 1, 3, 1, 0; 0.424053546747; 0, 1, 0; 1, 0, 0; 1, 9, 0 / 3, 1, 1 ;
0,2; 1.035472, -2.537495, -2.904433 / 1.035472, -2.537495, -2.904433 / 1.035472, -2.537495, -2.904433; 1, 3, 1, 0; 0.424946026104; 1, 0, 1; 1, 0, 0; 3, 1, 2 ;
0,2; 1.112854, -2.485151, -2.642519 / 1.112854, -2.485151, -2.642519 / 1.112854, -2.485151, -2.642519; 1, 3, 1, 0; 0.511032604359; 0, 1, 0; 1, 0, 0; 3, 1, 1 ;
0,2; 1.117669, -2.487733, -2.637612 / 1.117669, -2.487733, -2.637612 / 1.117669, -2.487733, -2.637612; 1, 3, 1, 0; 0.511033220905; 1, 0, 1; 1, 0, 0; 3, 1, 2 ;
0,2; 1.097612, -2.454108, -2.708342 / 1.097612, -2.454108, -2.708342 / 1.097612, -2.454108, -2.708342; 1, 3, 1, 0; 0.525171919390; 1, 0, 1; 1, 0, 0; 2, 1, 2 / 4, 3, 0 ;
0,2; 1.109600, -2.441501, -2.648205 / 1.109600, -2.441501, -2.648205 / 1.109600, -2.441501, -2.648205; 1, 3, 1, 0; 0.525202746648; 1, 0, 1; 1, 0, 0; 2, 1, 2 ;
0,2; 1.460445, -1.942550, -1.437359 / 1.460445, -1.942550, -1.437359 / 1.460445, -1.942550, -1.437359; 1, 8, 1, 0; 0.636600460635; 0, 1, 0; 0, 1, 0; 4, 1, 1 ;
0,2; 1.540645, -1.875981, -1.019438 / 1.540645, -1.875981, -1.019438 / 1.540645, -1.875981, -1.019438; 1, 8, 1, 0; 0.780880877211; 1, 0, 1; 0, 1, 0; 4, 1, 2 ;
0,2; 1.536540, -1.876016, -1.016223 / 1.536540, -1.876016, -1.016223 / 1.536540, -1.876016, -1.016223; 1, 8, 1, 0; 0.780881061301; 1, 0, 1; 1, 0, 0; 2, 1, 2 ;
0,2; 1.011642, -2.228744, -0.783801 / 1.011744, -2.228582, -0.783509 / 1.011541, -2.228905, -0.784092; 1, 9, 1, 0; 0.524261215932; 2, 1, 2; 1, 2, 0; 1, 1, 2 / 1, 2, 1 / 2, 1, 2 ;
0,2; 1.015588, -2.215087, -0.795955 / 1.015588, -2.215087, -0.795955 / 1.015588, -2.215087, -0.795955; 1, 9, 1, 0; 0.524253700436; 1, 0, 1; 0, 1, 0; 1, 1, 2 ;
0,2; 1.013322, -2.219351, -0.785755 / 1.013322, -2.219351, -0.785755 / 1.013322, -2.219351, -0.785755; 1, 9, 1, 0; 0.524262702810; 1, 0, 1; 1, 0, 0; 2, 1, 2 ;
0,2; 1.014983, -2.215925, -0.789813 / 1.014983, -2.215925, -0.789813 / 1.014983, -2.215925, -0.789813; 1, 9, 1, 0; 0.524263259714; 1, 0, 1; 1, 0, 0; 1, 7, 0 / 2, 8, 0 / 3, 1, 2 ;
0,2; 1.009500, -2.228695, -0.781004 / 1.009500, -2.228695, -0.781004 / 1.009500, -2.228695, -0.781004; 1, 9, 1, 0; 0.524271191536; 1, 0, 1; 1, 0, 0; 3, 1, 2 ;
0,2; 1.006998, -2.222090, -0.780174 / 1.006998, -2.222090, -0.780174 / 1.006998, -2.222090, -0.780174; 1, 9, 1, 0; 0.524272002561; 1, 0, 1; 1, 0, 0; 2, 1, 2 ;
0,2; 1.011248, -2.214397, -0.779321 / 1.011248, -2.214397, -0.779321 / 1.011248, -2.214397, -0.779321; 1, 9, 1, 0; 0.524272851433; 1, 0, 1; 1, 0, 0; 2, 1, 2 ;
0,2; 1.567708, -1.780780, -1.050215 / 1.567708, -1.780780, -1.050215 / 1.567708, -1.780780, -1.050215; 1, 11, 1, 0; 0.536691899773; 1, 0, 1; 1, 0, 0; 2, 1, 2 ;
0,2; 1.690852, -1.606372, -0.625542 / 1.690852, -1.606372, -0.625542 / 1.690852, -1.606372, -0.625542; 1, 11, 1, 0; 0.970601715165; 0, 1, 0; 1, 0, 0; 3, 1, 1 ;
0,2; 1.729072, -1.553713, -0.498844 / 1.729072, -1.553713, -0.498844 / 1.729072, -1.553713, -0.498844; 1, 12, 1, 0; 0.662517714670; 1, 0, 1; 0, 1, 0; 1, 1, 2 ;
0,2; 1.725651, -1.557323, -0.503121 / 1.725783, -1.557076, -0.503021 / 1.725519, -1.557569, -0.503220; 1, 12, 1, 0; 0.662516839236; 1, 0, 2; 2, 0, 0; 1, 5, 0 / 3, 1, 2 / 3, 2, 2 ;
0,2; 1.726341, -1.548463, -0.488927 / 1.726341, -1.548463, -0.488927 / 1.726341, -1.548463, -0.488927; 1, 12, 1, 0; 0.662518612992; 1, 0, 1; 1, 0, 0; 3, 1, 2 ;
0,2; 1.966552, -1.080062, 0.248742 / 1.966668, -1.079992, 0.248762 / 1.966437, -1.080131, 0.248722; 1, 16, 1, 0; 0.834148624684; 0, 3, 0; 2, 1, 0; 1, 5, 1 / 2, 5, 1 / 3, 1, 1 / 4, 5, 0 ;
0,2; 1.981421, -1.113093, 0.252779 / 1.981421, -1.113093, 0.252779 / 1.981421, -1.113093, 0.252779; 1, 16, 1, 0; 0.834810237720; 1, 0, 1; 0, 1, 0; 1, 1, 2 ;
0,2; 1.973466, -0.955179, 0.230104 / 1.973466, -0.955179, 0.230104 / 1.973466, -0.955179, 0.230104; 1, 16, 1, 0; 0.834989405191; 1, 0, 1; 1, 0, 0; 2, 1, 2 ;
0,2; 1.968680, -1.209684, 0.342407 / 1.968680, -1.209684, 0.342407 / 1.968680, -1.209684, 0.342407; 1, 19, 1, 0; 0.482182281769; 0, 1, 0; 1, 0, 0; 3, 1, 1 / 3, 2, 0 / 3, 3, 0 / 4, 1, 0 ;
0,2; 1.967897, -1.192362, 0.379381 / 1.967897, -1.192362, 0.379381 / 1.967897, -1.192362, 0.379381; 1, 19, 1, 0; 0.482552954244; 1, 0, 1; 1, 0, 0; 2, 1, 2 ;
0,2; 2.028251, -0.897298, 1.313241 / 2.028556, -0.897119, 1.313645 / 2.027946, -0.897477, 1.312838; 1, 27, 1, 0; 0.293852223671; 2, 1, 1; 1, 1, 0; 3, 4, 1 / 4, 1, 2 ;
0,2; 2.021425, -0.897016, 1.316452 / 2.021425, -0.897016, 1.316452 / 2.021425, -0.897016, 1.316452; 1, 27, 1, 0; 0.293851717203; 0, 0, 0; 0, 1, 0; 1, 1, 3 ;
0,2; 2.066486, -0.882951, 1.320739 / 2.066486, -0.882951, 1.320739 / 2.066486, -0.882951, 1.320739; 1, 27, 1, 0; 0.293953204193; 1, 0, 1; 0, 1, 0; 4, 1, 2 ;
0,2; 2.328483, -0.695867, 1.601213 / 2.328483, -0.695867, 1.601213 / 2.328483, -0.695867, 1.601213; 1, 27, 1, 0; 0.806392474069; 1, 0, 1; 0, 1, 0; 3, 8, 0 / 4, 1, 2 ;
0,2; 2.027857, -0.911478, 1.301263 / 2.027857, -0.911478, 1.301263 / 2.027857, -0.911478, 1.301263; 1, 27, 1, 0; 0.293831863655; 0, 1, 0; 1, 0, 0; 3, 1, 1 ;
0,2; 2.026652, -0.907701, 1.315023 / 2.026652, -0.907701, 1.315023 / 2.026652, -0.907701, 1.315023; 1, 27, 1, 0; 0.293849976795; 1, 0, 1; 1, 0, 0; 1, 1, 0 / 2, 1, 2 ;
0,2; 2.040456, -0.902962, 1.318369 / 2.040456, -0.902962, 1.318369 / 2.040456, -0.902962, 1.318369; 1, 27, 1, 0; 0.293855455858; 0, 1, 0; 1, 0, 0; 1, 6, 0 / 1, 8, 0 / 3, 1, 1 / 3, 4, 0 ;
0,2; 2.299533, -0.732923, 1.511786 / 2.299533, -0.732923, 1.511786 / 2.299533, -0.732923, 1.511786; 1, 27, 1, 0; 0.300271789177; 1, 0, 1; 1, 0, 0; 3, 1, 2 ;
0,2; 2.318144, -0.706010, 1.596498 / 2.318144, -0.706010, 1.596498 / 2.318144, -0.706010, 1.596498; 1, 27, 1, 0; 0.806407097183; 1, 0, 1; 1, 0, 0; 2, 1, 2 ;
0,2; 2.322653, -0.703642, 1.600689 / 2.322653, -0.703642, 1.600689 / 2.322653, -0.703642, 1.600689; 1, 27, 1, 0; 0.806408478459; 1, 0, 1; 1, 0, 0; 2, 1, 2 ;
0,2; 2.343651, -0.675956, 1.649461 / 2.343651, -0.675956, 1.649461 / 2.343651, -0.675956, 1.649461; 1, 27, 1, 0; 0.806849004376; 1, 0, 1; 1, 0, 0; 3, 1, 2 ;
0,2; 2.532779, -0.410624, 2.303175 / 2.532779, -0.410624, 2.303175 / 2.532779, -0.410624, 2.303175; 1, 28, 1, 0; 0.864887646968; 1, 0, 1; 0, 1, 0; 1, 1, 2 / 4, 4, 0 ;
0,2; 2.470451, -0.495576, 2.093002 / 2.470651, -0.495207, 2.093281 / 2.470251, -0.495945, 2.092723; 1, 28, 1, 0; 0.835063455843; 0, 2, 0; 2, 0, 0; 2, 5, 1 / 3, 1, 1 ;
0,2; 2.524030, -0.409549, 2.287982 / 2.524367, -0.409411, 2.288015 / 2.523692, -0.409688, 2.287949; 1, 28, 1, 0; 0.864873631615; 2, 1, 1; 2, 0, 0; 2, 1, 2 / 3, 4, 1 / 3, 8, 0 ;
0,2; 2.528653, -0.413000, 2.295353 / 2.528653, -0.413000, 2.295353 / 2.528653, -0.413000, 2.295353; 1, 28, 1, 0; 0.864872425301; 0, 1, 0; 1, 0, 0; 2, 1, 1 ;
0,2; 2.526076, -0.407702, 2.292048 / 2.526076, -0.407702, 2.292048 / 2.526076, -0.407702, 2.292048; 1, 28, 1, 0; 0.864873843411; 1, 0, 1; 1, 0, 0; 3, 1, 2 ;
0,2; 2.525668, -0.408775, 2.303275 / 2.525668, -0.408775, 2.303275 / 2.525668, -0.408775, 2.303275; 1, 28, 1, 0; 0.864890299019; 1, 0, 1; 1, 0, 0; 3, 1, 2 ;
0,2; 2.536726, -0.406858, 2.325063 / 2.536726, -0.406858, 2.325063 / 2.536726, -0.406858, 2.325063; 1, 28, 1, 0; 0.864918992736; 1, 0, 1; 1, 0, 0; 3, 1, 2 ;
0,2; 2.539442, -0.397967, 2.333100 / 2.539442, -0.397967, 2.333100 / 2.539442, -0.397967, 2.333100; 1, 28, 1, 0; 0.864932630540; 0, 1, 0; 1, 0, 0; 2, 1, 1 ;
0,2; 2.539211, -0.399483, 2.337748 / 2.539211, -0.399483, 2.337748 / 2.539211, -0.399483, 2.337748; 1, 28, 1, 0; 0.864932851544; 1, 0, 1; 1, 0, 0; 3, 1, 2 ;
0,2; 2.889132, 0.101262, 3.556511 / 2.889132, 0.101262, 3.556511 / 2.889132, 0.101262, 3.556511; 1, 44, 1, 0; 0.778620042076; 0, 1, 0; 0, 1, 0; 1, 1, 1 ;
1,3; 0.718147, -2.06564, 0.210049 / 0.718853, -2.0654, 0.210413 / 0.717441, -2.06587, 0.209684; 1, 15, 1, 0; 0.655319679289; 2, 1, 2; 1, 2, 1; 1, 1, 2 / 3, 1, 2 / 4, 2, 1 ;
0,3; 1.728726, -3.540522, -0.232442 / 1.728726, -3.540522, -0.232442 / 1.728726, -3.540522, -0.232442; 1, 15, 1, 0; 0.309687299087; 1, 0, 1; 0, 1, 0; 1, 1, 2 ;
0,3; 1.716706, -3.524737, -0.226507 / 1.716706, -3.524737, -0.226507 / 1.716706, -3.524737, -0.226507; 1, 15, 1, 0; 0.309692268334; 1, 0, 1; 0, 1, 0; 1, 1, 2 ;
0,3; 1.338767, -2.970947, -0.061711 / 1.338767, -2.970947, -0.061711 / 1.338767, -2.970947, -0.061711; 1, 15, 1, 0; 0.385247806031; 0, 1, 0; 0, 1, 0; 4, 1, 1 ;
0,3; 1.343755, -2.978726, -0.062180 / 1.343755, -2.978726, -0.062180 / 1.343755, -2.978726, -0.062180; 1, 15, 1, 0; 0.385248254736; 1, 0, 1; 0, 1, 0; 4, 1, 2 ;
0,3; 0.674678, -1.996228, 0.229276 / 0.674678, -1.996228, 0.229276 / 0.674678, -1.996228, 0.229276; 1, 15, 1, 0; 0.654512531610; 1, 0, 1; 0, 1, 0; 1, 1, 2 ;
0,3; 0.669092, -1.992801, 0.231357 / 0.669092, -1.992801, 0.231357 / 0.669092, -1.992801, 0.231357; 1, 15, 1, 0; 0.654513395536; 0, 1, 0; 0, 1, 0; 4, 1, 1 ;
0,3; 1.066707, -2.573212, 0.061509 / 1.066707, -2.573212, 0.061509 / 1.066707, -2.573212, 0.061509; 1, 15, 1, 0; 0.751268510780; 1, 0, 1; 0, 1, 0; 4, 1, 2 ;
0,3; 1.074997, -2.584624, 0.054092 / 1.075511, -2.584612, 0.054136 / 1.074484, -2.584637, 0.054048; 1, 15, 1, 0; 0.751258887049; 1, 0, 2; 2, 0, 0; 2, 4, 2 / 3, 1, 2 ;
0,3; 1.713348, -3.522201, -0.231172 / 1.713348, -3.522201, -0.231172 / 1.713348, -3.522201, -0.231172; 1, 15, 1, 0; 0.309692529521; 1, 0, 1; 1, 0, 0; 3, 1, 2 ;
0,3; 1.689811, -3.472392, -0.217716 / 1.689811, -3.472392, -0.217716 / 1.689811, -3.472392, -0.217716; 1, 15, 1, 0; 0.311258284311; 1, 0, 1; 1, 0, 0; 2, 1, 2 ;
0,3; 1.602693, -3.355062, -0.175324 / 1.602693, -3.355062, -0.175324 / 1.602693, -3.355062, -0.175324; 1, 15, 1, 0; 0.339034244942; 1, 0, 1; 1, 0, 0; 2, 1, 2 ;
0,3; 1.596465, -3.341755, -0.165740 / 1.596465, -3.341755, -0.165740 / 1.596465, -3.341755, -0.165740; 1, 15, 1, 0; 0.339038403840; 1, 0, 1; 1, 0, 0; 3, 1, 2 ;
0,3; 0.672985, -1.998564, 0.231269 / 0.672985, -1.998564, 0.231269 / 0.672985, -1.998564, 0.231269; 1, 15, 1, 0; 0.654501005904; 1, 0, 1; 1, 0, 0; 2, 1, 2 ;
0,3; 0.662003, -1.986010, 0.225380 / 0.662003, -1.986010, 0.225380 / 0.662003, -1.986010, 0.225380; 1, 15, 1, 0; 0.654514266159; 1, 0, 1; 1, 0, 0; 3, 1, 2 ;
0,3; 0.725159, -2.083185, 0.208251 / 0.725159, -2.083185, 0.208251 / 0.725159, -2.083185, 0.208251; 1, 15, 1, 0; 0.655322940776; 1, 0, 1; 1, 0, 0; 3, 1, 2 ;
0,3; 1.094922, -2.603005, 0.049069 / 1.094922, -2.603005, 0.049069 / 1.094922, -2.603005, 0.049069; 1, 15, 1, 0; 0.750007875788; 1, 0, 1; 1, 0, 0; 2, 1, 2 ;
0,3; -0.836170, 0.203473, 0.885250 / -0.836080, 0.203707, 0.885633 / -0.836261, 0.203238, 0.884868; 1, 23, 1, 0; 0.202615463517; 0, 2, 0; 0, 2, 1; 1, 6, 1 / 4, 1, 1 ;
0,3; -1.305937, 0.879886, 1.090104 / -1.305280, 0.880188, 1.091348 / -1.306594, 0.879583, 1.088860; 1, 23, 1, 0; 0.600362785047; 2, 1, 1; 1, 2, 0; 1, 2, 0 / 1, 3, 3 / 1, 4, 0 / 1, 10, 1 / 3, 1, 2 ;
0,3; -1.070703, 0.554753, 1.007971 / -1.070703, 0.554753, 1.007971 / -1.070703, 0.554753, 1.007971; 1, 23, 1, 0; 0.544059243363; 1, 0, 1; 0, 1, 0; 4, 1, 2 ;
0,3; -1.074644, 0.554529, 1.020011 / -1.074644, 0.554529, 1.020011 / -1.074644, 0.554529, 1.020011; 1, 23, 1, 0; 0.544070756829; 1, 0, 1; 0, 1, 0; 1, 1, 2 ;
0,3; -1.304747, 0.876772, 1.086796 / -1.304747, 0.876772, 1.086796 / -1.304747, 0.876772, 1.086796; 1, 23, 1, 0; 0.600349202408; 1, 0, 1; 0, 1, 0; 4, 1, 2 ;
0,3; -1.296629, 0.880085, 1.083525 / -1.296629, 0.880085, 1.083525 / -1.296629, 0.880085, 1.083525; 1, 23, 1, 0; 0.600351175512; 1, 0, 1; 0, 1, 0; 4, 1, 2 ;
0,3; 0.166753, -1.261855, 0.449975 / 0.166753, -1.261855, 0.449975 / 0.166753, -1.261855, 0.449975; 1, 23, 1, 0; 0.009289579204; 1, 0, 1; 1, 0, 0; 1, 1, 0 / 2, 1, 2 ;
0,3; 0.165340, -1.260608, 0.447992 / 0.165340, -1.260608, 0.447992 / 0.165340, -1.260608, 0.447992; 1, 23, 1, 0; 0.009289653103; 1, 0, 1; 1, 0, 0; 2, 1, 2 ;
0,3; 0.093573, -1.153911, 0.479287 / 0.093573, -1.153911, 0.479287 / 0.093573, -1.153911, 0.479287; 1, 23, 1, 0; 0.036556305877; 1, 0, 1; 1, 0, 0; 1, 1, 0 / 2, 1, 2 ;
0,3; 0.092477, -1.152302, 0.481274 / 0.092477, -1.152302, 0.481274 / 0.092477, -1.152302, 0.481274; 1, 23, 1, 0; 0.036556387166; 0, 0, 0; 1, 0, 0; 3, 1, 3 ;
0,3; 0.079503, -1.145805, 0.482938 / 0.079503, -1.145805, 0.482938 / 0.079503, -1.145805, 0.482938; 1, 23, 1, 0; 0.036559461365; 1, 0, 1; 1, 0, 0; 2, 1, 2 / 4, 7, 0 ;
0,3; 0.084956, -1.141815, 0.484806 / 0.084956, -1.141815, 0.484806 / 0.084956, -1.141815, 0.484806; 1, 23, 1, 0; 0.036559889979; 1, 0, 1; 1, 0, 0; 3, 1, 2 ;
0,3; -0.793491, 0.147888, 0.873665 / -0.793491, 0.147888, 0.873665 / -0.793491, 0.147888, 0.873665; 1, 23, 1, 0; 0.203307372609; 1, 0, 1; 1, 0, 0; 2, 1, 2 / 3, 3, 0 ;
0,3; -0.539674, -0.224902, 0.759053 / -0.539674, -0.224902, 0.759053 / -0.539674, -0.224902, 0.759053; 1, 23, 1, 0; 0.240280173338; 1, 0, 1; 1, 0, 0; 3, 1, 2 ;
0,3; -0.663460, -0.050970, 0.806012 / -0.663460, -0.050970, 0.806012 / -0.663460, -0.050970, 0.806012; 1, 23, 1, 0; 0.243014244774; 1, 0, 1; 1, 0, 0; 3, 1, 2 ;
0,3; -0.658258, -0.049953, 0.813323 / -0.658258, -0.049953, 0.813323 / -0.658258, -0.049953, 0.813323; 1, 23, 1, 0; 0.243027797854; 0, 0, 0; 1, 0, 0; 3, 1, 3 ;
0,3; -1.066133, 0.539504, 0.984742 / -1.066133, 0.539504, 0.984742 / -1.066133, 0.539504, 0.984742; 1, 23, 1, 0; 0.543688299864; 1, 0, 1; 1, 0, 0; 2, 1, 2 ;
0,3; -1.066352, 0.560255, 1.014065 / -1.066352, 0.560255, 1.014065 / -1.066352, 0.560255, 1.014065; 1, 23, 1, 0; 0.544059782826; 1, 0, 1; 1, 0, 0; 2, 1, 0 / 3, 1, 2 ;
0,3; -1.073867, 0.551986, 1.015247 / -1.073867, 0.551986, 1.015247 / -1.073867, 0.551986, 1.015247; 1, 23, 1, 0; 0.544071761856; 1, 0, 1; 1, 0, 0; 2, 1, 2 ;
0,3; -1.302194, 0.879849, 1.086507 / -1.302194, 0.879849, 1.086507 / -1.302194, 0.879849, 1.086507; 1, 23, 1, 0; 0.600350074416; 1, 0, 1; 1, 0, 0; 2, 1, 2 ;
0,3; -1.304800, 0.882124, 1.085892 / -1.304800, 0.882124, 1.085892 / -1.304800, 0.882124, 1.085892; 1, 23, 1, 0; 0.600350177875; 1, 0, 1; 1, 0, 0; 3, 1, 2 ;
0,3; -1.301828, 0.884372, 1.091358 / -1.301828, 0.884372, 1.091358 / -1.301828, 0.884372, 1.091358; 1, 23, 1, 0; 0.600363915702; 1, 0, 1; 1, 0, 0; 2, 1, 2 ;
0,3; -2.806241, 3.086636, 1.746784 / -2.805849, 3.086654, 1.747126 / -2.806633, 3.086618, 1.746443; 1, 24, 1, 0; 0.999938708157; 2, 2, 1; 1, 2, 1; 1, 7, 1 / 1, 8, 0 / 3, 3, 2 / 4, 1, 1 ;
0,3; -1.923323, 1.795262, 1.358637 / -1.922741, 1.795723, 1.358645 / -1.923904, 1.794801, 1.358629; 1, 24, 1, 0; 0.521950993129; 2, 1, 1; 0, 2, 1; 1, 1, 1 / 4, 6, 2 ;
0,3; -1.958974, 1.846128, 1.374847 / -1.958139, 1.846175, 1.374862 / -1.959810, 1.846080, 1.374832; 1, 24, 1, 0; 0.523353212169; 0, 2, 0; 0, 2, 0; 4, 1, 1 / 4, 9, 1 ;
0,3; -2.328169, 2.387226, 1.536091 / -2.328169, 2.387226, 1.536091 / -2.328169, 2.387226, 1.536091; 1, 24, 1, 0; 0.476110303149; 0, 1, 0; 0, 1, 0; 4, 1, 1 ;
0,3; -2.560596, 2.732179, 1.647974 / -2.560596, 2.732179, 1.647974 / -2.560596, 2.732179, 1.647974; 1, 24, 1, 0; 0.989141315609; 1, 0, 1; 0, 1, 0; 1, 1, 2 ;
0,3; -1.987622, 1.889221, 1.386116 / -1.987622, 1.889221, 1.386116 / -1.987622, 1.889221, 1.386116; 1, 24, 1, 0; 0.480399830623; 1, 0, 1; 1, 0, 0; 2, 1, 2 ;
0,3; -2.038114, 1.969822, 1.410914 / -2.038114, 1.969822, 1.410914 / -2.038114, 1.969822, 1.410914; 1, 24, 1, 0; 0.482218042001; 1, 0, 1; 1, 0, 0; 2, 1, 2 ;
0,3; -2.172361, 2.152868, 1.465774 / -2.172361, 2.152868, 1.465774 / -2.172361, 2.152868, 1.465774; 1, 24, 1, 0; 0.485861795539; 1, 0, 1; 1, 0, 0; 2, 1, 2 ;
0,3; -1.961080, 1.844783, 1.369091 / -1.961080, 1.844783, 1.369091 / -1.961080, 1.844783, 1.369091; 1, 24, 1, 0; 0.523352148023; 1, 0, 1; 1, 0, 0; 2, 1, 2 ;
0,3; -2.315941, 2.610158, 1.690609 / -2.315941, 2.610158, 1.690609 / -2.315941, 2.610158, 1.690609; 1, 24, 1, 0; 0.986896433486; 1, 0, 1; 1, 0, 0; 2, 1, 2 ;
0,3; -2.558898, 2.720641, 1.633205 / -2.558898, 2.720641, 1.633205 / -2.558898, 2.720641, 1.633205; 1, 24, 1, 0; 0.989146761967; 0, 1, 0; 1, 0, 0; 2, 1, 1 / 3, 1, 0 ;
0,3; -2.566552, 2.735892, 1.640926 / -2.566552, 2.735892, 1.640926 / -2.566552, 2.735892, 1.640926; 1, 24, 1, 0; 0.989152230494; 1, 0, 1; 1, 0, 0; 3, 1, 2 ;
0,3; -2.571776, 2.742213, 1.642850 / -2.571776, 2.742213, 1.642850 / -2.571776, 2.742213, 1.642850; 1, 24, 1, 0; 0.989152526090; 1, 0, 1; 1, 0, 0; 2, 1, 2 / 3, 6, 0 / 4, 6, 0 ;
0,3; -2.813719, 3.086319, 1.748052 / -2.813719, 3.086319, 1.748052 / -2.813719, 3.086319, 1.748052; 1, 24, 1, 0; 0.999938346051; 1, 0, 1; 1, 0, 0; 2, 1, 2 ;
0,3; -1.416387, 1.051475, 1.136807 / -1.416387, 1.051475, 1.136807 / -1.416387, 1.051475, 1.136807; 1, 25, 1, 0; 0.770327487034; 0, 1, 0; 0, 1, 0; 1, 1, 1 ;
0,3; -1.464243, 1.124151, 1.172684 / -1.464243, 1.124151, 1.172684 / -1.464243, 1.124151, 1.172684; 1, 25, 1, 0; 0.769569191205; 1, 0, 1; 1, 0, 0; 3, 1, 2 ;
0,3; -2.614923, 2.804329, 1.660001 / -2.614923, 2.804329, 1.660001 / -2.614923, 2.804329, 1.660001; 1, 29, 1, 0; 0.397678741900; 1, 0, 1; 0, 1, 0; 1, 1, 2 ;
0,3; -2.741587, 3.000450, 1.719859 / -2.741587, 3.000450, 1.719859 / -2.741587, 3.000450, 1.719859; 1, 29, 1, 0; 0.398451173039; 1, 0, 1; 1, 0, 0; 2, 1, 2 ;
1,4; -2.82903, 2.42636, 0.200135 / -2.82825, 2.4272, 0.200216 / -2.82982, 2.42553, 0.200054; 1, 14, 1, 0; 0.685445150632; 2, 1, 1; 1, 1, 0; 3, 8, 1 / 4, 1, 2 ;
0,4; -3.228802, 2.704103, -0.869590 / -3.228802, 2.704103, -0.869590 / -3.228802, 2.704103, -0.869590; 1, 14, 1, 0; 0.110789826465; 1, 0, 1; 0, 1, 0; 1, 1, 2 ;
0,4; -3.201364, 2.686276, -0.797444 / -3.201364, 2.686276, -0.797444 / -3.201364, 2.686276, -0.797444; 1, 14, 1, 0; 0.110912588648; 1, 0, 1; 0, 1, 0; 1, 1, 2 ;
0,4; -3.195956, 2.688779, -0.785528 / -3.195956, 2.688779, -0.785528 / -3.195956, 2.688779, -0.785528; 1, 14, 1, 0; 0.110923464596; 1, 0, 1; 0, 1, 0; 4, 1, 2 ;
0,4; -2.831354, 2.411171, 0.203187 / -2.831354, 2.411171, 0.203187 / -2.831354, 2.411171, 0.203187; 1, 14, 1, 0; 0.685447717282; 1, 0, 1; 0, 1, 0; 4, 1, 2 ;
0,4; -3.234232, 2.707121, -0.868649 / -3.234232, 2.707121, -0.868649 / -3.234232, 2.707121, -0.868649; 1, 14, 1, 0; 0.110801145575; 1, 0, 1; 1, 0, 0; 2, 1, 2 ;
0,4; -3.202639, 2.684679, -0.801756 / -3.202639, 2.684679, -0.801756 / -3.202639, 2.684679, -0.801756; 1, 14, 1, 0; 0.110912717904; 1, 0, 1; 1, 0, 0; 2, 1, 2 ;
0,4; -3.198938, 2.681959, -0.786726 / -3.198938, 2.681959, -0.786726 / -3.198938, 2.681959, -0.786726; 1, 14, 1, 0; 0.110922922952; 0, 1, 0; 1, 0, 0; 3, 1, 1 ;
0,4; -2.852223, 2.421244, 0.185864 / -2.852223, 2.421244, 0.185864 / -2.852223, 2.421244, 0.185864; 1, 14, 1, 0; 0.685441026758; 1, 0, 1; 1, 0, 0; 2, 1, 2 ;
0,4; -2.846740, 2.415909, 0.202407 / -2.846740, 2.415909, 0.202407 / -2.846740, 2.415909, 0.202407; 1, 14, 1, 0; 0.685451244117; 1, 0, 1; 1, 0, 0; 3, 1, 2 ;
0,4; -2.825454, 2.427485, 0.205398 / -2.825454, 2.427485, 0.205398 / -2.825454, 2.427485, 0.205398; 1, 14, 1, 0; 0.685456438967; 1, 0, 1; 1, 0, 0; 2, 1, 2 ;
0,4; -2.824108, 2.423518, 0.205221 / -2.824108, 2.423518, 0.205221 / -2.824108, 2.423518, 0.205221; 1, 14, 1, 0; 0.685457276052; 1, 0, 1; 1, 0, 0; 1, 4, 0 / 3, 1, 2 ;
0,4; -2.845788, 2.413468, 0.216803 / -2.845788, 2.413468, 0.216803 / -2.845788, 2.413468, 0.216803; 1, 14, 1, 0; 0.685461584577; 1, 0, 1; 1, 0, 0; 2, 1, 2 ;
0,4; -2.755743, 2.349322, 0.451054 / -2.755415, 2.349884, 0.451631 / -2.756072, 2.348760, 0.450476; 1, 24, 1, 0; 0.031678778715; 2, 2, 1; 2, 1, 0; 1, 3, 2 / 2, 1, 1 / 2, 5, 0 / 2, 7, 1 / 3, 4, 0 ;
0,4; -2.500906, 2.157848, 1.165358 / -2.500906, 2.157848, 1.165358 / -2.500906, 2.157848, 1.165358; 1, 24, 1, 0; 0.363614666885; 0, 1, 0; 0, 1, 0; 4, 1, 1 ;
0,4; -2.494378, 2.154409, 1.183361 / -2.494378, 2.154409, 1.183361 / -2.494378, 2.154409, 1.183361; 1, 24, 1, 0; 0.363628389933; 0, 1, 0; 0, 1, 0; 1, 1, 1 ;
0,4; -2.646259, 2.207433, 0.978670 / -2.646259, 2.207433, 0.978670 / -2.646259, 2.207433, 0.978670; 1, 24, 1, 0; 0.377130427328; 0, 1, 0; 0, 1, 0; 4, 1, 1 ;
0,4; -2.646372, 2.209518, 0.977639 / -2.646372, 2.209518, 0.977639 / -2.646372, 2.209518, 0.977639; 1, 24, 1, 0; 0.377130538177; 1, 0, 1; 0, 1, 0; 1, 1, 2 ;
0,4; -2.661538, 2.205111, 0.980842 / -2.661538, 2.205111, 0.980842 / -2.661538, 2.205111, 0.980842; 1, 24, 1, 0; 0.377143389216; 0, 1, 0; 0, 1, 0; 4, 1, 1 ;
0,4; -2.766875, 2.358095, 0.420362 / -2.766875, 2.358095, 0.420362 / -2.766875, 2.358095, 0.420362; 1, 24, 1, 0; 0.031636360680; 1, 0, 1; 1, 0, 0; 2, 1, 2 ;
0,4; -2.755496, 2.352015, 0.446953 / -2.755496, 2.352015, 0.446953 / -2.755496, 2.352015, 0.446953; 1, 24, 1, 0; 0.031665040888; 1, 0, 1; 1, 0, 0; 3, 1, 2 ;
0,4; -2.756409, 2.351647, 0.460480 / -2.756409, 2.351647, 0.460480 / -2.756409, 2.351647, 0.460480; 1, 24, 1, 0; 0.031678268812; 1, 0, 1; 1, 0, 0; 2, 1, 2 ;
0,4; -2.493239, 2.155071, 1.184300 / -2.493239, 2.155071, 1.184300 / -2.493239, 2.155071, 1.184300; 1, 24, 1, 0; 0.363629306280; 0, 1, 0; 1, 0, 0; 2, 1, 1 ;
0,4; -2.388545, 2.074577, 1.488834 / -2.388545, 2.074577, 1.488834 / -2.388545, 2.074577, 1.488834; 1, 24, 1, 0; 0.484763730068; 1, 0, 1; 1, 0, 0; 2, 1, 2 ;
0,4; -2.034290, 1.813051, 2.472287 / -2.034290, 1.813051, 2.472287 / -2.034290, 1.813051, 2.472287; 1, 37, 1, 0; 0.122678808697; 1, 0, 1; 0, 1, 0; 1, 1, 2 ;
0,4; -2.037849, 1.809310, 2.472565 / -2.037849, 1.809310, 2.472565 / -2.037849, 1.809310, 2.472565; 1, 37, 1, 0; 0.122680875230; 1, 0, 1; 0, 1, 0; 4, 1, 2 ;
0,4; -2.033630, 1.809584, 2.473073 / -2.033547, 1.809720, 2.473482 / -2.033713, 1.809448, 2.472663; 1, 37, 1, 0; 0.122678992389; 2, 1, 1; 2, 0, 0; 2, 2, 1 / 3, 1, 2 ;
0,4; -2.102542, 1.863734, 2.197369 / -2.102542, 1.863734, 2.197369 / -2.102542, 1.863734, 2.197369; 1, 37, 1, 0; 0.183177731038; 1, 0, 1; 1, 0, 0; 3, 1, 2 ;
0,4; -2.003020, 1.784607, 2.563588 / -2.003020, 1.784607, 2.563588 / -2.003020, 1.784607, 2.563588; 1, 37, 1, 0; 0.510122139765; 1, 0, 1; 1, 0, 0; 2, 1, 2 ;
0,4; -1.652749, 1.530547, 3.526203 / -1.652749, 1.530547, 3.526203 / -1.652749, 1.530547, 3.526203; 1, 45, 1, 0; 0.244232919181; 1, 0, 1; 1, 0, 0; 2, 1, 2 / 3, 6, 0 ;
1,5; -1.67398, -0.668699, -3.60751 / -1.67333, -0.668036, -3.60698 / -1.67462, -0.669362, -3.60805; 1, 1, 1, 0; 0.804618927377; 2, 2, 2; 3, 1, 0; 2, 6, 1 / 2, 7, 1 / 2, 8, 2 / 4, 1, 2 ;
0,5; -1.646448, -0.725208, -3.565519 / -1.646448, -0.725208, -3.565519 / -1.646448, -0.725208, -3.565519; 1, 1, 1, 0; 0.804509107550; 0, 1, 0; 0, 1, 0; 1, 1, 1 ;
0,5; -1.648350, -0.716081, -3.576848 / -1.648350, -0.716081, -3.576848 / -1.648350, -0.716081, -3.576848; 1, 1, 1, 0; 0.804502692000; 1, 0, 1; 1, 0, 0; 3, 1, 2 ;
0,5; -1.653120, -0.711663, -3.575873 / -1.653120, -0.711663, -3.575873 / -1.653120, -0.711663, -3.575873; 1, 1, 1, 0; 0.804503241791; 1, 0, 1; 1, 0, 0; 3, 1, 2 ;
0,5; -1.673804, -0.665243, -3.610595 / -1.673804, -0.665243, -3.610595 / -1.673804, -0.665243, -3.610595; 1, 1, 1, 0; 0.804618425050; 1, 0, 1; 1, 0, 0; 3, 1, 2 ;
0,5; -0.623107, -2.797104, -1.954867 / -0.622808, -2.796771, -1.953917 / -0.623407, -2.797438, -1.955816; 1, 5, 1, 0; 0.721375527960; 2, 2, 1; 2, 1, 0; 2, 1, 0 / 2, 5, 0 / 3, 1, 1 / 3, 3, 2 / 3, 4, 0 / 4, 10, 1 ;
0,5; -0.735425, -2.704834, -2.379641 / -0.735425, -2.704834, -2.379641 / -0.735425, -2.704834, -2.379641; 1, 5, 1, 0; 0.564841109742; 1, 0, 1; 0, 1, 0; 1, 1, 2 ;
0,5; -0.476485, -2.869943, -2.434004 / -0.476485, -2.869943, -2.434004 / -0.476485, -2.869943, -2.434004; 1, 5, 1, 0; 0.568491169877; 1, 0, 1; 0, 1, 0; 4, 1, 2 ;
0,5; -0.624622, -2.795209, -1.950622 / -0.624622, -2.795209, -1.950622 / -0.624622, -2.795209, -1.950622; 1, 5, 1, 0; 0.721383933166; 1, 0, 1; 0, 1, 0; 3, 7, 0 / 4, 1, 2 ;
0,5; -1.037954, -1.954663, -2.620135 / -1.037780, -1.954557, -2.620041 / -1.038128, -1.954770, -2.620229; 1, 5, 1, 0; 0.310794720844; 2, 1, 1; 2, 0, 0; 2, 1, 2 / 3, 5, 1 ;
0,5; -1.437566, -1.138351, -3.244270 / -1.437566, -1.138351, -3.244270 / -1.437566, -1.138351, -3.244270; 1, 5, 1, 0; 0.080365922990; 1, 0, 1; 1, 0, 0; 2, 1, 2 ;
0,5; -0.835523, -2.365816, -2.302439 / -0.835523, -2.365816, -2.302439 / -0.835523, -2.365816, -2.302439; 1, 5, 1, 0; 0.531516039486; 1, 0, 1; 1, 0, 0; 2, 1, 2 ;
0,5; -0.829297, -2.367053, -2.310312 / -0.829297, -2.367053, -2.310312 / -0.829297, -2.367053, -2.310312; 1, 5, 1, 0; 0.531516921665; 1, 0, 1; 1, 0, 0; 2, 1, 2 ;
0,5; -0.531471, -2.902491, -2.456779 / -0.531471, -2.902491, -2.456779 / -0.531471, -2.902491, -2.456779; 1, 5, 1, 0; 0.567684554318; 1, 0, 1; 1, 0, 0; 2, 1, 2 ;
0,5; -0.541024, -2.898086, -2.456977 / -0.541024, -2.898086, -2.456977 / -0.541024, -2.898086, -2.456977; 1, 5, 1, 0; 0.567693464327; 1, 0, 1; 1, 0, 0; 3, 1, 2 ;
0,5; -0.552479, -2.921080, -2.463218 / -0.552479, -2.921080, -2.463218 / -0.552479, -2.921080, -2.463218; 1, 5, 1, 0; 0.567699164184; 1, 0, 1; 1, 0, 0; 2, 1, 2 ;
0,5; -0.349099, -2.833320, -2.354834 / -0.349099, -2.833320, -2.354834 / -0.349099, -2.833320, -2.354834; 1, 5, 1, 0; 0.568608053707; 1, 0, 1; 1, 0, 0; 2, 1, 2 ;
0,5; -0.408131, -2.832348, -2.393706 / -0.408131, -2.832348, -2.393706 / -0.408131, -2.832348, -2.393706; 1, 5, 1, 0; 0.568696467657; 1, 0, 1; 1, 0, 0; 1, 3, 0 / 1, 9, 0 / 2, 1, 2 / 2, 3, 0 / 2, 7, 0 ;
0,5; -0.409259, -2.828616, -2.392205 / -0.409259, -2.828616, -2.392205 / -0.409259, -2.828616, -2.392205; 1, 5, 1, 0; 0.568697104786; 1, 0, 1; 1, 0, 0; 2, 1, 2 ;
0,5; -0.409402, -2.828268, -2.388289 / -0.409402, -2.828268, -2.388289 / -0.409402, -2.828268, -2.388289; 1, 5, 1, 0; 0.568697232212; 1, 0, 1; 1, 0, 0; 2, 1, 2 ;
0,5; -0.218624, -3.610864, -1.343446 / -0.218624, -3.610864, -1.343446 / -0.218624, -3.610864, -1.343446; 1, 8, 1, 0; 0.474342250463; 1, 0, 1; 1, 0, 0; 2, 1, 2 ;
0,5; -0.063682, -3.926576, -1.098958 / -0.063682, -3.926576, -1.098958 / -0.063682, -3.926576, -1.098958; 1, 8, 1, 0; 0.966857609219; 1, 0, 1; 1, 0, 0; 2, 1, 2 ;
0,5; -0.010712, -4.031348, -1.021522 / -0.010712, -4.031348, -1.021522 / -0.010712, -4.031348, -1.021522; 1, 8, 1, 0; 0.978276357385; 1, 0, 1; 1, 0, 0; 3, 1, 2 ;
0,5; 0.144482, -4.360762, -0.768233 / 0.144482, -4.360762, -0.768233 / 0.144482, -4.360762, -0.768233; 1, 9, 1, 0; 0.765811997976; 1, 0, 1; 1, 0, 0; 3, 1, 2 ;
1,6; 0.800046, 0.16845, -3.64138 / 0.800325, 0.168708, -3.64134 / 0.799767, 0.168193, -3.64142; 1, 1, 1, 0; 0.719815198922; 2, 1, 1; 1, 1, 0; 3, 1, 2 / 4, 1, 1 ;
0,6; 0.212529, 0.107616, -4.548961 / 0.212529, 0.107616, -4.548961 / 0.212529, 0.107616, -4.548961; 1, 1, 1, 0; 0.051480247857; 1, 0, 1; 0, 1, 0; 4, 1, 2 ;
0,6; 0.209626, 0.107426, -4.546839 / 0.209626, 0.107426, -4.546839 / 0.209626, 0.107426, -4.546839; 1, 1, 1, 0; 0.051487533581; 1, 0, 1; 0, 1, 0; 4, 1, 2 ;
0,6; 0.198230, 0.122205, -4.524106 / 0.198230, 0.122205, -4.524106 / 0.198230, 0.122205, -4.524106; 1, 1, 1, 0; 0.051693270238; 1, 0, 1; 0, 1, 0; 4, 1, 2 ;
0,6; 0.180265, 0.136803, -4.503250 / 0.180265, 0.136803, -4.503250 / 0.180265, 0.136803, -4.503250; 1, 1, 1, 0; 0.051703573881; 1, 0, 1; 0, 1, 0; 4, 1, 2 ;
0,6; 0.187553, 0.095025, -4.559742 / 0.187553, 0.095025, -4.559742 / 0.187553, 0.095025, -4.559742; 1, 1, 1, 0; 0.051500012657; 0, 1, 0; 1, 0, 0; 3, 1, 1 ;
0,6; 0.205420, 0.122417, -4.523310 / 0.205420, 0.122417, -4.523310 / 0.205420, 0.122417, -4.523310; 1, 1, 1, 0; 0.051686091308; 1, 0, 1; 1, 0, 0; 2, 1, 2 ;
0,6; 0.192367, 0.122664, -4.522975 / 0.192367, 0.122664, -4.522975 / 0.192367, 0.122664, -4.522975; 1, 1, 1, 0; 0.051693175310; 1, 0, 1; 1, 0, 0; 2, 1, 2 / 2, 8, 0 ;
0,6; 0.172512, 0.128611, -4.501786 / 0.172512, 0.128611, -4.501786 / 0.172512, 0.128611, -4.501786; 1, 1, 1, 0; 0.051704839588; 1, 0, 1; 1, 0, 0; 3, 1, 2 ;
0,6; 1.284617, 0.155783, -3.801698 / 1.284617, 0.155783, -3.801698 / 1.284617, 0.155783, -3.801698; 1, 1, 1, 0; 0.500638889153; 1, 0, 1; 1, 0, 0; 3, 1, 2 ;
0,6; 0.993541, 0.035602, -3.070684 / 0.993541, 0.035602, -3.070684 / 0.993541, 0.035602, -3.070684; 1, 2, 1, 0; 0.555718007683; 0, 1, 0; 0, 1, 0; 4, 1, 1 ;
0,6; 0.797019, 0.005837, -3.256957 / 0.797019, 0.005837, -3.256957 / 0.797019, 0.005837, -3.256957; 1, 2, 1, 0; 0.386325131554; 1, 0, 1; 1, 0, 0; 2, 1, 2 ;
0,6; 0.989195, 0.024805, -3.083813 / 0.989195, 0.024805, -3.083813 / 0.989195, 0.024805, -3.083813; 1, 2, 1, 0; 0.555723600524; 1, 0, 1; 1, 0, 0; 2, 1, 2 ;
0,6; 1.840331, 0.146709, -2.269510 / 1.840331, 0.146709, -2.269510 / 1.840331, 0.146709, -2.269510; 1, 3, 1, 0; 0.744900333257; 0, 1, 0; 0, 1, 0; 4, 1, 1 ;
0,6; 1.837625, 0.147055, -2.260077 / 1.837625, 0.147055, -2.260077 / 1.837625, 0.147055, -2.260077; 1, 3, 1, 0; 0.744907111224; 1, 0, 1; 1, 0, 0; 3, 1, 2 ;
0,6; 2.027413, 0.221891, -2.115046 / 2.027413, 0.221891, -2.115046 / 2.027413, 0.221891, -2.115046; 1, 4, 1, 0; 0.602454583187; 1, 0, 1; 0, 1, 0; 1, 1, 2 ;
0,6; 2.066851, 0.203070, -2.044968 / 2.066851, 0.203070, -2.044968 / 2.066851, 0.203070, -2.044968; 1, 4, 1, 0; 0.602528153548; 1, 0, 1; 0, 1, 0; 4, 1, 2 ;
0,6; 2.028509, 0.227805, -2.118936 / 2.028559, 0.227908, -2.118929 / 2.028459, 0.227701, -2.118942; 1, 4, 1, 0; 0.602455014366; 0, 2, 0; 2, 0, 0; 2, 1, 1 / 2, 3, 1 ;
0,6; 2.020950, 0.204357, -2.096912 / 2.020950, 0.204357, -2.096912 / 2.020950, 0.204357, -2.096912; 1, 4, 1, 0; 0.602458560508; 1, 0, 1; 1, 0, 0; 2, 1, 2 ;
0,6; 2.011828, 0.203532, -2.107209 / 2.011828, 0.203532, -2.107209 / 2.011828, 0.203532, -2.107209; 1, 4, 1, 0; 0.602459076311; 1, 0, 1; 1, 0, 0; 3, 1, 2 ;
0,6; 2.433789, 0.263497, -1.698343 / 2.434318, 0.263604, -1.697788 / 2.433260, 0.263391, -1.698899; 1, 11, 1, 0; 0.013380749829; 2, 2, 1; 1, 2, 1; 1, 3, 2 / 3, 1, 1 / 4, 5, 1 ;
0,6; 3.101719, 0.184652, -1.175546 / 3.101994, 0.184705, -1.174959 / 3.101443, 0.184599, -1.176133; 1, 11, 1, 0; 0.721064888562; 2, 1, 1; 1, 1, 0; 1, 1, 2 / 3, 4, 1 ;
0,6; 2.406095, 0.259613, -1.724294 / 2.406095, 0.259613, -1.724294 / 2.406095, 0.259613, -1.724294; 1, 11, 1, 0; 0.013356695413; 1, 0, 1; 1, 0, 0; 1, 1, 0 / 2, 1, 2 / 4, 6, 0 ;
0,6; 2.433786, 0.262855, -1.697105 / 2.434318, 0.263604, -1.696152 / 2.433253, 0.262106, -1.698058; 1, 11, 1, 0; 0.013380715499; 1, 0, 1; 2, 1, 0; 1, 9, 2 / 3, 1, 2 / 3, 7, 1 ;
0,6; 2.430831, 0.260963, -1.703065 / 2.430831, 0.260963, -1.703065 / 2.430831, 0.260963, -1.703065; 1, 11, 1, 0; 0.013380898596; 1, 0, 1; 1, 0, 0; 1, 1, 0 / 2, 1, 2 ;
0,6; 2.351375, 0.250814, -1.776512 / 2.351375, 0.250814, -1.776512 / 2.351375, 0.250814, -1.776512; 1, 11, 1, 0; 0.013473505811; 0, 1, 0; 1, 0, 0; 2, 1, 1 ;
0,6; 2.715953, 0.298775, -1.430690 / 2.715953, 0.298775, -1.430690 / 2.715953, 0.298775, -1.430690; 1, 11, 1, 0; 0.390620837396; 1, 0, 1; 1, 0, 0; 2, 1, 2 ;
0,6; 2.717969, 0.302118, -1.428707 / 2.717969, 0.302118, -1.428707 / 2.717969, 0.302118, -1.428707; 1, 11, 1, 0; 0.390621581229; 1, 0, 1; 1, 0, 0; 2, 1, 2 ;
0,6; 3.102330, 0.187715, -1.178671 / 3.102330, 0.187715, -1.178671 / 3.102330, 0.187715, -1.178671; 1, 11, 1, 0; 0.721055001305; 1, 0, 1; 1, 0, 0; 2, 1, 2 ;
0,6; 2.925545, 0.338558, -1.231384 / 2.925545, 0.338558, -1.231384 / 2.925545, 0.338558, -1.231384; 1, 11, 1, 0; 0.789276301937; 1, 0, 1; 1, 0, 0; 3, 1, 2 ;
0,6; 3.121243, 0.366393, -1.046090 / 3.121243, 0.366393, -1.046090 / 3.121243, 0.366393, -1.046090; 1, 11, 1, 0; 0.791535580396; 1, 0, 1; 1, 0, 0; 2, 1, 2 ;
0,6; 3.471326, 0.422780, -0.715952 / 3.471830, 0.422796, -0.715786 / 3.470822, 0.422764, -0.716118; 1, 12, 1, 0; 0.411082523127; 2, 1, 1; 1, 1, 0; 2, 1, 1 / 4, 6, 2 ;
0,6; 3.743904, 0.438732, -0.447172 / 3.744316, 0.439002, -0.447101 / 3.743492, 0.438462, -0.447243; 1, 12, 1, 0; 0.859555777180; 2, 1, 1; 2, 0, 0; 2, 1, 2 / 3, 2, 1 ;
0,6; 3.457883, 0.418033, -0.728258 / 3.457883, 0.418033, -0.728258 / 3.457883, 0.418033, -0.728258; 1, 12, 1, 0; 0.411080234410; 1, 0, 1; 1, 0, 0; 2, 1, 2 ;
0,6; 3.473975, 0.420819, -0.716879 / 3.473975, 0.420819, -0.716879 / 3.473975, 0.420819, -0.716879; 1, 12, 1, 0; 0.411082614676; 1, 0, 1; 1, 0, 0; 3, 1, 2 ;
0,6; 3.747224, 0.444098, -0.445088 / 3.747224, 0.444098, -0.445088 / 3.747224, 0.444098, -0.445088; 1, 12, 1, 0; 0.859556332194; 1, 0, 1; 1, 0, 0; 3, 1, 2 ;
0,6; 4.028394, 0.499994, -0.181565 / 4.028394, 0.499994, -0.181565 / 4.028394, 0.499994, -0.181565; 1, 13, 1, 0; 0.955875036776; 1, 0, 1; 1, 0, 0; 3, 1, 2 ;
0,6; 4.425823, 0.571070, 0.191634 / 4.425823, 0.571070, 0.191634 / 4.425823, 0.571070, 0.191634; 1, 19, 1, 0; 0.146001264018; 1, 0, 1; 1, 0, 0; 3, 1, 2 ;
0,6; 4.432010, 0.566081, 0.192423 / 4.432010, 0.566081, 0.192423 / 4.432010, 0.566081, 0.192423; 1, 19, 1, 0; 0.146003389997; 1, 0, 1; 1, 0, 0; 3, 1, 2 / 4, 6, 0 ;
1,7; 1.17702, -4.40235, -0.149039 / 1.17702, -4.40235, -0.149039 / 1.17702, -4.40235, -0.149039; 1, 15, 1, 0; 0.208848366980; 1, 0, 1; 0, 1, 0; 4, 1, 2 ;
0,7; 0.783657, -4.011903, 0.089240 / 0.783730, -4.011674, 0.089867 / 0.783584, -4.012132, 0.088614; 1, 15, 1, 0; 0.909742248778; 1, 0, 2; 2, 0, 0; 2, 1, 2 / 2, 6, 2 ;
0,7; 0.623798, -3.851602, 0.142392 / 0.623798, -3.851602, 0.142392 / 0.623798, -3.851602, 0.142392; 1, 15, 1, 0; 0.909384409423; 1, 0, 1; 1, 0, 0; 3, 1, 2 ;
0,7; 0.192340, -3.442473, 0.406582 / 0.192552, -3.442263, 0.406702 / 0.192127, -3.442683, 0.406462; 1, 18, 1, 0; 0.202805315401; 0, 2, 0; 0, 2, 0; 1, 1, 1 / 1, 2, 1 / 3, 1, 0 ;
0,7; 0.211851, -3.461877, 0.395404 / 0.211962, -3.461862, 0.395468 / 0.211740, -3.461891, 0.395339; 1, 18, 1, 0; 0.202788032607; 2, 1, 1; 1, 1, 0; 3, 2, 2 / 4, 1, 1 ;
0,7; 0.024243, -3.281988, 0.500035 / 0.024243, -3.281988, 0.500035 / 0.024243, -3.281988, 0.500035; 1, 18, 1, 0; 0.228206697466; 1, 0, 1; 0, 1, 0; 4, 1, 2 ;
0,7; -0.180433, -2.841394, 0.723184 / -0.180433, -2.841394, 0.723184 / -0.180433, -2.841394, 0.723184; 1, 18, 1, 0; 0.631864567902; 1, 0, 1; 0, 1, 0; 4, 1, 2 ;
0,7; 0.624286, -3.832281, 0.389907 / 0.624286, -3.832281, 0.389907 / 0.624286, -3.832281, 0.389907; 1, 18, 1, 0; 0.139299300598; 1, 0, 1; 1, 0, 0; 2, 1, 2 ;
0,7; 0.645335, -3.839097, 0.402178 / 0.645335, -3.839097, 0.402178 / 0.645335, -3.839097, 0.402178; 1, 18, 1, 0; 0.139315523268; 1, 0, 1; 1, 0, 0; 3, 1, 2 ;
0,7; -0.180798, -2.831531, 0.725874 / -0.180798, -2.831531, 0.725874 / -0.180798, -2.831531, 0.725874; 1, 18, 1, 0; 0.631863193927; 1, 0, 1; 1, 0, 0; 2, 1, 2 ;
0,7; -0.180035, -2.838973, 0.725069 / -0.180035, -2.838973, 0.725069 / -0.180035, -2.838973, 0.725069; 1, 18, 1, 0; 0.631864358667; 0, 1, 0; 1, 0, 0; 1, 10, 0 / 3, 1, 1 ;
0,7; -0.182227, -2.841219, 0.720876 / -0.182227, -2.841219, 0.720876 / -0.182227, -2.841219, 0.720876; 1, 18, 1, 0; 0.631864707392; 1, 0, 1; 1, 0, 0; 3, 1, 2 ;
0,7; -0.202219, -2.846873, 0.762373 / -0.202219, -2.846873, 0.762373 / -0.202219, -2.846873, 0.762373; 1, 18, 1, 0; 0.631895911273; 1, 0, 1; 1, 0, 0; 2, 1, 2 ;
0,7; -0.386231, -2.872919, 0.723706 / -0.386231, -2.872919, 0.723706 / -0.386231, -2.872919, 0.723706; 1, 18, 1, 0; 0.634536321764; 1, 0, 1; 1, 0, 0; 3, 1, 2 ;
0,7; -1.446968, -0.879577, 0.999809 / -1.446968, -0.879577, 0.999809 / -1.446968, -0.879577, 0.999809; 1, 21, 1, 0; 0.605914233619; 1, 0, 1; 1, 0, 0; 2, 1, 2 ;
0,7; -1.668502, -1.138624, 1.027671 / -1.668502, -1.138624, 1.027671 / -1.668502, -1.138624, 1.027671; 1, 21, 1, 0; 0.613244822498; 1, 0, 1; 1, 0, 0; 2, 1, 2 ;
0,7; -1.553046, -1.718756, 1.390152 / -1.553046, -1.718756, 1.390152 / -1.553046, -1.718756, 1.390152; 1, 21, 1, 0; 0.971451373973; 0, 1, 0; 1, 0, 0; 3, 1, 1 ;
0,7; -1.549653, -1.720078, 1.392108 / -1.549653, -1.720078, 1.392108 / -1.549653, -1.720078, 1.392108; 1, 21, 1, 0; 0.971452232525; 1, 0, 1; 1, 0, 0; 3, 1, 2 ;
0,7; -1.490943, -1.782999, 1.357563 / -1.490943, -1.782999, 1.357563 / -1.490943, -1.782999, 1.357563; 1, 21, 1, 0; 0.973251792772; 1, 0, 1; 1, 0, 0; 1, 3, 0 / 2, 3, 0 / 3, 1, 2 ;
0,7; -0.821479, -2.450722, 0.941085 / -0.820961, -2.450358, 0.941795 / -0.821997, -2.451086, 0.940374; 1, 22, 1, 0; 0.173439517232; 0, 3, 0; 1, 2, 0; 2, 1, 1 / 4, 2, 1 / 4, 3, 0 / 4, 6, 1 / 4, 9, 0 ;
0,7; -0.821600, -2.453351, 0.940116 / -0.821566, -2.453270, 0.940131 / -0.821635, -2.453433, 0.940102; 1, 22, 1, 0; 0.173438651405; 0, 2, 0; 1, 1, 0; 3, 1, 1 / 4, 1, 1 ;
0,7; -0.814806, -2.451060, 0.953101 / -0.814806, -2.451060, 0.953101 / -0.814806, -2.451060, 0.953101; 1, 22, 1, 0; 0.173430007683; 1, 0, 1; 0, 1, 0; 1, 1, 2 ;
0,7; -0.790011, -2.466208, 0.960667 / -0.790011, -2.466208, 0.960667 / -0.790011, -2.466208, 0.960667; 1, 22, 1, 0; 0.173407343380; 1, 0, 1; 1, 0, 0; 3, 1, 2 / 4, 2, 0 ;
0,7; -0.837939, -2.414967, 0.991440 / -0.837939, -2.414967, 0.991440 / -0.837939, -2.414967, 0.991440; 1, 22, 1, 0; 0.173826753046; 1, 0, 1; 1, 0, 0; 3, 1, 2 ;
0,7; -0.840348, -2.419668, 0.992127 / -0.840348, -2.419668, 0.992127 / -0.840348, -2.419668, 0.992127; 1, 22, 1, 0; 0.173828062700; 1, 0, 1; 1, 0, 0; 1, 6, 0 / 3, 1, 2 / 4, 3, 0 ;
0,7; -1.987951, -1.287552, 1.632397 / -1.987349, -1.287244, 1.632643 / -1.988552, -1.287860, 1.632151; 1, 24, 1, 0; 0.697653898395; 2, 3, 1; 2, 2, 0; 1, 1, 1 / 1, 2, 1 / 2, 1, 2 / 2, 2, 0 / 2, 3, 1 ;
0,7; -2.106862, -1.166473, 1.706027 / -2.106297, -1.165878, 1.706086 / -2.107428, -1.167068, 1.705969; 1, 24, 1, 0; 0.700145854487; 0, 3, 0; 1, 2, 0; 3, 1, 1 / 3, 3, 0 / 4, 3, 1 / 4, 4, 1 ;
0,7; -1.985519, -1.282525, 1.628387 / -1.985519, -1.282525, 1.628387 / -1.985519, -1.282525, 1.628387; 1, 24, 1, 0; 0.697654171821; 1, 0, 1; 0, 1, 0; 1, 1, 2 ;
0,7; -1.985952, -1.286400, 1.637993 / -1.985952, -1.286400, 1.637993 / -1.985952, -1.286400, 1.637993; 1, 24, 1, 0; 0.697655065999; 0, 0, 0; 0, 1, 0; 4, 1, 3 ;
0,7; -2.103143, -1.173571, 1.700846 / -2.103143, -1.173571, 1.700846 / -2.103143, -1.173571, 1.700846; 1, 24, 1, 0; 0.700146733885; 1, 0, 1; 0, 1, 0; 1, 1, 2 ;
0,7; -1.980771, -1.291111, 1.631571 / -1.980771, -1.291111, 1.631571 / -1.980771, -1.291111, 1.631571; 1, 24, 1, 0; 0.697652760350; 1, 0, 1; 1, 0, 0; 2, 1, 2 ;
0,7; -1.989216, -1.287547, 1.628116 / -1.989216, -1.287547, 1.628116 / -1.989216, -1.287547, 1.628116; 1, 24, 1, 0; 0.697653129845; 1, 0, 1; 1, 0, 0; 2, 1, 2 ;
0,7; -1.990427, -1.283431, 1.638073 / -1.990427, -1.283431, 1.638073 / -1.990427, -1.283431, 1.638073; 1, 24, 1, 0; 0.697655228577; 1, 0, 1; 1, 0, 0; 2, 1, 2 ;
0,7; -2.141302, -1.118113, 1.719400 / -2.141302, -1.118113, 1.719400 / -2.141302, -1.118113, 1.719400; 1, 24, 1, 0; 0.699475065733; 1, 0, 1; 1, 0, 0; 2, 1, 2 ;
0,7; -2.116138, -1.175597, 1.710942 / -2.116138, -1.175597, 1.710942 / -2.116138, -1.175597, 1.710942; 1, 24, 1, 0; 0.700156510725; 1, 0, 1; 1, 0, 0; 3, 1, 2 ;
0,7; -2.559299, -0.718435, 1.961026 / -2.559299, -0.718435, 1.961026 / -2.559299, -0.718435, 1.961026; 1, 30, 1, 0; 0.535015371667; 0, 1, 0; 1, 0, 0; 3, 1, 1 ;
0,7; -2.580957, -0.700406, 1.973377 / -2.580957, -0.700406, 1.973377 / -2.580957, -0.700406, 1.973377; 1, 30, 1, 0; 0.535024908335; 1, 0, 1; 1, 0, 0; 2, 1, 2 ;
0,7; -2.646353, -0.634006, 2.011057 / -2.646353, -0.634006, 2.011057 / -2.646353, -0.634006, 2.011057; 1, 30, 1, 0; 0.536748629408; 1, 0, 1; 1, 0, 0; 3, 1, 2 ;
0,7; -2.742867, -0.519776, 2.074782 / -2.742867, -0.519776, 2.074782 / -2.742867, -0.519776, 2.074782; 1, 30, 1, 0; 0.571752292112; 1, 0, 1; 1, 0, 0; 3, 1, 2 ;
0,7; -2.982428, -0.301585, 2.197456 / -2.981557, -0.301444, 2.197882 / -2.983299, -0.301727, 2.197030; 1, 36, 1, 0; 0.246953068843; 2, 1, 2; 2, 1, 0; 3, 1, 1 / 3, 9, 2 / 4, 2, 2 ;
0,7; -3.649306, 0.359494, 2.574082 / -3.649193, 0.359697, 2.574236 / -3.649418, 0.359291, 2.573927; 1, 36, 1, 0; 0.395227970104; 0, 2, 0; 1, 1, 0; 3, 1, 1 / 4, 1, 1 / 4, 2, 0 ;
0,7; -3.183383, -0.101127, 2.311367 / -3.183383, -0.101127, 2.311367 / -3.183383, -0.101127, 2.311367; 1, 36, 1, 0; 0.243097556828; 1, 0, 1; 0, 1, 0; 1, 1, 2 ;
0,7; -3.198539, -0.084129, 2.322372 / -3.198539, -0.084129, 2.322372 / -3.198539, -0.084129, 2.322372; 1, 36, 1, 0; 0.243107578908; 0, 1, 0; 0, 1, 0; 4, 1, 1 ;
0,7; -3.652021, 0.356325, 2.569989 / -3.652021, 0.356325, 2.569989 / -3.652021, 0.356325, 2.569989; 1, 36, 1, 0; 0.395229876618; 1, 0, 1; 0, 1, 0; 1, 1, 2 ;
0,7; -3.180747, -0.097820, 2.314966 / -3.180747, -0.097820, 2.314966 / -3.180747, -0.097820, 2.314966; 1, 36, 1, 0; 0.243095534378; 1, 0, 1; 1, 0, 0; 2, 1, 2 ;
0,7; -2.981165, -0.301758, 2.197765 / -2.980772, -0.301727, 2.197882 / -2.981557, -0.301790, 2.197648; 1, 36, 1, 0; 0.246953171898; 1, 0, 1; 2, 0, 0; 2, 4, 2 / 3, 1, 2 / 4, 5, 0 ;
1,8; 3.12686, -2.30396, 0.146561 / 3.1277, -2.30303, 0.146584 / 3.12602, -2.3049, 0.146537; 1, 15, 1, 0; 0.693483435397; 0, 2, 0; 0, 2, 0; 1, 1, 1 / 1, 5, 1 ;
0,8; 2.689740, -1.782855, 0.157508 / 2.689975, -1.782589, 0.158432 / 2.689505, -1.783120, 0.156583; 1, 15, 1, 0; 0.605894424264; 1, 0, 2; 1, 1, 0; 1, 1, 2 / 2, 8, 2 ;
0,8; 2.698136, -1.793069, 0.156102 / 2.698331, -1.792854, 0.156102 / 2.697942, -1.793285, 0.156101; 1, 15, 1, 0; 0.605895998082; 2, 1, 1; 1, 1, 0; 1, 1, 0 / 1, 2, 2 / 2, 1, 1 ;
0,8; 2.696671, -1.793312, 0.159100 / 2.696842, -1.792835, 0.159213 / 2.696500, -1.793789, 0.158986; 1, 15, 1, 0; 0.605896098538; 0, 1, 0; 1, 1, 0; 1, 8, 0 / 2, 1, 3 / 4, 3, 1 ;
0,8; 2.776039, -1.887017, 0.156831 / 2.776039, -1.887017, 0.156831 / 2.776039, -1.887017, 0.156831; 1, 15, 1, 0; 0.673197576454; 0, 1, 0; 0, 1, 0; 1, 5, 0 / 4, 1, 1 ;
0,8; 2.834403, -1.956382, 0.154937 / 2.834403, -1.956382, 0.154937 / 2.834403, -1.956382, 0.154937; 1, 15, 1, 0; 0.674477820550; 0, 1, 0; 0, 1, 0; 1, 1, 1 ;
0,8; 3.194693, -2.385603, 0.144915 / 3.194693, -2.385603, 0.144915 / 3.194693, -2.385603, 0.144915; 1, 15, 1, 0; 0.695035019127; 1, 0, 1; 0, 1, 0; 4, 1, 2 ;
0,8; 3.558112, -2.816774, 0.133138 / 3.558112, -2.816774, 0.133138 / 3.558112, -2.816774, 0.133138; 1, 15, 1, 0; 0.778306665488; 1, 0, 1; 0, 1, 0; 4, 1, 2 ;
0,8; 2.844595, -1.960739, 0.157388 / 2.844595, -1.960739, 0.157388 / 2.844595, -1.960739, 0.157388; 1, 15, 1, 0; 0.674487484463; 1, 0, 1; 1, 0, 0; 3, 1, 2 ;
0,8; 3.111619, -2.284232, 0.148764 / 3.111619, -2.284232, 0.148764 / 3.111619, -2.284232, 0.148764; 1, 15, 1, 0; 0.693479169346; 1, 0, 1; 1, 0, 0; 2, 1, 2 ;
0,8; 3.111291, -2.281508, 0.148174 / 3.111291, -2.281508, 0.148174 / 3.111291, -2.281508, 0.148174; 1, 15, 1, 0; 0.693479243014; 0, 0, 0; 1, 0, 0; 2, 1, 0 / 2, 4, 0 / 3, 1, 3 / 3, 6, 0 ;
0,8; 3.270126, -2.470597, 0.141927 / 3.270126, -2.470597, 0.141927 / 3.270126, -2.470597, 0.141927; 1, 15, 1, 0; 0.693879910312; 1, 0, 1; 1, 0, 0; 3, 1, 2 ;
0,8; 3.296806, -2.504903, 0.139895 / 3.296806, -2.504903, 0.139895 / 3.296806, -2.504903, 0.139895; 1, 15, 1, 0; 0.772588073539; 1, 0, 1; 1, 0, 0; 2, 1, 2 ;
0,8; 3.560523, -2.818920, 0.131183 / 3.560523, -2.818920, 0.131183 / 3.560523, -2.818920, 0.131183; 1, 15, 1, 0; 0.778306765944; 1, 0, 1; 1, 0, 0; 3, 1, 2 ;
0,8; 1.872544, -0.811783, 0.190224 / 1.872746, -0.811413, 0.190667 / 1.872341, -0.812152, 0.189782; 1, 16, 1, 0; 0.812869559277; 2, 2, 1; 1, 2, 1; 1, 6, 2 / 3, 1, 1 / 4, 1, 1 ;
0,8; 0.436975, 0.894521, 0.227389 / 0.437196, 0.894602, 0.228245 / 0.436754, 0.894440, 0.226533; 1, 16, 1, 0; 0.593510920288; 2, 1, 1; 1, 1, 0; 1, 7, 2 / 3, 1, 1 ;
0,8; 0.719598, 0.555673, 0.227611 / 0.720160, 0.556557, 0.227715 / 0.719036, 0.554789, 0.227508; 1, 16, 1, 0; 0.632404385528; 0, 2, 0; 1, 1, 0; 1, 7, 1 / 3, 1, 1 ;
0,8; 1.876303, -0.816998, 0.196131 / 1.876463, -0.815818, 0.196247 / 1.876144, -0.818177, 0.196015; 1, 16, 1, 0; 0.812869003418; 2, 1, 1; 1, 1, 0; 3, 1, 2 / 4, 10, 1 ;
0,8; 0.722743, 0.550823, 0.219049 / 0.722743, 0.550823, 0.219049 / 0.722743, 0.550823, 0.219049; 1, 16, 1, 0; 0.632404894507; 0, 1, 0; 0, 1, 0; 1, 1, 1 / 2, 1, 0 / 2, 2, 0 / 4, 7, 0 ;
0,8; 1.877477, -0.816492, 0.185624 / 1.877477, -0.816492, 0.185624 / 1.877477, -0.816492, 0.185624; 1, 16, 1, 0; 0.812868568107; 1, 0, 1; 0, 1, 0; 1, 1, 2 ;
0,8; 2.190146, -1.193272, 0.174042 / 2.190146, -1.193272, 0.174042 / 2.190146, -1.193272, 0.174042; 1, 16, 1, 0; 0.829849931422; 1, 0, 1; 0, 1, 0; 4, 1, 2 ;
0,8; 2.178891, -1.181221, 0.174581 / 2.178891, -1.181221, 0.174581 / 2.178891, -1.181221, 0.174581; 1, 16, 1, 0; 0.829858845260; 1, 0, 1; 0, 1, 0; 4, 1, 2 ;
0,8; 1.860783, -0.797533, 0.183987 / 1.861377, -0.796524, 0.184173 / 1.860190, -0.798543, 0.183800; 1, 16, 1, 0; 0.812883683458; 2, 1, 1; 3, 0, 0; 2, 1, 2 / 2, 5, 3 / 3, 10, 1 / 4, 2, 0 ;
0,8; 0.710085, 0.570666, 0.220135 / 0.710258, 0.571045, 0.220445 / 0.709913, 0.570288, 0.219824; 1, 16, 1, 0; 0.632399476555; 1, 0, 1; 2, 0, 0; 2, 1, 0 / 2, 2, 3 / 3, 1, 2 ;
0,8; 0.714607, 0.555593, 0.224720 / 0.715086, 0.555671, 0.224910 / 0.714128, 0.555514, 0.224529; 1, 16, 1, 0; 0.632405430275; 1, 0, 2; 2, 0, 0; 3, 1, 2 / 3, 4, 2 ;
0,8; 1.292850, -0.124249, 0.201806 / 1.293761, -0.123649, 0.202058 / 1.291939, -0.124849, 0.201554; 1, 16, 1, 0; 0.722700022234; 2, 1, 1; 2, 0, 0; 3, 1, 2 / 3, 6, 1 ;
0,8; 0.724422, 0.553640, 0.214212 / 0.724422, 0.553640, 0.214212 / 0.724422, 0.553640, 0.214212; 1, 16, 1, 0; 0.632392518270; 1, 0, 1; 1, 0, 0; 3, 1, 2 ;
0,8; 0.711642, 0.555557, 0.225353 / 0.711642, 0.555557, 0.225353 / 0.711642, 0.555557, 0.225353; 1, 16, 1, 0; 0.632406267412; 0, 1, 0; 1, 0, 0; 1, 2, 0 / 2, 1, 1 / 4, 8, 0 ;
0,8; 0.711758, 0.554178, 0.228715 / 0.711758, 0.554178, 0.228715 / 0.711758, 0.554178, 0.228715; 1, 16, 1, 0; 0.632406367869; 0, 1, 0; 1, 0, 0; 3, 1, 1 ;
0,8; 1.207438, -0.022238, 0.206065 / 1.207438, -0.022238, 0.206065 / 1.207438, -0.022238, 0.206065; 1, 16, 1, 0; 0.721532630942; 1, 0, 1; 1, 0, 0; 3, 1, 2 ;
0,8; 1.640435, -0.539270, 0.194981 / 1.640435, -0.539270, 0.194981 / 1.640435, -0.539270, 0.194981; 1, 16, 1, 0; 0.751903074236; 1, 0, 1; 1, 0, 0; 2, 1, 2 ;
0,8; 1.875439, -0.807630, 0.191353 / 1.875439, -0.807630, 0.191353 / 1.875439, -0.807630, 0.191353; 1, 16, 1, 0; 0.812881212228; 1, 0, 1; 1, 0, 0; 2, 1, 2 / 3, 3, 0 ;
0,8; 2.130757, -1.112942, 0.177630 / 2.130757, -1.112942, 0.177630 / 2.130757, -1.112942, 0.177630; 1, 16, 1, 0; 0.834536373280; 1, 0, 1; 1, 0, 0; 3, 1, 2 ;
0,8; 1.976881, -0.934976, 0.175785 / 1.976881, -0.934976, 0.175785 / 1.976881, -0.934976, 0.175785; 1, 16, 1, 0; 0.834944494449; 1, 0, 1; 1, 0, 0; 2, 1, 2 ;
0,8; -0.207725, 1.663497, 0.250533 / -0.207376, 1.664016, 0.250623 / -0.208074, 1.662977, 0.250444; 1, 17, 1, 0; 0.637891820036; 1, 0, 2; 1, 1, 0; 2, 6, 2 / 4, 1, 2 ;
0,8; -0.221711, 1.685480, 0.256464 / -0.221711, 1.685480, 0.256464 / -0.221711, 1.685480, 0.256464; 1, 17, 1, 0; 0.637910699988; 1, 0, 1; 0, 1, 0; 1, 1, 2 ;
0,8; -0.209216, 1.663412, 0.247574 / -0.208993, 1.663865, 0.247943 / -0.209439, 1.662958, 0.247204; 1, 17, 1, 0; 0.637890983097; 2, 1, 1; 2, 0, 0; 3, 1, 1 / 3, 3, 2 ;
0,8; -0.222220, 1.677852, 0.248033 / -0.221971, 1.677948, 0.248386 / -0.222470, 1.677756, 0.247681; 1, 17, 1, 0; 0.637900356815; 2, 1, 1; 2, 0, 0; 2, 1, 0 / 2, 2, 1 / 3, 1, 2 ;
0,8; 0.057382, 1.336137, 0.233537 / 0.057382, 1.336137, 0.233537 / 0.057382, 1.336137, 0.233537; 1, 17, 1, 0; 0.666754363940; 1, 0, 1; 1, 0, 0; 2, 1, 2 ;
0,8; -2.351961, 3.727064, 0.311639 / -2.351961, 3.727064, 0.311639 / -2.351961, 3.727064, 0.311639; 1, 25, 1, 0; 0.229780600917; 1, 0, 1; 0, 1, 0; 1, 1, 2 ;
0,8; -1.974300, 3.720885, 0.443128 / -1.974300, 3.720885, 0.443128 / -1.974300, 3.720885, 0.443128; 1, 25, 1, 0; 0.233618567571; 0, 1, 0; 0, 1, 0; 1, 1, 1 ;
0,8; -1.985265, 3.721449, 0.450187 / -1.985265, 3.721449, 0.450187 / -1.985265, 3.721449, 0.450187; 1, 25, 1, 0; 0.233619579101; 1, 0, 1; 0, 1, 0; 4, 1, 2 ;
0,8; -2.346211, 3.728107, 0.319423 / -2.346211, 3.728107, 0.319423 / -2.346211, 3.728107, 0.319423; 1, 25, 1, 0; 0.229764707899; 0, 1, 0; 1, 0, 0; 1, 1, 0 / 2, 1, 1 ;
0,8; -2.343058, 3.732788, 0.321080 / -2.343058, 3.732788, 0.321080 / -2.343058, 3.732788, 0.321080; 1, 25, 1, 0; 0.229766053748; 1, 0, 1; 1, 0, 0; 2, 1, 2 ;
0,8; -2.353152, 3.724877, 0.311959 / -2.353152, 3.724877, 0.311959 / -2.353152, 3.724877, 0.311959; 1, 25, 1, 0; 0.229780463761; 1, 0, 1; 1, 0, 0; 3, 1, 2 ;
0,8; -2.104219, 3.893721, 0.316451 / -2.104219, 3.893721, 0.316451 / -2.104219, 3.893721, 0.316451; 1, 25, 1, 0; 0.232974883203; 1, 0, 1; 1, 0, 0; 2, 1, 2 ;
0,8; -2.105936, 3.902431, 0.318537 / -2.105936, 3.902431, 0.318537 / -2.105936, 3.902431, 0.318537; 1, 25, 1, 0; 0.232977103425; 1, 0, 1; 1, 0, 0; 3, 1, 2 ;
0,8; -1.991341, 3.725748, 0.448513 / -1.991341, 3.725748, 0.448513 / -1.991341, 3.725748, 0.448513; 1, 25, 1, 0; 0.233621979341; 1, 0, 1; 1, 0, 0; 2, 1, 2 ;
1,9; -3.11373, 1.05146, -1.64196 / -3.1135, 1.05154, -1.64184 / -3.11395, 1.05138, -1.64209; 1, 6, 1, 0; 0.691826772371; 1, 0, 2; 1, 1, 0; 1, 2, 2 / 2, 1, 2 ;
0,9; -3.957478, 1.094830, -1.958811 / -3.957478, 1.094830, -1.958811 / -3.957478, 1.094830, -1.958811; 1, 6, 1, 0; 0.422841371455; 1, 0, 1; 0, 1, 0; 4, 1, 2 ;
0,9; -3.103087, 1.057335, -1.644815 / -3.103087, 1.057335, -1.644815 / -3.103087, 1.057335, -1.644815; 1, 6, 1, 0; 0.691824709052; 1, 0, 1; 0, 1, 0; 1, 1, 2 ;
0,9; -3.014847, 1.051346, -1.602163 / -3.014847, 1.051346, -1.602163 / -3.014847, 1.051346, -1.602163; 1, 6, 1, 0; 0.693575584615; 1, 0, 1; 0, 1, 0; 3, 7, 0 / 3, 8, 0 / 4, 1, 2 ;
0,9; -3.987757, 1.072449, -1.994885 / -3.987757, 1.072449, -1.994885 / -3.987757, 1.072449, -1.994885; 1, 6, 1, 0; 0.422330937727; 1, 0, 1; 1, 0, 0; 2, 1, 2 ;
0,9; -3.987050, 1.077301, -1.992633 / -3.987050, 1.077301, -1.992633 / -3.987050, 1.077301, -1.992633; 1, 6, 1, 0; 0.422331437628; 1, 0, 1; 1, 0, 0; 3, 1, 2 ;
0,9; -3.964240, 1.028569, -1.932085 / -3.964240, 1.028569, -1.932085 / -3.964240, 1.028569, -1.932085; 1, 6, 1, 0; 0.422792013535; 1, 0, 1; 1, 0, 0; 3, 1, 2 ;
0,9; -3.952171, 1.049145, -1.937454 / -3.952171, 1.049145, -1.937454 / -3.952171, 1.049145, -1.937454; 1, 6, 1, 0; 0.422808809244; 1, 0, 1; 1, 0, 0; 3, 1, 2 ;
0,9; -3.952860, 1.095607, -1.955367 / -3.952860, 1.095607, -1.955367 / -3.952860, 1.095607, -1.955367; 1, 6, 1, 0; 0.422841974278; 0, 1, 0; 1, 0, 0; 2, 1, 1 ;
0,9; -3.098847, 1.059346, -1.651750 / -3.098847, 1.059346, -1.651750 / -3.098847, 1.059346, -1.651750; 1, 6, 1, 0; 0.691824380686; 1, 0, 1; 1, 0, 0; 2, 1, 2 ;
0,9; -3.105754, 1.054531, -1.647693 / -3.105754, 1.054531, -1.647693 / -3.105754, 1.054531, -1.647693; 1, 6, 1, 0; 0.691825238360; 1, 0, 1; 1, 0, 0; 3, 1, 2 ;
0,9; -3.109516, 1.050594, -1.645545 / -3.109516, 1.050594, -1.645545 / -3.109516, 1.050594, -1.645545; 1, 6, 1, 0; 0.691826110737; 0, 1, 0; 1, 0, 0; 2, 1, 1 ;
0,9; -1.543781, 0.977902, -1.053681 / -1.543214, 0.978007, -1.053220 / -1.544347, 0.977796, -1.054143; 1, 11, 1, 0; 0.832790712844; 0, 3, 0; 3, 0, 0; 1, 4, 0 / 2, 1, 1 / 3, 1, 1 / 3, 6, 1 ;
0,9; -1.654089, 0.983077, -1.100875 / -1.654089, 0.983077, -1.100875 / -1.654089, 0.983077, -1.100875; 1, 11, 1, 0; 0.830751505976; 1, 0, 1; 1, 0, 0; 3, 1, 2 ;
0,9; -1.641045, 0.976407, -1.089919 / -1.641045, 0.976407, -1.089919 / -1.641045, 0.976407, -1.089919; 1, 11, 1, 0; 0.830759379163; 1, 0, 1; 1, 0, 0; 3, 1, 2 ;
0,9; -0.638865, 0.901571, -0.704533 / -0.638669, 0.902182, -0.704445 / -0.639062, 0.900960, -0.704621; 1, 13, 1, 0; 0.334170128874; 1, 0, 2; 0, 2, 1; 1, 4, 2 / 4, 1, 2 ;
0,9; -0.628032, 0.916545, -0.703623 / -0.627756, 0.917406, -0.703297 / -0.628307, 0.915684, -0.703949; 1, 13, 1, 0; 0.334165888055; 0, 3, 0; 1, 2, 0; 3, 5, 1 / 4, 1, 1 / 4, 5, 1 ;
0,9; 0.743519, 0.877529, -0.210002 / 0.743642, 0.877773, -0.209597 / 0.743396, 0.877285, -0.210406; 1, 13, 1, 0; 0.925769213251; 1, 0, 2; 1, 1, 0; 1, 2, 2 / 2, 1, 2 ;
0,9; -0.894947, 0.946401, -0.810695 / -0.894947, 0.946401, -0.810695 / -0.894947, 0.946401, -0.810695; 1, 13, 1, 0; 0.329422577655; 0, 1, 0; 0, 1, 0; 4, 1, 1 ;
0,9; 0.454517, 0.862889, -0.337694 / 0.454517, 0.862889, -0.337694 / 0.454517, 0.862889, -0.337694; 1, 13, 1, 0; 0.383516827252; 1, 0, 1; 0, 1, 0; 1, 9, 0 / 4, 1, 2 ;
0,9; 0.457110, 0.861940, -0.333458 / 0.457110, 0.861940, -0.333458 / 0.457110, 0.861940, -0.333458; 1, 13, 1, 0; 0.383517639716; 0, 1, 0; 0, 1, 0; 1, 5, 0 / 1, 9, 0 / 1, 10, 0 / 2, 5, 0 / 4, 1, 1 ;
0,9; 0.131758, 0.896116, -0.426844 / 0.131758, 0.896116, -0.426844 / 0.131758, 0.896116, -0.426844; 1, 13, 1, 0; 0.386169321333; 1, 0, 1; 0, 1, 0; 4, 1, 2 ;
0,9; 0.742505, 0.874096, -0.208196 / 0.742505, 0.874096, -0.208196 / 0.742505, 0.874096, -0.208196; 1, 13, 1, 0; 0.925769982630; 1, 0, 1; 0, 1, 0; 4, 1, 2 ;
0,9; 0.740681, 0.868728, -0.206898 / 0.740681, 0.868728, -0.206898 / 0.740681, 0.868728, -0.206898; 1, 13, 1, 0; 0.925771096692; 1, 0, 1; 0, 1, 0; 4, 1, 2 ;
0,9; -0.629241, 0.912264, -0.706597 / -0.629008, 0.912400, -0.705608 / -0.629474, 0.912128, -0.707587; 1, 13, 1, 0; 0.334166491248; 1, 0, 2; 2, 0, 0; 2, 1, 2 / 2, 10, 2 ;
0,9; 0.743478, 0.870828, -0.207980 / 0.743797, 0.870936, -0.207549 / 0.743158, 0.870720, -0.208411; 1, 13, 1, 0; 0.925770992056; 0, 2, 0; 2, 0, 0; 2, 9, 0 / 3, 1, 1 / 3, 4, 1 ;
0,9; -0.893436, 0.952578, -0.805663 / -0.893436, 0.952578, -0.805663 / -0.893436, 0.952578, -0.805663; 1, 13, 1, 0; 0.329422171423; 1, 0, 1; 1, 0, 0; 2, 1, 2 ;
0,9; -0.638992, 0.897422, -0.711389 / -0.638992, 0.897422, -0.711389 / -0.638992, 0.897422, -0.711389; 1, 13, 1, 0; 0.334159302167; 1, 0, 1; 1, 0, 0; 2, 1, 2 ;
0,9; -0.628659, 0.912653, -0.705198 / -0.628310, 0.913178, -0.704789 / -0.629008, 0.912128, -0.705608; 1, 13, 1, 0; 0.334166546643; 1, 0, 1; 2, 0, 0; 2, 1, 2 / 3, 7, 2 ;
0,9; -0.639161, 0.901632, -0.702036 / -0.639161, 0.901632, -0.702036 / -0.639161, 0.901632, -0.702036; 1, 13, 1, 0; 0.334170208890; 1, 0, 1; 1, 0, 0; 2, 1, 2 ;
0,9; -0.499976, 0.920113, -0.671244 / -0.499976, 0.920113, -0.671244 / -0.499976, 0.920113, -0.671244; 1, 13, 1, 0; 0.336620688552; 1, 0, 1; 1, 0, 0; 2, 1, 2 ;
0,9; 0.453450, 0.861153, -0.334485 / 0.453450, 0.861153, -0.334485 / 0.453450, 0.861153, -0.334485; 1, 13, 1, 0; 0.383516913422; 0, 1, 0; 1, 0, 0; 3, 1, 1 ;
0,9; 0.454001, 0.868000, -0.332671 / 0.454001, 0.868000, -0.332671 / 0.454001, 0.868000, -0.332671; 1, 13, 1, 0; 0.383517424290; 1, 0, 1; 1, 0, 0; 2, 1, 2 ;
0,9; 0.455684, 0.866014, -0.320132 / 0.455684, 0.866014, -0.320132 / 0.455684, 0.866014, -0.320132; 1, 13, 1, 0; 0.383518642987; 1, 0, 1; 1, 0, 0; 2, 1, 2 ;
0,9; 0.244949, 0.874573, -0.399482 / 0.244949, 0.874573, -0.399482 / 0.244949, 0.874573, -0.399482; 1, 13, 1, 0; 0.385202346792; 1, 0, 1; 1, 0, 0; 2, 1, 2 ;
0,9; 0.137115, 0.898117, -0.425601 / 0.137115, 0.898117, -0.425601 / 0.137115, 0.898117, -0.425601; 1, 13, 1, 0; 0.386179821824; 1, 0, 1; 1, 0, 0; 2, 1, 2 ;
0,9; 0.745948, 0.875747, -0.209512 / 0.745948, 0.875747, -0.209512 / 0.745948, 0.875747, -0.209512; 1, 13, 1, 0; 0.925769902615; 0, 1, 0; 1, 0, 0; 1, 4, 0 / 2, 1, 0 / 3, 1, 1 / 3, 2, 0 ;
0,9; -2.572318, 1.028266, -1.438303 / -2.571734, 1.028430, -1.438096 / -2.572903, 1.028103, -1.438511; 1, 14, 1, 0; 0.014838744225; 0, 2, 0; 0, 2, 1; 1, 5, 1 / 4, 1, 1 ;
0,9; -2.069957, 1.190005, -1.375777 / -2.069542, 1.190842, -1.375014 / -2.070372, 1.189168, -1.376539; 1, 14, 1, 0; 0.019811982131; 1, 0, 3; 2, 1, 0; 1, 6, 0 / 2, 6, 0 / 2, 9, 2 / 3, 8, 2 / 4, 1, 2 / 4, 10, 0 ;
0,9; -2.587357, 1.029186, -1.443958 / -2.587357, 1.029186, -1.443958 / -2.587357, 1.029186, -1.443958; 1, 14, 1, 0; 0.014848936964; 0, 1, 0; 0, 1, 0; 1, 1, 1 ;
0,9; -2.521562, 1.026453, -1.419405 / -2.521562, 1.026453, -1.419405 / -2.521562, 1.026453, -1.419405; 1, 14, 1, 0; 0.014931574470; 0, 1, 0; 0, 1, 0; 4, 1, 1 ;
0,9; -2.389349, 1.019470, -1.369779 / -2.389349, 1.019470, -1.369779 / -2.389349, 1.019470, -1.369779; 1, 14, 1, 0; 0.017394838141; 0, 1, 0; 0, 1, 0; 1, 1, 1 ;
0,9; -2.063923, 1.188422, -1.372804 / -2.063275, 1.188968, -1.372171 / -2.064570, 1.187876, -1.373437; 1, 14, 1, 0; 0.019813139277; 2, 3, 1; 4, 0, 0; 2, 1, 1 / 3, 4, 1 / 3, 5, 2 / 3, 6, 0 / 3, 7, 1 / 3, 10, 0 ;
0,9; -2.389181, 1.023440, -1.370793 / -2.389181, 1.023440, -1.370793 / -2.389181, 1.023440, -1.370793; 1, 14, 1, 0; 0.017395859877; 1, 0, 1; 1, 0, 0; 2, 1, 2 ;
0,9; -2.060276, 1.189527, -1.371503 / -2.060276, 1.189527, -1.371503 / -2.060276, 1.189527, -1.371503; 1, 14, 1, 0; 0.019813256223; 1, 0, 1; 1, 0, 0; 3, 1, 2 ;
0,9; -2.065177, 1.184333, -1.375249 / -2.065177, 1.184333, -1.375249 / -2.065177, 1.184333, -1.375249; 1, 14, 1, 0; 0.019813804021; 1, 0, 1; 1, 0, 0; 3, 1, 2 ;
0,9; -2.064160, 1.179218, -1.371646 / -2.064160, 1.179218, -1.371646 / -2.064160, 1.179218, -1.371646; 1, 14, 1, 0; 0.019814936548; 1, 0, 1; 1, 0, 0; 2, 1, 2 ;
0,9; -2.085095, 1.135680, -1.300257 / -2.085095, 1.135680, -1.300257 / -2.085095, 1.135680, -1.300257; 1, 14, 1, 0; 0.019935987631; 1, 0, 1; 1, 0, 0; 2, 1, 2 ;
0,9; -2.024047, 1.082639, -1.248845 / -2.024047, 1.082639, -1.248845 / -2.024047, 1.082639, -1.248845; 1, 14, 1, 0; 0.020517244563; 1, 0, 1; 1, 0, 0; 2, 1, 2 ;
0,9; 1.374905, 0.835774, 0.043033 / 1.375246, 0.836121, 0.043506 / 1.374564, 0.835426, 0.042559; 1, 16, 1, 0; 0.583659703024; 1, 0, 2; 1, 1, 0; 1, 1, 2 / 2, 10, 2 ;
0,9; -1.064327, 0.952995, -0.872684 / -1.064327, 0.952995, -0.872684 / -1.064327, 0.952995, -0.872684; 1, 16, 1, 0; 0.114254124073; 1, 0, 1; 0, 1, 0; 1, 1, 2 ;
0,9; -1.068309, 0.968848, -0.875148 / -1.068309, 0.968848, -0.875148 / -1.068309, 0.968848, -0.875148; 1, 16, 1, 0; 0.114465296976; 0, 1, 0; 0, 1, 0; 1, 1, 1 ;
0,9; -1.064805, 0.994980, -0.877160 / -1.064805, 0.994980, -0.877160 / -1.064805, 0.994980, -0.877160; 1, 16, 1, 0; 0.114469877791; 1, 0, 1; 0, 1, 0; 1, 1, 2 ;
0,9; -1.077331, 0.977897, -0.872730 / -1.077331, 0.977897, -0.872730 / -1.077331, 0.977897, -0.872730; 1, 16, 1, 0; 0.114477036989; 1, 0, 1; 0, 1, 0; 4, 1, 2 ;
0,9; 1.425683, 0.831279, 0.062635 / 1.425683, 0.831279, 0.062635 / 1.425683, 0.831279, 0.062635; 1, 16, 1, 0; 0.583606829433; 0, 1, 0; 0, 1, 0; 4, 1, 1 ;
0,9; -1.149607, 0.961810, -0.909596 / -1.149607, 0.961810, -0.909596 / -1.149607, 0.961810, -0.909596; 1, 16, 1, 0; 0.114202141196; 1, 0, 1; 1, 0, 0; 2, 1, 2 ;
0,9; -1.162902, 0.958656, -0.911141 / -1.162902, 0.958656, -0.911141 / -1.162902, 0.958656, -0.911141; 1, 16, 1, 0; 0.114214062031; 1, 0, 1; 1, 0, 0; 3, 1, 2 ;
0,9; -1.072109, 0.987023, -0.880140 / -1.072109, 0.987023, -0.880140 / -1.072109, 0.987023, -0.880140; 1, 16, 1, 0; 0.114468310670; 1, 0, 1; 1, 0, 0; 3, 1, 2 ;
0,9; -1.076446, 0.979882, -0.865527 / -1.076446, 0.979882, -0.865527 / -1.076446, 0.979882, -0.865527; 1, 16, 1, 0; 0.114475068043; 1, 0, 1; 1, 0, 0; 2, 1, 2 ;
0,9; 1.960264, 0.811563, 0.255444 / 1.960264, 0.811563, 0.255444 / 1.960264, 0.811563, 0.255444; 1, 16, 1, 0; 0.578503412841; 1, 0, 1; 1, 0, 0; 1, 1, 0 / 1, 2, 0 / 2, 1, 2 ;
0,9; 3.378451, 0.742389, 0.790851 / 3.378869, 0.742546, 0.791396 / 3.378034, 0.742232, 0.790307; 1, 20, 1, 0; 0.852013324251; 2, 1, 1; 0, 2, 1; 1, 1, 1 / 4, 6, 2 ;
0,9; 3.376292, 0.739103, 0.790065 / 3.376565, 0.739276, 0.790538 / 3.376018, 0.738931, 0.789593; 1, 20, 1, 0; 0.852013114545; 2, 1, 1; 1, 1, 0; 2, 7, 1 / 4, 1, 2 ;
0,9; 3.395891, 0.738306, 0.799505 / 3.395891, 0.738306, 0.799505 / 3.395891, 0.738306, 0.799505; 1, 20, 1, 0; 0.852023628743; 1, 0, 1; 0, 1, 0; 1, 1, 2 ;
0,9; 3.290954, 0.746527, 0.757299 / 3.290954, 0.746527, 0.757299 / 3.290954, 0.746527, 0.757299; 1, 20, 1, 0; 0.852170653963; 0, 1, 0; 0, 1, 0; 1, 1, 1 ;
0,9; 3.415480, 0.741632, 0.805877 / 3.415480, 0.741632, 0.805877 / 3.415480, 0.741632, 0.805877; 1, 20, 1, 0; 0.853173675168; 1, 0, 1; 0, 1, 0; 4, 1, 2 / 4, 3, 0 ;
0,9; 3.368113, 0.743590, 0.784037 / 3.368113, 0.743590, 0.784037 / 3.368113, 0.743590, 0.784037; 1, 20, 1, 0; 0.852001754295; 1, 0, 1; 1, 0, 0; 2, 1, 2 ;
0,9; 3.374747, 0.743711, 0.790153 / 3.374747, 0.743711, 0.790153 / 3.374747, 0.743711, 0.790153; 1, 20, 1, 0; 0.852014148610; 1, 0, 1; 1, 0, 0; 3, 1, 2 ;
0,9; 3.411490, 0.741043, 0.802719 / 3.411490, 0.741043, 0.802719 / 3.411490, 0.741043, 0.802719; 1, 20, 1, 0; 0.853174535683; 1, 0, 1; 1, 0, 0; 1, 2, 0 / 1, 4, 0 / 2, 1, 2 / 3, 3, 0 ;
0,9; 3.534047, 0.733843, 0.852028 / 3.534047, 0.733843, 0.852028 / 3.534047, 0.733843, 0.852028; 1, 20, 1, 0; 0.855363303859; 1, 0, 1; 1, 0, 0; 3, 1, 2 ;
0,9; 4.287937, 0.701297, 1.126539 / 4.287937, 0.701297, 1.126539 / 4.287937, 0.701297, 1.126539; 1, 27, 1, 0; 0.065393875604; 1, 0, 1; 1, 0, 0; 3, 1, 2 ;
0,9; 4.274393, 0.703467, 1.125210 / 4.274393, 0.703467, 1.125210 / 4.274393, 0.703467, 1.125210; 1, 27, 1, 0; 0.065395984353; 1, 0, 1; 1, 0, 0; 2, 1, 2 ;
0,9; 4.299194, 0.756371, 1.110409 / 4.299194, 0.756371, 1.110409 / 4.299194, 0.756371, 1.110409; 1, 27, 1, 0; 0.065457782664; 1, 0, 1; 1, 0, 0; 2, 1, 2 ;
