1,0; -2.13913, 2.18793, -0.562678 / -2.13913, 2.18793, -0.562678 / -2.13913, 2.18793, -0.562678; 1, 14, 1, 0; 0.245815659149; 0, 1, 0; 1, 0, 0; 2, 1, 1 ;
0,0; -0.900774, 3.730185, 0.751877 / -0.900650, 3.730441, 0.752233 / -0.900898, 3.729928, 0.751522; 1, 25, 1, 0; 0.400629762976; 2, 1, 1; 0, 2, 1; 1, 1, 1 / 2, 8, 0 / 4, 4, 2 ;
1,1; 1.06057, 4.5212, 0.0260927 / 1.06057, 4.5212, 0.0260927 / 1.06057, 4.5212, 0.0260927; 1, 17, 1, 0; 0.384745828556; 1, 0, 1; 1, 0, 0; 2, 1, 2 / 2, 4, 0 / 3, 9, 0 ;
0,1; 1.102356, 4.422335, 0.100971 / 1.102356, 4.422335, 0.100971 / 1.102356, 4.422335, 0.100971; 1, 17, 1, 0; 0.386675280165; 1, 0, 1; 1, 0, 0; 2, 1, 2 ;
0,1; 1.336557, 3.870634, 0.558190 / 1.336557, 3.870634, 0.558190 / 1.336557, 3.870634, 0.558190; 1, 20, 1, 0; 0.581656080157; 1, 0, 1; 0, 1, 0; 4, 1, 2 / 4, 10, 0 ;
0,1; 1.771886, 2.833459, 1.402780 / 1.772062, 2.834017, 1.403022 / 1.771710, 2.832902, 1.402539; 1, 28, 1, 0; 0.071392455652; 1, 0, 3; 1, 2, 0; 3, 4, 2 / 4, 1, 2 / 4, 3, 2 ;
0,1; 1.717572, 2.965349, 1.295224 / 1.717572, 2.965349, 1.295224 / 1.717572, 2.965349, 1.295224; 1, 28, 1, 0; 0.070323826467; 0, 1, 0; 0, 1, 0; 1, 1, 1 / 4, 4, 0 ;
0,1; 1.712906, 2.974910, 1.290406 / 1.712906, 2.974910, 1.290406 / 1.712906, 2.974910, 1.290406; 1, 28, 1, 0; 0.070325437957; 1, 0, 1; 1, 0, 0; 2, 1, 2 ;
0,1; 1.769178, 2.835351, 1.400302 / 1.769178, 2.835351, 1.400302 / 1.769178, 2.835351, 1.400302; 1, 28, 1, 0; 0.071392326733; 1, 0, 1; 1, 0, 0; 2, 1, 2 ;
0,1; 1.942131, 2.416102, 1.738405 / 1.942131, 2.416102, 1.738405 / 1.942131, 2.416102, 1.738405; 1, 28, 1, 0; 0.314824384503; 1, 0, 1; 1, 0, 0; 3, 1, 2 ;
0,1; 2.350071, 1.464847, 2.520910 / 2.350071, 1.464847, 2.520910 / 2.350071, 1.464847, 2.520910; 1, 35, 1, 0; 0.177223768044; 1, 0, 1; 1, 0, 0; 3, 1, 2 ;
0,1; 2.558092, 0.831396, 3.025362 / 2.558092, 0.831396, 3.025362 / 2.558092, 0.831396, 3.025362; 1, 39, 1, 0; 0.230934181990; 1, 0, 1; 0, 1, 0; 1, 1, 2 ;
0,1; 2.565549, 0.824368, 3.029976 / 2.565549, 0.824368, 3.029976 / 2.565549, 0.824368, 3.029976; 1, 39, 1, 0; 0.230907213579; 1, 0, 1; 1, 0, 0; 2, 1, 2 ;
0,1; 2.804614, 0.311582, 3.476212 / 2.804614, 0.311582, 3.476212 / 2.804614, 0.311582, 3.476212; 1, 44, 1, 0; 0.782797713145; 1, 0, 1; 0, 1, 0; 1, 1, 2 ;
0,1; 2.801337, 0.315951, 3.483326 / 2.801337, 0.315951, 3.483326 / 2.801337, 0.315951, 3.483326; 1, 44, 1, 0; 0.782799416796; 1, 0, 1; 0, 1, 0; 4, 1, 2 ;
0,1; 2.802445, 0.316461, 3.485694 / 2.802533, 0.317616, 3.485959 / 2.802357, 0.315305, 3.485429; 1, 44, 1, 0; 0.782833668121; 1, 0, 2; 2, 0, 0; 2, 1, 2 / 2, 8, 0 / 2, 10, 2 / 3, 7, 0 ;
0,1; 2.802420, 0.317993, 3.485462 / 2.802484, 0.318371, 3.485495 / 2.802357, 0.317616, 3.485429; 1, 44, 1, 0; 0.782833846410; 0, 1, 0; 2, 0, 0; 2, 1, 2 / 2, 4, 0 / 3, 4, 1 ;
1,2; 3.34451, 1.1651, -0.491693 / 3.34451, 1.1651, -0.491693 / 3.34451, 1.1651, -0.491693; 1, 12, 1, 0; 0.923548198093; 1, 0, 1; 1, 0, 0; 3, 1, 2 ;
0,2; 2.502099, 2.961725, 0.435655 / 2.502099, 2.961725, 0.435655 / 2.502099, 2.961725, 0.435655; 1, 20, 1, 0; 0.524839206532; 1, 0, 1; 0, 1, 0; 1, 1, 2 ;
0,2; 2.507936, 2.971984, 0.428271 / 2.507986, 2.972336, 0.428331 / 2.507886, 2.971631, 0.428212; 1, 20, 1, 0; 0.524837449345; 2, 1, 1; 2, 0, 0; 3, 1, 2 / 3, 3, 1 ;
0,2; 2.543632, 2.539177, 0.123795 / 2.543632, 2.539177, 0.123795 / 2.543632, 2.539177, 0.123795; 1, 20, 1, 0; 0.240289154901; 1, 0, 1; 1, 0, 0; 3, 1, 2 ;
0,2; 2.641810, 2.378044, 0.046447 / 2.641810, 2.378044, 0.046447 / 2.641810, 2.378044, 0.046447; 1, 20, 1, 0; 0.268206432606; 1, 0, 1; 1, 0, 0; 3, 1, 2 ;
0,2; 2.629347, 2.389408, 0.054518 / 2.629347, 2.389408, 0.054518 / 2.629347, 2.389408, 0.054518; 1, 20, 1, 0; 0.268222688395; 1, 0, 1; 1, 0, 0; 2, 1, 2 ;
0,2; 2.483538, 2.957280, 0.432338 / 2.483538, 2.957280, 0.432338 / 2.483538, 2.957280, 0.432338; 1, 20, 1, 0; 0.524844116533; 0, 1, 0; 1, 0, 0; 3, 1, 1 ;
0,2; 2.477805, 2.956829, 0.438022 / 2.477805, 2.956829, 0.438022 / 2.477805, 2.956829, 0.438022; 1, 20, 1, 0; 0.524844716724; 1, 0, 1; 1, 0, 0; 3, 1, 2 ;
1,3; 0.785846, 2.41696, -0.204735 / 0.786391, 2.41735, -0.204644 / 0.785301, 2.41658, -0.204825; 1, 17, 1, 0; 0.161412788151; 1, 0, 2; 1, 1, 0; 2, 9, 0 / 3, 6, 2 / 4, 1, 2 ;
0,3; 0.784854, 2.414841, -0.208478 / 0.784854, 2.414841, -0.208478 / 0.784854, 2.414841, -0.208478; 1, 17, 1, 0; 0.161413785504; 0, 1, 0; 0, 1, 0; 1, 1, 1 ;
0,3; 0.783513, 2.408027, -0.209086 / 0.783513, 2.408027, -0.209086 / 0.783513, 2.408027, -0.209086; 1, 17, 1, 0; 0.161414747984; 1, 0, 1; 0, 1, 0; 1, 1, 2 ;
0,3; 0.785301, 2.416833, -0.205042 / 0.785372, 2.417091, -0.204644 / 0.785229, 2.416576, -0.205439; 1, 17, 1, 0; 0.161412823024; 2, 1, 1; 3, 0, 0; 2, 4, 0 / 2, 8, 1 / 2, 9, 2 / 3, 1, 2 / 3, 7, 0 ;
0,3; 0.788071, 2.424191, -0.205603 / 0.788071, 2.424191, -0.205603 / 0.788071, 2.424191, -0.205603; 1, 17, 1, 0; 0.161411616436; 1, 0, 1; 1, 0, 0; 3, 1, 2 ;
0,3; 1.258701, 1.434397, 0.068639 / 1.258701, 1.434397, 0.068639 / 1.258701, 1.434397, 0.068639; 1, 20, 1, 0; 0.371409979955; 1, 0, 1; 0, 1, 0; 4, 1, 2 ;
0,3; 1.242920, 1.422441, 0.083416 / 1.242920, 1.422441, 0.083416 / 1.242920, 1.422441, 0.083416; 1, 20, 1, 0; 0.371419771031; 1, 0, 1; 1, 0, 0; 3, 1, 2 ;
0,3; 1.259071, 1.433324, 0.079702 / 1.259071, 1.433324, 0.079702 / 1.259071, 1.433324, 0.079702; 1, 20, 1, 0; 0.371423032312; 1, 0, 1; 1, 0, 0; 2, 2, 0 / 3, 1, 2 ;
0,3; 1.242632, 1.424710, 0.088178 / 1.242632, 1.424710, 0.088178 / 1.242632, 1.424710, 0.088178; 1, 20, 1, 0; 0.371432996937; 1, 0, 1; 1, 0, 0; 2, 1, 2 ;
1,4; -0.221278, -3.1852, -2.21548 / -0.221278, -3.1852, -2.21548 / -0.221278, -3.1852, -2.21548; 1, 3, 1, 0; 0.973741768316; 1, 0, 1; 0, 1, 0; 4, 1, 2 ;
0,4; -0.213724, -3.187293, -2.213143 / -0.213724, -3.187293, -2.213143 / -0.213724, -3.187293, -2.213143; 1, 3, 1, 0; 0.973740567463; 1, 0, 1; 1, 0, 0; 3, 1, 2 ;
0,4; -0.222790, -3.183820, -2.226770 / -0.222790, -3.183820, -2.226770 / -0.222790, -3.183820, -2.226770; 1, 3, 1, 0; 0.973743464823; 1, 0, 1; 1, 0, 0; 2, 1, 2 ;
0,4; -0.209552, -3.181856, -2.217069 / -0.209552, -3.181856, -2.217069 / -0.209552, -3.181856, -2.217069; 1, 3, 1, 0; 0.973746998876; 1, 0, 1; 1, 0, 0; 2, 1, 2 ;
0,4; -0.326427, -3.120061, -2.227458 / -0.326427, -3.120061, -2.227458 / -0.326427, -3.120061, -2.227458; 1, 5, 1, 0; 0.598742875179; 0, 1, 0; 0, 1, 0; 1, 1, 1 ;
0,4; 1.029983, -3.704141, -1.838216 / 1.029985, -3.704047, -1.838166 / 1.029980, -3.704235, -1.838265; 1, 8, 1, 0; 0.380037257832; 2, 1, 1; 1, 1, 0; 3, 1, 1 / 4, 1, 2 ;
0,4; 0.987659, -3.686095, -1.850347 / 0.987659, -3.686095, -1.850347 / 0.987659, -3.686095, -1.850347; 1, 8, 1, 0; 0.380067729890; 1, 0, 1; 1, 0, 0; 3, 1, 2 ;
1,5; 1.59821, -1.97772, 0.330537 / 1.59824, -1.97765, 0.330978 / 1.59819, -1.97779, 0.330097; 1, 19, 1, 0; 0.359107985295; 0, 0, 0; 1, 1, 0; 2, 1, 0 / 3, 1, 3 / 4, 1, 3 ;
0,5; 1.632125, -2.003861, 0.325309 / 1.632125, -2.003861, 0.325309 / 1.632125, -2.003861, 0.325309; 1, 19, 1, 0; 0.359075900360; 1, 0, 1; 1, 0, 0; 2, 1, 2 ;
0,5; -0.819294, -0.052914, 0.759517 / -0.819294, -0.052914, 0.759517 / -0.819294, -0.052914, 0.759517; 1, 23, 1, 0; 0.243198911024; 1, 0, 1; 0, 1, 0; 1, 1, 2 ;
0,5; -0.997227, 0.093576, 0.791296 / -0.997227, 0.093576, 0.791296 / -0.997227, 0.093576, 0.791296; 1, 23, 1, 0; 0.199792883229; 0, 0, 0; 1, 0, 0; 2, 1, 3 ;
0,5; -0.823299, -0.049280, 0.758724 / -0.823299, -0.049280, 0.758724 / -0.823299, -0.049280, 0.758724; 1, 23, 1, 0; 0.243197935557; 1, 0, 1; 1, 0, 0; 2, 1, 2 ;
0,5; -2.797065, 1.523827, 1.110441 / -2.796883, 1.523909, 1.110545 / -2.797247, 1.523744, 1.110337; 1, 24, 1, 0; 0.313397374220; 2, 1, 1; 0, 2, 0; 4, 1, 1 / 4, 2, 2 ;
0,5; -2.963156, 1.664385, 1.146932 / -2.963156, 1.664385, 1.146932 / -2.963156, 1.664385, 1.146932; 1, 24, 1, 0; 0.334934902357; 1, 0, 1; 0, 1, 0; 1, 1, 2 ;
0,5; -2.795266, 1.522615, 1.116330 / -2.795266, 1.522615, 1.116330 / -2.795266, 1.522615, 1.116330; 1, 24, 1, 0; 0.313397551578; 1, 0, 1; 1, 0, 0; 2, 1, 2 ;
0,5; -2.454172, 1.246452, 1.044678 / -2.454172, 1.246452, 1.044678 / -2.454172, 1.246452, 1.044678; 1, 24, 1, 0; 0.317133250271; 1, 0, 1; 1, 0, 0; 2, 1, 2 ;
0,5; -2.970182, 1.667555, 1.148693 / -2.970182, 1.667555, 1.148693 / -2.970182, 1.667555, 1.148693; 1, 24, 1, 0; 0.334936129081; 0, 1, 0; 1, 0, 0; 3, 1, 1 / 4, 6, 0 ;
1,6; -2.01771, 0.639553, -3.08529 / -2.01771, 0.639553, -3.08529 / -2.01771, 0.639553, -3.08529; 1, 2, 1, 0; 0.629498962121; 1, 0, 1; 0, 1, 0; 4, 1, 2 ;
0,6; -2.017485, 0.635122, -3.081463 / -2.017485, 0.635122, -3.081463 / -2.017485, 0.635122, -3.081463; 1, 2, 1, 0; 0.629498329267; 1, 0, 1; 1, 0, 0; 2, 1, 2 ;
0,6; -1.354422, -0.289135, -1.737986 / -1.354271, -0.288773, -1.737903 / -1.354573, -0.289497, -1.738070; 1, 6, 1, 0; 0.794678274183; 2, 1, 1; 0, 2, 1; 1, 1, 2 / 4, 6, 1 ;
0,6; -0.836811, -1.014863, -0.682924 / -0.836811, -1.014863, -0.682924 / -0.836811, -1.014863, -0.682924; 1, 16, 1, 0; 0.021705550019; 1, 0, 1; 0, 1, 0; 1, 1, 2 ;
0,6; -0.547115, -1.417858, -0.096100 / -0.547115, -1.417858, -0.096100 / -0.547115, -1.417858, -0.096100; 1, 16, 1, 0; 0.310723346888; 1, 0, 1; 0, 1, 0; 4, 1, 2 ;
0,6; -0.921351, -0.898574, -0.859167 / -0.921351, -0.898574, -0.859167 / -0.921351, -0.898574, -0.859167; 1, 16, 1, 0; 0.028836225140; 1, 0, 1; 1, 0, 0; 3, 1, 2 ;
0,6; -0.555555, -1.417388, -0.100947 / -0.555555, -1.417388, -0.100947 / -0.555555, -1.417388, -0.100947; 1, 16, 1, 0; 0.310721746282; 1, 0, 1; 1, 0, 0; 2, 1, 2 ;
0,6; 0.460946, -2.832772, 1.950506 / 0.460946, -2.832772, 1.950506 / 0.460946, -2.832772, 1.950506; 1, 32, 1, 0; 0.488601556751; 1, 0, 1; 0, 1, 0; 4, 1, 2 ;
0,6; 0.459896, -2.826690, 1.952029 / 0.459896, -2.826690, 1.952029 / 0.459896, -2.826690, 1.952029; 1, 32, 1, 0; 0.488601887225; 0, 1, 0; 0, 1, 0; 1, 1, 1 ;
1,7; -3.49253, 0.977204, -0.123365 / -3.49253, 0.977204, -0.123365 / -3.49253, 0.977204, -0.123365; 1, 14, 1, 0; 0.452441961093; 1, 0, 1; 0, 1, 0; 1, 1, 2 / 4, 10, 0 ;
0,7; -3.494182, 0.976055, -0.120208 / -3.494182, 0.976055, -0.120208 / -3.494182, 0.976055, -0.120208; 1, 14, 1, 0; 0.452442053418; 1, 0, 1; 1, 0, 0; 2, 1, 2 ;
0,7; -2.952524, 2.955796, 1.889017 / -2.952524, 2.955796, 1.889017 / -2.952524, 2.955796, 1.889017; 1, 29, 1, 0; 0.673722593039; 1, 0, 1; 1, 0, 0; 3, 1, 2 ;
0,7; -2.957235, 2.946597, 1.876759 / -2.957235, 2.946597, 1.876759 / -2.957235, 2.946597, 1.876759; 1, 29, 1, 0; 0.673725369290; 0, 1, 0; 1, 0, 0; 3, 1, 1 ;
0,7; -2.938994, 3.004405, 1.928222 / -2.938994, 3.004405, 1.928222 / -2.938994, 3.004405, 1.928222; 1, 29, 1, 0; 0.675379333388; 1, 0, 1; 1, 0, 0; 1, 2, 0 / 2, 1, 2 ;
1,8; 1.60083, -3.02854, -1.14449 / 1.60083, -3.02854, -1.14449 / 1.60083, -3.02854, -1.14449; 1, 8, 1, 0; 0.881399122094; 0, 1, 0; 0, 1, 0; 1, 1, 1 ;
0,8; 0.206866, -2.645404, 0.424830 / 0.206866, -2.645404, 0.424830 / 0.206866, -2.645404, 0.424830; 1, 18, 1, 0; 0.327827361773; 1, 0, 1; 1, 0, 0; 3, 1, 2 ;
1,9; 3.89822, -1.02305, 1.30161 / 3.89822, -1.02305, 1.30161 / 3.89822, -1.02305, 1.30161; 1, 27, 1, 0; 0.259489609117; 1, 0, 1; 1, 0, 0; 2, 1, 2 ;
0,9; 3.901815, -1.025366, 1.300130 / 3.901815, -1.025366, 1.300130 / 3.901815, -1.025366, 1.300130; 1, 27, 1, 0; 0.259490594428; 1, 0, 1; 1, 0, 0; 2, 1, 2 ;
0,9; 0.587353, -2.967872, 2.654833 / 0.587353, -2.967872, 2.654833 / 0.587353, -2.967872, 2.654833; 1, 33, 1, 0; 0.882310904560; 1, 0, 1; 1, 0, 0; 2, 1, 2 / 3, 10, 0 ;
0,9; -0.227924, -3.452078, 2.996198 / -0.227924, -3.452078, 2.996198 / -0.227924, -3.452078, 2.996198; 1, 35, 1, 0; 0.992372115432; 1, 0, 1; 1, 0, 0; 2, 1, 2 ;
