1,0; -2.99787, -1.2759, 2.01083 / -2.99783, -1.27585, 2.01105 / -2.9979, -1.27594, 2.01061; 1, 30, 1, 0; 0.407371444937; 0, 2, 0; 1, 1, 0; 1, 5, 1 / 1, 6, 0 / 2, 5, 0 / 3, 1, 1 ;
0,0; -3.014290, -1.303034, 2.006771 / -3.014290, -1.303034, 2.006771 / -3.014290, -1.303034, 2.006771; 1, 30, 1, 0; 0.407364440990; 1, 0, 1; 0, 1, 0; 4, 1, 2 ;
0,0; -2.346299, -0.130831, 2.157505 / -2.346299, -0.130831, 2.157505 / -2.346299, -0.130831, 2.157505; 1, 30, 1, 0; 0.664723836020; 1, 0, 1; 1, 0, 0; 2, 1, 2 ;
0,0; -0.224450, 3.341661, 2.634512 / -0.223605, 3.342057, 2.635057 / -0.225295, 3.341266, 2.633967; 1, 38, 1, 0; 0.354457787615; 2, 2, 2; 1, 3, 1; 1, 8, 1 / 3, 3, 1 / 4, 1, 2 / 4, 4, 2 ;
0,0; -0.226377, 3.341133, 2.634546 / -0.225295, 3.341266, 2.635057 / -0.227458, 3.340999, 2.634034; 1, 38, 1, 0; 0.354457665154; 2, 2, 1; 3, 1, 0; 1, 5, 0 / 2, 1, 2 / 2, 6, 1 / 3, 3, 0 / 3, 4, 1 / 4, 1, 0 / 4, 9, 2 ;
0,0; 0.319692, 3.589096, 2.570724 / 0.319754, 3.589247, 2.570923 / 0.319629, 3.588945, 2.570525; 1, 38, 1, 0; 0.279787835926; 0, 1, 0; 2, 0, 0; 2, 1, 1 / 3, 1, 3 ;
0,0; 0.327073, 3.598196, 2.582460 / 0.327073, 3.598196, 2.582460 / 0.327073, 3.598196, 2.582460; 1, 38, 1, 0; 0.279818451233; 1, 0, 1; 1, 0, 0; 2, 1, 2 ;
0,0; 0.048473, 3.306821, 2.630210 / 0.048473, 3.306821, 2.630210 / 0.048473, 3.306821, 2.630210; 1, 38, 1, 0; 0.346860262557; 1, 0, 1; 1, 0, 0; 2, 1, 2 ;
0,0; 0.050541, 3.303486, 2.641789 / 0.050541, 3.303486, 2.641789 / 0.050541, 3.303486, 2.641789; 1, 38, 1, 0; 0.346885811030; 1, 0, 1; 1, 0, 0; 2, 1, 2 ;
0,0; -0.229464, 3.342377, 2.630705 / -0.229464, 3.342377, 2.630705 / -0.229464, 3.342377, 2.630705; 1, 38, 1, 0; 0.354431320683; 1, 0, 1; 1, 0, 0; 2, 1, 2 ;
0,0; -0.228585, 3.352585, 2.633080 / -0.228585, 3.352585, 2.633080 / -0.228585, 3.352585, 2.633080; 1, 38, 1, 0; 0.354433999522; 1, 0, 1; 1, 0, 0; 2, 1, 2 ;
0,0; -0.223745, 3.338289, 2.634089 / -0.223745, 3.338289, 2.634089 / -0.223745, 3.338289, 2.634089; 1, 38, 1, 0; 0.354455782313; 1, 0, 1; 1, 0, 0; 3, 1, 2 ;
0,0; -0.604899, 2.957271, 2.587374 / -0.604899, 2.957271, 2.587374 / -0.604899, 2.957271, 2.587374; 1, 38, 1, 0; 0.390225420501; 1, 0, 1; 1, 0, 0; 3, 1, 2 ;
1,1; -0.0681627, -3.44686, -2.65825 / -0.0681627, -3.44686, -2.65825 / -0.0681627, -3.44686, -2.65825; 1, 3, 1, 0; 0.462398876518; 1, 0, 1; 1, 0, 0; 3, 1, 2 ;
0,1; -0.043712, -3.451111, -2.655965 / -0.043712, -3.451111, -2.655965 / -0.043712, -3.451111, -2.655965; 1, 3, 1, 0; 0.462400798688; 1, 0, 1; 1, 0, 0; 2, 1, 2 ;
0,1; -0.089854, -3.437191, -2.652842 / -0.089854, -3.437191, -2.652842 / -0.089854, -3.437191, -2.652842; 1, 3, 1, 0; 0.463150126734; 1, 0, 1; 1, 0, 0; 2, 1, 2 ;
0,1; 0.445691, -3.895945, -2.250705 / 0.445691, -3.895945, -2.250705 / 0.445691, -3.895945, -2.250705; 1, 5, 1, 0; 0.621296519019; 1, 0, 1; 0, 1, 0; 1, 1, 2 ;
0,1; 0.427509, -3.880550, -2.269304 / 0.427509, -3.880550, -2.269304 / 0.427509, -3.880550, -2.269304; 1, 5, 1, 0; 0.621283546086; 0, 1, 0; 1, 0, 0; 3, 1, 1 ;
0,1; 0.436979, -3.880459, -2.261846 / 0.436979, -3.880459, -2.261846 / 0.436979, -3.880459, -2.261846; 1, 5, 1, 0; 0.621292813867; 1, 0, 1; 1, 0, 0; 2, 1, 2 / 3, 9, 0 ;
0,1; 0.437290, -3.882592, -2.258058 / 0.437290, -3.882592, -2.258058 / 0.437290, -3.882592, -2.258058; 1, 5, 1, 0; 0.621292931491; 1, 0, 1; 1, 0, 0; 1, 2, 0 / 2, 1, 2 / 4, 3, 0 ;
0,1; 0.489248, -2.444322, -1.109481 / 0.489248, -2.444322, -1.109481 / 0.489248, -2.444322, -1.109481; 1, 8, 1, 0; 0.805300333101; 0, 0, 0; 0, 1, 0; 1, 1, 3 ;
0,1; 1.991458, -2.637309, -1.305923 / 1.991458, -2.637309, -1.305923 / 1.991458, -2.637309, -1.305923; 1, 8, 1, 0; 0.565837012583; 0, 1, 0; 1, 0, 0; 1, 6, 0 / 2, 7, 0 / 3, 1, 1 ;
0,1; 0.364367, -2.426487, -0.516365 / 0.364367, -2.426487, -0.516365 / 0.364367, -2.426487, -0.516365; 1, 15, 1, 0; 0.120248368587; 1, 0, 1; 1, 0, 0; 2, 1, 2 ;
0,1; -1.596206, -2.172971, 0.434645 / -1.596206, -2.172971, 0.434645 / -1.596206, -2.172971, 0.434645; 1, 18, 1, 0; 0.384414268139; 1, 0, 1; 0, 1, 0; 1, 7, 0 / 4, 1, 2 ;
0,1; -2.061328, -2.113743, 0.661463 / -2.061328, -2.113743, 0.661463 / -2.061328, -2.113743, 0.661463; 1, 18, 1, 0; 0.480217827362; 1, 0, 1; 1, 0, 0; 3, 1, 2 ;
0,1; -3.041997, -1.989679, 1.133636 / -3.041997, -1.989679, 1.133636 / -3.041997, -1.989679, 1.133636; 1, 21, 1, 0; 0.711080909017; 1, 0, 1; 1, 0, 0; 2, 1, 2 ;
1,2; 2.79838, 0.0503113, -2.90851 / 2.79838, 0.0503113, -2.90851 / 2.79838, 0.0503113, -2.90851; 1, 3, 1, 0; 0.278819299879; 1, 0, 1; 1, 0, 0; 2, 1, 2 ;
0,2; -1.915347, -2.372948, -1.085308 / -1.915347, -2.372948, -1.085308 / -1.915347, -2.372948, -1.085308; 1, 9, 1, 0; 0.375518985549; 1, 0, 1; 0, 1, 0; 1, 1, 2 ;
0,2; -2.564347, -2.711038, -0.837399 / -2.564347, -2.711038, -0.837399 / -2.564347, -2.711038, -0.837399; 1, 9, 1, 0; 0.567096428680; 0, 1, 0; 0, 1, 0; 4, 1, 1 ;
0,2; -2.375644, -2.613778, -0.906870 / -2.375644, -2.613778, -0.906870 / -2.375644, -2.613778, -0.906870; 1, 9, 1, 0; 0.568931361354; 0, 1, 0; 0, 1, 0; 1, 1, 1 / 3, 7, 0 ;
0,2; -1.918728, -2.383721, -1.087033 / -1.918728, -2.383721, -1.087033 / -1.918728, -2.383721, -1.087033; 1, 9, 1, 0; 0.375516471372; 1, 0, 1; 1, 0, 0; 2, 1, 2 ;
0,2; -1.919670, -2.378996, -1.083444 / -1.919670, -2.378996, -1.083444 / -1.919670, -2.378996, -1.083444; 1, 9, 1, 0; 0.375517460822; 1, 0, 1; 1, 0, 0; 2, 1, 2 ;
0,2; -1.917972, -2.376654, -1.086405 / -1.917972, -2.376654, -1.086405 / -1.917972, -2.376654, -1.086405; 1, 9, 1, 0; 0.375518055574; 1, 0, 1; 1, 0, 0; 3, 1, 2 ;
1,3; -2.1741, 2.15428, -1.33408 / -2.17333, 2.1546, -1.3335 / -2.17487, 2.15395, -1.33466; 1, 7, 1, 0; 0.433798938617; 2, 2, 2; 3, 1, 0; 1, 5, 2 / 2, 6, 1 / 3, 1, 2 / 3, 4, 1 ;
0,3; -3.491881, 0.238461, 0.713112 / -3.491076, 0.238940, 0.713352 / -3.492685, 0.237982, 0.712872; 1, 21, 1, 0; 0.452275517896; 0, 2, 0; 1, 1, 0; 1, 9, 1 / 2, 1, 1 / 4, 6, 0 ;
0,3; -3.486543, 0.220519, 0.696091 / -3.486543, 0.220519, 0.696091 / -3.486543, 0.220519, 0.696091; 1, 21, 1, 0; 0.452051123102; 1, 0, 1; 0, 1, 0; 1, 1, 2 ;
0,3; -3.488673, 0.210759, 0.698737 / -3.488673, 0.210759, 0.698737 / -3.488673, 0.210759, 0.698737; 1, 21, 1, 0; 0.452053327687; 1, 0, 1; 0, 1, 0; 4, 1, 2 ;
0,3; -3.507144, 0.227350, 0.731804 / -3.507144, 0.227350, 0.731804 / -3.507144, 0.227350, 0.731804; 1, 21, 1, 0; 0.452086752987; 1, 0, 1; 0, 1, 0; 4, 1, 2 ;
0,3; -3.487591, 0.247335, 0.702083 / -3.487591, 0.247335, 0.702083 / -3.487591, 0.247335, 0.702083; 1, 21, 1, 0; 0.452278057171; 1, 0, 1; 0, 1, 0; 1, 1, 2 / 1, 10, 0 / 3, 8, 0 ;
0,3; -3.497908, 0.244963, 0.704972 / -3.497908, 0.244963, 0.704972 / -3.497908, 0.244963, 0.704972; 1, 21, 1, 0; 0.452290171477; 0, 1, 0; 0, 1, 0; 1, 1, 1 ;
0,3; -3.486179, 0.244864, 0.704652 / -3.486074, 0.244997, 0.705128 / -3.486284, 0.244731, 0.704176; 1, 21, 1, 0; 0.452277125861; 2, 2, 1; 3, 0, 0; 1, 2, 0 / 2, 1, 1 / 2, 3, 1 / 3, 1, 2 ;
0,3; -3.483558, 0.222639, 0.696779 / -3.483558, 0.222639, 0.696779 / -3.483558, 0.222639, 0.696779; 1, 21, 1, 0; 0.452051021240; 1, 0, 1; 1, 0, 0; 3, 1, 2 ;
0,3; -3.495220, 0.229197, 0.707439 / -3.495220, 0.229197, 0.707439 / -3.495220, 0.229197, 0.707439; 1, 21, 1, 0; 0.452061920478; 1, 0, 1; 1, 0, 0; 2, 1, 2 / 4, 6, 0 / 4, 7, 0 ;
0,3; -4.196279, -0.771259, 1.847806 / -4.195980, -0.771163, 1.848279 / -4.196578, -0.771356, 1.847332; 1, 24, 1, 0; 0.726829229721; 2, 1, 1; 1, 1, 0; 1, 7, 1 / 3, 1, 2 ;
0,3; -3.844222, -0.264154, 1.296366 / -3.844222, -0.264154, 1.296366 / -3.844222, -0.264154, 1.296366; 1, 24, 1, 0; 0.615333328899; 0, 1, 0; 0, 1, 0; 4, 1, 1 ;
0,3; -4.190436, -0.765075, 1.841150 / -4.190436, -0.765075, 1.841150 / -4.190436, -0.765075, 1.841150; 1, 24, 1, 0; 0.726827404415; 1, 0, 1; 1, 0, 0; 2, 1, 2 ;
0,3; -4.190368, -0.763571, 1.845171 / -4.190368, -0.763571, 1.845171 / -4.190368, -0.763571, 1.845171; 1, 24, 1, 0; 0.726828365103; 1, 0, 1; 1, 0, 0; 3, 1, 2 ;
0,3; -4.196088, -0.771556, 1.848318 / -4.195598, -0.771356, 1.848358 / -4.196578, -0.771757, 1.848279; 1, 24, 1, 0; 0.726829163212; 0, 1, 0; 2, 0, 0; 3, 1, 1 / 3, 10, 2 / 4, 2, 0 ;
1,4; -1.93915, 3.15745, 1.3757 / -1.93915, 3.15745, 1.3757 / -1.93915, 3.15745, 1.3757; 1, 29, 1, 0; 0.133334852966; 1, 0, 1; 1, 0, 0; 2, 1, 2 ;
0,4; -1.943692, 3.155601, 1.385176 / -1.943692, 3.155601, 1.385176 / -1.943692, 3.155601, 1.385176; 1, 29, 1, 0; 0.133352104691; 1, 0, 1; 1, 0, 0; 2, 1, 2 / 3, 3, 0 ;
1,5; -1.64354, -0.859981, 0.409358 / -1.64354, -0.859981, 0.409358 / -1.64354, -0.859981, 0.409358; 1, 21, 1, 0; 0.133511424555; 0, 1, 0; 0, 1, 0; 4, 1, 1 ;
0,5; -1.638550, -0.863181, 0.411635 / -1.638550, -0.863181, 0.411635 / -1.638550, -0.863181, 0.411635; 1, 21, 1, 0; 0.133512501382; 1, 0, 1; 1, 0, 0; 3, 1, 2 ;
0,5; -1.564646, 0.139859, 1.173899 / -1.564646, 0.139859, 1.173899 / -1.564646, 0.139859, 1.173899; 1, 21, 1, 0; 0.480800169964; 0, 1, 0; 1, 0, 0; 3, 1, 1 ;
0,5; -1.517460, 0.786222, 1.667240 / -1.517460, 0.786222, 1.667240 / -1.517460, 0.786222, 1.667240; 1, 30, 1, 0; 0.157430009235; 1, 0, 1; 1, 0, 0; 3, 1, 2 ;
0,5; -1.443008, 1.628047, 2.309732 / -1.443008, 1.628047, 2.309732 / -1.443008, 1.628047, 2.309732; 1, 31, 1, 0; 0.531086817627; 1, 0, 1; 1, 0, 0; 3, 1, 2 ;
0,5; -1.419148, 1.918969, 2.536774 / -1.418402, 1.919511, 2.537633 / -1.419894, 1.918427, 2.535915; 1, 37, 1, 0; 0.437057746591; 2, 3, 1; 1, 3, 1; 1, 2, 1 / 1, 8, 1 / 2, 1, 0 / 3, 1, 2 / 4, 5, 1 ;
0,5; -1.419128, 1.915944, 2.538006 / -1.418818, 1.916476, 2.538768 / -1.419438, 1.915411, 2.537244; 1, 37, 1, 0; 0.437059614125; 2, 1, 1; 1, 1, 0; 1, 1, 2 / 3, 3, 1 / 4, 2, 0 ;
0,5; -1.421173, 1.903058, 2.522755 / -1.421173, 1.903058, 2.522755 / -1.421173, 1.903058, 2.522755; 1, 37, 1, 0; 0.437070957096; 1, 0, 1; 0, 1, 0; 1, 1, 2 ;
0,5; -1.416141, 1.916836, 2.539023 / -1.416141, 1.916836, 2.539023 / -1.416141, 1.916836, 2.539023; 1, 37, 1, 0; 0.437059430433; 1, 0, 1; 1, 0, 0; 1, 3, 0 / 2, 1, 2 / 4, 8, 0 ;
0,5; -1.420448, 1.915911, 2.538540 / -1.419438, 1.916476, 2.538768 / -1.421458, 1.915346, 2.538313; 1, 37, 1, 0; 0.437059644740; 1, 0, 1; 2, 0, 0; 2, 10, 2 / 3, 1, 1 ;
1,6; -2.05202, -3.79556, 0.690025 / -2.05202, -3.79556, 0.690025 / -2.05202, -3.79556, 0.690025; 1, 18, 1, 0; 0.752822856250; 1, 0, 1; 0, 1, 0; 4, 1, 2 ;
1,7; 2.99305, -0.560253, 0.0917824 / 2.99332, -0.559784, 0.0926234 / 2.99277, -0.560723, 0.0909414; 1, 16, 1, 0; 0.739354727884; 1, 0, 2; 2, 0, 0; 2, 9, 2 / 3, 1, 2 / 3, 7, 0 ;
0,7; 2.990864, -0.560276, 0.099267 / 2.990864, -0.560276, 0.099267 / 2.990864, -0.560276, 0.099267; 1, 16, 1, 0; 0.739366615233; 1, 0, 1; 1, 0, 0; 2, 1, 2 ;
0,7; 1.243567, 0.793138, 0.428376 / 1.243567, 0.793138, 0.428376 / 1.243567, 0.793138, 0.428376; 1, 19, 1, 0; 0.715015655597; 0, 1, 0; 1, 0, 0; 2, 1, 1 / 3, 7, 0 ;
0,7; -1.147969, 2.636323, 0.889059 / -1.147969, 2.636323, 0.889059 / -1.147969, 2.636323, 0.889059; 1, 25, 1, 0; 0.569533573357; 1, 0, 1; 0, 1, 0; 1, 1, 2 ;
0,7; -1.148147, 2.646199, 0.887279 / -1.148147, 2.646199, 0.887279 / -1.148147, 2.646199, 0.887279; 1, 25, 1, 0; 0.569549157773; 1, 0, 1; 1, 0, 0; 1, 7, 0 / 2, 3, 0 / 3, 1, 2 ;
0,7; -0.670323, 2.274227, 0.796513 / -0.670323, 2.274227, 0.796513 / -0.670323, 2.274227, 0.796513; 1, 25, 1, 0; 0.591764622177; 1, 0, 1; 1, 0, 0; 3, 1, 2 ;
0,7; -0.129399, 1.858287, 0.694445 / -0.129399, 1.858287, 0.694445 / -0.129399, 1.858287, 0.694445; 1, 25, 1, 0; 0.622633929107; 1, 0, 1; 1, 0, 0; 2, 1, 2 ;
0,7; -0.388675, 2.061577, 0.741604 / -0.388675, 2.061577, 0.741604 / -0.388675, 2.061577, 0.741604; 1, 25, 1, 0; 0.627193270756; 1, 0, 1; 1, 0, 0; 2, 1, 2 ;
1,8; 3.30462, -0.513311, -2.37907 / 3.30462, -0.513311, -2.37907 / 3.30462, -0.513311, -2.37907; 1, 3, 1, 0; 0.784072639498; 1, 0, 1; 0, 1, 0; 4, 1, 2 ;
0,8; 3.299091, -0.521155, -2.372255 / 3.299091, -0.521155, -2.372255 / 3.299091, -0.521155, -2.372255; 1, 3, 1, 0; 0.784080884279; 1, 0, 1; 1, 0, 0; 2, 1, 2 ;
0,8; -0.168450, -3.264504, -0.986997 / -0.167667, -3.264261, -0.986162 / -0.169234, -3.264746, -0.987833; 1, 8, 1, 0; 0.917247604525; 0, 3, 0; 2, 1, 0; 1, 1, 1 / 2, 5, 1 / 2, 6, 1 ;
0,8; -0.162552, -3.267864, -0.993329 / -0.162552, -3.267864, -0.993329 / -0.162552, -3.267864, -0.993329; 1, 8, 1, 0; 0.917248484067; 1, 0, 1; 0, 1, 0; 4, 1, 2 ;
0,8; 2.312497, -1.251060, -1.970456 / 2.312497, -1.251060, -1.970456 / 2.312497, -1.251060, -1.970456; 1, 8, 1, 0; 0.093071648968; 0, 1, 0; 1, 0, 0; 3, 1, 1 ;
0,8; 1.101605, -2.152116, -1.471784 / 1.101605, -2.152116, -1.471784 / 1.101605, -2.152116, -1.471784; 1, 8, 1, 0; 0.638231858668; 1, 0, 1; 1, 0, 0; 3, 1, 2 / 4, 4, 0 ;
0,8; -0.117055, -3.235019, -1.175983 / -0.117055, -3.235019, -1.175983 / -0.117055, -3.235019, -1.175983; 1, 8, 1, 0; 0.915413006594; 1, 0, 1; 1, 0, 0; 3, 1, 2 ;
0,8; -0.128495, -3.263912, -1.105201 / -0.128495, -3.263912, -1.105201 / -0.128495, -3.263912, -1.105201; 1, 8, 1, 0; 0.917169028648; 1, 0, 1; 1, 0, 0; 2, 1, 2 ;
0,8; -0.165141, -3.263548, -0.994140 / -0.165141, -3.263548, -0.994140 / -0.165141, -3.263548, -0.994140; 1, 8, 1, 0; 0.917247819297; 1, 0, 1; 1, 0, 0; 3, 1, 2 / 4, 2, 0 ;
0,8; -0.661575, -3.453999, -0.752844 / -0.661575, -3.453999, -0.752844 / -0.661575, -3.453999, -0.752844; 1, 9, 1, 0; 0.686966356531; 1, 0, 1; 1, 0, 0; 3, 1, 2 ;
1,9; -1.90508, -0.205272, -4.1399 / -1.90508, -0.205272, -4.1399 / -1.90508, -0.205272, -4.1399; 1, 1, 1, 0; 0.210972470090; 1, 0, 1; 0, 1, 0; 1, 1, 2 ;
0,9; -0.838170, -0.742702, -3.378598 / -0.838170, -0.742702, -3.378598 / -0.838170, -0.742702, -3.378598; 1, 2, 1, 0; 0.456471316715; 1, 0, 1; 1, 0, 0; 3, 1, 2 ;
0,9; -0.260714, -1.023564, -2.967760 / -0.260714, -1.023564, -2.967760 / -0.260714, -1.023564, -2.967760; 1, 3, 1, 0; 0.340868341413; 1, 0, 1; 0, 1, 0; 1, 1, 2 ;
0,9; 0.193749, -1.250730, -2.642234 / 0.193749, -1.250730, -2.642234 / 0.193749, -1.250730, -2.642234; 1, 3, 1, 0; 0.598212317202; 1, 0, 1; 0, 1, 0; 4, 1, 2 ;
0,9; 0.441395, -1.374863, -2.471230 / 0.441395, -1.374863, -2.471230 / 0.441395, -1.374863, -2.471230; 1, 3, 1, 0; 0.854773526437; 0, 1, 0; 0, 1, 0; 4, 1, 1 ;
0,9; 0.197118, -1.252589, -2.645340 / 0.197118, -1.252589, -2.645340 / 0.197118, -1.252589, -2.645340; 1, 3, 1, 0; 0.598205273275; 0, 1, 0; 1, 0, 0; 1, 1, 0 / 2, 1, 1 ;
0,9; 1.507600, -1.906389, -1.713413 / 1.507898, -1.906127, -1.713150 / 1.507303, -1.906652, -1.713676; 1, 8, 1, 0; 0.237546567176; 1, 0, 2; 0, 2, 1; 1, 6, 2 / 4, 1, 2 ;
0,9; 1.505377, -1.906680, -1.719598 / 1.505377, -1.906680, -1.719598 / 1.505377, -1.906680, -1.719598; 1, 8, 1, 0; 0.237537224593; 1, 0, 1; 1, 0, 0; 2, 1, 2 ;
0,9; 1.676840, -1.993916, -1.580735 / 1.676840, -1.993916, -1.580735 / 1.676840, -1.993916, -1.580735; 1, 8, 1, 0; 0.240478992740; 1, 0, 1; 1, 0, 0; 2, 1, 2 ;
