1,0; -2.22569, 1.79522, -3.22595 / -2.22569, 1.79522, -3.22595 / -2.22569, 1.79522, -3.22595; 1, 2, 1, 0; 0.259260194476; 0, 1, 0; 1, 0, 0; 2, 1, 1 ;
0,0; -3.117166, 1.997447, 0.547967 / -3.117166, 1.997447, 0.547967 / -3.117166, 1.997447, 0.547967; 1, 17, 1, 0; 0.993428542136; 1, 0, 1; 0, 1, 0; 1, 1, 2 ;
0,0; -3.112342, 1.996273, 0.548734 / -3.112342, 1.996273, 0.548734 / -3.112342, 1.996273, 0.548734; 1, 17, 1, 0; 0.993429546463; 1, 0, 1; 0, 1, 0; 4, 1, 2 ;
0,0; -3.353178, 2.048011, 1.568880 / -3.353178, 2.048011, 1.568880 / -3.353178, 2.048011, 1.568880; 1, 24, 1, 0; 0.956329938413; 1, 0, 1; 0, 1, 0; 4, 1, 2 ;
0,0; -3.277491, 2.030041, 1.246438 / -3.277491, 2.030041, 1.246438 / -3.277491, 2.030041, 1.246438; 1, 24, 1, 0; 0.492308959960; 1, 0, 1; 1, 0, 0; 3, 1, 2 ;
0,0; -3.352738, 2.045572, 1.566983 / -3.352738, 2.045572, 1.566983 / -3.352738, 2.045572, 1.566983; 1, 24, 1, 0; 0.956329857124; 1, 0, 1; 1, 0, 0; 2, 1, 2 ;
1,1; -2.26243, 0.7124, -0.538618 / -2.26243, 0.7124, -0.538618 / -2.26243, 0.7124, -0.538618; 1, 10, 1, 0; 0.733223693601; 1, 0, 1; 1, 0, 0; 2, 1, 2 ;
1,2; 1.18002, -0.479571, -2.03688 / 1.18002, -0.479571, -2.03688 / 1.18002, -0.479571, -2.03688; 1, 4, 1, 0; 0.550067191335; 1, 0, 1; 1, 0, 0; 2, 1, 2 ;
0,2; 1.184832, -0.471480, -2.034306 / 1.184832, -0.471480, -2.034306 / 1.184832, -0.471480, -2.034306; 1, 4, 1, 0; 0.550067441176; 1, 0, 1; 1, 0, 0; 2, 7, 0 / 3, 1, 2 / 3, 6, 0 ;
0,2; 2.224617, 0.381620, -0.771520 / 2.224617, 0.381620, -0.771520 / 2.224617, 0.381620, -0.771520; 1, 12, 1, 0; 0.401326626248; 0, 0, 0; 0, 1, 0; 4, 1, 3 ;
0,2; 2.290670, 0.445298, -0.684118 / 2.290670, 0.445298, -0.684118 / 2.290670, 0.445298, -0.684118; 1, 12, 1, 0; 0.402548486471; 1, 0, 1; 0, 1, 0; 1, 1, 2 ;
0,2; 2.243850, 0.397267, -0.748330 / 2.243850, 0.397267, -0.748330 / 2.243850, 0.397267, -0.748330; 1, 12, 1, 0; 0.402093037494; 1, 0, 1; 1, 0, 0; 2, 1, 2 ;
1,3; 1.67749, -0.0860719, -4.26835 / 1.67749, -0.0860719, -4.26835 / 1.67749, -0.0860719, -4.26835; 1, 1, 1, 0; 0.190351886219; 1, 0, 1; 1, 0, 0; 3, 1, 2 ;
0,3; 0.766564, 0.678105, -2.099434 / 0.766564, 0.678105, -2.099434 / 0.766564, 0.678105, -2.099434; 1, 4, 1, 0; 0.663758604432; 1, 0, 1; 1, 0, 0; 3, 1, 2 ;
0,3; -0.305128, 1.598497, 0.497453 / -0.305128, 1.598497, 0.497453 / -0.305128, 1.598497, 0.497453; 1, 17, 1, 0; 0.964820846201; 1, 0, 1; 1, 0, 0; 2, 1, 2 ;
0,3; -0.512617, 1.777997, 0.988878 / -0.512617, 1.777997, 0.988878 / -0.512617, 1.777997, 0.988878; 1, 25, 1, 0; 0.823483691226; 1, 0, 1; 1, 0, 0; 3, 1, 2 ;
0,3; -1.476310, 2.603368, 3.308862 / -1.476310, 2.603368, 3.308862 / -1.476310, 2.603368, 3.308862; 1, 43, 1, 0; 0.213232382062; 1, 0, 1; 0, 1, 0; 1, 1, 2 ;
0,3; -1.482554, 2.592710, 3.306655 / -1.482554, 2.592710, 3.306655 / -1.482554, 2.592710, 3.306655; 1, 43, 1, 0; 0.213194406475; 1, 0, 1; 1, 0, 0; 2, 1, 2 ;
0,3; -1.483821, 2.608258, 3.313973 / -1.483821, 2.608258, 3.313973 / -1.483821, 2.608258, 3.313973; 1, 43, 1, 0; 0.213235947844; 1, 0, 1; 1, 0, 0; 3, 1, 2 ;
1,4; -0.253347, 0.201085, -2.98583 / -0.253134, 0.20172, -2.98571 / -0.25356, 0.20045, -2.98594; 1, 2, 1, 0; 0.562756637840; 2, 1, 1; 1, 1, 0; 1, 1, 1 / 2, 3, 2 / 4, 3, 0 ;
0,4; -0.266895, 0.054152, -2.659900 / -0.266895, 0.054152, -2.659900 / -0.266895, 0.054152, -2.659900; 1, 2, 1, 0; 0.894860416291; 1, 0, 1; 0, 1, 0; 4, 1, 2 ;
0,4; -0.197371, 0.358543, -3.353039 / -0.197371, 0.358543, -3.353039 / -0.197371, 0.358543, -3.353039; 1, 2, 1, 0; 0.346163101329; 1, 0, 1; 1, 0, 0; 2, 1, 2 ;
0,4; -0.250198, 0.206204, -2.985007 / -0.250198, 0.206204, -2.985007 / -0.250198, 0.206204, -2.985007; 1, 2, 1, 0; 0.562756242307; 1, 0, 1; 1, 0, 0; 3, 1, 2 ;
0,4; -0.252783, 0.198883, -2.981270 / -0.252783, 0.198883, -2.981270 / -0.252783, 0.198883, -2.981270; 1, 2, 1, 0; 0.562756562689; 1, 0, 1; 1, 0, 0; 3, 1, 2 ;
0,4; -0.253766, 0.204982, -2.986003 / -0.253766, 0.204982, -2.986003 / -0.253766, 0.204982, -2.986003; 1, 2, 1, 0; 0.562756701126; 0, 1, 0; 1, 0, 0; 3, 1, 1 ;
0,4; -0.259895, 0.205132, -2.985568 / -0.259895, 0.205132, -2.985568 / -0.259895, 0.205132, -2.985568; 1, 2, 1, 0; 0.562757290470; 1, 0, 1; 1, 0, 0; 3, 1, 2 / 3, 6, 0 ;
0,4; 2.366763, -0.881079, -2.000865 / 2.366763, -0.881079, -2.000865 / 2.366763, -0.881079, -2.000865; 1, 4, 1, 0; 0.523551586294; 0, 1, 0; 0, 1, 0; 4, 1, 1 ;
0,4; 2.365633, -0.877106, -2.000649 / 2.365633, -0.877106, -2.000649 / 2.365633, -0.877106, -2.000649; 1, 4, 1, 0; 0.523552069859; 1, 0, 1; 1, 0, 0; 2, 1, 2 ;
0,4; 3.248857, -0.872935, -1.786513 / 3.248857, -0.872935, -1.786513 / 3.248857, -0.872935, -1.786513; 1, 4, 1, 0; 0.993673561495; 0, 0, 0; 1, 0, 0; 2, 1, 3 ;
0,4; 3.215665, -0.878904, -1.785270 / 3.215665, -0.878904, -1.785270 / 3.215665, -0.878904, -1.785270; 1, 4, 1, 0; 0.993688419025; 0, 0, 0; 1, 0, 0; 3, 1, 3 ;
0,4; -0.395638, -0.496457, -1.417482 / -0.395638, -0.496457, -1.417482 / -0.395638, -0.496457, -1.417482; 1, 11, 1, 0; 0.487378972641; 1, 0, 1; 0, 1, 0; 1, 1, 2 ;
0,4; -0.431751, -0.595505, -1.170761 / -0.431751, -0.595505, -1.170761 / -0.431751, -0.595505, -1.170761; 1, 11, 1, 0; 0.677725810549; 1, 0, 1; 1, 0, 0; 3, 1, 2 ;
0,4; 3.612321, -0.860547, -1.420455 / 3.612321, -0.860547, -1.420455 / 3.612321, -0.860547, -1.420455; 1, 12, 1, 0; 0.114723585916; 1, 0, 1; 0, 1, 0; 1, 1, 2 / 2, 10, 0 ;
0,4; 3.435357, -1.069887, -0.831984 / 3.435357, -1.069887, -0.831984 / 3.435357, -1.069887, -0.831984; 1, 12, 1, 0; 0.541479495384; 1, 0, 1; 0, 1, 0; 1, 1, 2 ;
0,4; 3.372928, -1.105457, -0.703888 / 3.372928, -1.105457, -0.703888 / 3.372928, -1.105457, -0.703888; 1, 12, 1, 0; 0.545567773490; 1, 0, 1; 0, 1, 0; 1, 1, 2 ;
0,4; 3.288844, -1.360711, -0.521173 / 3.288844, -1.360711, -0.521173 / 3.288844, -1.360711, -0.521173; 1, 12, 1, 0; 0.689362557962; 1, 0, 1; 0, 1, 0; 4, 1, 2 ;
0,4; 3.285134, -1.410172, -0.493109 / 3.285134, -1.410172, -0.493109 / 3.285134, -1.410172, -0.493109; 1, 12, 1, 0; 0.691286464985; 1, 0, 1; 0, 1, 0; 1, 1, 2 ;
0,4; 3.285397, -1.407352, -0.490583 / 3.285397, -1.407352, -0.490583 / 3.285397, -1.407352, -0.490583; 1, 12, 1, 0; 0.691287420524; 0, 1, 0; 0, 1, 0; 4, 1, 1 ;
0,4; 3.610497, -0.868616, -1.426924 / 3.610497, -0.868616, -1.426924 / 3.610497, -0.868616, -1.426924; 1, 12, 1, 0; 0.114712045060; 1, 0, 1; 1, 0, 0; 2, 1, 2 ;
0,4; 3.614579, -0.860948, -1.420884 / 3.614579, -0.860948, -1.420884 / 3.614579, -0.860948, -1.420884; 1, 12, 1, 0; 0.114723700352; 1, 0, 1; 1, 0, 0; 2, 1, 2 ;
0,4; 3.434503, -1.069216, -0.827704 / 3.434503, -1.069216, -0.827704 / 3.434503, -1.069216, -0.827704; 1, 12, 1, 0; 0.541479369504; 1, 0, 1; 1, 0, 0; 2, 1, 2 ;
0,4; 3.375826, -1.104582, -0.713315 / 3.375826, -1.104582, -0.713315 / 3.375826, -1.104582, -0.713315; 1, 12, 1, 0; 0.545557685970; 1, 0, 1; 1, 0, 0; 1, 3, 0 / 2, 1, 2 ;
0,4; 3.376668, -1.103702, -0.708049 / 3.376668, -1.103702, -0.708049 / 3.376668, -1.103702, -0.708049; 1, 12, 1, 0; 0.545557806127; 0, 1, 0; 1, 0, 0; 3, 1, 1 ;
0,4; 3.286918, -1.358966, -0.520657 / 3.286918, -1.358966, -0.520657 / 3.286918, -1.358966, -0.520657; 1, 12, 1, 0; 0.689361854181; 1, 0, 1; 1, 0, 0; 2, 1, 2 ;
0,4; 3.285770, -1.421558, -0.493834 / 3.285770, -1.421558, -0.493834 / 3.285770, -1.421558, -0.493834; 1, 12, 1, 0; 0.691284096163; 1, 0, 1; 1, 0, 0; 3, 1, 2 ;
0,4; 0.548757, 0.553466, -0.184512 / 0.549416, 0.553861, -0.184143 / 0.548098, 0.553071, -0.184880; 1, 13, 1, 0; 0.988256684676; 2, 1, 1; 1, 1, 0; 1, 1, 2 / 2, 3, 1 ;
0,4; 0.130291, 1.302239, -0.238701 / 0.130291, 1.302239, -0.238701 / 0.130291, 1.302239, -0.238701; 1, 13, 1, 0; 0.831088973500; 1, 0, 1; 0, 1, 0; 4, 1, 2 ;
0,4; 0.549781, 0.592172, -0.164430 / 0.549781, 0.592172, -0.164430 / 0.549781, 0.592172, -0.164430; 1, 13, 1, 0; 0.989394135236; 1, 0, 1; 1, 0, 0; 3, 1, 2 ;
0,4; 3.126746, -1.835226, -0.267376 / 3.126746, -1.835226, -0.267376 / 3.126746, -1.835226, -0.267376; 1, 15, 1, 0; 0.579952946187; 1, 0, 1; 1, 0, 0; 2, 1, 2 ;
0,4; 2.586662, -2.108924, 0.042428 / 2.586662, -2.108924, 0.042428 / 2.586662, -2.108924, 0.042428; 1, 15, 1, 0; 0.671346063178; 1, 0, 1; 1, 0, 0; 3, 1, 2 ;
0,4; 2.569792, -2.115132, 0.050258 / 2.569792, -2.115132, 0.050258 / 2.569792, -2.115132, 0.050258; 1, 15, 1, 0; 0.671356490560; 1, 0, 1; 1, 0, 0; 2, 1, 2 ;
0,4; 0.143089, -0.087956, -0.554576 / 0.143089, -0.087956, -0.554576 / 0.143089, -0.087956, -0.554576; 1, 16, 1, 0; 0.154675505497; 1, 0, 1; 0, 1, 0; 4, 1, 2 ;
0,4; 0.451654, 0.237566, -0.336076 / 0.451654, 0.237566, -0.336076 / 0.451654, 0.237566, -0.336076; 1, 16, 1, 0; 0.144552982084; 1, 0, 1; 1, 0, 0; 3, 1, 2 ;
0,4; 0.454289, 0.242244, -0.329560 / 0.454289, 0.242244, -0.329560 / 0.454289, 0.242244, -0.329560; 1, 16, 1, 0; 0.144566275824; 1, 0, 1; 1, 0, 0; 1, 8, 0 / 2, 1, 2 / 2, 9, 0 ;
0,4; -0.522799, -1.009366, -0.253237 / -0.522799, -1.009366, -0.253237 / -0.522799, -1.009366, -0.253237; 1, 16, 1, 0; 0.325176033228; 1, 0, 1; 1, 0, 0; 2, 1, 2 ;
0,4; -0.561009, -1.195134, 0.166849 / -0.561009, -1.195134, 0.166849 / -0.561009, -1.195134, 0.166849; 1, 16, 1, 0; 0.856103259880; 1, 0, 1; 1, 0, 0; 3, 1, 2 ;
0,4; -0.555190, -1.193364, 0.169800 / -0.555190, -1.193364, 0.169800 / -0.555190, -1.193364, 0.169800; 1, 16, 1, 0; 0.856114611461; 1, 0, 1; 1, 0, 0; 3, 1, 2 ;
0,4; 1.282476, -2.098119, 0.474572 / 1.282476, -2.098119, 0.474572 / 1.282476, -2.098119, 0.474572; 1, 18, 1, 0; 0.415237118809; 1, 0, 1; 0, 1, 0; 4, 1, 2 ;
0,4; 1.291231, -2.100831, 0.474736 / 1.291231, -2.100831, 0.474736 / 1.291231, -2.100831, 0.474736; 1, 18, 1, 0; 0.415237697692; 1, 0, 1; 1, 0, 0; 3, 1, 2 ;
0,4; 0.399570, -1.998364, 0.958434 / 0.399989, -1.997622, 0.958917 / 0.399151, -1.999106, 0.957951; 1, 22, 1, 0; 0.256352145797; 0, 2, 0; 2, 1, 0; 2, 3, 3 / 3, 1, 0 / 3, 10, 1 / 4, 1, 1 ;
0,4; 0.394533, -1.997274, 0.959898 / 0.394533, -1.997274, 0.959898 / 0.394533, -1.997274, 0.959898; 1, 22, 1, 0; 0.256351898417; 1, 0, 1; 1, 0, 0; 3, 1, 2 ;
0,4; -0.883609, -2.562263, 3.263950 / -0.883609, -2.562263, 3.263950 / -0.883609, -2.562263, 3.263950; 1, 40, 1, 0; 0.876141191262; 0, 1, 0; 0, 1, 0; 1, 1, 1 ;
0,4; -0.915101, -2.707693, 3.577346 / -0.915101, -2.707693, 3.577346 / -0.915101, -2.707693, 3.577346; 1, 43, 1, 0; 0.942174196411; 1, 0, 1; 1, 0, 0; 3, 1, 2 ;
1,5; 0.678742, 2.65764, -1.34728 / 0.678742, 2.65764, -1.34728 / 0.678742, 2.65764, -1.34728; 1, 7, 1, 0; 0.337073173850; 1, 0, 1; 0, 1, 0; 1, 1, 2 ;
0,5; 0.932230, 2.794299, -1.445423 / 0.932230, 2.794299, -1.445423 / 0.932230, 2.794299, -1.445423; 1, 7, 1, 0; 0.327900393851; 1, 0, 1; 1, 0, 0; 2, 1, 2 ;
0,5; 1.046221, 2.857584, -1.490713 / 1.046221, 2.857584, -1.490713 / 1.046221, 2.857584, -1.490713; 1, 7, 1, 0; 0.328222531426; 0, 0, 0; 1, 0, 0; 2, 1, 3 ;
0,5; -0.699684, 1.910953, -0.810176 / -0.699684, 1.910953, -0.810176 / -0.699684, 1.910953, -0.810176; 1, 7, 1, 0; 0.909464941536; 1, 0, 1; 1, 0, 0; 3, 1, 2 ;
0,5; -3.154657, 0.574569, 0.138213 / -3.154657, 0.574569, 0.138213 / -3.154657, 0.574569, 0.138213; 1, 14, 1, 0; 0.831612754711; 1, 0, 1; 1, 0, 0; 3, 1, 2 ;
1,6; 1.95103, 3.67002, 0.135216 / 1.95103, 3.67002, 0.135216 / 1.95103, 3.67002, 0.135216; 1, 20, 1, 0; 0.173544072856; 1, 0, 1; 0, 1, 0; 4, 1, 2 ;
0,6; 1.953076, 3.673458, 0.131140 / 1.953076, 3.673458, 0.131140 / 1.953076, 3.673458, 0.131140; 1, 20, 1, 0; 0.173544231943; 1, 0, 1; 1, 0, 0; 3, 1, 2 ;
0,6; -0.697764, 0.374431, 1.046102 / -0.697345, 0.374858, 1.046628 / -0.698184, 0.374004, 1.045576; 1, 23, 1, 0; 0.546278667276; 2, 1, 1; 1, 1, 0; 3, 4, 2 / 4, 1, 1 ;
0,6; -1.770883, -0.971946, 1.413344 / -1.770883, -0.971946, 1.413344 / -1.770883, -0.971946, 1.413344; 1, 23, 1, 0; 0.917215522045; 1, 0, 1; 1, 0, 0; 3, 1, 2 ;
0,6; -0.042915, 1.188470, 0.823202 / -0.042766, 1.189346, 0.823791 / -0.043065, 1.187595, 0.822614; 1, 25, 1, 0; 0.729199374223; 2, 1, 2; 2, 1, 0; 1, 7, 2 / 2, 1, 2 / 2, 8, 1 / 3, 1, 0 ;
0,6; 1.157180, 2.683999, 0.415829 / 1.157180, 2.683999, 0.415829 / 1.157180, 2.683999, 0.415829; 1, 26, 1, 0; 0.008995199520; 0, 1, 0; 1, 0, 0; 3, 1, 1 ;
1,7; 2.26112, -1.05892, -2.83115 / 2.26128, -1.05813, -2.83077 / 2.26095, -1.0597, -2.83153; 1, 3, 1, 0; 0.327565037456; 2, 1, 2; 2, 1, 0; 1, 7, 2 / 2, 7, 1 / 3, 1, 2 ;
0,7; 2.251185, -1.056009, -2.845020 / 2.251185, -1.056009, -2.845020 / 2.251185, -1.056009, -2.845020; 1, 3, 1, 0; 0.327567938845; 0, 1, 0; 0, 1, 0; 1, 1, 1 ;
0,7; 2.261568, -1.055039, -2.831203 / 2.261568, -1.055039, -2.831203 / 2.261568, -1.055039, -2.831203; 1, 3, 1, 0; 0.327572137800; 0, 1, 0; 0, 1, 0; 4, 1, 1 ;
0,7; 2.308444, -1.422859, -2.529630 / 2.308444, -1.422859, -2.529630 / 2.308444, -1.422859, -2.529630; 1, 3, 1, 0; 0.586078994346; 1, 0, 1; 0, 1, 0; 1, 1, 2 ;
0,7; 2.251943, -1.053121, -2.830246 / 2.252017, -1.052970, -2.829661 / 2.251868, -1.053272, -2.830831; 1, 3, 1, 0; 0.327573225821; 1, 0, 2; 2, 0, 0; 2, 1, 2 / 3, 9, 2 ;
0,7; 2.252858, -1.047356, -2.844330 / 2.253174, -1.046790, -2.843620 / 2.252542, -1.047923, -2.845040; 1, 3, 1, 0; 0.327575075456; 2, 1, 1; 2, 0, 0; 2, 1, 1 / 2, 7, 2 ;
0,7; 2.253141, -1.050629, -2.833280 / 2.253141, -1.050629, -2.833280 / 2.253141, -1.050629, -2.833280; 1, 3, 1, 0; 0.327573370890; 1, 0, 1; 1, 0, 0; 3, 1, 2 / 3, 5, 0 / 4, 1, 0 ;
0,7; 2.248400, -1.038406, -2.841793 / 2.248400, -1.038406, -2.841793 / 2.248400, -1.038406, -2.841793; 1, 3, 1, 0; 0.327581728503; 1, 0, 1; 1, 0, 0; 2, 1, 2 ;
0,7; 2.264984, -1.596332, -2.305327 / 2.264984, -1.596332, -2.305327 / 2.264984, -1.596332, -2.305327; 1, 3, 1, 0; 0.881347662971; 1, 0, 1; 1, 0, 0; 2, 1, 2 ;
0,7; 2.265593, -1.599519, -2.304877 / 2.265593, -1.599519, -2.304877 / 2.265593, -1.599519, -2.304877; 1, 3, 1, 0; 0.881348158625; 1, 0, 1; 1, 0, 0; 2, 1, 2 ;
0,7; 1.909715, -3.053639, -0.508842 / 1.909715, -3.053639, -0.508842 / 1.909715, -3.053639, -0.508842; 1, 15, 1, 0; 0.148669916099; 1, 0, 1; 0, 1, 0; 1, 1, 2 ;
0,7; 1.719060, -3.830409, 0.448277 / 1.719060, -3.830409, 0.448277 / 1.719060, -3.830409, 0.448277; 1, 19, 1, 0; 0.248567596023; 1, 0, 1; 1, 0, 0; 2, 1, 2 ;
1,8; -1.44499, -2.15944, -2.46253 / -1.44499, -2.15944, -2.46253 / -1.44499, -2.15944, -2.46253; 1, 5, 1, 0; 0.520161105508; 1, 0, 1; 1, 0, 0; 2, 1, 2 ;
0,8; -1.650975, -0.993258, -0.537396 / -1.650975, -0.993258, -0.537396 / -1.650975, -0.993258, -0.537396; 1, 10, 1, 0; 0.586105978226; 1, 0, 1; 0, 1, 0; 4, 1, 2 ;
0,8; -1.662387, -0.985947, -0.532241 / -1.662387, -0.985947, -0.532241 / -1.662387, -0.985947, -0.532241; 1, 10, 1, 0; 0.586116137662; 1, 0, 1; 0, 1, 0; 1, 1, 2 ;
0,8; -1.667336, -0.996665, -0.530054 / -1.667336, -0.996665, -0.530054 / -1.667336, -0.996665, -0.530054; 1, 10, 1, 0; 0.586124756152; 0, 1, 0; 0, 1, 0; 4, 1, 1 ;
0,8; -1.677009, -0.990792, -0.534415 / -1.677009, -0.990792, -0.534415 / -1.677009, -0.990792, -0.534415; 1, 10, 1, 0; 0.586125291428; 1, 0, 1; 1, 0, 0; 2, 1, 2 ;
0,8; -1.708566, -0.695838, -0.024500 / -1.708566, -0.695838, -0.024500 / -1.708566, -0.695838, -0.024500; 1, 10, 1, 0; 0.781841750689; 1, 0, 1; 1, 0, 0; 2, 1, 2 ;
0,8; -1.715522, -0.671757, -0.006562 / -1.715522, -0.671757, -0.006562 / -1.715522, -0.671757, -0.006562; 1, 10, 1, 0; 0.781862956283; 1, 0, 1; 1, 0, 0; 3, 1, 2 ;
0,8; -1.937081, 0.533436, 1.993578 / -1.937081, 0.533436, 1.993578 / -1.937081, 0.533436, 1.993578; 1, 30, 1, 0; 0.799509665252; 1, 0, 1; 1, 0, 0; 3, 1, 2 ;
1,9; 0.443662, 3.58588, -2.5088 / 0.443662, 3.58588, -2.5088 / 0.443662, 3.58588, -2.5088; 1, 4, 1, 0; 0.206607413855; 1, 0, 1; 0, 1, 0; 4, 1, 2 / 4, 3, 0 ;
0,9; -0.028798, 2.768659, -1.656773 / -0.028798, 2.768659, -1.656773 / -0.028798, 2.768659, -1.656773; 1, 7, 1, 0; 0.082385646684; 1, 0, 1; 1, 0, 0; 2, 1, 2 / 2, 2, 0 / 2, 3, 0 / 2, 4, 0 / 3, 5, 0 ;
0,9; -0.511093, 1.957782, -0.798962 / -0.511093, 1.957782, -0.798962 / -0.511093, 1.957782, -0.798962; 1, 7, 1, 0; 0.912467045279; 1, 0, 1; 1, 0, 0; 2, 1, 2 ;
0,9; -1.577363, 0.140285, 1.109082 / -1.577363, 0.140285, 1.109082 / -1.577363, 0.140285, 1.109082; 1, 21, 1, 0; 0.480732984674; 1, 0, 1; 1, 0, 0; 1, 5, 0 / 2, 1, 2 / 4, 2, 0 / 4, 3, 0 ;
0,9; -1.414590, 0.425562, 0.810359 / -1.414590, 0.425562, 0.810359 / -1.414590, 0.425562, 0.810359; 1, 23, 1, 0; 0.175020159651; 0, 1, 0; 1, 0, 0; 2, 1, 1 ;
0,9; -1.415389, 0.425659, 0.813943 / -1.415389, 0.425659, 0.813943 / -1.415389, 0.425659, 0.813943; 1, 23, 1, 0; 0.175033734901; 1, 0, 1; 1, 0, 0; 2, 1, 2 ;
0,9; -2.064812, -0.685384, 1.974617 / -2.064812, -0.685384, 1.974617 / -2.064812, -0.685384, 1.974617; 1, 30, 1, 0; 0.527160099127; 1, 0, 1; 0, 1, 0; 4, 1, 2 ;
0,9; -2.068533, -0.682586, 1.979629 / -2.068533, -0.682586, 1.979629 / -2.068533, -0.682586, 1.979629; 1, 30, 1, 0; 0.527160654377; 0, 0, 0; 0, 1, 0; 1, 6, 0 / 4, 1, 3 ;
0,9; -2.063416, -0.680478, 1.973432 / -2.063416, -0.680478, 1.973432 / -2.063416, -0.680478, 1.973432; 1, 30, 1, 0; 0.527158725613; 1, 0, 1; 1, 0, 0; 2, 1, 2 ;
0,9; -2.073066, -0.682781, 1.977012 / -2.073066, -0.682781, 1.977012 / -2.073066, -0.682781, 1.977012; 1, 30, 1, 0; 0.527161725913; 1, 0, 1; 1, 0, 0; 2, 1, 2 ;
