1,0; -1.90078, 3.17839, 1.99586 / -1.90078, 3.17839, 1.99586 / -1.90078, 3.17839, 1.99586; 1, 29, 1, 0; 0.610411722990; 1, 0, 1; 0, 1, 0; 4, 1, 2 ;
0,0; -1.107310, 0.045135, 4.388995 / -1.106811, 0.045753, 4.389352 / -1.107809, 0.044518, 4.388638; 1, 46, 1, 0; 0.949877056070; 2, 1, 3; 2, 2, 1; 1, 7, 1 / 1, 8, 0 / 3, 1, 2 / 3, 5, 2 / 4, 2, 2 ;
0,0; -1.182212, 0.354338, 4.128908 / -1.182212, 0.354338, 4.128908 / -1.182212, 0.354338, 4.128908; 1, 46, 1, 0; 0.609468009804; 1, 0, 1; 0, 1, 0; 4, 1, 2 ;
0,0; -1.189255, 0.377935, 4.108973 / -1.189255, 0.377935, 4.108973 / -1.189255, 0.377935, 4.108973; 1, 46, 1, 0; 0.609449972381; 1, 0, 1; 1, 0, 0; 3, 1, 2 ;
0,0; -1.183164, 0.352953, 4.126160 / -1.183164, 0.352953, 4.126160 / -1.183164, 0.352953, 4.126160; 1, 46, 1, 0; 0.609457031877; 1, 0, 1; 1, 0, 0; 2, 1, 2 ;
0,0; -1.157861, 0.244987, 4.210542 / -1.157861, 0.244987, 4.210542 / -1.157861, 0.244987, 4.210542; 1, 46, 1, 0; 0.663793243361; 1, 0, 1; 1, 0, 0; 2, 1, 2 ;
0,0; -1.103723, 0.050457, 4.393876 / -1.103723, 0.050457, 4.393876 / -1.103723, 0.050457, 4.393876; 1, 46, 1, 0; 0.949875880541; 1, 0, 1; 1, 0, 0; 3, 1, 2 / 4, 2, 0 ;
0,0; -1.103740, 0.047732, 4.385640 / -1.103740, 0.047732, 4.385640 / -1.103740, 0.047732, 4.385640; 1, 46, 1, 0; 0.949877725996; 1, 0, 1; 1, 0, 0; 3, 1, 2 ;
0,0; -1.102826, 0.058411, 4.378723 / -1.102826, 0.058411, 4.378723 / -1.102826, 0.058411, 4.378723; 1, 46, 1, 0; 0.949880595298; 1, 0, 1; 1, 0, 0; 3, 1, 2 / 4, 7, 0 ;
0,0; -1.109593, 0.045368, 4.390287 / -1.109593, 0.045368, 4.390287 / -1.109593, 0.045368, 4.390287; 1, 46, 1, 0; 0.949888046637; 1, 0, 1; 1, 0, 0; 2, 1, 2 ;
0,0; -1.109709, 0.047038, 4.386886 / -1.109709, 0.047038, 4.386886 / -1.109709, 0.047038, 4.386886; 1, 46, 1, 0; 0.949888880883; 0, 1, 0; 1, 0, 0; 3, 1, 1 ;
1,1; 1.87539, -0.58368, -3.60345 / 1.87539, -0.58368, -3.60345 / 1.87539, -0.58368, -3.60345; 1, 1, 1, 0; 0.770408490993; 0, 1, 0; 1, 0, 0; 2, 1, 1 ;
0,1; 1.729261, 0.626701, -2.057338 / 1.729261, 0.626701, -2.057338 / 1.729261, 0.626701, -2.057338; 1, 4, 1, 0; 0.658524458307; 1, 0, 1; 1, 0, 0; 3, 1, 2 ;
0,1; 1.589217, 1.664934, -0.722831 / 1.589217, 1.664934, -0.722831 / 1.589217, 1.664934, -0.722831; 1, 12, 1, 0; 0.292157476323; 1, 0, 1; 0, 1, 0; 1, 1, 2 ;
0,1; 1.600148, 1.673406, -0.720856 / 1.600148, 1.673406, -0.720856 / 1.600148, 1.673406, -0.720856; 1, 12, 1, 0; 0.292168342008; 1, 0, 1; 1, 0, 0; 2, 1, 2 ;
0,1; 1.555171, 2.039863, -0.237963 / 1.555171, 2.039863, -0.237963 / 1.555171, 2.039863, -0.237963; 1, 13, 1, 0; 0.759996313134; 1, 0, 1; 1, 0, 0; 3, 1, 2 ;
0,1; 1.378744, 3.469218, 1.590782 / 1.379488, 3.469335, 1.591416 / 1.378000, 3.469101, 1.590148; 1, 28, 1, 0; 0.407428348583; 1, 0, 2; 2, 0, 0; 2, 1, 2 / 3, 9, 2 ;
0,1; 1.332484, 3.877798, 2.119561 / 1.332484, 3.877798, 2.119561 / 1.332484, 3.877798, 2.119561; 1, 28, 1, 0; 0.420395818600; 1, 0, 1; 1, 0, 0; 2, 1, 2 ;
0,1; 1.332092, 3.878144, 2.122637 / 1.332092, 3.878144, 2.122637 / 1.332092, 3.878144, 2.122637; 1, 28, 1, 0; 0.420395956727; 1, 0, 1; 1, 0, 0; 3, 1, 2 ;
0,1; 1.319529, 3.660286, 1.988672 / 1.319529, 3.660286, 1.988672 / 1.319529, 3.660286, 1.988672; 1, 28, 1, 0; 0.424118579827; 0, 1, 0; 1, 0, 0; 3, 1, 1 ;
1,2; 1.28809, 2.01584, -2.24471 / 1.28809, 2.01584, -2.24471 / 1.28809, 2.01584, -2.24471; 1, 4, 1, 0; 0.339118803822; 1, 0, 1; 1, 0, 0; 3, 1, 2 ;
0,2; 0.532785, 1.915890, -2.083177 / 0.532785, 1.915890, -2.083177 / 0.532785, 1.915890, -2.083177; 1, 4, 1, 0; 0.771368081497; 1, 0, 1; 1, 0, 0; 3, 1, 2 ;
1,3; 3.26228, 1.73217, -2.4127 / 3.26228, 1.73217, -2.4127 / 3.26228, 1.73217, -2.4127; 1, 4, 1, 0; 0.352149248258; 0, 1, 0; 1, 0, 0; 3, 1, 1 ;
0,3; 2.910617, 2.061416, -1.170143 / 2.910617, 2.061416, -1.170143 / 2.910617, 2.061416, -1.170143; 1, 11, 1, 0; 0.904007183139; 0, 1, 0; 0, 1, 0; 4, 1, 1 ;
0,3; 2.913906, 2.065352, -1.170423 / 2.913906, 2.065352, -1.170423 / 2.913906, 2.065352, -1.170423; 1, 11, 1, 0; 0.904006496523; 1, 0, 1; 1, 0, 0; 2, 1, 2 ;
0,3; 1.972784, 2.944248, 2.149270 / 1.972784, 2.944248, 2.149270 / 1.972784, 2.944248, 2.149270; 1, 28, 1, 0; 0.464296221196; 1, 0, 1; 1, 0, 0; 2, 1, 2 ;
0,3; 1.973234, 2.942979, 2.147267 / 1.973234, 2.942979, 2.147267 / 1.973234, 2.942979, 2.147267; 1, 28, 1, 0; 0.464296331698; 0, 1, 0; 1, 0, 0; 2, 1, 1 ;
0,3; 1.916728, 2.989696, 2.334888 / 1.916728, 2.989696, 2.334888 / 1.916728, 2.989696, 2.334888; 1, 38, 1, 0; 0.022232605914; 1, 0, 1; 1, 0, 0; 2, 1, 2 ;
1,4; -2.34548, -2.97042, 0.481827 / -2.34548, -2.97042, 0.481827 / -2.34548, -2.97042, 0.481827; 1, 18, 1, 0; 0.277595808609; 1, 0, 1; 1, 0, 0; 2, 1, 2 ;
0,4; -1.976679, -1.191463, 1.594804 / -1.976679, -1.191463, 1.594804 / -1.976679, -1.191463, 1.594804; 1, 24, 1, 0; 0.699961661191; 0, 1, 0; 0, 1, 0; 4, 1, 1 ;
0,4; -1.987433, -1.186221, 1.590810 / -1.987433, -1.186221, 1.590810 / -1.987433, -1.186221, 1.590810; 1, 24, 1, 0; 0.699963131781; 1, 0, 1; 0, 1, 0; 1, 1, 2 ;
0,4; -1.988164, -1.191281, 1.596287 / -1.988164, -1.191281, 1.596287 / -1.988164, -1.191281, 1.596287; 1, 24, 1, 0; 0.699974896504; 1, 0, 1; 0, 1, 0; 1, 1, 2 ;
0,4; -1.941270, -1.010165, 1.648222 / -1.941270, -1.010165, 1.648222 / -1.941270, -1.010165, 1.648222; 1, 24, 1, 0; 0.700541273339; 1, 0, 1; 0, 1, 0; 4, 1, 2 ;
0,4; -1.987081, -1.203039, 1.599556 / -1.987081, -1.203039, 1.599556 / -1.987081, -1.203039, 1.599556; 1, 24, 1, 0; 0.699743053123; 1, 0, 1; 1, 0, 0; 3, 1, 2 ;
0,4; -1.986733, -1.188860, 1.593417 / -1.986733, -1.188860, 1.593417 / -1.986733, -1.188860, 1.593417; 1, 24, 1, 0; 0.699962208043; 1, 0, 1; 1, 0, 0; 3, 1, 2 ;
0,4; -1.983782, -1.184286, 1.595941 / -1.983782, -1.184286, 1.595941 / -1.983782, -1.184286, 1.595941; 1, 24, 1, 0; 0.699962939644; 1, 0, 1; 1, 0, 0; 3, 1, 2 ;
0,4; -1.990803, -1.184610, 1.594438 / -1.990803, -1.184610, 1.594438 / -1.990803, -1.184610, 1.594438; 1, 24, 1, 0; 0.699976019769; 1, 0, 1; 1, 0, 0; 2, 1, 2 ;
0,4; -1.946537, -1.004325, 1.665090 / -1.946537, -1.004325, 1.665090 / -1.946537, -1.004325, 1.665090; 1, 24, 1, 0; 0.700554057869; 1, 0, 1; 1, 0, 0; 1, 5, 0 / 3, 1, 2 ;
0,4; -1.821063, -0.434571, 2.001545 / -1.821063, -0.434571, 2.001545 / -1.821063, -0.434571, 2.001545; 1, 30, 1, 0; 0.583081649074; 1, 0, 1; 1, 0, 0; 2, 1, 2 ;
1,5; -1.7927, -3.48881, -2.33729 / -1.7927, -3.48881, -2.33729 / -1.7927, -3.48881, -2.33729; 1, 5, 1, 0; 0.607920718564; 0, 1, 0; 0, 1, 0; 1, 1, 1 ;
0,5; -1.793150, -3.493055, -2.339416 / -1.793150, -3.493055, -2.339416 / -1.793150, -3.493055, -2.339416; 1, 5, 1, 0; 0.607921262575; 0, 1, 0; 0, 1, 0; 1, 1, 1 ;
0,5; -1.711496, -2.546346, -1.864067 / -1.711496, -2.546346, -1.864067 / -1.711496, -2.546346, -1.864067; 1, 5, 1, 0; 0.748198903941; 1, 0, 1; 0, 1, 0; 1, 1, 2 ;
0,5; -1.788314, -3.489804, -2.334178 / -1.788314, -3.489804, -2.334178 / -1.788314, -3.489804, -2.334178; 1, 5, 1, 0; 0.607929844217; 1, 0, 1; 1, 0, 0; 2, 1, 2 ;
0,5; -1.711829, -2.533915, -1.879775 / -1.711829, -2.533915, -1.879775 / -1.711829, -2.533915, -1.879775; 1, 5, 1, 0; 0.748206167216; 1, 0, 1; 1, 0, 0; 2, 1, 2 / 3, 10, 0 ;
0,5; -1.698523, -2.389304, -1.759935 / -1.698523, -2.389304, -1.759935 / -1.698523, -2.389304, -1.759935; 1, 9, 1, 0; 0.084177053190; 1, 0, 1; 1, 0, 0; 3, 1, 2 ;
0,5; -1.704915, -2.389927, -1.762966 / -1.704915, -2.389927, -1.762966 / -1.704915, -2.389927, -1.762966; 1, 9, 1, 0; 0.084187272102; 1, 0, 1; 1, 0, 0; 3, 1, 2 ;
0,5; -1.579816, -0.938817, -1.009491 / -1.579816, -0.938817, -1.009491 / -1.579816, -0.938817, -1.009491; 1, 10, 1, 0; 0.128413862684; 0, 1, 0; 1, 0, 0; 2, 1, 1 ;
0,5; -1.187124, 3.808755, 1.465316 / -1.187124, 3.808755, 1.465316 / -1.187124, 3.808755, 1.465316; 1, 29, 1, 0; 0.067617323421; 0, 1, 0; 0, 1, 0; 1, 1, 1 ;
0,5; -1.187731, 3.809878, 1.462295 / -1.187731, 3.809878, 1.462295 / -1.187731, 3.809878, 1.462295; 1, 29, 1, 0; 0.067617644881; 1, 0, 1; 0, 1, 0; 3, 9, 0 / 4, 1, 2 ;
1,6; 2.24789, 1.33379, -2.8826 / 2.24789, 1.33379, -2.8826 / 2.24789, 1.33379, -2.8826; 1, 3, 1, 0; 0.238761098821; 1, 0, 1; 0, 1, 0; 4, 1, 2 ;
0,6; 2.281116, 1.365080, -2.906935 / 2.281116, 1.365080, -2.906935 / 2.281116, 1.365080, -2.906935; 1, 3, 1, 0; 0.239030001169; 0, 1, 0; 0, 1, 0; 1, 1, 1 / 3, 10, 0 ;
0,6; 2.341598, 1.424065, -2.951686 / 2.341598, 1.424065, -2.951686 / 2.341598, 1.424065, -2.951686; 1, 3, 1, 0; 0.237663507376; 1, 0, 1; 1, 0, 0; 3, 1, 2 ;
0,6; 0.573494, -0.219319, -1.666972 / 0.573494, -0.219319, -1.666972 / 0.573494, -0.219319, -1.666972; 1, 4, 1, 0; 0.920916645511; 1, 0, 1; 1, 0, 0; 2, 1, 2 ;
0,6; 0.340423, -0.436039, -1.497276 / 0.340423, -0.436039, -1.497276 / 0.340423, -0.436039, -1.497276; 1, 11, 1, 0; 0.478329682830; 0, 0, 0; 0, 1, 0; 1, 1, 3 ;
0,6; -0.117379, -0.864869, -1.176227 / -0.117379, -0.864869, -1.176227 / -0.117379, -0.864869, -1.176227; 1, 11, 1, 0; 0.619625577329; 0, 1, 0; 1, 0, 0; 1, 7, 0 / 3, 1, 1 / 4, 9, 0 ;
0,6; -0.117987, -0.868090, -1.175053 / -0.117987, -0.868090, -1.175053 / -0.117987, -0.868090, -1.175053; 1, 11, 1, 0; 0.619626292553; 0, 1, 0; 1, 0, 0; 2, 1, 1 ;
0,6; -2.037238, -2.645350, 0.232641 / -2.037238, -2.645350, 0.232641 / -2.037238, -2.645350, 0.232641; 1, 16, 1, 0; 0.945585688033; 1, 0, 1; 1, 0, 0; 3, 1, 2 ;
0,6; -2.631656, -3.198062, 0.668345 / -2.631656, -3.198062, 0.668345 / -2.631656, -3.198062, 0.668345; 1, 18, 1, 0; 0.666991950040; 1, 0, 1; 0, 1, 0; 4, 1, 2 ;
0,6; -2.629602, -3.195163, 0.663898 / -2.629487, -3.194509, 0.663910 / -2.629716, -3.195816, 0.663886; 1, 18, 1, 0; 0.666980107351; 2, 1, 1; 2, 0, 0; 3, 1, 2 / 3, 4, 1 ;
1,7; 1.05373, 3.61795, -0.63189 / 1.05373, 3.61795, -0.63189 / 1.05373, 3.61795, -0.63189; 1, 13, 1, 0; 0.213776058882; 1, 0, 1; 1, 0, 0; 3, 1, 2 / 3, 2, 0 ;
0,7; 1.070323, 3.629515, -0.633035 / 1.070323, 3.629515, -0.633035 / 1.070323, 3.629515, -0.633035; 1, 13, 1, 0; 0.213783568025; 1, 0, 1; 1, 0, 0; 3, 1, 2 / 3, 9, 0 ;
0,7; 1.070792, 3.629111, -0.627674 / 1.070792, 3.629111, -0.627674 / 1.070792, 3.629111, -0.627674; 1, 13, 1, 0; 0.213784392800; 1, 0, 1; 1, 0, 0; 3, 1, 2 ;
0,7; -3.282026, 0.760743, -0.096829 / -3.282026, 0.760743, -0.096829 / -3.282026, 0.760743, -0.096829; 1, 14, 1, 0; 0.422563252222; 1, 0, 1; 1, 0, 0; 2, 1, 2 ;
0,7; -2.038051, 1.589147, -0.253579 / -2.038051, 1.589147, -0.253579 / -2.038051, 1.589147, -0.253579; 1, 14, 1, 0; 0.489056168392; 1, 0, 1; 1, 0, 0; 3, 1, 2 ;
1,8; 1.33587, -4.06413, -0.454579 / 1.33587, -4.06413, -0.454579 / 1.33587, -4.06413, -0.454579; 1, 9, 1, 0; 0.813275734356; 1, 0, 1; 0, 1, 0; 4, 1, 2 ;
0,8; 1.333443, -4.063622, -0.458112 / 1.333443, -4.063622, -0.458112 / 1.333443, -4.063622, -0.458112; 1, 9, 1, 0; 0.813265656022; 1, 0, 1; 1, 0, 0; 2, 1, 2 ;
0,8; 1.345939, -3.810876, 0.969432 / 1.345939, -3.810876, 0.969432 / 1.345939, -3.810876, 0.969432; 1, 18, 1, 0; 0.883007526873; 0, 1, 0; 0, 1, 0; 4, 1, 1 ;
0,8; 1.345470, -3.812701, 0.986352 / 1.345470, -3.812701, 0.986352 / 1.345470, -3.812701, 0.986352; 1, 18, 1, 0; 0.883004200040; 1, 0, 1; 1, 0, 0; 3, 1, 2 ;
0,8; 1.357118, -3.544724, 2.464720 / 1.357118, -3.544724, 2.464720 / 1.357118, -3.544724, 2.464720; 1, 32, 1, 0; 0.770370978687; 1, 0, 1; 1, 0, 0; 3, 1, 2 ;
1,9; 3.31654, 0.875638, 0.39309 / 3.31654, 0.875638, 0.39309 / 3.31654, 0.875638, 0.39309; 1, 19, 1, 0; 0.697970940609; 0, 1, 0; 0, 1, 0; 1, 1, 1 ;
0,9; 3.289231, 0.864813, 0.401079 / 3.289231, 0.864813, 0.401079 / 3.289231, 0.864813, 0.401079; 1, 19, 1, 0; 0.697993661110; 1, 0, 1; 0, 1, 0; 1, 1, 2 ;
0,9; 3.287358, 0.866574, 0.396989 / 3.287358, 0.866574, 0.396989 / 3.287358, 0.866574, 0.396989; 1, 19, 1, 0; 0.697994948268; 1, 0, 1; 1, 0, 0; 2, 1, 2 ;
0,9; 3.283742, 0.859915, 0.402144 / 3.283742, 0.859915, 0.402144 / 3.283742, 0.859915, 0.402144; 1, 19, 1, 0; 0.698006351906; 1, 0, 1; 1, 0, 0; 3, 1, 2 ;
0,9; 1.646505, 0.259810, 0.765755 / 1.647248, 0.259971, 0.766065 / 1.645762, 0.259649, 0.765446; 1, 20, 1, 0; 0.903619487277; 1, 0, 1; 1, 1, 0; 2, 1, 2 / 2, 5, 0 / 4, 2, 3 ;
0,9; 1.866891, 0.334292, 0.718648 / 1.866891, 0.334292, 0.718648 / 1.866891, 0.334292, 0.718648; 1, 20, 1, 0; 0.890070171785; 1, 0, 1; 1, 0, 0; 2, 1, 2 ;
0,9; -0.054381, -0.356903, 1.144957 / -0.054381, -0.356903, 1.144957 / -0.054381, -0.356903, 1.144957; 1, 23, 1, 0; 0.449948093332; 1, 0, 1; 1, 0, 0; 3, 1, 2 ;
0,9; -0.048899, -0.362119, 1.149050 / -0.048899, -0.362119, 1.149050 / -0.048899, -0.362119, 1.149050; 1, 23, 1, 0; 0.449950369421; 1, 0, 1; 1, 0, 0; 2, 1, 2 ;
