1,0; 2.39776, -0.801413, 0.141588 / 2.39776, -0.801413, 0.141588 / 2.39776, -0.801413, 0.141588; 1, 16, 1, 0; 0.817599391636; 1, 0, 1; 1, 0, 0; 2, 1, 2 ;
0,0; 0.960947, 1.045465, 0.488964 / 0.960947, 1.045465, 0.488964 / 0.960947, 1.045465, 0.488964; 1, 17, 1, 0; 0.876133529456; 1, 0, 1; 1, 0, 0; 3, 1, 2 ;
0,0; 1.625893, 0.196382, 0.327504 / 1.625893, 0.196382, 0.327504 / 1.625893, 0.196382, 0.327504; 1, 19, 1, 0; 0.644357578177; 1, 0, 1; 1, 0, 0; 2, 1, 2 ;
0,0; -0.203018, 2.557827, 0.769094 / -0.203018, 2.557827, 0.769094 / -0.203018, 2.557827, 0.769094; 1, 25, 1, 0; 0.558736230766; 1, 0, 1; 1, 0, 0; 2, 1, 2 ;
0,0; 0.192236, 2.043981, 0.676648 / 0.192236, 2.043981, 0.676648 / 0.192236, 2.043981, 0.676648; 1, 25, 1, 0; 0.618197874073; 0, 1, 0; 1, 0, 0; 2, 9, 0 / 3, 1, 1 / 3, 9, 0 / 4, 8, 0 ;
1,1; 1.90478, -2.30275, 2.07964 / 1.90478, -2.30275, 2.07964 / 1.90478, -2.30275, 2.07964; 1, 33, 1, 0; 0.097295488052; 1, 0, 1; 0, 1, 0; 4, 1, 2 ;
0,1; 2.230367, -2.423355, 2.036667 / 2.230367, -2.423355, 2.036667 / 2.230367, -2.423355, 2.036667; 1, 33, 1, 0; 0.102413993100; 0, 1, 0; 0, 1, 0; 4, 1, 1 ;
0,1; -0.275645, -1.491790, 2.344498 / -0.275645, -1.491790, 2.344498 / -0.275645, -1.491790, 2.344498; 1, 33, 1, 0; 0.397417872173; 1, 0, 1; 0, 1, 0; 1, 1, 2 ;
0,1; -0.282988, -1.487635, 2.345293 / -0.282988, -1.487635, 2.345293 / -0.282988, -1.487635, 2.345293; 1, 33, 1, 0; 0.397418595601; 1, 0, 1; 0, 1, 0; 4, 1, 2 ;
0,1; 1.920622, -2.299649, 2.066428 / 1.920622, -2.299649, 2.066428 / 1.920622, -2.299649, 2.066428; 1, 33, 1, 0; 0.097284886085; 1, 0, 1; 1, 0, 0; 2, 1, 2 ;
0,1; 2.227339, -2.422942, 2.029840 / 2.227339, -2.422942, 2.029840 / 2.227339, -2.422942, 2.029840; 1, 33, 1, 0; 0.102391928535; 1, 0, 1; 1, 0, 0; 3, 1, 2 ;
0,1; -0.546324, -1.389156, 2.376185 / -0.546324, -1.389156, 2.376185 / -0.546324, -1.389156, 2.376185; 1, 33, 1, 0; 0.393560888969; 0, 1, 0; 1, 0, 0; 2, 1, 1 ;
0,1; -0.358066, -1.459407, 2.353235 / -0.358066, -1.459407, 2.353235 / -0.358066, -1.459407, 2.353235; 1, 33, 1, 0; 0.395431225662; 1, 0, 1; 1, 0, 0; 3, 1, 2 ;
0,1; -0.351525, -1.464310, 2.351011 / -0.351525, -1.464310, 2.351011 / -0.351525, -1.464310, 2.351011; 1, 33, 1, 0; 0.395431774470; 1, 0, 1; 1, 0, 0; 3, 1, 2 ;
0,1; 0.991941, -1.970048, 2.186822 / 0.991941, -1.970048, 2.186822 / 0.991941, -1.970048, 2.186822; 1, 33, 1, 0; 0.577063803886; 1, 0, 1; 1, 0, 0; 2, 1, 2 ;
0,1; -3.415633, -0.314858, 2.728363 / -3.415633, -0.314858, 2.728363 / -3.415633, -0.314858, 2.728363; 1, 36, 1, 0; 0.480863367367; 1, 0, 1; 0, 1, 0; 4, 1, 2 ;
0,1; -2.173909, -0.793643, 2.428097 / -2.173909, -0.793643, 2.428097 / -2.173909, -0.793643, 2.428097; 1, 36, 1, 0; 0.173684260698; 1, 0, 1; 1, 0, 0; 2, 1, 2 ;
0,1; -3.414654, -0.317139, 2.727767 / -3.414654, -0.317139, 2.727767 / -3.414654, -0.317139, 2.727767; 1, 36, 1, 0; 0.480863625004; 1, 0, 1; 1, 0, 0; 3, 1, 2 ;
1,2; 3.84315, -0.196102, -1.9928 / 3.84315, -0.196102, -1.9928 / 3.84315, -0.196102, -1.9928; 1, 4, 1, 0; 0.587738915283; 1, 0, 1; 0, 1, 0; 1, 1, 2 ;
0,2; 3.840357, -0.195730, -1.992129 / 3.840357, -0.195730, -1.992129 / 3.840357, -0.195730, -1.992129; 1, 4, 1, 0; 0.587739402878; 1, 0, 1; 1, 0, 0; 2, 1, 2 ;
1,3; 0.0705045, 3.61823, -1.99814 / 0.0705045, 3.61823, -1.99814 / 0.0705045, 3.61823, -1.99814; 1, 4, 1, 0; 0.875936886729; 0, 1, 0; 0, 1, 0; 1, 1, 1 / 4, 6, 0 ;
0,3; 0.054665, 3.611904, -1.988267 / 0.054665, 3.611904, -1.988267 / 0.054665, 3.611904, -1.988267; 1, 4, 1, 0; 0.875938837107; 0, 1, 0; 0, 1, 0; 1, 1, 1 ;
0,3; 0.061410, 3.624705, -1.994938 / 0.061410, 3.624705, -1.994938 / 0.061410, 3.624705, -1.994938; 1, 4, 1, 0; 0.875935903480; 1, 0, 1; 1, 0, 0; 2, 1, 2 ;
0,3; 0.050769, 3.613000, -1.990545 / 0.050769, 3.613000, -1.990545 / 0.050769, 3.613000, -1.990545; 1, 4, 1, 0; 0.875939485890; 1, 0, 1; 1, 0, 0; 1, 7, 0 / 3, 1, 2 ;
0,3; 0.082399, 3.592092, -1.922944 / 0.082399, 3.592092, -1.922944 / 0.082399, 3.592092, -1.922944; 1, 4, 1, 0; 0.876293406996; 1, 0, 1; 1, 0, 0; 3, 1, 2 ;
0,3; 0.128430, 3.340828, -1.265031 / 0.128703, 3.341444, -1.265003 / 0.128156, 3.340212, -1.265059; 1, 7, 1, 0; 0.275241050910; 2, 1, 2; 2, 1, 0; 1, 4, 2 / 2, 1, 2 / 2, 4, 1 ;
0,3; 0.125240, 3.333726, -1.260597 / 0.125240, 3.333726, -1.260597 / 0.125240, 3.333726, -1.260597; 1, 7, 1, 0; 0.275240043527; 1, 0, 1; 1, 0, 0; 3, 1, 2 ;
0,3; 0.128553, 3.341170, -1.266179 / 0.128950, 3.341444, -1.265003 / 0.128156, 3.340896, -1.267355; 1, 7, 1, 0; 0.275241066251; 1, 0, 1; 2, 1, 0; 1, 1, 2 / 2, 1, 1 / 2, 9, 2 ;
0,3; 0.139446, 3.337778, -1.253417 / 0.139446, 3.337778, -1.253417 / 0.139446, 3.337778, -1.253417; 1, 7, 1, 0; 0.275243955446; 1, 0, 1; 1, 0, 0; 3, 1, 2 ;
0,3; 0.121996, 3.379620, -1.349175 / 0.121996, 3.379620, -1.349175 / 0.121996, 3.379620, -1.349175; 1, 7, 1, 0; 0.275288377459; 1, 0, 1; 1, 0, 0; 2, 1, 2 ;
0,3; 0.278403, 2.468053, 1.104167 / 0.278460, 2.468511, 1.104845 / 0.278346, 2.467595, 1.103489; 1, 25, 1, 0; 0.883533976255; 2, 1, 2; 2, 1, 0; 1, 8, 2 / 2, 1, 1 / 2, 2, 2 ;
0,3; 0.278161, 2.451815, 1.146952 / 0.278161, 2.451815, 1.146952 / 0.278161, 2.451815, 1.146952; 1, 25, 1, 0; 0.883577197720; 1, 0, 1; 1, 0, 0; 3, 1, 2 ;
0,3; 0.358584, 1.992856, 2.385395 / 0.358904, 1.993232, 2.385736 / 0.358264, 1.992481, 2.385054; 1, 31, 1, 0; 0.497086346151; 1, 0, 1; 1, 1, 0; 2, 1, 3 / 4, 4, 2 ;
0,3; 0.367337, 2.004577, 2.370851 / 0.367337, 2.004577, 2.370851 / 0.367337, 2.004577, 2.370851; 1, 31, 1, 0; 0.497093341177; 1, 0, 1; 1, 0, 0; 2, 1, 2 ;
0,3; 0.372726, 1.914743, 2.596305 / 0.372726, 1.914743, 2.596305 / 0.372726, 1.914743, 2.596305; 1, 38, 1, 0; 0.690483492227; 1, 0, 1; 1, 0, 0; 2, 1, 2 ;
0,3; 0.435631, 1.539621, 3.603907 / 0.435631, 1.539621, 3.603907 / 0.435631, 1.539621, 3.603907; 1, 45, 1, 0; 0.294309474627; 0, 1, 0; 0, 1, 0; 1, 1, 1 ;
0,3; 0.424139, 1.593377, 3.461860 / 0.424139, 1.593377, 3.461860 / 0.424139, 1.593377, 3.461860; 1, 45, 1, 0; 0.390737350713; 1, 0, 1; 1, 0, 0; 3, 1, 2 ;
0,3; 0.423960, 1.592922, 3.459050 / 0.423960, 1.592922, 3.459050 / 0.423960, 1.592922, 3.459050; 1, 45, 1, 0; 0.390739419780; 1, 0, 1; 1, 0, 0; 2, 1, 2 ;
1,4; 3.06895, -2.48704, -1.35282 / 3.06895, -2.48704, -1.35282 / 3.06895, -2.48704, -1.35282; 1, 8, 1, 0; 0.559600703020; 1, 0, 1; 0, 1, 0; 4, 1, 2 ;
0,4; 3.004097, -1.164745, -0.447280 / 3.004097, -1.164745, -0.447280 / 3.004097, -1.164745, -0.447280; 1, 12, 1, 0; 0.723979003309; 1, 0, 1; 0, 1, 0; 1, 1, 2 ;
0,4; 2.928712, -0.188457, 0.248264 / 2.928712, -0.188457, 0.248264 / 2.928712, -0.188457, 0.248264; 1, 16, 1, 0; 0.738216489060; 1, 0, 1; 0, 1, 0; 4, 1, 2 ;
0,4; 2.950679, -0.447242, 0.060700 / 2.950679, -0.447242, 0.060700 / 2.950679, -0.447242, 0.060700; 1, 16, 1, 0; 0.738655041843; 1, 0, 1; 1, 0, 0; 2, 1, 2 ;
0,4; 2.908556, 0.127982, 0.473268 / 2.909083, 0.128992, 0.473932 / 2.908029, 0.126972, 0.472605; 1, 19, 1, 0; 0.634429051582; 2, 2, 1; 1, 2, 0; 1, 4, 2 / 1, 8, 1 / 3, 1, 1 / 4, 3, 0 ;
0,4; 2.923555, 0.129375, 0.480097 / 2.923555, 0.129375, 0.480097 / 2.923555, 0.129375, 0.480097; 1, 19, 1, 0; 0.634436796221; 1, 0, 1; 1, 0, 0; 3, 1, 2 ;
0,4; 2.842874, 0.974025, 1.081918 / 2.843245, 0.974600, 1.082096 / 2.842503, 0.973450, 1.081740; 1, 26, 1, 0; 0.223069358364; 2, 2, 2; 3, 1, 0; 1, 3, 0 / 1, 5, 0 / 1, 10, 0 / 2, 5, 1 / 2, 6, 2 / 2, 10, 0 / 3, 1, 2 / 4, 1, 1 ;
0,4; 2.846296, 0.972855, 1.084637 / 2.846815, 0.972912, 1.085386 / 2.845776, 0.972797, 1.083889; 1, 26, 1, 0; 0.223084102696; 1, 0, 2; 1, 1, 0; 1, 1, 2 / 3, 10, 2 ;
0,4; 2.865450, 0.803028, 0.942118 / 2.865450, 0.803028, 0.942118 / 2.865450, 0.803028, 0.942118; 1, 26, 1, 0; 0.203854588316; 1, 0, 1; 0, 1, 0; 4, 1, 2 ;
0,4; 2.855934, 0.976171, 1.065046 / 2.855934, 0.976171, 1.065046 / 2.855934, 0.976171, 1.065046; 1, 26, 1, 0; 0.223051725173; 1, 0, 1; 0, 1, 0; 4, 1, 2 ;
0,4; 2.854049, 0.972398, 1.061543 / 2.854049, 0.972398, 1.061543 / 2.854049, 0.972398, 1.061543; 1, 26, 1, 0; 0.223052916720; 1, 0, 1; 0, 1, 0; 1, 1, 2 ;
0,4; 2.843980, 0.973104, 1.085700 / 2.843987, 0.973120, 1.085704 / 2.843974, 0.973087, 1.085696; 1, 26, 1, 0; 0.223084282714; 2, 1, 1; 2, 0, 0; 2, 1, 1 / 2, 2, 2 / 3, 1, 0 ;
0,4; 2.842178, 0.976611, 1.080028 / 2.842178, 0.976611, 1.080028 / 2.842178, 0.976611, 1.080028; 1, 26, 1, 0; 0.223069272642; 1, 0, 1; 1, 0, 0; 2, 1, 2 / 2, 3, 0 / 4, 10, 0 ;
0,4; 2.742205, 2.765542, 2.310292 / 2.742467, 2.765645, 2.310425 / 2.741943, 2.765440, 2.310158; 1, 31, 1, 0; 0.317426062032; 2, 1, 1; 1, 1, 0; 2, 5, 2 / 4, 1, 1 ;
1,5; 0.614699, -1.55913, -3.81015 / 0.614699, -1.55913, -3.81015 / 0.614699, -1.55913, -3.81015; 1, 1, 1, 0; 0.348962476545; 1, 0, 1; 1, 0, 0; 3, 1, 2 ;
0,5; 0.755024, -0.752647, -2.153422 / 0.755024, -0.752647, -2.153422 / 0.755024, -0.752647, -2.153422; 1, 4, 1, 0; 0.514602332394; 1, 0, 1; 1, 0, 0; 2, 1, 2 ;
0,5; 1.088948, 1.232188, 1.988634 / 1.088948, 1.232188, 1.988634 / 1.088948, 1.232188, 1.988634; 1, 31, 1, 0; 0.196084625485; 1, 0, 1; 1, 0, 0; 2, 1, 2 ;
1,7; 2.77185, -0.479594, -2.61864 / 2.77185, -0.479594, -2.61864 / 2.77185, -0.479594, -2.61864; 1, 3, 1, 0; 0.640605503774; 1, 0, 1; 0, 1, 0; 4, 1, 2 ;
0,7; 1.106175, 1.098716, -0.534375 / 1.106175, 1.098716, -0.534375 / 1.106175, 1.098716, -0.534375; 1, 12, 1, 0; 0.939355337059; 1, 0, 1; 1, 0, 0; 3, 1, 2 ;
0,7; -0.142205, 2.260062, 1.035758 / -0.142205, 2.260062, 1.035758 / -0.142205, 2.260062, 1.035758; 1, 25, 1, 0; 0.886182949724; 1, 0, 1; 1, 0, 0; 2, 1, 2 / 3, 9, 0 ;
0,7; -0.981449, 3.052732, 2.079153 / -0.981449, 3.052732, 2.079153 / -0.981449, 3.052732, 2.079153; 1, 29, 1, 0; 0.650965103004; 1, 0, 1; 1, 0, 0; 3, 1, 2 ;
1,8; -0.714166, 1.52564, -2.95469 / -0.713821, 1.52606, -2.95428 / -0.714512, 1.52522, -2.9551; 1, 2, 1, 0; 0.677762104111; 2, 2, 2; 2, 2, 0; 1, 4, 2 / 1, 5, 1 / 1, 6, 0 / 3, 1, 1 / 3, 2, 2 / 3, 9, 0 ;
0,8; -0.710367, 1.528781, -2.949551 / -0.710367, 1.528781, -2.949551 / -0.710367, 1.528781, -2.949551; 1, 2, 1, 0; 0.677761910299; 1, 0, 1; 1, 0, 0; 2, 1, 2 ;
0,8; -0.717137, 1.526632, -2.954650 / -0.717137, 1.526632, -2.954650 / -0.717137, 1.526632, -2.954650; 1, 2, 1, 0; 0.677762163441; 1, 0, 1; 1, 0, 0; 3, 1, 2 ;
0,8; -0.712608, 1.523201, -2.954413 / -0.712608, 1.523201, -2.954413 / -0.712608, 1.523201, -2.954413; 1, 2, 1, 0; 0.677762551063; 1, 0, 1; 1, 0, 0; 3, 1, 2 ;
0,8; -0.052438, 1.321956, -2.663696 / -0.052438, 1.321956, -2.663696 / -0.052438, 1.321956, -2.663696; 1, 3, 1, 0; 0.719172141024; 1, 0, 1; 1, 0, 0; 2, 1, 2 ;
0,8; 0.742890, 1.056128, -2.310476 / 0.742890, 1.056128, -2.310476 / 0.742890, 1.056128, -2.310476; 1, 4, 1, 0; 0.420211765133; 1, 0, 1; 1, 0, 0; 2, 1, 2 ;
0,8; 2.819931, 0.392564, -1.374680 / 2.819931, 0.392564, -1.374680 / 2.819931, 0.392564, -1.374680; 1, 11, 1, 0; 0.378932771224; 0, 1, 0; 1, 0, 0; 2, 1, 1 ;
1,9; 1.39333, 2.80403, -1.51425 / 1.39333, 2.80403, -1.51425 / 1.39333, 2.80403, -1.51425; 1, 7, 1, 0; 0.330106664989; 1, 0, 1; 1, 0, 0; 2, 1, 2 ;
0,9; 0.527359, -1.730952, 0.125937 / 0.527359, -1.730952, 0.125937 / 0.527359, -1.730952, 0.125937; 1, 15, 1, 0; 0.627274374759; 1, 0, 1; 0, 1, 0; 4, 1, 2 ;
0,9; 0.526851, -1.727910, 0.122648 / 0.526851, -1.727910, 0.122648 / 0.526851, -1.727910, 0.122648; 1, 15, 1, 0; 0.627275225290; 1, 0, 1; 1, 0, 0; 2, 1, 2 ;
0,9; 0.747478, -0.582363, -0.291326 / 0.747478, -0.582363, -0.291326 / 0.747478, -0.582363, -0.291326; 1, 16, 1, 0; 0.415302568203; 1, 0, 1; 1, 0, 0; 2, 1, 2 ;
0,9; 0.700701, -0.615607, -0.292682 / 0.700701, -0.615607, -0.292682 / 0.700701, -0.615607, -0.292682; 1, 16, 1, 0; 0.415345355964; 1, 0, 1; 1, 0, 0; 2, 1, 2 ;
0,9; 0.701391, -0.608718, -0.305071 / 0.701391, -0.608718, -0.305071 / 0.701391, -0.608718, -0.305071; 1, 16, 1, 0; 0.415346628413; 1, 0, 1; 1, 0, 0; 3, 1, 2 ;
0,9; 0.369080, -2.550666, 0.426098 / 0.369080, -2.550666, 0.426098 / 0.369080, -2.550666, 0.426098; 1, 18, 1, 0; 0.323684443254; 1, 0, 1; 1, 0, 0; 3, 1, 2 ;
0,9; 0.143933, -3.732216, 0.848079 / 0.143933, -3.732216, 0.848079 / 0.143933, -3.732216, 0.848079; 1, 18, 1, 0; 0.774907894847; 1, 0, 1; 1, 0, 0; 3, 1, 2 ;
