1,0; 2.60845, 0.452747, -2.58594 / 2.60845, 0.452747, -2.58594 / 2.60845, 0.452747, -2.58594; 1, 3, 1, 0; 0.676639002728; 1, 0, 1; 0, 1, 0; 3, 8, 0 / 4, 1, 2 ;
0,0; 2.604678, 0.453268, -2.587152 / 2.604678, 0.453268, -2.587152 / 2.604678, 0.453268, -2.587152; 1, 3, 1, 0; 0.676638527223; 1, 0, 1; 1, 0, 0; 3, 1, 2 ;
0,0; 1.974088, 1.125501, -2.184217 / 1.974568, 1.126336, -2.183571 / 1.973609, 1.124665, -2.184863; 1, 4, 1, 0; 0.413457359655; 2, 2, 1; 2, 1, 0; 1, 10, 0 / 2, 1, 2 / 3, 10, 1 / 4, 10, 1 ;
0,0; 1.750214, 1.360716, -2.046651 / 1.750295, 1.361538, -2.046267 / 1.750132, 1.359894, -2.047034; 1, 4, 1, 0; 0.714196371652; 2, 1, 1; 1, 1, 0; 2, 5, 2 / 4, 1, 1 ;
0,0; 1.974744, 1.126184, -2.186923 / 1.974744, 1.126184, -2.186923 / 1.974744, 1.126184, -2.186923; 1, 4, 1, 0; 0.413457444279; 1, 0, 1; 0, 1, 0; 4, 1, 2 ;
0,0; 1.740239, 1.372013, -2.040047 / 1.740239, 1.372013, -2.040047 / 1.740239, 1.372013, -2.040047; 1, 4, 1, 0; 0.714205136265; 0, 1, 0; 0, 1, 0; 3, 3, 0 / 4, 1, 1 / 4, 3, 0 ;
0,0; 1.711243, 1.424694, -2.022919 / 1.711312, 1.424804, -2.021937 / 1.711174, 1.424584, -2.023900; 1, 4, 1, 0; 0.712876231579; 2, 1, 1; 2, 0, 0; 2, 10, 1 / 3, 1, 2 / 4, 1, 0 ;
0,0; 1.980502, 1.120354, -2.177366 / 1.980502, 1.120354, -2.177366 / 1.980502, 1.120354, -2.177366; 1, 4, 1, 0; 0.413449227707; 1, 0, 1; 1, 0, 0; 2, 1, 2 ;
0,0; 1.723182, 1.401213, -2.024897 / 1.723182, 1.401213, -2.024897 / 1.723182, 1.401213, -2.024897; 1, 4, 1, 0; 0.712874281201; 1, 0, 1; 1, 0, 0; 3, 1, 2 ;
0,0; 1.631938, 1.493184, -1.970931 / 1.631938, 1.493184, -1.970931 / 1.631938, 1.493184, -1.970931; 1, 4, 1, 0; 0.713838412779; 1, 0, 1; 1, 0, 0; 2, 1, 2 ;
0,0; 1.737267, 1.373248, -2.041531 / 1.737267, 1.373248, -2.041531 / 1.737267, 1.373248, -2.041531; 1, 4, 1, 0; 0.714205192680; 1, 0, 1; 1, 0, 0; 2, 1, 2 / 3, 1, 0 ;
0,0; 0.118787, 3.085957, -1.019752 / 0.119104, 3.086258, -1.019224 / 0.118470, 3.085655, -1.020281; 1, 7, 1, 0; 0.711308120121; 1, 0, 2; 0, 2, 1; 1, 1, 2 / 4, 5, 2 ;
0,0; 1.404751, 1.737818, -1.728124 / 1.404876, 1.738146, -1.727526 / 1.404627, 1.737490, -1.728723; 1, 7, 1, 0; 0.023923434798; 1, 0, 2; 0, 2, 0; 1, 1, 2 / 1, 10, 2 ;
0,0; 1.380286, 1.753809, -1.813530 / 1.380424, 1.754211, -1.813275 / 1.380148, 1.753407, -1.813786; 1, 7, 1, 0; 0.024823273310; 2, 1, 1; 1, 1, 0; 3, 3, 2 / 4, 1, 1 ;
0,0; 1.363376, 1.771328, -1.802358 / 1.363525, 1.771387, -1.802246 / 1.363228, 1.771268, -1.802471; 1, 7, 1, 0; 0.024835326111; 1, 0, 2; 1, 1, 0; 3, 1, 2 / 4, 1, 2 ;
0,0; 0.210218, 2.992874, -1.076695 / 0.210319, 2.993473, -1.076509 / 0.210116, 2.992275, -1.076882; 1, 7, 1, 0; 0.710394300973; 1, 0, 2; 1, 1, 0; 1, 1, 2 / 3, 6, 2 ;
0,0; 1.405768, 1.738027, -1.741655 / 1.405768, 1.738027, -1.741655 / 1.405768, 1.738027, -1.741655; 1, 7, 1, 0; 0.023914353010; 1, 0, 1; 0, 1, 0; 4, 1, 2 ;
0,0; 1.379611, 1.758809, -1.811690 / 1.379611, 1.758809, -1.811690 / 1.379611, 1.758809, -1.811690; 1, 7, 1, 0; 0.024823815353; 0, 1, 0; 0, 1, 0; 1, 5, 0 / 4, 1, 1 ;
0,0; 1.375066, 1.756486, -1.809628 / 1.375066, 1.756486, -1.809628 / 1.375066, 1.756486, -1.809628; 1, 7, 1, 0; 0.024832677256; 0, 1, 0; 0, 1, 0; 4, 1, 1 ;
0,0; 1.188255, 1.959654, -1.691892 / 1.188255, 1.959654, -1.691892 / 1.188255, 1.959654, -1.691892; 1, 7, 1, 0; 0.055815913788; 1, 0, 1; 0, 1, 0; 1, 1, 2 ;
0,0; 1.257251, 1.883919, -1.735571 / 1.257251, 1.883919, -1.735571 / 1.257251, 1.883919, -1.735571; 1, 7, 1, 0; 0.056763293621; 1, 0, 1; 0, 1, 0; 1, 1, 2 ;
0,0; 0.120220, 3.084885, -1.017524 / 0.120220, 3.084885, -1.017524 / 0.120220, 3.084885, -1.017524; 1, 7, 1, 0; 0.711308068985; 1, 0, 1; 0, 1, 0; 1, 1, 2 ;
0,0; 0.215388, 2.986486, -1.079087 / 0.215808, 2.986918, -1.078907 / 0.214969, 2.986053, -1.079266; 1, 7, 1, 0; 0.710393288477; 2, 1, 2; 3, 0, 0; 2, 5, 2 / 2, 6, 1 / 3, 1, 2 ;
0,0; 1.427707, 1.733974, -1.794125 / 1.427707, 1.733974, -1.794125 / 1.427707, 1.733974, -1.794125; 1, 7, 1, 0; 0.023870636676; 1, 0, 1; 1, 0, 0; 2, 1, 2 ;
0,0; 1.433009, 1.731183, -1.798867 / 1.433009, 1.731183, -1.798867 / 1.433009, 1.731183, -1.798867; 1, 7, 1, 0; 0.023871408833; 1, 0, 1; 1, 0, 0; 2, 1, 2 ;
0,0; 1.414752, 1.735667, -1.783006 / 1.414752, 1.735667, -1.783006 / 1.414752, 1.735667, -1.783006; 1, 7, 1, 0; 0.023878194606; 1, 0, 1; 1, 0, 0; 2, 1, 2 ;
0,0; 1.403676, 1.736924, -1.713417 / 1.403676, 1.736924, -1.713417 / 1.403676, 1.736924, -1.713417; 1, 7, 1, 0; 0.023932516586; 1, 0, 1; 1, 0, 0; 2, 1, 2 ;
0,0; 1.407811, 1.737778, -1.718125 / 1.407811, 1.737778, -1.718125 / 1.407811, 1.737778, -1.718125; 1, 7, 1, 0; 0.023932772267; 1, 0, 1; 1, 0, 0; 2, 1, 2 ;
0,0; 1.401535, 1.749936, -1.806490 / 1.401535, 1.749936, -1.806490 / 1.401535, 1.749936, -1.806490; 1, 7, 1, 0; 0.024813516524; 1, 0, 1; 1, 0, 0; 2, 1, 2 ;
0,0; 1.365073, 1.771245, -1.798070 / 1.365073, 1.771245, -1.798070 / 1.365073, 1.771245, -1.798070; 1, 7, 1, 0; 0.024835919291; 1, 0, 1; 1, 0, 0; 3, 1, 2 ;
0,0; 1.265035, 1.877949, -1.744014 / 1.265035, 1.877949, -1.744014 / 1.265035, 1.877949, -1.744014; 1, 7, 1, 0; 0.056755689669; 1, 0, 1; 1, 0, 0; 1, 1, 0 / 2, 1, 2 / 3, 4, 0 / 4, 5, 0 ;
0,0; 1.270266, 1.864199, -1.744961 / 1.270266, 1.864199, -1.744961 / 1.270266, 1.864199, -1.744961; 1, 7, 1, 0; 0.056757428299; 1, 0, 1; 1, 0, 0; 3, 1, 2 ;
0,0; 1.254407, 1.882483, -1.735752 / 1.254407, 1.882483, -1.735752 / 1.254407, 1.882483, -1.735752; 1, 7, 1, 0; 0.056762659532; 1, 0, 1; 1, 0, 0; 1, 8, 0 / 2, 1, 2 / 2, 7, 0 / 3, 5, 0 / 4, 4, 0 ;
0,0; 0.660840, 2.522546, -1.367714 / 0.660840, 2.522546, -1.367714 / 0.660840, 2.522546, -1.367714; 1, 7, 1, 0; 0.336992010481; 1, 0, 1; 1, 0, 0; 3, 1, 2 ;
0,0; -0.241296, 3.468251, -0.791320 / -0.240523, 3.468515, -0.791267 / -0.242069, 3.467987, -0.791373; 1, 13, 1, 0; 0.201928144885; 0, 2, 0; 0, 2, 1; 1, 1, 1 / 4, 1, 0 / 4, 2, 0 / 4, 7, 3 ;
0,0; -0.873526, 4.135907, -0.393561 / -0.873526, 4.135907, -0.393561 / -0.873526, 4.135907, -0.393561; 1, 13, 1, 0; 0.698087125758; 1, 0, 1; 1, 0, 0; 2, 1, 2 / 2, 10, 0 / 3, 5, 0 / 3, 7, 0 ;
0,0; -0.836913, 4.098645, -0.416747 / -0.836913, 4.098645, -0.416747 / -0.836913, 4.098645, -0.416747; 1, 13, 1, 0; 0.698877524642; 1, 0, 1; 1, 0, 0; 2, 1, 2 ;
0,0; -1.120701, 4.391061, -0.236865 / -1.120701, 4.391061, -0.236865 / -1.120701, 4.391061, -0.236865; 1, 17, 1, 0; 0.361868710751; 1, 0, 1; 1, 0, 0; 2, 1, 2 ;
1,1; 2.44202, 3.38338, -1.9292 / 2.44202, 3.38338, -1.9292 / 2.44202, 3.38338, -1.9292; 1, 4, 1, 0; 0.852978404800; 1, 0, 1; 1, 0, 0; 3, 1, 2 ;
0,1; 1.368155, 2.064931, -0.629087 / 1.368155, 2.064931, -0.629087 / 1.368155, 2.064931, -0.629087; 1, 7, 1, 0; 0.925977810982; 0, 1, 0; 0, 1, 0; 1, 1, 1 ;
0,1; 1.384789, 2.075048, -0.643196 / 1.384789, 2.075048, -0.643196 / 1.384789, 2.075048, -0.643196; 1, 7, 1, 0; 0.925984346188; 1, 0, 1; 1, 0, 0; 2, 1, 2 ;
0,1; 1.382682, 2.087074, -0.646221 / 1.382682, 2.087074, -0.646221 / 1.382682, 2.087074, -0.646221; 1, 7, 1, 0; 0.925992891046; 1, 0, 1; 1, 0, 0; 3, 1, 2 ;
0,1; 1.369159, 2.108021, -0.646377 / 1.369159, 2.108021, -0.646377 / 1.369159, 2.108021, -0.646377; 1, 7, 1, 0; 0.926009893831; 1, 0, 1; 1, 0, 0; 3, 1, 2 ;
0,1; 1.680145, 2.449737, -1.013094 / 1.680145, 2.449737, -1.013094 / 1.680145, 2.449737, -1.013094; 1, 11, 1, 0; 0.917270533225; 0, 1, 0; 0, 1, 0; 4, 1, 1 / 4, 2, 0 ;
0,1; 1.690925, 2.464892, -1.032991 / 1.690925, 2.464892, -1.032991 / 1.690925, 2.464892, -1.032991; 1, 11, 1, 0; 0.917257270110; 1, 0, 1; 1, 0, 0; 3, 1, 2 ;
0,1; 1.602239, 2.350232, -0.914323 / 1.602246, 2.350507, -0.914013 / 1.602231, 2.349957, -0.914633; 1, 12, 1, 0; 0.252593385379; 2, 1, 1; 1, 1, 0; 3, 2, 1 / 4, 1, 2 / 4, 2, 0 ;
0,1; 1.599170, 2.350543, -0.916503 / 1.599170, 2.350543, -0.916503 / 1.599170, 2.350543, -0.916503; 1, 12, 1, 0; 0.252593476927; 1, 0, 1; 1, 0, 0; 3, 1, 2 ;
0,1; 1.599763, 2.347204, -0.901618 / 1.599763, 2.347204, -0.901618 / 1.599763, 2.347204, -0.901618; 1, 12, 1, 0; 0.252596766958; 1, 0, 1; 1, 0, 0; 2, 1, 2 ;
0,1; 1.353727, 2.046408, -0.611736 / 1.353727, 2.046408, -0.611736 / 1.353727, 2.046408, -0.611736; 1, 12, 1, 0; 0.997687949447; 0, 1, 0; 1, 0, 0; 2, 1, 1 ;
0,1; 1.333662, 2.025365, -0.587339 / 1.333662, 2.025365, -0.587339 / 1.333662, 2.025365, -0.587339; 1, 12, 1, 0; 0.997703323904; 0, 1, 0; 1, 0, 0; 2, 7, 0 / 3, 1, 1 / 4, 2, 0 ;
0,1; 2.057409, 2.887236, -1.439711 / 2.057849, 2.887570, -1.439191 / 2.056968, 2.886902, -1.440231; 1, 13, 1, 0; 0.074901316316; 0, 3, 0; 2, 1, 0; 1, 2, 1 / 1, 6, 0 / 2, 1, 1 / 3, 5, 1 / 3, 6, 0 ;
0,1; 2.037317, 2.893431, -1.448044 / 2.037317, 2.893431, -1.448044 / 2.037317, 2.893431, -1.448044; 1, 13, 1, 0; 0.074922526568; 0, 1, 0; 0, 1, 0; 1, 5, 0 / 4, 1, 1 ;
0,1; 0.992801, 1.601964, -0.173480 / 0.992801, 1.601964, -0.173480 / 0.992801, 1.601964, -0.173480; 1, 13, 1, 0; 0.805062929083; 0, 1, 0; 0, 1, 0; 4, 1, 1 ;
0,1; 2.095510, 2.869729, -1.398107 / 2.095887, 2.870363, -1.397231 / 2.095134, 2.869095, -1.398982; 1, 13, 1, 0; 0.075000172341; 2, 1, 1; 2, 0, 0; 3, 1, 2 / 3, 4, 0 / 3, 5, 0 / 3, 7, 1 ;
0,1; 2.329735, 3.263235, -1.804999 / 2.329735, 3.263235, -1.804999 / 2.329735, 3.263235, -1.804999; 1, 13, 1, 0; 0.015671822124; 1, 0, 1; 1, 0, 0; 3, 1, 2 ;
0,1; 2.184367, 2.947666, -1.461944 / 2.184367, 2.947666, -1.461944 / 2.184367, 2.947666, -1.461944; 1, 13, 1, 0; 0.070719960657; 1, 0, 1; 1, 0, 0; 3, 1, 2 ;
0,1; 2.055002, 2.883970, -1.437798 / 2.055002, 2.883970, -1.437798 / 2.055002, 2.883970, -1.437798; 1, 13, 1, 0; 0.074902017990; 1, 0, 1; 1, 0, 0; 2, 1, 2 ;
0,1; 2.044326, 2.893573, -1.450179 / 2.044326, 2.893573, -1.450179 / 2.044326, 2.893573, -1.450179; 1, 13, 1, 0; 0.074911213613; 1, 0, 1; 1, 0, 0; 2, 1, 2 ;
0,1; 2.110507, 2.864421, -1.393201 / 2.110507, 2.864421, -1.393201 / 2.110507, 2.864421, -1.393201; 1, 13, 1, 0; 0.074998128869; 1, 0, 1; 1, 0, 0; 3, 1, 2 ;
0,1; 2.093961, 2.872207, -1.395958 / 2.093961, 2.872207, -1.395958 / 2.093961, 2.872207, -1.395958; 1, 13, 1, 0; 0.075000917100; 1, 0, 1; 1, 0, 0; 3, 1, 2 ;
0,1; 1.361555, 2.167910, -0.599618 / 1.361555, 2.167910, -0.599618 / 1.361555, 2.167910, -0.599618; 1, 13, 1, 0; 0.496576070699; 1, 0, 1; 1, 0, 0; 2, 1, 2 ;
0,1; 0.991110, 1.597414, -0.170480 / 0.991110, 1.597414, -0.170480 / 0.991110, 1.597414, -0.170480; 1, 13, 1, 0; 0.805063753858; 1, 0, 1; 1, 0, 0; 3, 1, 2 ;
0,1; 0.987277, 1.595190, -0.162168 / 0.987277, 1.595190, -0.162168 / 0.987277, 1.595190, -0.162168; 1, 13, 1, 0; 0.805075731557; 1, 0, 1; 1, 0, 0; 3, 1, 2 ;
0,1; 0.512308, 1.009099, 0.410417 / 0.512491, 1.009199, 0.410492 / 0.512125, 1.009000, 0.410342; 1, 17, 1, 0; 0.871858967384; 2, 1, 1; 0, 2, 1; 1, 1, 1 / 4, 5, 2 ;
0,1; 0.769390, 1.326773, 0.099398 / 0.769390, 1.326773, 0.099398 / 0.769390, 1.326773, 0.099398; 1, 17, 1, 0; 0.673683348259; 1, 0, 1; 1, 0, 0; 3, 1, 2 ;
0,1; 0.409413, 0.885367, 0.524226 / 0.409413, 0.885367, 0.524226 / 0.409413, 0.885367, 0.524226; 1, 17, 1, 0; 0.785814055835; 1, 0, 1; 1, 0, 0; 3, 1, 2 ;
0,1; 0.416473, 0.880575, 0.533172 / 0.416473, 0.880575, 0.533172 / 0.416473, 0.880575, 0.533172; 1, 17, 1, 0; 0.785814843953; 1, 0, 1; 1, 0, 0; 2, 1, 2 ;
0,1; -0.331825, -0.033376, 1.434692 / -0.331825, -0.033376, 1.434692 / -0.331825, -0.033376, 1.434692; 1, 23, 1, 0; 0.758554594376; 1, 0, 1; 0, 1, 0; 3, 5, 0 / 4, 1, 2 ;
0,1; -0.165123, 0.174073, 1.229561 / -0.165123, 0.174073, 1.229561 / -0.165123, 0.174073, 1.229561; 1, 23, 1, 0; 0.507406048487; 1, 0, 1; 1, 0, 0; 2, 1, 2 ;
0,1; -0.165001, 0.183668, 1.229857 / -0.165001, 0.183668, 1.229857 / -0.165001, 0.183668, 1.229857; 1, 23, 1, 0; 0.507419409429; 1, 0, 1; 1, 0, 0; 3, 1, 2 ;
0,1; -0.258653, -0.080849, 1.634236 / -0.258653, -0.080849, 1.634236 / -0.258653, -0.080849, 1.634236; 1, 27, 1, 0; 0.649985570265; 1, 0, 1; 1, 0, 0; 2, 1, 2 ;
0,1; -0.253286, -0.075776, 1.639166 / -0.253286, -0.075776, 1.639166 / -0.253286, -0.075776, 1.639166; 1, 27, 1, 0; 0.649986620035; 1, 0, 1; 1, 0, 0; 3, 1, 2 ;
0,1; -0.247526, -0.077998, 1.636755 / -0.247526, -0.077998, 1.636755 / -0.247526, -0.077998, 1.636755; 1, 27, 1, 0; 0.649988047354; 1, 0, 1; 1, 0, 0; 2, 1, 2 ;
0,1; -0.192360, -0.187729, 1.721708 / -0.192360, -0.187729, 1.721708 / -0.192360, -0.187729, 1.721708; 1, 27, 1, 0; 0.651671758973; 1, 0, 1; 1, 0, 0; 3, 1, 2 ;
0,1; -1.417447, -1.374840, 2.750282 / -1.417117, -1.374751, 2.750516 / -1.417776, -1.374928, 2.750047; 1, 34, 1, 0; 0.533655084329; 2, 1, 1; 0, 2, 0; 1, 1, 1 / 1, 3, 2 / 2, 4, 0 ;
0,1; -1.145522, -1.045228, 2.429677 / -1.145450, -1.045111, 2.429702 / -1.145595, -1.045345, 2.429652; 1, 34, 1, 0; 0.146190937688; 2, 1, 1; 1, 1, 0; 1, 1, 1 / 2, 1, 2 ;
0,1; -1.058483, -0.926421, 2.314258 / -1.058483, -0.926421, 2.314258 / -1.058483, -0.926421, 2.314258; 1, 34, 1, 0; 0.128305456396; 1, 0, 1; 0, 1, 0; 1, 1, 2 ;
0,1; -1.013076, -0.873881, 2.253286 / -1.013076, -0.873881, 2.253286 / -1.013076, -0.873881, 2.253286; 1, 34, 1, 0; 0.128310994365; 1, 0, 1; 1, 0, 0; 3, 1, 2 ;
0,1; -1.011023, -0.873748, 2.259225 / -1.011023, -0.873748, 2.259225 / -1.011023, -0.873748, 2.259225; 1, 34, 1, 0; 0.128332971619; 1, 0, 1; 1, 0, 0; 2, 1, 2 ;
0,1; -1.137889, -1.032710, 2.412638 / -1.137889, -1.032710, 2.412638 / -1.137889, -1.032710, 2.412638; 1, 34, 1, 0; 0.146226236002; 1, 0, 1; 1, 0, 0; 3, 1, 2 ;
0,1; -1.578493, -1.575107, 2.949529 / -1.578493, -1.575107, 2.949529 / -1.578493, -1.575107, 2.949529; 1, 35, 1, 0; 0.529871954409; 1, 0, 1; 0, 1, 0; 1, 1, 2 ;
0,1; -1.538569, -1.524379, 2.897085 / -1.538569, -1.524379, 2.897085 / -1.538569, -1.524379, 2.897085; 1, 35, 1, 0; 0.356102776554; 0, 1, 0; 1, 0, 0; 3, 1, 1 ;
0,1; -1.533981, -1.523109, 2.899767 / -1.533981, -1.523109, 2.899767 / -1.533981, -1.523109, 2.899767; 1, 35, 1, 0; 0.356104605777; 0, 1, 0; 1, 0, 0; 3, 1, 1 ;
0,1; -2.005258, -2.105155, 3.471297 / -2.005258, -2.105155, 3.471297 / -2.005258, -2.105155, 3.471297; 1, 43, 1, 0; 0.775584689321; 1, 0, 1; 1, 0, 0; 2, 1, 2 ;
1,2; 1.81472, 0.40403, -4.20192 / 1.81488, 0.404519, -4.20136 / 1.81456, 0.403541, -4.20248; 1, 1, 1, 0; 0.145501844767; 2, 1, 1; 2, 0, 0; 1, 3, 0 / 2, 1, 1 / 2, 7, 2 / 4, 5, 0 ;
0,2; 1.816301, 0.406298, -4.201268 / 1.816301, 0.406298, -4.201268 / 1.816301, 0.406298, -4.201268; 1, 1, 1, 0; 0.145501781482; 1, 0, 1; 1, 0, 0; 3, 1, 2 / 4, 1, 0 ;
0,2; 1.442259, 0.400698, -3.917745 / 1.442259, 0.400698, -3.917745 / 1.442259, 0.400698, -3.917745; 1, 1, 1, 0; 0.509543151103; 1, 0, 1; 1, 0, 0; 3, 1, 2 ;
0,2; 1.437031, 0.392411, -3.914422 / 1.437031, 0.392411, -3.914422 / 1.437031, 0.392411, -3.914422; 1, 1, 1, 0; 0.509543965902; 1, 0, 1; 1, 0, 0; 3, 1, 2 ;
0,2; 0.609818, 0.591991, -3.447917 / 0.609818, 0.591991, -3.447917 / 0.609818, 0.591991, -3.447917; 1, 1, 1, 0; 0.704696693183; 1, 0, 1; 1, 0, 0; 3, 1, 2 ;
0,2; -0.178200, 0.835804, -2.509959 / -0.178109, 0.836396, -2.509335 / -0.178290, 0.835212, -2.510583; 1, 2, 1, 0; 0.838721106291; 1, 0, 2; 0, 2, 1; 1, 1, 2 / 4, 3, 2 ;
0,2; -0.229269, 0.704481, -2.920732 / -0.229269, 0.704481, -2.920732 / -0.229269, 0.704481, -2.920732; 1, 2, 1, 0; 0.620238447263; 1, 0, 1; 1, 0, 0; 3, 1, 2 ;
0,2; -0.242881, 0.803459, -2.759496 / -0.242881, 0.803459, -2.759496 / -0.242881, 0.803459, -2.759496; 1, 2, 1, 0; 0.837357960029; 1, 0, 1; 1, 0, 0; 2, 1, 2 / 4, 4, 0 ;
0,2; -0.214217, 0.858158, -2.592616 / -0.214217, 0.858158, -2.592616 / -0.214217, 0.858158, -2.592616; 1, 2, 1, 0; 0.838245165001; 1, 0, 1; 1, 0, 0; 3, 1, 2 ;
0,2; -0.835642, 0.804399, -2.542966 / -0.835642, 0.804399, -2.542966 / -0.835642, 0.804399, -2.542966; 1, 2, 1, 0; 0.841657217376; 0, 1, 0; 1, 0, 0; 2, 1, 1 ;
0,2; -1.445678, 0.840587, -2.120730 / -1.445664, 0.841175, -2.120642 / -1.445692, 0.839999, -2.120818; 1, 6, 1, 0; 0.400118265910; 0, 2, 0; 1, 1, 0; 1, 2, 1 / 2, 1, 1 / 2, 3, 0 ;
0,2; -1.448722, 0.835252, -2.122020 / -1.448722, 0.835252, -2.122020 / -1.448722, 0.835252, -2.122020; 1, 6, 1, 0; 0.400126631909; 1, 0, 1; 0, 1, 0; 1, 1, 2 ;
0,2; -1.448488, 0.837642, -2.121963 / -1.448488, 0.837642, -2.121963 / -1.448488, 0.837642, -2.121963; 1, 6, 1, 0; 0.400126690721; 0, 1, 0; 0, 1, 0; 4, 1, 1 ;
0,2; -1.630021, 1.149719, -2.012831 / -1.630021, 1.149719, -2.012831 / -1.630021, 1.149719, -2.012831; 1, 6, 1, 0; 0.408502966572; 0, 1, 0; 0, 1, 0; 1, 1, 1 ;
0,2; -2.036357, 0.987335, -1.792255 / -2.035242, 0.987600, -1.792189 / -2.037472, 0.987069, -1.792322; 1, 6, 1, 0; 0.699183288391; 2, 1, 1; 2, 0, 0; 2, 1, 1 / 3, 9, 2 ;
0,2; -1.177295, 0.852022, -2.332835 / -1.177295, 0.852022, -2.332835 / -1.177295, 0.852022, -2.332835; 1, 6, 1, 0; 0.275288580388; 1, 0, 1; 1, 0, 0; 3, 1, 2 ;
0,2; -1.046615, 0.837497, -2.411284 / -1.046615, 0.837497, -2.411284 / -1.046615, 0.837497, -2.411284; 1, 6, 1, 0; 0.275319951657; 1, 0, 1; 1, 0, 0; 2, 1, 2 ;
0,2; -1.627345, 0.920614, -2.047540 / -1.627345, 0.920614, -2.047540 / -1.627345, 0.920614, -2.047540; 1, 6, 1, 0; 0.399044286371; 1, 0, 1; 1, 0, 0; 3, 1, 2 / 3, 2, 0 ;
0,2; -1.676712, 0.929685, -2.015641 / -1.676712, 0.929685, -2.015641 / -1.676712, 0.929685, -2.015641; 1, 6, 1, 0; 0.408003579687; 1, 0, 1; 1, 0, 0; 1, 3, 0 / 2, 3, 0 / 3, 1, 2 / 4, 2, 0 ;
0,2; -1.637948, 1.153002, -2.019080 / -1.637948, 1.153002, -2.019080 / -1.637948, 1.153002, -2.019080; 1, 6, 1, 0; 0.408492909731; 1, 0, 1; 1, 0, 0; 3, 1, 2 ;
0,2; -1.630316, 1.151506, -2.014064 / -1.630316, 1.151506, -2.014064 / -1.630316, 1.151506, -2.014064; 1, 6, 1, 0; 0.408493850722; 0, 1, 0; 1, 0, 0; 2, 1, 1 ;
0,2; -1.607182, 1.165789, -2.031765 / -1.607182, 1.165789, -2.031765 / -1.607182, 1.165789, -2.031765; 1, 6, 1, 0; 0.408536754032; 1, 0, 1; 1, 0, 0; 3, 1, 2 ;
0,2; -2.209242, 1.010521, -1.684982 / -2.209242, 1.010521, -1.684982 / -2.209242, 1.010521, -1.684982; 1, 6, 1, 0; 0.697988396404; 1, 0, 1; 1, 0, 0; 2, 1, 2 ;
0,2; -2.215807, 1.027128, -1.674767 / -2.215807, 1.027128, -1.674767 / -2.215807, 1.027128, -1.674767; 1, 6, 1, 0; 0.697994723589; 1, 0, 1; 1, 0, 0; 3, 1, 2 ;
0,2; -2.613952, 1.071195, -1.427885 / -2.613309, 1.071271, -1.427683 / -2.614596, 1.071119, -1.428087; 1, 14, 1, 0; 0.015192320239; 1, 0, 2; 0, 2, 1; 1, 1, 2 / 4, 4, 2 ;
0,2; -2.955051, 1.122526, -1.216361 / -2.954443, 1.122849, -1.215859 / -2.955659, 1.122202, -1.216863; 1, 14, 1, 0; 0.057544824046; 1, 0, 2; 1, 1, 0; 1, 1, 2 / 3, 6, 2 ;
0,2; -3.187245, 1.161284, -1.067832 / -3.186735, 1.161612, -1.067786 / -3.187755, 1.160957, -1.067879; 1, 14, 1, 0; 0.056118443810; 1, 0, 2; 2, 0, 0; 2, 1, 2 / 3, 1, 2 ;
0,2; -2.607741, 1.068219, -1.427205 / -2.607741, 1.068219, -1.427205 / -2.607741, 1.068219, -1.427205; 1, 14, 1, 0; 0.015181025749; 1, 0, 1; 1, 0, 0; 2, 1, 2 ;
0,2; -3.139778, 1.169356, -1.105809 / -3.139778, 1.169356, -1.105809 / -3.139778, 1.169356, -1.105809; 1, 14, 1, 0; 0.056150136088; 1, 0, 1; 1, 0, 0; 3, 1, 2 ;
0,2; -2.953489, 1.123503, -1.216011 / -2.952535, 1.124157, -1.215859 / -2.954443, 1.122849, -1.216163; 1, 14, 1, 0; 0.057544854821; 1, 0, 1; 2, 0, 0; 3, 1, 2 / 3, 10, 2 ;
0,2; -2.999781, 1.134899, -1.183337 / -2.999781, 1.134899, -1.183337 / -2.999781, 1.134899, -1.183337; 1, 14, 1, 0; 0.058642193015; 1, 0, 1; 1, 0, 0; 2, 1, 2 ;
0,2; -2.993884, 1.136179, -1.188827 / -2.993884, 1.136179, -1.188827 / -2.993884, 1.136179, -1.188827; 1, 14, 1, 0; 0.058643005479; 1, 0, 1; 1, 0, 0; 2, 1, 2 ;
0,2; -3.951929, 1.272575, -0.599508 / -3.951929, 1.272575, -0.599508 / -3.951929, 1.272575, -0.599508; 1, 14, 1, 0; 0.313858191675; 1, 0, 1; 1, 0, 0; 2, 1, 2 ;
0,2; -4.098909, 1.299945, -0.498442 / -4.098909, 1.299945, -0.498442 / -4.098909, 1.299945, -0.498442; 1, 14, 1, 0; 0.316614004183; 0, 1, 0; 1, 0, 0; 3, 1, 1 ;
0,2; -4.234910, 1.321861, -0.415861 / -4.234910, 1.321861, -0.415861 / -4.234910, 1.321861, -0.415861; 1, 14, 1, 0; 0.317675513915; 1, 0, 1; 1, 0, 0; 3, 1, 2 ;
1,3; -3.66924, -0.811161, 1.13349 / -3.66812, -0.810798, 1.13374 / -3.67035, -0.811524, 1.13324; 1, 21, 1, 0; 0.584471874436; 0, 3, 0; 2, 1, 0; 3, 1, 1 / 3, 2, 1 / 4, 4, 1 ;
0,3; -3.764938, -1.151829, 0.819752 / -3.764677, -1.151613, 0.820039 / -3.765200, -1.152045, 0.819465; 1, 21, 1, 0; 0.314015816264; 2, 1, 1; 1, 1, 0; 3, 2, 1 / 4, 1, 2 ;
0,3; -3.695451, -0.898751, 1.052217 / -3.695158, -0.898647, 1.052570 / -3.695744, -0.898854, 1.051864; 1, 21, 1, 0; 0.583850697900; 2, 1, 1; 1, 1, 0; 1, 1, 2 / 2, 2, 1 ;
0,3; -3.762927, -1.149115, 0.815714 / -3.762927, -1.149115, 0.815714 / -3.762927, -1.149115, 0.815714; 1, 21, 1, 0; 0.314014484782; 1, 0, 1; 0, 1, 0; 4, 1, 2 ;
0,3; -3.670571, -0.808393, 1.136733 / -3.670571, -0.808393, 1.136733 / -3.670571, -0.808393, 1.136733; 1, 21, 1, 0; 0.584470914023; 0, 1, 0; 0, 1, 0; 1, 1, 1 ;
0,3; -3.667835, -0.809302, 1.134808 / -3.667835, -0.809302, 1.134808 / -3.667835, -0.809302, 1.134808; 1, 21, 1, 0; 0.584471787126; 0, 1, 0; 0, 1, 0; 3, 4, 0 / 3, 7, 0 / 4, 1, 1 ;
0,3; -3.996632, -1.997842, 0.043429 / -3.996422, -1.997192, 0.043616 / -3.996843, -1.998492, 0.043243; 1, 21, 1, 0; 0.003310967340; 2, 1, 1; 2, 0, 0; 2, 4, 1 / 3, 1, 2 ;
0,3; -3.976340, -1.946234, 0.098943 / -3.976340, -1.946234, 0.098943 / -3.976340, -1.946234, 0.098943; 1, 21, 1, 0; 0.004320616585; 1, 0, 1; 1, 0, 0; 3, 1, 2 ;
0,3; -3.678227, -0.840136, 1.114489 / -3.678227, -0.840136, 1.114489 / -3.678227, -0.840136, 1.114489; 1, 21, 1, 0; 0.583705857358; 1, 0, 1; 1, 0, 0; 3, 1, 2 ;
0,3; -3.680291, -0.831826, 1.118472 / -3.680291, -0.831826, 1.118472 / -3.680291, -0.831826, 1.118472; 1, 21, 1, 0; 0.583719965250; 1, 0, 1; 1, 0, 0; 2, 1, 2 ;
0,3; -3.693362, -0.892120, 1.058570 / -3.693362, -0.892120, 1.058570 / -3.693362, -0.892120, 1.058570; 1, 21, 1, 0; 0.583864056379; 0, 1, 0; 1, 0, 0; 2, 1, 1 ;
0,3; -3.693580, -0.894912, 1.054882 / -3.693580, -0.894912, 1.054882 / -3.693580, -0.894912, 1.054882; 1, 21, 1, 0; 0.583864194621; 1, 0, 1; 1, 0, 0; 3, 1, 2 ;
0,3; -3.670205, -0.811048, 1.149712 / -3.670205, -0.811048, 1.149712 / -3.670205, -0.811048, 1.149712; 1, 21, 1, 0; 0.584469611644; 1, 0, 1; 1, 0, 0; 3, 1, 2 ;
0,3; -3.666881, -0.806816, 1.139559 / -3.666881, -0.806816, 1.139559 / -3.666881, -0.806816, 1.139559; 1, 21, 1, 0; 0.584470783057; 1, 0, 1; 1, 0, 0; 2, 1, 2 ;
0,3; -3.671045, -0.811774, 1.137058 / -3.671045, -0.811774, 1.137058 / -3.671045, -0.811774, 1.137058; 1, 21, 1, 0; 0.584471008609; 1, 0, 1; 1, 0, 0; 2, 1, 2 ;
0,3; -3.665346, -0.806907, 1.136271 / -3.665346, -0.806907, 1.136271 / -3.665346, -0.806907, 1.136271; 1, 21, 1, 0; 0.584471677988; 1, 0, 1; 1, 0, 0; 3, 1, 2 ;
0,3; -3.657822, -0.806538, 1.135140 / -3.657822, -0.806538, 1.135140 / -3.657822, -0.806538, 1.135140; 1, 21, 1, 0; 0.584472863953; 0, 0, 0; 1, 0, 0; 3, 1, 3 ;
0,3; -3.507206, -0.243933, 1.653941 / -3.507206, -0.243933, 1.653941 / -3.507206, -0.243933, 1.653941; 1, 24, 1, 0; 0.781371395760; 1, 0, 1; 1, 0, 0; 3, 1, 2 ;
0,3; -3.248078, 0.720048, 2.553017 / -3.248078, 0.720048, 2.553017 / -3.248078, 0.720048, 2.553017; 1, 37, 1, 0; 0.673394257793; 1, 0, 1; 1, 0, 0; 3, 1, 2 ;
0,3; -3.243883, 0.724085, 2.557081 / -3.243883, 0.724085, 2.557081 / -3.243883, 0.724085, 2.557081; 1, 37, 1, 0; 0.673396630479; 1, 0, 1; 1, 0, 0; 3, 1, 2 ;
0,3; -3.261139, 0.719890, 2.553077 / -3.261139, 0.719890, 2.553077 / -3.261139, 0.719890, 2.553077; 1, 37, 1, 0; 0.673421673800; 1, 0, 1; 1, 0, 0; 3, 1, 2 ;
0,3; -3.136025, 1.173058, 2.952541 / -3.136025, 1.173058, 2.952541 / -3.136025, 1.173058, 2.952541; 1, 39, 1, 0; 0.363452333805; 1, 0, 1; 0, 1, 0; 4, 1, 2 ;
0,3; -3.144133, 1.176512, 2.955618 / -3.144133, 1.176512, 2.955618 / -3.144133, 1.176512, 2.955618; 1, 39, 1, 0; 0.363452962439; 1, 0, 1; 0, 1, 0; 4, 1, 2 ;
0,3; -3.136948, 1.169918, 2.954068 / -3.136948, 1.169918, 2.954068 / -3.136948, 1.169918, 2.954068; 1, 39, 1, 0; 0.363454298287; 1, 0, 1; 1, 0, 0; 2, 1, 2 ;
0,3; -3.116046, 1.202243, 2.981832 / -3.116046, 1.202243, 2.981832 / -3.116046, 1.202243, 2.981832; 1, 39, 1, 0; 0.366525978312; 1, 0, 1; 1, 0, 0; 2, 1, 2 ;
0,3; -3.109377, 1.228184, 3.006807 / -3.109377, 1.228184, 3.006807 / -3.109377, 1.228184, 3.006807; 1, 39, 1, 0; 0.366567342449; 0, 1, 0; 1, 0, 0; 2, 1, 1 ;
1,4; -2.76305, 2.64541, 1.9411 / -2.76271, 2.64544, 1.94203 / -2.7634, 2.64538, 1.94017; 1, 29, 1, 0; 0.686303873894; 2, 1, 1; 1, 1, 0; 1, 3, 0 / 2, 1, 2 / 4, 8, 1 ;
0,4; -2.771590, 2.650241, 1.917681 / -2.771590, 2.650241, 1.917681 / -2.771590, 2.650241, 1.917681; 1, 29, 1, 0; 0.686273052630; 1, 0, 1; 0, 1, 0; 1, 1, 2 ;
0,4; -2.772613, 2.655245, 1.919738 / -2.772613, 2.655245, 1.919738 / -2.772613, 2.655245, 1.919738; 1, 29, 1, 0; 0.686274796311; 1, 0, 1; 0, 1, 0; 1, 1, 2 / 3, 7, 0 / 4, 8, 0 ;
0,4; -2.674580, 2.264617, 2.016824 / -2.674580, 2.264617, 2.016824 / -2.674580, 2.264617, 2.016824; 1, 29, 1, 0; 0.758909059737; 1, 0, 1; 0, 1, 0; 4, 1, 2 ;
0,4; -2.643709, 2.572609, 1.966011 / -2.643569, 2.572997, 1.966017 / -2.643850, 2.572222, 1.966005; 1, 29, 1, 0; 0.688878891136; 2, 1, 1; 2, 0, 0; 2, 6, 1 / 3, 1, 2 ;
0,4; -2.765358, 2.645710, 1.915626 / -2.765358, 2.645710, 1.915626 / -2.765358, 2.645710, 1.915626; 1, 29, 1, 0; 0.686270130260; 1, 0, 1; 1, 0, 0; 2, 1, 2 ;
0,4; -2.757608, 2.642126, 1.949936 / -2.757608, 2.642126, 1.949936 / -2.757608, 2.642126, 1.949936; 1, 29, 1, 0; 0.686320872347; 1, 0, 1; 1, 0, 0; 3, 1, 2 ;
0,4; -2.675312, 2.524580, 1.926890 / -2.675312, 2.524580, 1.926890 / -2.675312, 2.524580, 1.926890; 1, 29, 1, 0; 0.687239451218; 1, 0, 1; 1, 0, 0; 3, 1, 2 ;
0,4; -1.557710, -0.944019, 3.039887 / -1.557594, -0.943559, 3.040016 / -1.557825, -0.944479, 3.039757; 1, 35, 1, 0; 0.295073375019; 2, 1, 1; 2, 0, 0; 3, 1, 2 / 3, 2, 1 ;
0,4; -1.689709, -0.634637, 2.929508 / -1.689709, -0.634637, 2.929508 / -1.689709, -0.634637, 2.929508; 1, 36, 1, 0; 0.846792213179; 1, 0, 1; 0, 1, 0; 1, 1, 2 ;
0,4; -1.379515, -1.533469, 3.229422 / -1.379515, -1.533469, 3.229422 / -1.379515, -1.533469, 3.229422; 1, 40, 1, 0; 0.428308360836; 0, 1, 0; 0, 1, 0; 2, 1, 0 / 4, 1, 1 ;
0,4; -1.403568, -1.452082, 3.201974 / -1.403568, -1.452082, 3.201974 / -1.403568, -1.452082, 3.201974; 1, 40, 1, 0; 0.431391780607; 1, 0, 1; 0, 1, 0; 1, 1, 2 ;
0,4; -1.303252, -1.758955, 3.300778 / -1.303252, -1.758955, 3.300778 / -1.303252, -1.758955, 3.300778; 1, 40, 1, 0; 0.498283828383; 0, 1, 0; 0, 1, 0; 4, 1, 1 ;
0,4; -1.264965, -1.872090, 3.336697 / -1.264965, -1.872090, 3.336697 / -1.264965, -1.872090, 3.336697; 1, 40, 1, 0; 0.679950353607; 0, 1, 0; 0, 1, 0; 4, 1, 1 ;
0,4; -1.409972, -1.444160, 3.201020 / -1.409972, -1.444160, 3.201020 / -1.409972, -1.444160, 3.201020; 1, 40, 1, 0; 0.431388936036; 1, 0, 1; 1, 0, 0; 2, 1, 2 ;
0,4; -1.033421, -2.557139, 3.554651 / -1.033421, -2.557139, 3.554651 / -1.033421, -2.557139, 3.554651; 1, 43, 1, 0; 0.953687118412; 0, 1, 0; 0, 1, 0; 4, 1, 1 ;
0,4; -1.175910, -2.134139, 3.420202 / -1.175910, -2.134139, 3.420202 / -1.175910, -2.134139, 3.420202; 1, 43, 1, 0; 0.749643580204; 1, 0, 1; 1, 0, 0; 2, 1, 2 ;
0,4; -1.027365, -2.574643, 3.563962 / -1.027365, -2.574643, 3.563962 / -1.027365, -2.574643, 3.563962; 1, 43, 1, 0; 0.953712475089; 1, 0, 1; 1, 0, 0; 1, 5, 0 / 3, 1, 2 ;
1,5; 1.37799, -1.88336, 0.820897 / 1.37859, -1.88329, 0.820956 / 1.37739, -1.88343, 0.820839; 1, 18, 1, 0; 0.514516723439; 1, 0, 2; 1, 1, 0; 2, 5, 2 / 4, 1, 2 ;
0,5; 1.536052, -4.035603, 0.514316 / 1.536052, -4.035603, 0.514316 / 1.536052, -4.035603, 0.514316; 1, 18, 1, 0; 0.133081365829; 1, 0, 1; 0, 1, 0; 1, 1, 2 ;
0,5; 1.357821, -2.092987, 0.674954 / 1.357821, -2.092987, 0.674954 / 1.357821, -2.092987, 0.674954; 1, 18, 1, 0; 0.512753271735; 1, 0, 1; 0, 1, 0; 1, 1, 2 ;
0,5; 1.351239, -2.106445, 0.681976 / 1.351239, -2.106445, 0.681976 / 1.351239, -2.106445, 0.681976; 1, 18, 1, 0; 0.512755691884; 0, 1, 0; 1, 0, 0; 2, 1, 1 ;
0,5; 1.382924, -1.882427, 0.817618 / 1.382924, -1.882427, 0.817618 / 1.382924, -1.882427, 0.817618; 1, 18, 1, 0; 0.514516032964; 1, 0, 1; 1, 0, 0; 3, 1, 2 ;
0,5; 1.380339, -2.294297, 0.652157 / 1.380339, -2.294297, 0.652157 / 1.380339, -2.294297, 0.652157; 1, 18, 1, 0; 0.514912804890; 1, 0, 1; 1, 0, 0; 2, 1, 2 ;
0,5; 1.386903, -2.466942, 0.651067 / 1.386903, -2.466942, 0.651067 / 1.386903, -2.466942, 0.651067; 1, 18, 1, 0; 0.515324669618; 1, 0, 1; 1, 0, 0; 2, 1, 2 ;
0,5; 1.362070, -2.275381, 0.671319 / 1.362070, -2.275381, 0.671319 / 1.362070, -2.275381, 0.671319; 1, 18, 1, 0; 0.516129114602; 1, 0, 1; 1, 0, 0; 2, 1, 2 ;
0,5; 1.364124, -2.268680, 0.667646 / 1.364124, -2.268680, 0.667646 / 1.364124, -2.268680, 0.667646; 1, 18, 1, 0; 0.516129484250; 1, 0, 1; 1, 0, 0; 3, 1, 2 ;
0,5; 1.293053, -1.473809, 0.736376 / 1.293678, -1.473658, 0.736717 / 1.292428, -1.473959, 0.736035; 1, 19, 1, 0; 0.829244178143; 1, 0, 2; 2, 1, 0; 1, 4, 2 / 3, 1, 3 / 3, 5, 2 ;
0,5; 1.279992, -1.340429, 0.747580 / 1.280040, -1.340410, 0.747620 / 1.279944, -1.340448, 0.747541; 1, 19, 1, 0; 0.829471853189; 0, 2, 0; 1, 1, 0; 1, 1, 1 / 2, 1, 1 / 2, 7, 0 ;
0,5; 1.254194, -1.044613, 0.766735 / 1.254194, -1.044613, 0.766735 / 1.254194, -1.044613, 0.766735; 1, 19, 1, 0; 0.770259788906; 1, 0, 1; 0, 1, 0; 4, 1, 2 ;
0,5; 2.071704, -3.972077, 0.769948 / 2.071704, -3.972077, 0.769948 / 2.071704, -3.972077, 0.769948; 1, 19, 1, 0; 0.994702138706; 1, 0, 1; 0, 1, 0; 1, 1, 2 ;
0,5; 2.067514, -3.970079, 0.771158 / 2.067514, -3.970079, 0.771158 / 2.067514, -3.970079, 0.771158; 1, 19, 1, 0; 0.994703404170; 1, 0, 1; 0, 1, 0; 4, 1, 2 ;
0,5; 2.078415, -3.952066, 0.782969 / 2.078415, -3.952066, 0.782969 / 2.078415, -3.952066, 0.782969; 1, 19, 1, 0; 0.994722357205; 1, 0, 1; 0, 1, 0; 1, 1, 2 ;
0,5; 1.230385, -0.806699, 0.794063 / 1.230385, -0.806699, 0.794063 / 1.230385, -0.806699, 0.794063; 1, 19, 1, 0; 0.759985776185; 1, 0, 1; 1, 0, 0; 3, 1, 2 ;
0,5; 1.254077, -1.071054, 0.773167 / 1.254077, -1.071054, 0.773167 / 1.254077, -1.071054, 0.773167; 1, 19, 1, 0; 0.770267114135; 1, 0, 1; 1, 0, 0; 3, 1, 2 ;
0,5; 1.292920, -1.477693, 0.741787 / 1.292920, -1.477693, 0.741787 / 1.292920, -1.477693, 0.741787; 1, 19, 1, 0; 0.829243968437; 1, 0, 1; 1, 0, 0; 3, 1, 2 / 4, 2, 0 / 4, 4, 0 ;
0,5; 1.292755, -1.474265, 0.740263 / 1.292755, -1.474265, 0.740263 / 1.292755, -1.474265, 0.740263; 1, 19, 1, 0; 0.829244069674; 1, 0, 1; 1, 0, 0; 2, 1, 2 / 3, 5, 0 / 3, 10, 0 ;
0,5; 0.969218, -1.322853, 0.709337 / 0.969218, -1.322853, 0.709337 / 0.969218, -1.322853, 0.709337; 1, 19, 1, 0; 0.832502661090; 1, 0, 1; 1, 0, 0; 3, 1, 2 ;
0,5; 0.701814, -1.447981, 0.818709 / 0.701814, -1.447981, 0.818709 / 0.701814, -1.447981, 0.818709; 1, 19, 1, 0; 0.836415077967; 0, 1, 0; 1, 0, 0; 3, 1, 1 ;
0,5; 2.057833, -3.974582, 0.759116 / 2.057833, -3.974582, 0.759116 / 2.057833, -3.974582, 0.759116; 1, 19, 1, 0; 0.994690829074; 1, 0, 1; 1, 0, 0; 2, 1, 2 ;
0,5; 2.079836, -3.967555, 0.767645 / 2.079836, -3.967555, 0.767645 / 2.079836, -3.967555, 0.767645; 1, 19, 1, 0; 0.994699101593; 1, 0, 1; 1, 0, 0; 3, 1, 2 ;
0,5; 2.062246, -3.971874, 0.766384 / 2.062246, -3.971874, 0.766384 / 2.062246, -3.971874, 0.766384; 1, 19, 1, 0; 0.994704062212; 0, 1, 0; 1, 0, 0; 2, 1, 1 ;
0,5; 1.292267, 0.843117, 0.736668 / 1.292345, 0.843387, 0.736997 / 1.292189, 0.842846, 0.736338; 1, 20, 1, 0; 0.832530313285; 0, 2, 0; 1, 1, 0; 1, 2, 1 / 2, 1, 1 ;
0,5; 1.337113, 0.841992, 0.690106 / 1.337113, 0.841992, 0.690106 / 1.337113, 0.841992, 0.690106; 1, 20, 1, 0; 0.832695170700; 1, 0, 1; 0, 1, 0; 4, 1, 2 ;
0,5; 1.301410, 0.842101, 0.730806 / 1.301410, 0.842101, 0.730806 / 1.301410, 0.842101, 0.730806; 1, 20, 1, 0; 0.832519668926; 1, 0, 1; 1, 0, 0; 3, 1, 2 ;
0,5; 1.354295, 0.837687, 0.690168 / 1.354295, 0.837687, 0.690168 / 1.354295, 0.837687, 0.690168; 1, 20, 1, 0; 0.832682537754; 1, 0, 1; 1, 0, 0; 2, 1, 2 ;
0,5; 1.551545, -4.282284, 0.490279 / 1.551694, -4.281459, 0.490441 / 1.551396, -4.283110, 0.490117; 1, 22, 1, 0; 0.000338996863; 2, 1, 1; 2, 0, 0; 2, 1, 2 / 3, 2, 1 ;
0,5; 1.554030, -4.245908, 0.495213 / 1.554030, -4.245908, 0.495213 / 1.554030, -4.245908, 0.495213; 1, 22, 1, 0; 0.000377129644; 0, 1, 0; 1, 0, 0; 3, 1, 1 ;
0,5; 1.552336, -4.225475, 0.496958 / 1.552336, -4.225475, 0.496958 / 1.552336, -4.225475, 0.496958; 1, 22, 1, 0; 0.000389898778; 1, 0, 1; 1, 0, 0; 3, 1, 2 ;
0,5; 0.972299, 0.477008, 0.824058 / 0.972299, 0.477008, 0.824058 / 0.972299, 0.477008, 0.824058; 1, 23, 1, 0; 0.148544832316; 1, 0, 1; 0, 1, 0; 4, 1, 2 ;
0,5; 1.077677, 0.789179, 0.932319 / 1.077677, 0.789179, 0.932319 / 1.077677, 0.789179, 0.932319; 1, 23, 1, 0; 0.573786969830; 0, 1, 0; 0, 1, 0; 4, 1, 1 ;
0,5; 1.074916, 0.790706, 0.930596 / 1.074916, 0.790706, 0.930596 / 1.074916, 0.790706, 0.930596; 1, 23, 1, 0; 0.573787797499; 1, 0, 1; 0, 1, 0; 4, 1, 2 ;
0,5; 0.923809, 0.124212, 0.844167 / 0.924336, 0.124813, 0.845090 / 0.923281, 0.123611, 0.843244; 1, 23, 1, 0; 0.218720978009; 2, 1, 2; 3, 0, 0; 2, 10, 2 / 3, 1, 2 / 3, 9, 1 ;
0,5; 1.205997, -0.495473, 0.815630 / 1.205997, -0.495473, 0.815630 / 1.205997, -0.495473, 0.815630; 1, 23, 1, 0; 0.271990706460; 1, 0, 1; 1, 0, 0; 3, 1, 2 ;
0,5; 1.076209, 0.805049, 0.933661 / 1.076209, 0.805049, 0.933661 / 1.076209, 0.805049, 0.933661; 1, 23, 1, 0; 0.573789223750; 0, 0, 0; 1, 0, 0; 3, 1, 3 ;
0,5; 0.917582, 2.461060, 1.080456 / 0.917582, 2.461060, 1.080456 / 0.917582, 2.461060, 1.080456; 1, 25, 1, 0; 0.876234803480; 1, 0, 1; 0, 1, 0; 4, 1, 2 ;
0,5; 0.901885, 2.618506, 1.090661 / 0.901885, 2.618506, 1.090661 / 0.901885, 2.618506, 1.090661; 1, 25, 1, 0; 0.937285148515; 1, 0, 1; 0, 1, 0; 4, 1, 2 ;
0,5; 0.906790, 2.589916, 1.091659 / 0.906790, 2.589916, 1.091659 / 0.906790, 2.589916, 1.091659; 1, 25, 1, 0; 0.937279482234; 1, 0, 1; 1, 0, 0; 2, 1, 2 ;
0,5; 0.903337, 2.610851, 1.091547 / 0.903337, 2.610851, 1.091547 / 0.903337, 2.610851, 1.091547; 1, 25, 1, 0; 0.937284111268; 0, 1, 0; 1, 0, 0; 3, 1, 1 ;
0,5; 0.861062, 3.032098, 1.125567 / 0.861062, 3.032098, 1.125567 / 0.861062, 3.032098, 1.125567; 1, 25, 1, 0; 0.940100895804; 1, 0, 1; 1, 0, 0; 3, 1, 2 ;
0,5; 0.886736, 2.887123, 1.124888 / 0.886736, 2.887123, 1.124888 / 0.886736, 2.887123, 1.124888; 1, 25, 1, 0; 0.940872135785; 1, 0, 1; 1, 0, 0; 3, 1, 2 ;
0,5; 1.063283, 0.939440, 0.945990 / 1.063378, 0.939732, 0.946542 / 1.063188, 0.939147, 0.945439; 1, 26, 1, 0; 0.244307445030; 0, 3, 0; 2, 1, 0; 1, 9, 0 / 2, 2, 1 / 3, 1, 1 / 3, 2, 0 / 4, 1, 1 ;
0,5; 0.945530, 2.933658, 1.095552 / 0.946032, 2.933868, 1.095961 / 0.945028, 2.933448, 1.095143; 1, 26, 1, 0; 0.436874107411; 2, 1, 1; 1, 1, 0; 2, 1, 1 / 4, 4, 2 ;
0,5; 0.954080, 2.935255, 1.100467 / 0.954172, 2.935308, 1.100506 / 0.953988, 2.935202, 1.100429; 1, 26, 1, 0; 0.436876610518; 0, 2, 0; 1, 1, 0; 1, 9, 0 / 3, 1, 1 / 4, 1, 1 ;
0,5; 0.748658, 4.229218, 1.232824 / 0.748658, 4.230264, 1.233557 / 0.748657, 4.228173, 1.232091; 1, 26, 1, 0; 0.595911636878; 2, 1, 1; 1, 1, 0; 3, 1, 1 / 4, 1, 0 / 4, 9, 2 ;
0,5; 1.064002, 0.931278, 0.944702 / 1.064002, 0.931278, 0.944702 / 1.064002, 0.931278, 0.944702; 1, 26, 1, 0; 0.244307950795; 0, 1, 0; 0, 1, 0; 1, 1, 1 ;
0,5; 1.051660, 0.947888, 0.934420 / 1.051660, 0.947888, 0.934420 / 1.051660, 0.947888, 0.934420; 1, 26, 1, 0; 0.244326458360; 1, 0, 1; 0, 1, 0; 4, 1, 2 ;
0,5; 0.957404, 2.043250, 1.041866 / 0.957404, 2.043250, 1.041866 / 0.957404, 2.043250, 1.041866; 1, 26, 1, 0; 0.313064343577; 0, 1, 0; 0, 1, 0; 4, 1, 1 ;
0,5; 0.970719, 1.910823, 1.026259 / 0.970719, 1.910823, 1.026259 / 0.970719, 1.910823, 1.026259; 1, 26, 1, 0; 0.313921306416; 0, 1, 0; 0, 1, 0; 1, 1, 1 ;
0,5; 0.970843, 1.912883, 1.027051 / 0.970843, 1.912883, 1.027051 / 0.970843, 1.912883, 1.027051; 1, 26, 1, 0; 0.313921409284; 1, 0, 1; 0, 1, 0; 4, 1, 2 ;
0,5; 0.937931, 2.187990, 1.049110 / 0.938732, 2.188710, 1.049637 / 0.937130, 2.187270, 1.048584; 1, 26, 1, 0; 0.375152380952; 1, 0, 2; 2, 0, 0; 2, 1, 2 / 2, 3, 0 / 2, 10, 2 / 4, 5, 0 ;
0,5; 1.058059, 0.943577, 0.938035 / 1.058059, 0.943577, 0.938035 / 1.058059, 0.943577, 0.938035; 1, 26, 1, 0; 0.244310145300; 0, 1, 0; 1, 0, 0; 2, 1, 1 ;
0,5; 1.045426, 0.954360, 0.932893 / 1.045426, 0.954360, 0.932893 / 1.045426, 0.954360, 0.932893; 1, 26, 1, 0; 0.244327332733; 1, 0, 1; 1, 0, 0; 2, 1, 2 ;
0,5; 1.037637, 1.155503, 0.977535 / 1.037637, 1.155503, 0.977535 / 1.037637, 1.155503, 0.977535; 1, 26, 1, 0; 0.245299549955; 1, 0, 1; 1, 0, 0; 2, 1, 2 ;
0,5; 0.955441, 2.033623, 1.038237 / 0.955441, 2.033623, 1.038237 / 0.955441, 2.033623, 1.038237; 1, 26, 1, 0; 0.313066623805; 1, 0, 1; 1, 0, 0; 3, 1, 2 ;
0,5; 0.956884, 2.040948, 1.044634 / 0.956884, 2.040948, 1.044634 / 0.956884, 2.040948, 1.044634; 1, 26, 1, 0; 0.313080262312; 1, 0, 1; 1, 0, 0; 3, 1, 2 ;
0,5; 0.969482, 1.909185, 1.026706 / 0.969482, 1.909185, 1.026706 / 0.969482, 1.909185, 1.026706; 1, 26, 1, 0; 0.313921186404; 1, 0, 1; 1, 0, 0; 3, 1, 2 ;
0,5; 0.945294, 2.176754, 1.055302 / 0.945294, 2.176754, 1.055302 / 0.945294, 2.176754, 1.055302; 1, 26, 1, 0; 0.375163610647; 1, 0, 1; 1, 0, 0; 3, 1, 2 ;
0,5; 0.957765, 2.935238, 1.102624 / 0.957765, 2.935238, 1.102624 / 0.957765, 2.935238, 1.102624; 1, 26, 1, 0; 0.436877716343; 1, 0, 1; 1, 0, 0; 3, 1, 2 ;
0,5; 0.751777, 4.185409, 1.226649 / 0.751777, 4.185409, 1.226649 / 0.751777, 4.185409, 1.226649; 1, 26, 1, 0; 0.595849530667; 1, 0, 1; 1, 0, 0; 1, 2, 0 / 3, 1, 2 ;
0,5; 0.749295, 4.216289, 1.233303 / 0.749295, 4.216289, 1.233303 / 0.749295, 4.216289, 1.233303; 1, 26, 1, 0; 0.595896283914; 1, 0, 1; 1, 0, 0; 3, 1, 2 / 4, 1, 0 ;
0,5; 0.748335, 4.225437, 1.230083 / 0.748335, 4.225437, 1.230083 / 0.748335, 4.225437, 1.230083; 1, 26, 1, 0; 0.595896841113; 1, 0, 1; 1, 0, 0; 3, 1, 2 ;
1,6; -1.73651, 3.8547, -1.38262 / -1.73648, 3.85504, -1.38243 / -1.73655, 3.85437, -1.38282; 1, 7, 1, 0; 0.231724010796; 0, 2, 0; 0, 2, 1; 1, 1, 1 / 1, 9, 0 / 3, 5, 0 / 4, 5, 1 ;
0,6; -1.733218, 3.855078, -1.383929 / -1.732756, 3.855292, -1.383466 / -1.733680, 3.854864, -1.384392; 1, 7, 1, 0; 0.231724159091; 2, 1, 1; 1, 1, 0; 1, 1, 1 / 1, 2, 0 / 1, 4, 0 / 3, 5, 2 ;
0,6; -1.405014, 3.298305, -0.945479 / -1.405014, 3.298305, -0.945479 / -1.405014, 3.298305, -0.945479; 1, 7, 1, 0; 0.748101359098; 1, 0, 1; 0, 1, 0; 4, 1, 2 ;
0,6; -1.735601, 3.854899, -1.383608 / -1.735263, 3.855323, -1.383276 / -1.735940, 3.854475, -1.383941; 1, 7, 1, 0; 0.231724061932; 0, 3, 0; 3, 0, 0; 2, 1, 1 / 3, 4, 1 / 3, 5, 0 / 3, 6, 1 ;
0,6; -1.727119, 3.834795, -1.370700 / -1.726883, 3.835278, -1.369790 / -1.727354, 3.834312, -1.371610; 1, 7, 1, 0; 0.231729738050; 0, 1, 0; 2, 0, 0; 2, 1, 1 / 2, 10, 3 ;
0,6; -1.402125, 3.297322, -0.946617 / -1.402106, 3.297506, -0.946588 / -1.402144, 3.297138, -0.946647; 1, 7, 1, 0; 0.748101231257; 0, 2, 0; 2, 0, 0; 3, 1, 1 / 3, 2, 1 / 4, 5, 0 ;
0,6; -1.785313, 3.920922, -1.446281 / -1.785313, 3.920922, -1.446281 / -1.785313, 3.920922, -1.446281; 1, 7, 1, 0; 0.230798154188; 1, 0, 1; 1, 0, 0; 3, 1, 2 ;
0,6; -1.405913, 3.299325, -0.944654 / -1.405913, 3.299325, -0.944654 / -1.405913, 3.299325, -0.944654; 1, 7, 1, 0; 0.748101430688; 1, 0, 1; 1, 0, 0; 2, 1, 2 / 3, 3, 0 / 4, 5, 0 ;
0,6; -1.407834, 3.311729, -0.949762 / -1.407834, 3.311729, -0.949762 / -1.407834, 3.311729, -0.949762; 1, 7, 1, 0; 0.748109755661; 1, 0, 1; 1, 0, 0; 2, 1, 2 ;
0,6; -1.503571, 3.466565, -1.074060 / -1.503571, 3.466565, -1.074060 / -1.503571, 3.466565, -1.074060; 1, 7, 1, 0; 0.788177546915; 0, 1, 0; 1, 0, 0; 2, 1, 1 ;
0,6; -0.226877, 1.500642, 0.504748 / -0.225824, 1.500784, 0.505175 / -0.227931, 1.500500, 0.504321; 1, 17, 1, 0; 0.892295291659; 2, 2, 1; 2, 1, 0; 1, 1, 2 / 1, 9, 0 / 2, 2, 1 / 2, 3, 0 / 2, 9, 1 / 4, 5, 0 ;
0,6; -1.321810, 3.170088, -0.834715 / -1.321810, 3.170088, -0.834715 / -1.321810, 3.170088, -0.834715; 1, 17, 1, 0; 0.013846711806; 1, 0, 1; 0, 1, 0; 1, 1, 2 / 1, 3, 0 / 3, 2, 0 ;
0,6; -1.119411, 2.833572, -0.568305 / -1.119411, 2.833572, -0.568305 / -1.119411, 2.833572, -0.568305; 1, 17, 1, 0; 0.086713165611; 1, 0, 1; 0, 1, 0; 1, 1, 2 ;
0,6; -1.122809, 2.851278, -0.574476 / -1.122809, 2.851278, -0.574476 / -1.122809, 2.851278, -0.574476; 1, 17, 1, 0; 0.086716318082; 1, 0, 1; 0, 1, 0; 1, 1, 2 ;
0,6; -0.564690, 1.925518, 0.161259 / -0.564690, 1.925518, 0.161259 / -0.564690, 1.925518, 0.161259; 1, 17, 1, 0; 0.607533198586; 1, 0, 1; 0, 1, 0; 1, 1, 2 ;
0,6; -0.355448, 1.488515, 0.504892 / -0.355448, 1.488515, 0.504892 / -0.355448, 1.488515, 0.504892; 1, 17, 1, 0; 0.895047621837; 0, 1, 0; 0, 1, 0; 1, 1, 1 ;
0,6; -0.335267, 1.539432, 0.470700 / -0.335267, 1.539432, 0.470700 / -0.335267, 1.539432, 0.470700; 1, 17, 1, 0; 0.896354153589; 1, 0, 1; 0, 1, 0; 1, 1, 2 ;
0,6; -0.327812, 1.538773, 0.473648 / -0.327812, 1.538773, 0.473648 / -0.327812, 1.538773, 0.473648; 1, 17, 1, 0; 0.896355297406; 1, 0, 1; 0, 1, 0; 1, 1, 2 ;
0,6; -1.269795, 3.082752, -0.764745 / -1.269537, 3.082987, -0.764143 / -1.270053, 3.082518, -0.765347; 1, 17, 1, 0; 0.011737611208; 1, 0, 2; 2, 0, 0; 1, 3, 0 / 2, 1, 2 / 3, 7, 2 ;
0,6; -1.263503, 3.072220, -0.766960 / -1.263503, 3.072220, -0.766960 / -1.263503, 3.072220, -0.766960; 1, 17, 1, 0; 0.011735825738; 1, 0, 1; 1, 0, 0; 3, 1, 2 ;
0,6; -1.257501, 3.062803, -0.749442 / -1.257501, 3.062803, -0.749442 / -1.257501, 3.062803, -0.749442; 1, 17, 1, 0; 0.011746524610; 1, 0, 1; 1, 0, 0; 2, 1, 2 ;
0,6; -1.258113, 3.060447, -0.749516 / -1.258113, 3.060447, -0.749516 / -1.258113, 3.060447, -0.749516; 1, 17, 1, 0; 0.011746594355; 1, 0, 1; 1, 0, 0; 2, 1, 2 ;
0,6; -1.069560, 2.756321, -0.501697 / -1.069560, 2.756321, -0.501697 / -1.069560, 2.756321, -0.501697; 1, 17, 1, 0; 0.097516138977; 1, 0, 1; 1, 0, 0; 3, 1, 2 ;
0,6; -0.350775, 1.483306, 0.496899 / -0.350775, 1.483306, 0.496899 / -0.350775, 1.483306, 0.496899; 1, 17, 1, 0; 0.895035542016; 1, 0, 1; 1, 0, 0; 2, 1, 2 ;
0,6; -0.358361, 1.493814, 0.515671 / -0.358361, 1.493814, 0.515671 / -0.358361, 1.493814, 0.515671; 1, 17, 1, 0; 0.895058934465; 1, 0, 1; 1, 0, 0; 3, 1, 2 ;
0,6; -0.331764, 1.539618, 0.471503 / -0.331764, 1.539618, 0.471503 / -0.331764, 1.539618, 0.471503; 1, 17, 1, 0; 0.896354334926; 1, 0, 1; 1, 0, 0; 3, 1, 2 ;
0,6; 0.380788, 0.358397, 1.425021 / 0.381155, 0.358777, 1.426072 / 0.380421, 0.358016, 1.423970; 1, 23, 1, 0; 0.665693180155; 1, 0, 3; 2, 1, 0; 3, 1, 2 / 3, 10, 2 / 4, 2, 2 ;
0,6; 0.432235, 0.281770, 1.485118 / 0.432271, 0.282004, 1.485332 / 0.432199, 0.281536, 1.484905; 1, 23, 1, 0; 0.683149014409; 2, 1, 1; 1, 1, 0; 2, 1, 1 / 4, 5, 2 ;
0,6; 0.377828, 0.375266, 1.410946 / 0.377828, 0.375266, 1.410946 / 0.377828, 0.375266, 1.410946; 1, 23, 1, 0; 0.665677698312; 0, 1, 0; 0, 1, 0; 1, 1, 1 ;
0,6; 0.453504, 0.248743, 1.518707 / 0.453504, 0.248743, 1.518707 / 0.453504, 0.248743, 1.518707; 1, 23, 1, 0; 0.683031049410; 1, 0, 1; 0, 1, 0; 1, 1, 2 ;
0,6; 0.454545, 0.244077, 1.518380 / 0.454545, 0.244077, 1.518380 / 0.454545, 0.244077, 1.518380; 1, 23, 1, 0; 0.683031175039; 1, 0, 1; 0, 1, 0; 4, 1, 2 ;
0,6; 0.429149, 0.286040, 1.481983 / 0.429149, 0.286040, 1.481983 / 0.429149, 0.286040, 1.481983; 1, 23, 1, 0; 0.683137138837; 1, 0, 1; 0, 1, 0; 1, 1, 2 ;
0,6; 0.436827, 0.276779, 1.490992 / 0.436827, 0.276779, 1.490992 / 0.436827, 0.276779, 1.490992; 1, 23, 1, 0; 0.683148260639; 1, 0, 1; 0, 1, 0; 1, 1, 2 / 4, 6, 0 ;
0,6; 0.432675, 0.282999, 1.485812 / 0.432675, 0.282999, 1.485812 / 0.432675, 0.282999, 1.485812; 1, 23, 1, 0; 0.683149117867; 0, 1, 0; 0, 1, 0; 4, 1, 1 ;
0,6; 0.379380, 0.374702, 1.407747 / 0.379380, 0.374702, 1.407747 / 0.379380, 0.374702, 1.407747; 1, 23, 1, 0; 0.665677823940; 1, 0, 1; 1, 0, 0; 3, 1, 2 ;
0,6; 0.426571, 0.282313, 1.486243 / 0.426571, 0.282313, 1.486243 / 0.426571, 0.282313, 1.486243; 1, 23, 1, 0; 0.683149819908; 1, 0, 1; 1, 0, 0; 3, 1, 2 ;
0,6; -0.186683, 1.298621, 0.666404 / -0.185896, 1.298672, 0.667226 / -0.187469, 1.298570, 0.665582; 1, 25, 1, 0; 0.688399837127; 2, 2, 1; 1, 2, 0; 3, 9, 2 / 4, 1, 1 / 4, 2, 1 ;
0,6; -0.180381, 1.298178, 0.669327 / -0.180381, 1.298178, 0.669327 / -0.180381, 1.298178, 0.669327; 1, 25, 1, 0; 0.688384724187; 1, 0, 1; 0, 1, 0; 1, 1, 2 ;
0,6; -0.183427, 1.300783, 0.667326 / -0.183427, 1.300783, 0.667326 / -0.183427, 1.300783, 0.667326; 1, 25, 1, 0; 0.688384861343; 1, 0, 1; 0, 1, 0; 4, 1, 2 ;
0,6; -0.085005, 1.132172, 0.799844 / -0.085005, 1.132172, 0.799844 / -0.085005, 1.132172, 0.799844; 1, 25, 1, 0; 0.729088783164; 1, 0, 1; 0, 1, 0; 4, 1, 2 ;
0,6; -0.127087, 1.202373, 0.747259 / -0.127087, 1.202373, 0.747259 / -0.127087, 1.202373, 0.747259; 1, 25, 1, 0; 0.730748386267; 1, 0, 1; 1, 0, 0; 2, 1, 2 ;
0,6; -0.265345, 0.687446, 1.339289 / -0.265345, 0.687446, 1.339289 / -0.265345, 0.687446, 1.339289; 1, 26, 1, 0; 0.873923612361; 1, 0, 1; 0, 1, 0; 4, 1, 2 ;
0,6; 0.803975, -0.331480, 1.980660 / 0.803975, -0.331480, 1.980660 / 0.803975, -0.331480, 1.980660; 1, 30, 1, 0; 0.619654410246; 0, 1, 0; 0, 1, 0; 1, 1, 1 / 4, 3, 0 / 4, 4, 0 / 4, 5, 0 ;
0,6; 0.837505, -0.386706, 2.025310 / 0.837505, -0.386706, 2.025310 / 0.837505, -0.386706, 2.025310; 1, 30, 1, 0; 0.617742361899; 0, 1, 0; 1, 0, 0; 3, 1, 1 ;
0,6; 0.848805, -0.413189, 2.042568 / 0.848805, -0.413189, 2.042568 / 0.848805, -0.413189, 2.042568; 1, 30, 1, 0; 0.617765653189; 1, 0, 1; 1, 0, 0; 3, 1, 2 ;
0,6; 1.361403, -1.251010, 2.719112 / 1.361403, -1.251010, 2.719112 / 1.361403, -1.251010, 2.719112; 1, 34, 1, 0; 0.486356677618; 0, 1, 0; 0, 1, 0; 2, 2, 0 / 4, 1, 1 ;
0,6; 1.359889, -1.249082, 2.721063 / 1.360431, -1.248441, 2.721364 / 1.359348, -1.249722, 2.720761; 1, 34, 1, 0; 0.486356802347; 0, 2, 0; 2, 0, 0; 3, 1, 1 / 3, 4, 1 ;
0,6; 1.072693, -0.788567, 2.344660 / 1.072693, -0.788567, 2.344660 / 1.072693, -0.788567, 2.344660; 1, 34, 1, 0; 0.094339185619; 1, 0, 1; 1, 0, 0; 3, 1, 2 ;
0,6; 1.249998, -1.065665, 2.573816 / 1.249998, -1.065665, 2.573816 / 1.249998, -1.065665, 2.573816; 1, 34, 1, 0; 0.582489254594; 1, 0, 1; 1, 0, 0; 2, 1, 2 ;
0,6; 1.256162, -1.073908, 2.584225 / 1.256162, -1.073908, 2.584225 / 1.256162, -1.073908, 2.584225; 1, 34, 1, 0; 0.582509024145; 1, 0, 1; 1, 0, 0; 3, 1, 2 ;
0,6; 1.692124, -1.785329, 3.154207 / 1.692171, -1.785199, 3.154275 / 1.692077, -1.785459, 3.154139; 1, 40, 1, 0; 0.562016548798; 0, 2, 0; 0, 2, 0; 4, 1, 1 / 4, 2, 1 ;
0,6; 1.691892, -1.786754, 3.155783 / 1.692755, -1.786251, 3.156026 / 1.691029, -1.787258, 3.155539; 1, 40, 1, 0; 0.562016721672; 2, 1, 1; 0, 2, 0; 4, 1, 1 / 4, 7, 2 ;
0,6; 1.726553, -1.854403, 3.204313 / 1.726553, -1.854403, 3.204313 / 1.726553, -1.854403, 3.204313; 1, 40, 1, 0; 0.561580292315; 0, 1, 0; 0, 1, 0; 1, 1, 1 ;
0,6; 1.834577, -2.025824, 3.347997 / 1.834577, -2.025824, 3.347997 / 1.834577, -2.025824, 3.347997; 1, 40, 1, 0; 0.611887694484; 1, 0, 1; 0, 1, 0; 1, 1, 2 ;
0,6; 1.835254, -2.027872, 3.350969 / 1.835254, -2.027872, 3.350969 / 1.835254, -2.027872, 3.350969; 1, 40, 1, 0; 0.611887914506; 1, 0, 1; 0, 1, 0; 1, 1, 2 / 2, 6, 0 / 2, 10, 0 / 3, 4, 0 ;
0,6; 1.718190, -1.835385, 3.198880 / 1.718190, -1.835385, 3.198880 / 1.718190, -1.835385, 3.198880; 1, 40, 1, 0; 0.561560521766; 1, 0, 1; 1, 0, 0; 3, 1, 2 ;
0,6; 1.726858, -1.853661, 3.207781 / 1.726858, -1.853661, 3.207781 / 1.726858, -1.853661, 3.207781; 1, 40, 1, 0; 0.561580072293; 0, 1, 0; 1, 0, 0; 2, 1, 1 ;
0,6; 1.726187, -1.852271, 3.202939 / 1.726187, -1.852271, 3.202939 / 1.726187, -1.852271, 3.202939; 1, 40, 1, 0; 0.561580449474; 1, 0, 1; 1, 0, 0; 3, 1, 2 ;
0,6; 1.722548, -1.853694, 3.218683 / 1.722548, -1.853694, 3.218683 / 1.722548, -1.853694, 3.218683; 1, 40, 1, 0; 0.561610293887; 0, 1, 0; 1, 0, 0; 2, 1, 1 / 3, 5, 0 ;
0,6; 1.686074, -1.783151, 3.152863 / 1.686074, -1.783151, 3.152863 / 1.686074, -1.783151, 3.152863; 1, 40, 1, 0; 0.562015857300; 1, 0, 1; 1, 0, 0; 1, 2, 0 / 2, 1, 2 ;
0,6; 1.749131, -1.887053, 3.236725 / 1.749131, -1.887053, 3.236725 / 1.749131, -1.887053, 3.236725; 1, 40, 1, 0; 0.613006333490; 0, 1, 0; 1, 0, 0; 3, 1, 1 ;
0,6; 1.739981, -1.866784, 3.224803 / 1.739981, -1.866784, 3.224803 / 1.739981, -1.866784, 3.224803; 1, 40, 1, 0; 0.613023683797; 1, 0, 1; 1, 0, 0; 2, 1, 2 ;
0,6; 1.715222, -1.858118, 3.228181 / 1.715222, -1.858118, 3.228181 / 1.715222, -1.858118, 3.228181; 1, 40, 1, 0; 0.613081486720; 1, 0, 1; 1, 0, 0; 3, 1, 2 ;
1,7; 0.756213, 0.293104, 0.51803 / 0.756731, 0.293469, 0.518919 / 0.755695, 0.29274, 0.517141; 1, 17, 1, 0; 0.683165987351; 2, 1, 1; 1, 1, 0; 1, 3, 0 / 2, 1, 1 / 4, 8, 2 ;
0,7; -1.062864, 4.283922, 0.092331 / -1.062864, 4.283922, 0.092331 / -1.062864, 4.283922, 0.092331; 1, 17, 1, 0; 0.409917198820; 1, 0, 1; 0, 1, 0; 4, 1, 2 ;
0,7; -0.179136, 2.349054, 0.305878 / -0.179136, 2.349054, 0.305878 / -0.179136, 2.349054, 0.305878; 1, 17, 1, 0; 0.585406027078; 1, 0, 1; 0, 1, 0; 4, 1, 2 ;
0,7; 0.569176, 0.701570, 0.477898 / 0.569176, 0.701570, 0.477898 / 0.569176, 0.701570, 0.477898; 1, 17, 1, 0; 0.786190915584; 0, 1, 0; 0, 1, 0; 4, 1, 1 ;
0,7; 0.564980, 0.701454, 0.489064 / 0.564980, 0.701454, 0.489064 / 0.564980, 0.701454, 0.489064; 1, 17, 1, 0; 0.786191466568; 1, 0, 1; 0, 1, 0; 4, 1, 2 ;
0,7; 0.475522, 0.910747, 0.454685 / 0.475522, 0.910747, 0.454685 / 0.475522, 0.910747, 0.454685; 1, 17, 1, 0; 0.786872762931; 1, 0, 1; 0, 1, 0; 1, 1, 2 ;
0,7; 0.418663, 1.028683, 0.443092 / 0.418663, 1.028683, 0.443092 / 0.418663, 1.028683, 0.443092; 1, 17, 1, 0; 0.871738301683; 1, 0, 1; 0, 1, 0; 4, 1, 2 ;
0,7; 0.320168, 1.248313, 0.419520 / 0.320168, 1.248313, 0.419520 / 0.320168, 1.248313, 0.419520; 1, 17, 1, 0; 0.885106779486; 0, 1, 0; 0, 1, 0; 1, 1, 1 / 2, 1, 0 ;
0,7; 0.320246, 1.254085, 0.422257 / 0.320246, 1.254085, 0.422257 / 0.320246, 1.254085, 0.422257; 1, 17, 1, 0; 0.885107783813; 1, 0, 1; 0, 1, 0; 4, 1, 2 ;
0,7; 0.227674, 1.449897, 0.398497 / 0.227674, 1.449897, 0.398497 / 0.227674, 1.449897, 0.398497; 1, 17, 1, 0; 0.888950011020; 0, 1, 0; 0, 1, 0; 4, 1, 1 ;
0,7; 0.214529, 1.478791, 0.395800 / 0.214529, 1.478791, 0.395800 / 0.214529, 1.478791, 0.395800; 1, 17, 1, 0; 0.889177400411; 1, 0, 1; 0, 1, 0; 4, 1, 2 ;
0,7; 0.178429, 1.557998, 0.386878 / 0.178429, 1.557998, 0.386878 / 0.178429, 1.557998, 0.386878; 1, 17, 1, 0; 0.968119851081; 0, 1, 0; 0, 1, 0; 4, 1, 1 ;
0,7; 0.094210, 1.746435, 0.367140 / 0.094210, 1.746435, 0.367140 / 0.094210, 1.746435, 0.367140; 1, 17, 1, 0; 0.968815800853; 1, 0, 1; 0, 1, 0; 1, 1, 2 ;
0,7; 0.089389, 1.753591, 0.365902 / 0.089389, 1.753591, 0.365902 / 0.089389, 1.753591, 0.365902; 1, 17, 1, 0; 0.968828703665; 0, 1, 0; 0, 1, 0; 1, 1, 1 ;
0,7; -1.054897, 4.266840, 0.095007 / -1.054897, 4.266840, 0.095007 / -1.054897, 4.266840, 0.095007; 1, 17, 1, 0; 0.409910900853; 1, 0, 1; 1, 0, 0; 3, 1, 2 ;
0,7; -0.887820, 3.924901, 0.123768 / -0.887820, 3.924901, 0.123768 / -0.887820, 3.924901, 0.123768; 1, 17, 1, 0; 0.436118945791; 1, 0, 1; 1, 0, 0; 3, 1, 2 ;
0,7; -0.167625, 2.322225, 0.302963 / -0.167625, 2.322225, 0.302963 / -0.167625, 2.322225, 0.302963; 1, 17, 1, 0; 0.585379858780; 1, 0, 1; 1, 0, 0; 2, 1, 2 ;
0,7; -0.193072, 2.366608, 0.299369 / -0.193072, 2.366608, 0.299369 / -0.193072, 2.366608, 0.299369; 1, 17, 1, 0; 0.585420513099; 1, 0, 1; 1, 0, 0; 2, 1, 2 ;
0,7; 0.755397, 0.296079, 0.518739 / 0.755397, 0.296079, 0.518739 / 0.755397, 0.296079, 0.518739; 1, 17, 1, 0; 0.683165199233; 1, 0, 1; 1, 0, 0; 3, 1, 2 ;
0,7; 0.563729, 0.719583, 0.478795 / 0.563729, 0.719583, 0.478795 / 0.563729, 0.719583, 0.478795; 1, 17, 1, 0; 0.786185914872; 1, 0, 1; 1, 0, 0; 3, 1, 2 ;
0,7; 0.572219, 0.704312, 0.486842 / 0.572219, 0.704312, 0.486842 / 0.572219, 0.704312, 0.486842; 1, 17, 1, 0; 0.786190259981; 1, 0, 1; 1, 0, 0; 2, 1, 2 ;
0,7; 0.368507, 1.137032, 0.432497 / 0.368507, 1.137032, 0.432497 / 0.368507, 1.137032, 0.432497; 1, 17, 1, 0; 0.871026582582; 1, 0, 1; 1, 0, 0; 2, 1, 2 ;
0,7; 0.416945, 1.027408, 0.445513 / 0.416945, 1.027408, 0.445513 / 0.416945, 1.027408, 0.445513; 1, 17, 1, 0; 0.871738217989; 1, 0, 1; 1, 0, 0; 3, 1, 2 ;
0,7; 0.414847, 1.020520, 0.439064 / 0.414847, 1.020520, 0.439064 / 0.414847, 1.020520, 0.439064; 1, 17, 1, 0; 0.871738859643; 1, 0, 1; 1, 0, 0; 3, 1, 2 ;
0,7; 0.229029, 1.446521, 0.398488 / 0.229029, 1.446521, 0.398488 / 0.229029, 1.446521, 0.398488; 1, 17, 1, 0; 0.888950080765; 0, 1, 0; 1, 0, 0; 2, 1, 1 ;
0,7; 0.216995, 1.467111, 0.398018 / 0.216995, 1.467111, 0.398018 / 0.216995, 1.467111, 0.398018; 1, 17, 1, 0; 0.888958757034; 1, 0, 1; 1, 0, 0; 2, 1, 2 ;
0,7; 0.204696, 1.493135, 0.395600 / 0.204696, 1.493135, 0.395600 / 0.204696, 1.493135, 0.395600; 1, 17, 1, 0; 0.889179953076; 1, 0, 1; 1, 0, 0; 3, 1, 2 / 4, 10, 0 ;
0,7; 0.206047, 1.498763, 0.400486 / 0.206047, 1.498763, 0.400486 / 0.206047, 1.498763, 0.400486; 1, 17, 1, 0; 0.889181933832; 1, 0, 1; 1, 0, 0; 2, 1, 2 ;
0,7; 0.169084, 1.578520, 0.384673 / 0.169084, 1.578520, 0.384673 / 0.169084, 1.578520, 0.384673; 1, 17, 1, 0; 0.968124635583; 0, 1, 0; 1, 0, 0; 2, 1, 1 ;
0,7; 0.155300, 1.604628, 0.380233 / 0.155300, 1.604628, 0.380233 / 0.155300, 1.604628, 0.380233; 1, 17, 1, 0; 0.968340189260; 1, 0, 1; 1, 0, 0; 2, 3, 0 / 3, 1, 2 ;
0,7; 0.100409, 1.752714, 0.357949 / 0.100409, 1.752714, 0.357949 / 0.100409, 1.752714, 0.357949; 1, 17, 1, 0; 0.968817237599; 1, 0, 1; 1, 0, 0; 2, 1, 2 ;
0,7; 0.089470, 1.758228, 0.371773 / 0.089470, 1.758228, 0.371773 / 0.089470, 1.758228, 0.371773; 1, 17, 1, 0; 0.968826681062; 1, 0, 1; 1, 0, 0; 3, 1, 2 ;
0,7; 1.073217, -0.421355, 0.591085 / 1.073274, -0.420852, 0.591328 / 1.073159, -0.421857, 0.590842; 1, 19, 1, 0; 0.573220844433; 1, 0, 2; 1, 1, 0; 1, 9, 0 / 2, 4, 2 / 4, 1, 2 ;
0,7; 1.073159, -0.414418, 0.596576 / 1.073159, -0.414418, 0.596576 / 1.073159, -0.414418, 0.596576; 1, 19, 1, 0; 0.573235010398; 0, 1, 0; 0, 1, 0; 4, 1, 1 ;
0,7; 1.065117, -0.387844, 0.592829 / 1.065117, -0.387844, 0.592829 / 1.065117, -0.387844, 0.592829; 1, 19, 1, 0; 0.573259321769; 1, 0, 1; 0, 1, 0; 1, 1, 2 ;
0,7; 1.725049, -1.844336, 0.745293 / 1.725049, -1.844336, 0.745293 / 1.725049, -1.844336, 0.745293; 1, 19, 1, 0; 0.847366294693; 1, 0, 1; 0, 1, 0; 4, 1, 2 ;
0,7; 1.718189, -1.840003, 0.742219 / 1.718189, -1.840003, 0.742219 / 1.718189, -1.840003, 0.742219; 1, 19, 1, 0; 0.847368326666; 1, 0, 1; 0, 1, 0; 4, 1, 2 ;
0,7; 1.073687, -0.425302, 0.591284 / 1.073687, -0.425302, 0.591284 / 1.073687, -0.425302, 0.591284; 1, 19, 1, 0; 0.573220960133; 1, 0, 1; 1, 0, 0; 2, 1, 2 ;
0,7; 1.060325, -0.385988, 0.592813 / 1.060325, -0.385988, 0.592813 / 1.060325, -0.385988, 0.592813; 1, 19, 1, 0; 0.573258164774; 1, 0, 1; 1, 0, 0; 3, 1, 2 ;
0,7; 0.899136, -0.009637, 0.542929 / 0.899136, -0.009637, 0.542929 / 0.899136, -0.009637, 0.542929; 1, 19, 1, 0; 0.579719826277; 1, 0, 1; 1, 0, 0; 2, 1, 2 ;
0,7; 0.896628, -0.010942, 0.559071 / 0.896628, -0.010942, 0.559071 / 0.896628, -0.010942, 0.559071; 1, 19, 1, 0; 0.579745215100; 1, 0, 1; 1, 0, 0; 2, 1, 2 / 4, 4, 0 ;
0,7; 1.415229, -1.164067, 0.674616 / 1.415229, -1.164067, 0.674616 / 1.415229, -1.164067, 0.674616; 1, 19, 1, 0; 0.770826413053; 1, 0, 1; 1, 0, 0; 2, 1, 2 ;
0,7; 1.691750, -1.571500, 0.844635 / 1.691750, -1.571500, 0.844635 / 1.691750, -1.571500, 0.844635; 1, 19, 1, 0; 0.849432074233; 1, 0, 1; 1, 0, 0; 2, 1, 2 ;
0,7; 1.733258, -1.862142, 0.747514 / 1.733258, -1.862142, 0.747514 / 1.733258, -1.862142, 0.747514; 1, 19, 1, 0; 0.898629936394; 1, 0, 1; 1, 0, 0; 2, 1, 2 ;
0,7; 2.156791, -2.795096, 0.843335 / 2.156791, -2.795096, 0.843335 / 2.156791, -2.795096, 0.843335; 1, 19, 1, 0; 0.950875910772; 1, 0, 1; 1, 0, 0; 3, 1, 2 / 3, 3, 0 ;
0,7; 2.302385, -3.116133, 0.877916 / 2.302385, -3.116133, 0.877916 / 2.302385, -3.116133, 0.877916; 1, 19, 1, 0; 0.972170914287; 1, 0, 1; 1, 0, 0; 3, 1, 2 ;
0,7; 2.563861, -3.690176, 0.938178 / 2.563861, -3.690176, 0.938178 / 2.563861, -3.690176, 0.938178; 1, 22, 1, 0; 0.059254311675; 1, 0, 1; 0, 1, 0; 1, 1, 2 / 4, 6, 0 ;
0,7; 2.559450, -3.695648, 0.939793 / 2.559450, -3.695648, 0.939793 / 2.559450, -3.695648, 0.939793; 1, 22, 1, 0; 0.059265902119; 1, 0, 1; 1, 0, 0; 2, 1, 2 ;
0,7; 0.058618, 1.901707, 0.401232 / 0.058618, 1.901707, 0.401232 / 0.058618, 1.901707, 0.401232; 1, 25, 1, 0; 0.022992516394; 0, 1, 0; 0, 1, 0; 1, 1, 1 ;
0,7; 0.047211, 1.907862, 0.407640 / 0.047211, 1.907862, 0.407640 / 0.047211, 1.907862, 0.407640; 1, 25, 1, 0; 0.023011118255; 0, 1, 0; 0, 1, 0; 4, 1, 1 ;
1,8; 3.9553, -0.353199, -1.73073 / 3.95597, -0.352485, -1.73063 / 3.95463, -0.353913, -1.73084; 1, 4, 1, 0; 0.944450190807; 1, 0, 2; 1, 1, 0; 1, 9, 2 / 3, 1, 2 / 3, 2, 0 / 4, 5, 0 ;
0,8; 4.110928, -0.434667, -1.849107 / 4.110928, -0.434667, -1.849107 / 4.110928, -0.434667, -1.849107; 1, 4, 1, 0; 0.941975338193; 1, 0, 1; 1, 0, 0; 3, 1, 2 ;
0,8; 4.111826, -0.432936, -1.845169 / 4.111826, -0.432936, -1.845169 / 4.111826, -0.432936, -1.845169; 1, 4, 1, 0; 0.941975781461; 1, 0, 1; 1, 0, 0; 2, 1, 2 ;
0,8; 4.100236, -0.423014, -1.834899 / 4.100236, -0.423014, -1.834899 / 4.100236, -0.423014, -1.834899; 1, 4, 1, 0; 0.941984360707; 1, 0, 1; 1, 0, 0; 2, 1, 2 ;
0,8; 3.956642, -0.352475, -1.731243 / 3.957310, -0.352465, -1.730837 / 3.955974, -0.352485, -1.731649; 1, 4, 1, 0; 0.944450223044; 0, 1, 0; 1, 1, 0; 1, 1, 2 / 2, 10, 1 ;
0,8; 2.930729, 0.048793, -1.166891 / 2.931135, 0.049072, -1.166627 / 2.930324, 0.048513, -1.167156; 1, 11, 1, 0; 0.724027323849; 0, 3, 0; 1, 2, 0; 1, 1, 1 / 1, 2, 1 / 2, 2, 0 / 2, 3, 1 / 4, 6, 0 ;
0,8; 3.199030, 0.041023, -1.179248 / 3.199030, 0.041023, -1.179248 / 3.199030, 0.041023, -1.179248; 1, 11, 1, 0; 0.721632622000; 0, 1, 0; 0, 1, 0; 1, 1, 1 ;
0,8; 3.214325, 0.027931, -1.217713 / 3.214511, 0.028304, -1.217553 / 3.214139, 0.027558, -1.217873; 1, 11, 1, 0; 0.721336994136; 2, 1, 1; 2, 0, 0; 2, 4, 2 / 3, 1, 1 ;
0,8; 3.234871, 0.023983, -1.202183 / 3.234871, 0.023983, -1.202183 / 3.234871, 0.023983, -1.202183; 1, 11, 1, 0; 0.721318701565; 1, 0, 1; 1, 0, 0; 3, 1, 2 ;
0,8; 3.216412, 0.021949, -1.228069 / 3.216412, 0.021949, -1.228069 / 3.216412, 0.021949, -1.228069; 1, 11, 1, 0; 0.721334585262; 1, 0, 1; 1, 0, 0; 2, 1, 2 ;
0,8; 3.209089, 0.024602, -1.225476 / 3.209089, 0.024602, -1.225476 / 3.209089, 0.024602, -1.225476; 1, 11, 1, 0; 0.721335477861; 1, 0, 1; 1, 0, 0; 2, 1, 2 ;
0,8; 3.201693, 0.040345, -1.183306 / 3.201693, 0.040345, -1.183306 / 3.201693, 0.040345, -1.183306; 1, 11, 1, 0; 0.721633371555; 1, 0, 1; 1, 0, 0; 3, 1, 2 ;
0,8; 3.206663, 0.040517, -1.184908 / 3.206663, 0.040517, -1.184908 / 3.206663, 0.040517, -1.184908; 1, 11, 1, 0; 0.721633577539; 1, 0, 1; 1, 0, 0; 3, 1, 2 ;
0,8; 2.666133, 0.317256, -0.790298 / 2.666850, 0.317660, -0.790287 / 2.665417, 0.316853, -0.790310; 1, 12, 1, 0; 0.403507390267; 2, 1, 1; 1, 1, 0; 2, 1, 1 / 4, 4, 2 ;
0,8; 2.336207, 0.489526, -0.550201 / 2.336207, 0.489526, -0.550201 / 2.336207, 0.489526, -0.550201; 1, 12, 1, 0; 0.871376491671; 1, 0, 1; 0, 1, 0; 1, 1, 2 ;
0,8; 2.148497, 0.584493, -0.417221 / 2.148497, 0.584493, -0.417221 / 2.148497, 0.584493, -0.417221; 1, 12, 1, 0; 0.876161518198; 1, 0, 1; 0, 1, 0; 1, 1, 2 ;
0,8; 2.490864, 0.470923, -0.569540 / 2.490864, 0.470923, -0.569540 / 2.490864, 0.470923, -0.569540; 1, 12, 1, 0; 0.869109998032; 1, 0, 1; 1, 0, 0; 3, 1, 2 ;
0,8; 2.350118, 0.483019, -0.557846 / 2.350118, 0.483019, -0.557846 / 2.350118, 0.483019, -0.557846; 1, 12, 1, 0; 0.871372022951; 1, 0, 1; 1, 0, 0; 2, 1, 2 ;
0,8; 2.335827, 0.484917, -0.550530 / 2.335827, 0.484917, -0.550530 / 2.335827, 0.484917, -0.550530; 1, 12, 1, 0; 0.871375524688; 1, 0, 1; 1, 0, 0; 2, 1, 2 ;
0,8; 2.147865, 0.587540, -0.414782 / 2.147865, 0.587540, -0.414782 / 2.147865, 0.587540, -0.414782; 1, 12, 1, 0; 0.876161415205; 1, 0, 1; 1, 0, 0; 3, 1, 2 ;
0,8; 2.141733, 0.594408, -0.416322 / 2.141733, 0.594408, -0.416322 / 2.141733, 0.594408, -0.416322; 1, 12, 1, 0; 0.876162965811; 1, 0, 1; 1, 0, 0; 2, 1, 2 ;
0,8; 2.146214, 0.589479, -0.411150 / 2.146214, 0.589479, -0.411150 / 2.146214, 0.589479, -0.411150; 1, 12, 1, 0; 0.876172057740; 0, 1, 0; 1, 0, 0; 3, 1, 1 ;
0,8; 1.642311, 0.848824, -0.045058 / 1.642311, 0.848824, -0.045058 / 1.642311, 0.848824, -0.045058; 1, 13, 1, 0; 0.933792394346; 1, 0, 1; 0, 1, 0; 1, 1, 2 ;
0,8; 1.638714, 0.848200, -0.042320 / 1.638714, 0.848200, -0.042320 / 1.638714, 0.848200, -0.042320; 1, 13, 1, 0; 0.933793212965; 1, 0, 1; 1, 0, 0; 3, 1, 2 ;
0,8; 1.800226, 0.758363, -0.163816 / 1.800226, 0.758363, -0.163816 / 1.800226, 0.758363, -0.163816; 1, 13, 1, 0; 0.934177921149; 1, 0, 1; 1, 0, 0; 2, 1, 2 ;
0,8; 1.802100, 0.757778, -0.165144 / 1.802100, 0.757778, -0.165144 / 1.802100, 0.757778, -0.165144; 1, 13, 1, 0; 0.934177982699; 1, 0, 1; 1, 0, 0; 3, 1, 2 ;
0,8; 1.216680, 1.069498, 0.260196 / 1.216680, 1.069498, 0.260196 / 1.216680, 1.069498, 0.260196; 1, 16, 1, 0; 0.564725077418; 1, 0, 1; 1, 0, 0; 2, 1, 2 ;
0,8; 1.281655, 1.034745, 0.220680 / 1.281655, 1.034745, 0.220680 / 1.281655, 1.034745, 0.220680; 1, 16, 1, 0; 0.566374693273; 1, 0, 1; 1, 0, 0; 2, 1, 2 ;
0,8; 1.278672, 1.038634, 0.219484 / 1.278672, 1.038634, 0.219484 / 1.278672, 1.038634, 0.219484; 1, 16, 1, 0; 0.566387143179; 0, 1, 0; 1, 0, 0; 2, 1, 1 ;
0,8; 1.322499, 1.014887, 0.194197 / 1.322499, 1.014887, 0.194197 / 1.322499, 1.014887, 0.194197; 1, 16, 1, 0; 0.567233582733; 1, 0, 1; 1, 0, 0; 2, 1, 2 ;
0,8; 0.917944, 1.225814, 0.483977 / 0.918107, 1.226333, 0.484299 / 0.917781, 1.225296, 0.483654; 1, 17, 1, 0; 0.875646793547; 0, 2, 0; 1, 1, 0; 1, 1, 1 / 3, 3, 1 ;
0,8; 1.090554, 1.135777, 0.358267 / 1.091019, 1.135913, 0.358343 / 1.090090, 1.135641, 0.358191; 1, 17, 1, 0; 0.877038783760; 2, 1, 1; 1, 1, 0; 1, 9, 1 / 2, 1, 2 / 3, 4, 0 ;
0,8; 1.090389, 1.137546, 0.359468 / 1.090389, 1.137546, 0.359468 / 1.090389, 1.137546, 0.359468; 1, 17, 1, 0; 0.877038909301; 1, 0, 1; 1, 0, 0; 3, 1, 2 ;
0,8; 1.083527, 1.138305, 0.359889 / 1.083527, 1.138305, 0.359889 / 1.083527, 1.138305, 0.359889; 1, 17, 1, 0; 0.877039104587; 1, 0, 1; 1, 0, 0; 3, 1, 2 ;
0,8; 1.083437, 1.135577, 0.353086 / 1.083437, 1.135577, 0.353086 / 1.083437, 1.135577, 0.353086; 1, 17, 1, 0; 0.877039334745; 1, 0, 1; 1, 0, 0; 2, 1, 2 ;
0,8; 1.081459, 1.140360, 0.355336 / 1.081459, 1.140360, 0.355336 / 1.081459, 1.140360, 0.355336; 1, 17, 1, 0; 0.877040046143; 1, 0, 1; 1, 0, 0; 2, 1, 2 ;
0,8; 1.077057, 1.135600, 0.351988 / 1.077057, 1.135600, 0.351988 / 1.077057, 1.135600, 0.351988; 1, 17, 1, 0; 0.877052042271; 1, 0, 1; 1, 0, 0; 1, 2, 0 / 2, 1, 2 ;
0,8; 1.067482, 1.146670, 0.372579 / 1.067482, 1.146670, 0.372579 / 1.067482, 1.146670, 0.372579; 1, 17, 1, 0; 0.877058640141; 1, 0, 1; 1, 0, 0; 2, 1, 2 / 3, 4, 0 ;
0,8; 0.329223, 1.600535, 0.810474 / 0.329282, 1.600860, 0.810498 / 0.329165, 1.600210, 0.810451; 1, 25, 1, 0; 0.669486091466; 2, 1, 1; 1, 1, 0; 3, 1, 2 / 4, 3, 1 ;
0,8; 0.340008, 1.733317, 0.706422 / 0.340008, 1.733317, 0.706422 / 0.340008, 1.733317, 0.706422; 1, 25, 1, 0; 0.669397265441; 1, 0, 1; 1, 0, 0; 1, 2, 0 / 2, 1, 2 ;
0,8; 0.326183, 1.627984, 0.789525 / 0.326183, 1.627984, 0.789525 / 0.326183, 1.627984, 0.789525; 1, 25, 1, 0; 0.669524263855; 1, 0, 1; 1, 0, 0; 2, 1, 2 ;
0,8; -0.715904, 1.640104, 1.318511 / -0.715749, 1.640285, 1.318516 / -0.716060, 1.639922, 1.318505; 1, 26, 1, 0; 0.653401954481; 2, 1, 1; 0, 2, 0; 4, 1, 1 / 4, 2, 2 ;
0,8; -0.719050, 1.634860, 1.314089 / -0.718426, 1.634989, 1.314437 / -0.719675, 1.634732, 1.313741; 1, 26, 1, 0; 0.653401422999; 2, 1, 1; 2, 0, 0; 3, 1, 2 / 3, 9, 1 ;
0,8; -0.716163, 1.638479, 1.317786 / -0.716163, 1.638479, 1.317786 / -0.716163, 1.638479, 1.317786; 1, 26, 1, 0; 0.653401825897; 0, 1, 0; 1, 0, 0; 2, 1, 1 ;
0,8; -0.728361, 1.639544, 1.316820 / -0.728361, 1.639544, 1.316820 / -0.728361, 1.639544, 1.316820; 1, 26, 1, 0; 0.653417238867; 0, 1, 0; 1, 0, 0; 3, 1, 1 ;
0,8; -0.427406, 1.881927, 1.303638 / -0.427390, 1.882334, 1.304306 / -0.427421, 1.881520, 1.302971; 1, 29, 1, 0; 0.244723056721; 2, 1, 1; 1, 1, 0; 1, 4, 0 / 2, 9, 0 / 3, 1, 2 / 3, 6, 0 / 4, 2, 0 / 4, 6, 1 ;
0,8; -0.408866, 1.904568, 1.361267 / -0.408866, 1.904568, 1.361267 / -0.408866, 1.904568, 1.361267; 1, 29, 1, 0; 0.244895914916; 0, 1, 0; 0, 1, 0; 4, 1, 1 ;
0,8; -0.404195, 1.903174, 1.388926 / -0.404195, 1.903174, 1.388926 / -0.404195, 1.903174, 1.388926; 1, 29, 1, 0; 0.244929376054; 0, 1, 0; 0, 1, 0; 1, 1, 1 ;
0,8; -1.079473, 2.263994, 1.942336 / -1.079473, 2.263994, 1.942336 / -1.079473, 2.263994, 1.942336; 1, 29, 1, 0; 0.738441499994; 0, 1, 0; 0, 1, 0; 1, 1, 1 ;
0,8; -1.075228, 2.259775, 1.937689 / -1.075207, 2.260199, 1.937690 / -1.075249, 2.259350, 1.937688; 1, 29, 1, 0; 0.738439941397; 0, 2, 0; 2, 0, 0; 3, 1, 1 / 3, 2, 1 ;
0,8; -0.426578, 1.884333, 1.336651 / -0.426578, 1.884333, 1.336651 / -0.426578, 1.884333, 1.336651; 1, 29, 1, 0; 0.244757667325; 1, 0, 1; 1, 0, 0; 3, 1, 2 ;
0,8; -0.409161, 1.909717, 1.363852 / -0.409161, 1.909717, 1.363852 / -0.409161, 1.909717, 1.363852; 1, 29, 1, 0; 0.244897229983; 1, 0, 1; 1, 0, 0; 3, 1, 2 ;
0,8; -0.394769, 1.909872, 1.386262 / -0.394769, 1.909872, 1.386262 / -0.394769, 1.909872, 1.386262; 1, 29, 1, 0; 0.244925236030; 1, 0, 1; 1, 0, 0; 3, 1, 2 ;
0,8; -0.408365, 1.905502, 1.386090 / -0.408365, 1.905502, 1.386090 / -0.408365, 1.905502, 1.386090; 1, 29, 1, 0; 0.244930876205; 1, 0, 1; 1, 0, 0; 2, 1, 2 / 2, 5, 0 / 2, 7, 0 ;
0,8; -0.409952, 1.909092, 1.388448 / -0.409952, 1.909092, 1.388448 / -0.409952, 1.909092, 1.388448; 1, 29, 1, 0; 0.244932152306; 1, 0, 1; 1, 0, 0; 3, 1, 2 ;
0,8; -0.412686, 1.907584, 1.409680 / -0.412686, 1.907584, 1.409680 / -0.412686, 1.907584, 1.409680; 1, 29, 1, 0; 0.244966889546; 1, 0, 1; 1, 0, 0; 3, 1, 2 ;
0,8; -0.719367, 2.074179, 1.677742 / -0.719367, 2.074179, 1.677742 / -0.719367, 2.074179, 1.677742; 1, 29, 1, 0; 0.332561389256; 1, 0, 1; 1, 0, 0; 3, 1, 2 ;
0,8; -1.078239, 2.261157, 1.941333 / -1.078239, 2.261157, 1.941333 / -1.078239, 2.261157, 1.941333; 1, 29, 1, 0; 0.738440292081; 1, 0, 1; 1, 0, 0; 2, 1, 2 ;
0,8; -1.543067, 2.501663, 2.279427 / -1.543067, 2.501663, 2.279427 / -1.543067, 2.501663, 2.279427; 1, 31, 1, 0; 0.374612299347; 1, 0, 1; 0, 1, 0; 4, 1, 2 ;
0,8; -1.539286, 2.502581, 2.273857 / -1.539286, 2.502581, 2.273857 / -1.539286, 2.502581, 2.273857; 1, 31, 1, 0; 0.374593539461; 1, 0, 1; 1, 0, 0; 3, 1, 2 ;
0,8; -2.035553, 2.757423, 2.639216 / -2.035024, 2.757556, 2.640111 / -2.036081, 2.757290, 2.638321; 1, 37, 1, 0; 0.382432600403; 2, 3, 1; 2, 2, 0; 1, 4, 1 / 1, 6, 1 / 2, 1, 2 / 2, 4, 1 / 2, 8, 0 / 4, 1, 0 ;
0,8; -2.028871, 2.754245, 2.631818 / -2.028462, 2.754688, 2.632059 / -2.029281, 2.753802, 2.631577; 1, 37, 1, 0; 0.382429799102; 2, 2, 1; 1, 2, 0; 2, 7, 1 / 4, 1, 2 / 4, 2, 1 ;
0,8; -2.047781, 2.767744, 2.647736 / -2.047703, 2.767748, 2.647763 / -2.047858, 2.767739, 2.647710; 1, 37, 1, 0; 0.382466537470; 2, 1, 1; 1, 1, 0; 1, 1, 2 / 2, 1, 1 ;
0,8; -1.737091, 2.601949, 2.421082 / -1.737091, 2.601949, 2.421082 / -1.737091, 2.601949, 2.421082; 1, 37, 1, 0; 0.265282778278; 1, 0, 1; 0, 1, 0; 1, 1, 2 ;
0,8; -1.730282, 2.599471, 2.414979 / -1.730282, 2.599471, 2.414979 / -1.730282, 2.599471, 2.414979; 1, 37, 1, 0; 0.265280344361; 1, 0, 1; 1, 0, 0; 3, 1, 2 ;
0,8; -1.739108, 2.600764, 2.421145 / -1.739108, 2.600764, 2.421145 / -1.739108, 2.600764, 2.421145; 1, 37, 1, 0; 0.265282931354; 1, 0, 1; 1, 0, 0; 2, 1, 2 ;
0,8; -1.733642, 2.607486, 2.421410 / -1.733642, 2.607486, 2.421410 / -1.733642, 2.607486, 2.421410; 1, 37, 1, 0; 0.265285181579; 1, 0, 1; 1, 0, 0; 3, 1, 2 ;
0,8; -1.957055, 2.721950, 2.575566 / -1.957055, 2.721950, 2.575566 / -1.957055, 2.721950, 2.575566; 1, 37, 1, 0; 0.380136513651; 1, 0, 1; 1, 0, 0; 3, 1, 2 ;
0,8; -2.044239, 2.760554, 2.645843 / -2.044239, 2.760554, 2.645843 / -2.044239, 2.760554, 2.645843; 1, 37, 1, 0; 0.382464103553; 1, 0, 1; 1, 0, 0; 3, 1, 2 ;
1,9; -1.21542, 3.10526, -1.08825 / -1.21498, 3.10541, -1.08777 / -1.21585, 3.10511, -1.08873; 1, 7, 1, 0; 0.748759497270; 1, 0, 2; 1, 1, 0; 1, 1, 2 / 3, 5, 2 ;
0,9; -1.557915, 4.009957, -1.631038 / -1.557915, 4.009957, -1.631038 / -1.557915, 4.009957, -1.631038; 1, 7, 1, 0; 0.147474030483; 1, 0, 1; 0, 1, 0; 4, 1, 2 ;
0,9; -1.167027, 2.973341, -1.013121 / -1.167027, 2.973341, -1.013121 / -1.167027, 2.973341, -1.013121; 1, 7, 1, 0; 0.718854303776; 1, 0, 1; 0, 1, 0; 1, 1, 2 ;
0,9; -1.221796, 3.120734, -1.097227 / -1.221796, 3.120734, -1.097227 / -1.221796, 3.120734, -1.097227; 1, 7, 1, 0; 0.748754874558; 0, 1, 0; 0, 1, 0; 1, 1, 1 ;
0,9; -1.464336, 3.761473, -1.482191 / -1.464212, 3.762042, -1.481966 / -1.464460, 3.760905, -1.482415; 1, 7, 1, 0; 0.228461250525; 1, 0, 1; 2, 0, 0; 2, 1, 2 / 2, 4, 3 ;
0,9; -1.554451, 3.998960, -1.628755 / -1.554451, 3.998960, -1.628755 / -1.554451, 3.998960, -1.628755; 1, 7, 1, 0; 0.147475585024; 1, 0, 1; 1, 0, 0; 2, 1, 2 ;
0,9; -1.558293, 4.014038, -1.629426 / -1.558293, 4.014038, -1.629426 / -1.558293, 4.014038, -1.629426; 1, 7, 1, 0; 0.147482815682; 1, 0, 1; 1, 0, 0; 1, 5, 0 / 1, 8, 0 / 2, 1, 2 ;
0,9; -1.558635, 4.009359, -1.626588 / -1.558635, 4.009359, -1.626588 / -1.558635, 4.009359, -1.626588; 1, 7, 1, 0; 0.147483020226; 1, 0, 1; 1, 0, 0; 2, 1, 2 ;
0,9; -1.552326, 4.001726, -1.626380 / -1.552326, 4.001726, -1.626380 / -1.552326, 4.001726, -1.626380; 1, 7, 1, 0; 0.147484380449; 1, 0, 1; 1, 0, 0; 3, 1, 2 ;
0,9; -1.554990, 4.000750, -1.626754 / -1.554990, 4.000750, -1.626754 / -1.554990, 4.000750, -1.626754; 1, 7, 1, 0; 0.147484462267; 0, 1, 0; 1, 0, 0; 3, 1, 1 ;
0,9; -1.157175, 2.950658, -0.995257 / -1.157175, 2.950658, -0.995257 / -1.157175, 2.950658, -0.995257; 1, 7, 1, 0; 0.719356011213; 0, 1, 0; 1, 0, 0; 2, 1, 1 ;
0,9; -0.790197, 1.989305, -0.410935 / -0.790197, 1.989305, -0.410935 / -0.790197, 1.989305, -0.410935; 1, 13, 1, 0; 0.477385580968; 1, 0, 1; 1, 0, 0; 2, 1, 2 ;
0,9; -0.444005, 1.069325, 0.132528 / -0.443339, 1.069487, 0.132688 / -0.444670, 1.069164, 0.132367; 1, 16, 1, 0; 0.550610761969; 0, 2, 0; 1, 1, 0; 3, 5, 1 / 4, 1, 1 ;
0,9; -0.454740, 1.098739, 0.115252 / -0.454740, 1.098739, 0.115252 / -0.454740, 1.098739, 0.115252; 1, 16, 1, 0; 0.548362057188; 1, 0, 1; 0, 1, 0; 4, 1, 2 ;
0,9; -0.453145, 1.101437, 0.118228 / -0.453145, 1.101437, 0.118228 / -0.453145, 1.101437, 0.118228; 1, 16, 1, 0; 0.548362746989; 1, 0, 1; 1, 0, 0; 2, 1, 2 ;
0,9; -0.455309, 1.099953, 0.114450 / -0.455309, 1.099953, 0.114450 / -0.455309, 1.099953, 0.114450; 1, 16, 1, 0; 0.548362887628; 0, 1, 0; 1, 0, 0; 3, 1, 1 ;
0,9; -0.444701, 1.070287, 0.132396 / -0.444670, 1.071087, 0.132425 / -0.444732, 1.069487, 0.132367; 1, 16, 1, 0; 0.550610788757; 0, 1, 0; 2, 0, 0; 3, 1, 1 / 3, 8, 1 ;
0,9; -0.282171, 0.634910, 0.396118 / -0.282171, 0.634910, 0.396118 / -0.282171, 0.634910, 0.396118; 1, 17, 1, 0; 0.790403300051; 1, 0, 1; 0, 1, 0; 1, 1, 2 ;
0,9; -1.017643, 2.598328, -0.788986 / -1.017643, 2.598328, -0.788986 / -1.017643, 2.598328, -0.788986; 1, 17, 1, 0; 0.005323951246; 1, 0, 1; 1, 0, 0; 1, 9, 0 / 2, 1, 2 ;
0,9; -1.038109, 2.620093, -0.797830 / -1.038109, 2.620093, -0.797830 / -1.038109, 2.620093, -0.797830; 1, 17, 1, 0; 0.005344065683; 1, 0, 1; 1, 0, 0; 2, 1, 2 ;
0,9; -1.031741, 2.622426, -0.797949 / -1.031741, 2.622426, -0.797949 / -1.031741, 2.622426, -0.797949; 1, 17, 1, 0; 0.005344260969; 1, 0, 1; 1, 0, 0; 2, 1, 2 ;
0,9; -1.097374, 2.798212, -0.902950 / -1.097374, 2.798212, -0.902950 / -1.097374, 2.798212, -0.902950; 1, 17, 1, 0; 0.006461002820; 1, 0, 1; 1, 0, 0; 2, 1, 2 ;
0,9; -0.510779, 1.252902, 0.029148 / -0.510779, 1.252902, 0.029148 / -0.510779, 1.252902, 0.029148; 1, 17, 1, 0; 0.660331553443; 1, 0, 1; 1, 0, 0; 2, 1, 2 ;
0,9; -0.516257, 1.264428, 0.016644 / -0.516257, 1.264428, 0.016644 / -0.516257, 1.264428, 0.016644; 1, 17, 1, 0; 0.660339790319; 1, 0, 1; 1, 0, 0; 2, 1, 2 ;
0,9; -0.524589, 1.267862, 0.006321 / -0.524589, 1.267862, 0.006321 / -0.524589, 1.267862, 0.006321; 1, 17, 1, 0; 0.660351451671; 1, 0, 1; 1, 0, 0; 2, 1, 2 ;
0,9; -0.275676, 0.629772, 0.396785 / -0.275676, 0.629772, 0.396785 / -0.275676, 0.629772, 0.396785; 1, 17, 1, 0; 0.790403599954; 1, 0, 1; 1, 0, 0; 3, 1, 2 ;
0,9; -0.186042, -0.491108, 0.539648 / -0.186042, -0.491108, 0.539648 / -0.186042, -0.491108, 0.539648; 1, 23, 1, 0; 0.071614582641; 1, 0, 1; 0, 1, 0; 1, 1, 2 ;
0,9; 0.442311, -1.279441, 1.541072 / 0.442311, -1.279441, 1.541072 / 0.442311, -1.279441, 1.541072; 1, 23, 1, 0; 0.962045480410; 0, 0, 0; 0, 1, 0; 1, 1, 3 ;
0,9; -0.184316, -0.494896, 0.536384 / -0.184316, -0.494896, 0.536384 / -0.184316, -0.494896, 0.536384; 1, 23, 1, 0; 0.071613599784; 0, 1, 0; 1, 0, 0; 2, 1, 1 ;
0,9; -0.177345, -0.479681, 0.543208 / -0.177345, -0.479681, 0.543208 / -0.177345, -0.479681, 0.543208; 1, 23, 1, 0; 0.071618994412; 1, 0, 1; 1, 0, 0; 2, 1, 2 ;
0,9; -0.170839, -0.485598, 0.543150 / -0.170839, -0.485598, 0.543150 / -0.170839, -0.485598, 0.543150; 1, 23, 1, 0; 0.071621144873; 1, 0, 1; 1, 0, 0; 2, 1, 2 ;
0,9; -0.177840, -0.479211, 0.549271 / -0.177840, -0.479211, 0.549271 / -0.177840, -0.479211, 0.549271; 1, 23, 1, 0; 0.071632052368; 1, 0, 1; 1, 0, 0; 3, 1, 2 ;
0,9; -0.178228, -0.503961, 0.567906 / -0.178228, -0.503961, 0.567906 / -0.178228, -0.503961, 0.567906; 1, 23, 1, 0; 0.071651702116; 1, 0, 1; 1, 0, 0; 2, 1, 2 ;
0,9; 0.006379, -0.137573, 0.754076 / 0.006379, -0.137573, 0.754076 / 0.006379, -0.137573, 0.754076; 1, 23, 1, 0; 0.232299013153; 1, 0, 1; 1, 0, 0; 3, 1, 2 ;
0,9; -0.030855, -0.026108, 0.790411 / -0.030855, -0.026108, 0.790411 / -0.030855, -0.026108, 0.790411; 1, 23, 1, 0; 0.238153182313; 1, 0, 1; 1, 0, 0; 2, 1, 2 ;
0,9; 0.387780, -1.135358, 1.453120 / 0.387780, -1.135358, 1.453120 / 0.387780, -1.135358, 1.453120; 1, 23, 1, 0; 0.895534408121; 1, 0, 1; 1, 0, 0; 3, 1, 2 ;
0,9; 0.523956, -1.498257, 1.669573 / 0.524283, -1.497989, 1.670390 / 0.523629, -1.498524, 1.668755; 1, 27, 1, 0; 0.907282826497; 1, 0, 2; 1, 1, 0; 1, 7, 2 / 3, 1, 2 ;
0,9; 0.544719, -1.423832, 1.663401 / 0.544820, -1.423419, 1.663725 / 0.544619, -1.424246, 1.663077; 1, 27, 1, 0; 0.909361316154; 2, 1, 1; 1, 1, 0; 1, 3, 1 / 1, 4, 0 / 2, 1, 2 ;
0,9; 0.535671, -1.425981, 1.670122 / 0.535933, -1.425715, 1.670755 / 0.535409, -1.426247, 1.669490; 1, 27, 1, 0; 0.909376749617; 2, 1, 1; 1, 1, 0; 2, 3, 2 / 4, 1, 1 ;
0,9; 0.481234, -1.375176, 1.592889 / 0.481234, -1.375176, 1.592889 / 0.481234, -1.375176, 1.592889; 1, 27, 1, 0; 0.906258177157; 1, 0, 1; 0, 1, 0; 4, 1, 2 ;
0,9; 0.475130, -1.366393, 1.594751 / 0.475130, -1.366393, 1.594751 / 0.475130, -1.366393, 1.594751; 1, 27, 1, 0; 0.906260718706; 0, 0, 0; 0, 1, 0; 1, 1, 3 / 1, 4, 0 / 1, 5, 0 / 2, 5, 0 / 2, 6, 0 / 4, 10, 0 ;
0,9; 0.509656, -1.458328, 1.647164 / 0.509656, -1.458328, 1.647164 / 0.509656, -1.458328, 1.647164; 1, 27, 1, 0; 0.908937733896; 0, 1, 0; 0, 1, 0; 4, 1, 1 ;
0,9; 0.555483, -1.425769, 1.663001 / 0.555483, -1.425769, 1.663001 / 0.555483, -1.425769, 1.663001; 1, 27, 1, 0; 0.909344731627; 1, 0, 1; 0, 1, 0; 1, 1, 2 ;
0,9; 0.568776, -1.613770, 1.741672 / 0.568776, -1.613770, 1.741672 / 0.568776, -1.613770, 1.741672; 1, 27, 1, 0; 0.998151216628; 0, 1, 0; 0, 1, 0; 1, 1, 1 / 1, 8, 0 ;
0,9; 0.604885, -1.709226, 1.798922 / 0.604885, -1.709226, 1.798922 / 0.604885, -1.709226, 1.798922; 1, 27, 1, 0; 0.999154981067; 0, 1, 0; 0, 1, 0; 4, 1, 1 ;
0,9; 0.486779, -1.375800, 1.599258 / 0.486779, -1.375800, 1.599258 / 0.486779, -1.375800, 1.599258; 1, 27, 1, 0; 0.906256906383; 1, 0, 1; 1, 0, 0; 3, 1, 2 ;
0,9; 0.509620, -1.439153, 1.642295 / 0.509620, -1.439153, 1.642295 / 0.509620, -1.439153, 1.642295; 1, 27, 1, 0; 0.908932604756; 1, 0, 1; 1, 0, 0; 3, 1, 2 ;
0,9; 0.512109, -1.464179, 1.651615 / 0.512109, -1.464179, 1.651615 / 0.512109, -1.464179, 1.651615; 1, 27, 1, 0; 0.908938562662; 1, 0, 1; 1, 0, 0; 2, 1, 2 ;
0,9; 0.511961, -1.463536, 1.643511 / 0.511961, -1.463536, 1.643511 / 0.511961, -1.463536, 1.643511; 1, 27, 1, 0; 0.908939124381; 1, 0, 1; 1, 0, 0; 1, 7, 0 / 1, 8, 0 / 2, 1, 2 ;
0,9; 0.564679, -1.610943, 1.748488 / 0.564679, -1.610943, 1.748488 / 0.564679, -1.610943, 1.748488; 1, 27, 1, 0; 0.998151769139; 1, 0, 1; 1, 0, 0; 3, 1, 2 ;
0,9; 0.956946, -2.639688, 2.356242 / 0.956946, -2.639688, 2.356242 / 0.956946, -2.639688, 2.356242; 1, 32, 1, 0; 0.902533862532; 1, 0, 1; 1, 0, 0; 3, 1, 2 ;
0,9; 0.953708, -2.639733, 2.356685 / 0.953708, -2.639733, 2.356685 / 0.953708, -2.639733, 2.356685; 1, 32, 1, 0; 0.902534093863; 1, 0, 1; 1, 0, 0; 3, 1, 2 ;
0,9; 1.090988, -2.989360, 2.567243 / 1.090988, -2.989360, 2.567243 / 1.090988, -2.989360, 2.567243; 1, 33, 1, 0; 0.892587877835; 1, 0, 1; 0, 1, 0; 1, 1, 2 / 2, 2, 0 ;
0,9; 1.119206, -3.076738, 2.618230 / 1.119206, -3.076738, 2.618230 / 1.119206, -3.076738, 2.618230; 1, 33, 1, 0; 0.890205166775; 1, 0, 1; 1, 0, 0; 2, 1, 2 ;
