1,0; 3.45233, -0.255766, -2.69473 / 3.45264, -0.255353, -2.6939 / 3.45203, -0.256179, -2.69556; 1, 3, 1, 0; 0.646707475509; 1, 0, 3; 2, 1, 0; 2, 4, 0 / 3, 2, 2 / 3, 7, 2 / 4, 1, 2 / 4, 7, 0 ;
0,0; 3.450898, -0.251199, -2.693240 / 3.450898, -0.251199, -2.693240 / 3.450898, -0.251199, -2.693240; 1, 3, 1, 0; 0.646708192797; 1, 0, 1; 1, 0, 0; 2, 1, 2 ;
0,0; 2.578708, 0.211720, -2.225104 / 2.578708, 0.211720, -2.225104 / 2.578708, 0.211720, -2.225104; 1, 4, 1, 0; 0.488268604150; 0, 1, 0; 0, 1, 0; 1, 1, 1 ;
0,0; 2.857392, 0.062376, -2.378660 / 2.857392, 0.062376, -2.378660 / 2.857392, 0.062376, -2.378660; 1, 4, 1, 0; 0.489446362585; 1, 0, 1; 0, 1, 0; 4, 1, 2 ;
0,0; 1.975017, 0.535279, -1.886958 / 1.975017, 0.535279, -1.886958 / 1.975017, 0.535279, -1.886958; 1, 4, 1, 0; 0.635695116398; 1, 0, 1; 0, 1, 0; 1, 1, 2 ;
0,0; 2.853612, 0.064718, -2.388413 / 2.853612, 0.064718, -2.388413 / 2.853612, 0.064718, -2.388413; 1, 4, 1, 0; 0.489438593310; 1, 0, 1; 1, 0, 0; 3, 1, 2 ;
0,0; 2.849414, 0.063724, -2.373883 / 2.849414, 0.063724, -2.373883 / 2.849414, 0.063724, -2.373883; 1, 4, 1, 0; 0.489445758129; 0, 1, 0; 1, 0, 0; 3, 1, 1 ;
0,0; 2.857112, 0.062362, -2.380325 / 2.857112, 0.062362, -2.380325 / 2.857112, 0.062362, -2.380325; 1, 4, 1, 0; 0.489446402882; 1, 0, 1; 1, 0, 0; 2, 1, 2 ;
0,0; 0.533133, 1.301303, -1.108720 / 0.533587, 1.302041, -1.108245 / 0.532678, 1.300565, -1.109195; 1, 7, 1, 0; 0.545047490184; 2, 1, 1; 1, 1, 0; 2, 1, 2 / 3, 10, 0 / 4, 10, 1 ;
0,0; -0.163624, 1.671310, -0.728115 / -0.163624, 1.671310, -0.728115 / -0.163624, 1.671310, -0.728115; 1, 7, 1, 0; 0.938904504178; 0, 1, 0; 0, 1, 0; 4, 1, 1 ;
0,0; -0.069957, 1.377107, -0.806807 / -0.069957, 1.377107, -0.806807 / -0.069957, 1.377107, -0.806807; 1, 7, 1, 0; 0.988705359380; 0, 1, 0; 0, 1, 0; 1, 1, 1 ;
0,0; -0.092113, 1.361108, -0.804942 / -0.092113, 1.361108, -0.804942 / -0.092113, 1.361108, -0.804942; 1, 7, 1, 0; 0.988721492850; 1, 0, 1; 0, 1, 0; 1, 1, 2 ;
0,0; -0.086823, 1.365000, -0.805687 / -0.086823, 1.365000, -0.805687 / -0.086823, 1.365000, -0.805687; 1, 7, 1, 0; 0.988721968416; 0, 1, 0; 0, 1, 0; 4, 1, 1 ;
0,0; 0.538472, 1.300667, -1.108426 / 0.538472, 1.300667, -1.108426 / 0.538472, 1.300667, -1.108426; 1, 7, 1, 0; 0.545048052683; 1, 0, 1; 1, 0, 0; 3, 1, 2 ;
0,0; 0.639447, 1.248781, -1.161142 / 0.639447, 1.248781, -1.161142 / 0.639447, 1.248781, -1.161142; 1, 7, 1, 0; 0.546969162829; 1, 0, 1; 1, 0, 0; 3, 1, 2 ;
0,0; 0.025149, 1.571602, -0.830396 / 0.025149, 1.571602, -0.830396 / 0.025149, 1.571602, -0.830396; 1, 7, 1, 0; 0.935270801948; 1, 0, 1; 1, 0, 0; 3, 1, 2 ;
0,0; -0.089818, 1.620379, -0.773291 / -0.089818, 1.620379, -0.773291 / -0.089818, 1.620379, -0.773291; 1, 7, 1, 0; 0.937690167839; 1, 0, 1; 1, 0, 0; 3, 1, 2 ;
0,0; -0.109184, 1.288186, -0.816099 / -0.109184, 1.288186, -0.816099 / -0.109184, 1.288186, -0.816099; 1, 7, 1, 0; 0.987551164320; 1, 0, 1; 1, 0, 0; 2, 1, 2 ;
0,0; -0.062757, 1.375467, -0.810241 / -0.062757, 1.375467, -0.810241 / -0.062757, 1.375467, -0.810241; 1, 7, 1, 0; 0.988704965631; 1, 0, 1; 1, 0, 0; 2, 1, 2 ;
0,0; 1.146895, 0.973455, -1.442987 / 1.147073, 0.974801, -1.442753 / 1.146716, 0.972110, -1.443222; 1, 11, 1, 0; 0.291882847439; 2, 1, 1; 1, 1, 0; 1, 9, 2 / 2, 1, 1 ;
0,0; 1.134590, 0.985918, -1.433982 / 1.135117, 0.985968, -1.433776 / 1.134063, 0.985868, -1.434187; 1, 11, 1, 0; 0.291896293652; 1, 0, 2; 1, 1, 0; 2, 7, 2 / 4, 1, 2 ;
0,0; 1.572756, 0.748954, -1.679937 / 1.572756, 0.748954, -1.679937 / 1.572756, 0.748954, -1.679937; 1, 11, 1, 0; 0.075575366309; 1, 0, 1; 0, 1, 0; 1, 1, 2 ;
0,0; 1.574219, 0.750202, -1.675023 / 1.574219, 0.750202, -1.675023 / 1.574219, 0.750202, -1.675023; 1, 11, 1, 0; 0.075576361901; 1, 0, 1; 0, 1, 0; 4, 1, 2 ;
0,0; 1.649346, 0.708385, -1.717359 / 1.649346, 0.708385, -1.717359 / 1.649346, 0.708385, -1.717359; 1, 11, 1, 0; 0.076815250180; 1, 0, 1; 0, 1, 0; 4, 1, 2 ;
0,0; 1.631930, 0.716765, -1.707352 / 1.631930, 0.716765, -1.707352 / 1.631930, 0.716765, -1.707352; 1, 11, 1, 0; 0.076831110989; 1, 0, 1; 0, 1, 0; 4, 1, 2 ;
0,0; 1.373564, 0.853417, -1.571197 / 1.373564, 0.853417, -1.571197 / 1.373564, 0.853417, -1.571197; 1, 11, 1, 0; 0.074957721674; 1, 0, 1; 1, 0, 0; 3, 1, 2 ;
0,0; 1.371258, 0.855674, -1.557628 / 1.371258, 0.855674, -1.557628 / 1.371258, 0.855674, -1.557628; 1, 11, 1, 0; 0.074961097531; 1, 0, 1; 1, 0, 0; 2, 1, 2 ;
0,0; 1.354261, 0.865923, -1.557739 / 1.354261, 0.865923, -1.557739 / 1.354261, 0.865923, -1.557739; 1, 11, 1, 0; 0.074973525265; 0, 1, 0; 1, 0, 0; 2, 1, 1 ;
0,0; 1.581834, 0.749223, -1.680798 / 1.581834, 0.749223, -1.680798 / 1.581834, 0.749223, -1.680798; 1, 11, 1, 0; 0.075575949932; 1, 0, 1; 1, 0, 0; 2, 1, 2 ;
0,0; 1.558101, 0.754413, -1.668460 / 1.558101, 0.754413, -1.668460 / 1.558101, 0.754413, -1.668460; 1, 11, 1, 0; 0.075579691984; 1, 0, 1; 1, 0, 0; 3, 1, 2 ;
0,0; 1.615326, 0.683829, -1.669269 / 1.615326, 0.683829, -1.669269 / 1.615326, 0.683829, -1.669269; 1, 11, 1, 0; 0.076105358802; 1, 0, 1; 1, 0, 0; 2, 1, 2 ;
0,0; 1.655244, 0.705451, -1.718986 / 1.655244, 0.705451, -1.718986 / 1.655244, 0.705451, -1.718986; 1, 11, 1, 0; 0.076815421833; 1, 0, 1; 1, 0, 0; 2, 1, 2 ;
0,0; 1.626719, 0.719272, -1.711207 / 1.626719, 0.719272, -1.711207 / 1.626719, 0.719272, -1.711207; 1, 11, 1, 0; 0.076820514229; 1, 0, 1; 1, 0, 0; 2, 1, 2 ;
0,0; -1.820404, 2.555434, 0.174090 / -1.820404, 2.555434, 0.174090 / -1.820404, 2.555434, 0.174090; 1, 14, 1, 0; 0.658277685657; 0, 1, 0; 0, 1, 0; 2, 2, 0 / 3, 3, 0 / 4, 1, 1 ;
0,0; -2.025471, 2.665258, 0.285567 / -2.025471, 2.665258, 0.285567 / -2.025471, 2.665258, 0.285567; 1, 14, 1, 0; 0.662846229979; 0, 1, 0; 1, 0, 0; 3, 1, 1 ;
0,0; -2.048022, 2.672806, 0.298089 / -2.048022, 2.672806, 0.298089 / -2.048022, 2.672806, 0.298089; 1, 14, 1, 0; 0.662851621790; 1, 0, 1; 1, 0, 0; 2, 1, 2 ;
0,0; -1.176885, 2.209807, -0.176621 / -1.176885, 2.209807, -0.176621 / -1.176885, 2.209807, -0.176621; 1, 17, 1, 0; 0.143016886642; 0, 1, 0; 0, 1, 0; 4, 1, 1 ;
0,0; -0.784406, 2.597291, -0.152904 / -0.784406, 2.597291, -0.152904 / -0.784406, 2.597291, -0.152904; 1, 17, 1, 0; 0.185864962659; 1, 0, 1; 0, 1, 0; 4, 1, 2 ;
0,0; -1.173401, 2.209608, -0.177806 / -1.173147, 2.209753, -0.177670 / -1.173656, 2.209462, -0.177943; 1, 17, 1, 0; 0.143016705305; 2, 2, 1; 3, 0, 0; 2, 1, 1 / 2, 2, 1 / 3, 4, 2 ;
0,0; -1.438468, 2.348253, -0.047333 / -1.438468, 2.348253, -0.047333 / -1.438468, 2.348253, -0.047333; 1, 17, 1, 0; 0.140914795410; 1, 0, 1; 1, 0, 0; 2, 1, 2 ;
0,0; -1.291005, 2.271984, -0.111245 / -1.291005, 2.271984, -0.111245 / -1.291005, 2.271984, -0.111245; 1, 17, 1, 0; 0.141240727412; 0, 0, 0; 1, 0, 0; 2, 1, 3 ;
0,0; -0.785733, 2.524495, -0.242952 / -0.785733, 2.524495, -0.242952 / -0.785733, 2.524495, -0.242952; 1, 17, 1, 0; 0.184330169703; 1, 0, 1; 1, 0, 0; 2, 1, 2 ;
0,0; -2.290847, 2.808161, 0.429996 / -2.290847, 2.808161, 0.429996 / -2.290847, 2.808161, 0.429996; 1, 24, 1, 0; 0.069716944601; 1, 0, 1; 0, 1, 0; 4, 1, 2 ;
0,0; -2.294848, 2.810594, 0.429045 / -2.294848, 2.810594, 0.429045 / -2.294848, 2.810594, 0.429045; 1, 24, 1, 0; 0.069715651368; 1, 0, 1; 1, 0, 0; 2, 1, 2 ;
0,0; -2.292881, 2.795606, 0.432325 / -2.292881, 2.795606, 0.432325 / -2.292881, 2.795606, 0.432325; 1, 24, 1, 0; 0.069721304643; 1, 0, 1; 1, 0, 0; 2, 1, 2 ;
0,0; -2.486206, 2.909349, 0.535281 / -2.486206, 2.909349, 0.535281 / -2.486206, 2.909349, 0.535281; 1, 24, 1, 0; 0.074521060480; 1, 0, 1; 1, 0, 0; 2, 1, 2 ;
0,0; -3.007145, 3.190959, 0.819414 / -3.007145, 3.190959, 0.819414 / -3.007145, 3.190959, 0.819414; 1, 25, 1, 0; 0.511532193219; 0, 1, 0; 0, 1, 0; 1, 1, 1 ;
0,0; -3.002751, 3.195175, 0.823883 / -3.002751, 3.195175, 0.823883 / -3.002751, 3.195175, 0.823883; 1, 25, 1, 0; 0.511533787664; 1, 0, 1; 1, 0, 0; 2, 1, 2 ;
1,1; 2.66825, -0.607031, -3.62411 / 2.66825, -0.607031, -3.62411 / 2.66825, -0.607031, -3.62411; 1, 3, 1, 0; 0.041415108177; 1, 0, 1; 1, 0, 0; 3, 1, 2 ;
0,1; 2.665623, -0.608487, -3.597433 / 2.665623, -0.608487, -3.597433 / 2.665623, -0.608487, -3.597433; 1, 3, 1, 0; 0.041430018093; 1, 0, 1; 1, 0, 0; 3, 1, 2 ;
0,1; 2.669042, -0.597485, -3.594054 / 2.669042, -0.597485, -3.594054 / 2.669042, -0.597485, -3.594054; 1, 3, 1, 0; 0.041436292347; 1, 0, 1; 1, 0, 0; 2, 5, 0 / 3, 1, 2 ;
0,1; 2.678694, -0.569606, -3.539300 / 2.678694, -0.569606, -3.539300 / 2.678694, -0.569606, -3.539300; 1, 3, 1, 0; 0.041507618161; 0, 1, 0; 1, 0, 0; 3, 1, 1 ;
0,1; 2.803852, 0.005207, -2.370613 / 2.803852, 0.005207, -2.370613 / 2.803852, 0.005207, -2.370613; 1, 4, 1, 0; 0.489164645769; 1, 0, 1; 1, 0, 0; 3, 1, 2 ;
0,1; 2.806277, 0.011504, -2.338038 / 2.806277, 0.011504, -2.338038 / 2.806277, 0.011504, -2.338038; 1, 4, 1, 0; 0.489186164404; 1, 0, 1; 1, 0, 0; 2, 1, 2 ;
0,1; 2.809882, 0.014161, -2.324014 / 2.809882, 0.014161, -2.324014 / 2.809882, 0.014161, -2.324014; 1, 4, 1, 0; 0.489192736856; 1, 0, 1; 1, 0, 0; 2, 1, 2 ;
0,1; 2.943990, 0.606653, -1.092171 / 2.943990, 0.606653, -1.092171 / 2.943990, 0.606653, -1.092171; 1, 11, 1, 0; 0.791171931860; 0, 1, 0; 1, 0, 0; 2, 1, 1 ;
0,1; 3.002607, 0.876203, -0.516289 / 3.002607, 0.876203, -0.516289 / 3.002607, 0.876203, -0.516289; 1, 12, 1, 0; 0.899369492775; 1, 0, 1; 1, 0, 0; 3, 1, 2 ;
0,1; 2.982433, 0.878153, -0.510646 / 2.982433, 0.878153, -0.510646 / 2.982433, 0.878153, -0.510646; 1, 12, 1, 0; 0.899380112422; 1, 0, 1; 1, 0, 0; 3, 1, 2 ;
0,1; 3.050248, 1.053111, -0.171205 / 3.050248, 1.053111, -0.171205 / 3.050248, 1.053111, -0.171205; 1, 13, 1, 0; 0.879338672211; 1, 0, 1; 0, 1, 0; 4, 1, 2 ;
0,1; 3.179731, 1.630718, 1.049769 / 3.180007, 1.630816, 1.050197 / 3.179455, 1.630619, 1.049341; 1, 26, 1, 0; 0.285981518152; 1, 0, 2; 1, 1, 0; 1, 5, 2 / 3, 1, 2 / 3, 8, 0 ;
0,1; 3.177460, 1.634406, 1.049249 / 3.177692, 1.634801, 1.049282 / 3.177227, 1.634012, 1.049217; 1, 26, 1, 0; 0.285982683983; 1, 0, 2; 1, 1, 0; 1, 1, 2 / 2, 2, 2 ;
0,1; 3.222286, 1.826768, 1.452794 / 3.222442, 1.827520, 1.453564 / 3.222130, 1.826017, 1.452024; 1, 26, 1, 0; 0.701496575372; 0, 2, 0; 1, 1, 0; 1, 7, 0 / 3, 10, 1 / 4, 1, 1 ;
0,1; 3.220931, 1.820557, 1.437554 / 3.220931, 1.820557, 1.437554 / 3.220931, 1.820557, 1.437554; 1, 26, 1, 0; 0.701481531010; 0, 1, 0; 0, 1, 0; 4, 1, 1 ;
0,1; 3.220600, 1.822816, 1.434642 / 3.220600, 1.822816, 1.434642 / 3.220600, 1.822816, 1.434642; 1, 26, 1, 0; 0.701481771034; 1, 0, 1; 0, 1, 0; 4, 1, 2 ;
0,1; 3.236948, 1.842178, 1.475740 / 3.236948, 1.842178, 1.475740 / 3.236948, 1.842178, 1.475740; 1, 26, 1, 0; 0.701522326518; 0, 1, 0; 0, 1, 0; 1, 1, 1 ;
0,1; 3.195214, 1.695526, 1.183200 / 3.195214, 1.695526, 1.183200 / 3.195214, 1.695526, 1.183200; 1, 26, 1, 0; 0.285877699198; 1, 0, 1; 1, 0, 0; 2, 1, 2 ;
0,1; 3.235583, 1.844841, 1.473720 / 3.235583, 1.844841, 1.473720 / 3.235583, 1.844841, 1.473720; 1, 26, 1, 0; 0.701521332133; 0, 1, 0; 1, 0, 0; 2, 1, 1 / 3, 6, 0 ;
0,1; 3.241192, 1.906887, 1.608432 / 3.241192, 1.906887, 1.608432 / 3.241192, 1.906887, 1.608432; 1, 28, 1, 0; 0.286326016251; 1, 0, 1; 0, 1, 0; 4, 1, 2 ;
0,1; 3.234222, 1.878411, 1.556283 / 3.234222, 1.878411, 1.556283 / 3.234222, 1.878411, 1.556283; 1, 28, 1, 0; 0.285865167153; 1, 0, 1; 1, 0, 0; 2, 1, 2 ;
0,1; 3.308938, 2.211300, 2.248625 / 3.309003, 2.211315, 2.248810 / 3.308873, 2.211285, 2.248441; 1, 31, 1, 0; 0.449774253460; 2, 1, 1; 1, 1, 0; 1, 2, 1 / 1, 4, 0 / 2, 1, 2 / 2, 7, 0 ;
0,1; 3.311339, 2.214110, 2.250677 / 3.311339, 2.214110, 2.250677 / 3.311339, 2.214110, 2.250677; 1, 31, 1, 0; 0.449773085787; 0, 1, 0; 0, 1, 0; 3, 1, 0 / 4, 1, 1 ;
0,1; 3.308880, 2.214189, 2.250143 / 3.308880, 2.214189, 2.250143 / 3.308880, 2.214189, 2.250143; 1, 31, 1, 0; 0.449774396665; 1, 0, 1; 1, 0, 0; 3, 1, 2 ;
0,1; 3.310356, 2.230098, 2.292846 / 3.310356, 2.230098, 2.292846 / 3.310356, 2.230098, 2.292846; 1, 31, 1, 0; 0.449843498702; 1, 0, 1; 1, 0, 0; 3, 1, 2 ;
1,2; 0.317291, -4.24497, -1.67842 / 0.317291, -4.24497, -1.67842 / 0.317291, -4.24497, -1.67842; 1, 8, 1, 0; 0.418921056965; 1, 0, 1; 0, 1, 0; 1, 1, 2 ;
0,2; 0.319649, -4.242216, -1.688915 / 0.319649, -4.242216, -1.688915 / 0.319649, -4.242216, -1.688915; 1, 8, 1, 0; 0.418922412074; 1, 0, 1; 1, 0, 0; 2, 1, 2 ;
0,2; 0.185726, -4.309315, -0.495612 / 0.185805, -4.309210, -0.495444 / 0.185646, -4.309420, -0.495781; 1, 9, 1, 0; 0.803302768514; 2, 1, 1; 1, 1, 0; 3, 1, 1 / 4, 2, 2 ;
0,2; 0.217518, -4.291448, -0.793496 / 0.217518, -4.291448, -0.793496 / 0.217518, -4.291448, -0.793496; 1, 9, 1, 0; 0.741441596486; 1, 0, 1; 0, 1, 0; 1, 1, 2 ;
0,2; 0.194139, -4.305166, -0.571417 / 0.194139, -4.305166, -0.571417 / 0.194139, -4.305166, -0.571417; 1, 9, 1, 0; 0.803244818093; 0, 1, 0; 0, 1, 0; 1, 1, 1 ;
0,2; 0.186833, -4.308783, -0.506190 / 0.186833, -4.308783, -0.506190 / 0.186833, -4.308783, -0.506190; 1, 9, 1, 0; 0.803293117320; 1, 0, 1; 0, 1, 0; 1, 1, 2 ;
0,2; 0.220216, -4.285431, -0.796353 / 0.220216, -4.285431, -0.796353 / 0.220216, -4.285431, -0.796353; 1, 9, 1, 0; 0.741441012548; 1, 0, 1; 1, 0, 0; 2, 1, 2 ;
0,2; 0.220466, -4.286138, -0.782829 / 0.220466, -4.286138, -0.782829 / 0.220466, -4.286138, -0.782829; 1, 9, 1, 0; 0.741450712404; 1, 0, 1; 1, 0, 0; 2, 1, 2 ;
0,2; 0.190342, -4.306080, -0.527896 / 0.190342, -4.306080, -0.527896 / 0.190342, -4.306080, -0.527896; 1, 9, 1, 0; 0.803283157936; 1, 0, 1; 1, 0, 0; 3, 1, 2 ;
0,2; 0.186079, -4.309042, -0.499036 / 0.186079, -4.309042, -0.499036 / 0.186079, -4.309042, -0.499036; 1, 9, 1, 0; 0.803302703632; 1, 0, 1; 1, 0, 0; 2, 1, 2 ;
0,2; 0.184903, -4.317055, -0.467902 / 0.184903, -4.317055, -0.467902 / 0.184903, -4.317055, -0.467902; 1, 9, 1, 0; 0.803323801089; 1, 0, 1; 1, 0, 0; 3, 1, 2 ;
0,2; 0.134412, -4.333015, -0.068627 / 0.134412, -4.333015, -0.068627 / 0.134412, -4.333015, -0.068627; 1, 15, 1, 0; 0.218529196670; 1, 0, 1; 1, 0, 0; 2, 1, 2 ;
0,2; 0.134684, -4.321323, -0.278577 / 0.134684, -4.321323, -0.278577 / 0.134684, -4.321323, -0.278577; 1, 15, 1, 0; 0.236318002336; 1, 0, 1; 1, 0, 0; 3, 1, 2 ;
0,2; 0.128722, -4.316293, -0.282981 / 0.128722, -4.316293, -0.282981 / 0.128722, -4.316293, -0.282981; 1, 15, 1, 0; 0.236329635196; 1, 0, 1; 1, 0, 0; 2, 1, 2 ;
0,2; 0.126801, -4.320492, -0.290584 / 0.126801, -4.320492, -0.290584 / 0.126801, -4.320492, -0.290584; 1, 15, 1, 0; 0.236331637628; 1, 0, 1; 1, 0, 0; 2, 1, 2 ;
0,2; 0.164377, -4.320788, -0.258676 / 0.164377, -4.320788, -0.258676 / 0.164377, -4.320788, -0.258676; 1, 15, 1, 0; 0.236410783936; 1, 0, 1; 1, 0, 0; 3, 1, 2 ;
0,2; 0.117183, -4.349864, 0.159533 / 0.117183, -4.349864, 0.159533 / 0.117183, -4.349864, 0.159533; 1, 15, 1, 0; 0.965612429547; 1, 0, 1; 1, 0, 0; 2, 1, 2 ;
1,3; -3.20224, 1.04813, -2.64048 / -3.20218, 1.04857, -2.64037 / -3.20229, 1.04768, -2.64059; 1, 6, 1, 0; 0.003758965145; 2, 1, 1; 1, 1, 0; 1, 1, 0 / 2, 2, 1 / 2, 3, 0 / 2, 5, 0 / 4, 1, 2 / 4, 6, 0 / 4, 7, 0 ;
0,3; -2.698613, 1.024643, -2.309379 / -2.698608, 1.024668, -2.309378 / -2.698617, 1.024618, -2.309379; 1, 6, 1, 0; 0.246691063820; 0, 2, 0; 1, 1, 0; 1, 1, 1 / 2, 1, 1 / 3, 2, 0 ;
0,3; -3.114759, 1.041328, -2.584713 / -3.114759, 1.041328, -2.584713 / -3.114759, 1.041328, -2.584713; 1, 6, 1, 0; 0.003668541787; 0, 1, 0; 0, 1, 0; 1, 1, 1 ;
0,3; -2.690447, 1.029316, -2.308203 / -2.690447, 1.029316, -2.308203 / -2.690447, 1.029316, -2.308203; 1, 6, 1, 0; 0.246693107535; 0, 1, 0; 0, 1, 0; 4, 1, 1 ;
0,3; -2.696881, 1.025120, -2.308862 / -2.696881, 1.025120, -2.308862 / -2.696881, 1.025120, -2.308862; 1, 6, 1, 0; 0.246691671543; 0, 1, 0; 1, 0, 0; 2, 1, 1 ;
0,3; -2.254917, 1.001365, -2.011273 / -2.254917, 1.001365, -2.011273 / -2.254917, 1.001365, -2.011273; 1, 6, 1, 0; 0.412214509690; 1, 0, 1; 1, 0, 0; 2, 1, 2 ;
0,3; -2.312159, 1.013721, -2.056502 / -2.312159, 1.013721, -2.056502 / -2.312159, 1.013721, -2.056502; 1, 6, 1, 0; 0.413098992257; 1, 0, 1; 1, 0, 0; 3, 1, 2 ;
0,3; -1.812149, 0.985156, -1.720331 / -1.812149, 0.985156, -1.720331 / -1.812149, 0.985156, -1.720331; 1, 6, 1, 0; 0.701332830491; 1, 0, 1; 1, 0, 0; 2, 1, 2 ;
0,3; -1.785924, 0.977663, -1.704446 / -1.785924, 0.977663, -1.704446 / -1.785924, 0.977663, -1.704446; 1, 6, 1, 0; 0.701337682476; 1, 0, 1; 1, 0, 0; 3, 1, 2 ;
0,3; -1.447188, 0.973040, -1.476962 / -1.447188, 0.973040, -1.476962 / -1.447188, 0.973040, -1.476962; 1, 11, 1, 0; 0.272612850918; 1, 0, 1; 1, 0, 0; 3, 1, 2 ;
0,3; -1.453837, 0.970467, -1.488626 / -1.453837, 0.970467, -1.488626 / -1.453837, 0.970467, -1.488626; 1, 11, 1, 0; 0.272613737795; 1, 0, 1; 1, 0, 0; 2, 1, 2 ;
0,3; -1.465652, 0.969473, -1.488773 / -1.465652, 0.969473, -1.488773 / -1.465652, 0.969473, -1.488773; 1, 11, 1, 0; 0.272624031300; 0, 1, 0; 1, 0, 0; 2, 1, 1 ;
0,3; -1.089278, 0.949575, -1.227482 / -1.089278, 0.949575, -1.227482 / -1.089278, 0.949575, -1.227482; 1, 11, 1, 0; 0.835391736816; 1, 0, 1; 1, 0, 0; 3, 1, 2 ;
0,3; -0.325859, 0.922387, -0.731039 / -0.325421, 0.923142, -0.730677 / -0.326297, 0.921633, -0.731400; 1, 13, 1, 0; 0.336753711179; 2, 2, 1; 2, 1, 0; 1, 1, 1 / 2, 6, 1 / 3, 6, 2 ;
0,3; -0.144422, 1.247359, -0.568263 / -0.144110, 1.248349, -0.567521 / -0.144734, 1.246369, -0.569005; 1, 13, 1, 0; 0.418320081542; 1, 0, 1; 1, 1, 0; 2, 9, 3 / 4, 1, 2 ;
0,3; -0.434377, 0.922292, -0.805232 / -0.434377, 0.922292, -0.805232 / -0.434377, 0.922292, -0.805232; 1, 13, 1, 0; 0.336703295283; 1, 0, 1; 0, 1, 0; 1, 1, 2 ;
0,3; -0.337655, 0.921987, -0.740028 / -0.337655, 0.921987, -0.740028 / -0.337655, 0.921987, -0.740028; 1, 13, 1, 0; 0.336752295520; 1, 0, 1; 0, 1, 0; 1, 1, 2 ;
0,3; 0.551037, 0.884761, -0.145654 / 0.551037, 0.884761, -0.145654 / 0.551037, 0.884761, -0.145654; 1, 13, 1, 0; 0.923018380167; 1, 0, 1; 0, 1, 0; 1, 1, 2 ;
0,3; 0.763409, 0.881087, -0.008084 / 0.763409, 0.881087, -0.008084 / 0.763409, 0.881087, -0.008084; 1, 13, 1, 0; 0.926611314432; 1, 0, 1; 0, 1, 0; 1, 1, 2 / 1, 2, 0 ;
0,3; -0.426313, 0.920997, -0.810390 / -0.426313, 0.920997, -0.810390 / -0.426313, 0.920997, -0.810390; 1, 13, 1, 0; 0.336691914622; 1, 0, 1; 1, 0, 0; 3, 1, 2 ;
0,3; -0.335800, 0.910918, -0.739599 / -0.335800, 0.910918, -0.739599 / -0.335800, 0.910918, -0.739599; 1, 13, 1, 0; 0.336750879862; 1, 0, 1; 1, 0, 0; 3, 1, 2 ;
0,3; -0.327911, 0.921716, -0.739928 / -0.327911, 0.921716, -0.739928 / -0.327911, 0.921716, -0.739928; 1, 13, 1, 0; 0.336753335721; 1, 0, 1; 1, 0, 0; 3, 1, 2 ;
0,3; -0.326141, 0.921132, -0.730920 / -0.325985, 0.921633, -0.730441 / -0.326297, 0.920630, -0.731400; 1, 13, 1, 0; 0.336753680403; 0, 1, 0; 1, 1, 0; 1, 6, 1 / 2, 1, 1 ;
0,3; -0.325921, 0.925460, -0.732113 / -0.325921, 0.925460, -0.732113 / -0.325921, 0.925460, -0.732113; 1, 13, 1, 0; 0.336753809659; 1, 0, 1; 1, 0, 0; 3, 1, 2 ;
0,3; 0.132776, 0.901122, -0.428639 / 0.132776, 0.901122, -0.428639 / 0.132776, 0.901122, -0.428639; 1, 13, 1, 0; 0.386169198233; 1, 0, 1; 1, 0, 0; 3, 1, 2 ;
0,3; -0.127275, 1.123707, -0.536393 / -0.127275, 1.123707, -0.536393 / -0.127275, 1.123707, -0.536393; 1, 13, 1, 0; 0.399510299221; 0, 1, 0; 1, 0, 0; 1, 1, 0 / 2, 1, 1 / 3, 4, 0 / 4, 3, 0 / 4, 4, 0 ;
0,3; -0.130369, 1.133247, -0.555012 / -0.130369, 1.133247, -0.555012 / -0.130369, 1.133247, -0.555012; 1, 13, 1, 0; 0.400611250420; 1, 0, 1; 1, 0, 0; 3, 1, 2 ;
0,3; -0.146288, 1.250971, -0.569069 / -0.146288, 1.250971, -0.569069 / -0.146288, 1.250971, -0.569069; 1, 13, 1, 0; 0.418320918627; 1, 0, 1; 1, 0, 0; 2, 1, 2 ;
0,3; 0.512440, 0.897688, -0.168380 / 0.512440, 0.897688, -0.168380 / 0.512440, 0.897688, -0.168380; 1, 13, 1, 0; 0.924154002681; 1, 0, 1; 1, 0, 0; 2, 1, 2 ;
0,3; 0.761120, 0.883272, -0.009038 / 0.761120, 0.883272, -0.009038 / 0.761120, 0.883272, -0.009038; 1, 13, 1, 0; 0.926611240572; 1, 0, 1; 1, 0, 0; 3, 1, 2 / 4, 9, 0 ;
0,3; 0.829074, 0.841197, 0.118136 / 0.829434, 0.841248, 0.118169 / 0.828715, 0.841146, 0.118103; 1, 16, 1, 0; 0.589420212110; 2, 1, 1; 1, 1, 0; 1, 2, 2 / 2, 1, 1 ;
0,3; 0.825485, 0.839089, 0.120969 / 0.825485, 0.839089, 0.120969 / 0.825485, 0.839089, 0.120969; 1, 16, 1, 0; 0.589419495521; 1, 0, 1; 1, 0, 0; 3, 1, 2 ;
0,3; 1.665044, 0.846745, 0.590408 / 1.665044, 0.846745, 0.590408 / 1.665044, 0.846745, 0.590408; 1, 19, 1, 0; 0.714360702065; 0, 1, 0; 0, 1, 0; 1, 1, 1 ;
0,3; 1.408615, 0.865713, 0.417335 / 1.408615, 0.865713, 0.417335 / 1.408615, 0.865713, 0.417335; 1, 19, 1, 0; 0.716421737923; 1, 0, 1; 1, 0, 0; 3, 1, 2 ;
0,3; 1.381882, 0.856851, 0.403497 / 1.381882, 0.856851, 0.403497 / 1.381882, 0.856851, 0.403497; 1, 19, 1, 0; 0.716449852917; 1, 0, 1; 1, 0, 0; 2, 1, 2 ;
0,3; 2.263238, 0.831770, 0.968419 / 2.264025, 0.832081, 0.968876 / 2.262452, 0.831460, 0.967961; 1, 26, 1, 0; 0.198039372509; 0, 2, 0; 0, 2, 0; 3, 7, 0 / 4, 1, 1 / 4, 8, 1 / 4, 9, 0 ;
0,3; 2.277135, 0.823647, 0.997059 / 2.277135, 0.823647, 0.997059 / 2.277135, 0.823647, 0.997059; 1, 26, 1, 0; 0.198018610432; 0, 1, 0; 0, 1, 0; 4, 1, 1 ;
0,3; 2.265042, 0.832868, 0.969995 / 2.265042, 0.832868, 0.969995 / 2.265042, 0.832868, 0.969995; 1, 26, 1, 0; 0.198039535382; 1, 0, 1; 0, 1, 0; 1, 1, 2 / 3, 8, 0 / 4, 6, 0 / 4, 7, 0 ;
0,3; 2.264696, 0.835327, 0.972065 / 2.264696, 0.835327, 0.972065 / 2.264696, 0.835327, 0.972065; 1, 26, 1, 0; 0.198039698256; 1, 0, 1; 0, 1, 0; 1, 1, 2 ;
0,3; 2.571834, 0.812568, 1.192767 / 2.571834, 0.812568, 1.192767 / 2.571834, 0.812568, 1.192767; 1, 26, 1, 0; 0.202305053362; 0, 1, 0; 0, 1, 0; 1, 1, 1 ;
0,3; 2.602910, 0.803305, 1.209508 / 2.602910, 0.803305, 1.209508 / 2.602910, 0.803305, 1.209508; 1, 26, 1, 0; 0.203145403112; 1, 0, 1; 0, 1, 0; 1, 1, 2 ;
0,3; 2.796488, 0.801945, 1.341720 / 2.796488, 0.801945, 1.341720 / 2.796488, 0.801945, 1.341720; 1, 26, 1, 0; 0.836696343920; 0, 1, 0; 0, 1, 0; 4, 1, 1 ;
0,3; 2.274220, 0.829755, 0.978985 / 2.274220, 0.829755, 0.978985 / 2.274220, 0.829755, 0.978985; 1, 26, 1, 0; 0.198022185076; 1, 0, 1; 1, 0, 0; 3, 1, 2 ;
0,3; 2.269318, 0.831254, 0.973016 / 2.269318, 0.831254, 0.973016 / 2.269318, 0.831254, 0.973016; 1, 26, 1, 0; 0.198023488063; 1, 0, 1; 1, 0, 0; 3, 1, 2 ;
0,3; 2.268213, 0.824285, 0.988110 / 2.268213, 0.824285, 0.988110 / 2.268213, 0.824285, 0.988110; 1, 26, 1, 0; 0.198034717757; 0, 1, 0; 1, 0, 0; 3, 1, 1 ;
0,3; 2.267909, 0.825410, 0.982920 / 2.267909, 0.825410, 0.982920 / 2.267909, 0.825410, 0.982920; 1, 26, 1, 0; 0.198035875016; 0, 1, 0; 1, 0, 0; 2, 1, 1 ;
0,3; 2.266612, 0.825515, 0.977287 / 2.266612, 0.825515, 0.977287 / 2.266612, 0.825515, 0.977287; 1, 26, 1, 0; 0.198037220865; 1, 0, 1; 1, 0, 0; 2, 1, 2 ;
0,3; 2.266175, 0.829825, 0.973072 / 2.266175, 0.829825, 0.973072 / 2.266175, 0.829825, 0.973072; 1, 26, 1, 0; 0.198038352407; 0, 1, 0; 1, 0, 0; 2, 1, 1 ;
0,3; 2.262833, 0.830814, 0.968448 / 2.263215, 0.831460, 0.968876 / 2.262452, 0.830169, 0.968020; 1, 26, 1, 0; 0.198039303930; 1, 0, 1; 1, 1, 0; 2, 1, 2 / 3, 7, 0 / 4, 6, 0 / 4, 9, 1 ;
0,3; 3.499000, 0.778373, 1.807908 / 3.499645, 0.779209, 1.808353 / 3.498354, 0.777538, 1.807463; 1, 27, 1, 0; 0.467270533136; 1, 0, 2; 0, 2, 1; 1, 9, 2 / 4, 1, 2 ;
0,3; 3.485376, 0.778868, 1.798970 / 3.485450, 0.778871, 1.799019 / 3.485303, 0.778866, 1.798921; 1, 27, 1, 0; 0.467275772778; 0, 2, 0; 1, 1, 0; 3, 1, 1 / 4, 1, 1 / 4, 9, 0 ;
0,3; 3.286296, 0.785927, 1.668478 / 3.286296, 0.785927, 1.668478 / 3.286296, 0.785927, 1.668478; 1, 27, 1, 0; 0.468853807535; 1, 0, 1; 0, 1, 0; 4, 1, 2 ;
0,3; 3.455718, 0.779945, 1.779293 / 3.455718, 0.779945, 1.779293 / 3.455718, 0.779945, 1.779293; 1, 27, 1, 0; 0.466345436999; 0, 1, 0; 1, 0, 0; 3, 1, 1 ;
0,3; 3.843492, 0.765888, 2.036313 / 3.843492, 0.765888, 2.036313 / 3.843492, 0.765888, 2.036313; 1, 28, 1, 0; 0.667302238036; 1, 0, 1; 0, 1, 0; 4, 1, 2 ;
1,4; 1.78551, 1.67619, -2.02575 / 1.78596, 1.67648, -2.02539 / 1.78507, 1.6759, -2.02611; 1, 4, 1, 0; 0.743239146992; 2, 2, 1; 1, 2, 1; 1, 5, 0 / 1, 6, 1 / 3, 2, 2 / 4, 1, 1 ;
0,4; 1.831964, 1.991979, -3.226605 / 1.832281, 1.992217, -3.226372 / 1.831648, 1.991741, -3.226839; 1, 4, 1, 0; 0.025226255959; 2, 2, 1; 2, 1, 0; 1, 1, 1 / 2, 1, 2 / 3, 5, 1 ;
0,4; 1.959042, 2.007691, -3.146296 / 1.959741, 2.008034, -3.146118 / 1.958344, 2.007348, -3.146474; 1, 4, 1, 0; 0.023275889860; 1, 0, 2; 1, 1, 0; 1, 1, 2 / 3, 3, 2 ;
0,4; 1.679757, 1.685873, -1.983493 / 1.680212, 1.686675, -1.982949 / 1.679303, 1.685071, -1.984036; 1, 4, 1, 0; 0.743298331298; 2, 1, 1; 1, 1, 0; 1, 9, 1 / 3, 1, 2 / 3, 3, 0 ;
0,4; 1.939924, 2.023819, -3.451590 / 1.939924, 2.023819, -3.451590 / 1.939924, 2.023819, -3.451590; 1, 4, 1, 0; 0.006191548093; 0, 1, 0; 0, 1, 0; 1, 1, 1 ;
0,4; 1.943679, 2.027169, -3.443468 / 1.943679, 2.027169, -3.443468 / 1.943679, 2.027169, -3.443468; 1, 4, 1, 0; 0.006198342179; 0, 1, 0; 0, 1, 0; 4, 1, 1 ;
0,4; 1.941442, 2.027503, -3.448048 / 1.941442, 2.027503, -3.448048 / 1.941442, 2.027503, -3.448048; 1, 4, 1, 0; 0.006198463070; 0, 1, 0; 0, 1, 0; 4, 1, 1 ;
0,4; 1.993797, 2.096535, -3.434979 / 1.993797, 2.096535, -3.434979 / 1.993797, 2.096535, -3.434979; 1, 4, 1, 0; 0.006643810169; 1, 0, 1; 0, 1, 0; 4, 1, 2 ;
0,4; 1.729904, 2.084420, -3.358027 / 1.729904, 2.084420, -3.358027 / 1.729904, 2.084420, -3.358027; 1, 4, 1, 0; 0.024669946848; 1, 0, 1; 0, 1, 0; 4, 1, 2 ;
0,4; 1.831480, 1.980134, -3.231142 / 1.831480, 1.980134, -3.231142 / 1.831480, 1.980134, -3.231142; 1, 4, 1, 0; 0.025224523185; 1, 0, 1; 0, 1, 0; 1, 1, 2 ;
0,4; 1.786257, 1.676051, -2.025421 / 1.786694, 1.676210, -2.024728 / 1.785820, 1.675892, -2.026114; 1, 4, 1, 0; 0.743239122813; 1, 0, 1; 1, 2, 1; 1, 1, 2 / 3, 8, 2 / 4, 7, 1 ;
0,4; 1.674989, 1.686119, -1.981723 / 1.674989, 1.686119, -1.981723 / 1.674989, 1.686119, -1.981723; 1, 4, 1, 0; 0.743297879971; 0, 1, 0; 0, 1, 0; 2, 9, 0 / 3, 9, 0 / 4, 1, 1 ;
0,4; 1.669192, 1.683471, -1.980102 / 1.669192, 1.683471, -1.980102 / 1.669192, 1.683471, -1.980102; 1, 4, 1, 0; 0.743304242879; 1, 0, 1; 0, 1, 0; 1, 1, 2 ;
0,4; 1.946636, 2.032469, -3.441731 / 1.946636, 2.032469, -3.441731 / 1.946636, 2.032469, -3.441731; 1, 4, 1, 0; 0.006198164871; 1, 0, 1; 1, 0, 0; 3, 1, 2 ;
0,4; 1.994017, 2.088443, -3.416680 / 1.994017, 2.088443, -3.416680 / 1.994017, 2.088443, -3.416680; 1, 4, 1, 0; 0.006638507074; 0, 1, 0; 1, 0, 0; 2, 1, 1 / 3, 6, 0 ;
0,4; 2.013751, 2.138633, -3.579040 / 2.013751, 2.138633, -3.579040 / 2.013751, 2.138633, -3.579040; 1, 4, 1, 0; 0.006775863667; 1, 0, 1; 1, 0, 0; 2, 1, 2 / 2, 3, 0 ;
0,4; 1.763927, 2.055664, -3.300879 / 1.763927, 2.055664, -3.300879 / 1.763927, 2.055664, -3.300879; 1, 4, 1, 0; 0.024735195864; 1, 0, 1; 1, 0, 0; 2, 1, 2 ;
0,4; 1.827639, 1.981976, -3.230784 / 1.827639, 1.981976, -3.230784 / 1.827639, 1.981976, -3.230784; 1, 4, 1, 0; 0.025224982572; 1, 0, 1; 1, 0, 0; 1, 1, 0 / 2, 1, 2 / 3, 3, 0 / 3, 5, 0 ;
0,4; 1.829720, 1.988938, -3.222010 / 1.829720, 1.988938, -3.222010 / 1.829720, 1.988938, -3.222010; 1, 4, 1, 0; 0.025225844929; 1, 0, 1; 1, 0, 0; 2, 1, 2 ;
0,4; 1.938563, 1.955783, -2.970270 / 1.938563, 1.955783, -2.970270 / 1.938563, 1.955783, -2.970270; 1, 4, 1, 0; 0.055805010538; 1, 0, 1; 1, 0, 0; 3, 1, 2 ;
0,4; 1.935766, 1.944430, -2.937719 / 1.935766, 1.944430, -2.937719 / 1.935766, 1.944430, -2.937719; 1, 4, 1, 0; 0.055818558413; 1, 0, 1; 1, 0, 0; 3, 1, 2 ;
0,4; 1.785727, 1.679912, -2.027209 / 1.785727, 1.679912, -2.027209 / 1.785727, 1.679912, -2.027209; 1, 4, 1, 0; 0.743238474031; 1, 0, 1; 1, 0, 0; 2, 1, 2 ;
0,4; 1.784463, 1.676621, -2.026142 / 1.785066, 1.676760, -2.025813 / 1.783860, 1.676482, -2.026471; 1, 4, 1, 0; 0.743239167140; 0, 1, 0; 1, 1, 0; 1, 1, 1 / 3, 7, 1 ;
0,4; 1.674418, 1.688518, -1.989393 / 1.674418, 1.688518, -1.989393 / 1.674418, 1.688518, -1.989393; 1, 4, 1, 0; 0.743297706694; 1, 0, 1; 1, 0, 0; 1, 6, 0 / 3, 1, 2 ;
0,4; 1.665504, 1.683969, -1.979188 / 1.665504, 1.683969, -1.979188 / 1.665504, 1.683969, -1.979188; 1, 4, 1, 0; 0.743304190492; 1, 0, 1; 1, 0, 0; 2, 1, 2 ;
0,4; 1.750882, 1.499405, -1.455352 / 1.750882, 1.499405, -1.455352 / 1.750882, 1.499405, -1.455352; 1, 11, 1, 0; 0.268309496345; 0, 1, 0; 0, 1, 0; 4, 1, 1 ;
0,4; 1.749098, 1.497222, -1.447134 / 1.749098, 1.497222, -1.447134 / 1.749098, 1.497222, -1.447134; 1, 11, 1, 0; 0.268311207161; 1, 0, 1; 0, 1, 0; 4, 1, 2 ;
0,4; 1.551092, 1.113590, -1.169192 / 1.551092, 1.113590, -1.169192 / 1.551092, 1.113590, -1.169192; 1, 11, 1, 0; 0.856987001231; 0, 1, 0; 0, 1, 0; 4, 1, 1 ;
0,4; 1.550050, 1.114639, -1.160167 / 1.550050, 1.114639, -1.160167 / 1.550050, 1.114639, -1.160167; 1, 11, 1, 0; 0.856997351954; 0, 1, 0; 0, 1, 0; 1, 1, 1 ;
0,4; 1.624628, 1.398095, -1.290206 / 1.624628, 1.398095, -1.290206 / 1.624628, 1.398095, -1.290206; 1, 11, 1, 0; 0.268501216453; 1, 0, 1; 1, 0, 0; 2, 1, 2 ;
0,4; 1.553648, 1.113885, -1.175772 / 1.553648, 1.113885, -1.175772 / 1.553648, 1.113885, -1.175772; 1, 11, 1, 0; 0.856987190050; 1, 0, 1; 1, 0, 0; 3, 1, 2 ;
0,4; 1.713861, 1.407971, -1.169362 / 1.713861, 1.407971, -1.169362 / 1.713861, 1.407971, -1.169362; 1, 11, 1, 0; 0.883510886283; 1, 0, 1; 1, 0, 0; 3, 1, 2 ;
0,4; 1.715161, 1.413644, -1.168613 / 1.715161, 1.413644, -1.168613 / 1.715161, 1.413644, -1.168613; 1, 11, 1, 0; 0.883511475627; 0, 1, 0; 1, 0, 0; 2, 1, 1 / 3, 4, 0 ;
0,4; 1.712397, 1.407925, -1.138572 / 1.712397, 1.407925, -1.138572 / 1.712397, 1.407925, -1.138572; 1, 11, 1, 0; 0.883541869790; 1, 0, 1; 1, 0, 0; 3, 1, 2 ;
0,4; 1.624697, 1.189893, -0.425386 / 1.624697, 1.189893, -0.425386 / 1.624697, 1.189893, -0.425386; 1, 12, 1, 0; 0.935911567405; 1, 0, 1; 0, 1, 0; 1, 1, 2 ;
0,4; 1.658852, 1.253617, -0.591427 / 1.658852, 1.253617, -0.591427 / 1.658852, 1.253617, -0.591427; 1, 12, 1, 0; 0.947068004651; 0, 1, 0; 0, 1, 0; 4, 1, 1 ;
0,4; 1.639894, 1.259790, -0.583424 / 1.639894, 1.259790, -0.583424 / 1.639894, 1.259790, -0.583424; 1, 12, 1, 0; 0.947088030925; 1, 0, 1; 0, 1, 0; 4, 1, 2 ;
0,4; 1.664668, 1.250379, -0.589882 / 1.664674, 1.250680, -0.589392 / 1.664663, 1.250079, -0.590372; 1, 12, 1, 0; 0.947068508168; 1, 0, 2; 2, 0, 0; 2, 5, 2 / 3, 1, 2 ;
0,4; 1.671341, 1.251398, -0.594238 / 1.671341, 1.251398, -0.594238 / 1.671341, 1.251398, -0.594238; 1, 12, 1, 0; 0.947058432091; 1, 0, 1; 1, 0, 0; 3, 1, 2 ;
0,4; 1.646091, 1.248392, -0.613322 / 1.646091, 1.248392, -0.613322 / 1.646091, 1.248392, -0.613322; 1, 12, 1, 0; 0.947082097426; 0, 1, 0; 1, 0, 0; 3, 1, 1 ;
0,4; 1.598122, 1.130919, -0.226480 / 1.598122, 1.130919, -0.226480 / 1.598122, 1.130919, -0.226480; 1, 13, 1, 0; 0.888759384890; 0, 1, 0; 0, 1, 0; 1, 1, 1 ;
0,4; 1.457882, 1.051685, 0.145032 / 1.457882, 1.051685, 0.145032 / 1.457882, 1.051685, 0.145032; 1, 16, 1, 0; 0.567611526778; 0, 1, 0; 0, 1, 0; 1, 1, 1 ;
0,4; 1.448599, 1.052246, 0.133260 / 1.448599, 1.052246, 0.133260 / 1.448599, 1.052246, 0.133260; 1, 16, 1, 0; 0.567625215647; 1, 0, 1; 0, 1, 0; 4, 1, 2 ;
0,4; 1.484886, 1.026050, 0.180097 / 1.484886, 1.026050, 0.180097 / 1.484886, 1.026050, 0.180097; 1, 16, 1, 0; 0.567427175753; 1, 0, 1; 1, 0, 0; 1, 1, 0 / 2, 1, 2 / 2, 2, 0 / 3, 2, 0 ;
0,4; 1.513585, 0.908955, 0.506884 / 1.513722, 0.909351, 0.506946 / 1.513448, 0.908560, 0.506821; 1, 19, 1, 0; 0.717729070672; 2, 1, 1; 1, 1, 0; 1, 6, 1 / 3, 1, 2 ;
0,4; 1.551071, 1.010785, 0.171875 / 1.551071, 1.010785, 0.171875 / 1.551071, 1.010785, 0.171875; 1, 19, 1, 0; 0.126130594435; 1, 0, 1; 0, 1, 0; 1, 1, 2 ;
0,4; 1.513328, 0.918022, 0.500439 / 1.513328, 0.918022, 0.500439 / 1.513328, 0.918022, 0.500439; 1, 19, 1, 0; 0.717717023455; 1, 0, 1; 1, 0, 0; 3, 1, 2 ;
0,4; 1.448513, 0.745780, 1.043089 / 1.448513, 0.745780, 1.043089 / 1.448513, 0.745780, 1.043089; 1, 23, 1, 0; 0.573057335290; 1, 0, 1; 1, 0, 0; 2, 1, 2 ;
0,4; 1.410875, 0.676401, 1.282900 / 1.411453, 0.676545, 1.283021 / 1.410297, 0.676257, 1.282780; 1, 26, 1, 0; 0.855609909562; 0, 2, 0; 0, 2, 0; 1, 9, 0 / 4, 1, 1 / 4, 10, 1 ;
0,4; 1.411889, 0.674660, 1.279744 / 1.412359, 0.675446, 1.279772 / 1.411418, 0.673873, 1.279715; 1, 26, 1, 0; 0.855609635249; 2, 1, 1; 1, 1, 0; 2, 1, 2 / 3, 4, 0 / 4, 5, 0 / 4, 10, 1 ;
0,4; 1.412418, 0.675512, 1.281319 / 1.412574, 0.675664, 1.281896 / 1.412262, 0.675360, 1.280741; 1, 26, 1, 0; 0.855609746689; 1, 0, 2; 1, 1, 0; 1, 7, 2 / 1, 10, 0 / 3, 1, 2 / 3, 5, 0 / 3, 10, 0 ;
0,4; 1.411525, 0.671334, 1.278237 / 1.411694, 0.671446, 1.278423 / 1.411357, 0.671223, 1.278051; 1, 26, 1, 0; 0.855609463804; 2, 1, 1; 2, 0, 0; 1, 4, 0 / 2, 1, 1 / 2, 3, 2 ;
0,4; 1.415391, 0.678533, 1.285194 / 1.415391, 0.678533, 1.285194 / 1.415391, 0.678533, 1.285194; 1, 26, 1, 0; 0.855594976641; 1, 0, 1; 1, 0, 0; 2, 1, 2 ;
0,4; 1.382987, 0.609033, 1.493898 / 1.382987, 0.609033, 1.493898 / 1.382987, 0.609033, 1.493898; 1, 26, 1, 0; 0.897915974455; 1, 0, 1; 1, 0, 0; 2, 1, 2 ;
0,4; 1.372919, 0.568091, 1.631793 / 1.373014, 0.568757, 1.632130 / 1.372825, 0.567425, 1.631457; 1, 27, 1, 0; 0.545189105964; 1, 0, 2; 1, 1, 0; 1, 6, 0 / 2, 1, 2 / 4, 5, 2 ;
0,4; 1.373156, 0.568933, 1.630618 / 1.373299, 0.569110, 1.631457 / 1.373014, 0.568757, 1.629779; 1, 27, 1, 0; 0.545189050713; 1, 0, 1; 2, 0, 0; 2, 7, 2 / 3, 1, 2 ;
0,4; 1.293409, 0.380391, 2.254737 / 1.293409, 0.380391, 2.254737 / 1.293409, 0.380391, 2.254737; 1, 28, 1, 0; 0.985645258722; 1, 0, 1; 1, 0, 0; 2, 1, 2 ;
0,4; 1.281382, 0.357215, 2.334498 / 1.281382, 0.357215, 2.334498 / 1.281382, 0.357215, 2.334498; 1, 28, 1, 0; 0.985738513304; 1, 0, 1; 1, 0, 0; 2, 1, 2 ;
0,4; 1.173333, 0.087355, 3.235399 / 1.173333, 0.087355, 3.235399 / 1.173333, 0.087355, 3.235399; 1, 41, 1, 0; 0.873634723144; 0, 1, 0; 0, 1, 0; 4, 1, 1 ;
0,4; 1.173767, 0.085605, 3.252904 / 1.173767, 0.085605, 3.252904 / 1.173767, 0.085605, 3.252904; 1, 41, 1, 0; 0.873708552903; 1, 0, 1; 1, 0, 0; 3, 1, 2 ;
0,4; 1.167169, 0.084121, 3.269631 / 1.167169, 0.084121, 3.269631 / 1.167169, 0.084121, 3.269631; 1, 41, 1, 0; 0.873747856454; 1, 0, 1; 1, 0, 0; 2, 1, 2 ;
0,4; 1.139064, -0.004892, 3.535576 / 1.139064, -0.004892, 3.535576 / 1.139064, -0.004892, 3.535576; 1, 44, 1, 0; 0.503741159830; 1, 0, 1; 0, 1, 0; 4, 1, 2 ;
0,4; 1.121709, -0.138775, 4.071355 / 1.121709, -0.138775, 4.071355 / 1.121709, -0.138775, 4.071355; 1, 46, 1, 0; 0.699734248224; 1, 0, 1; 0, 1, 0; 4, 1, 2 ;
0,4; 1.118504, -0.141788, 4.067509 / 1.118504, -0.141788, 4.067509 / 1.118504, -0.141788, 4.067509; 1, 46, 1, 0; 0.699735196231; 1, 0, 1; 0, 1, 0; 1, 1, 2 ;
0,4; 1.108059, -0.144096, 4.076250 / 1.108059, -0.144096, 4.076250 / 1.108059, -0.144096, 4.076250; 1, 46, 1, 0; 0.699736036798; 1, 0, 1; 0, 1, 0; 1, 1, 2 / 1, 10, 0 / 4, 7, 0 ;
0,4; 1.122777, -0.126690, 4.063541 / 1.122777, -0.126690, 4.063541 / 1.122777, -0.126690, 4.063541; 1, 46, 1, 0; 0.699733376057; 1, 0, 1; 1, 0, 0; 3, 1, 2 ;
0,4; 1.122146, -0.138618, 4.067115 / 1.122146, -0.138618, 4.067115 / 1.122146, -0.138618, 4.067115; 1, 46, 1, 0; 0.699734343024; 1, 0, 1; 1, 0, 0; 2, 1, 2 ;
1,5; 2.59454, -2.60303, 1.84547 / 2.59516, -2.60269, 1.84574 / 2.59392, -2.60338, 1.8452; 1, 22, 1, 0; 0.860690144411; 1, 0, 2; 1, 1, 0; 1, 1, 2 / 3, 7, 2 ;
0,5; 2.957153, -3.085658, 1.655109 / 2.957153, -3.085658, 1.655109 / 2.957153, -3.085658, 1.655109; 1, 22, 1, 0; 0.849498314911; 0, 0, 0; 0, 1, 0; 4, 1, 3 ;
0,5; 2.953858, -3.080710, 1.656601 / 2.953858, -3.080710, 1.656601 / 2.953858, -3.080710, 1.656601; 1, 22, 1, 0; 0.849499420842; 1, 0, 1; 0, 1, 0; 1, 1, 2 ;
0,5; 2.890697, -2.992791, 1.687609 / 2.890697, -2.992791, 1.687609 / 2.890697, -2.992791, 1.687609; 1, 22, 1, 0; 0.850776392454; 1, 0, 1; 1, 0, 0; 2, 1, 2 ;
0,5; 2.646072, -2.302989, 1.953122 / 2.646106, -2.302974, 1.953180 / 2.646038, -2.303005, 1.953063; 1, 33, 1, 0; 0.105920687307; 2, 1, 1; 1, 1, 0; 1, 1, 2 / 1, 6, 0 / 2, 1, 1 / 3, 3, 0 ;
0,5; 2.647016, -2.303005, 1.955239 / 2.647016, -2.303005, 1.955239 / 2.647016, -2.303005, 1.955239; 1, 33, 1, 0; 0.105920849455; 1, 0, 1; 0, 1, 0; 1, 1, 2 ;
0,5; 2.500115, -2.461280, 1.907673 / 2.500115, -2.461280, 1.907673 / 2.500115, -2.461280, 1.907673; 1, 33, 1, 0; 0.106581638890; 1, 0, 1; 0, 1, 0; 1, 1, 2 ;
0,5; 2.505410, -2.458613, 1.910752 / 2.505410, -2.458613, 1.910752 / 2.505410, -2.458613, 1.910752; 1, 33, 1, 0; 0.106601882410; 1, 0, 1; 0, 1, 0; 1, 1, 2 ;
0,5; 1.756901, -1.493535, 2.302866 / 1.756901, -1.493535, 2.302866 / 1.756901, -1.493535, 2.302866; 1, 33, 1, 0; 0.429996532533; 1, 0, 1; 0, 1, 0; 4, 1, 2 ;
0,5; 2.499908, -2.460326, 1.901297 / 2.499908, -2.460326, 1.901297 / 2.499908, -2.460326, 1.901297; 1, 33, 1, 0; 0.106581339540; 1, 0, 1; 1, 0, 0; 3, 1, 2 ;
0,5; 2.508645, -2.454815, 1.910640 / 2.508645, -2.454815, 1.910640 / 2.508645, -2.454815, 1.910640; 1, 33, 1, 0; 0.106601470805; 1, 0, 1; 1, 0, 0; 3, 1, 2 ;
0,5; 2.501982, -2.457979, 1.913535 / 2.501982, -2.457979, 1.913535 / 2.501982, -2.457979, 1.913535; 1, 33, 1, 0; 0.106602181760; 1, 0, 1; 1, 0, 0; 3, 1, 2 ;
0,5; 2.507431, -2.463331, 1.913754 / 2.507431, -2.463331, 1.913754 / 2.507431, -2.463331, 1.913754; 1, 33, 1, 0; 0.106603217011; 1, 0, 1; 1, 0, 0; 3, 1, 2 ;
0,5; 2.504777, -2.462600, 1.910939 / 2.504777, -2.462600, 1.910939 / 2.504777, -2.462600, 1.910939; 1, 33, 1, 0; 0.106603416577; 1, 0, 1; 1, 0, 0; 3, 1, 2 ;
0,5; 1.692082, -1.406670, 2.336541 / 1.692082, -1.406670, 2.336541 / 1.692082, -1.406670, 2.336541; 1, 33, 1, 0; 0.432940923344; 1, 0, 1; 1, 0, 0; 3, 1, 2 ;
0,5; 2.852888, -1.744240, 2.372888 / 2.852888, -1.744240, 2.372888 / 2.852888, -1.744240, 2.372888; 1, 33, 1, 0; 0.478125647032; 1, 0, 1; 1, 0, 0; 3, 1, 2 / 4, 9, 0 ;
0,5; 2.880683, -1.702055, 2.402299 / 2.880683, -1.702055, 2.402299 / 2.880683, -1.702055, 2.402299; 1, 33, 1, 0; 0.479468916279; 1, 0, 1; 1, 0, 0; 3, 1, 2 ;
0,5; 2.892980, -1.675514, 2.415838 / 2.892980, -1.675514, 2.415838 / 2.892980, -1.675514, 2.415838; 1, 33, 1, 0; 0.479517660383; 1, 0, 1; 1, 0, 0; 2, 1, 2 ;
0,5; 2.915310, -1.642724, 2.442727 / 2.915310, -1.642724, 2.442727 / 2.915310, -1.642724, 2.442727; 1, 33, 1, 0; 0.480835085776; 0, 1, 0; 1, 0, 0; 1, 7, 0 / 1, 9, 0 / 3, 1, 1 ;
0,5; 2.978621, -1.549064, 2.610934 / 2.978621, -1.549064, 2.610934 / 2.978621, -1.549064, 2.610934; 1, 34, 1, 0; 0.438908920370; 0, 1, 0; 1, 0, 0; 3, 1, 1 / 4, 1, 0 ;
0,5; 2.967097, -1.538786, 2.866272 / 2.967528, -1.538514, 2.867245 / 2.966667, -1.539058, 2.865299; 1, 35, 1, 0; 0.432941725086; 2, 3, 1; 3, 2, 0; 1, 7, 0 / 2, 2, 0 / 2, 3, 1 / 2, 9, 3 / 3, 6, 1 / 3, 7, 0 / 4, 1, 1 / 4, 5, 2 ;
0,5; 2.966265, -1.536890, 2.867572 / 2.966444, -1.536254, 2.867815 / 2.966085, -1.537525, 2.867330; 1, 35, 1, 0; 0.432941982723; 1, 0, 2; 1, 1, 0; 1, 4, 2 / 2, 1, 2 ;
0,5; 2.968850, -1.538399, 2.865437 / 2.968850, -1.538399, 2.865437 / 2.968850, -1.538399, 2.865437; 1, 35, 1, 0; 0.432941583386; 0, 1, 0; 0, 1, 0; 4, 1, 1 ;
0,5; 2.965732, -1.535411, 2.844436 / 2.966435, -1.534623, 2.844893 / 2.965029, -1.536200, 2.843978; 1, 35, 1, 0; 0.432895865699; 0, 3, 0; 3, 0, 0; 2, 1, 1 / 2, 6, 1 / 3, 8, 1 ;
0,5; 2.964747, -1.519697, 2.842237 / 2.964870, -1.519462, 2.842513 / 2.964625, -1.519931, 2.841961; 1, 35, 1, 0; 0.432886127020; 1, 0, 2; 2, 0, 0; 2, 3, 2 / 3, 1, 2 / 3, 4, 0 / 4, 10, 0 ;
0,5; 2.964335, -1.539335, 2.838773 / 2.964335, -1.539335, 2.838773 / 2.964335, -1.539335, 2.838773; 1, 35, 1, 0; 0.432873258052; 1, 0, 1; 1, 0, 0; 2, 1, 2 / 3, 10, 0 ;
0,5; 2.972638, -1.530670, 2.848074 / 2.972638, -1.530670, 2.848074 / 2.972638, -1.530670, 2.848074; 1, 35, 1, 0; 0.432892400481; 1, 0, 1; 1, 0, 0; 2, 1, 2 ;
0,5; 2.962736, -1.537724, 2.842846 / 2.962736, -1.537724, 2.842846 / 2.962736, -1.537724, 2.842846; 1, 35, 1, 0; 0.432897321348; 1, 0, 1; 1, 0, 0; 3, 1, 2 ;
0,5; 2.964381, -1.544891, 2.872671 / 2.964381, -1.544891, 2.872671 / 2.964381, -1.544891, 2.872671; 1, 35, 1, 0; 0.432942948862; 1, 0, 1; 1, 0, 0; 3, 1, 2 ;
0,5; 0.633646, 0.003851, 2.918986 / 0.633675, 0.004198, 2.919152 / 0.633616, 0.003505, 2.918820; 1, 38, 1, 0; 0.988145523736; 1, 0, 2; 2, 0, 0; 2, 1, 2 / 3, 3, 2 ;
0,5; 0.635126, 0.002660, 2.909886 / 0.635126, 0.002660, 2.909886 / 0.635126, 0.002660, 2.909886; 1, 38, 1, 0; 0.988117602577; 1, 0, 1; 1, 0, 0; 3, 1, 2 ;
0,5; 0.426670, 0.282233, 3.026709 / 0.426670, 0.282233, 3.026709 / 0.426670, 0.282233, 3.026709; 1, 38, 1, 0; 0.999483780011; 1, 0, 1; 1, 0, 0; 3, 1, 2 ;
0,5; 0.020400, 0.811746, 3.241705 / 0.020685, 0.812246, 3.242054 / 0.020116, 0.811246, 3.241355; 1, 42, 1, 0; 0.213318333730; 0, 1, 0; 1, 1, 0; 2, 10, 0 / 3, 3, 1 / 4, 1, 3 ;
0,5; -0.122693, 0.520450, 3.134370 / -0.122693, 0.520450, 3.134370 / -0.122693, 0.520450, 3.134370; 1, 42, 1, 0; 0.030364746968; 1, 0, 1; 0, 1, 0; 1, 1, 2 ;
0,5; -0.404915, 1.649878, 3.494305 / -0.404807, 1.650390, 3.494876 / -0.405023, 1.649366, 3.493734; 1, 45, 1, 0; 0.414979665490; 2, 1, 1; 1, 2, 1; 1, 6, 1 / 3, 1, 3 / 3, 2, 0 / 4, 3, 2 / 4, 7, 0 ;
0,5; -0.433724, 1.405470, 3.484749 / -0.433724, 1.405470, 3.484749 / -0.433724, 1.405470, 3.484749; 1, 45, 1, 0; 0.266287925812; 1, 0, 1; 1, 0, 0; 3, 1, 2 ;
0,5; -0.452607, 1.508216, 3.499181 / -0.452607, 1.508216, 3.499181 / -0.452607, 1.508216, 3.499181; 1, 45, 1, 0; 0.270191558210; 1, 0, 1; 1, 0, 0; 3, 1, 2 ;
0,5; -0.615653, 1.658358, 3.585470 / -0.615653, 1.658358, 3.585470 / -0.615653, 1.658358, 3.585470; 1, 45, 1, 0; 0.411014028947; 1, 0, 1; 1, 0, 0; 3, 1, 2 ;
0,5; -0.411481, 1.656315, 3.496748 / -0.411481, 1.656315, 3.496748 / -0.411481, 1.656315, 3.496748; 1, 45, 1, 0; 0.415011108511; 1, 0, 1; 1, 0, 0; 2, 1, 2 ;
0,5; -0.624051, 1.667126, 3.589892 / -0.624051, 1.667126, 3.589892 / -0.624051, 1.667126, 3.589892; 1, 45, 1, 0; 0.422731031582; 1, 0, 1; 1, 0, 0; 3, 1, 2 ;
0,5; -0.630213, 1.684180, 3.594054 / -0.630213, 1.684180, 3.594054 / -0.630213, 1.684180, 3.594054; 1, 45, 1, 0; 0.422753180765; 1, 0, 1; 1, 0, 0; 3, 1, 2 ;
0,5; -0.644268, 1.689527, 3.602169 / -0.644268, 1.689527, 3.602169 / -0.644268, 1.689527, 3.602169; 1, 45, 1, 0; 0.422777806044; 1, 0, 1; 1, 0, 0; 3, 1, 2 ;
0,5; -0.639983, 1.684822, 3.607232 / -0.639983, 1.684822, 3.607232 / -0.639983, 1.684822, 3.607232; 1, 45, 1, 0; 0.422778755779; 1, 0, 1; 1, 0, 0; 3, 1, 2 ;
0,5; -0.637254, 1.689777, 3.603207 / -0.637254, 1.689777, 3.603207 / -0.637254, 1.689777, 3.603207; 1, 45, 1, 0; 0.422780366937; 1, 0, 1; 1, 0, 0; 2, 1, 2 ;
0,5; -1.035740, 2.213343, 3.814853 / -1.035740, 2.213343, 3.814853 / -1.035740, 2.213343, 3.814853; 1, 46, 1, 0; 0.464494699374; 0, 1, 0; 0, 1, 0; 4, 1, 1 ;
1,6; -0.202483, -2.31393, -3.1381 / -0.202264, -2.31309, -3.13763 / -0.202702, -2.31478, -3.13857; 1, 3, 1, 0; 0.071146995652; 0, 2, 0; 1, 1, 0; 1, 1, 1 / 3, 8, 1 ;
0,6; -0.279680, -2.615584, -2.689453 / -0.279680, -2.615584, -2.689453 / -0.279680, -2.615584, -2.689453; 1, 3, 1, 0; 0.516392481373; 1, 0, 1; 0, 1, 0; 4, 1, 2 ;
0,6; -0.174274, -2.375188, -2.372748 / -0.174274, -2.375188, -2.372748 / -0.174274, -2.375188, -2.372748; 1, 3, 1, 0; 0.936253460511; 0, 1, 0; 0, 1, 0; 1, 1, 1 ;
0,6; -0.222585, -2.276938, -3.142667 / -0.222585, -2.276938, -3.142667 / -0.222585, -2.276938, -3.142667; 1, 3, 1, 0; 0.071170319596; 1, 0, 1; 1, 0, 0; 2, 1, 2 / 3, 3, 0 ;
0,6; -0.162469, -2.555711, -3.044601 / -0.162469, -2.555711, -3.044601 / -0.162469, -2.555711, -3.044601; 1, 3, 1, 0; 0.417854156844; 1, 0, 1; 1, 0, 0; 2, 1, 2 ;
0,6; -0.282950, -2.616758, -2.690411 / -0.282950, -2.616758, -2.690411 / -0.282950, -2.616758, -2.690411; 1, 3, 1, 0; 0.516392570026; 1, 0, 1; 1, 0, 0; 3, 1, 2 ;
0,6; -0.278778, -2.607896, -2.678579 / -0.278778, -2.607896, -2.678579 / -0.278778, -2.607896, -2.678579; 1, 3, 1, 0; 0.516398707270; 1, 0, 1; 1, 0, 0; 3, 1, 2 ;
0,6; -0.280695, -2.607526, -2.678216 / -0.280695, -2.607526, -2.678216 / -0.280695, -2.607526, -2.678216; 1, 3, 1, 0; 0.516398755626; 1, 0, 1; 1, 0, 0; 2, 1, 2 / 4, 7, 0 ;
0,6; -0.199826, -2.443544, -2.463698 / -0.199826, -2.443544, -2.463698 / -0.199826, -2.443544, -2.463698; 1, 3, 1, 0; 0.935375508247; 1, 0, 1; 1, 0, 0; 3, 1, 2 ;
0,6; -0.204678, -2.438431, -2.456658 / -0.204678, -2.438431, -2.456658 / -0.204678, -2.438431, -2.456658; 1, 3, 1, 0; 0.935376020020; 1, 0, 1; 1, 0, 0; 3, 1, 2 ;
0,6; -0.200223, -2.441310, -2.456042 / -0.200223, -2.441310, -2.456042 / -0.200223, -2.441310, -2.456042; 1, 3, 1, 0; 0.935376104643; 1, 0, 1; 1, 0, 0; 2, 1, 2 ;
0,6; -0.020600, -2.025787, -1.911570 / -0.020600, -2.025787, -1.911570 / -0.020600, -2.025787, -1.911570; 1, 5, 1, 0; 0.826991999616; 0, 1, 0; 0, 1, 0; 1, 1, 1 ;
0,6; -0.019279, -2.022731, -1.905394 / -0.019279, -2.022731, -1.905394 / -0.019279, -2.022731, -1.905394; 1, 5, 1, 0; 0.826992190755; 0, 1, 0; 0, 1, 0; 1, 1, 1 / 1, 10, 0 ;
0,6; -0.484886, -2.017636, -3.199117 / -0.484886, -2.017636, -3.199117 / -0.484886, -2.017636, -3.199117; 1, 5, 1, 0; 0.037085535105; 1, 0, 1; 1, 0, 0; 1, 1, 0 / 2, 1, 2 / 2, 2, 0 ;
0,6; -0.482083, -2.011685, -3.117528 / -0.482083, -2.011685, -3.117528 / -0.482083, -2.011685, -3.117528; 1, 5, 1, 0; 0.037125076333; 0, 1, 0; 1, 0, 0; 2, 1, 1 ;
0,6; -0.476923, -2.013122, -3.117527 / -0.476923, -2.013122, -3.117527 / -0.476923, -2.013122, -3.117527; 1, 5, 1, 0; 0.037125576234; 1, 0, 1; 1, 0, 0; 2, 1, 2 ;
0,6; -0.044525, -2.081351, -1.988657 / -0.044525, -2.081351, -1.988657 / -0.044525, -2.081351, -1.988657; 1, 5, 1, 0; 0.826886343966; 1, 0, 1; 1, 0, 0; 2, 1, 2 ;
0,6; -0.040543, -2.068640, -1.972226 / -0.040543, -2.068640, -1.972226 / -0.040543, -2.068640, -1.972226; 1, 5, 1, 0; 0.826902727992; 1, 0, 1; 1, 0, 0; 3, 1, 2 ;
0,6; -0.028284, -2.042162, -1.933790 / -0.028284, -2.042162, -1.933790 / -0.028284, -2.042162, -1.933790; 1, 5, 1, 0; 0.826971675189; 1, 0, 1; 1, 0, 0; 3, 1, 2 ;
0,6; -0.018815, -2.017849, -1.907332 / -0.018815, -2.017849, -1.907332 / -0.018815, -2.017849, -1.907332; 1, 5, 1, 0; 0.826992298576; 1, 0, 1; 1, 0, 0; 3, 1, 2 / 4, 1, 0 ;
0,6; 0.948991, -2.061495, -1.375929 / 0.948991, -2.061495, -1.375929 / 0.948991, -2.061495, -1.375929; 1, 8, 1, 0; 0.638021453679; 1, 0, 1; 0, 1, 0; 1, 1, 2 ;
0,6; 0.362721, -1.997865, -1.319048 / 0.362721, -1.997865, -1.319048 / 0.362721, -1.997865, -1.319048; 1, 8, 1, 0; 0.642916102890; 0, 1, 0; 0, 1, 0; 4, 1, 1 ;
0,6; 1.035423, -2.071529, -1.392476 / 1.035551, -2.071404, -1.392472 / 1.035295, -2.071655, -1.392481; 1, 8, 1, 0; 0.639167354448; 0, 1, 0; 2, 0, 0; 1, 4, 0 / 2, 2, 3 / 3, 1, 1 ;
0,6; 0.749748, -2.173938, -1.320153 / 0.749748, -2.173938, -1.320153 / 0.749748, -2.173938, -1.320153; 1, 8, 1, 0; 0.598520195218; 0, 0, 0; 1, 0, 0; 2, 1, 3 / 4, 1, 0 ;
0,6; 1.020444, -2.055341, -1.402857 / 1.020444, -2.055341, -1.402857 / 1.020444, -2.055341, -1.402857; 1, 8, 1, 0; 0.639155720964; 1, 0, 1; 1, 0, 0; 2, 1, 2 ;
0,6; 1.034891, -2.067130, -1.397271 / 1.034891, -2.067130, -1.397271 / 1.034891, -2.067130, -1.397271; 1, 8, 1, 0; 0.639157771526; 1, 0, 1; 1, 0, 0; 3, 1, 2 ;
0,6; 0.363575, -1.999687, -1.315917 / 0.363575, -1.999687, -1.315917 / 0.363575, -1.999687, -1.315917; 1, 8, 1, 0; 0.642916174481; 1, 0, 1; 1, 0, 0; 1, 6, 0 / 3, 1, 2 ;
0,6; 0.378026, -1.341380, -1.439004 / 0.378026, -1.341380, -1.439004 / 0.378026, -1.341380, -1.439004; 1, 8, 1, 0; 0.714539124814; 1, 0, 1; 1, 0, 0; 2, 1, 2 ;
0,6; 0.249695, -1.409234, -1.099343 / 0.249695, -1.409234, -1.099343 / 0.249695, -1.409234, -1.099343; 1, 11, 1, 0; 0.550461216545; 0, 1, 0; 0, 1, 0; 4, 1, 1 ;
0,6; 0.340551, -1.209132, -0.828922 / 0.340956, -1.209097, -0.827962 / 0.340147, -1.209166, -0.829883; 1, 16, 1, 0; 0.008977024935; 2, 1, 1; 0, 2, 0; 1, 1, 2 / 1, 9, 1 ;
0,6; 0.353792, -1.168738, -0.776630 / 0.353792, -1.168738, -0.776630 / 0.353792, -1.168738, -0.776630; 1, 16, 1, 0; 0.009505479566; 1, 0, 1; 0, 1, 0; 1, 1, 2 ;
0,6; 0.698735, -0.402545, 0.243012 / 0.698775, -0.401935, 0.243156 / 0.698695, -0.403155, 0.242869; 1, 16, 1, 0; 0.760341016244; 1, 0, 2; 2, 0, 0; 2, 1, 2 / 2, 9, 2 ;
0,6; 0.330605, -1.226255, -0.853678 / 0.330605, -1.226255, -0.853678 / 0.330605, -1.226255, -0.853678; 1, 16, 1, 0; 0.008956719333; 0, 1, 0; 1, 0, 0; 3, 1, 1 ;
0,6; 0.375103, -1.125170, -0.719127 / 0.375103, -1.125170, -0.719127 / 0.375103, -1.125170, -0.719127; 1, 16, 1, 0; 0.009561688312; 0, 0, 0; 1, 0, 0; 3, 1, 3 ;
0,6; 0.375275, -1.122588, -0.716993 / 0.375275, -1.122588, -0.716993 / 0.375275, -1.122588, -0.716993; 1, 16, 1, 0; 0.009574151612; 0, 1, 0; 1, 0, 0; 1, 1, 0 / 2, 1, 1 ;
0,6; 0.373983, -1.111795, -0.709616 / 0.373983, -1.111795, -0.709616 / 0.373983, -1.111795, -0.709616; 1, 16, 1, 0; 0.009575598185; 1, 0, 1; 1, 0, 0; 2, 1, 2 ;
0,6; 0.402584, -1.079601, -0.663380 / 0.402584, -1.079601, -0.663380 / 0.402584, -1.079601, -0.663380; 1, 16, 1, 0; 0.010288383749; 1, 0, 1; 1, 0, 0; 3, 1, 2 ;
0,6; 0.407330, -1.046347, -0.607126 / 0.407330, -1.046347, -0.607126 / 0.407330, -1.046347, -0.607126; 1, 16, 1, 0; 0.221750145997; 1, 0, 1; 1, 0, 0; 3, 1, 2 ;
0,6; 0.570265, -0.676331, -0.122543 / 0.570265, -0.676331, -0.122543 / 0.570265, -0.676331, -0.122543; 1, 16, 1, 0; 0.382164522256; 1, 0, 1; 1, 0, 0; 2, 1, 2 ;
0,6; 0.590342, -0.625630, -0.070851 / 0.590342, -0.625630, -0.070851 / 0.590342, -0.625630, -0.070851; 1, 16, 1, 0; 0.383502950742; 1, 0, 1; 1, 0, 0; 2, 1, 2 ;
0,6; 0.677071, -0.447744, 0.199611 / 0.677071, -0.447744, 0.199611 / 0.677071, -0.447744, 0.199611; 1, 16, 1, 0; 0.759620723233; 1, 0, 1; 1, 0, 0; 3, 1, 2 ;
0,6; 0.867133, -0.012581, 0.757023 / 0.867133, -0.012581, 0.757023 / 0.867133, -0.012581, 0.757023; 1, 23, 1, 0; 0.228629734895; 1, 0, 1; 1, 0, 0; 2, 1, 2 ;
0,6; 0.875456, -0.013587, 0.759824 / 0.875456, -0.013587, 0.759824 / 0.875456, -0.013587, 0.759824; 1, 23, 1, 0; 0.228630311307; 1, 0, 1; 1, 0, 0; 2, 1, 2 ;
0,6; 0.863852, -0.007176, 0.756221 / 0.863852, -0.007176, 0.756221 / 0.863852, -0.007176, 0.756221; 1, 23, 1, 0; 0.228642460305; 1, 0, 1; 1, 0, 0; 3, 1, 2 ;
0,6; 1.377335, 0.127035, 1.476481 / 1.377335, 0.127035, 1.476481 / 1.377335, 0.127035, 1.476481; 1, 23, 1, 0; 0.673503448867; 1, 0, 1; 1, 0, 0; 3, 1, 2 ;
0,6; 1.058691, 0.418762, 1.330234 / 1.058870, 0.419601, 1.330898 / 1.058512, 0.417923, 1.329569; 1, 26, 1, 0; 0.893497852642; 2, 2, 1; 1, 2, 1; 1, 3, 1 / 2, 3, 1 / 4, 1, 2 / 4, 4, 0 ;
0,6; 1.058984, 0.419831, 1.334397 / 1.058984, 0.419831, 1.334397 / 1.058984, 0.419831, 1.334397; 1, 26, 1, 0; 0.893498949895; 1, 0, 1; 0, 1, 0; 1, 1, 2 ;
0,6; 1.030521, 0.314420, 1.256985 / 1.030521, 0.314420, 1.256985 / 1.030521, 0.314420, 1.256985; 1, 26, 1, 0; 0.891625956881; 1, 0, 1; 1, 0, 0; 3, 1, 2 ;
0,6; 1.041392, 0.373295, 1.284553 / 1.041392, 0.373295, 1.284553 / 1.041392, 0.373295, 1.284553; 1, 26, 1, 0; 0.892036646522; 1, 0, 1; 1, 0, 0; 3, 1, 2 ;
0,6; 1.037503, 0.377698, 1.283699 / 1.037503, 0.377698, 1.283699 / 1.037503, 0.377698, 1.283699; 1, 26, 1, 0; 0.892052616690; 1, 0, 1; 1, 0, 0; 3, 1, 2 ;
0,6; 1.059770, 0.418031, 1.330924 / 1.061027, 0.418359, 1.331117 / 1.058512, 0.417704, 1.330732; 1, 26, 1, 0; 0.893497869787; 1, 0, 1; 2, 1, 0; 1, 1, 1 / 2, 1, 1 / 3, 10, 2 / 4, 2, 0 ;
0,6; 1.377430, 0.663767, 1.921940 / 1.377430, 0.663767, 1.921940 / 1.377430, 0.663767, 1.921940; 1, 28, 1, 0; 0.696499633501; 1, 0, 1; 0, 1, 0; 4, 1, 2 ;
0,6; 1.481940, 1.370092, 2.599041 / 1.481940, 1.370092, 2.599041 / 1.481940, 1.370092, 2.599041; 1, 35, 1, 0; 0.195589074130; 0, 1, 0; 0, 1, 0; 3, 1, 0 / 4, 1, 1 / 4, 5, 0 ;
0,6; 1.482743, 1.372431, 2.600198 / 1.482743, 1.372431, 2.600198 / 1.482743, 1.372431, 2.600198; 1, 35, 1, 0; 0.195590607070; 1, 0, 1; 0, 1, 0; 4, 1, 2 ;
0,6; 1.483100, 1.377277, 2.605632 / 1.483100, 1.377277, 2.605632 / 1.483100, 1.377277, 2.605632; 1, 35, 1, 0; 0.195594304161; 1, 0, 1; 0, 1, 0; 4, 1, 2 ;
0,6; 1.481667, 1.362718, 2.600424 / 1.481667, 1.362718, 2.600424 / 1.481667, 1.362718, 2.600424; 1, 35, 1, 0; 0.195585338393; 1, 0, 1; 1, 0, 0; 3, 1, 2 ;
0,6; 1.633924, 1.717442, 3.047497 / 1.634299, 1.717478, 3.047812 / 1.633550, 1.717407, 3.047181; 1, 39, 1, 0; 0.757507339305; 2, 1, 1; 0, 2, 1; 1, 1, 1 / 1, 10, 0 / 4, 7, 2 ;
0,6; 1.564845, 1.557881, 2.848700 / 1.565028, 1.558190, 2.849199 / 1.564663, 1.557573, 2.848202; 1, 39, 1, 0; 0.754325648279; 0, 3, 0; 1, 2, 0; 1, 2, 1 / 1, 3, 1 / 1, 4, 0 / 2, 1, 1 ;
0,6; 1.633090, 1.715085, 3.043897 / 1.633939, 1.715520, 3.044361 / 1.632242, 1.714650, 3.043434; 1, 39, 1, 0; 0.757480198020; 2, 1, 2; 1, 2, 0; 3, 3, 0 / 3, 4, 0 / 3, 6, 2 / 4, 1, 1 / 4, 4, 2 ;
0,6; 1.629489, 1.706059, 3.043687 / 1.630440, 1.706353, 3.044240 / 1.628538, 1.705764, 3.043134; 1, 39, 1, 0; 0.757481298130; 2, 2, 1; 1, 2, 0; 1, 1, 2 / 1, 5, 1 / 2, 3, 0 / 2, 8, 0 / 2, 9, 1 / 3, 8, 0 / 4, 7, 0 ;
0,6; 1.632425, 1.719022, 3.046542 / 1.632937, 1.719193, 3.047178 / 1.631914, 1.718852, 3.045907; 1, 39, 1, 0; 0.757507527896; 0, 2, 0; 0, 2, 0; 4, 1, 1 / 4, 8, 1 ;
0,6; 1.630771, 1.706700, 3.042564 / 1.631102, 1.707637, 3.043134 / 1.630440, 1.705764, 3.041994; 1, 39, 1, 0; 0.757481423857; 0, 1, 0; 1, 1, 0; 2, 1, 1 / 4, 9, 1 ;
0,6; 1.629800, 1.716356, 3.041898 / 1.629800, 1.716356, 3.041898 / 1.629800, 1.716356, 3.041898; 1, 39, 1, 0; 0.757482256797; 1, 0, 1; 0, 1, 0; 4, 1, 2 ;
0,6; 1.630878, 1.718572, 3.042111 / 1.631552, 1.719415, 3.042372 / 1.630204, 1.717729, 3.041850; 1, 39, 1, 0; 0.757509633821; 0, 2, 0; 2, 0, 0; 2, 7, 1 / 2, 8, 0 / 3, 1, 1 ;
0,6; 1.630026, 1.702572, 3.045915 / 1.630026, 1.702572, 3.045915 / 1.630026, 1.702572, 3.045915; 1, 39, 1, 0; 0.757452270941; 1, 0, 1; 1, 0, 0; 2, 1, 2 ;
0,6; 1.629382, 1.702815, 3.042362 / 1.629382, 1.702815, 3.042362 / 1.629382, 1.702815, 3.042362; 1, 39, 1, 0; 0.757454093981; 0, 1, 0; 1, 0, 0; 3, 1, 1 ;
0,6; 1.633373, 1.707163, 3.044518 / 1.633373, 1.707163, 3.044518 / 1.633373, 1.707163, 3.044518; 1, 39, 1, 0; 0.757479663681; 1, 0, 1; 1, 0, 0; 3, 1, 2 ;
0,6; 1.634186, 1.717501, 3.048545 / 1.634299, 1.717525, 3.049278 / 1.634073, 1.717478, 3.047812; 1, 39, 1, 0; 0.757507197863; 1, 0, 1; 1, 1, 0; 1, 10, 1 / 2, 1, 2 ;
0,6; 1.634377, 1.724442, 3.043997 / 1.634377, 1.724442, 3.043997 / 1.634377, 1.724442, 3.043997; 1, 39, 1, 0; 0.757508203678; 1, 0, 1; 1, 0, 0; 2, 1, 2 ;
0,6; 1.632031, 1.719913, 3.041993 / 1.632511, 1.720411, 3.042135 / 1.631552, 1.719415, 3.041850; 1, 39, 1, 0; 0.757509728116; 1, 0, 1; 2, 0, 0; 2, 1, 1 / 2, 2, 0 / 2, 6, 2 ;
0,6; 2.544454, 2.353039, 2.788467 / 2.544454, 2.353039, 2.788467 / 2.544454, 2.353039, 2.788467; 1, 40, 1, 0; 0.033760710357; 1, 0, 1; 1, 0, 0; 2, 1, 2 ;
0,6; 1.683341, 1.802092, 3.195010 / 1.683358, 1.802163, 3.195099 / 1.683323, 1.802021, 3.194921; 1, 42, 1, 0; 0.792616565070; 0, 2, 0; 2, 0, 0; 2, 1, 1 / 2, 2, 1 ;
0,6; 1.674920, 1.805824, 3.180033 / 1.674920, 1.805824, 3.180033 / 1.674920, 1.805824, 3.180033; 1, 42, 1, 0; 0.792641557455; 1, 0, 1; 1, 0, 0; 2, 1, 2 ;
0,6; 2.309828, 2.211652, 3.148536 / 2.309828, 2.211652, 3.148536 / 2.309828, 2.211652, 3.148536; 1, 43, 1, 0; 0.111766290675; 1, 0, 1; 1, 0, 0; 2, 1, 2 ;
0,6; 2.315758, 2.212738, 3.142403 / 2.315758, 2.212738, 3.142403 / 2.315758, 2.212738, 3.142403; 1, 43, 1, 0; 0.111768727293; 1, 0, 1; 1, 0, 0; 3, 1, 2 ;
0,6; 2.312527, 2.215232, 3.144049 / 2.312527, 2.215232, 3.144049 / 2.312527, 2.215232, 3.144049; 1, 43, 1, 0; 0.111769321590; 1, 0, 1; 1, 0, 0; 3, 1, 2 ;
0,6; 2.306170, 2.209595, 3.157928 / 2.306170, 2.209595, 3.157928 / 2.306170, 2.209595, 3.157928; 1, 43, 1, 0; 0.111797689373; 1, 0, 1; 1, 0, 0; 3, 1, 2 ;
0,6; 2.304856, 2.208723, 3.143411 / 2.304856, 2.208723, 3.143411 / 2.304856, 2.208723, 3.143411; 1, 43, 1, 0; 0.111803632344; 1, 0, 1; 1, 0, 0; 2, 1, 2 ;
0,6; 1.813537, 2.117831, 3.595014 / 1.813872, 2.117889, 3.595054 / 1.813202, 2.117772, 3.594974; 1, 45, 1, 0; 0.550543859114; 2, 1, 1; 2, 0, 0; 2, 1, 2 / 3, 2, 0 / 3, 3, 1 ;
0,6; 1.812007, 2.114546, 3.590115 / 1.812007, 2.114546, 3.590115 / 1.812007, 2.114546, 3.590115; 1, 45, 1, 0; 0.550514756512; 1, 0, 1; 1, 0, 0; 2, 1, 2 ;
0,6; 1.822148, 2.140979, 3.631816 / 1.822148, 2.140979, 3.631816 / 1.822148, 2.140979, 3.631816; 1, 45, 1, 0; 0.553870459502; 1, 0, 1; 1, 0, 0; 3, 1, 2 ;
0,6; 1.828639, 2.149651, 3.636257 / 1.828639, 2.149651, 3.636257 / 1.828639, 2.149651, 3.636257; 1, 45, 1, 0; 0.553872952557; 0, 1, 0; 1, 0, 0; 3, 1, 1 ;
0,6; 1.825584, 2.157046, 3.647265 / 1.825584, 2.157046, 3.647265 / 1.825584, 2.157046, 3.647265; 1, 45, 1, 0; 0.553905888019; 1, 0, 1; 1, 0, 0; 3, 1, 2 ;
0,6; 2.049029, 2.044475, 3.472588 / 2.049029, 2.044475, 3.472588 / 2.049029, 2.044475, 3.472588; 1, 45, 1, 0; 0.554019093071; 1, 0, 1; 1, 0, 0; 3, 1, 2 ;
0,6; 2.023998, 2.029197, 3.487109 / 2.023998, 2.029197, 3.487109 / 2.023998, 2.029197, 3.487109; 1, 45, 1, 0; 0.554065172190; 1, 0, 1; 1, 0, 0; 3, 1, 2 ;
0,6; 2.044360, 2.056079, 3.455307 / 2.044360, 2.056079, 3.455307 / 2.044360, 2.056079, 3.455307; 1, 45, 1, 0; 0.557053989058; 0, 1, 0; 1, 0, 0; 3, 1, 1 ;
1,7; 3.56621, -0.170549, -2.96017 / 3.56672, -0.170481, -2.96012 / 3.5657, -0.170618, -2.96022; 1, 3, 1, 0; 0.298836224648; 2, 1, 1; 1, 1, 0; 2, 1, 1 / 4, 5, 2 ;
0,7; 2.720632, -0.977240, -2.885043 / 2.721043, -0.976736, -2.884897 / 2.720220, -0.977745, -2.885189; 1, 3, 1, 0; 0.325689865690; 2, 1, 1; 1, 1, 0; 1, 1, 1 / 2, 1, 0 / 2, 5, 2 ;
0,7; 2.027284, -0.751477, -2.694515 / 2.027284, -0.751477, -2.694515 / 2.027284, -0.751477, -2.694515; 1, 3, 1, 0; 0.630795101488; 1, 0, 1; 0, 1, 0; 4, 1, 2 ;
0,7; 0.726839, -1.227754, -2.454116 / 0.726839, -1.227754, -2.454116 / 0.726839, -1.227754, -2.454116; 1, 3, 1, 0; 0.844773925378; 0, 1, 0; 0, 1, 0; 1, 3, 0 / 2, 2, 0 / 2, 6, 0 / 3, 5, 0 / 3, 6, 0 / 4, 1, 1 ;
0,7; 0.154996, -1.458366, -2.372445 / 0.154996, -1.458366, -2.372445 / 0.154996, -1.458366, -2.372445; 1, 3, 1, 0; 0.854196456276; 1, 0, 1; 0, 1, 0; 4, 1, 2 ;
0,7; -0.227732, -1.605810, -2.305987 / -0.227732, -1.605810, -2.305987 / -0.227732, -1.605810, -2.305987; 1, 3, 1, 0; 0.895019882574; 1, 0, 1; 0, 1, 0; 4, 1, 2 ;
0,7; -0.225179, -1.591390, -2.300340 / -0.225179, -1.591390, -2.300340 / -0.225179, -1.591390, -2.300340; 1, 3, 1, 0; 0.895028610920; 1, 0, 1; 0, 1, 0; 4, 1, 2 ;
0,7; 3.499141, -0.198577, -2.948746 / 3.499141, -0.198577, -2.948746 / 3.499141, -0.198577, -2.948746; 1, 3, 1, 0; 0.298548834004; 1, 0, 1; 1, 0, 0; 3, 1, 2 ;
0,7; 3.564975, -0.173102, -2.957322 / 3.564975, -0.173102, -2.957322 / 3.564975, -0.173102, -2.957322; 1, 3, 1, 0; 0.298836933877; 1, 0, 1; 1, 0, 0; 2, 1, 2 ;
0,7; 2.595476, -0.944437, -2.844249 / 2.595476, -0.944437, -2.844249 / 2.595476, -0.944437, -2.844249; 1, 3, 1, 0; 0.326367980754; 0, 1, 0; 1, 0, 0; 2, 1, 1 ;
0,7; 2.592273, -0.940771, -2.835409 / 2.592273, -0.940771, -2.835409 / 2.592273, -0.940771, -2.835409; 1, 3, 1, 0; 0.326368238655; 1, 0, 1; 1, 0, 0; 3, 1, 2 ;
0,7; 1.069983, -1.115778, -2.532645 / 1.069983, -1.115778, -2.532645 / 1.069983, -1.115778, -2.532645; 1, 3, 1, 0; 0.608294293532; 1, 0, 1; 1, 0, 0; 2, 1, 2 ;
0,7; 1.526044, -0.938899, -2.601429 / 1.526044, -0.938899, -2.601429 / 1.526044, -0.938899, -2.601429; 1, 3, 1, 0; 0.610208730763; 1, 0, 1; 1, 0, 0; 2, 1, 2 ;
0,7; 1.529059, -0.934843, -2.608085 / 1.529059, -0.934843, -2.608085 / 1.529059, -0.934843, -2.608085; 1, 3, 1, 0; 0.610209069259; 1, 0, 1; 1, 0, 0; 2, 1, 2 ;
0,7; 1.535140, -0.934094, -2.607825 / 1.535140, -0.934094, -2.607825 / 1.535140, -0.934094, -2.607825; 1, 3, 1, 0; 0.610209645507; 1, 0, 1; 1, 0, 0; 3, 1, 2 ;
0,7; 2.041515, -0.743284, -2.697903 / 2.041515, -0.743284, -2.697903 / 2.041515, -0.743284, -2.697903; 1, 3, 1, 0; 0.630791047603; 1, 0, 1; 1, 0, 0; 3, 1, 2 ;
0,7; 1.765377, -0.856555, -2.649020 / 1.765377, -0.856555, -2.649020 / 1.765377, -0.856555, -2.649020; 1, 3, 1, 0; 0.632934428608; 1, 0, 1; 1, 0, 0; 2, 1, 2 ;
0,7; 0.724752, -1.229945, -2.454600 / 0.724752, -1.229945, -2.454600 / 0.724752, -1.229945, -2.454600; 1, 3, 1, 0; 0.844773981794; 1, 0, 1; 1, 0, 0; 2, 1, 2 ;
0,7; 0.161781, -1.454828, -2.374059 / 0.161781, -1.454828, -2.374059 / 0.161781, -1.454828, -2.374059; 1, 3, 1, 0; 0.854188840129; 1, 0, 1; 1, 0, 0; 3, 1, 2 ;
0,7; 0.145657, -1.460660, -2.371120 / 0.145657, -1.460660, -2.371120 / 0.145657, -1.460660, -2.371120; 1, 3, 1, 0; 0.854196681939; 0, 1, 0; 1, 0, 0; 3, 1, 1 ;
0,7; 0.341077, -1.379218, -2.404459 / 0.341077, -1.379218, -2.404459 / 0.341077, -1.379218, -2.404459; 1, 3, 1, 0; 0.854839504830; 1, 0, 1; 1, 0, 0; 2, 1, 2 ;
0,7; -0.253979, -1.623186, -2.330800 / -0.253979, -1.623186, -2.330800 / -0.253979, -1.623186, -2.330800; 1, 3, 1, 0; 0.894723896565; 0, 1, 0; 1, 0, 0; 3, 1, 1 / 3, 4, 0 ;
0,7; -0.253725, -1.622644, -2.317047 / -0.253725, -1.622644, -2.317047 / -0.253725, -1.622644, -2.317047; 1, 3, 1, 0; 0.894731109741; 1, 0, 1; 1, 0, 0; 2, 1, 2 ;
0,7; -0.249695, -1.623207, -2.318746 / -0.249695, -1.623207, -2.318746 / -0.249695, -1.623207, -2.318746; 1, 3, 1, 0; 0.894731629573; 1, 0, 1; 1, 0, 0; 2, 1, 2 ;
0,7; -0.229402, -1.603871, -2.301743 / -0.229402, -1.603871, -2.301743 / -0.229402, -1.603871, -2.301743; 1, 3, 1, 0; 0.895027442305; 1, 0, 1; 1, 0, 0; 3, 1, 2 ;
0,7; -0.181352, -1.581613, -2.310688 / -0.181352, -1.581613, -2.310688 / -0.181352, -1.581613, -2.310688; 1, 3, 1, 0; 0.895546520952; 1, 0, 1; 1, 0, 0; 3, 1, 2 ;
0,7; -0.175906, -1.548660, -2.228524 / -0.175906, -1.548660, -2.228524 / -0.175906, -1.548660, -2.228524; 1, 3, 1, 0; 0.895593507336; 1, 0, 1; 1, 0, 0; 2, 1, 2 ;
0,7; -0.097285, -1.556048, -2.330279 / -0.097285, -1.556048, -2.330279 / -0.097285, -1.556048, -2.330279; 1, 3, 1, 0; 0.895633598891; 1, 0, 1; 1, 0, 0; 3, 1, 2 ;
0,7; -0.118961, -1.556640, -2.329135 / -0.118961, -1.556640, -2.329135 / -0.118961, -1.556640, -2.329135; 1, 3, 1, 0; 0.895648113896; 1, 0, 1; 1, 0, 0; 2, 1, 2 ;
0,7; -0.893744, -0.905339, -1.738550 / -0.893744, -0.905339, -1.738550 / -0.893744, -0.905339, -1.738550; 1, 4, 1, 0; 0.971228685872; 1, 0, 1; 1, 0, 0; 2, 1, 2 ;
0,7; -0.817273, -0.911860, -1.844754 / -0.817273, -0.911860, -1.844754 / -0.817273, -0.911860, -1.844754; 1, 4, 1, 0; 0.971271251667; 1, 0, 1; 1, 0, 0; 3, 1, 2 ;
0,7; -0.178255, -1.538270, -2.148115 / -0.178189, -1.537295, -2.147329 / -0.178321, -1.539246, -2.148901; 1, 5, 1, 0; 0.896433653760; 1, 0, 2; 1, 1, 0; 1, 1, 2 / 3, 9, 2 / 3, 10, 0 ;
0,7; -0.549750, -1.719701, -2.246706 / -0.549750, -1.719701, -2.246706 / -0.549750, -1.719701, -2.246706; 1, 5, 1, 0; 0.485187580683; 1, 0, 1; 0, 1, 0; 4, 1, 2 ;
0,7; -0.482288, -1.632169, -2.177877 / -0.482288, -1.632169, -2.177877 / -0.482288, -1.632169, -2.177877; 1, 5, 1, 0; 0.486235643760; 0, 1, 0; 0, 1, 0; 1, 1, 1 ;
0,7; -0.479650, -1.418251, -1.958723 / -0.479650, -1.418251, -1.958723 / -0.479650, -1.418251, -1.958723; 1, 5, 1, 0; 0.895715314923; 0, 1, 0; 0, 1, 0; 4, 1, 1 ;
0,7; -0.784224, -0.976167, -1.879816 / -0.784224, -0.976167, -1.879816 / -0.784224, -0.976167, -1.879816; 1, 5, 1, 0; 0.924930146118; 0, 1, 0; 0, 1, 0; 1, 1, 1 ;
0,7; -0.527619, -1.698644, -2.228761 / -0.527505, -1.697956, -2.228556 / -0.527733, -1.699333, -2.228967; 1, 5, 1, 0; 0.485694765051; 1, 0, 2; 2, 0, 0; 2, 1, 2 / 3, 6, 2 ;
0,7; -1.896304, -2.218539, -1.986029 / -1.896304, -2.218539, -1.986029 / -1.896304, -2.218539, -1.986029; 1, 5, 1, 0; 0.793184426402; 1, 0, 1; 1, 0, 0; 2, 1, 2 ;
0,7; -1.897024, -2.212154, -1.971037 / -1.897024, -2.212154, -1.971037 / -1.897024, -2.212154, -1.971037; 1, 5, 1, 0; 0.793192459133; 1, 0, 1; 1, 0, 0; 2, 1, 2 ;
0,7; -1.626718, -2.120735, -2.069729 / -1.626718, -2.120735, -2.069729 / -1.626718, -2.120735, -2.069729; 1, 5, 1, 0; 0.815499876985; 1, 0, 1; 1, 0, 0; 2, 1, 2 ;
0,7; -0.451333, -1.517634, -2.019511 / -0.451333, -1.517634, -2.019511 / -0.451333, -1.517634, -2.019511; 1, 5, 1, 0; 0.894484699584; 1, 0, 1; 1, 0, 0; 3, 1, 2 ;
0,7; -0.488308, -1.406136, -1.963808 / -0.488308, -1.406136, -1.963808 / -0.488308, -1.406136, -1.963808; 1, 5, 1, 0; 0.895712933040; 0, 1, 0; 1, 0, 0; 2, 1, 1 ;
0,7; -0.162424, -1.544978, -2.149168 / -0.162424, -1.544978, -2.149168 / -0.162424, -1.544978, -2.149168; 1, 5, 1, 0; 0.896425032910; 1, 0, 1; 1, 0, 0; 2, 1, 2 ;
0,7; -0.170090, -1.538061, -2.153053 / -0.170090, -1.538061, -2.153053 / -0.170090, -1.538061, -2.153053; 1, 5, 1, 0; 0.896434187969; 1, 0, 1; 1, 0, 0; 2, 1, 2 ;
0,7; -0.190628, -1.533680, -2.152548 / -0.190628, -1.533680, -2.152548 / -0.190628, -1.533680, -2.152548; 1, 5, 1, 0; 0.896443274414; 0, 1, 0; 1, 0, 0; 3, 1, 1 ;
0,7; -0.192527, -1.530929, -2.156037 / -0.192527, -1.530929, -2.156037 / -0.192527, -1.530929, -2.156037; 1, 5, 1, 0; 0.896443921345; 1, 0, 1; 1, 0, 0; 1, 6, 0 / 2, 9, 0 / 3, 1, 2 ;
0,7; -0.192152, -1.533255, -2.160928 / -0.192152, -1.533255, -2.160928 / -0.192152, -1.533255, -2.160928; 1, 5, 1, 0; 0.896444024266; 1, 0, 1; 1, 0, 0; 3, 1, 2 ;
0,7; -0.196188, -1.528756, -2.161127 / -0.196188, -1.528756, -2.161127 / -0.196188, -1.528756, -2.161127; 1, 5, 1, 0; 0.896453140117; 0, 1, 0; 1, 0, 0; 3, 1, 1 ;
0,7; -0.786893, -0.975514, -1.877982 / -0.786893, -0.975514, -1.877982 / -0.786893, -0.975514, -1.877982; 1, 5, 1, 0; 0.924930062801; 1, 0, 1; 1, 0, 0; 3, 1, 2 / 3, 2, 0 ;
0,7; -3.242578, -2.738925, -1.786994 / -3.241737, -2.738562, -1.786665 / -3.243420, -2.739288, -1.787323; 1, 9, 1, 0; 0.067191102302; 2, 1, 2; 1, 2, 1; 1, 1, 2 / 2, 3, 2 / 4, 8, 1 ;
0,7; -3.239135, -2.738517, -1.787885 / -3.239099, -2.738315, -1.787767 / -3.239170, -2.738718, -1.788004; 1, 9, 1, 0; 0.067191248286; 2, 2, 1; 1, 2, 0; 1, 1, 2 / 1, 2, 1 / 2, 2, 1 / 2, 6, 0 ;
0,7; -3.210175, -2.725224, -1.792046 / -3.210175, -2.725224, -1.792046 / -3.210175, -2.725224, -1.792046; 1, 9, 1, 0; 0.067169766944; 1, 0, 1; 0, 1, 0; 1, 1, 2 ;
0,7; -3.213430, -2.726211, -1.792880 / -3.213430, -2.726211, -1.792880 / -3.213430, -2.726211, -1.792880; 1, 9, 1, 0; 0.067169842640; 1, 0, 1; 0, 1, 0; 4, 1, 2 ;
0,7; -3.222474, -2.730860, -1.790072 / -3.222474, -2.730860, -1.790072 / -3.222474, -2.730860, -1.790072; 1, 9, 1, 0; 0.067180353520; 1, 0, 1; 0, 1, 0; 1, 1, 2 ;
0,7; -3.232632, -2.735924, -1.788917 / -3.232109, -2.735795, -1.788800 / -3.233156, -2.736053, -1.789034; 1, 9, 1, 0; 0.067181332157; 2, 1, 1; 2, 0, 0; 3, 1, 2 / 3, 2, 1 ;
0,7; -3.254155, -2.739019, -1.786665 / -3.254155, -2.739019, -1.786665 / -3.254155, -2.739019, -1.786665; 1, 9, 1, 0; 0.067200840005; 1, 0, 1; 1, 0, 0; 2, 1, 2 ;
1,8; 2.15571, 4.00039, -0.450507 / 2.15571, 4.00039, -0.450507 / 2.15571, 4.00039, -0.450507; 1, 13, 1, 0; 0.673548901142; 0, 1, 0; 0, 1, 0; 1, 1, 1 / 2, 8, 0 / 3, 6, 0 / 3, 7, 0 ;
0,8; 2.121803, 3.960391, -0.404288 / 2.121805, 3.960394, -0.404265 / 2.121800, 3.960388, -0.404310; 1, 13, 1, 0; 0.672403221299; 2, 1, 1; 2, 0, 0; 2, 1, 1 / 2, 2, 2 ;
0,8; 2.115491, 3.954417, -0.398918 / 2.115491, 3.954417, -0.398918 / 2.115491, 3.954417, -0.398918; 1, 13, 1, 0; 0.672415574456; 1, 0, 1; 1, 0, 0; 3, 1, 2 ;
0,8; 2.157710, 3.998760, -0.454291 / 2.157710, 3.998760, -0.454291 / 2.157710, 3.998760, -0.454291; 1, 13, 1, 0; 0.673538117519; 1, 0, 1; 1, 0, 0; 2, 1, 2 ;
0,8; 2.154013, 4.005334, -0.449061 / 2.154013, 4.005334, -0.449061 / 2.154013, 4.005334, -0.449061; 1, 13, 1, 0; 0.673547897871; 1, 0, 1; 1, 0, 0; 3, 1, 2 ;
0,8; 1.489931, 3.176221, 0.518042 / 1.489931, 3.176221, 0.518042 / 1.489931, 3.176221, 0.518042; 1, 20, 1, 0; 0.542164341105; 1, 0, 1; 0, 1, 0; 4, 1, 2 ;
0,8; 1.486951, 3.171989, 0.517828 / 1.486951, 3.171989, 0.517828 / 1.486951, 3.171989, 0.517828; 1, 20, 1, 0; 0.542165179927; 1, 0, 1; 0, 1, 0; 1, 6, 0 / 4, 1, 2 ;
0,8; 1.566159, 3.280518, 0.399416 / 1.566159, 3.280518, 0.399416 / 1.566159, 3.280518, 0.399416; 1, 20, 1, 0; 0.543214531576; 0, 1, 0; 0, 1, 0; 3, 1, 0 / 4, 1, 1 ;
0,8; 1.988828, 3.800366, -0.203625 / 1.988828, 3.800366, -0.203625 / 1.988828, 3.800366, -0.203625; 1, 20, 1, 0; 0.131009225594; 1, 0, 1; 1, 0, 0; 2, 1, 2 ;
0,8; 1.991205, 3.800751, -0.208879 / 1.991205, 3.800751, -0.208879 / 1.991205, 3.800751, -0.208879; 1, 20, 1, 0; 0.131009912560; 1, 0, 1; 1, 0, 0; 3, 1, 2 ;
0,8; 1.488176, 3.173108, 0.513238 / 1.488176, 3.173108, 0.513238 / 1.488176, 3.173108, 0.513238; 1, 20, 1, 0; 0.542151816628; 1, 0, 1; 1, 0, 0; 3, 1, 2 ;
0,8; 1.483161, 3.178841, 0.517818 / 1.483161, 3.178841, 0.517818 / 1.483161, 3.178841, 0.517818; 1, 20, 1, 0; 0.542165541488; 0, 1, 0; 1, 0, 0; 3, 1, 1 ;
0,8; 1.020106, 2.611972, 1.188108 / 1.020106, 2.611972, 1.188108 / 1.020106, 2.611972, 1.188108; 1, 26, 1, 0; 0.380411332562; 1, 0, 1; 0, 1, 0; 1, 1, 2 ;
0,8; 0.493112, 1.964044, 1.950002 / 0.493112, 1.964044, 1.950002 / 0.493112, 1.964044, 1.950002; 1, 30, 1, 0; 0.936756295759; 1, 0, 1; 1, 0, 0; 2, 1, 2 ;
0,8; 0.481980, 1.956284, 1.956940 / 0.481980, 1.956284, 1.956940 / 0.481980, 1.956284, 1.956940; 1, 30, 1, 0; 0.936758594691; 1, 0, 1; 1, 0, 0; 2, 1, 2 ;
0,8; 0.226647, 1.598250, 2.355822 / 0.226647, 1.598250, 2.355822 / 0.226647, 1.598250, 2.355822; 1, 31, 1, 0; 0.552731992492; 1, 0, 1; 1, 0, 0; 2, 1, 2 ;
0,8; -0.245393, 1.049912, 2.997895 / -0.245393, 1.049912, 2.997895 / -0.245393, 1.049912, 2.997895; 1, 39, 1, 0; 0.429134512023; 0, 1, 0; 1, 0, 0; 2, 1, 1 / 3, 2, 0 ;
0,8; 0.098331, 0.819018, 3.145781 / 0.098331, 0.819018, 3.145781 / 0.098331, 0.819018, 3.145781; 1, 42, 1, 0; 0.216460969738; 1, 0, 1; 0, 1, 0; 1, 1, 2 ;
0,8; -0.404728, 0.848232, 3.229046 / -0.404728, 0.848232, 3.229046 / -0.404728, 0.848232, 3.229046; 1, 42, 1, 0; 0.234341811552; 1, 0, 1; 0, 1, 0; 4, 1, 2 ;
0,8; 0.339773, 1.021817, 3.274049 / 0.339773, 1.021817, 3.274049 / 0.339773, 1.021817, 3.274049; 1, 42, 1, 0; 0.408183399882; 1, 0, 1; 0, 1, 0; 4, 1, 2 ;
0,8; 0.030676, 0.806411, 3.143089 / 0.030676, 0.806411, 3.143089 / 0.030676, 0.806411, 3.143089; 1, 42, 1, 0; 0.213022722626; 1, 0, 1; 1, 0, 0; 3, 1, 2 ;
0,8; 0.035168, 0.802496, 3.148774 / 0.035168, 0.802496, 3.148774 / 0.035168, 0.802496, 3.148774; 1, 42, 1, 0; 0.213063590809; 1, 0, 1; 1, 0, 0; 2, 1, 2 ;
0,8; 0.128212, 0.840285, 3.143546 / 0.128212, 0.840285, 3.143546 / 0.128212, 0.840285, 3.143546; 1, 42, 1, 0; 0.216359894523; 1, 0, 1; 1, 0, 0; 3, 1, 2 ;
0,8; 0.114100, 0.826994, 3.149243 / 0.114100, 0.826994, 3.149243 / 0.114100, 0.826994, 3.149243; 1, 42, 1, 0; 0.216421707910; 0, 1, 0; 1, 0, 0; 2, 1, 0 / 3, 1, 1 ;
0,8; -0.480564, 0.752953, 3.337017 / -0.480564, 0.752953, 3.337017 / -0.480564, 0.752953, 3.337017; 1, 42, 1, 0; 0.237622510671; 0, 1, 0; 1, 0, 0; 3, 1, 1 ;
0,8; 0.336718, 1.012492, 3.274010 / 0.336718, 1.012492, 3.274010 / 0.336718, 1.012492, 3.274010; 1, 42, 1, 0; 0.408146662327; 1, 0, 1; 1, 0, 0; 3, 1, 2 ;
0,8; 0.448502, 1.062869, 3.305628 / 0.448502, 1.062869, 3.305628 / 0.448502, 1.062869, 3.305628; 1, 42, 1, 0; 0.414501946402; 0, 1, 0; 1, 0, 0; 2, 1, 1 ;
0,8; -0.933200, 0.138343, 3.942202 / -0.932712, 0.138492, 3.942729 / -0.933687, 0.138194, 3.941675; 1, 46, 1, 0; 0.227280406708; 2, 2, 2; 3, 1, 0; 2, 5, 2 / 2, 7, 1 / 3, 1, 2 / 4, 1, 1 ;
0,8; -1.098324, -0.020071, 4.220253 / -1.098080, -0.019890, 4.220535 / -1.098567, -0.020252, 4.219972; 1, 46, 1, 0; 0.683394928539; 2, 1, 1; 1, 1, 0; 3, 1, 2 / 4, 3, 1 ;
0,8; -0.935297, 0.137872, 3.937439 / -0.935297, 0.137872, 3.937439 / -0.935297, 0.137872, 3.937439; 1, 46, 1, 0; 0.227268822056; 1, 0, 1; 0, 1, 0; 4, 1, 2 ;
0,8; -0.778839, 0.378065, 3.766325 / -0.778839, 0.378065, 3.766325 / -0.778839, 0.378065, 3.766325; 1, 46, 1, 0; 0.252809148399; 1, 0, 1; 0, 1, 0; 4, 1, 2 ;
0,8; -1.021401, 0.073979, 4.112933 / -1.021401, 0.073979, 4.112933 / -1.021401, 0.073979, 4.112933; 1, 46, 1, 0; 0.662878618387; 1, 0, 1; 0, 1, 0; 1, 1, 2 ;
0,8; -0.952104, 0.135629, 3.940436 / -0.952104, 0.135629, 3.940436 / -0.952104, 0.135629, 3.940436; 1, 46, 1, 0; 0.227276924360; 0, 0, 0; 1, 0, 0; 3, 1, 3 ;
0,8; -0.931987, 0.138636, 3.942980 / -0.931243, 0.138928, 3.943541 / -0.932730, 0.138344, 3.942418; 1, 46, 1, 0; 0.227280368788; 0, 1, 0; 2, 1, 0; 2, 1, 1 / 3, 7, 2 / 4, 4, 0 / 4, 7, 1 ;
0,8; -0.933758, 0.137964, 3.941559 / -0.933183, 0.138238, 3.941842 / -0.934333, 0.137690, 3.941276; 1, 46, 1, 0; 0.227280431988; 1, 0, 1; 3, 0, 0; 2, 1, 2 / 2, 3, 1 / 3, 7, 2 ;
0,8; -0.930311, 0.136629, 3.945358 / -0.930311, 0.136629, 3.945358 / -0.930311, 0.136629, 3.945358; 1, 46, 1, 0; 0.227281089273; 0, 0, 0; 1, 0, 0; 2, 1, 3 ;
0,8; -0.782102, 0.375596, 3.768855 / -0.782102, 0.375596, 3.768855 / -0.782102, 0.375596, 3.768855; 1, 46, 1, 0; 0.252820935292; 0, 0, 0; 1, 0, 0; 2, 1, 3 / 3, 2, 0 ;
0,8; -0.789763, 0.371728, 3.774064 / -0.789763, 0.371728, 3.774064 / -0.789763, 0.371728, 3.774064; 1, 46, 1, 0; 0.252822218262; 1, 0, 1; 1, 0, 0; 3, 1, 2 ;
0,8; -0.802117, 0.354481, 3.782123 / -0.802117, 0.354481, 3.782123 / -0.802117, 0.354481, 3.782123; 1, 46, 1, 0; 0.252836615335; 1, 0, 1; 1, 0, 0; 2, 1, 2 ;
0,8; -1.055429, 0.035665, 4.163918 / -1.055429, 0.035665, 4.163918 / -1.055429, 0.035665, 4.163918; 1, 46, 1, 0; 0.662863058424; 1, 0, 1; 1, 0, 0; 2, 1, 2 ;
0,8; -1.033493, 0.057907, 4.132760 / -1.033493, 0.057907, 4.132760 / -1.033493, 0.057907, 4.132760; 1, 46, 1, 0; 0.662898716145; 1, 0, 1; 1, 0, 0; 3, 1, 2 ;
1,9; 3.90296, 0.643838, -2.38466 / 3.90296, 0.643838, -2.38466 / 3.90296, 0.643838, -2.38466; 1, 4, 1, 0; 0.455096503423; 1, 0, 1; 0, 1, 0; 4, 1, 2 ;
0,9; 2.152213, 0.615966, -1.936978 / 2.152213, 0.615966, -1.936978 / 2.152213, 0.615966, -1.936978; 1, 4, 1, 0; 0.635879475493; 0, 1, 0; 0, 1, 0; 1, 1, 1 ;
0,9; 2.445091, 0.607813, -2.003852 / 2.445091, 0.607813, -2.003852 / 2.445091, 0.607813, -2.003852; 1, 4, 1, 0; 0.637551022135; 0, 1, 0; 0, 1, 0; 4, 1, 1 ;
0,9; 3.739687, 0.641185, -2.344150 / 3.739687, 0.641185, -2.344150 / 3.739687, 0.641185, -2.344150; 1, 4, 1, 0; 0.454996171778; 1, 0, 1; 1, 0, 0; 3, 1, 2 ;
0,9; 3.718148, 0.638962, -2.338328 / 3.718148, 0.638962, -2.338328 / 3.718148, 0.638962, -2.338328; 1, 4, 1, 0; 0.455000358644; 1, 0, 1; 1, 0, 0; 2, 1, 2 ;
0,9; 3.899578, 0.642017, -2.383404 / 3.899578, 0.642017, -2.383404 / 3.899578, 0.642017, -2.383404; 1, 4, 1, 0; 0.455096559839; 1, 0, 1; 1, 0, 0; 2, 1, 2 ;
0,9; 2.152130, 0.614090, -1.937484 / 2.152130, 0.614090, -1.937484 / 2.152130, 0.614090, -1.937484; 1, 4, 1, 0; 0.635879527880; 1, 0, 1; 1, 0, 0; 2, 1, 2 ;
0,9; 2.433925, 0.556067, -1.952959 / 2.433925, 0.556067, -1.952959 / 2.433925, 0.556067, -1.952959; 1, 4, 1, 0; 0.636804228775; 1, 0, 1; 1, 0, 0; 3, 1, 2 ;
0,9; 2.445033, 0.611121, -2.002630 / 2.445033, 0.611121, -2.002630 / 2.445033, 0.611121, -2.002630; 1, 4, 1, 0; 0.637551525849; 1, 0, 1; 1, 0, 0; 3, 1, 2 ;
0,9; -3.347255, 0.540435, -0.530136 / -3.347105, 0.541133, -0.529792 / -3.347406, 0.539738, -0.530481; 1, 10, 1, 0; 0.705038101943; 1, 0, 2; 0, 2, 1; 1, 5, 2 / 4, 1, 2 ;
0,9; -1.740446, 0.558670, -0.943235 / -1.739786, 0.558795, -0.942373 / -1.741106, 0.558544, -0.944097; 1, 10, 1, 0; 0.233691292622; 1, 0, 2; 0, 2, 0; 1, 6, 0 / 4, 1, 2 / 4, 7, 2 ;
0,9; -1.740654, 0.562250, -0.953869 / -1.740461, 0.562979, -0.953640 / -1.740848, 0.561521, -0.954099; 1, 10, 1, 0; 0.233692092833; 1, 0, 2; 0, 2, 0; 1, 1, 2 / 1, 8, 2 ;
0,9; -2.388739, 0.557164, -0.773431 / -2.388643, 0.557722, -0.772976 / -2.388836, 0.556606, -0.773885; 1, 10, 1, 0; 0.320142394318; 2, 1, 2; 2, 1, 0; 3, 1, 1 / 3, 4, 2 / 4, 1, 2 ;
0,9; -1.307313, 0.570165, -1.048900 / -1.306698, 0.570516, -1.048483 / -1.307927, 0.569814, -1.049317; 1, 10, 1, 0; 0.230560034214; 1, 0, 2; 1, 1, 0; 3, 1, 2 / 4, 8, 2 ;
0,9; -1.737645, 0.556392, -0.940435 / -1.737556, 0.556454, -0.939954 / -1.737735, 0.556329, -0.940915; 1, 10, 1, 0; 0.233690605954; 2, 1, 1; 1, 1, 0; 3, 1, 2 / 4, 3, 1 ;
0,9; -1.298401, 0.573437, -1.048645 / -1.298401, 0.573437, -1.048645 / -1.298401, 0.573437, -1.048645; 1, 10, 1, 0; 0.230561045292; 1, 0, 1; 0, 1, 0; 4, 1, 2 ;
0,9; -2.960552, 0.544888, -0.628493 / -2.960552, 0.544888, -0.628493 / -2.960552, 0.544888, -0.628493; 1, 10, 1, 0; 0.316247599367; 1, 0, 1; 0, 1, 0; 3, 9, 0 / 4, 1, 2 ;
0,9; -2.969991, 0.544071, -0.626666 / -2.969991, 0.544071, -0.626666 / -2.969991, 0.544071, -0.626666; 1, 10, 1, 0; 0.316249010550; 1, 0, 1; 0, 1, 0; 4, 1, 2 ;
0,9; -2.692647, 0.548356, -0.697876 / -2.692647, 0.548356, -0.697876 / -2.692647, 0.548356, -0.697876; 1, 10, 1, 0; 0.317906172006; 1, 0, 1; 0, 1, 0; 4, 1, 2 ;
0,9; -3.237780, 0.542644, -0.558718 / -3.237780, 0.542644, -0.558718 / -3.237780, 0.542644, -0.558718; 1, 10, 1, 0; 0.705130239761; 1, 0, 1; 0, 1, 0; 4, 1, 2 ;
0,9; -4.202294, 0.526357, -0.313082 / -4.202294, 0.526357, -0.313082 / -4.202294, 0.526357, -0.313082; 1, 10, 1, 0; 0.713018098828; 1, 0, 1; 0, 1, 0; 1, 1, 2 ;
0,9; -1.739499, 0.557357, -0.944812 / -1.739499, 0.557357, -0.944812 / -1.739499, 0.557357, -0.944812; 1, 10, 1, 0; 0.233691384538; 0, 1, 0; 1, 0, 0; 2, 1, 1 ;
0,9; -1.738767, 0.562345, -0.957173 / -1.738767, 0.562345, -0.957173 / -1.738767, 0.562345, -0.957173; 1, 10, 1, 0; 0.233692784908; 1, 0, 1; 1, 0, 0; 2, 1, 2 ;
0,9; -1.710705, 0.563963, -0.947316 / -1.710705, 0.563963, -0.947316 / -1.710705, 0.563963, -0.947316; 1, 10, 1, 0; 0.233696266907; 1, 0, 1; 1, 0, 0; 3, 1, 2 ;
0,9; -2.960375, 0.546895, -0.628935 / -2.960375, 0.546895, -0.628935 / -2.960375, 0.546895, -0.628935; 1, 10, 1, 0; 0.316247658842; 1, 0, 1; 1, 0, 0; 3, 1, 2 / 4, 1, 0 ;
0,9; -2.692986, 0.551735, -0.698735 / -2.692986, 0.551735, -0.698735 / -2.692986, 0.551735, -0.698735; 1, 10, 1, 0; 0.317906107124; 1, 0, 1; 1, 0, 0; 2, 1, 2 ;
0,9; -3.929936, 0.532545, -0.378157 / -3.929936, 0.532545, -0.378157 / -3.929936, 0.532545, -0.378157; 1, 10, 1, 0; 0.710184394586; 1, 0, 1; 1, 0, 0; 2, 1, 2 ;
0,9; -4.065790, 0.442596, -0.481020 / -4.065790, 0.442596, -0.481020 / -4.065790, 0.442596, -0.481020; 1, 10, 1, 0; 0.712812017440; 1, 0, 1; 1, 0, 0; 2, 1, 2 ;
0,9; -4.069729, 0.444121, -0.480081 / -4.069729, 0.444121, -0.480081 / -4.069729, 0.444121, -0.480081; 1, 10, 1, 0; 0.712812109356; 0, 1, 0; 1, 0, 0; 2, 1, 1 ;
0,9; -4.186624, 0.521967, -0.321083 / -4.186624, 0.521967, -0.321083 / -4.186624, 0.521967, -0.321083; 1, 10, 1, 0; 0.713015860400; 1, 0, 1; 1, 0, 0; 2, 1, 2 ;
0,9; -4.203033, 0.523772, -0.311307 / -4.203033, 0.523772, -0.311307 / -4.203033, 0.523772, -0.311307; 1, 10, 1, 0; 0.713018158303; 1, 0, 1; 1, 0, 0; 2, 1, 2 ;
0,9; -4.194124, 0.532494, -0.322783 / -4.194124, 0.532494, -0.322783 / -4.194124, 0.532494, -0.322783; 1, 10, 1, 0; 0.713025992802; 0, 1, 0; 1, 0, 0; 3, 1, 1 / 3, 3, 0 ;
0,9; -4.187818, 0.530470, -0.316711 / -4.187818, 0.530470, -0.316711 / -4.187818, 0.530470, -0.316711; 1, 10, 1, 0; 0.713026371281; 1, 0, 1; 1, 0, 0; 2, 1, 2 ;
0,9; 1.233416, 0.600957, -1.703127 / 1.233416, 0.600957, -1.703127 / 1.233416, 0.600957, -1.703127; 1, 11, 1, 0; 0.041176898376; 0, 1, 0; 0, 1, 0; 2, 4, 0 / 4, 1, 1 ;
0,9; 0.908316, 0.593216, -1.621364 / 0.908316, 0.593216, -1.621364 / 0.908316, 0.593216, -1.621364; 1, 11, 1, 0; 0.043668401514; 1, 0, 1; 0, 1, 0; 1, 1, 2 ;
0,9; 1.047140, 0.609142, -1.661081 / 1.047140, 0.609142, -1.661081 / 1.047140, 0.609142, -1.661081; 1, 11, 1, 0; 0.041030483423; 1, 0, 1; 1, 0, 0; 3, 1, 2 ;
0,9; 1.052232, 0.597517, -1.655819 / 1.052232, 0.597517, -1.655819 / 1.052232, 0.597517, -1.655819; 1, 11, 1, 0; 0.041038791466; 1, 0, 1; 1, 0, 0; 3, 1, 2 ;
0,9; 1.046635, 0.606901, -1.644754 / 1.046635, 0.606901, -1.644754 / 1.046635, 0.606901, -1.644754; 1, 11, 1, 0; 0.041050572637; 1, 0, 1; 1, 0, 0; 3, 1, 2 ;
0,9; -0.055622, 0.576266, -1.370630 / -0.055622, 0.576266, -1.370630 / -0.055622, 0.576266, -1.370630; 1, 11, 1, 0; 0.355632744446; 1, 0, 1; 1, 0, 0; 2, 1, 2 ;
0,9; 0.096580, 0.580409, -1.353648 / 0.096580, 0.580409, -1.353648 / 0.096580, 0.580409, -1.353648; 1, 11, 1, 0; 0.358244119141; 1, 0, 1; 1, 0, 0; 3, 1, 2 ;
0,9; 0.167068, 0.591745, -1.429425 / 0.167068, 0.591745, -1.429425 / 0.167068, 0.591745, -1.429425; 1, 11, 1, 0; 0.359127300733; 1, 0, 1; 1, 0, 0; 2, 1, 2 / 4, 3, 0 ;
0,9; -4.446417, 0.532822, -0.246091 / -4.446417, 0.532822, -0.246091 / -4.446417, 0.532822, -0.246091; 1, 14, 1, 0; 0.408429696569; 1, 0, 1; 1, 0, 0; 2, 1, 2 / 2, 2, 0 ;
0,9; -4.452233, 0.517466, -0.249944 / -4.452233, 0.517466, -0.249944 / -4.452233, 0.517466, -0.249944; 1, 14, 1, 0; 0.408433426521; 1, 0, 1; 1, 0, 0; 3, 1, 2 ;
