1,0; 2.51638, 1.77064, -1.40725 / 2.51678, 1.77142, -1.40647 / 2.51598, 1.76986, -1.40804; 1, 11, 1, 0; 0.248574735768; 1, 0, 3; 2, 1, 0; 1, 3, 2 / 2, 2, 0 / 3, 1, 2 / 3, 8, 2 ;
0,0; 2.483485, 1.668716, -1.375753 / 2.483549, 1.668730, -1.375752 / 2.483420, 1.668701, -1.375755; 1, 11, 1, 0; 0.247892028627; 2, 1, 1; 1, 1, 0; 1, 1, 1 / 2, 1, 2 ;
0,0; 2.739532, 2.408831, -1.679725 / 2.739532, 2.408831, -1.679725 / 2.739532, 2.408831, -1.679725; 1, 11, 1, 0; 0.173587501087; 0, 1, 0; 0, 1, 0; 1, 1, 1 ;
0,0; 2.612460, 2.047146, -1.524757 / 2.612460, 2.047146, -1.524757 / 2.612460, 2.047146, -1.524757; 1, 11, 1, 0; 0.230678741938; 0, 1, 0; 0, 1, 0; 4, 1, 1 ;
0,0; 2.575187, 1.919478, -1.474236 / 2.575187, 1.919478, -1.474236 / 2.575187, 1.919478, -1.474236; 1, 11, 1, 0; 0.231348981292; 1, 0, 1; 0, 1, 0; 1, 1, 2 ;
0,0; 2.482066, 1.655993, -1.361518 / 2.482066, 1.655993, -1.361518 / 2.482066, 1.655993, -1.361518; 1, 11, 1, 0; 0.247889934451; 0, 0, 0; 0, 1, 0; 1, 1, 3 ;
0,0; 2.481771, 1.667591, -1.378170 / 2.481771, 1.667591, -1.378170 / 2.481771, 1.667591, -1.378170; 1, 11, 1, 0; 0.247892097289; 0, 1, 0; 0, 1, 0; 1, 1, 1 ;
0,0; 2.480284, 1.671349, -1.365911 / 2.480284, 1.671349, -1.365911 / 2.480284, 1.671349, -1.365911; 1, 11, 1, 0; 0.247901011842; 1, 0, 1; 0, 1, 0; 1, 1, 2 ;
0,0; 2.516510, 1.769939, -1.404219 / 2.516510, 1.769939, -1.404219 / 2.516510, 1.769939, -1.404219; 1, 11, 1, 0; 0.248574672828; 0, 1, 0; 0, 1, 0; 1, 1, 1 ;
0,0; 2.236993, 0.976186, -1.067164 / 2.236993, 0.976186, -1.067164 / 2.236993, 0.976186, -1.067164; 1, 11, 1, 0; 0.862504726201; 0, 0, 0; 0, 1, 0; 1, 1, 3 ;
0,0; 2.252000, 1.019562, -1.085492 / 2.252000, 1.019562, -1.085492 / 2.252000, 1.019562, -1.085492; 1, 11, 1, 0; 0.863237298765; 0, 0, 0; 0, 1, 0; 4, 1, 3 ;
0,0; 2.522322, 1.770194, -1.413431 / 2.522490, 1.770353, -1.413334 / 2.522154, 1.770035, -1.413529; 1, 11, 1, 0; 0.248564934337; 2, 1, 1; 2, 0, 0; 3, 1, 1 / 3, 3, 2 ;
0,0; 2.817417, 2.646256, -1.786840 / 2.817417, 2.646256, -1.786840 / 2.817417, 2.646256, -1.786840; 1, 11, 1, 0; 0.191943715870; 1, 0, 1; 1, 0, 0; 3, 1, 2 ;
0,0; 2.480378, 1.672919, -1.374070 / 2.480378, 1.672919, -1.374070 / 2.480378, 1.672919, -1.374070; 1, 11, 1, 0; 0.247901858667; 0, 1, 0; 1, 0, 0; 2, 1, 1 ;
0,0; 2.483491, 1.672961, -1.378844 / 2.483491, 1.672961, -1.378844 / 2.483491, 1.672961, -1.378844; 1, 11, 1, 0; 0.247902648275; 1, 0, 1; 1, 0, 0; 3, 1, 2 ;
0,0; 2.484365, 1.685139, -1.371060 / 2.484365, 1.685139, -1.371060 / 2.484365, 1.685139, -1.371060; 1, 11, 1, 0; 0.247911562828; 0, 1, 0; 1, 0, 0; 2, 1, 1 / 4, 6, 0 ;
0,0; 2.485954, 1.687138, -1.370466 / 2.485954, 1.687138, -1.370466 / 2.485954, 1.687138, -1.370466; 1, 11, 1, 0; 0.247911648654; 0, 1, 0; 1, 0, 0; 2, 3, 0 / 3, 1, 1 ;
0,0; 2.526309, 1.774101, -1.408024 / 2.526309, 1.774101, -1.408024 / 2.526309, 1.774101, -1.408024; 1, 11, 1, 0; 0.248575828630; 1, 0, 1; 1, 0, 0; 2, 1, 2 ;
0,0; 1.750734, -0.411879, -0.476606 / 1.750802, -0.411714, -0.476530 / 1.750667, -0.412044, -0.476682; 1, 12, 1, 0; 0.773018131217; 0, 2, 0; 1, 1, 0; 1, 1, 1 / 2, 1, 1 ;
0,0; 2.037158, 0.409349, -0.828145 / 2.037158, 0.409349, -0.828145 / 2.037158, 0.409349, -0.828145; 1, 12, 1, 0; 0.399746341486; 1, 0, 1; 0, 1, 0; 1, 1, 2 ;
0,0; 1.646050, -0.709059, -0.352732 / 1.646050, -0.709059, -0.352732 / 1.646050, -0.709059, -0.352732; 1, 12, 1, 0; 0.761267737557; 1, 0, 1; 0, 1, 0; 1, 1, 2 ;
0,0; 1.762017, -0.385287, -0.489288 / 1.762017, -0.385287, -0.489288 / 1.762017, -0.385287, -0.489288; 1, 12, 1, 0; 0.773011408110; 1, 0, 1; 0, 1, 0; 4, 1, 2 ;
0,0; 2.038074, 0.408275, -0.824937 / 2.038074, 0.408275, -0.824937 / 2.038074, 0.408275, -0.824937; 1, 12, 1, 0; 0.399746988048; 1, 0, 1; 1, 0, 0; 3, 1, 2 ;
0,0; 1.648406, -0.721112, -0.353976 / 1.648406, -0.721112, -0.353976 / 1.648406, -0.721112, -0.353976; 1, 12, 1, 0; 0.761257386834; 1, 0, 1; 1, 0, 0; 3, 1, 2 ;
0,0; 1.755212, -0.404951, -0.477584 / 1.755212, -0.404951, -0.477584 / 1.755212, -0.404951, -0.477584; 1, 12, 1, 0; 0.773018606126; 1, 0, 1; 1, 0, 0; 3, 1, 2 ;
0,0; 1.249938, -1.842300, 0.128381 / 1.249938, -1.842300, 0.128381 / 1.249938, -1.842300, 0.128381; 1, 15, 1, 0; 0.616961372477; 1, 0, 1; 0, 1, 0; 1, 1, 2 ;
0,0; 1.257822, -1.825590, 0.123667 / 1.257822, -1.825590, 0.123667 / 1.257822, -1.825590, 0.123667; 1, 15, 1, 0; 0.616954320432; 1, 0, 1; 1, 0, 0; 3, 1, 2 ;
0,0; 1.248904, -1.840890, 0.125539 / 1.248904, -1.840890, 0.125539 / 1.248904, -1.840890, 0.125539; 1, 15, 1, 0; 0.616962095763; 1, 0, 1; 1, 0, 0; 3, 1, 2 / 4, 4, 0 ;
0,0; 1.496933, -1.148421, -0.163631 / 1.496933, -1.148421, -0.163631 / 1.496933, -1.148421, -0.163631; 1, 16, 1, 0; 0.342965240721; 1, 0, 1; 1, 0, 0; 3, 1, 2 ;
0,0; 1.563202, -0.922871, -0.243011 / 1.563202, -0.922871, -0.243011 / 1.563202, -0.922871, -0.243011; 1, 16, 1, 0; 0.369741237517; 1, 0, 1; 1, 0, 0; 3, 1, 2 ;
0,0; 1.561316, -0.923743, -0.249559 / 1.561316, -0.923743, -0.249559 / 1.561316, -0.923743, -0.249559; 1, 16, 1, 0; 0.369741605857; 1, 0, 1; 1, 0, 0; 3, 1, 2 ;
0,0; 0.427693, -4.197851, 1.126111 / 0.427704, -4.197754, 1.126217 / 0.427683, -4.197947, 1.126005; 1, 18, 1, 0; 0.872298458079; 2, 1, 1; 0, 2, 0; 1, 1, 1 / 1, 2, 2 ;
0,0; 0.516304, -3.957854, 1.024671 / 0.516357, -3.957611, 1.024721 / 0.516251, -3.958098, 1.024622; 1, 18, 1, 0; 0.891281702557; 2, 1, 1; 0, 2, 0; 2, 8, 0 / 4, 1, 2 / 4, 2, 1 ;
0,0; 0.684160, -3.594853, 0.830340 / 0.684160, -3.594853, 0.830340 / 0.684160, -3.594853, 0.830340; 1, 18, 1, 0; 0.714112760811; 0, 1, 0; 0, 1, 0; 1, 1, 1 / 4, 6, 0 ;
0,0; 0.681030, -3.578484, 0.838876 / 0.681030, -3.578484, 0.838876 / 0.681030, -3.578484, 0.838876; 1, 18, 1, 0; 0.714127456068; 1, 0, 1; 0, 1, 0; 4, 1, 2 ;
0,0; 0.491011, -4.013582, 1.048027 / 0.491011, -4.013582, 1.048027 / 0.491011, -4.013582, 1.048027; 1, 18, 1, 0; 0.891245693251; 1, 0, 1; 0, 1, 0; 4, 1, 2 ;
0,0; 0.944426, -2.732177, 0.503896 / 0.944426, -2.732177, 0.503896 / 0.944426, -2.732177, 0.503896; 1, 18, 1, 0; 0.316890526965; 1, 0, 1; 1, 0, 0; 2, 1, 2 ;
0,0; 0.946118, -2.711347, 0.496895 / 0.946118, -2.711347, 0.496895 / 0.946118, -2.711347, 0.496895; 1, 18, 1, 0; 0.316915153899; 0, 1, 0; 1, 0, 0; 2, 1, 1 ;
0,0; 0.991602, -2.574483, 0.436211 / 0.991602, -2.574483, 0.436211 / 0.991602, -2.574483, 0.436211; 1, 18, 1, 0; 0.317771084589; 1, 0, 1; 1, 0, 0; 3, 1, 2 ;
0,0; 0.995428, -2.574076, 0.439487 / 0.995428, -2.574076, 0.439487 / 0.995428, -2.574076, 0.439487; 1, 18, 1, 0; 0.317783234156; 1, 0, 1; 1, 0, 0; 2, 1, 2 ;
0,0; 0.992412, -2.579256, 0.441321 / 0.992412, -2.579256, 0.441321 / 0.992412, -2.579256, 0.441321; 1, 18, 1, 0; 0.317784238483; 0, 0, 0; 1, 0, 0; 3, 1, 3 ;
0,0; 1.080134, -2.310452, 0.323669 / 1.080134, -2.310452, 0.323669 / 1.080134, -2.310452, 0.323669; 1, 18, 1, 0; 0.408395503963; 1, 0, 1; 1, 0, 0; 2, 1, 2 ;
0,0; 0.685958, -3.599264, 0.827186 / 0.685958, -3.599264, 0.827186 / 0.685958, -3.599264, 0.827186; 1, 18, 1, 0; 0.714099788254; 1, 0, 1; 1, 0, 0; 3, 1, 2 / 3, 8, 0 ;
0,0; 0.676511, -3.569715, 0.847211 / 0.676511, -3.569715, 0.847211 / 0.676511, -3.569715, 0.847211; 1, 18, 1, 0; 0.714128948609; 1, 0, 1; 1, 0, 0; 2, 1, 2 ;
0,0; 0.675140, -3.575146, 0.852072 / 0.675140, -3.575146, 0.852072 / 0.675140, -3.575146, 0.852072; 1, 18, 1, 0; 0.714129164818; 1, 0, 1; 1, 0, 0; 3, 1, 2 ;
0,0; 0.674453, -3.541349, 0.844071 / 0.674453, -3.541349, 0.844071 / 0.674453, -3.541349, 0.844071; 1, 18, 1, 0; 0.714167001442; 1, 0, 1; 1, 0, 0; 3, 1, 2 ;
0,0; 0.661303, -3.531834, 0.843681 / 0.661303, -3.531834, 0.843681 / 0.661303, -3.531834, 0.843681; 1, 18, 1, 0; 0.714168696244; 1, 0, 1; 1, 0, 0; 2, 1, 2 / 4, 6, 0 ;
0,0; 0.411235, -4.239350, 1.138979 / 0.411235, -4.239350, 1.138979 / 0.411235, -4.239350, 1.138979; 1, 18, 1, 0; 0.871814260885; 1, 0, 1; 1, 0, 0; 1, 1, 0 / 2, 1, 2 ;
0,0; 0.496430, -4.030014, 1.061253 / 0.496430, -4.030014, 1.061253 / 0.496430, -4.030014, 1.061253; 1, 18, 1, 0; 0.872643848916; 1, 0, 1; 1, 0, 0; 3, 1, 2 ;
0,0; 0.473832, -4.051777, 1.065736 / 0.473832, -4.051777, 1.065736 / 0.473832, -4.051777, 1.065736; 1, 18, 1, 0; 0.872673734618; 1, 0, 1; 1, 0, 0; 2, 1, 2 / 4, 3, 0 ;
0,0; 0.488027, -4.012874, 1.048849 / 0.488027, -4.012874, 1.048849 / 0.488027, -4.012874, 1.048849; 1, 18, 1, 0; 0.891246592960; 1, 0, 1; 1, 0, 0; 2, 1, 2 ;
0,0; 0.513400, -3.963743, 1.027017 / 0.513400, -3.963743, 1.027017 / 0.513400, -3.963743, 1.027017; 1, 18, 1, 0; 0.891292882670; 1, 0, 1; 1, 0, 0; 2, 1, 2 ;
0,0; 0.515920, -3.958858, 1.027418 / 0.515920, -3.958858, 1.027418 / 0.515920, -3.958858, 1.027418; 1, 18, 1, 0; 0.891293831201; 1, 0, 1; 1, 0, 0; 2, 1, 2 ;
0,0; 0.528381, -3.916803, 1.007852 / 0.528381, -3.916803, 1.007852 / 0.528381, -3.916803, 1.007852; 1, 18, 1, 0; 0.892549909471; 1, 0, 1; 1, 0, 0; 3, 1, 2 ;
1,1; 3.83562, -2.3389, -0.36864 / 3.83566, -2.3385, -0.367586 / 3.83559, -2.3393, -0.369693; 1, 12, 1, 0; 0.630713930963; 2, 1, 1; 1, 1, 0; 3, 5, 0 / 3, 7, 2 / 4, 1, 1 / 4, 6, 0 / 4, 10, 0 ;
0,1; 3.889173, -2.376321, -0.535353 / 3.889173, -2.376321, -0.535353 / 3.889173, -2.376321, -0.535353; 1, 12, 1, 0; 0.630325690163; 0, 1, 0; 0, 1, 0; 1, 1, 1 ;
0,1; 3.836541, -2.339184, -0.367530 / 3.837491, -2.339068, -0.367474 / 3.835591, -2.339301, -0.367586; 1, 12, 1, 0; 0.630713965294; 0, 1, 0; 1, 1, 0; 2, 8, 0 / 3, 1, 2 / 4, 4, 0 / 4, 5, 1 ;
0,1; 3.852883, -2.350119, -0.426839 / 3.853847, -2.349965, -0.426222 / 3.851918, -2.350272, -0.427457; 1, 12, 1, 0; 0.630667664547; 2, 1, 2; 3, 0, 0; 2, 6, 2 / 2, 8, 2 / 3, 1, 1 ;
0,1; 3.855987, -2.355526, -0.447300 / 3.855987, -2.355526, -0.447300 / 3.855987, -2.355526, -0.447300; 1, 12, 1, 0; 0.630647695491; 1, 0, 1; 1, 0, 0; 2, 1, 2 ;
0,1; 3.854000, -2.355449, -0.448903 / 3.854000, -2.355449, -0.448903 / 3.854000, -2.355449, -0.448903; 1, 12, 1, 0; 0.630647821370; 1, 0, 1; 1, 0, 0; 2, 1, 2 ;
0,1; 3.855586, -2.350574, -0.438263 / 3.855586, -2.350574, -0.438263 / 3.855586, -2.350574, -0.438263; 1, 12, 1, 0; 0.630657353877; 1, 0, 1; 1, 0, 0; 3, 1, 2 ;
0,1; 3.858414, -2.351920, -0.422836 / 3.858414, -2.351920, -0.422836 / 3.858414, -2.351920, -0.422836; 1, 12, 1, 0; 0.630667521502; 1, 0, 1; 1, 0, 0; 2, 1, 2 ;
0,1; 3.665517, -2.216571, 0.127754 / 3.665517, -2.216571, 0.127754 / 3.665517, -2.216571, 0.127754; 1, 15, 1, 0; 0.691774168488; 0, 1, 0; 1, 0, 0; 3, 1, 1 / 4, 7, 0 ;
0,1; 3.593062, -2.157588, 0.353603 / 3.593062, -2.157588, 0.353603 / 3.593062, -2.157588, 0.353603; 1, 19, 1, 0; 0.377961764187; 1, 0, 1; 1, 0, 0; 3, 1, 2 ;
0,1; 3.568917, -2.145484, 0.420030 / 3.568917, -2.145484, 0.420030 / 3.568917, -2.145484, 0.420030; 1, 19, 1, 0; 0.378031205618; 0, 1, 0; 1, 0, 0; 2, 1, 1 / 2, 2, 0 / 4, 8, 0 ;
0,1; 3.567038, -2.138655, 0.436391 / 3.567038, -2.138655, 0.436391 / 3.567038, -2.138655, 0.436391; 1, 19, 1, 0; 0.378045060641; 1, 0, 1; 1, 0, 0; 2, 1, 2 ;
0,1; 3.278606, -1.936376, 1.285697 / 3.278606, -1.936376, 1.285697 / 3.278606, -1.936376, 1.285697; 1, 22, 1, 0; 0.414913533681; 1, 0, 1; 0, 1, 0; 4, 1, 2 ;
0,1; 3.263547, -1.920757, 1.342514 / 3.263547, -1.920757, 1.342514 / 3.263547, -1.920757, 1.342514; 1, 22, 1, 0; 0.415289375498; 1, 0, 1; 1, 0, 0; 2, 1, 2 ;
0,1; 3.222507, -1.882390, 1.438802 / 3.222507, -1.882390, 1.438802 / 3.222507, -1.882390, 1.438802; 1, 22, 1, 0; 0.416380579857; 1, 0, 1; 1, 0, 0; 3, 1, 2 ;
0,1; 3.039272, -1.754651, 2.021802 / 3.039866, -1.754292, 2.022042 / 3.038679, -1.755010, 2.021561; 1, 33, 1, 0; 0.183760854544; 0, 2, 0; 2, 0, 0; 2, 3, 0 / 2, 4, 1 / 3, 1, 1 ;
0,1; 3.031929, -1.757268, 2.023126 / 3.031929, -1.757268, 2.023126 / 3.031929, -1.757268, 2.023126; 1, 33, 1, 0; 0.183757312239; 0, 1, 0; 1, 0, 0; 2, 1, 1 ;
0,1; 3.028706, -1.751206, 2.056210 / 3.028706, -1.751206, 2.056210 / 3.028706, -1.751206, 2.056210; 1, 33, 1, 0; 0.183825701164; 1, 0, 1; 1, 0, 0; 3, 1, 2 ;
0,1; 2.869584, -1.647500, 2.530336 / 2.869584, -1.647500, 2.530336 / 2.869584, -1.647500, 2.530336; 1, 34, 1, 0; 0.436318211186; 1, 0, 1; 1, 0, 0; 2, 1, 2 ;
0,1; 2.658851, -1.485397, 3.143759 / 2.658851, -1.485397, 3.143759 / 2.658851, -1.485397, 3.143759; 1, 40, 1, 0; 0.341925616847; 1, 0, 1; 1, 0, 0; 3, 1, 2 ;
0,1; 2.525757, -2.015704, 3.315518 / 2.525757, -2.015704, 3.315518 / 2.525757, -2.015704, 3.315518; 1, 40, 1, 0; 0.589202860286; 1, 0, 1; 1, 0, 0; 3, 1, 2 ;
1,2; 0.947028, 1.36005, -4.13546 / 0.947028, 1.36005, -4.13546 / 0.947028, 1.36005, -4.13546; 1, 1, 1, 0; 0.100896207310; 1, 0, 1; 1, 0, 0; 3, 1, 2 ;
0,2; 0.760759, 1.273901, -4.003374 / 0.760759, 1.273901, -4.003374 / 0.760759, 1.273901, -4.003374; 1, 1, 1, 0; 0.595943426078; 1, 0, 1; 1, 0, 0; 2, 1, 2 / 4, 6, 0 ;
0,2; 0.666470, 1.150475, -3.220117 / 0.666470, 1.150475, -3.220117 / 0.666470, 1.150475, -3.220117; 1, 2, 1, 0; 0.290982655073; 0, 1, 0; 0, 1, 0; 1, 1, 1 ;
0,2; 0.366863, 1.055462, -1.957295 / 0.366863, 1.055462, -1.957295 / 0.366863, 1.055462, -1.957295; 1, 4, 1, 0; 0.680980605020; 1, 0, 1; 0, 1, 0; 4, 1, 2 ;
0,2; 0.368049, 1.060553, -1.966335 / 0.368049, 1.060553, -1.966335 / 0.368049, 1.060553, -1.966335; 1, 4, 1, 0; 0.680980879040; 1, 0, 1; 1, 0, 0; 3, 1, 2 ;
0,2; 0.181469, 0.991477, -1.170049 / 0.181469, 0.991477, -1.170049 / 0.181469, 0.991477, -1.170049; 1, 11, 1, 0; 0.845364541135; 0, 1, 0; 0, 1, 0; 4, 1, 1 ;
0,2; 0.178535, 0.992896, -1.166558 / 0.178535, 0.992896, -1.166558 / 0.178535, 0.992896, -1.166558; 1, 11, 1, 0; 0.845364426699; 1, 0, 1; 1, 0, 0; 2, 1, 2 ;
0,2; 0.013822, 0.942482, -0.477808 / 0.013822, 0.942482, -0.477808 / 0.013822, 0.942482, -0.477808; 1, 13, 1, 0; 0.402544725565; 1, 0, 1; 0, 1, 0; 4, 1, 2 ;
0,2; 0.017620, 0.937421, -0.472633 / 0.017620, 0.937421, -0.472633 / 0.017620, 0.937421, -0.472633; 1, 13, 1, 0; 0.402554530537; 1, 0, 1; 0, 1, 0; 4, 1, 2 ;
0,2; 0.027737, 0.945369, -0.522443 / 0.027737, 0.945369, -0.522443 / 0.027737, 0.945369, -0.522443; 1, 13, 1, 0; 0.402507844593; 1, 0, 1; 1, 0, 0; 3, 1, 2 ;
0,2; 0.021164, 0.939016, -0.515965 / 0.021164, 0.939016, -0.515965 / 0.021164, 0.939016, -0.515965; 1, 13, 1, 0; 0.402509801894; 1, 0, 1; 1, 0, 0; 2, 1, 2 ;
0,2; 0.017242, 0.936993, -0.477930 / 0.017242, 0.936993, -0.477930 / 0.017242, 0.936993, -0.477930; 1, 13, 1, 0; 0.402543709985; 0, 1, 0; 1, 0, 0; 3, 1, 1 ;
0,2; -0.049001, 0.915509, -0.188848 / -0.049001, 0.915509, -0.188848 / -0.049001, 0.915509, -0.188848; 1, 13, 1, 0; 0.918881599275; 1, 0, 1; 1, 0, 0; 2, 1, 2 / 3, 5, 0 / 4, 5, 0 ;
0,2; -0.163466, 0.875680, 0.286088 / -0.163466, 0.875680, 0.286088 / -0.163466, 0.875680, 0.286088; 1, 16, 1, 0; 0.599123544051; 0, 1, 0; 1, 0, 0; 3, 1, 1 / 4, 3, 0 ;
0,2; -0.213392, 0.859829, 0.462933 / -0.213392, 0.859829, 0.462933 / -0.213392, 0.859829, 0.462933; 1, 17, 1, 0; 0.791660982455; 1, 0, 1; 0, 1, 0; 4, 1, 2 ;
0,2; -0.423584, 0.790006, 1.385898 / -0.423584, 0.790006, 1.385898 / -0.423584, 0.790006, 1.385898; 1, 26, 1, 0; 0.876489906133; 0, 1, 0; 1, 0, 0; 2, 1, 1 ;
0,2; -0.523782, 0.761008, 1.813054 / -0.523782, 0.761008, 1.813054 / -0.523782, 0.761008, 1.813054; 1, 27, 1, 0; 0.518019148176; 1, 0, 1; 0, 1, 0; 1, 1, 2 ;
0,2; -0.517870, 0.758366, 1.788784 / -0.517721, 0.758516, 1.788975 / -0.518020, 0.758217, 1.788593; 1, 27, 1, 0; 0.518029332788; 2, 1, 1; 2, 0, 0; 2, 3, 0 / 2, 4, 1 / 2, 5, 0 / 3, 1, 2 ;
0,2; -0.052700, 0.728192, 1.768241 / -0.052700, 0.728192, 1.768241 / -0.052700, 0.728192, 1.768241; 1, 27, 1, 0; 0.514640066964; 1, 0, 1; 1, 0, 0; 2, 1, 2 ;
0,2; -0.053246, 0.729601, 1.765986 / -0.053246, 0.729601, 1.765986 / -0.053246, 0.729601, 1.765986; 1, 27, 1, 0; 0.514640159049; 1, 0, 1; 1, 0, 0; 1, 3, 0 / 3, 1, 2 ;
0,2; -0.016240, 0.766328, 1.739934 / -0.016240, 0.766328, 1.739934 / -0.016240, 0.766328, 1.739934; 1, 27, 1, 0; 0.514697076851; 1, 0, 1; 1, 0, 0; 2, 1, 2 ;
0,2; -0.032933, 0.757005, 1.759873 / -0.032933, 0.757005, 1.759873 / -0.032933, 0.757005, 1.759873; 1, 27, 1, 0; 0.514726378330; 1, 0, 1; 1, 0, 0; 3, 1, 2 ;
0,2; -0.523422, 0.756781, 1.809216 / -0.523422, 0.756781, 1.809216 / -0.523422, 0.756781, 1.809216; 1, 27, 1, 0; 0.518018917963; 0, 1, 0; 1, 0, 0; 2, 1, 1 ;
0,2; -0.519464, 0.758606, 1.785511 / -0.519464, 0.758606, 1.785511 / -0.519464, 0.758606, 1.785511; 1, 27, 1, 0; 0.518029130201; 1, 0, 1; 1, 0, 0; 3, 1, 2 ;
0,2; -0.517540, 0.758746, 1.792471 / -0.517540, 0.758746, 1.792471 / -0.517540, 0.758746, 1.792471; 1, 27, 1, 0; 0.518029599835; 1, 0, 1; 1, 0, 0; 2, 1, 2 ;
0,2; -0.577655, 0.736685, 2.065035 / -0.577655, 0.736685, 2.065035 / -0.577655, 0.736685, 2.065035; 1, 30, 1, 0; 0.873423936549; 1, 0, 1; 1, 0, 0; 2, 1, 2 ;
0,2; -0.666233, 0.710679, 2.389981 / -0.666233, 0.710679, 2.389981 / -0.666233, 0.710679, 2.389981; 1, 31, 1, 0; 0.821256471775; 1, 0, 1; 1, 0, 0; 3, 1, 2 ;
0,2; -0.710588, 0.686781, 2.661255 / -0.710266, 0.686871, 2.661435 / -0.710910, 0.686690, 2.661075; 1, 38, 1, 0; 0.923918988838; 2, 1, 1; 2, 0, 0; 3, 1, 2 / 3, 2, 1 ;
0,2; -0.709488, 0.691699, 2.606834 / -0.709488, 0.691699, 2.606834 / -0.709488, 0.691699, 2.606834; 1, 38, 1, 0; 0.923809569732; 1, 0, 1; 1, 0, 0; 2, 1, 2 ;
0,2; -0.717309, 0.686615, 2.650050 / -0.717309, 0.686615, 2.650050 / -0.717309, 0.686615, 2.650050; 1, 38, 1, 0; 0.923915927307; 1, 0, 1; 1, 0, 0; 1, 8, 0 / 2, 1, 2 ;
0,2; -0.714398, 0.683530, 2.654025 / -0.714398, 0.683530, 2.654025 / -0.714398, 0.683530, 2.654025; 1, 38, 1, 0; 0.923916570228; 0, 1, 0; 1, 0, 0; 2, 1, 1 / 2, 10, 0 ;
0,2; -0.948016, 0.616393, 3.610863 / -0.948016, 0.616393, 3.610863 / -0.948016, 0.616393, 3.610863; 1, 44, 1, 0; 0.898997123602; 1, 0, 1; 1, 0, 0; 2, 1, 2 ;
0,2; -0.916051, 0.625874, 3.486129 / -0.915905, 0.626595, 3.486195 / -0.916198, 0.625152, 3.486064; 1, 45, 1, 0; 0.001133509034; 1, 0, 2; 1, 1, 0; 1, 1, 2 / 2, 9, 2 ;
0,2; -0.992775, 0.568517, 3.911046 / -0.992526, 0.568657, 3.911389 / -0.993025, 0.568378, 3.910703; 1, 46, 1, 0; 0.250746555889; 2, 1, 1; 1, 1, 0; 3, 3, 2 / 4, 1, 1 ;
0,2; -0.993253, 0.567486, 3.907383 / -0.993253, 0.567486, 3.907383 / -0.993253, 0.567486, 3.907383; 1, 46, 1, 0; 0.250734756356; 0, 1, 0; 0, 1, 0; 4, 1, 1 ;
0,2; -1.002621, 0.597315, 3.850314 / -1.002621, 0.597315, 3.850314 / -1.002621, 0.597315, 3.850314; 1, 46, 1, 0; 0.251843981985; 0, 1, 0; 0, 1, 0; 1, 1, 1 ;
0,2; -1.066615, 0.576186, 4.121773 / -1.066615, 0.576186, 4.121773 / -1.066615, 0.576186, 4.121773; 1, 46, 1, 0; 0.610071694646; 0, 1, 0; 0, 1, 0; 1, 1, 1 ;
0,2; -1.111428, 0.562538, 4.318767 / -1.111428, 0.562538, 4.318767 / -1.111428, 0.562538, 4.318767; 1, 46, 1, 0; 0.610962252870; 0, 1, 0; 0, 1, 0; 1, 1, 1 ;
0,2; -1.145180, 0.549322, 4.463012 / -1.145180, 0.549322, 4.463012 / -1.145180, 0.549322, 4.463012; 1, 46, 1, 0; 0.953290382275; 0, 1, 0; 0, 1, 0; 1, 1, 1 ;
0,2; -0.992611, 0.570462, 3.908092 / -0.992327, 0.570801, 3.908472 / -0.992896, 0.570122, 3.907712; 1, 46, 1, 0; 0.250735533722; 1, 0, 2; 2, 0, 0; 3, 1, 2 / 3, 5, 2 ;
0,2; -0.994473, 0.574835, 3.901057 / -0.994473, 0.574835, 3.901057 / -0.994473, 0.574835, 3.901057; 1, 46, 1, 0; 0.250735963485; 1, 0, 1; 1, 0, 0; 3, 1, 2 ;
0,2; -1.061134, 0.570726, 4.116709 / -1.061134, 0.570726, 4.116709 / -1.061134, 0.570726, 4.116709; 1, 46, 1, 0; 0.610059737111; 1, 0, 1; 1, 0, 0; 2, 1, 2 ;
0,2; -1.142670, 0.551596, 4.459740 / -1.142670, 0.551596, 4.459740 / -1.142670, 0.551596, 4.459740; 1, 46, 1, 0; 0.953278677542; 1, 0, 1; 1, 0, 0; 2, 1, 2 ;
1,3; -0.798185, -4.18369, -1.68984 / -0.798185, -4.18369, -1.68984 / -0.798185, -4.18369, -1.68984; 1, 8, 1, 0; 0.429121812553; 1, 0, 1; 1, 0, 0; 3, 1, 2 ;
0,3; -1.648639, -2.560110, -0.510169 / -1.648330, -2.559417, -0.509526 / -1.648948, -2.560803, -0.510811; 1, 9, 1, 0; 0.978146154229; 1, 0, 3; 2, 1, 0; 1, 7, 2 / 1, 8, 0 / 2, 9, 0 / 3, 1, 2 / 3, 4, 2 ;
0,3; -1.135418, -3.543921, -1.224530 / -1.135418, -3.543921, -1.224530 / -1.135418, -3.543921, -1.224530; 1, 9, 1, 0; 0.305171239765; 1, 0, 1; 0, 1, 0; 4, 1, 2 ;
0,3; -1.392644, -3.048188, -0.864482 / -1.392644, -3.048188, -0.864482 / -1.392644, -3.048188, -0.864482; 1, 9, 1, 0; 0.619953474214; 1, 0, 1; 0, 1, 0; 4, 1, 2 ;
0,3; -1.646221, -2.557061, -0.505133 / -1.646221, -2.557061, -0.505133 / -1.646221, -2.557061, -0.505133; 1, 9, 1, 0; 0.978156383954; 1, 0, 1; 0, 1, 0; 1, 1, 2 ;
0,3; -1.126405, -3.527868, -1.227879 / -1.126405, -3.527868, -1.227879 / -1.126405, -3.527868, -1.227879; 1, 9, 1, 0; 0.305163972983; 1, 0, 1; 1, 0, 0; 3, 1, 2 ;
0,3; -1.488642, -2.869494, -0.744822 / -1.488642, -2.869494, -0.744822 / -1.488642, -2.869494, -0.744822; 1, 9, 1, 0; 0.620243885955; 1, 0, 1; 1, 0, 0; 2, 1, 2 ;
0,3; -1.477206, -2.885040, -0.745485 / -1.477206, -2.885040, -0.745485 / -1.477206, -2.885040, -0.745485; 1, 9, 1, 0; 0.620246827271; 1, 0, 1; 1, 0, 0; 3, 1, 2 ;
0,3; -1.637892, -2.575619, -0.520382 / -1.637892, -2.575619, -0.520382 / -1.637892, -2.575619, -0.520382; 1, 9, 1, 0; 0.978142109919; 1, 0, 1; 1, 0, 0; 2, 1, 2 ;
0,3; -1.640765, -2.575156, -0.518779 / -1.640765, -2.575156, -0.518779 / -1.640765, -2.575156, -0.518779; 1, 9, 1, 0; 0.978142796586; 1, 0, 1; 1, 0, 0; 2, 1, 2 ;
0,3; -1.647254, -2.570266, -0.517462 / -1.647254, -2.570266, -0.517462 / -1.647254, -2.570266, -0.517462; 1, 9, 1, 0; 0.978144397009; 1, 0, 1; 1, 0, 0; 3, 1, 2 ;
0,3; -1.654122, -2.560059, -0.502567 / -1.654122, -2.560059, -0.502567 / -1.654122, -2.560059, -0.502567; 1, 9, 1, 0; 0.978155394504; 1, 0, 1; 1, 0, 0; 3, 1, 2 ;
0,3; -1.897123, -2.079549, -0.158768 / -1.897123, -2.079549, -0.158768 / -1.897123, -2.079549, -0.158768; 1, 10, 1, 0; 0.880100020979; 1, 0, 1; 0, 1, 0; 1, 1, 2 ;
0,3; -1.897281, -2.071286, -0.155871 / -1.897281, -2.071286, -0.155871 / -1.897281, -2.071286, -0.155871; 1, 10, 1, 0; 0.880109099049; 1, 0, 1; 0, 1, 0; 4, 1, 2 ;
0,3; -2.043346, -1.794558, 0.047615 / -2.043013, -1.794486, 0.047643 / -2.043679, -1.794629, 0.047587; 1, 16, 1, 0; 0.918494211028; 2, 1, 1; 1, 1, 0; 1, 1, 1 / 2, 1, 2 / 3, 8, 0 ;
0,3; -2.040856, -1.798449, 0.044657 / -2.040856, -1.798449, 0.044657 / -2.040856, -1.798449, 0.044657; 1, 16, 1, 0; 0.918493239949; 0, 1, 0; 0, 1, 0; 1, 1, 1 ;
0,3; -2.115750, -1.651074, 0.157861 / -2.115750, -1.651074, 0.157861 / -2.115750, -1.651074, 0.157861; 1, 16, 1, 0; 0.918807554863; 0, 1, 0; 0, 1, 0; 1, 1, 1 ;
0,3; -2.039995, -1.805545, 0.044837 / -2.039995, -1.805545, 0.044837 / -2.039995, -1.805545, 0.044837; 1, 16, 1, 0; 0.918492128231; 1, 0, 1; 1, 0, 0; 2, 1, 2 ;
0,3; -2.116812, -1.648428, 0.160745 / -2.116812, -1.648428, 0.160745 / -2.116812, -1.648428, 0.160745; 1, 16, 1, 0; 0.918807715593; 0, 1, 0; 1, 0, 0; 2, 1, 1 ;
0,3; -2.115967, -1.647778, 0.160683 / -2.115967, -1.647778, 0.160683 / -2.115967, -1.647778, 0.160683; 1, 16, 1, 0; 0.918807789261; 1, 0, 1; 1, 0, 0; 2, 1, 2 ;
0,3; -2.121222, -1.636653, 0.162147 / -2.121222, -1.636653, 0.162147 / -2.121222, -1.636653, 0.162147; 1, 16, 1, 0; 0.918809704631; 0, 1, 0; 1, 0, 0; 1, 1, 0 / 2, 1, 1 ;
0,3; -2.120433, -1.633568, 0.161908 / -2.120433, -1.633568, 0.161908 / -2.120433, -1.633568, 0.161908; 1, 16, 1, 0; 0.918810521677; 1, 0, 1; 1, 0, 0; 2, 1, 2 ;
0,3; -2.465308, -1.216250, 0.731076 / -2.464692, -1.215559, 0.731248 / -2.465924, -1.216941, 0.730904; 1, 21, 1, 0; 0.327675355499; 2, 1, 1; 1, 1, 0; 3, 5, 1 / 4, 1, 2 ;
0,3; -2.454400, -1.208986, 0.716291 / -2.454400, -1.208986, 0.716291 / -2.454400, -1.208986, 0.716291; 1, 21, 1, 0; 0.327652603885; 1, 0, 1; 1, 0, 0; 2, 1, 2 ;
0,3; -2.469976, -1.227875, 0.733404 / -2.469976, -1.227875, 0.733404 / -2.469976, -1.227875, 0.733404; 1, 21, 1, 0; 0.327673776637; 1, 0, 1; 1, 0, 0; 2, 1, 2 ;
0,3; -2.538759, -0.837465, 0.748561 / -2.538759, -0.837465, 0.748561 / -2.538759, -0.837465, 0.748561; 1, 21, 1, 0; 0.354064091594; 1, 0, 1; 1, 0, 0; 2, 1, 2 ;
0,3; -2.809554, -0.321645, 1.122299 / -2.809554, -0.321645, 1.122299 / -2.809554, -0.321645, 1.122299; 1, 21, 1, 0; 0.561654115808; 1, 0, 1; 1, 0, 0; 2, 1, 2 ;
0,3; -2.944397, -0.053359, 1.319465 / -2.944397, -0.053359, 1.319465 / -2.944397, -0.053359, 1.319465; 1, 23, 1, 0; 0.732175128843; 1, 0, 1; 0, 1, 0; 1, 1, 2 ;
0,3; -3.034077, 0.116239, 1.437134 / -3.034077, 0.116239, 1.437134 / -3.034077, 0.116239, 1.437134; 1, 23, 1, 0; 0.715892278883; 1, 0, 1; 1, 0, 0; 1, 8, 0 / 2, 1, 2 / 4, 3, 0 ;
0,3; -3.045978, 0.131809, 1.451375 / -3.045978, 0.131809, 1.451375 / -3.045978, 0.131809, 1.451375; 1, 23, 1, 0; 0.715901967044; 1, 0, 1; 1, 0, 0; 3, 1, 2 / 4, 1, 0 ;
0,3; -3.014829, 0.083607, 1.415283 / -3.014829, 0.083607, 1.415283 / -3.014829, 0.083607, 1.415283; 1, 23, 1, 0; 0.716808988781; 0, 1, 0; 1, 0, 0; 2, 1, 1 / 3, 7, 0 / 3, 8, 0 ;
0,3; -2.944017, -0.063505, 1.318149 / -2.944017, -0.063505, 1.318149 / -2.944017, -0.063505, 1.318149; 1, 23, 1, 0; 0.732173783881; 1, 0, 1; 1, 0, 0; 2, 1, 2 ;
0,3; -2.948492, -0.048366, 1.316593 / -2.948492, -0.048366, 1.316593 / -2.948492, -0.048366, 1.316593; 1, 23, 1, 0; 0.732175912172; 1, 0, 1; 1, 0, 0; 2, 1, 2 ;
0,3; -2.946046, -0.049099, 1.319473 / -2.946046, -0.049099, 1.319473 / -2.946046, -0.049099, 1.319473; 1, 23, 1, 0; 0.732176045191; 0, 0, 0; 1, 0, 0; 2, 1, 3 ;
0,3; -3.175526, 0.393874, 1.642900 / -3.175526, 0.393874, 1.642900 / -3.175526, 0.393874, 1.642900; 1, 24, 1, 0; 0.835987409086; 1, 0, 1; 0, 1, 0; 4, 1, 2 ;
0,3; -3.277400, 0.593517, 1.787959 / -3.277400, 0.593517, 1.787959 / -3.277400, 0.593517, 1.787959; 1, 24, 1, 0; 0.836741105145; 1, 0, 1; 0, 1, 0; 1, 1, 2 ;
0,3; -3.286684, 0.609104, 1.801693 / -3.286684, 0.609104, 1.801693 / -3.286684, 0.609104, 1.801693; 1, 24, 1, 0; 0.836756926924; 0, 1, 0; 0, 1, 0; 1, 1, 1 / 2, 4, 0 / 3, 5, 0 ;
0,3; -3.180075, 0.406739, 1.652066 / -3.180075, 0.406739, 1.652066 / -3.180075, 0.406739, 1.652066; 1, 24, 1, 0; 0.835984238818; 1, 0, 1; 1, 0, 0; 1, 1, 0 / 1, 3, 0 / 2, 1, 2 / 3, 4, 0 / 4, 4, 0 ;
0,3; -3.195082, 0.433332, 1.672011 / -3.195082, 0.433332, 1.672011 / -3.195082, 0.433332, 1.672011; 1, 24, 1, 0; 0.836378660033; 0, 1, 0; 1, 0, 0; 3, 1, 1 / 4, 1, 0 ;
0,3; -3.201805, 0.430748, 1.670386 / -3.201805, 0.430748, 1.670386 / -3.201805, 0.430748, 1.670386; 1, 24, 1, 0; 0.836391592361; 1, 0, 1; 1, 0, 0; 2, 1, 2 ;
0,3; -3.272174, 0.583505, 1.781404 / -3.272174, 0.583505, 1.781404 / -3.272174, 0.583505, 1.781404; 1, 24, 1, 0; 0.836739346348; 1, 0, 1; 1, 0, 0; 3, 1, 2 ;
0,3; -3.275300, 0.583490, 1.781492 / -3.275300, 0.583490, 1.781492 / -3.275300, 0.583490, 1.781492; 1, 24, 1, 0; 0.836740299646; 1, 0, 1; 1, 0, 0; 3, 1, 2 ;
0,3; -3.280779, 0.593725, 1.790424 / -3.280779, 0.593725, 1.790424 / -3.280779, 0.593725, 1.790424; 1, 24, 1, 0; 0.836741223383; 1, 0, 1; 1, 0, 0; 2, 1, 2 ;
0,3; -3.281233, 0.597495, 1.789424 / -3.281233, 0.597495, 1.789424 / -3.281233, 0.597495, 1.789424; 1, 24, 1, 0; 0.836742065832; 1, 0, 1; 1, 0, 0; 3, 1, 2 ;
0,3; -3.435902, 0.909190, 2.016138 / -3.435522, 0.909252, 2.016553 / -3.436282, 0.909129, 2.015724; 1, 30, 1, 0; 0.834574376269; 1, 0, 2; 1, 1, 0; 2, 3, 2 / 2, 6, 0 / 4, 1, 2 ;
0,3; -3.436753, 0.907419, 2.016057 / -3.436753, 0.907419, 2.016057 / -3.436753, 0.907419, 2.016057; 1, 30, 1, 0; 0.834574259374; 1, 0, 1; 1, 0, 0; 2, 1, 0 / 2, 9, 0 / 3, 1, 2 ;
1,4; -0.148457, 1.33178, 1.93632 / -0.148457, 1.33178, 1.93632 / -0.148457, 1.33178, 1.93632; 1, 29, 1, 0; 0.920258084250; 1, 0, 1; 1, 0, 0; 3, 1, 2 ;
0,4; -0.150978, 1.341952, 1.937989 / -0.150978, 1.341952, 1.937989 / -0.150978, 1.341952, 1.937989; 1, 29, 1, 0; 0.920260597488; 1, 0, 1; 1, 0, 0; 2, 1, 2 ;
0,4; -0.474941, 0.673027, 1.924649 / -0.474652, 0.673746, 1.924657 / -0.475230, 0.672308, 1.924642; 1, 30, 1, 0; 0.873154006959; 2, 1, 1; 1, 1, 0; 1, 1, 2 / 3, 7, 1 ;
0,4; -0.479252, 0.662773, 1.924512 / -0.479120, 0.662985, 1.924779 / -0.479385, 0.662561, 1.924245; 1, 30, 1, 0; 0.873156413044; 2, 1, 1; 1, 1, 0; 2, 6, 2 / 4, 1, 1 ;
0,4; 0.188059, 2.027296, 1.944979 / 0.188179, 2.027381, 1.945004 / 0.187939, 2.027211, 1.944954; 1, 30, 1, 0; 0.929809042593; 2, 1, 1; 1, 1, 0; 1, 1, 2 / 2, 1, 1 ;
0,4; 0.337888, 2.332609, 1.949742 / 0.337962, 2.332728, 1.949800 / 0.337814, 2.332491, 1.949683; 1, 30, 1, 0; 0.946651324223; 2, 1, 1; 1, 1, 0; 1, 1, 2 / 3, 5, 1 ;
0,4; 0.666548, 3.002425, 1.960431 / 0.666825, 3.002538, 1.960507 / 0.666271, 3.002312, 1.960354; 1, 30, 1, 0; 0.968594856239; 2, 1, 1; 1, 1, 0; 3, 2, 2 / 4, 1, 1 ;
0,4; -0.476339, 0.672084, 1.921889 / -0.476339, 0.672084, 1.921889 / -0.476339, 0.672084, 1.921889; 1, 30, 1, 0; 0.873154250490; 1, 0, 1; 0, 1, 0; 4, 1, 2 ;
0,4; 0.180692, 2.022228, 1.947086 / 0.180692, 2.022228, 1.947086 / 0.180692, 2.022228, 1.947086; 1, 30, 1, 0; 0.929810844721; 1, 0, 1; 0, 1, 0; 4, 1, 2 / 4, 9, 0 ;
0,4; 0.189619, 2.029220, 1.948240 / 0.189619, 2.029220, 1.948240 / 0.189619, 2.029220, 1.948240; 1, 30, 1, 0; 0.929825953375; 1, 0, 1; 0, 1, 0; 1, 1, 2 ;
0,4; 0.357469, 2.374183, 1.949755 / 0.357469, 2.374183, 1.949755 / 0.357469, 2.374183, 1.949755; 1, 30, 1, 0; 0.947913525119; 1, 0, 1; 0, 1, 0; 1, 1, 2 ;
0,4; 0.364385, 2.389847, 1.948876 / 0.364385, 2.389847, 1.948876 / 0.364385, 2.389847, 1.948876; 1, 30, 1, 0; 0.947919097105; 0, 1, 0; 0, 1, 0; 1, 1, 1 ;
0,4; 0.365977, 2.389110, 1.951058 / 0.365977, 2.389110, 1.951058 / 0.365977, 2.389110, 1.951058; 1, 30, 1, 0; 0.947920363465; 1, 0, 1; 0, 1, 0; 4, 1, 2 ;
0,4; 0.646756, 2.966395, 1.961305 / 0.646756, 2.966395, 1.961305 / 0.646756, 2.966395, 1.961305; 1, 30, 1, 0; 0.967325904668; 0, 1, 0; 0, 1, 0; 4, 1, 1 ;
0,4; -1.082277, -0.568689, 1.905832 / -1.082082, -0.568361, 1.905853 / -1.082471, -0.569017, 1.905812; 1, 30, 1, 0; 0.592133739348; 2, 1, 1; 3, 0, 0; 2, 2, 2 / 2, 3, 3 / 3, 1, 1 ;
0,4; 0.055170, 1.755196, 1.941000 / 0.055243, 1.755361, 1.941003 / 0.055098, 1.755031, 1.940998; 1, 30, 1, 0; 0.927250322435; 2, 1, 1; 2, 0, 0; 3, 1, 1 / 3, 2, 2 ;
0,4; -1.452880, -1.323038, 1.897386 / -1.452880, -1.323038, 1.897386 / -1.452880, -1.323038, 1.897386; 1, 30, 1, 0; 0.386203246948; 1, 0, 1; 1, 0, 0; 3, 1, 2 ;
0,4; -1.079248, -0.560159, 1.904123 / -1.079248, -0.560159, 1.904123 / -1.079248, -0.560159, 1.904123; 1, 30, 1, 0; 0.592136437670; 1, 0, 1; 1, 0, 0; 2, 1, 2 ;
0,4; -0.775221, 0.054733, 1.920428 / -0.775221, 0.054733, 1.920428 / -0.775221, 0.054733, 1.920428; 1, 30, 1, 0; 0.736773255248; 1, 0, 1; 1, 0, 0; 3, 1, 2 ;
0,4; -0.787938, 0.043735, 1.912743 / -0.787938, 0.043735, 1.912743 / -0.787938, 0.043735, 1.912743; 1, 30, 1, 0; 0.736794608032; 1, 0, 1; 1, 0, 0; 2, 1, 2 ;
0,4; -0.472474, 0.672306, 1.921875 / -0.472474, 0.672306, 1.921875 / -0.472474, 0.672306, 1.921875; 1, 30, 1, 0; 0.873137164366; 1, 0, 1; 1, 0, 0; 1, 2, 0 / 3, 1, 2 / 3, 3, 0 ;
0,4; 0.034032, 1.717790, 1.939677 / 0.034032, 1.717790, 1.939677 / 0.034032, 1.717790, 1.939677; 1, 30, 1, 0; 0.925971171793; 1, 0, 1; 1, 0, 0; 2, 1, 2 ;
0,4; 0.220192, 2.090215, 1.948806 / 0.220192, 2.090215, 1.948806 / 0.220192, 2.090215, 1.948806; 1, 30, 1, 0; 0.931687191446; 0, 1, 0; 1, 0, 0; 2, 1, 1 ;
0,4; 0.220625, 2.088152, 1.946143 / 0.220625, 2.088152, 1.946143 / 0.220625, 2.088152, 1.946143; 1, 30, 1, 0; 0.931687396012; 1, 0, 1; 1, 0, 0; 3, 1, 2 ;
0,4; 0.218640, 2.089489, 1.963857 / 0.218640, 2.089489, 1.963857 / 0.218640, 2.089489, 1.963857; 1, 30, 1, 0; 0.931704521101; 1, 0, 1; 1, 0, 0; 3, 1, 2 ;
0,4; 0.153209, 1.952908, 1.941166 / 0.153209, 1.952908, 1.941166 / 0.153209, 1.952908, 1.941166; 1, 30, 1, 0; 0.932655431128; 1, 0, 1; 1, 0, 0; 3, 1, 2 ;
0,4; 0.448397, 2.558238, 1.953254 / 0.448397, 2.558238, 1.953254 / 0.448397, 2.558238, 1.953254; 1, 30, 1, 0; 0.961609797343; 1, 0, 1; 1, 0, 0; 2, 1, 2 ;
0,4; 0.643286, 2.958054, 1.968162 / 0.643286, 2.958054, 1.968162 / 0.643286, 2.958054, 1.968162; 1, 30, 1, 0; 0.967329031604; 1, 0, 1; 1, 0, 0; 2, 1, 2 ;
0,4; 0.660913, 2.991584, 1.960146 / 0.660913, 2.991584, 1.960146 / 0.660913, 2.991584, 1.960146; 1, 30, 1, 0; 0.968592420930; 0, 1, 0; 1, 0, 0; 2, 1, 1 / 2, 3, 0 / 3, 4, 0 ;
0,4; 0.760800, 3.187383, 1.963022 / 0.760800, 3.187383, 1.963022 / 0.760800, 3.187383, 1.963022; 1, 30, 1, 0; 0.990532183088; 1, 0, 1; 1, 0, 0; 3, 1, 2 ;
0,4; 0.945472, 3.567779, 1.973209 / 0.945472, 3.567779, 1.973209 / 0.945472, 3.567779, 1.973209; 1, 31, 1, 0; 0.229413100856; 1, 0, 1; 1, 0, 0; 3, 1, 2 ;
0,4; -1.985226, -3.241043, 1.596446 / -1.985226, -3.241043, 1.596446 / -1.985226, -3.241043, 1.596446; 1, 32, 1, 0; 0.056082224043; 1, 0, 1; 1, 0, 0; 2, 1, 2 ;
0,4; -2.012327, -2.466287, 1.877779 / -2.012327, -2.466287, 1.877779 / -2.012327, -2.466287, 1.877779; 1, 32, 1, 0; 0.304579274016; 1, 0, 1; 1, 0, 0; 3, 1, 2 ;
1,5; -2.44233, -3.21941, -0.467393 / -2.44233, -3.21941, -0.467393 / -2.44233, -3.21941, -0.467393; 1, 9, 1, 0; 0.906205680201; 0, 1, 0; 0, 1, 0; 1, 1, 1 / 1, 5, 0 / 2, 10, 0 ;
0,5; -2.420384, -3.175885, -0.445869 / -2.420384, -3.175885, -0.445869 / -2.420384, -3.175885, -0.445869; 1, 9, 1, 0; 0.906930860681; 1, 0, 1; 1, 0, 0; 3, 1, 2 ;
0,5; -2.156145, -2.733503, -0.131663 / -2.155792, -2.733254, -0.131578 / -2.156498, -2.733753, -0.131747; 1, 10, 1, 0; 0.922270561099; 0, 2, 0; 0, 2, 1; 1, 1, 3 / 4, 6, 1 ;
0,5; -2.099108, -2.379738, -0.081204 / -2.099108, -2.379738, -0.081204 / -2.099108, -2.379738, -0.081204; 1, 10, 1, 0; 0.911382197034; 1, 0, 1; 0, 1, 0; 1, 1, 2 ;
0,5; -2.100864, -2.381697, -0.080591 / -2.100864, -2.381697, -0.080591 / -2.100864, -2.381697, -0.080591; 1, 10, 1, 0; 0.911382256509; 0, 1, 0; 0, 1, 0; 4, 1, 1 ;
0,5; -2.153015, -2.727933, -0.135429 / -2.152687, -2.727431, -0.134861 / -2.153342, -2.728435, -0.135996; 1, 10, 1, 0; 0.922271355904; 1, 0, 1; 2, 0, 0; 2, 6, 0 / 3, 1, 2 / 3, 4, 0 / 3, 6, 0 / 3, 7, 3 ;
0,5; -2.108913, -2.392370, -0.081467 / -2.108913, -2.392370, -0.081467 / -2.108913, -2.392370, -0.081467; 1, 10, 1, 0; 0.911373437966; 1, 0, 1; 1, 0, 0; 2, 1, 2 ;
0,5; -2.045352, -2.253814, -0.022786 / -2.045352, -2.253814, -0.022786 / -2.045352, -2.253814, -0.022786; 1, 10, 1, 0; 0.912561902815; 1, 0, 1; 1, 0, 0; 2, 1, 2 ;
0,5; -2.045544, -2.249542, -0.020600 / -2.045544, -2.249542, -0.020600 / -2.045544, -2.249542, -0.020600; 1, 10, 1, 0; 0.912571321516; 0, 1, 0; 1, 0, 0; 3, 1, 1 ;
0,5; -2.035119, -2.217555, -0.005210 / -2.035119, -2.217555, -0.005210 / -2.035119, -2.217555, -0.005210; 1, 10, 1, 0; 0.912597787957; 1, 0, 1; 1, 0, 0; 2, 1, 2 ;
0,5; -2.160458, -2.732679, -0.137611 / -2.160458, -2.732679, -0.137611 / -2.160458, -2.732679, -0.137611; 1, 10, 1, 0; 0.922271047714; 1, 0, 1; 1, 0, 0; 2, 1, 2 ;
0,5; -2.153952, -2.726921, -0.136678 / -2.153342, -2.726411, -0.135996 / -2.154562, -2.727431, -0.137359; 1, 10, 1, 0; 0.922271388345; 0, 0, 0; 2, 0, 0; 2, 7, 0 / 3, 1, 3 / 3, 10, 3 ;
0,5; -2.159410, -2.727289, -0.140751 / -2.159410, -2.727289, -0.140751 / -2.159410, -2.727289, -0.140751; 1, 10, 1, 0; 0.922271577584; 1, 0, 1; 1, 0, 0; 3, 1, 2 ;
0,5; -2.344782, -3.698372, -0.281021 / -2.344782, -3.698372, -0.281021 / -2.344782, -3.698372, -0.281021; 1, 10, 1, 0; 0.975201853246; 1, 0, 1; 1, 0, 0; 2, 1, 2 ;
0,5; -2.010747, -2.157612, 0.023435 / -2.010747, -2.157612, 0.023435 / -2.010747, -2.157612, 0.023435; 1, 16, 1, 0; 0.920965701481; 1, 0, 1; 0, 1, 0; 1, 1, 2 ;
0,5; -1.993260, -2.107447, 0.047841 / -1.993260, -2.107447, 0.047841 / -1.993260, -2.107447, 0.047841; 1, 16, 1, 0; 0.921286298273; 1, 0, 1; 1, 0, 0; 3, 1, 2 ;
0,5; -1.934287, -1.956580, 0.112834 / -1.934287, -1.956580, 0.112834 / -1.934287, -1.956580, 0.112834; 1, 16, 1, 0; 0.921800025985; 1, 0, 1; 1, 0, 0; 2, 1, 2 ;
0,5; -1.253077, -0.311187, 0.837822 / -1.252320, -0.309983, 0.838342 / -1.253834, -0.312391, 0.837303; 1, 21, 1, 0; 0.407361664076; 2, 4, 1; 2, 3, 1; 1, 1, 1 / 1, 6, 0 / 2, 4, 1 / 3, 4, 2 / 4, 6, 1 / 4, 9, 1 ;
0,5; -1.409751, -0.680905, 0.701045 / -1.409714, -0.680132, 0.701281 / -1.409787, -0.681677, 0.700809; 1, 21, 1, 0; 0.341258265377; 2, 1, 2; 2, 1, 0; 1, 1, 1 / 2, 1, 2 / 2, 7, 2 / 4, 4, 0 ;
0,5; -1.253981, -0.312316, 0.839333 / -1.253309, -0.312195, 0.840360 / -1.254654, -0.312437, 0.838306; 1, 21, 1, 0; 0.407361613145; 1, 0, 2; 1, 2, 0; 1, 1, 2 / 1, 8, 1 / 2, 1, 2 ;
0,5; -1.416980, -0.712629, 0.688757 / -1.416980, -0.712629, 0.688757 / -1.416980, -0.712629, 0.688757; 1, 21, 1, 0; 0.340896124004; 0, 0, 0; 0, 1, 0; 4, 1, 3 ;
0,5; -1.418088, -0.713383, 0.685280 / -1.418088, -0.713383, 0.685280 / -1.418088, -0.713383, 0.685280; 1, 21, 1, 0; 0.340896356831; 1, 0, 1; 0, 1, 0; 4, 1, 2 ;
0,5; -1.406820, -0.672535, 0.703151 / -1.406820, -0.672535, 0.703151 / -1.406820, -0.672535, 0.703151; 1, 21, 1, 0; 0.341246871380; 1, 0, 1; 0, 1, 0; 4, 1, 2 ;
0,5; -1.411388, -0.682783, 0.699538 / -1.411388, -0.682783, 0.699538 / -1.411388, -0.682783, 0.699538; 1, 21, 1, 0; 0.341258185342; 1, 0, 1; 0, 1, 0; 1, 1, 2 ;
0,5; -1.379916, -0.608155, 0.738296 / -1.379916, -0.608155, 0.738296 / -1.379916, -0.608155, 0.738296; 1, 21, 1, 0; 0.405054583501; 1, 0, 1; 0, 1, 0; 4, 1, 2 ;
0,5; -1.257699, -0.320405, 0.846907 / -1.257699, -0.320405, 0.846907 / -1.257699, -0.320405, 0.846907; 1, 21, 1, 0; 0.407373392763; 0, 1, 0; 0, 1, 0; 4, 1, 1 ;
0,5; -1.258883, -0.320284, 0.851734 / -1.258883, -0.320284, 0.851734 / -1.258883, -0.320284, 0.851734; 1, 21, 1, 0; 0.407373516452; 1, 0, 1; 0, 1, 0; 4, 1, 2 ;
0,5; -1.267565, -0.332214, 0.861474 / -1.267565, -0.332214, 0.861474 / -1.267565, -0.332214, 0.861474; 1, 21, 1, 0; 0.407383266104; 0, 0, 0; 0, 1, 0; 4, 1, 3 ;
0,5; -1.263993, -0.326706, 0.859681 / -1.263993, -0.326706, 0.859681 / -1.263993, -0.326706, 0.859681; 1, 21, 1, 0; 0.407384328380; 1, 0, 1; 0, 1, 0; 1, 1, 2 ;
0,5; -1.654992, -1.303758, 0.416079 / -1.654992, -1.303758, 0.416079 / -1.654992, -1.303758, 0.416079; 1, 21, 1, 0; 0.199214105273; 1, 0, 1; 1, 0, 0; 2, 1, 2 ;
0,5; -1.671893, -1.300653, 0.417124 / -1.671893, -1.300653, 0.417124 / -1.671893, -1.300653, 0.417124; 1, 21, 1, 0; 0.199226117718; 1, 0, 1; 1, 0, 0; 2, 1, 2 ;
0,5; -1.638186, -1.239529, 0.444345 / -1.638186, -1.239529, 0.444345 / -1.638186, -1.239529, 0.444345; 1, 21, 1, 0; 0.200448469450; 1, 0, 1; 1, 0, 0; 3, 1, 2 / 3, 3, 0 ;
0,5; -1.412210, -0.707110, 0.686753 / -1.412210, -0.707110, 0.686753 / -1.412210, -0.707110, 0.686753; 1, 21, 1, 0; 0.340882379905; 1, 0, 1; 1, 0, 0; 2, 1, 2 ;
0,5; -1.422311, -0.706801, 0.689077 / -1.422311, -0.706801, 0.689077 / -1.422311, -0.706801, 0.689077; 1, 21, 1, 0; 0.340895541935; 0, 1, 0; 1, 0, 0; 3, 1, 1 ;
0,5; -1.405103, -0.677356, 0.702802 / -1.405103, -0.677356, 0.702802 / -1.405103, -0.677356, 0.702802; 1, 21, 1, 0; 0.341245612657; 1, 0, 1; 1, 0, 0; 3, 1, 2 ;
0,5; -1.264307, -0.325464, 0.856889 / -1.264307, -0.325464, 0.856889 / -1.264307, -0.325464, 0.856889; 1, 21, 1, 0; 0.407384248345; 1, 0, 1; 1, 0, 0; 3, 1, 2 ;
0,5; -1.189292, -0.137154, 0.950133 / -1.189292, -0.137154, 0.950133 / -1.189292, -0.137154, 0.950133; 1, 23, 1, 0; 0.461037608687; 1, 0, 1; 0, 1, 0; 4, 1, 2 ;
0,5; -0.857922, 0.679089, 1.324400 / -0.857922, 0.679089, 1.324400 / -0.857922, 0.679089, 1.324400; 1, 26, 1, 0; 0.881170365608; 1, 0, 1; 0, 1, 0; 1, 1, 2 ;
0,5; -0.865915, 0.687357, 1.326926 / -0.865915, 0.687357, 1.326926 / -0.865915, 0.687357, 1.326926; 1, 26, 1, 0; 0.881183815524; 1, 0, 1; 1, 0, 0; 2, 1, 2 ;
0,5; -0.299473, 2.029044, 1.941194 / -0.299473, 2.029044, 1.941194 / -0.299473, 2.029044, 1.941194; 1, 29, 1, 0; 0.814407031612; 1, 0, 1; 0, 1, 0; 4, 1, 2 ;
0,5; -0.304975, 2.030337, 1.948559 / -0.304975, 2.030337, 1.948559 / -0.304975, 2.030337, 1.948559; 1, 29, 1, 0; 0.814407723240; 0, 1, 0; 0, 1, 0; 1, 1, 1 ;
0,5; -0.217121, 2.249770, 2.047448 / -0.217121, 2.249770, 2.047448 / -0.217121, 2.249770, 2.047448; 1, 29, 1, 0; 0.725891683324; 1, 0, 1; 1, 0, 0; 3, 1, 2 / 4, 3, 0 ;
0,5; -0.306655, 2.028896, 1.946742 / -0.306655, 2.028896, 1.946742 / -0.306655, 2.028896, 1.946742; 1, 29, 1, 0; 0.814407820652; 1, 0, 1; 1, 0, 0; 3, 1, 2 ;
0,5; 0.033935, 2.889022, 2.343539 / 0.033935, 2.889022, 2.343539 / 0.033935, 2.889022, 2.343539; 1, 31, 1, 0; 0.294994756485; 1, 0, 1; 1, 0, 0; 2, 1, 2 ;
0,5; 0.058937, 2.942081, 2.365043 / 0.058937, 2.942081, 2.365043 / 0.058937, 2.942081, 2.365043; 1, 31, 1, 0; 0.296178821487; 1, 0, 1; 1, 0, 0; 2, 1, 2 ;
0,5; 0.306021, 3.539171, 2.634071 / 0.306021, 3.539171, 2.634071 / 0.306021, 3.539171, 2.634071; 1, 38, 1, 0; 0.277600326359; 1, 0, 1; 1, 0, 0; 1, 1, 0 / 2, 1, 2 / 4, 3, 0 / 4, 4, 0 / 4, 5, 0 ;
0,5; 0.315492, 3.549187, 2.648157 / 0.315492, 3.549187, 2.648157 / 0.315492, 3.549187, 2.648157; 1, 38, 1, 0; 0.280127926058; 1, 0, 1; 1, 0, 0; 3, 1, 2 ;
1,7; 0.0474659, -1.95137, -3.55682 / 0.0474659, -1.95137, -3.55682 / 0.0474659, -1.95137, -3.55682; 1, 1, 1, 0; 0.916806187090; 1, 0, 1; 0, 1, 0; 1, 1, 2 ;
0,7; 0.047167, -1.946232, -3.556308 / 0.047167, -1.946232, -3.556308 / 0.047167, -1.946232, -3.556308; 1, 1, 1, 0; 0.916806863452; 0, 1, 0; 0, 1, 0; 1, 1, 1 ;
0,7; 0.101957, -1.909876, -3.526269 / 0.101957, -1.909876, -3.526269 / 0.101957, -1.909876, -3.526269; 1, 1, 1, 0; 0.917102243781; 1, 0, 1; 0, 1, 0; 4, 1, 2 ;
0,7; 0.018550, -1.970913, -3.570734 / 0.018550, -1.970913, -3.570734 / 0.018550, -1.970913, -3.570734; 1, 1, 1, 0; 0.916283177335; 1, 0, 1; 1, 0, 0; 2, 1, 2 ;
0,7; 0.048130, -1.947961, -3.559783 / 0.048130, -1.947961, -3.559783 / 0.048130, -1.947961, -3.559783; 1, 1, 1, 0; 0.916806796212; 1, 0, 1; 1, 0, 0; 2, 1, 2 ;
0,7; 0.057611, -1.942106, -3.555137 / 0.057611, -1.942106, -3.555137 / 0.057611, -1.942106, -3.555137; 1, 1, 1, 0; 0.916808500960; 1, 0, 1; 1, 0, 0; 2, 1, 2 ;
0,7; 0.100551, -1.905116, -3.520560 / 0.100551, -1.905116, -3.520560 / 0.100551, -1.905116, -3.520560; 1, 1, 1, 0; 0.917108734483; 1, 0, 1; 1, 0, 0; 3, 1, 2 ;
0,7; 0.479215, -1.670751, -3.315635 / 0.480059, -1.670702, -3.314946 / 0.478370, -1.670799, -3.316323; 1, 3, 1, 0; 0.106009864723; 2, 2, 1; 2, 1, 0; 2, 1, 1 / 2, 3, 2 / 4, 10, 1 ;
0,7; 1.303011, -1.120927, -2.882312 / 1.303538, -1.120359, -2.882169 / 1.302483, -1.121495, -2.882455; 1, 3, 1, 0; 0.332256583534; 2, 2, 1; 2, 1, 0; 1, 7, 1 / 3, 1, 1 / 3, 2, 2 ;
0,7; 1.309221, -1.130237, -2.881964 / 1.309221, -1.130237, -2.881964 / 1.309221, -1.130237, -2.881964; 1, 3, 1, 0; 0.332249741091; 0, 1, 0; 0, 1, 0; 4, 1, 1 ;
0,7; 1.375181, -1.059577, -2.811525 / 1.375181, -1.059577, -2.811525 / 1.375181, -1.059577, -2.811525; 1, 3, 1, 0; 0.333103539292; 1, 0, 1; 0, 1, 0; 1, 1, 2 ;
0,7; 1.374516, -1.047286, -2.809329 / 1.374516, -1.047286, -2.809329 / 1.374516, -1.047286, -2.809329; 1, 3, 1, 0; 0.333110820972; 0, 1, 0; 0, 1, 0; 4, 1, 1 ;
0,7; 1.375312, -1.042944, -2.806534 / 1.375312, -1.042944, -2.806534 / 1.375312, -1.042944, -2.806534; 1, 3, 1, 0; 0.333111373042; 1, 0, 1; 0, 1, 0; 4, 1, 2 ;
0,7; 1.098609, -1.261971, -2.977787 / 1.098609, -1.261971, -2.977787 / 1.098609, -1.261971, -2.977787; 1, 3, 1, 0; 0.350360300133; 1, 0, 1; 0, 1, 0; 1, 1, 2 ;
0,7; 2.302988, -0.475388, -2.311642 / 2.302988, -0.475388, -2.311642 / 2.302988, -0.475388, -2.311642; 1, 3, 1, 0; 0.789445391426; 1, 0, 1; 0, 1, 0; 1, 1, 2 ;
0,7; 1.304999, -1.124900, -2.882304 / 1.305058, -1.124575, -2.882053 / 1.304940, -1.125225, -2.882555; 1, 3, 1, 0; 0.332249575873; 2, 1, 1; 2, 0, 0; 3, 1, 2 / 3, 3, 1 ;
0,7; 1.123362, -1.245945, -2.965388 / 1.123523, -1.245862, -2.964357 / 1.123200, -1.246029, -2.966420; 1, 3, 1, 0; 0.350347388951; 2, 1, 1; 2, 0, 0; 2, 1, 2 / 3, 10, 1 ;
0,7; 0.473816, -1.670250, -3.320426 / 0.473816, -1.670250, -3.320426 / 0.473816, -1.670250, -3.320426; 1, 3, 1, 0; 0.106002446032; 0, 1, 0; 1, 0, 0; 2, 1, 1 ;
0,7; 0.476246, -1.666006, -3.313971 / 0.476246, -1.666006, -3.313971 / 0.476246, -1.666006, -3.313971; 1, 3, 1, 0; 0.106010312020; 1, 0, 1; 1, 0, 0; 1, 1, 0 / 1, 8, 0 / 1, 9, 0 / 2, 1, 2 / 4, 6, 0 ;
0,7; 0.515940, -1.637246, -3.291247 / 0.515940, -1.637246, -3.291247 / 0.515940, -1.637246, -3.291247; 1, 3, 1, 0; 0.106795822806; 1, 0, 1; 1, 0, 0; 2, 1, 2 ;
0,7; 0.561525, -1.611773, -3.273608 / 0.561525, -1.611773, -3.273608 / 0.561525, -1.611773, -3.273608; 1, 3, 1, 0; 0.106840661356; 0, 1, 0; 1, 0, 0; 1, 10, 0 / 3, 1, 1 / 4, 5, 0 ;
0,7; 1.294472, -1.133128, -2.884629 / 1.294472, -1.133128, -2.884629 / 1.294472, -1.133128, -2.884629; 1, 3, 1, 0; 0.332248225921; 1, 0, 1; 1, 0, 0; 3, 1, 2 ;
0,7; 1.308983, -1.125450, -2.869345 / 1.308983, -1.125450, -2.869345 / 1.308983, -1.125450, -2.869345; 1, 3, 1, 0; 0.332250385844; 1, 0, 1; 1, 0, 0; 3, 1, 2 ;
0,7; 1.378180, -1.050733, -2.805880 / 1.378180, -1.050733, -2.805880 / 1.378180, -1.050733, -2.805880; 1, 3, 1, 0; 0.333104244490; 1, 0, 1; 1, 0, 0; 2, 1, 2 ;
0,7; 1.374226, -1.044346, -2.808925 / 1.374226, -1.044346, -2.808925 / 1.374226, -1.044346, -2.808925; 1, 3, 1, 0; 0.333110861269; 1, 0, 1; 1, 0, 0; 1, 8, 0 / 2, 1, 2 / 2, 3, 0 ;
0,7; 1.122233, -1.246629, -2.964905 / 1.123200, -1.246029, -2.964357 / 1.121266, -1.247230, -2.965454; 1, 3, 1, 0; 0.350347425219; 0, 0, 0; 2, 0, 0; 2, 9, 3 / 3, 1, 1 ;
0,7; 1.822880, -0.789720, -2.578435 / 1.822880, -0.789720, -2.578435 / 1.822880, -0.789720, -2.578435; 1, 3, 1, 0; 0.633787473253; 1, 0, 1; 1, 0, 0; 1, 2, 0 / 2, 1, 2 ;
0,7; 2.304260, -0.477435, -2.310444 / 2.304260, -0.477435, -2.310444 / 2.304260, -0.477435, -2.310444; 1, 3, 1, 0; 0.789445455901; 1, 0, 1; 1, 0, 0; 3, 1, 2 ;
0,7; 2.815329, -0.141818, -2.030643 / 2.815329, -0.141818, -2.030643 / 2.815329, -0.141818, -2.030643; 1, 4, 1, 0; 0.581371353619; 0, 0, 0; 0, 1, 0; 1, 1, 3 ;
0,7; 2.613525, -0.275563, -2.143746 / 2.613525, -0.275563, -2.143746 / 2.613525, -0.275563, -2.143746; 1, 4, 1, 0; 0.579799191641; 1, 0, 1; 1, 0, 0; 3, 1, 2 ;
0,7; 2.574664, -0.290084, -2.160282 / 2.574664, -0.290084, -2.160282 / 2.574664, -0.290084, -2.160282; 1, 4, 1, 0; 0.579826009341; 1, 0, 1; 1, 0, 0; 2, 1, 2 ;
0,7; 4.113574, 0.702364, -1.317793 / 4.114250, 0.702707, -1.317786 / 4.112898, 0.702021, -1.317799; 1, 12, 1, 0; 0.079316692071; 0, 2, 0; 1, 1, 0; 1, 2, 1 / 3, 1, 1 / 4, 1, 0 / 4, 5, 0 ;
0,7; 3.878020, 0.552267, -1.443242 / 3.878088, 0.552296, -1.443208 / 3.877951, 0.552239, -1.443276; 1, 12, 1, 0; 0.083878957764; 2, 1, 1; 1, 1, 0; 3, 1, 1 / 4, 1, 2 ;
0,7; 3.822928, 0.515277, -1.476593 / 3.822928, 0.515277, -1.476593 / 3.822928, 0.515277, -1.476593; 1, 12, 1, 0; 0.083628909701; 1, 0, 1; 0, 1, 0; 4, 1, 2 ;
0,7; 3.953807, 0.604549, -1.399597 / 3.953807, 0.604549, -1.399597 / 3.953807, 0.604549, -1.399597; 1, 12, 1, 0; 0.084799891744; 1, 0, 1; 1, 0, 0; 2, 1, 2 / 2, 6, 0 ;
1,9; -1.528, 2.04946, -3.04073 / -1.528, 2.04946, -3.04073 / -1.528, 2.04946, -3.04073; 1, 2, 1, 0; 0.731669775559; 0, 1, 0; 0, 1, 0; 1, 1, 1 ;
0,9; -1.711218, 2.093086, -2.998704 / -1.711218, 2.093086, -2.998704 / -1.711218, 2.093086, -2.998704; 1, 2, 1, 0; 0.734165539397; 1, 0, 1; 1, 0, 0; 2, 1, 2 ;
0,9; -0.802262, 1.513238, -2.291970 / -0.802156, 1.513795, -2.291939 / -0.802369, 1.512681, -2.292002; 1, 4, 1, 0; 0.377612438900; 1, 0, 2; 1, 1, 0; 2, 6, 2 / 4, 1, 2 ;
0,9; -0.531500, 1.336801, -2.022792 / -0.531500, 1.336801, -2.022792 / -0.531500, 1.336801, -2.022792; 1, 4, 1, 0; 0.725897875135; 1, 0, 1; 1, 0, 0; 3, 1, 2 / 4, 1, 0 ;
0,9; -0.528299, 1.337934, -2.024017 / -0.528299, 1.337934, -2.024017 / -0.528299, 1.337934, -2.024017; 1, 4, 1, 0; 0.725898531978; 0, 1, 0; 1, 0, 0; 3, 1, 1 ;
0,9; -0.524316, 1.338785, -2.020985 / -0.524316, 1.338785, -2.020985 / -0.524316, 1.338785, -2.020985; 1, 4, 1, 0; 0.725899071958; 1, 0, 1; 1, 0, 0; 2, 1, 2 ;
0,9; -0.532791, 1.327956, -2.012963 / -0.532791, 1.327956, -2.012963 / -0.532791, 1.327956, -2.012963; 1, 4, 1, 0; 0.725903887458; 1, 0, 1; 1, 0, 0; 3, 1, 2 ;
0,9; 0.442499, 0.587840, -1.008689 / 0.442685, 0.588400, -1.008554 / 0.442313, 0.587279, -1.008823; 1, 11, 1, 0; 0.771639619753; 1, 0, 2; 1, 1, 0; 1, 6, 2 / 3, 1, 2 / 4, 1, 0 ;
0,9; -0.187203, 1.054586, -1.658973 / -0.186907, 1.054805, -1.658668 / -0.187499, 1.054366, -1.659278; 1, 11, 1, 0; 0.118535226789; 2, 2, 1; 3, 0, 0; 2, 2, 1 / 2, 3, 2 / 3, 1, 1 ;
0,9; -0.167919, 1.049616, -1.641856 / -0.167919, 1.049616, -1.641856 / -0.167919, 1.049616, -1.641856; 1, 11, 1, 0; 0.118542396195; 1, 0, 1; 1, 0, 0; 3, 1, 2 ;
0,9; 0.427586, 0.607001, -1.026061 / 0.427586, 0.607001, -1.026061 / 0.427586, 0.607001, -1.026061; 1, 11, 1, 0; 0.771633091187; 1, 0, 1; 1, 0, 0; 3, 1, 2 ;
0,9; 0.432928, 0.588169, -1.016547 / 0.432928, 0.588169, -1.016547 / 0.432928, 0.588169, -1.016547; 1, 11, 1, 0; 0.771640832773; 1, 0, 1; 1, 0, 0; 2, 1, 2 ;
0,9; 1.065477, 0.125329, -0.373496 / 1.065872, 0.125569, -0.373061 / 1.065082, 0.125090, -0.373930; 1, 12, 1, 0; 0.827310774593; 2, 1, 1; 2, 0, 0; 2, 4, 1 / 3, 1, 2 ;
0,9; 1.067860, 0.123492, -0.367161 / 1.067963, 0.123533, -0.366613 / 1.067757, 0.123452, -0.367708; 1, 12, 1, 0; 0.827310997743; 2, 1, 1; 2, 0, 0; 3, 1, 2 / 3, 2, 1 ;
0,9; 1.317213, -0.064554, -0.107492 / 1.317213, -0.064554, -0.107492 / 1.317213, -0.064554, -0.107492; 1, 16, 1, 0; 0.453406552709; 1, 0, 1; 1, 0, 0; 2, 1, 2 ;
0,9; 1.666415, -0.321070, 0.248872 / 1.666415, -0.321070, 0.248872 / 1.666415, -0.321070, 0.248872; 1, 16, 1, 0; 0.752629354453; 0, 1, 0; 1, 0, 0; 2, 1, 1 ;
0,9; 1.680495, -0.335441, 0.260759 / 1.680495, -0.335441, 0.260759 / 1.680495, -0.335441, 0.260759; 1, 16, 1, 0; 0.752636734656; 1, 0, 1; 1, 0, 0; 2, 1, 2 ;
0,9; 1.890239, -0.494402, 0.482753 / 1.890780, -0.494084, 0.483287 / 1.889698, -0.494720, 0.482219; 1, 19, 1, 0; 0.561757534211; 1, 0, 2; 1, 1, 0; 2, 1, 2 / 4, 2, 2 ;
0,9; 1.934779, -0.531207, 0.512474 / 1.935299, -0.530975, 0.513120 / 1.934260, -0.531440, 0.511827; 1, 19, 1, 0; 0.563407352129; 2, 1, 1; 2, 0, 0; 3, 1, 1 / 3, 8, 2 ;
0,9; 1.935564, -0.527270, 0.520690 / 1.935564, -0.527270, 0.520690 / 1.935564, -0.527270, 0.520690; 1, 19, 1, 0; 0.563420715428; 1, 0, 1; 1, 0, 0; 2, 1, 2 ;
0,9; 2.791731, -1.154647, 1.408314 / 2.791731, -1.154647, 1.408314 / 2.791731, -1.154647, 1.408314; 1, 27, 1, 0; 0.269995469413; 1, 0, 1; 0, 1, 0; 1, 6, 0 / 2, 5, 0 / 3, 7, 0 / 4, 1, 2 ;
0,9; 2.815410, -1.174623, 1.427118 / 2.815410, -1.174623, 1.427118 / 2.815410, -1.174623, 1.427118; 1, 27, 1, 0; 0.269970790606; 1, 0, 1; 1, 0, 0; 3, 1, 2 ;
0,9; 2.804066, -1.175666, 1.433466 / 2.804066, -1.175666, 1.433466 / 2.804066, -1.175666, 1.433466; 1, 27, 1, 0; 0.269972558640; 1, 0, 1; 1, 0, 0; 2, 1, 2 ;
0,9; 2.788236, -1.159471, 1.407864 / 2.788236, -1.159471, 1.407864 / 2.788236, -1.159471, 1.407864; 1, 27, 1, 0; 0.269994603813; 1, 0, 1; 1, 0, 0; 3, 1, 2 ;
0,9; 2.800555, -1.155072, 1.409154 / 2.800555, -1.155072, 1.409154 / 2.800555, -1.155072, 1.409154; 1, 27, 1, 0; 0.269996804647; 1, 0, 1; 1, 0, 0; 2, 1, 2 ;
0,9; 3.140186, -1.412309, 1.768002 / 3.140186, -1.412309, 1.768002 / 3.140186, -1.412309, 1.768002; 1, 27, 1, 0; 0.942876738567; 1, 0, 1; 1, 0, 0; 3, 1, 2 ;
0,9; 3.277961, -1.513625, 1.909317 / 3.277961, -1.513625, 1.909317 / 3.277961, -1.513625, 1.909317; 1, 33, 1, 0; 0.207504633683; 1, 0, 1; 1, 0, 0; 1, 6, 0 / 2, 1, 2 / 4, 7, 0 ;
0,9; 3.628788, -1.772611, 2.271580 / 3.628788, -1.772611, 2.271580 / 3.628788, -1.772611, 2.271580; 1, 33, 1, 0; 0.469205139335; 0, 1, 0; 1, 0, 0; 3, 1, 1 ;
0,9; 3.631768, -1.774564, 2.265445 / 3.631768, -1.774564, 2.265445 / 3.631768, -1.774564, 2.265445; 1, 33, 1, 0; 0.469205800399; 1, 0, 1; 1, 0, 0; 3, 1, 2 ;
0,9; 3.607379, -1.760208, 2.251684 / 3.607379, -1.760208, 2.251684 / 3.607379, -1.760208, 2.251684; 1, 33, 1, 0; 0.469236408902; 1, 0, 1; 1, 0, 0; 2, 3, 0 / 2, 4, 0 / 3, 1, 2 ;
0,9; 3.610949, -1.757153, 2.252869 / 3.610949, -1.757153, 2.252869 / 3.610949, -1.757153, 2.252869; 1, 33, 1, 0; 0.469237743502; 1, 0, 1; 1, 0, 0; 2, 1, 2 ;
