1,0; 0.096224, -2.67698, 3.62712 / 0.096224, -2.67698, 3.62712 / 0.096224, -2.67698, 3.62712; 1, 43, 1, 0; 0.921650422545; 0, 1, 0; 0, 1, 0; 1, 1, 1 ;
0,0; 1.663148, 1.409678, 4.006079 / 1.663432, 1.409773, 4.006736 / 1.662864, 1.409583, 4.005421; 1, 46, 1, 0; 0.372289659261; 2, 1, 1; 0, 2, 0; 4, 1, 1 / 4, 10, 2 ;
0,0; 1.308120, 0.469383, 3.920134 / 1.308568, 0.469723, 3.920515 / 1.307673, 0.469043, 3.919754; 1, 46, 1, 0; 0.271803457826; 2, 2, 1; 2, 1, 0; 1, 1, 1 / 2, 2, 2 / 2, 3, 1 ;
0,0; 0.731776, -1.029359, 3.782988 / 0.731993, -1.028994, 3.783134 / 0.731558, -1.029725, 3.782843; 1, 46, 1, 0; 0.038752934083; 1, 0, 2; 1, 1, 0; 1, 6, 0 / 3, 3, 2 / 4, 1, 2 ;
0,0; 1.691282, 1.476838, 4.009514 / 1.691649, 1.477375, 4.009686 / 1.690915, 1.476301, 4.009343; 1, 46, 1, 0; 0.372341439429; 1, 0, 2; 1, 1, 0; 2, 6, 2 / 4, 1, 2 ;
0,0; 0.550018, -0.841918, 4.164329 / 0.550173, -0.841830, 4.164654 / 0.549862, -0.842007, 4.164004; 1, 46, 1, 0; 0.763326476079; 0, 2, 0; 1, 1, 0; 1, 1, 1 / 1, 2, 0 / 2, 2, 1 ;
0,0; 0.800292, -0.731416, 3.843307 / 0.800292, -0.731416, 3.843307 / 0.800292, -0.731416, 3.843307; 1, 46, 1, 0; 0.093912540622; 0, 1, 0; 0, 1, 0; 1, 1, 1 ;
0,0; 0.951846, -0.450528, 3.833293 / 0.951846, -0.450528, 3.833293 / 0.951846, -0.450528, 3.833293; 1, 46, 1, 0; 0.120906604831; 1, 0, 1; 0, 1, 0; 1, 1, 2 ;
0,0; 1.037370, -0.223846, 3.858008 / 1.037370, -0.223846, 3.858008 / 1.037370, -0.223846, 3.858008; 1, 46, 1, 0; 0.184054204540; 0, 1, 0; 0, 1, 0; 3, 2, 0 / 4, 1, 1 ;
0,0; 1.035696, -0.227162, 3.858515 / 1.035696, -0.227162, 3.858515 / 1.035696, -0.227162, 3.858515; 1, 46, 1, 0; 0.184054975586; 0, 0, 0; 0, 1, 0; 4, 1, 3 / 4, 9, 0 ;
0,0; 1.057309, -0.099902, 4.012136 / 1.057309, -0.099902, 4.012136 / 1.057309, -0.099902, 4.012136; 1, 46, 1, 0; 0.184653541187; 1, 0, 1; 0, 1, 0; 4, 1, 2 ;
0,0; 1.280837, 0.413930, 3.918744 / 1.280837, 0.413930, 3.918744 / 1.280837, 0.413930, 3.918744; 1, 46, 1, 0; 0.271755096804; 0, 1, 0; 0, 1, 0; 1, 1, 1 / 1, 3, 0 ;
0,0; 1.354249, 0.595022, 3.931324 / 1.354249, 0.595022, 3.931324 / 1.354249, 0.595022, 3.931324; 1, 46, 1, 0; 0.273223351826; 1, 0, 1; 0, 1, 0; 1, 1, 2 ;
0,0; 1.530868, 1.050486, 3.977628 / 1.530868, 1.050486, 3.977628 / 1.530868, 1.050486, 3.977628; 1, 46, 1, 0; 0.358673775459; 1, 0, 1; 0, 1, 0; 1, 1, 2 ;
0,0; 1.527354, 1.050219, 3.976001 / 1.527354, 1.050219, 3.976001 / 1.527354, 1.050219, 3.976001; 1, 46, 1, 0; 0.358674514905; 0, 1, 0; 0, 1, 0; 1, 1, 1 ;
0,0; 0.450060, -0.941363, 4.198201 / 0.450060, -0.941363, 4.198201 / 0.450060, -0.941363, 4.198201; 1, 46, 1, 0; 0.787939903910; 1, 0, 1; 0, 1, 0; 4, 1, 2 ;
0,0; 1.306395, 0.471691, 3.920229 / 1.306954, 0.472206, 3.920496 / 1.305836, 0.471175, 3.919963; 1, 46, 1, 0; 0.271803363025; 2, 1, 1; 3, 0, 0; 2, 5, 1 / 2, 7, 3 / 3, 1, 2 ;
0,0; 1.530103, 1.047004, 3.978950 / 1.530262, 1.047545, 3.979308 / 1.529944, 1.046463, 3.978591; 1, 46, 1, 0; 0.358673863939; 1, 0, 2; 2, 0, 0; 1, 4, 0 / 2, 5, 2 / 3, 1, 2 / 4, 1, 0 ;
0,0; 0.520854, -0.887760, 4.193605 / 0.520932, -0.887104, 4.193905 / 0.520777, -0.888416, 4.193306; 1, 46, 1, 0; 0.762148918071; 2, 1, 1; 2, 0, 0; 3, 1, 1 / 3, 9, 2 ;
0,0; 0.796903, -0.731584, 3.844294 / 0.796903, -0.731584, 3.844294 / 0.796903, -0.731584, 3.844294; 1, 46, 1, 0; 0.093911744296; 1, 0, 1; 1, 0, 0; 2, 1, 2 ;
0,0; 0.843173, -0.717230, 3.818938 / 0.843173, -0.717230, 3.818938 / 0.843173, -0.717230, 3.818938; 1, 46, 1, 0; 0.095103857379; 1, 0, 1; 1, 0, 0; 2, 1, 2 ;
0,0; 0.804914, -0.841601, 3.799979 / 0.804914, -0.841601, 3.799979 / 0.804914, -0.841601, 3.799979; 1, 46, 1, 0; 0.095692728024; 1, 0, 1; 1, 0, 0; 3, 1, 2 ;
0,0; 1.035135, -0.223513, 3.855779 / 1.035135, -0.223513, 3.855779 / 1.035135, -0.223513, 3.855779; 1, 46, 1, 0; 0.184054280380; 1, 0, 1; 1, 0, 0; 3, 1, 2 ;
0,0; 1.028369, -0.220952, 3.856945 / 1.028369, -0.220952, 3.856945 / 1.028369, -0.220952, 3.856945; 1, 46, 1, 0; 0.184054495262; 1, 0, 1; 1, 0, 0; 2, 1, 2 ;
0,0; 1.063130, -0.103034, 4.014822 / 1.063130, -0.103034, 4.014822 / 1.063130, -0.103034, 4.014822; 1, 46, 1, 0; 0.184652593180; 1, 0, 1; 1, 0, 0; 3, 1, 2 ;
0,0; 1.061851, -0.099700, 4.011405 / 1.061851, -0.099700, 4.011405 / 1.061851, -0.099700, 4.011405; 1, 46, 1, 0; 0.184652795421; 1, 0, 1; 1, 0, 0; 3, 1, 2 ;
0,0; 1.054555, -0.096905, 3.991398 / 1.054555, -0.096905, 3.991398 / 1.054555, -0.096905, 3.991398; 1, 46, 1, 0; 0.184658249624; 1, 0, 1; 1, 0, 0; 3, 1, 2 ;
0,0; 1.167629, 0.100581, 3.882206 / 1.167629, 0.100581, 3.882206 / 1.167629, 0.100581, 3.882206; 1, 46, 1, 0; 0.208391262910; 1, 0, 1; 1, 0, 0; 2, 1, 2 ;
0,0; 1.282094, 0.411307, 3.917078 / 1.282094, 0.411307, 3.917078 / 1.282094, 0.411307, 3.917078; 1, 46, 1, 0; 0.271755267446; 1, 0, 1; 1, 0, 0; 3, 1, 2 ;
0,0; 1.301287, 0.451306, 3.920975 / 1.301287, 0.451306, 3.920975 / 1.301287, 0.451306, 3.920975; 1, 46, 1, 0; 0.271791639332; 1, 0, 1; 1, 0, 0; 1, 4, 0 / 3, 1, 2 ;
0,0; 1.338920, 0.561049, 3.919699 / 1.338920, 0.561049, 3.919699 / 1.338920, 0.561049, 3.919699; 1, 46, 1, 0; 0.272390773738; 1, 0, 1; 1, 0, 0; 2, 1, 2 ;
0,0; 1.661811, 1.412555, 4.008464 / 1.661811, 1.412555, 4.008464 / 1.661811, 1.412555, 4.008464; 1, 46, 1, 0; 0.372289507580; 1, 0, 1; 1, 0, 0; 2, 2, 0 / 3, 1, 2 ;
0,0; 1.684135, 1.450138, 4.008259 / 1.684135, 1.450138, 4.008259 / 1.684135, 1.450138, 4.008259; 1, 46, 1, 0; 0.372319369815; 1, 0, 1; 1, 0, 0; 3, 1, 2 ;
0,0; 0.555186, -0.827859, 4.153778 / 0.555186, -0.827859, 4.153778 / 0.555186, -0.827859, 4.153778; 1, 46, 1, 0; 0.763317653290; 1, 0, 1; 1, 0, 0; 3, 1, 2 ;
0,0; 0.443281, -0.929199, 4.188888 / 0.443281, -0.929199, 4.188888 / 0.443281, -0.929199, 4.188888; 1, 46, 1, 0; 0.787927244850; 1, 0, 1; 1, 0, 0; 3, 1, 2 ;
1,1; -0.680868, -0.790568, -3.90383 / -0.680369, -0.790345, -3.90377 / -0.681367, -0.790792, -3.90388; 1, 1, 1, 0; 0.420793609922; 2, 1, 1; 2, 0, 0; 1, 9, 0 / 2, 1, 1 / 2, 3, 2 / 2, 7, 0 ;
0,1; -0.808936, -0.628039, -4.110578 / -0.808936, -0.628039, -4.110578 / -0.808936, -0.628039, -4.110578; 1, 1, 1, 0; 0.246498355372; 1, 0, 1; 1, 0, 0; 3, 1, 2 ;
0,1; -0.678335, -0.796777, -3.904080 / -0.678335, -0.796777, -3.904080 / -0.678335, -0.796777, -3.904080; 1, 1, 1, 0; 0.420793079907; 1, 0, 1; 1, 0, 0; 2, 1, 2 ;
0,1; -0.200460, -1.399281, -3.155838 / -0.200460, -1.399281, -3.155838 / -0.200460, -1.399281, -3.155838; 1, 3, 1, 0; 0.137805216053; 1, 0, 1; 1, 0, 0; 3, 1, 2 ;
0,1; -0.184309, -1.410597, -3.161432 / -0.184309, -1.410597, -3.161432 / -0.184309, -1.410597, -3.161432; 1, 3, 1, 0; 0.138205055670; 1, 0, 1; 1, 0, 0; 2, 1, 2 ;
0,1; -0.190737, -1.406117, -3.157641 / -0.190737, -1.406117, -3.157641 / -0.190737, -1.406117, -3.157641; 1, 3, 1, 0; 0.138205224918; 1, 0, 1; 1, 0, 0; 3, 1, 2 ;
0,1; -0.192008, -1.404562, -3.150230 / -0.192008, -1.404562, -3.150230 / -0.192008, -1.404562, -3.150230; 1, 3, 1, 0; 0.138212554955; 1, 0, 1; 1, 0, 0; 2, 1, 2 ;
0,1; -0.053014, -1.585708, -2.914284 / -0.053014, -1.585708, -2.914284 / -0.053014, -1.585708, -2.914284; 1, 3, 1, 0; 0.380377680259; 1, 0, 1; 1, 0, 0; 3, 1, 2 ;
0,1; 0.503146, -2.289516, -2.054171 / 0.503146, -2.289516, -2.054171 / 0.503146, -2.289516, -2.054171; 1, 5, 1, 0; 0.775512658780; 1, 0, 1; 1, 0, 0; 3, 1, 2 ;
0,1; 1.082121, -3.005583, -1.159033 / 1.082121, -3.005583, -1.159033 / 1.082121, -3.005583, -1.159033; 1, 8, 1, 0; 0.877879105853; 0, 1, 0; 0, 1, 0; 1, 1, 1 ;
0,1; 1.139070, -3.043150, -1.096022 / 1.139070, -3.043150, -1.096022 / 1.139070, -3.043150, -1.096022; 1, 8, 1, 0; 0.876939468040; 1, 0, 1; 1, 0, 0; 2, 1, 2 ;
0,1; 1.136976, -3.040120, -1.097733 / 1.136976, -3.040120, -1.097733 / 1.136976, -3.040120, -1.097733; 1, 8, 1, 0; 0.876940056107; 1, 0, 1; 1, 0, 0; 2, 1, 2 ;
0,1; 1.496778, -3.762587, -0.495149 / 1.496778, -3.762587, -0.495149 / 1.496778, -3.762587, -0.495149; 1, 9, 1, 0; 0.815367145496; 1, 0, 1; 0, 1, 0; 4, 1, 2 ;
0,1; 1.498422, -3.769792, -0.497496 / 1.498422, -3.769792, -0.497496 / 1.498422, -3.769792, -0.497496; 1, 9, 1, 0; 0.815368675629; 1, 0, 1; 1, 0, 0; 2, 1, 2 ;
0,1; 1.536835, -3.578398, -0.445177 / 1.536835, -3.578398, -0.445177 / 1.536835, -3.578398, -0.445177; 1, 9, 1, 0; 0.877877521206; 1, 0, 1; 1, 0, 0; 3, 1, 2 ;
0,1; 1.885401, -4.014840, 0.094331 / 1.885492, -4.014655, 0.094497 / 1.885310, -4.015025, 0.094165; 1, 15, 1, 0; 0.920912037632; 2, 1, 1; 1, 1, 0; 3, 1, 2 / 4, 2, 1 ;
0,1; 1.865244, -3.989833, 0.062823 / 1.865244, -3.989833, 0.062823 / 1.865244, -3.989833, 0.062823; 1, 15, 1, 0; 0.920882007844; 0, 1, 0; 0, 1, 0; 4, 1, 1 ;
0,1; 1.880124, -4.007471, 0.085251 / 1.880124, -4.007471, 0.085251 / 1.880124, -4.007471, 0.085251; 1, 15, 1, 0; 0.920899373419; 1, 0, 1; 0, 1, 0; 4, 1, 2 ;
0,1; 1.884733, -4.008846, 0.094107 / 1.884733, -4.008846, 0.094107 / 1.884733, -4.008846, 0.094107; 1, 15, 1, 0; 0.920911220586; 0, 0, 0; 0, 1, 0; 1, 1, 3 ;
0,1; 1.935265, -4.079792, 0.174248 / 1.935265, -4.079792, 0.174248 / 1.935265, -4.079792, 0.174248; 1, 15, 1, 0; 0.927815419935; 1, 0, 1; 0, 1, 0; 4, 1, 2 ;
0,1; 1.691837, -4.194211, -0.445232 / 1.691837, -4.194211, -0.445232 / 1.691837, -4.194211, -0.445232; 1, 15, 1, 0; 0.206892305302; 1, 0, 1; 1, 0, 0; 3, 1, 2 ;
0,1; 1.942541, -4.089204, 0.183532 / 1.942541, -4.089204, 0.183532 / 1.942541, -4.089204, 0.183532; 1, 15, 1, 0; 0.927825552645; 1, 0, 1; 1, 0, 0; 2, 1, 2 ;
0,1; 2.001291, -4.159899, 0.281237 / 2.001291, -4.159899, 0.281237 / 2.001291, -4.159899, 0.281237; 1, 15, 1, 0; 0.928583945448; 1, 0, 1; 1, 0, 0; 3, 1, 2 ;
1,2; 2.60887, -1.88151, 1.7468 / 2.60887, -1.88151, 1.7468 / 2.60887, -1.88151, 1.7468; 1, 22, 1, 0; 0.953416685584; 1, 0, 1; 0, 1, 0; 1, 1, 2 ;
0,2; 1.431672, 0.099676, 1.343462 / 1.431953, 0.100392, 1.344066 / 1.431390, 0.098961, 1.342858; 1, 23, 1, 0; 0.673014096976; 1, 0, 2; 0, 2, 1; 1, 8, 2 / 4, 1, 2 ;
0,2; 1.436379, 0.099376, 1.346999 / 1.436379, 0.099376, 1.346999 / 1.436379, 0.099376, 1.346999; 1, 23, 1, 0; 0.673001489804; 0, 1, 0; 0, 1, 0; 1, 1, 1 ;
0,2; 0.896852, 0.920723, 1.166714 / 0.897330, 0.920726, 1.166742 / 0.896374, 0.920719, 1.166687; 1, 23, 1, 0; 0.579915333898; 2, 1, 1; 2, 0, 0; 2, 5, 2 / 3, 1, 1 ;
0,2; 1.435210, 0.101081, 1.341569 / 1.435324, 0.101243, 1.341592 / 1.435096, 0.100919, 1.341546; 1, 23, 1, 0; 0.673000477388; 2, 1, 1; 2, 0, 0; 2, 1, 1 / 2, 2, 2 ;
0,2; 0.894426, 0.917946, 1.168670 / 0.894426, 0.917946, 1.168670 / 0.894426, 0.917946, 1.168670; 1, 23, 1, 0; 0.579914336261; 1, 0, 1; 1, 0, 0; 2, 1, 2 ;
0,2; 0.913694, 0.898280, 1.172743 / 0.913694, 0.898280, 1.172743 / 0.913694, 0.898280, 1.172743; 1, 23, 1, 0; 0.579922435593; 1, 0, 1; 1, 0, 0; 2, 1, 2 / 3, 4, 0 ;
0,2; 0.912744, 0.899260, 1.173682 / 0.912744, 0.899260, 1.173682 / 0.912744, 0.899260, 1.173682; 1, 23, 1, 0; 0.579922524272; 0, 0, 0; 1, 0, 0; 2, 1, 3 / 3, 3, 0 ;
0,2; 0.903717, 0.895162, 1.174305 / 0.903717, 0.895162, 1.174305 / 0.903717, 0.895162, 1.174305; 1, 23, 1, 0; 0.579924349578; 1, 0, 1; 1, 0, 0; 1, 1, 0 / 2, 1, 2 ;
0,2; 1.455358, 0.068608, 1.347692 / 1.455358, 0.068608, 1.347692 / 1.455358, 0.068608, 1.347692; 1, 23, 1, 0; 0.671655663103; 0, 1, 0; 1, 0, 0; 3, 1, 1 ;
0,2; 1.434573, 0.125133, 1.352076 / 1.434573, 0.125133, 1.352076 / 1.434573, 0.125133, 1.352076; 1, 23, 1, 0; 0.673383961549; 1, 0, 1; 1, 0, 0; 2, 1, 2 ;
0,2; -1.328542, 4.320435, 0.447289 / -1.328256, 4.320566, 0.447498 / -1.328828, 4.320304, 0.447080; 1, 25, 1, 0; 0.297983532639; 0, 1, 0; 1, 1, 0; 1, 6, 1 / 2, 1, 0 / 3, 1, 3 / 3, 2, 0 / 3, 3, 0 / 4, 5, 0 ;
0,2; -0.588861, 3.183857, 0.483452 / -0.588861, 3.183857, 0.483452 / -0.588861, 3.183857, 0.483452; 1, 25, 1, 0; 0.164088448845; 1, 0, 1; 0, 1, 0; 1, 1, 2 ;
0,2; -1.183168, 4.092668, 0.495316 / -1.183168, 4.092668, 0.495316 / -1.183168, 4.092668, 0.495316; 1, 25, 1, 0; 0.292198894175; 1, 0, 1; 0, 1, 0; 4, 1, 2 ;
0,2; -0.440114, 2.946754, 0.730007 / -0.440114, 2.946754, 0.730007 / -0.440114, 2.946754, 0.730007; 1, 25, 1, 0; 0.527355475548; 1, 0, 1; 0, 1, 0; 4, 1, 2 ;
0,2; -0.436635, 2.953595, 0.738507 / -0.436635, 2.953595, 0.738507 / -0.436635, 2.953595, 0.738507; 1, 25, 1, 0; 0.527370057006; 1, 0, 1; 0, 1, 0; 1, 1, 2 ;
0,2; 0.125384, 2.097197, 0.916482 / 0.125384, 2.097197, 0.916482 / 0.125384, 2.097197, 0.916482; 1, 25, 1, 0; 0.621398902747; 1, 0, 1; 0, 1, 0; 1, 1, 2 ;
0,2; 0.474137, 1.566486, 1.026560 / 0.474137, 1.566486, 1.026560 / 0.474137, 1.566486, 1.026560; 1, 25, 1, 0; 0.811759761690; 0, 1, 0; 0, 1, 0; 1, 1, 1 ;
0,2; -1.326021, 4.309476, 0.449691 / -1.325919, 4.309694, 0.449960 / -1.326124, 4.309258, 0.449422; 1, 25, 1, 0; 0.297971094252; 1, 0, 1; 2, 0, 0; 2, 4, 2 / 3, 1, 3 ;
0,2; -0.591817, 3.179903, 0.485487 / -0.591817, 3.179903, 0.485487 / -0.591817, 3.179903, 0.485487; 1, 25, 1, 0; 0.164073430200; 1, 0, 1; 1, 0, 0; 2, 1, 2 ;
0,2; -0.583076, 3.189920, 0.482432 / -0.583076, 3.189920, 0.482432 / -0.583076, 3.189920, 0.482432; 1, 25, 1, 0; 0.164089194634; 1, 0, 1; 1, 0, 0; 2, 1, 2 ;
0,2; -1.230734, 4.165767, 0.477950 / -1.230734, 4.165767, 0.477950 / -1.230734, 4.165767, 0.477950; 1, 25, 1, 0; 0.291418233252; 1, 0, 1; 1, 0, 0; 2, 1, 2 ;
0,2; -1.173454, 4.075590, 0.496826 / -1.173454, 4.075590, 0.496826 / -1.173454, 4.075590, 0.496826; 1, 25, 1, 0; 0.292203746089; 1, 0, 1; 1, 0, 0; 2, 1, 2 ;
0,2; -1.307983, 4.283089, 0.452741 / -1.307983, 4.283089, 0.452741 / -1.307983, 4.283089, 0.452741; 1, 25, 1, 0; 0.296389867558; 1, 0, 1; 1, 0, 0; 2, 1, 2 ;
0,2; -1.295004, 4.266777, 0.461474 / -1.295004, 4.266777, 0.461474 / -1.295004, 4.266777, 0.461474; 1, 25, 1, 0; 0.296400831512; 1, 0, 1; 1, 0, 0; 3, 1, 2 ;
0,2; -1.298971, 4.269134, 0.457812 / -1.298971, 4.269134, 0.457812 / -1.298971, 4.269134, 0.457812; 1, 25, 1, 0; 0.296402151644; 1, 0, 1; 1, 0, 0; 2, 1, 2 ;
0,2; -1.307230, 4.274375, 0.457918 / -1.307230, 4.274375, 0.457918 / -1.307230, 4.274375, 0.457918; 1, 25, 1, 0; 0.296404251854; 1, 0, 1; 1, 0, 0; 2, 1, 2 ;
0,2; -1.319426, 4.300637, 0.449187 / -1.319426, 4.300637, 0.449187 / -1.319426, 4.300637, 0.449187; 1, 25, 1, 0; 0.297972877288; 1, 0, 1; 1, 0, 0; 3, 1, 2 ;
0,2; -1.327495, 4.323997, 0.447409 / -1.327495, 4.323997, 0.447409 / -1.327495, 4.323997, 0.447409; 1, 25, 1, 0; 0.297983275470; 1, 0, 1; 1, 0, 0; 3, 1, 2 ;
0,2; -1.326557, 4.321261, 0.447124 / -1.326557, 4.321261, 0.447124 / -1.326557, 4.321261, 0.447124; 1, 25, 1, 0; 0.297983438344; 0, 1, 0; 1, 0, 0; 1, 7, 0 / 2, 1, 1 / 2, 2, 0 ;
0,2; -1.330703, 4.315834, 0.447326 / -1.330703, 4.315834, 0.447326 / -1.330703, 4.315834, 0.447326; 1, 25, 1, 0; 0.297984732759; 1, 0, 1; 1, 0, 0; 3, 1, 2 ;
0,2; -0.557842, 3.137948, 0.700300 / -0.557842, 3.137948, 0.700300 / -0.557842, 3.137948, 0.700300; 1, 25, 1, 0; 0.481173743089; 1, 0, 1; 1, 0, 0; 1, 6, 0 / 3, 1, 2 ;
0,2; -0.258803, 2.677274, 0.791047 / -0.258803, 2.677274, 0.791047 / -0.258803, 2.677274, 0.791047; 1, 25, 1, 0; 0.557907067850; 1, 0, 1; 1, 0, 0; 2, 1, 2 ;
0,2; -0.019154, 2.313514, 0.873199 / -0.019154, 2.313514, 0.873199 / -0.019154, 2.313514, 0.873199; 1, 25, 1, 0; 0.599212104068; 1, 0, 1; 1, 0, 0; 2, 1, 2 ;
0,2; 0.140999, 2.082614, 0.917593 / 0.140999, 2.082614, 0.917593 / 0.140999, 2.082614, 0.917593; 1, 25, 1, 0; 0.621379640821; 1, 0, 1; 1, 0, 0; 2, 1, 2 ;
0,2; 0.130182, 2.081265, 0.916979 / 0.130182, 2.081265, 0.916979 / 0.130182, 2.081265, 0.916979; 1, 25, 1, 0; 0.621381946766; 1, 0, 1; 1, 0, 0; 1, 9, 0 / 2, 1, 2 / 2, 5, 0 ;
0,2; 0.128851, 2.084573, 0.919530 / 0.128851, 2.084573, 0.919530 / 0.128851, 2.084573, 0.919530; 1, 25, 1, 0; 0.621382101067; 1, 0, 1; 1, 0, 0; 3, 1, 2 / 4, 10, 0 ;
0,2; 0.130472, 2.088070, 0.920954 / 0.130472, 2.088070, 0.920954 / 0.130472, 2.088070, 0.920954; 1, 25, 1, 0; 0.621397068278; 1, 0, 1; 1, 0, 0; 2, 1, 2 ;
0,2; 0.715705, 1.198392, 1.107661 / 0.715705, 1.198392, 1.107661 / 0.715705, 1.198392, 1.107661; 1, 25, 1, 0; 0.743972260083; 0, 1, 0; 1, 0, 0; 2, 1, 1 ;
0,2; 0.528168, 1.470879, 1.048285 / 0.528168, 1.470879, 1.048285 / 0.528168, 1.470879, 1.048285; 1, 25, 1, 0; 0.801733547640; 1, 0, 1; 1, 0, 0; 2, 1, 2 ;
0,2; 0.478396, 1.519987, 1.061288 / 0.478396, 1.519987, 1.061288 / 0.478396, 1.519987, 1.061288; 1, 25, 1, 0; 0.803489674682; 1, 0, 1; 1, 0, 0; 3, 1, 2 ;
0,2; 0.475132, 1.531061, 1.066393 / 0.475132, 1.531061, 1.066393 / 0.475132, 1.531061, 1.066393; 1, 25, 1, 0; 0.803500784364; 1, 0, 1; 1, 0, 0; 3, 1, 2 ;
0,2; 0.476804, 1.567870, 1.027857 / 0.476804, 1.567870, 1.027857 / 0.476804, 1.567870, 1.027857; 1, 25, 1, 0; 0.811759941708; 1, 0, 1; 1, 0, 0; 2, 1, 2 ;
0,2; 0.475060, 1.573056, 1.027927 / 0.475060, 1.573056, 1.027927 / 0.475060, 1.573056, 1.027927; 1, 25, 1, 0; 0.811760918949; 1, 0, 1; 1, 0, 0; 2, 1, 2 ;
0,2; 1.995866, -0.750228, 1.523905 / 1.996026, -0.749987, 1.523962 / 1.995706, -0.750468, 1.523849; 1, 27, 1, 0; 0.296351100233; 0, 2, 0; 1, 1, 0; 1, 1, 1 / 2, 1, 1 ;
0,2; 2.375518, -1.326135, 1.649083 / 2.375773, -1.325648, 1.650003 / 2.375262, -1.326623, 1.648162; 1, 27, 1, 0; 0.931529855832; 1, 0, 2; 1, 1, 0; 1, 9, 2 / 2, 1, 2 ;
0,2; 2.283890, -1.178459, 1.617329 / 2.283890, -1.178459, 1.617329 / 2.283890, -1.178459, 1.617329; 1, 27, 1, 0; 0.856686179500; 1, 0, 1; 0, 1, 0; 1, 1, 2 ;
0,2; 2.369683, -1.324005, 1.645157 / 2.369683, -1.324005, 1.645157 / 2.369683, -1.324005, 1.645157; 1, 27, 1, 0; 0.931529607202; 1, 0, 1; 0, 1, 0; 4, 1, 2 ;
0,2; 2.543525, -1.810391, 1.679450 / 2.543525, -1.810391, 1.679450 / 2.543525, -1.810391, 1.679450; 1, 27, 1, 0; 0.970076439843; 0, 1, 0; 0, 1, 0; 1, 1, 1 / 2, 1, 0 ;
0,2; 2.494705, -1.851639, 1.667167 / 2.494775, -1.851383, 1.667235 / 2.494635, -1.851895, 1.667099; 1, 27, 1, 0; 0.969413583657; 0, 2, 0; 2, 0, 0; 2, 1, 1 / 2, 2, 1 ;
0,2; 2.282611, -1.181879, 1.615636 / 2.282611, -1.181879, 1.615636 / 2.282611, -1.181879, 1.615636; 1, 27, 1, 0; 0.856686418921; 1, 0, 1; 1, 0, 0; 2, 1, 2 ;
0,2; 2.385726, -1.340654, 1.653988 / 2.385726, -1.340654, 1.653988 / 2.385726, -1.340654, 1.653988; 1, 27, 1, 0; 0.931539543184; 1, 0, 1; 1, 0, 0; 2, 1, 2 ;
0,2; 2.417140, -1.407281, 1.667239 / 2.417140, -1.407281, 1.667239 / 2.417140, -1.407281, 1.667239; 1, 27, 1, 0; 0.932769321296; 0, 1, 0; 1, 0, 0; 2, 1, 1 ;
0,2; 2.411963, -1.404453, 1.671935 / 2.411963, -1.404453, 1.671935 / 2.411963, -1.404453, 1.671935; 1, 27, 1, 0; 0.932786688546; 1, 0, 1; 1, 0, 0; 2, 1, 2 ;
0,2; 2.410484, -1.407358, 1.678732 / 2.410484, -1.407358, 1.678732 / 2.410484, -1.407358, 1.678732; 1, 27, 1, 0; 0.932788143491; 1, 0, 1; 1, 0, 0; 3, 1, 2 ;
0,2; 2.498622, -1.512662, 1.688469 / 2.498622, -1.512662, 1.688469 / 2.498622, -1.512662, 1.688469; 1, 27, 1, 0; 0.934283329282; 0, 1, 0; 1, 0, 0; 2, 1, 1 ;
0,2; 2.491658, -1.851227, 1.663792 / 2.491658, -1.851227, 1.663792 / 2.491658, -1.851227, 1.663792; 1, 27, 1, 0; 0.969397791063; 1, 0, 1; 1, 0, 0; 3, 1, 2 ;
0,2; 2.497661, -1.847151, 1.667250 / 2.497661, -1.847151, 1.667250 / 2.497661, -1.847151, 1.667250; 1, 27, 1, 0; 0.969412570721; 1, 0, 1; 1, 0, 0; 2, 1, 2 / 3, 4, 0 ;
0,2; 2.541752, -1.811750, 1.678758 / 2.541752, -1.811750, 1.678758 / 2.541752, -1.811750, 1.678758; 1, 27, 1, 0; 0.970076568762; 1, 0, 1; 1, 0, 0; 2, 1, 2 ;
0,2; 2.565869, -1.614912, 1.713127 / 2.565869, -1.614912, 1.713127 / 2.565869, -1.614912, 1.713127; 1, 27, 1, 0; 0.971038793612; 1, 0, 1; 1, 0, 0; 2, 8, 0 / 3, 1, 2 ;
0,2; 3.207513, -2.576063, 1.926918 / 3.207513, -2.576063, 1.926918 / 3.207513, -2.576063, 1.926918; 1, 33, 1, 0; 0.060607704761; 1, 0, 1; 1, 0, 0; 2, 1, 2 ;
1,3; 2.54277, 1.09148, 2.06896 / 2.54281, 1.09149, 2.06924 / 2.54274, 1.09147, 2.06869; 1, 28, 1, 0; 0.646027015927; 2, 1, 1; 1, 1, 0; 3, 1, 1 / 4, 1, 2 ;
0,3; 2.542671, 1.093417, 2.076962 / 2.543331, 1.093867, 2.077756 / 2.542012, 1.092968, 2.076169; 1, 28, 1, 0; 0.646028627416; 1, 0, 2; 1, 1, 0; 1, 8, 2 / 3, 1, 2 ;
0,3; 1.753580, 1.486633, 1.960341 / 1.753580, 1.486633, 1.960341 / 1.753580, 1.486633, 1.960341; 1, 28, 1, 0; 0.623206090140; 1, 0, 1; 0, 1, 0; 4, 1, 2 ;
0,3; 1.751279, 1.488678, 1.962209 / 1.751279, 1.488678, 1.962209 / 1.751279, 1.488678, 1.962209; 1, 28, 1, 0; 0.623221984029; 1, 0, 1; 0, 1, 0; 4, 1, 2 ;
0,3; 1.872288, 1.425793, 1.977928 / 1.872288, 1.425793, 1.977928 / 1.872288, 1.425793, 1.977928; 1, 28, 1, 0; 0.617563207214; 0, 1, 0; 1, 0, 0; 3, 1, 1 / 4, 2, 0 / 4, 6, 0 ;
0,3; 2.613133, 1.056520, 2.080500 / 2.613133, 1.056520, 2.080500 / 2.613133, 1.056520, 2.080500; 1, 28, 1, 0; 0.647825566876; 1, 0, 1; 1, 0, 0; 2, 1, 2 ;
0,3; 3.915016, 0.401596, 2.267635 / 3.915016, 0.401596, 2.267635 / 3.915016, 0.401596, 2.267635; 1, 28, 1, 0; 0.955811527581; 1, 0, 1; 1, 0, 0; 2, 1, 2 ;
0,3; -0.089056, 2.396458, 1.700062 / -0.088842, 2.396899, 1.700212 / -0.089270, 2.396018, 1.699911; 1, 29, 1, 0; 0.369791333029; 0, 3, 0; 1, 2, 1; 1, 1, 1 / 1, 7, 0 / 2, 1, 1 / 4, 4, 0 / 4, 6, 1 ;
0,3; -2.355443, 3.535041, 1.396912 / -2.355443, 3.535041, 1.396912 / -2.355443, 3.535041, 1.396912; 1, 29, 1, 0; 0.114975987859; 1, 0, 1; 0, 1, 0; 1, 1, 2 ;
0,3; -1.711769, 3.214176, 1.483509 / -1.711769, 3.214176, 1.483509 / -1.711769, 3.214176, 1.483509; 1, 29, 1, 0; 0.139885248265; 0, 1, 0; 0, 1, 0; 1, 1, 1 ;
0,3; -1.185859, 2.953522, 1.566422 / -1.185859, 2.953522, 1.566422 / -1.185859, 2.953522, 1.566422; 1, 29, 1, 0; 0.417649761729; 1, 0, 1; 0, 1, 0; 1, 1, 2 ;
0,3; -0.094198, 2.397851, 1.706003 / -0.094121, 2.398667, 1.706967 / -0.094275, 2.397036, 1.705039; 1, 29, 1, 0; 0.369789677020; 1, 0, 2; 2, 0, 0; 2, 1, 2 / 2, 10, 2 ;
0,3; -0.090143, 2.399406, 1.701977 / -0.090110, 2.399950, 1.702497 / -0.090177, 2.398862, 1.701457; 1, 29, 1, 0; 0.369791050534; 2, 1, 1; 2, 0, 0; 3, 1, 1 / 3, 9, 2 ;
0,3; -2.468642, 3.592499, 1.380375 / -2.468642, 3.592499, 1.380375 / -2.468642, 3.592499, 1.380375; 1, 29, 1, 0; 0.112001297532; 1, 0, 1; 1, 0, 0; 3, 1, 2 ;
0,3; -1.802452, 3.258218, 1.470344 / -1.802452, 3.258218, 1.470344 / -1.802452, 3.258218, 1.470344; 1, 29, 1, 0; 0.137951983510; 0, 1, 0; 1, 0, 0; 2, 1, 1 ;
0,3; -1.762854, 3.238957, 1.474529 / -1.762854, 3.238957, 1.474529 / -1.762854, 3.238957, 1.474529; 1, 29, 1, 0; 0.138905211950; 1, 0, 1; 1, 0, 0; 2, 1, 2 ;
0,3; -0.090031, 2.398390, 1.701169 / -0.089952, 2.398862, 1.701457 / -0.090110, 2.397917, 1.700882; 1, 29, 1, 0; 0.369791128463; 0, 1, 0; 2, 0, 0; 3, 1, 2 / 3, 8, 1 ;
0,3; -0.085886, 2.393923, 1.699675 / -0.085886, 2.393923, 1.699675 / -0.085886, 2.393923, 1.699675; 1, 29, 1, 0; 0.369791586301; 1, 0, 1; 1, 0, 0; 2, 1, 2 ;
0,3; -0.291265, 2.505416, 1.682634 / -0.291265, 2.505416, 1.682634 / -0.291265, 2.505416, 1.682634; 1, 29, 1, 0; 0.372611020842; 0, 1, 0; 1, 0, 0; 3, 1, 1 ;
0,3; -0.368881, 2.551491, 1.668968 / -0.368881, 2.551491, 1.668968 / -0.368881, 2.551491, 1.668968; 1, 29, 1, 0; 0.378992600559; 1, 0, 1; 1, 0, 0; 2, 1, 2 ;
0,3; 0.123694, 2.297309, 1.736469 / 0.123694, 2.297309, 1.736469 / 0.123694, 2.297309, 1.736469; 1, 30, 1, 0; 0.115011338796; 1, 0, 1; 0, 1, 0; 1, 1, 2 ;
0,3; 0.430760, 2.143825, 1.777400 / 0.431467, 2.144312, 1.778218 / 0.430053, 2.143338, 1.776581; 1, 30, 1, 0; 0.123621839457; 1, 0, 2; 2, 0, 0; 2, 1, 2 / 2, 10, 2 ;
0,3; 0.712809, 1.994179, 1.817441 / 0.712809, 1.994179, 1.817441 / 0.712809, 1.994179, 1.817441; 1, 30, 1, 0; 0.126499828554; 1, 0, 1; 1, 0, 0; 3, 1, 2 ;
0,3; 3.226672, 0.780692, 2.182248 / 3.226672, 0.780692, 2.182248 / 3.226672, 0.780692, 2.182248; 1, 31, 1, 0; 0.771223369333; 1, 0, 1; 0, 1, 0; 1, 1, 2 ;
0,3; 3.224712, 0.785120, 2.181951 / 3.224712, 0.785120, 2.181951 / 3.224712, 0.785120, 2.181951; 1, 31, 1, 0; 0.771223182065; 1, 0, 1; 1, 0, 0; 2, 1, 2 ;
1,4; 1.9198, -1.36299, -3.49755 / 1.9198, -1.36299, -3.49755 / 1.9198, -1.36299, -3.49755; 1, 1, 1, 0; 0.878173340105; 1, 0, 1; 0, 1, 0; 4, 1, 2 ;
0,4; 1.525340, -1.123124, -4.108178 / 1.525340, -1.123124, -4.108178 / 1.525340, -1.123124, -4.108178; 1, 1, 1, 0; 0.269753460125; 0, 1, 0; 1, 0, 0; 2, 1, 1 ;
0,4; 1.973276, -1.387025, -3.413439 / 1.973276, -1.387025, -3.413439 / 1.973276, -1.387025, -3.413439; 1, 1, 1, 0; 0.878958861370; 1, 0, 1; 1, 0, 0; 2, 1, 2 ;
0,4; 2.611833, -1.789946, -2.420565 / 2.612201, -1.788726, -2.420292 / 2.611464, -1.791166, -2.420838; 1, 3, 1, 0; 0.879148736485; 1, 0, 2; 1, 1, 0; 3, 10, 2 / 4, 1, 2 ;
0,4; 2.607933, -1.788752, -2.417504 / 2.608085, -1.788498, -2.417250 / 2.607780, -1.789006, -2.417758; 1, 3, 1, 0; 0.879156288156; 2, 1, 1; 1, 1, 0; 3, 2, 1 / 4, 1, 2 ;
0,4; 2.485157, -1.714439, -2.606486 / 2.485157, -1.714439, -2.606486 / 2.485157, -1.714439, -2.606486; 1, 3, 1, 0; 0.572888219958; 1, 0, 1; 0, 1, 0; 4, 1, 2 ;
0,4; 2.482323, -1.709185, -2.609328 / 2.482323, -1.709185, -2.609328 / 2.482323, -1.709185, -2.609328; 1, 3, 1, 0; 0.572888344878; 1, 0, 1; 0, 1, 0; 4, 1, 2 ;
0,4; 2.602644, -1.783700, -2.418765 / 2.602644, -1.783700, -2.418765 / 2.602644, -1.783700, -2.418765; 1, 3, 1, 0; 0.879156122938; 1, 0, 1; 0, 1, 0; 4, 1, 2 ;
0,4; 2.209030, -1.541252, -3.073629 / 2.209030, -1.541252, -3.073629 / 2.209030, -1.541252, -3.073629; 1, 3, 1, 0; 0.355921275644; 1, 0, 1; 1, 0, 0; 2, 1, 2 ;
0,4; 2.494036, -1.716613, -2.589788 / 2.494036, -1.716613, -2.589788 / 2.494036, -1.716613, -2.589788; 1, 3, 1, 0; 0.572886023767; 0, 1, 0; 1, 0, 0; 2, 1, 1 ;
0,4; 3.465241, -2.343683, -1.026889 / 3.465949, -2.342699, -1.026536 / 3.464534, -2.344667, -1.027243; 1, 8, 1, 0; 0.827275657842; 2, 1, 1; 1, 2, 1; 1, 8, 1 / 3, 3, 0 / 3, 6, 3 / 4, 1, 2 / 4, 9, 0 ;
0,4; 3.179011, -2.137737, -1.514796 / 3.179350, -2.137670, -1.514721 / 3.178673, -2.137804, -1.514872; 1, 8, 1, 0; 0.622993190704; 1, 0, 2; 1, 1, 0; 3, 3, 2 / 4, 1, 2 ;
0,4; 2.853954, -1.940241, -2.020919 / 2.853954, -1.940241, -2.020919 / 2.853954, -1.940241, -2.020919; 1, 8, 1, 0; 0.055128418327; 1, 0, 1; 0, 1, 0; 1, 1, 2 ;
0,4; 3.509079, -2.346199, -0.991404 / 3.509273, -2.346186, -0.991199 / 3.508885, -2.346212, -0.991610; 1, 8, 1, 0; 0.827790895916; 1, 0, 2; 2, 0, 0; 1, 1, 0 / 2, 3, 2 / 3, 1, 2 ;
0,4; 2.855328, -1.943249, -2.028523 / 2.855328, -1.943249, -2.028523 / 2.855328, -1.943249, -2.028523; 1, 8, 1, 0; 0.055119760969; 1, 0, 1; 1, 0, 0; 3, 1, 2 ;
0,4; 3.178435, -2.139164, -1.519190 / 3.178435, -2.139164, -1.519190 / 3.178435, -2.139164, -1.519190; 1, 8, 1, 0; 0.622993108886; 1, 0, 1; 1, 0, 0; 2, 1, 2 / 3, 6, 0 ;
0,4; 3.420176, -2.281953, -1.139117 / 3.420176, -2.281953, -1.139117 / 3.420176, -2.281953, -1.139117; 1, 8, 1, 0; 0.826654598525; 1, 0, 1; 1, 0, 0; 3, 1, 2 ;
0,4; 3.413453, -2.290167, -1.138058 / 3.413453, -2.290167, -1.138058 / 3.413453, -2.290167, -1.138058; 1, 8, 1, 0; 0.826662565544; 1, 0, 1; 1, 0, 0; 2, 1, 2 ;
0,4; 3.437340, -2.303380, -1.101963 / 3.437340, -2.303380, -1.101963 / 3.437340, -2.303380, -1.101963; 1, 8, 1, 0; 0.826685305810; 1, 0, 1; 1, 0, 0; 2, 1, 2 ;
0,4; 3.466178, -2.345794, -1.030719 / 3.466178, -2.345794, -1.030719 / 3.466178, -2.345794, -1.030719; 1, 8, 1, 0; 0.827275504433; 0, 1, 0; 1, 0, 0; 2, 1, 1 / 4, 4, 0 ;
0,4; 3.469479, -2.346722, -1.026980 / 3.469479, -2.346722, -1.026980 / 3.469479, -2.346722, -1.026980; 1, 8, 1, 0; 0.827276184544; 1, 0, 1; 1, 0, 0; 2, 1, 2 ;
0,4; 3.464282, -2.330094, -1.027551 / 3.464282, -2.330094, -1.027551 / 3.464282, -2.330094, -1.027551; 1, 8, 1, 0; 0.827284867470; 1, 0, 1; 1, 0, 0; 2, 1, 2 ;
0,4; 3.607566, -2.408227, -0.834116 / 3.607781, -2.407769, -0.833507 / 3.607352, -2.408684, -0.834726; 1, 12, 1, 0; 0.604983635673; 2, 1, 1; 1, 1, 0; 1, 3, 2 / 2, 1, 1 ;
0,4; 3.607568, -2.406503, -0.840559 / 3.607568, -2.406503, -0.840559 / 3.607568, -2.406503, -0.840559; 1, 12, 1, 0; 0.604983893154; 1, 0, 1; 0, 1, 0; 4, 1, 2 ;
0,4; 3.624307, -2.413260, -0.807219 / 3.624307, -2.413260, -0.807219 / 3.624307, -2.413260, -0.807219; 1, 12, 1, 0; 0.605006643001; 1, 0, 1; 1, 0, 0; 3, 1, 2 ;
1,5; 0.998417, -3.97295, 1.03526 / 0.998742, -3.97235, 1.03625 / 0.998092, -3.97355, 1.03427; 1, 18, 1, 0; 0.885594087304; 0, 2, 0; 1, 1, 0; 3, 1, 1 / 4, 6, 1 ;
0,5; 0.985811, -3.972988, 1.041164 / 0.985811, -3.972988, 1.041164 / 0.985811, -3.972988, 1.041164; 1, 18, 1, 0; 0.885595726310; 0, 1, 0; 0, 1, 0; 4, 1, 1 ;
0,5; 1.109163, -3.963920, 0.998410 / 1.109163, -3.963920, 0.998410 / 1.109163, -3.963920, 0.998410; 1, 18, 1, 0; 0.885474955991; 1, 0, 1; 1, 0, 0; 2, 1, 2 ;
0,5; 1.107850, -3.967621, 0.994034 / 1.107850, -3.967621, 0.994034 / 1.107850, -3.967621, 0.994034; 1, 18, 1, 0; 0.885475276818; 0, 1, 0; 1, 0, 0; 3, 1, 1 ;
0,5; 1.106179, -3.970430, 0.991243 / 1.106179, -3.970430, 0.991243 / 1.106179, -3.970430, 0.991243; 1, 18, 1, 0; 0.885476183502; 1, 0, 1; 1, 0, 0; 3, 1, 2 ;
0,5; 0.972993, -3.973658, 1.046291 / 0.972993, -3.973658, 1.046291 / 0.972993, -3.973658, 1.046291; 1, 18, 1, 0; 0.885598041841; 0, 1, 0; 1, 0, 0; 1, 1, 0 / 2, 4, 0 / 3, 1, 1 ;
0,5; 0.971143, -3.971025, 1.046375 / 0.971143, -3.971025, 1.046375 / 0.971143, -3.971025, 1.046375; 1, 18, 1, 0; 0.885598885755; 1, 0, 1; 1, 0, 0; 3, 1, 2 ;
0,5; 2.292189, -3.905458, 0.518247 / 2.292189, -3.905458, 0.518247 / 2.292189, -3.905458, 0.518247; 1, 19, 1, 0; 0.257178846938; 0, 1, 0; 1, 0, 0; 3, 1, 1 ;
0,5; 0.416101, -4.000955, 1.270274 / 0.416101, -4.000955, 1.270274 / 0.416101, -4.000955, 1.270274; 1, 22, 1, 0; 0.648753332344; 1, 0, 1; 0, 1, 0; 1, 1, 2 ;
0,5; 0.343203, -4.011106, 1.296075 / 0.343203, -4.011106, 1.296075 / 0.343203, -4.011106, 1.296075; 1, 22, 1, 0; 0.648604912079; 1, 0, 1; 1, 0, 0; 2, 1, 2 ;
0,5; 0.340844, -4.003107, 1.304220 / 0.340844, -4.003107, 1.304220 / 0.340844, -4.003107, 1.304220; 1, 22, 1, 0; 0.648617120971; 1, 0, 1; 1, 0, 0; 2, 1, 2 ;
1,6; -0.660453, 1.18943, 1.43057 / -0.660453, 1.18943, 1.43057 / -0.660453, 1.18943, 1.43057; 1, 26, 1, 0; 0.776456688526; 1, 0, 1; 1, 0, 0; 3, 1, 2 ;
0,6; -0.612406, 1.116256, 1.602704 / -0.612406, 1.116256, 1.602704 / -0.612406, 1.116256, 1.602704; 1, 27, 1, 0; 0.394823030852; 1, 0, 1; 0, 1, 0; 1, 1, 2 ;
0,6; -0.609452, 1.118267, 1.609030 / -0.609452, 1.118267, 1.609030 / -0.609452, 1.118267, 1.609030; 1, 27, 1, 0; 0.394840011345; 1, 0, 1; 0, 1, 0; 1, 1, 2 ;
0,6; -0.612808, 1.114929, 1.603201 / -0.612808, 1.114929, 1.603201 / -0.612808, 1.114929, 1.603201; 1, 27, 1, 0; 0.394821898205; 0, 1, 0; 1, 0, 0; 2, 1, 1 ;
0,6; -0.613950, 1.114811, 1.597299 / -0.613950, 1.114811, 1.597299 / -0.613950, 1.114811, 1.597299; 1, 27, 1, 0; 0.394822137627; 1, 0, 1; 1, 0, 0; 2, 1, 2 ;
0,6; -0.611273, 1.115173, 1.605589 / -0.611273, 1.115173, 1.605589 / -0.611273, 1.115173, 1.605589; 1, 27, 1, 0; 0.394822911142; 0, 1, 0; 1, 0, 0; 3, 1, 1 ;
0,6; -0.607135, 1.113634, 1.617189 / -0.607135, 1.113634, 1.617189 / -0.607135, 1.113634, 1.617189; 1, 27, 1, 0; 0.394839274664; 1, 0, 1; 1, 0, 0; 2, 1, 2 ;
0,6; -0.822092, 3.953212, 1.445381 / -0.822092, 3.953212, 1.445381 / -0.822092, 3.953212, 1.445381; 1, 29, 1, 0; 0.072736614571; 0, 1, 0; 0, 1, 0; 1, 1, 1 ;
0,6; -0.840621, 3.837121, 1.480368 / -0.840621, 3.837121, 1.480368 / -0.840621, 3.837121, 1.480368; 1, 29, 1, 0; 0.072771040091; 1, 0, 1; 0, 1, 0; 4, 1, 2 ;
0,6; -0.884523, 3.565781, 1.566991 / -0.884523, 3.565781, 1.566991 / -0.884523, 3.565781, 1.566991; 1, 29, 1, 0; 0.492029362027; 1, 0, 1; 0, 1, 0; 1, 1, 2 ;
0,6; -0.705179, 1.297236, 2.036659 / -0.705179, 1.297236, 2.036659 / -0.705179, 1.297236, 2.036659; 1, 29, 1, 0; 0.910265029750; 1, 0, 1; 0, 1, 0; 4, 1, 2 ;
0,6; -0.820147, 3.974924, 1.430919 / -0.820147, 3.974924, 1.430919 / -0.820147, 3.974924, 1.430919; 1, 29, 1, 0; 0.072714911101; 1, 0, 1; 1, 0, 0; 3, 1, 2 ;
0,6; -1.229440, 1.428930, 2.241185 / -1.229440, 1.428930, 2.241185 / -1.229440, 1.428930, 2.241185; 1, 31, 1, 0; 0.677959149052; 1, 0, 1; 0, 1, 0; 4, 1, 2 ;
0,6; -1.233033, 1.407496, 2.243145 / -1.233033, 1.407496, 2.243145 / -1.233033, 1.407496, 2.243145; 1, 31, 1, 0; 0.677954114837; 1, 0, 1; 1, 0, 0; 2, 1, 2 ;
0,6; -1.496210, -0.099075, 2.639377 / -1.496210, -0.099075, 2.639377 / -1.496210, -0.099075, 2.639377; 1, 34, 1, 0; 0.891113194086; 1, 0, 1; 1, 0, 0; 3, 1, 2 ;
0,6; -1.506190, -0.099176, 2.642200 / -1.506190, -0.099176, 2.642200 / -1.506190, -0.099176, 2.642200; 1, 34, 1, 0; 0.891115314479; 1, 0, 1; 1, 0, 0; 2, 1, 2 ;
0,6; -1.374893, 0.519283, 2.525331 / -1.374893, 0.519283, 2.525331 / -1.374893, 0.519283, 2.525331; 1, 34, 1, 0; 0.997010332553; 1, 0, 1; 1, 0, 0; 2, 1, 2 ;
0,6; -1.655193, 0.213864, 2.649197 / -1.655035, 0.214012, 2.649763 / -1.655350, 0.213715, 2.648630; 1, 36, 1, 0; 0.434407447771; 2, 1, 1; 1, 1, 0; 1, 5, 0 / 2, 4, 2 / 4, 1, 1 ;
0,6; -1.654907, 0.214371, 2.649014 / -1.654464, 0.214731, 2.649398 / -1.655350, 0.214012, 2.648630; 1, 36, 1, 0; 0.434407486416; 1, 0, 1; 1, 1, 0; 1, 2, 0 / 2, 1, 2 / 4, 8, 2 ;
0,6; -1.775456, 0.265840, 2.601937 / -1.775456, 0.265840, 2.601937 / -1.775456, 0.265840, 2.601937; 1, 36, 1, 0; 0.434834700098; 1, 0, 1; 0, 1, 0; 4, 1, 2 ;
0,6; -1.764476, 0.261920, 2.627222 / -1.764476, 0.261920, 2.627222 / -1.764476, 0.261920, 2.627222; 1, 36, 1, 0; 0.434882118188; 1, 0, 1; 0, 1, 0; 1, 1, 2 ;
0,6; -1.776853, 0.261217, 2.600228 / -1.776853, 0.261217, 2.600228 / -1.776853, 0.261217, 2.600228; 1, 36, 1, 0; 0.434833141394; 1, 0, 1; 1, 0, 0; 2, 1, 2 / 2, 3, 0 / 2, 5, 0 ;
0,6; -1.764685, 0.261576, 2.622010 / -1.764685, 0.261576, 2.622010 / -1.764685, 0.261576, 2.622010; 1, 36, 1, 0; 0.434859355959; 0, 1, 0; 1, 0, 0; 3, 1, 1 ;
0,6; -1.748837, 0.259430, 2.636129 / -1.748837, 0.259430, 2.636129 / -1.748837, 0.259430, 2.636129; 1, 36, 1, 0; 0.434888224185; 1, 0, 1; 1, 0, 0; 2, 1, 2 / 4, 5, 0 ;
0,6; -1.750514, 0.251840, 2.628749 / -1.750514, 0.251840, 2.628749 / -1.750514, 0.251840, 2.628749; 1, 36, 1, 0; 0.434889422197; 1, 0, 1; 1, 0, 0; 2, 1, 2 ;
0,6; -1.520650, -0.432689, 2.826069 / -1.520650, -0.432689, 2.826069 / -1.520650, -0.432689, 2.826069; 1, 36, 1, 0; 0.956674485950; 1, 0, 1; 1, 0, 0; 2, 1, 2 ;
0,6; -1.761532, -1.928750, 3.303712 / -1.761441, -1.928685, 3.303838 / -1.761623, -1.928815, 3.303587; 1, 40, 1, 0; 0.684017648908; 2, 1, 1; 1, 1, 0; 1, 1, 1 / 2, 1, 2 ;
0,6; -1.767996, -1.917624, 3.298114 / -1.767996, -1.917624, 3.298114 / -1.767996, -1.917624, 3.298114; 1, 40, 1, 0; 0.683993257897; 1, 0, 1; 0, 1, 0; 1, 1, 2 / 3, 7, 0 ;
0,6; -1.707740, -1.596644, 3.193335 / -1.707740, -1.596644, 3.193335 / -1.707740, -1.596644, 3.193335; 1, 40, 1, 0; 0.490407779349; 1, 0, 1; 1, 0, 0; 2, 1, 2 ;
0,6; -1.710946, -1.591691, 3.194158 / -1.710946, -1.591691, 3.194158 / -1.710946, -1.591691, 3.194158; 1, 40, 1, 0; 0.490434920635; 1, 0, 1; 1, 0, 0; 3, 1, 2 ;
0,6; -1.767333, -1.917826, 3.295543 / -1.767333, -1.917826, 3.295543 / -1.767333, -1.917826, 3.295543; 1, 40, 1, 0; 0.683993100739; 1, 0, 1; 1, 0, 0; 2, 1, 2 / 2, 4, 0 ;
0,6; -1.762134, -1.929146, 3.306515 / -1.762134, -1.929146, 3.306515 / -1.762134, -1.929146, 3.306515; 1, 40, 1, 0; 0.684017491749; 1, 0, 1; 1, 0, 0; 2, 1, 2 ;
0,6; -1.763362, -1.919329, 3.304557 / -1.763362, -1.919329, 3.304557 / -1.763362, -1.919329, 3.304557; 1, 40, 1, 0; 0.684018418985; 1, 0, 1; 1, 0, 0; 2, 1, 2 ;
0,6; -1.769116, -1.914946, 3.306924 / -1.769116, -1.914946, 3.306924 / -1.769116, -1.914946, 3.306924; 1, 40, 1, 0; 0.684023118026; 1, 0, 1; 1, 0, 0; 2, 1, 2 ;
0,6; -1.777303, -2.039522, 3.339534 / -1.777303, -2.039522, 3.339534 / -1.777303, -2.039522, 3.339534; 1, 40, 1, 0; 0.684067813924; 1, 0, 1; 1, 0, 0; 3, 1, 2 ;
0,6; -1.842771, -2.443536, 3.466276 / -1.842616, -2.443293, 3.466477 / -1.842927, -2.443780, 3.466076; 1, 43, 1, 0; 0.782777566472; 2, 1, 1; 1, 1, 0; 2, 1, 2 / 4, 5, 1 ;
0,6; -1.845283, -2.461950, 3.471793 / -1.845283, -2.461950, 3.471793 / -1.845283, -2.461950, 3.471793; 1, 43, 1, 0; 0.782767225702; 1, 0, 1; 1, 0, 0; 2, 1, 2 / 2, 3, 0 / 3, 6, 0 ;
1,7; 3.42459, 0.63117, 1.01499 / 3.42459, 0.63117, 1.01499 / 3.42459, 0.63117, 1.01499; 1, 26, 1, 0; 0.211479987999; 0, 1, 0; 0, 1, 0; 4, 1, 1 ;
0,7; 3.416438, 0.633259, 1.018852 / 3.416438, 0.633259, 1.018852 / 3.416438, 0.633259, 1.018852; 1, 26, 1, 0; 0.211482602546; 0, 1, 0; 0, 1, 0; 1, 1, 1 ;
0,7; 3.414891, 0.635359, 1.019693 / 3.414891, 0.635359, 1.019693 / 3.414891, 0.635359, 1.019693; 1, 26, 1, 0; 0.211483665509; 0, 1, 0; 0, 1, 0; 4, 1, 1 ;
0,7; 2.788551, 0.797010, 1.323379 / 2.788551, 0.797010, 1.323379 / 2.788551, 0.797010, 1.323379; 1, 26, 1, 0; 0.836679353650; 1, 0, 1; 1, 0, 0; 3, 1, 2 ;
0,7; 2.565316, 0.855183, 1.425895 / 2.565316, 0.855183, 1.425895 / 2.565316, 0.855183, 1.425895; 1, 26, 1, 0; 0.842161621876; 1, 0, 1; 1, 0, 0; 2, 1, 2 ;
0,7; 1.538463, 0.753236, 1.720277 / 1.538784, 0.753755, 1.720776 / 1.538141, 0.752718, 1.719778; 1, 27, 1, 0; 0.495135199346; 2, 1, 2; 2, 1, 0; 3, 1, 1 / 3, 3, 2 / 4, 1, 2 ;
0,7; 2.058377, 0.980085, 1.665203 / 2.058377, 0.980085, 1.665203 / 2.058377, 0.980085, 1.665203; 1, 27, 1, 0; 0.426800760991; 1, 0, 1; 0, 1, 0; 1, 1, 2 ;
0,7; 2.244041, 0.936054, 1.576996 / 2.244041, 0.936054, 1.576996 / 2.244041, 0.936054, 1.576996; 1, 27, 1, 0; 0.430489054765; 1, 0, 1; 0, 1, 0; 1, 1, 2 ;
0,7; 1.954905, 0.888140, 1.699655 / 1.954905, 0.888140, 1.699655 / 1.954905, 0.888140, 1.699655; 1, 27, 1, 0; 0.486656058463; 1, 0, 1; 0, 1, 0; 1, 1, 2 ;
0,7; 1.579346, 0.740107, 1.716574 / 1.579346, 0.740107, 1.716574 / 1.579346, 0.740107, 1.716574; 1, 27, 1, 0; 0.488799606244; 1, 0, 1; 0, 1, 0; 1, 1, 2 ;
0,7; 1.572926, 0.745811, 1.715161 / 1.572926, 0.745811, 1.715161 / 1.572926, 0.745811, 1.715161; 1, 27, 1, 0; 0.488815104167; 1, 0, 1; 0, 1, 0; 4, 1, 2 ;
0,7; 1.537633, 0.757368, 1.720415 / 1.537633, 0.757368, 1.720415 / 1.537633, 0.757368, 1.720415; 1, 27, 1, 0; 0.495134158784; 1, 0, 1; 0, 1, 0; 1, 1, 2 ;
0,7; 1.949070, 1.010061, 1.716279 / 1.949110, 1.010480, 1.716507 / 1.949031, 1.009642, 1.716052; 1, 27, 1, 0; 0.428365019817; 1, 0, 2; 2, 0, 0; 2, 1, 2 / 3, 5, 2 ;
0,7; 1.530031, 0.760509, 1.719316 / 1.530171, 0.760736, 1.719376 / 1.529892, 0.760281, 1.719257; 1, 27, 1, 0; 0.495132473627; 1, 0, 2; 2, 0, 0; 2, 1, 2 / 3, 3, 2 / 4, 3, 0 / 4, 4, 0 ;
0,7; 2.260725, 0.930510, 1.566896 / 2.260725, 0.930510, 1.566896 / 2.260725, 0.930510, 1.566896; 1, 27, 1, 0; 0.430457257779; 1, 0, 1; 1, 0, 0; 1, 2, 0 / 2, 1, 2 ;
0,7; 1.921425, 0.840319, 1.712919 / 1.921425, 0.840319, 1.712919 / 1.921425, 0.840319, 1.712919; 1, 27, 1, 0; 0.486026316080; 1, 0, 1; 1, 0, 0; 2, 1, 2 ;
0,7; 1.558280, 0.744743, 1.713853 / 1.558280, 0.744743, 1.713853 / 1.558280, 0.744743, 1.713853; 1, 27, 1, 0; 0.488812258737; 0, 1, 0; 1, 0, 0; 2, 1, 1 / 3, 9, 0 / 4, 9, 0 ;
0,7; 1.559126, 0.756816, 1.714564 / 1.559126, 0.756816, 1.714564 / 1.559126, 0.756816, 1.714564; 1, 27, 1, 0; 0.488828834055; 1, 0, 1; 1, 0, 0; 3, 1, 2 ;
0,7; 1.541360, 0.755015, 1.707859 / 1.541360, 0.755015, 1.707859 / 1.541360, 0.755015, 1.707859; 1, 27, 1, 0; 0.495118835823; 1, 0, 1; 1, 0, 0; 3, 1, 2 / 4, 7, 0 ;
0,7; 1.541706, 0.749356, 1.699985 / 1.541706, 0.749356, 1.699985 / 1.541706, 0.749356, 1.699985; 1, 27, 1, 0; 0.495119600130; 1, 0, 1; 1, 0, 0; 3, 1, 2 ;
0,7; 1.536195, 0.747892, 1.719453 / 1.536195, 0.747892, 1.719453 / 1.536195, 0.747892, 1.719453; 1, 27, 1, 0; 0.495136672707; 1, 0, 1; 1, 0, 0; 3, 1, 2 ;
0,7; 1.328116, 1.169061, 2.010272 / 1.328346, 1.169831, 2.010574 / 1.327887, 1.168291, 2.009969; 1, 28, 1, 0; 0.631178495919; 2, 1, 2; 1, 2, 1; 1, 1, 2 / 3, 7, 2 / 4, 6, 1 ;
0,7; 1.615436, 1.095125, 1.874078 / 1.615509, 1.095162, 1.874108 / 1.615362, 1.095088, 1.874047; 1, 28, 1, 0; 0.633058183050; 2, 1, 1; 1, 1, 0; 1, 1, 2 / 2, 1, 1 / 4, 6, 0 ;
0,7; 1.438560, 1.139975, 1.956340 / 1.438560, 1.139975, 1.956340 / 1.438560, 1.139975, 1.956340; 1, 28, 1, 0; 0.630746699670; 1, 0, 1; 0, 1, 0; 4, 1, 2 ;
0,7; 1.621996, 1.091024, 1.875976 / 1.621996, 1.091024, 1.875976 / 1.621996, 1.091024, 1.875976; 1, 28, 1, 0; 0.633057464787; 1, 0, 1; 1, 0, 0; 2, 1, 2 / 3, 10, 0 ;
0,7; 0.645201, 1.341567, 2.334270 / 0.645480, 1.341600, 2.334456 / 0.644921, 1.341535, 2.334085; 1, 31, 1, 0; 0.650131892028; 2, 1, 1; 1, 1, 0; 1, 2, 2 / 2, 1, 1 ;
0,7; 0.715400, 1.323866, 2.300934 / 0.715400, 1.323866, 2.300934 / 0.715400, 1.323866, 2.300934; 1, 31, 1, 0; 0.652563230622; 0, 1, 0; 0, 1, 0; 4, 1, 1 ;
0,7; 1.218900, 1.201705, 2.067086 / 1.218900, 1.201705, 2.067086 / 1.218900, 1.201705, 2.067086; 1, 31, 1, 0; 0.196181344102; 1, 0, 1; 1, 0, 0; 2, 1, 2 ;
0,7; 0.992981, 1.251947, 2.172701 / 0.992981, 1.251947, 2.172701 / 0.992981, 1.251947, 2.172701; 1, 31, 1, 0; 0.645824597814; 0, 1, 0; 1, 0, 0; 2, 1, 1 ;
0,7; 0.983308, 1.250707, 2.178663 / 0.983308, 1.250707, 2.178663 / 0.983308, 1.250707, 2.178663; 1, 31, 1, 0; 0.645842817927; 1, 0, 1; 1, 0, 0; 3, 1, 2 ;
0,7; 0.991008, 1.250130, 2.172589 / 0.991008, 1.250130, 2.172589 / 0.991008, 1.250130, 2.172589; 1, 31, 1, 0; 0.645843633095; 1, 0, 1; 1, 0, 0; 3, 1, 2 ;
0,7; 0.639708, 1.346931, 2.329724 / 0.639708, 1.346931, 2.329724 / 0.639708, 1.346931, 2.329724; 1, 31, 1, 0; 0.650130911623; 1, 0, 1; 1, 0, 0; 1, 9, 0 / 2, 1, 2 ;
0,7; 0.644859, 1.341568, 2.336028 / 0.644859, 1.341568, 2.336028 / 0.644859, 1.341568, 2.336028; 1, 31, 1, 0; 0.650132068280; 1, 0, 1; 1, 0, 0; 3, 1, 2 ;
0,7; 0.725616, 1.323204, 2.296179 / 0.725616, 1.323204, 2.296179 / 0.725616, 1.323204, 2.296179; 1, 31, 1, 0; 0.652560840196; 1, 0, 1; 1, 0, 0; 3, 1, 2 ;
0,7; 0.725566, 1.320752, 2.298233 / 0.725566, 1.320752, 2.298233 / 0.725566, 1.320752, 2.298233; 1, 31, 1, 0; 0.652562118028; 0, 1, 0; 1, 0, 0; 2, 1, 1 ;
0,7; -0.179363, 1.545005, 2.727642 / -0.179363, 1.545005, 2.727642 / -0.179363, 1.545005, 2.727642; 1, 38, 1, 0; 0.811209074989; 1, 0, 1; 0, 1, 0; 4, 1, 2 ;
0,7; 0.097824, 1.480488, 2.593979 / 0.097824, 1.480488, 2.593979 / 0.097824, 1.480488, 2.593979; 1, 38, 1, 0; 0.802420782895; 1, 0, 1; 1, 0, 0; 1, 2, 0 / 2, 1, 2 ;
0,7; -0.176798, 1.542424, 2.722768 / -0.176798, 1.542424, 2.722768 / -0.176798, 1.542424, 2.722768; 1, 38, 1, 0; 0.811182960133; 1, 0, 1; 1, 0, 0; 2, 1, 2 ;
0,7; -0.173345, 1.542592, 2.714315 / -0.173345, 1.542592, 2.714315 / -0.173345, 1.542592, 2.714315; 1, 38, 1, 0; 0.811183909207; 1, 0, 1; 1, 0, 0; 2, 1, 2 ;
0,7; -0.828866, 1.716388, 3.032035 / -0.828540, 1.717049, 3.032223 / -0.829192, 1.715728, 3.031846; 1, 39, 1, 0; 0.704160616062; 1, 0, 2; 2, 0, 0; 1, 1, 0 / 2, 4, 0 / 3, 1, 2 / 3, 6, 2 / 4, 7, 0 ;
0,7; -0.651228, 1.669165, 2.948549 / -0.651228, 1.669165, 2.948549 / -0.651228, 1.669165, 2.948549; 1, 39, 1, 0; 0.705015291529; 1, 0, 1; 1, 0, 0; 2, 1, 2 ;
0,7; -1.180801, 1.775748, 3.194465 / -1.180399, 1.776257, 3.194816 / -1.181202, 1.775239, 3.194113; 1, 42, 1, 0; 0.711512039320; 1, 0, 2; 1, 1, 0; 3, 6, 2 / 4, 1, 2 ;
0,7; -1.182770, 1.778893, 3.190784 / -1.182770, 1.778893, 3.190784 / -1.182770, 1.778893, 3.190784; 1, 42, 1, 0; 0.711473695410; 1, 0, 1; 0, 1, 0; 1, 1, 2 ;
0,7; -1.176011, 1.777261, 3.195381 / -1.176011, 1.777261, 3.195381 / -1.176011, 1.777261, 3.195381; 1, 42, 1, 0; 0.711514834796; 0, 1, 0; 0, 1, 0; 1, 1, 1 ;
0,7; -1.082304, 1.779983, 3.152363 / -1.082141, 1.780080, 3.152533 / -1.082468, 1.779886, 3.152194; 1, 42, 1, 0; 0.711867607115; 1, 0, 2; 2, 0, 0; 2, 1, 2 / 2, 2, 0 / 2, 3, 2 ;
0,7; -1.182144, 1.776034, 3.191087 / -1.182144, 1.776034, 3.191087 / -1.182144, 1.776034, 3.191087; 1, 42, 1, 0; 0.711473486792; 1, 0, 1; 1, 0, 0; 1, 1, 0 / 3, 1, 2 ;
0,7; -1.177221, 1.778351, 3.197059 / -1.177221, 1.778351, 3.197059 / -1.177221, 1.778351, 3.197059; 1, 42, 1, 0; 0.711514563593; 0, 0, 0; 1, 0, 0; 2, 1, 3 ;
0,7; -1.080907, 1.779000, 3.153323 / -1.080907, 1.779000, 3.153323 / -1.080907, 1.779000, 3.153323; 1, 42, 1, 0; 0.711867920041; 1, 0, 1; 1, 0, 0; 3, 1, 2 ;
1,8; 0.409957, 4.59622, 0.512402 / 0.409957, 4.59622, 0.512402 / 0.409957, 4.59622, 0.512402; 1, 25, 1, 0; 0.322185238524; 1, 0, 1; 1, 0, 0; 3, 1, 2 ;
0,8; 0.417847, 4.593742, 0.517664 / 0.417847, 4.593742, 0.517664 / 0.417847, 4.593742, 0.517664; 1, 25, 1, 0; 0.322186250054; 1, 0, 1; 1, 0, 0; 3, 1, 2 ;
0,8; 0.844845, 4.374940, 0.775637 / 0.844845, 4.374940, 0.775637 / 0.844845, 4.374940, 0.775637; 1, 25, 1, 0; 0.328278710728; 1, 0, 1; 1, 0, 0; 3, 1, 2 ;
0,8; 0.744530, 4.427767, 0.719398 / 0.744530, 4.427767, 0.719398 / 0.744530, 4.427767, 0.719398; 1, 25, 1, 0; 0.329864515023; 1, 0, 1; 1, 0, 0; 2, 1, 2 ;
0,8; 1.050500, 4.259269, 0.897214 / 1.050500, 4.259269, 0.897214 / 1.050500, 4.259269, 0.897214; 1, 26, 1, 0; 0.043221542154; 1, 0, 1; 1, 0, 0; 3, 1, 2 ;
0,8; 1.056109, 4.262177, 0.900430 / 1.056109, 4.262177, 0.900430 / 1.056109, 4.262177, 0.900430; 1, 26, 1, 0; 0.043222013630; 1, 0, 1; 1, 0, 0; 2, 1, 2 ;
0,8; 1.934820, 3.804796, 1.423026 / 1.935046, 3.805056, 1.423227 / 1.934594, 3.804537, 1.422825; 1, 28, 1, 0; 0.014323054794; 2, 1, 1; 1, 1, 0; 1, 1, 1 / 3, 5, 2 ;
0,8; 1.701945, 3.925966, 1.284802 / 1.702267, 3.925992, 1.285229 / 1.701623, 3.925941, 1.284375; 1, 28, 1, 0; 0.017341825421; 0, 2, 0; 1, 1, 0; 1, 6, 1 / 3, 1, 1 ;
0,8; 1.949879, 3.796576, 1.432335 / 1.949879, 3.796576, 1.432335 / 1.949879, 3.796576, 1.432335; 1, 28, 1, 0; 0.014335652036; 0, 1, 0; 0, 1, 0; 1, 1, 1 ;
0,8; 1.949983, 3.797519, 1.446143 / 1.949983, 3.797519, 1.446143 / 1.949983, 3.797519, 1.446143; 1, 28, 1, 0; 0.014352218146; 1, 0, 1; 0, 1, 0; 1, 1, 2 ;
0,8; 1.902429, 3.937440, 1.370677 / 1.902429, 3.937440, 1.370677 / 1.902429, 3.937440, 1.370677; 1, 28, 1, 0; 0.013315533283; 1, 0, 1; 1, 0, 0; 2, 1, 2 ;
0,8; 1.964527, 3.797387, 1.447705 / 1.964527, 3.797387, 1.447705 / 1.964527, 3.797387, 1.447705; 1, 28, 1, 0; 0.014349041210; 1, 0, 1; 1, 0, 0; 3, 1, 2 ;
0,8; 1.702421, 3.930829, 1.286054 / 1.702421, 3.930829, 1.286054 / 1.702421, 3.930829, 1.286054; 1, 28, 1, 0; 0.017343372451; 1, 0, 1; 1, 0, 0; 3, 1, 2 ;
0,8; 2.360530, 3.585656, 1.677334 / 2.360530, 3.585656, 1.677334 / 2.360530, 3.585656, 1.677334; 1, 28, 1, 0; 0.394649017636; 1, 0, 1; 1, 0, 0; 2, 1, 2 ;
0,8; 2.470387, 3.525481, 1.741947 / 2.470387, 3.525481, 1.741947 / 2.470387, 3.525481, 1.741947; 1, 28, 1, 0; 0.397514061395; 0, 1, 0; 1, 0, 0; 2, 1, 1 ;
0,8; 2.467950, 3.527427, 1.740452 / 2.467950, 3.527427, 1.740452 / 2.467950, 3.527427, 1.740452; 1, 28, 1, 0; 0.397514217940; 0, 1, 0; 1, 0, 0; 3, 1, 1 ;
1,9; 3.04832, -2.08423, -0.808121 / 3.04832, -2.08423, -0.808121 / 3.04832, -2.08423, -0.808121; 1, 11, 1, 0; 0.982319260012; 1, 0, 1; 0, 1, 0; 1, 1, 2 ;
0,9; 3.053126, -2.066926, -0.704170 / 3.053126, -2.066926, -0.704170 / 3.053126, -2.066926, -0.704170; 1, 11, 1, 0; 0.982399416606; 0, 1, 0; 0, 1, 0; 1, 1, 1 ;
0,9; 3.043534, -2.083909, -0.809226 / 3.043534, -2.083909, -0.809226 / 3.043534, -2.083909, -0.809226; 1, 11, 1, 0; 0.982319460275; 1, 0, 1; 1, 0, 0; 3, 1, 2 ;
0,9; 3.038023, -2.085698, -0.808835 / 3.038023, -2.085698, -0.808835 / 3.038023, -2.085698, -0.808835; 1, 11, 1, 0; 0.982320244160; 1, 0, 1; 1, 0, 0; 2, 1, 2 ;
0,9; 3.049128, -2.067230, -0.702823 / 3.049128, -2.067230, -0.702823 / 3.049128, -2.067230, -0.702823; 1, 11, 1, 0; 0.982399319336; 1, 0, 1; 1, 0, 0; 2, 1, 2 ;
0,9; 3.054234, -2.066618, -0.709405 / 3.054234, -2.066618, -0.709405 / 3.054234, -2.066618, -0.709405; 1, 11, 1, 0; 0.982399593982; 1, 0, 1; 1, 0, 0; 2, 1, 2 ;
0,9; 3.157557, -2.100731, -0.515137 / 3.157908, -2.100714, -0.514946 / 3.157206, -2.100747, -0.515328; 1, 12, 1, 0; 0.636722963385; 0, 2, 0; 1, 1, 0; 3, 2, 1 / 4, 1, 1 ;
0,9; 2.801780, -1.782054, -0.453413 / 2.801780, -1.782054, -0.453413 / 2.801780, -1.782054, -0.453413; 1, 12, 1, 0; 0.670182096053; 1, 0, 1; 0, 1, 0; 4, 1, 2 / 4, 2, 0 ;
0,9; 2.789795, -1.776392, -0.451434 / 2.789795, -1.776392, -0.451434 / 2.789795, -1.776392, -0.451434; 1, 12, 1, 0; 0.670191479793; 1, 0, 1; 0, 1, 0; 4, 1, 2 ;
0,9; 2.796939, -1.781642, -0.451662 / 2.796939, -1.781642, -0.451662 / 2.796939, -1.781642, -0.451662; 1, 12, 1, 0; 0.670191840266; 1, 0, 1; 0, 1, 0; 4, 1, 2 ;
0,9; 2.826581, -1.807134, -0.458473 / 2.826581, -1.807134, -0.458473 / 2.826581, -1.807134, -0.458473; 1, 12, 1, 0; 0.670750355896; 0, 1, 0; 0, 1, 0; 4, 1, 1 ;
0,9; 3.296808, -2.225425, -0.538659 / 3.296808, -2.225425, -0.538659 / 3.296808, -2.225425, -0.538659; 1, 12, 1, 0; 0.625103095261; 0, 1, 0; 1, 0, 0; 3, 1, 1 ;
0,9; 3.514413, -2.417329, -0.574265 / 3.514413, -2.417329, -0.574265 / 3.514413, -2.417329, -0.574265; 1, 12, 1, 0; 0.626975363105; 0, 0, 0; 1, 0, 0; 3, 1, 3 ;
0,9; 3.163288, -2.101728, -0.514687 / 3.163288, -2.101728, -0.514687 / 3.163288, -2.101728, -0.514687; 1, 12, 1, 0; 0.636723581339; 1, 0, 1; 1, 0, 0; 3, 1, 2 ;
0,9; 3.163899, -2.108257, -0.514825 / 3.163899, -2.108257, -0.514825 / 3.163899, -2.108257, -0.514825; 1, 12, 1, 0; 0.636724479660; 1, 0, 1; 1, 0, 0; 3, 1, 2 ;
0,9; 2.993075, -1.954994, -0.487119 / 2.993075, -1.954994, -0.487119 / 2.993075, -1.954994, -0.487119; 1, 12, 1, 0; 0.639512566201; 0, 1, 0; 1, 0, 0; 3, 1, 1 ;
0,9; 2.987647, -1.948803, -0.483307 / 2.987647, -1.948803, -0.483307 / 2.987647, -1.948803, -0.483307; 1, 12, 1, 0; 0.639524124222; 1, 0, 1; 1, 0, 0; 3, 1, 2 ;
0,9; 2.790418, -1.778464, -0.451357 / 2.790418, -1.778464, -0.451357 / 2.790418, -1.778464, -0.451357; 1, 12, 1, 0; 0.670191571342; 1, 0, 1; 1, 0, 0; 3, 1, 2 ;
0,9; 1.985330, -1.060710, -0.312716 / 1.985330, -1.060710, -0.312716 / 1.985330, -1.060710, -0.312716; 1, 12, 1, 0; 0.718114617807; 0, 1, 0; 1, 0, 0; 2, 1, 1 ;
0,9; -0.138667, 0.819611, 0.054488 / -0.137975, 0.820129, 0.055036 / -0.139359, 0.819094, 0.053941; 1, 16, 1, 0; 0.597825686587; 2, 1, 2; 2, 1, 0; 2, 3, 2 / 3, 1, 1 / 4, 10, 2 ;
0,9; 0.077340, 0.628185, 0.017979 / 0.077552, 0.628826, 0.018061 / 0.077128, 0.627543, 0.017898; 1, 16, 1, 0; 0.594334187883; 2, 1, 1; 1, 1, 0; 1, 6, 1 / 2, 7, 0 / 2, 8, 0 / 3, 1, 2 ;
0,9; 1.146534, -0.320097, -0.170229 / 1.146534, -0.320097, -0.170229 / 1.146534, -0.320097, -0.170229; 1, 16, 1, 0; 0.420299614783; 1, 0, 1; 0, 1, 0; 4, 1, 2 ;
0,9; 1.397288, -0.542599, -0.214298 / 1.397288, -0.542599, -0.214298 / 1.397288, -0.542599, -0.214298; 1, 16, 1, 0; 0.422446912102; 1, 0, 1; 0, 1, 0; 1, 1, 2 ;
0,9; 0.674865, 0.099318, -0.085287 / 0.674865, 0.099318, -0.085287 / 0.674865, 0.099318, -0.085287; 1, 16, 1, 0; 0.501031560745; 0, 1, 0; 0, 1, 0; 1, 1, 1 ;
0,9; -0.292656, 0.955696, 0.081491 / -0.292656, 0.955696, 0.081491 / -0.292656, 0.955696, 0.081491; 1, 16, 1, 0; 0.551576389782; 0, 1, 0; 0, 1, 0; 1, 1, 1 ;
0,9; 1.147521, -0.317773, -0.170523 / 1.147521, -0.317773, -0.170523 / 1.147521, -0.317773, -0.170523; 1, 16, 1, 0; 0.420299514326; 1, 0, 1; 1, 0, 0; 2, 1, 2 ;
0,9; 1.439649, -0.570513, -0.222942 / 1.439649, -0.570513, -0.222942 / 1.439649, -0.570513, -0.222942; 1, 16, 1, 0; 0.421171389460; 1, 0, 1; 1, 0, 0; 3, 1, 2 ;
0,9; 1.441922, -0.569631, -0.225235 / 1.441922, -0.569631, -0.225235 / 1.441922, -0.569631, -0.225235; 1, 16, 1, 0; 0.421171476523; 1, 0, 1; 1, 0, 0; 2, 1, 2 ;
0,9; 1.383839, -0.527745, -0.207814 / 1.383839, -0.527745, -0.207814 / 1.383839, -0.527745, -0.207814; 1, 16, 1, 0; 0.422456609500; 1, 0, 1; 1, 0, 0; 2, 1, 2 ;
0,9; 0.684275, 0.092601, -0.086624 / 0.684275, 0.092601, -0.086624 / 0.684275, 0.092601, -0.086624; 1, 16, 1, 0; 0.501029390886; 1, 0, 1; 1, 0, 0; 2, 1, 2 ;
0,9; 0.074845, 0.630676, 0.012612 / 0.074845, 0.630676, 0.012612 / 0.074845, 0.630676, 0.012612; 1, 16, 1, 0; 0.594335406755; 1, 0, 1; 1, 0, 0; 2, 1, 2 ;
0,9; -0.130602, 0.813533, 0.053689 / -0.130602, 0.813533, 0.053689 / -0.130602, 0.813533, 0.053689; 1, 16, 1, 0; 0.596601523992; 1, 0, 1; 1, 0, 0; 2, 1, 2 / 2, 2, 0 ;
0,9; -0.170320, 0.851517, 0.059000 / -0.170320, 0.851517, 0.059000 / -0.170320, 0.851517, 0.059000; 1, 16, 1, 0; 0.597855769952; 1, 0, 1; 1, 0, 0; 2, 1, 2 ;
0,9; -0.539016, 1.011969, 0.483748 / -0.539016, 1.011969, 0.483748 / -0.539016, 1.011969, 0.483748; 1, 17, 1, 0; 0.862905608608; 1, 0, 1; 0, 1, 0; 1, 1, 2 ;
0,9; -1.093853, 1.666426, 0.220042 / -1.093853, 1.666426, 0.220042 / -1.093853, 1.666426, 0.220042; 1, 17, 1, 0; 0.647466843261; 1, 0, 1; 1, 0, 0; 2, 1, 2 ;
0,9; -0.948775, 1.536729, 0.195797 / -0.948775, 1.536729, 0.195797 / -0.948775, 1.536729, 0.195797; 1, 17, 1, 0; 0.656734744692; 1, 0, 1; 1, 0, 0; 2, 1, 2 / 4, 6, 0 ;
0,9; -0.614909, 1.252746, 0.136519 / -0.614909, 1.252746, 0.136519 / -0.614909, 1.252746, 0.136519; 1, 17, 1, 0; 0.660281434737; 1, 0, 1; 1, 0, 0; 3, 1, 2 ;
0,9; -0.591300, 1.099436, 0.462070 / -0.591300, 1.099436, 0.462070 / -0.591300, 1.099436, 0.462070; 1, 17, 1, 0; 0.861261413758; 1, 0, 1; 1, 0, 0; 2, 1, 2 ;
0,9; -2.431795, 2.840975, 0.446375 / -2.431795, 2.840975, 0.446375 / -2.431795, 2.840975, 0.446375; 1, 24, 1, 0; 0.070034739927; 1, 0, 1; 0, 1, 0; 1, 1, 2 / 4, 8, 0 / 4, 9, 0 ;
0,9; -2.430935, 2.841839, 0.446117 / -2.430935, 2.841839, 0.446117 / -2.430935, 2.841839, 0.446117; 1, 24, 1, 0; 0.070034813826; 1, 0, 1; 0, 1, 0; 1, 1, 2 ;
0,9; -2.425916, 2.841813, 0.449227 / -2.425916, 2.841813, 0.449227 / -2.425916, 2.841813, 0.449227; 1, 24, 1, 0; 0.070035094642; 0, 1, 0; 0, 1, 0; 4, 1, 1 ;
0,9; -2.259358, 2.683099, 0.423357 / -2.259358, 2.683099, 0.423357 / -2.259358, 2.683099, 0.423357; 1, 24, 1, 0; 0.061048604860; 1, 0, 1; 1, 0, 0; 3, 1, 2 ;
0,9; -2.259067, 2.681367, 0.424581 / -2.259067, 2.681367, 0.424581 / -2.259067, 2.681367, 0.424581; 1, 24, 1, 0; 0.061048678760; 0, 1, 0; 1, 0, 0; 3, 1, 1 ;
0,9; -2.424201, 2.845793, 0.452829 / -2.424201, 2.845793, 0.452829 / -2.424201, 2.845793, 0.452829; 1, 24, 1, 0; 0.070036099669; 1, 0, 1; 1, 0, 0; 2, 1, 2 ;
0,9; -2.997776, 3.337847, 0.539095 / -2.997776, 3.337847, 0.539095 / -2.997776, 3.337847, 0.539095; 1, 25, 1, 0; 0.136751858043; 1, 0, 1; 0, 1, 0; 1, 5, 0 / 4, 1, 2 ;
0,9; -2.831236, 3.189656, 0.508147 / -2.831236, 3.189656, 0.508147 / -2.831236, 3.189656, 0.508147; 1, 25, 1, 0; 0.137236457932; 1, 0, 1; 1, 0, 0; 2, 1, 2 ;
0,9; -2.831631, 3.191572, 0.513734 / -2.831631, 3.191572, 0.513734 / -2.831631, 3.191572, 0.513734; 1, 25, 1, 0; 0.137251553727; 0, 0, 0; 1, 0, 0; 3, 1, 3 / 3, 2, 0 ;
