1,0; 1.076, -3.15495, -2.69664 / 1.076, -3.15495, -2.69664 / 1.076, -3.15495, -2.69664; 1, 3, 1, 0; 0.477885850490; 0, 1, 0; 0, 1, 0; 4, 1, 1 ;
0,0; 0.044644, -2.062995, -0.104923 / 0.044644, -2.062995, -0.104923 / 0.044644, -2.062995, -0.104923; 1, 15, 1, 0; 0.532286114772; 1, 0, 1; 0, 1, 0; 4, 1, 2 ;
0,0; 0.208893, -2.228197, -0.517330 / 0.208893, -2.228197, -0.517330 / 0.208893, -2.228197, -0.517330; 1, 15, 1, 0; 0.118014283571; 1, 0, 1; 1, 0, 0; 3, 1, 2 ;
0,0; -1.180563, -0.750672, 2.990012 / -1.180326, -0.750419, 2.990608 / -1.180799, -0.750924, 2.989416; 1, 36, 1, 0; 0.854593126760; 0, 2, 0; 2, 0, 0; 2, 7, 1 / 3, 1, 1 ;
0,0; -1.365378, -0.553442, 3.456060 / -1.365378, -0.553442, 3.456060 / -1.365378, -0.553442, 3.456060; 1, 44, 1, 0; 0.321758485572; 0, 1, 0; 0, 1, 0; 1, 1, 1 ;
0,0; -1.641016, -0.261067, 4.148926 / -1.641016, -0.261067, 4.148926 / -1.641016, -0.261067, 4.148926; 1, 46, 1, 0; 0.676312212991; 1, 0, 1; 1, 0, 0; 2, 1, 2 ;
1,1; -2.39617, 1.72064, 1.8036 / -2.39617, 1.72064, 1.8036 / -2.39617, 1.72064, 1.8036; 1, 24, 1, 0; 0.939268747072; 0, 0, 0; 1, 0, 0; 2, 1, 3 ;
0,1; -0.562924, 0.072574, 2.951844 / -0.562924, 0.072574, 2.951844 / -0.562924, 0.072574, 2.951844; 1, 37, 1, 0; 0.982795636707; 1, 0, 1; 1, 0, 0; 2, 1, 2 ;
1,2; 3.04283, 0.707792, 1.41123 / 3.04283, 0.707792, 1.41123 / 3.04283, 0.707792, 1.41123; 1, 26, 1, 0; 0.839026359779; 1, 0, 1; 0, 1, 0; 4, 1, 2 ;
0,2; 4.125994, -0.106979, 1.175758 / 4.125994, -0.106979, 1.175758 / 4.125994, -0.106979, 1.175758; 1, 27, 1, 0; 0.096238295984; 0, 1, 0; 0, 1, 0; 1, 1, 1 ;
0,2; 1.979109, 1.503014, 1.641601 / 1.979109, 1.503014, 1.641601 / 1.979109, 1.503014, 1.641601; 1, 28, 1, 0; 0.201442347360; 0, 1, 0; 0, 1, 0; 4, 1, 1 ;
0,2; 1.542181, 1.830419, 1.735749 / 1.542181, 1.830419, 1.735749 / 1.542181, 1.830419, 1.735749; 1, 28, 1, 0; 0.261615614686; 0, 1, 0; 0, 1, 0; 4, 1, 1 ;
0,2; 2.000804, 1.487857, 1.633564 / 2.000804, 1.487857, 1.633564 / 2.000804, 1.487857, 1.633564; 1, 28, 1, 0; 0.201420081182; 1, 0, 1; 1, 0, 0; 2, 3, 0 / 2, 4, 0 / 3, 1, 2 ;
0,2; 1.980103, 1.505461, 1.642106 / 1.980103, 1.505461, 1.642106 / 1.980103, 1.505461, 1.642106; 1, 28, 1, 0; 0.201442439445; 1, 0, 1; 1, 0, 0; 3, 1, 2 ;
0,2; 1.791829, 1.642337, 1.677813 / 1.791829, 1.642337, 1.677813 / 1.791829, 1.642337, 1.677813; 1, 28, 1, 0; 0.256707727413; 1, 0, 1; 1, 0, 0; 2, 1, 2 ;
0,2; 1.806469, 1.635061, 1.679922 / 1.806469, 1.635061, 1.679922 / 1.806469, 1.635061, 1.679922; 1, 28, 1, 0; 0.256716945132; 1, 0, 1; 1, 0, 0; 2, 1, 2 ;
1,3; 3.44556, -0.865315, -1.76181 / 3.44556, -0.865315, -1.76181 / 3.44556, -0.865315, -1.76181; 1, 4, 1, 0; 0.995426318822; 1, 0, 1; 1, 0, 0; 3, 1, 2 ;
0,3; 3.181656, -1.131624, -1.075350 / 3.181656, -1.131624, -1.075350 / 3.181656, -1.131624, -1.075350; 1, 11, 1, 0; 0.576842228432; 1, 0, 1; 0, 1, 0; 4, 1, 2 ;
0,3; 3.176292, -1.136391, -1.062315 / 3.176292, -1.136391, -1.062315 / 3.176292, -1.136391, -1.062315; 1, 11, 1, 0; 0.576851566398; 0, 1, 0; 1, 0, 0; 3, 1, 1 ;
0,3; 3.174973, -1.134619, -1.055157 / 3.174973, -1.134619, -1.055157 / 3.174973, -1.134619, -1.055157; 1, 11, 1, 0; 0.576852006976; 1, 0, 1; 1, 0, 0; 2, 1, 2 ;
0,3; 2.444549, -1.863466, 0.831171 / 2.444549, -1.863466, 0.831171 / 2.444549, -1.863466, 0.831171; 1, 19, 1, 0; 0.892590679532; 1, 0, 1; 0, 1, 0; 1, 1, 2 ;
1,4; -3.28492, -1.55749, -1.0766 / -3.28492, -1.55749, -1.0766 / -3.28492, -1.55749, -1.0766; 1, 9, 1, 0; 0.408018147490; 0, 1, 0; 0, 1, 0; 4, 1, 1 ;
0,4; -3.285346, -1.554593, -1.073091 / -3.285346, -1.554593, -1.073091 / -3.285346, -1.554593, -1.073091; 1, 9, 1, 0; 0.408018742241; 1, 0, 1; 1, 0, 0; 3, 1, 2 ;
0,4; -3.010396, -1.374582, -0.276217 / -3.010396, -1.374582, -0.276217 / -3.010396, -1.374582, -0.276217; 1, 10, 1, 0; 0.839581900523; 1, 0, 1; 0, 1, 0; 4, 1, 2 ;
0,4; -1.906133, -0.634036, 2.924841 / -1.906133, -0.634036, 2.924841 / -1.906133, -0.634036, 2.924841; 1, 36, 1, 0; 0.841141821442; 0, 1, 0; 0, 1, 0; 4, 1, 1 ;
0,4; -1.912991, -0.634625, 2.905775 / -1.912991, -0.634625, 2.905775 / -1.912991, -0.634625, 2.905775; 1, 36, 1, 0; 0.841155605022; 1, 0, 1; 1, 0, 0; 3, 1, 2 ;
1,5; 1.65094, 1.42832, -0.680853 / 1.65094, 1.42832, -0.680853 / 1.65094, 1.42832, -0.680853; 1, 12, 1, 0; 0.334060138330; 1, 0, 1; 1, 0, 0; 2, 1, 2 ;
0,5; 1.577492, 1.715688, -0.479703 / 1.577492, 1.715688, -0.479703 / 1.577492, 1.715688, -0.479703; 1, 12, 1, 0; 0.988112071609; 1, 0, 1; 1, 0, 0; 3, 1, 2 ;
0,5; 1.229450, 3.071792, 0.476045 / 1.229450, 3.071792, 0.476045 / 1.229450, 3.071792, 0.476045; 1, 26, 1, 0; 0.014433440487; 1, 0, 1; 0, 1, 0; 4, 1, 2 ;
1,6; -0.702841, -0.25449, -4.23508 / -0.702231, -0.253757, -4.23475 / -0.70345, -0.255223, -4.2354; 1, 1, 1, 0; 0.203447907471; 0, 4, 0; 3, 1, 0; 1, 1, 0 / 2, 1, 1 / 2, 2, 1 / 3, 5, 1 / 4, 8, 1 ;
0,6; -0.700809, -0.255288, -4.237545 / -0.700065, -0.255162, -4.237310 / -0.701553, -0.255413, -4.237779; 1, 1, 1, 0; 0.203447828364; 2, 1, 2; 2, 1, 0; 1, 1, 2 / 2, 1, 1 / 3, 9, 2 ;
0,6; 0.315512, -1.139939, -3.842923 / 0.315512, -1.139939, -3.842923 / 0.315512, -1.139939, -3.842923; 1, 1, 1, 0; 0.394508047521; 1, 0, 1; 0, 1, 0; 4, 1, 2 ;
0,6; 0.797175, -1.538330, -3.604475 / 0.797196, -1.537324, -3.604225 / 0.797153, -1.539335, -3.604725; 1, 1, 1, 0; 0.871203196542; 1, 0, 2; 2, 0, 0; 3, 1, 2 / 3, 9, 2 / 4, 10, 0 ;
0,6; -0.394322, -0.564212, -4.193185 / -0.394322, -0.564212, -4.193185 / -0.394322, -0.564212, -4.193185; 1, 1, 1, 0; 0.218569949277; 1, 0, 1; 1, 0, 0; 2, 1, 2 ;
0,6; -0.390929, -0.566614, -4.190938 / -0.390929, -0.566614, -4.190938 / -0.390929, -0.566614, -4.190938; 1, 1, 1, 0; 0.218570024428; 1, 0, 1; 1, 0, 0; 2, 1, 2 ;
0,6; 0.796151, -1.540492, -3.607290 / 0.796151, -1.540492, -3.607290 / 0.796151, -1.540492, -3.607290; 1, 1, 1, 0; 0.871196341950; 1, 0, 1; 1, 0, 0; 3, 1, 2 ;
0,6; 2.062163, -2.573408, -2.984725 / 2.062163, -2.573408, -2.984725 / 2.062163, -2.573408, -2.984725; 1, 3, 1, 0; 0.429872004417; 0, 1, 0; 0, 1, 0; 4, 1, 1 ;
1,7; -0.862196, -2.27072, -1.40331 / -0.862196, -2.27072, -1.40331 / -0.862196, -2.27072, -1.40331; 1, 8, 1, 0; 0.586584122621; 1, 0, 1; 0, 1, 0; 4, 1, 2 ;
0,7; -1.991605, -1.740114, 0.435556 / -1.991478, -1.740094, 0.435884 / -1.991731, -1.740134, 0.435227; 1, 21, 1, 0; 0.212398974686; 2, 1, 1; 0, 2, 1; 1, 5, 1 / 4, 1, 2 ;
0,7; -2.026975, -1.722924, 0.494928 / -2.026947, -1.722840, 0.495523 / -2.027002, -1.723007, 0.494334; 1, 21, 1, 0; 0.212439013743; 1, 0, 2; 0, 2, 1; 1, 1, 2 / 2, 6, 0 / 4, 5, 2 ;
0,7; -2.905402, -1.373064, 1.949845 / -2.905393, -1.373048, 1.949853 / -2.905411, -1.373081, 1.949837; 1, 30, 1, 0; 0.405032633133; 2, 1, 1; 2, 0, 0; 2, 1, 1 / 2, 2, 2 ;
0,7; -2.905776, -1.362962, 1.948242 / -2.905776, -1.362962, 1.948242 / -2.905776, -1.362962, 1.948242; 1, 30, 1, 0; 0.405029759469; 1, 0, 1; 1, 0, 0; 3, 1, 2 ;
0,7; -2.913631, -1.382851, 1.960254 / -2.913631, -1.382851, 1.960254 / -2.913631, -1.382851, 1.960254; 1, 30, 1, 0; 0.405035000253; 1, 0, 1; 1, 0, 0; 2, 1, 2 ;
0,7; -2.909817, -1.421857, 1.970292 / -2.909817, -1.421857, 1.970292 / -2.909817, -1.421857, 1.970292; 1, 30, 1, 0; 0.408321059379; 1, 0, 1; 1, 0, 0; 3, 1, 2 ;
1,8; -3.28752, 2.67562, -1.8677 / -3.28752, 2.67562, -1.8677 / -3.28752, 2.67562, -1.8677; 1, 6, 1, 0; 0.500774273893; 1, 0, 1; 0, 1, 0; 1, 1, 2 ;
0,8; -3.287041, 2.685272, -1.870269 / -3.287041, 2.685272, -1.870269 / -3.287041, 2.685272, -1.870269; 1, 6, 1, 0; 0.500783188803; 1, 0, 1; 0, 1, 0; 1, 1, 2 ;
0,8; -3.262109, 1.554213, -1.522990 / -3.262109, 1.554213, -1.522990 / -3.262109, 1.554213, -1.522990; 1, 7, 1, 0; 0.445084937220; 1, 0, 1; 1, 0, 0; 2, 1, 2 ;
0,8; -3.216913, -0.597193, -0.883129 / -3.216913, -0.597193, -0.883129 / -3.216913, -0.597193, -0.883129; 1, 10, 1, 0; 0.392694067408; 1, 0, 1; 1, 0, 0; 2, 1, 2 ;
0,8; -3.212841, -0.918258, -0.787655 / -3.212841, -0.918258, -0.787655 / -3.212841, -0.918258, -0.787655; 1, 10, 1, 0; 0.413405995744; 1, 0, 1; 1, 0, 0; 2, 1, 2 ;
0,8; -3.301142, -0.980914, -0.470812 / -3.301142, -0.980914, -0.470812 / -3.301142, -0.980914, -0.470812; 1, 10, 1, 0; 0.574725338360; 1, 0, 1; 1, 0, 0; 2, 1, 2 ;
0,8; -3.551142, -0.064190, -0.229005 / -3.551142, -0.064190, -0.229005 / -3.551142, -0.064190, -0.229005; 1, 10, 1, 0; 0.744401820588; 1, 0, 1; 1, 0, 0; 2, 1, 2 ;
1,9; 3.32004, 0.278445, -2.02199 / 3.32004, 0.278445, -2.02199 / 3.32004, 0.278445, -2.02199; 1, 4, 1, 0; 0.596482867701; 1, 0, 1; 0, 1, 0; 1, 1, 2 ;
0,9; 3.622134, 0.573372, -2.063846 / 3.622134, 0.573372, -2.063846 / 3.622134, 0.573372, -2.063846; 1, 4, 1, 0; 0.643657918173; 1, 0, 1; 0, 1, 0; 4, 1, 2 ;
0,9; 0.091677, -2.876312, -1.590705 / 0.091677, -2.876312, -1.590705 / 0.091677, -2.876312, -1.590705; 1, 8, 1, 0; 0.337610748215; 1, 0, 1; 1, 0, 0; 2, 1, 2 ;
0,9; -0.549499, -3.524868, -1.520787 / -0.549499, -3.524868, -1.520787 / -0.549499, -3.524868, -1.520787; 1, 8, 1, 0; 0.470857461947; 1, 0, 1; 1, 0, 0; 2, 1, 2 ;
