1,0; -2.77217, 2.03716, -0.539007 / -2.77217, 2.03716, -0.539007 / -2.77217, 2.03716, -0.539007; 1, 14, 1, 0; 0.258701718363; 1, 0, 1; 0, 1, 0; 4, 1, 2 ;
0,0; 0.136575, 3.463962, 0.690522 / 0.136575, 3.463962, 0.690522 / 0.136575, 3.463962, 0.690522; 1, 25, 1, 0; 0.455647541897; 1, 0, 1; 0, 1, 0; 4, 1, 2 ;
1,1; 2.54643, -0.501713, -1.33396 / 2.54643, -0.501713, -1.33396 / 2.54643, -0.501713, -1.33396; 1, 11, 1, 0; 0.462064039448; 1, 0, 1; 1, 0, 0; 2, 1, 2 ;
0,1; -0.541082, -3.398036, -0.290758 / -0.541082, -3.398036, -0.290758 / -0.541082, -3.398036, -0.290758; 1, 15, 1, 0; 0.358538632881; 1, 0, 1; 1, 0, 0; 2, 1, 2 ;
1,2; 0.672066, -0.244155, -3.24888 / 0.672066, -0.244155, -3.24888 / 0.672066, -0.244155, -3.24888; 1, 2, 1, 0; 0.394876039857; 1, 0, 1; 0, 1, 0; 1, 1, 2 ;
1,3; -1.61051, 2.57066, -1.95739 / -1.61051, 2.57066, -1.95739 / -1.61051, 2.57066, -1.95739; 1, 6, 1, 0; 0.510899298276; 0, 1, 0; 1, 0, 0; 3, 1, 1 ;
0,3; -1.611877, 2.564321, -1.955319 / -1.611877, 2.564321, -1.955319 / -1.611877, 2.564321, -1.955319; 1, 6, 1, 0; 0.510907036947; 1, 0, 1; 1, 0, 0; 2, 1, 2 ;
0,3; -2.243668, 3.158652, -2.032641 / -2.243668, 3.158652, -2.032641 / -2.243668, 3.158652, -2.032641; 1, 6, 1, 0; 0.532779849265; 1, 0, 1; 1, 0, 0; 3, 1, 2 ;
0,3; -2.310900, 3.234417, -2.046293 / -2.310900, 3.234417, -2.046293 / -2.310900, 3.234417, -2.046293; 1, 6, 1, 0; 0.533926339025; 1, 0, 1; 1, 0, 0; 1, 7, 0 / 3, 1, 2 ;
0,3; 2.701170, -1.493587, -1.432792 / 2.701170, -1.493587, -1.432792 / 2.701170, -1.493587, -1.432792; 1, 8, 1, 0; 0.699043942355; 1, 0, 1; 1, 0, 0; 3, 1, 2 ;
0,3; 2.702438, -1.497082, -1.428747 / 2.702438, -1.497082, -1.428747 / 2.702438, -1.497082, -1.428747; 1, 8, 1, 0; 0.699053453687; 0, 1, 0; 1, 0, 0; 3, 1, 1 ;
1,4; 1.67234, -0.343072, -3.55504 / 1.67234, -0.343072, -3.55504 / 1.67234, -0.343072, -3.55504; 1, 1, 1, 0; 0.773313465695; 0, 1, 0; 0, 1, 0; 1, 1, 1 ;
0,4; 1.595321, -0.413075, -3.628396 / 1.595321, -0.413075, -3.628396 / 1.595321, -0.413075, -3.628396; 1, 1, 1, 0; 0.772474666091; 1, 0, 1; 1, 0, 0; 2, 1, 2 ;
0,4; 1.677703, -0.342369, -3.555252 / 1.677703, -0.342369, -3.555252 / 1.677703, -0.342369, -3.555252; 1, 1, 1, 0; 0.773312927769; 1, 0, 1; 1, 0, 0; 3, 1, 2 ;
0,4; 1.671236, -0.340903, -3.554558 / 1.671236, -0.340903, -3.554558 / 1.671236, -0.340903, -3.554558; 1, 1, 1, 0; 0.773313525025; 1, 0, 1; 1, 0, 0; 3, 1, 2 ;
0,4; 3.038086, 0.857625, -2.267557 / 3.038086, 0.857625, -2.267557 / 3.038086, 0.857625, -2.267557; 1, 4, 1, 0; 0.450480776283; 1, 0, 1; 0, 1, 0; 4, 1, 2 ;
0,4; 3.037338, 0.862816, -2.266852 / 3.037338, 0.862816, -2.266852 / 3.037338, 0.862816, -2.266852; 1, 4, 1, 0; 0.450480852847; 1, 0, 1; 1, 0, 0; 3, 1, 2 ;
0,4; 3.585300, 1.337162, -1.750829 / 3.585300, 1.337162, -1.750829 / 3.585300, 1.337162, -1.750829; 1, 12, 1, 0; 0.030814903439; 1, 0, 1; 0, 1, 0; 4, 1, 2 ;
0,4; 3.498785, 1.251190, -1.842614 / 3.498785, 1.251190, -1.842614 / 3.498785, 1.251190, -1.842614; 1, 12, 1, 0; 0.029605945858; 1, 0, 1; 1, 0, 0; 2, 1, 2 ;
0,4; 3.486839, 1.258058, -1.844972 / 3.486839, 1.258058, -1.844972 / 3.486839, 1.258058, -1.844972; 1, 12, 1, 0; 0.029617858631; 1, 0, 1; 1, 0, 0; 3, 1, 2 ;
1,5; 3.76648, -1.53491, 1.57853 / 3.76648, -1.53491, 1.57853 / 3.76648, -1.53491, 1.57853; 1, 27, 1, 0; 0.950052129376; 1, 0, 1; 1, 0, 0; 3, 1, 2 ;
0,5; 3.407186, 0.075672, 2.027303 / 3.407186, 0.075672, 2.027303 / 3.407186, 0.075672, 2.027303; 1, 28, 1, 0; 0.742650918273; 0, 1, 0; 0, 1, 0; 4, 1, 1 ;
0,5; 3.393677, 0.136500, 2.045621 / 3.393677, 0.136500, 2.045621 / 3.393677, 0.136500, 2.045621; 1, 28, 1, 0; 0.749074047472; 1, 0, 1; 0, 1, 0; 1, 1, 2 ;
0,5; 3.444272, -0.096133, 1.978826 / 3.444272, -0.096133, 1.978826 / 3.444272, -0.096133, 1.978826; 1, 28, 1, 0; 0.802375860075; 0, 1, 0; 0, 1, 0; 3, 8, 0 / 3, 9, 0 / 4, 1, 1 ;
0,5; 3.450122, -0.090668, 1.975624 / 3.450122, -0.090668, 1.975624 / 3.450122, -0.090668, 1.975624; 1, 28, 1, 0; 0.802360214816; 1, 0, 1; 1, 0, 0; 2, 1, 2 ;
0,5; 3.450540, -0.088062, 1.980761 / 3.450540, -0.088062, 1.980761 / 3.450540, -0.088062, 1.980761; 1, 28, 1, 0; 0.802377526815; 1, 0, 1; 1, 0, 0; 2, 1, 2 ;
0,5; 2.942087, 2.131525, 2.602738 / 2.942087, 2.131525, 2.602738 / 2.942087, 2.131525, 2.602738; 1, 38, 1, 0; 0.642625109450; 0, 1, 0; 0, 1, 0; 4, 1, 1 ;
1,6; -4.18957, 1.06292, -0.765776 / -4.18957, 1.06292, -0.765776 / -4.18957, 1.06292, -0.765776; 1, 14, 1, 0; 0.090918589808; 1, 0, 1; 1, 0, 0; 2, 1, 2 ;
0,6; -4.185555, 1.050653, -0.733694 / -4.185555, 1.050653, -0.733694 / -4.185555, 1.050653, -0.733694; 1, 14, 1, 0; 0.090953088781; 1, 0, 1; 1, 0, 0; 3, 1, 2 ;
0,6; -4.004884, 1.090697, -0.553688 / -4.004884, 1.090697, -0.553688 / -4.004884, 1.090697, -0.553688; 1, 14, 1, 0; 0.323962174845; 1, 0, 1; 1, 0, 0; 2, 1, 2 ;
0,6; -3.687508, 1.121516, -0.181528 / -3.687508, 1.121516, -0.181528 / -3.687508, 1.121516, -0.181528; 1, 14, 1, 0; 0.451960569612; 1, 0, 1; 1, 0, 0; 2, 1, 2 ;
0,6; -2.597903, 1.249175, 1.080405 / -2.597903, 1.249175, 1.080405 / -2.597903, 1.249175, 1.080405; 1, 24, 1, 0; 0.314260825097; 1, 0, 1; 0, 1, 0; 4, 1, 2 ;
0,6; -2.618676, 1.251169, 1.059884 / -2.618676, 1.251169, 1.059884 / -2.618676, 1.251169, 1.059884; 1, 24, 1, 0; 0.314238862310; 1, 0, 1; 1, 0, 0; 2, 1, 2 ;
0,6; -2.619442, 1.247239, 1.065992 / -2.619442, 1.247239, 1.065992 / -2.619442, 1.247239, 1.065992; 1, 24, 1, 0; 0.314251439922; 1, 0, 1; 1, 0, 0; 2, 1, 2 ;
0,6; -2.617264, 1.249646, 1.063468 / -2.617264, 1.249646, 1.063468 / -2.617264, 1.249646, 1.063468; 1, 24, 1, 0; 0.314251558161; 0, 0, 0; 1, 0, 0; 1, 2, 0 / 3, 1, 3 ;
0,6; -1.763440, 1.347122, 2.050909 / -1.763440, 1.347122, 2.050909 / -1.763440, 1.347122, 2.050909; 1, 29, 1, 0; 0.899453302473; 0, 1, 0; 1, 0, 0; 3, 1, 1 ;
0,6; -1.111254, 1.424899, 2.804425 / -1.111084, 1.425583, 2.804665 / -1.111424, 1.424214, 2.804184; 1, 39, 1, 0; 0.600292204935; 2, 1, 1; 1, 1, 0; 2, 3, 2 / 4, 1, 1 ;
0,6; -1.110719, 1.424687, 2.801622 / -1.110719, 1.424687, 2.801622 / -1.110719, 1.424687, 2.801622; 1, 39, 1, 0; 0.600290271884; 1, 0, 1; 1, 0, 0; 2, 1, 2 ;
0,6; -0.712563, 1.470769, 3.275949 / -0.712563, 1.470769, 3.275949 / -0.712563, 1.470769, 3.275949; 1, 42, 1, 0; 0.597323812027; 1, 0, 1; 1, 0, 0; 2, 1, 2 ;
1,7; -0.227127, 1.86581, -1.83969 / -0.227127, 1.86581, -1.83969 / -0.227127, 1.86581, -1.83969; 1, 7, 1, 0; 0.045990237078; 1, 0, 1; 0, 1, 0; 1, 1, 2 ;
0,7; 1.413470, 2.328617, -1.102089 / 1.413470, 2.328617, -1.102089 / 1.413470, 2.328617, -1.102089; 1, 7, 1, 0; 0.626966457724; 0, 0, 0; 0, 1, 0; 2, 3, 0 / 4, 1, 3 ;
0,7; -0.221304, 1.860581, -1.841917 / -0.221304, 1.860581, -1.841917 / -0.221304, 1.860581, -1.841917; 1, 7, 1, 0; 0.045990635940; 1, 0, 1; 1, 0, 0; 3, 1, 2 ;
0,7; 2.192805, 2.548427, -0.751693 / 2.192805, 2.548427, -0.751693 / 2.192805, 2.548427, -0.751693; 1, 12, 1, 0; 0.235718359631; 1, 0, 1; 1, 0, 0; 3, 1, 2 ;
0,7; 2.622440, 2.674597, -0.562175 / 2.622440, 2.674597, -0.562175 / 2.622440, 2.674597, -0.562175; 1, 13, 1, 0; 0.528571416261; 1, 0, 1; 1, 0, 0; 2, 5, 0 / 3, 1, 2 / 3, 6, 0 / 4, 7, 0 ;
0,7; 2.683091, 2.687220, -0.533712 / 2.683091, 2.687220, -0.533712 / 2.683091, 2.687220, -0.533712; 1, 13, 1, 0; 0.528633662135; 1, 0, 1; 1, 0, 0; 2, 1, 2 / 2, 5, 0 / 2, 6, 0 / 2, 7, 0 ;
0,7; 3.258831, 2.849526, -0.265177 / 3.258831, 2.849526, -0.265177 / 3.258831, 2.849526, -0.265177; 1, 20, 1, 0; 0.062249062110; 1, 0, 1; 1, 0, 0; 3, 1, 2 ;
1,8; 1.90499, 2.06058, -0.485599 / 1.90499, 2.06058, -0.485599 / 1.90499, 2.06058, -0.485599; 1, 13, 1, 0; 0.457994252428; 0, 1, 0; 0, 1, 0; 1, 1, 1 ;
0,8; 0.804869, 1.607237, 1.306418 / 0.804869, 1.607237, 1.306418 / 0.804869, 1.607237, 1.306418; 1, 26, 1, 0; 0.670131370280; 1, 0, 1; 0, 1, 0; 4, 1, 2 ;
0,8; 1.143758, 1.746887, 0.753847 / 1.143758, 1.746887, 0.753847 / 1.143758, 1.746887, 0.753847; 1, 26, 1, 0; 0.078119343363; 0, 1, 0; 1, 0, 0; 3, 1, 1 ;
0,8; 1.138490, 1.749305, 0.751998 / 1.138490, 1.749305, 0.751998 / 1.138490, 1.749305, 0.751998; 1, 26, 1, 0; 0.078120697784; 1, 0, 1; 1, 0, 0; 3, 1, 2 ;
0,8; -0.586477, 1.027929, 3.576361 / -0.586477, 1.027929, 3.576361 / -0.586477, 1.027929, 3.576361; 1, 45, 1, 0; 0.159168930768; 1, 0, 1; 1, 0, 0; 2, 1, 2 ;
0,8; -0.991299, 0.866384, 4.227074 / -0.991299, 0.866384, 4.227074 / -0.991299, 0.866384, 4.227074; 1, 46, 1, 0; 0.596588677251; 1, 0, 1; 1, 0, 0; 3, 1, 2 ;
1,9; 1.42668, -2.46746, 1.32045 / 1.42668, -2.46746, 1.32045 / 1.42668, -2.46746, 1.32045; 1, 22, 1, 0; 0.445148864093; 0, 1, 0; 0, 1, 0; 4, 1, 1 ;
0,9; 1.428067, -2.467296, 1.321816 / 1.428067, -2.467296, 1.321816 / 1.428067, -2.467296, 1.321816; 1, 22, 1, 0; 0.445148754955; 0, 1, 0; 1, 0, 0; 2, 1, 1 ;
