1,0; 1.90922, 1.08176, -3.79053 / 1.90922, 1.08176, -3.79053 / 1.90922, 1.08176, -3.79053; 1, 1, 1, 0; 0.556006928953; 1, 0, 1; 0, 1, 0; 4, 1, 2 ;
0,0; 2.209066, 1.596927, -2.924619 / 2.209066, 1.596927, -2.924619 / 2.209066, 1.596927, -2.924619; 1, 4, 1, 0; 0.062135619789; 1, 0, 1; 0, 1, 0; 1, 1, 2 ;
0,0; 2.212239, 1.598993, -2.924814 / 2.212239, 1.598993, -2.924814 / 2.212239, 1.598993, -2.924814; 1, 4, 1, 0; 0.062135555314; 1, 0, 1; 1, 0, 0; 3, 1, 2 ;
0,0; 2.394879, 1.917128, -2.387428 / 2.394879, 1.917128, -2.387428 / 2.394879, 1.917128, -2.387428; 1, 4, 1, 0; 0.344017807275; 1, 0, 1; 1, 0, 0; 2, 1, 2 ;
0,0; 3.050743, 3.045339, -0.495992 / 3.050743, 3.045339, -0.495992 / 3.050743, 3.045339, -0.495992; 1, 13, 1, 0; 0.591384212088; 1, 0, 1; 0, 1, 0; 4, 1, 2 ;
1,1; 0.298907, 1.35777, 1.48153 / 0.298907, 1.35777, 1.48153 / 0.298907, 1.35777, 1.48153; 1, 26, 1, 0; 0.748294183704; 0, 1, 0; 0, 1, 0; 4, 1, 1 ;
0,1; -0.466872, 0.678281, 2.212112 / -0.466872, 0.678281, 2.212112 / -0.466872, 0.678281, 2.212112; 1, 31, 1, 0; 0.814472365795; 1, 0, 1; 1, 0, 0; 1, 4, 0 / 3, 1, 2 / 4, 9, 0 ;
0,1; -0.827782, 0.371294, 2.547382 / -0.827782, 0.371294, 2.547382 / -0.827782, 0.371294, 2.547382; 1, 34, 1, 0; 0.985797766852; 1, 0, 1; 1, 0, 0; 3, 1, 2 ;
0,1; -1.308035, -0.047851, 3.002589 / -1.307951, -0.046889, 3.003420 / -1.308119, -0.048813, 3.001758; 1, 37, 1, 0; 0.867094699266; 0, 2, 0; 1, 1, 0; 1, 9, 1 / 2, 7, 0 / 2, 9, 0 / 3, 1, 1 ;
0,1; -1.302113, -0.043270, 2.997381 / -1.302113, -0.043270, 2.997381 / -1.302113, -0.043270, 2.997381; 1, 37, 1, 0; 0.867097408720; 0, 1, 0; 0, 1, 0; 2, 8, 0 / 4, 1, 1 ;
0,1; -1.257257, -0.004541, 2.955598 / -1.257257, -0.004541, 2.955598 / -1.257257, -0.004541, 2.955598; 1, 37, 1, 0; 0.869921731969; 1, 0, 1; 1, 0, 0; 2, 1, 2 ;
0,1; -1.764390, -0.446279, 3.434904 / -1.764390, -0.446279, 3.434904 / -1.764390, -0.446279, 3.434904; 1, 44, 1, 0; 0.311410068978; 1, 0, 1; 0, 1, 0; 4, 1, 2 ;
0,1; -2.252766, -0.876611, 3.897896 / -2.252656, -0.876208, 3.898118 / -2.252876, -0.877014, 3.897675; 1, 46, 1, 0; 0.067787849831; 1, 0, 2; 2, 0, 0; 3, 1, 2 / 3, 3, 2 ;
0,1; -2.210044, -0.836960, 3.854023 / -2.210044, -0.836960, 3.854023 / -2.210044, -0.836960, 3.854023; 1, 46, 1, 0; 0.068963575025; 1, 0, 1; 1, 0, 0; 3, 1, 2 ;
1,2; 0.997635, -3.79962, -2.36194 / 0.997635, -3.79962, -2.36194 / 0.997635, -3.79962, -2.36194; 1, 5, 1, 0; 0.624535831665; 0, 1, 0; 0, 1, 0; 1, 1, 1 ;
0,2; 1.018685, -3.559590, -1.921901 / 1.018685, -3.559590, -1.921901 / 1.018685, -3.559590, -1.921901; 1, 5, 1, 0; 0.654093820727; 0, 1, 0; 0, 1, 0; 1, 1, 1 / 2, 2, 0 ;
0,2; 1.005878, -3.686799, -2.155614 / 1.005878, -3.686799, -2.155614 / 1.005878, -3.686799, -2.155614; 1, 5, 1, 0; 0.653228535357; 0, 1, 0; 1, 0, 0; 3, 1, 1 ;
0,2; 1.066124, -2.849405, -0.625843 / 1.066665, -2.848687, -0.625417 / 1.065584, -2.850122, -0.626269; 1, 9, 1, 0; 0.602954244147; 1, 0, 2; 1, 1, 0; 3, 1, 2 / 4, 7, 2 ;
0,2; 1.097439, -2.463650, 0.094195 / 1.097439, -2.463650, 0.094195 / 1.097439, -2.463650, 0.094195; 1, 15, 1, 0; 0.713719333987; 1, 0, 1; 1, 0, 0; 2, 1, 2 ;
0,2; 1.105209, -2.463828, 0.102286 / 1.105209, -2.463828, 0.102286 / 1.105209, -2.463828, 0.102286; 1, 15, 1, 0; 0.713730022556; 1, 0, 1; 1, 0, 0; 2, 1, 2 ;
0,2; 1.100800, -2.461923, 0.098948 / 1.100800, -2.461923, 0.098948 / 1.100800, -2.461923, 0.098948; 1, 15, 1, 0; 0.713731053909; 0, 1, 0; 1, 0, 0; 1, 2, 0 / 1, 6, 0 / 2, 3, 0 / 2, 4, 0 / 2, 5, 0 / 3, 1, 1 / 4, 8, 0 ;
0,2; 1.129991, -1.483167, 2.023709 / 1.130529, -1.482605, 2.024160 / 1.129453, -1.483729, 2.023258; 1, 33, 1, 0; 0.244859081146; 0, 2, 0; 1, 1, 0; 1, 1, 1 / 3, 6, 1 ;
0,2; 1.137410, -1.499218, 2.016476 / 1.137410, -1.499218, 2.016476 / 1.137410, -1.499218, 2.016476; 1, 33, 1, 0; 0.244854291552; 0, 1, 0; 0, 1, 0; 1, 1, 1 / 1, 2, 0 / 4, 9, 0 ;
0,2; 1.138462, -1.496795, 2.018508 / 1.138466, -1.496211, 2.019050 / 1.138459, -1.497379, 2.017966; 1, 33, 1, 0; 0.244854528537; 2, 1, 1; 2, 0, 0; 2, 1, 1 / 2, 7, 2 / 3, 9, 0 ;
0,2; 1.136255, -1.497199, 2.011644 / 1.136255, -1.497199, 2.011644 / 1.136255, -1.497199, 2.011644; 1, 33, 1, 0; 0.244832563755; 1, 0, 1; 1, 0, 0; 2, 1, 2 / 4, 4, 0 / 4, 5, 0 ;
0,2; 1.130345, -1.499049, 2.010529 / 1.130345, -1.499049, 2.010529 / 1.130345, -1.499049, 2.010529; 1, 33, 1, 0; 0.244832937942; 1, 0, 1; 1, 0, 0; 3, 1, 2 ;
0,2; 1.137594, -1.501685, 2.015702 / 1.137594, -1.501685, 2.015702 / 1.137594, -1.501685, 2.015702; 1, 33, 1, 0; 0.244853992202; 1, 0, 1; 1, 0, 0; 3, 1, 2 ;
0,2; 1.139598, -1.479743, 2.019790 / 1.139598, -1.479743, 2.019790 / 1.139598, -1.479743, 2.019790; 1, 33, 1, 0; 0.244861625618; 1, 0, 1; 1, 0, 0; 2, 1, 2 ;
0,2; 1.258441, -0.204420, 4.209847 / 1.258441, -0.204420, 4.209847 / 1.258441, -0.204420, 4.209847; 1, 46, 1, 0; 0.702749493448; 1, 0, 1; 0, 1, 0; 1, 1, 2 ;
1,3; 0.910584, -0.165557, 0.484716 / 0.910584, -0.165557, 0.484716 / 0.910584, -0.165557, 0.484716; 1, 19, 1, 0; 0.579012287294; 1, 0, 1; 0, 1, 0; 4, 1, 2 ;
0,3; 0.998794, -0.101117, 0.454063 / 0.998794, -0.101117, 0.454063 / 0.998794, -0.101117, 0.454063; 1, 19, 1, 0; 0.581027375963; 1, 0, 1; 1, 0, 0; 3, 1, 2 ;
0,3; 0.985035, -0.109007, 0.456051 / 0.985035, -0.109007, 0.456051 / 0.985035, -0.109007, 0.456051; 1, 19, 1, 0; 0.581029545330; 1, 0, 1; 1, 0, 0; 2, 1, 2 / 4, 1, 0 ;
1,4; -2.34639, -1.06072, -0.281855 / -2.34639, -1.06072, -0.281855 / -2.34639, -1.06072, -0.281855; 1, 10, 1, 0; 0.818910301744; 1, 0, 1; 1, 0, 0; 1, 2, 0 / 3, 1, 2 ;
0,4; -2.901219, -1.069934, 1.308770 / -2.901219, -1.069934, 1.308770 / -2.901219, -1.069934, 1.308770; 1, 23, 1, 0; 0.927929970337; 1, 0, 1; 1, 0, 0; 2, 1, 2 ;
1,5; -2.0697, 2.94429, -0.689261 / -2.0697, 2.94429, -0.689261 / -2.0697, 2.94429, -0.689261; 1, 14, 1, 0; 0.129554960158; 1, 0, 1; 1, 0, 0; 3, 1, 2 ;
0,5; -1.172391, -0.226228, 0.217491 / -1.171978, -0.225793, 0.217681 / -1.172803, -0.226664, 0.217300; 1, 16, 1, 0; 0.699880316157; 2, 1, 1; 1, 1, 0; 1, 4, 1 / 3, 1, 2 ;
0,5; -1.169838, -0.228395, 0.217985 / -1.169838, -0.228395, 0.217985 / -1.169838, -0.228395, 0.217985; 1, 16, 1, 0; 0.699880168820; 1, 0, 1; 0, 1, 0; 4, 1, 2 ;
0,5; -1.147235, -0.044006, 0.150364 / -1.147235, -0.044006, 0.150364 / -1.147235, -0.044006, 0.150364; 1, 16, 1, 0; 0.700520947184; 1, 0, 1; 0, 1, 0; 4, 1, 2 ;
0,5; -1.154394, -0.062331, 0.172625 / -1.154394, -0.062331, 0.172625 / -1.154394, -0.062331, 0.172625; 1, 16, 1, 0; 0.700541815342; 0, 1, 0; 0, 1, 0; 4, 1, 1 ;
0,5; -1.166414, -0.100419, 0.176136 / -1.166414, -0.100419, 0.176136 / -1.166414, -0.100419, 0.176136; 1, 16, 1, 0; 0.700066261090; 1, 0, 1; 1, 0, 0; 2, 1, 2 ;
0,5; -1.153781, -0.047111, 0.157682 / -1.153781, -0.047111, 0.157682 / -1.153781, -0.047111, 0.157682; 1, 16, 1, 0; 0.700520217200; 1, 0, 1; 1, 0, 0; 3, 1, 2 ;
0,5; -1.149044, -0.044873, 0.162513 / -1.149044, -0.044873, 0.162513 / -1.149044, -0.044873, 0.162513; 1, 16, 1, 0; 0.700532881413; 1, 0, 1; 1, 0, 0; 2, 1, 2 ;
0,5; -1.405377, 2.098159, -0.210278 / -1.405377, 2.098159, -0.210278 / -1.405377, 2.098159, -0.210278; 1, 17, 1, 0; 0.137771175258; 0, 1, 0; 0, 1, 0; 1, 1, 1 ;
0,5; -1.628334, -0.172367, 0.431505 / -1.628334, -0.172367, 0.431505 / -1.628334, -0.172367, 0.431505; 1, 21, 1, 0; 0.067275845309; 0, 1, 0; 1, 0, 0; 2, 1, 1 ;
0,5; 0.327503, -0.118123, 1.052011 / 0.327503, -0.118123, 1.052011 / 0.327503, -0.118123, 1.052011; 1, 23, 1, 0; 0.476790647045; 1, 0, 1; 0, 1, 0; 4, 1, 2 ;
0,5; 0.415122, -0.226609, 1.114610 / 0.415396, -0.226592, 1.114909 / 0.414848, -0.226626, 1.114312; 1, 23, 1, 0; 0.478574177615; 2, 1, 1; 2, 0, 0; 3, 1, 2 / 3, 2, 1 ;
0,5; 0.415565, -0.226991, 1.112907 / 0.415565, -0.226991, 1.112907 / 0.415565, -0.226991, 1.112907; 1, 23, 1, 0; 0.478574258904; 1, 0, 1; 1, 0, 0; 2, 1, 2 ;
0,5; 0.407759, -0.227065, 1.121838 / 0.407759, -0.227065, 1.121838 / 0.407759, -0.227065, 1.121838; 1, 23, 1, 0; 0.478588026290; 1, 0, 1; 1, 0, 0; 2, 1, 2 ;
0,5; 2.058347, -2.334563, 2.310341 / 2.058347, -2.334563, 2.310341 / 2.058347, -2.334563, 2.310341; 1, 33, 1, 0; 0.644481763369; 1, 0, 1; 1, 0, 0; 3, 1, 2 ;
1,6; 2.38523, 0.0729338, -3.83995 / 2.38544, 0.0730057, -3.83991 / 2.38503, 0.0728619, -3.84; 1, 3, 1, 0; 0.007322392679; 2, 1, 1; 1, 1, 0; 3, 1, 1 / 4, 1, 2 / 4, 9, 0 ;
0,6; 1.097753, -0.597506, -0.833047 / 1.097753, -0.597506, -0.833047 / 1.097753, -0.597506, -0.833047; 1, 12, 1, 0; 0.505412318104; 1, 0, 1; 0, 1, 0; 4, 1, 2 ;
0,6; 0.100394, -1.107339, 1.487309 / 0.100394, -1.107339, 1.487309 / 0.100394, -1.107339, 1.487309; 1, 23, 1, 0; 0.898469218843; 1, 0, 1; 0, 1, 0; 1, 1, 2 ;
0,6; 0.104169, -1.112333, 1.483253 / 0.104169, -1.112333, 1.483253 / 0.104169, -1.112333, 1.483253; 1, 23, 1, 0; 0.898455377557; 1, 0, 1; 1, 0, 0; 3, 1, 2 ;
0,6; 0.101502, -1.109708, 1.482806 / 0.101502, -1.109708, 1.482806 / 0.101502, -1.109708, 1.482806; 1, 23, 1, 0; 0.898468154697; 1, 0, 1; 1, 0, 0; 2, 1, 2 ;
0,6; -0.521527, -1.437201, 2.943092 / -0.521527, -1.437201, 2.943092 / -0.521527, -1.437201, 2.943092; 1, 35, 1, 0; 0.375165467366; 1, 0, 1; 0, 1, 0; 1, 1, 2 ;
0,6; -0.796835, -1.580919, 3.576215 / -0.796835, -1.580919, 3.576215 / -0.796835, -1.580919, 3.576215; 1, 43, 1, 0; 0.578980602142; 1, 0, 1; 0, 1, 0; 4, 1, 2 ;
1,7; -1.85, 2.03522, -1.16365 / -1.85, 2.03522, -1.16365 / -1.85, 2.03522, -1.16365; 1, 7, 1, 0; 0.603216098492; 1, 0, 1; 1, 0, 0; 2, 1, 2 ;
0,7; 1.761873, -0.236921, 2.336053 / 1.761873, -0.236921, 2.336053 / 1.761873, -0.236921, 2.336053; 1, 28, 1, 0; 0.911246353430; 1, 0, 1; 1, 0, 0; 3, 1, 2 ;
0,7; 2.341813, -0.612436, 2.901327 / 2.341813, -0.612436, 2.901327 / 2.341813, -0.612436, 2.901327; 1, 37, 1, 0; 0.728813304800; 1, 0, 1; 1, 0, 0; 3, 1, 2 ;
1,8; -0.144412, -1.99425, 2.87009 / -0.144412, -1.99425, 2.87009 / -0.144412, -1.99425, 2.87009; 1, 35, 1, 0; 0.601174992206; 1, 0, 1; 0, 1, 0; 1, 1, 2 ;
1,9; -0.311485, -1.10066, -3.84055 / -0.311485, -1.10066, -3.84055 / -0.311485, -1.10066, -3.84055; 1, 1, 1, 0; 0.390535164494; 0, 1, 0; 1, 0, 0; 1, 2, 0 / 2, 1, 1 ;
0,9; -0.313588, -1.105855, -3.842111 / -0.313588, -1.105855, -3.842111 / -0.313588, -1.105855, -3.842111; 1, 1, 1, 0; 0.390535330618; 1, 0, 1; 1, 0, 0; 2, 1, 2 ;
0,9; 0.997283, -2.001756, -2.767960 / 0.997283, -2.001756, -2.767960 / 0.997283, -2.001756, -2.767960; 1, 3, 1, 0; 0.548825525776; 1, 0, 1; 1, 0, 0; 2, 1, 2 ;
0,9; 1.934448, -2.695847, -1.961039 / 1.934448, -2.695847, -1.961039 / 1.934448, -2.695847, -1.961039; 1, 8, 1, 0; 0.033993041387; 1, 0, 1; 1, 0, 0; 3, 1, 2 ;
