1,0; -2.70419, -2.00324, -0.373341 / -2.70382, -2.00298, -0.372946 / -2.70457, -2.00349, -0.373736; 1, 10, 1, 0; 0.508309337815; 1, 0, 2; 1, 1, 0; 1, 1, 2 / 3, 5, 2 ;
0,0; -2.359262, -3.960028, -0.246896 / -2.359262, -3.960028, -0.246896 / -2.359262, -3.960028, -0.246896; 1, 10, 1, 0; 0.991539281713; 0, 1, 0; 0, 1, 0; 1, 1, 1 ;
0,0; -2.359977, -3.957213, -0.255311 / -2.359791, -3.957114, -0.254892 / -2.360162, -3.957313, -0.255730; 1, 10, 1, 0; 0.991537713732; 2, 1, 1; 2, 0, 0; 1, 4, 0 / 2, 3, 1 / 2, 4, 0 / 3, 1, 2 ;
0,0; -2.368054, -3.958250, -0.240965 / -2.368054, -3.958250, -0.240965 / -2.368054, -3.958250, -0.240965; 1, 10, 1, 0; 0.991549457370; 1, 0, 1; 1, 0, 0; 3, 1, 2 ;
0,0; -2.369099, -3.960270, -0.244349 / -2.369099, -3.960270, -0.244349 / -2.369099, -3.960270, -0.244349; 1, 10, 1, 0; 0.991549543880; 1, 0, 1; 1, 0, 0; 3, 1, 2 ;
1,1; -2.07836, -1.15687, 3.58763 / -2.07836, -1.15687, 3.58763 / -2.07836, -1.15687, 3.58763; 1, 43, 1, 0; 0.375344573473; 1, 0, 1; 0, 1, 0; 1, 1, 2 ;
0,1; -2.059549, -1.150668, 3.595828 / -2.059549, -1.150668, 3.595828 / -2.059549, -1.150668, 3.595828; 1, 43, 1, 0; 0.375371237604; 1, 0, 1; 1, 0, 0; 2, 1, 2 / 2, 4, 0 ;
1,2; 2.38677, 1.15724, -0.812654 / 2.38677, 1.15724, -0.812654 / 2.38677, 1.15724, -0.812654; 1, 12, 1, 0; 0.345817604125; 0, 1, 0; 0, 1, 0; 1, 5, 0 / 4, 1, 1 ;
0,2; 1.151922, 0.854602, 0.400082 / 1.151926, 0.854914, 0.400174 / 1.151919, 0.854291, 0.399990; 1, 17, 1, 0; 0.779697055927; 2, 1, 1; 1, 1, 0; 2, 5, 2 / 4, 1, 1 ;
0,2; 1.151033, 0.855395, 0.403278 / 1.151033, 0.855395, 0.403278 / 1.151033, 0.855395, 0.403278; 1, 17, 1, 0; 0.779696184115; 1, 0, 1; 1, 0, 0; 3, 1, 2 ;
0,2; 1.124284, 0.866424, 0.416032 / 1.124284, 0.866424, 0.416032 / 1.124284, 0.866424, 0.416032; 1, 17, 1, 0; 0.779718983733; 1, 0, 1; 1, 0, 0; 3, 1, 2 ;
0,2; 1.125751, 0.862542, 0.415810 / 1.125751, 0.862542, 0.415810 / 1.125751, 0.862542, 0.415810; 1, 17, 1, 0; 0.779719897391; 1, 0, 1; 1, 0, 0; 1, 8, 0 / 2, 5, 0 / 3, 1, 2 ;
0,2; 1.129262, 0.860700, 0.416243 / 1.129262, 0.860700, 0.416243 / 1.129262, 0.860700, 0.416243; 1, 17, 1, 0; 0.779720043856; 1, 0, 1; 1, 0, 0; 2, 1, 2 ;
0,2; 0.796071, 0.766696, 0.748623 / 0.796071, 0.766696, 0.748623 / 0.796071, 0.766696, 0.748623; 1, 23, 1, 0; 0.143620039344; 1, 0, 1; 1, 0, 0; 2, 1, 2 ;
0,2; 0.735123, 0.748326, 0.816038 / 0.735123, 0.748326, 0.816038 / 0.735123, 0.748326, 0.816038; 1, 23, 1, 0; 0.143689090584; 1, 0, 1; 1, 0, 0; 3, 1, 2 ;
0,2; -1.677713, 0.170128, 3.178517 / -1.677713, 0.170128, 3.178517 / -1.677713, 0.170128, 3.178517; 1, 41, 1, 0; 0.787738063945; 1, 0, 1; 1, 0, 0; 2, 1, 2 ;
1,3; 1.22657, -3.2648, -0.440302 / 1.22657, -3.2648, -0.440302 / 1.22657, -3.2648, -0.440302; 1, 9, 1, 0; 0.882473511932; 1, 0, 1; 1, 0, 0; 3, 1, 2 ;
0,3; 0.352071, -1.675338, 0.514622 / 0.352071, -1.675338, 0.514622 / 0.352071, -1.675338, 0.514622; 1, 22, 1, 0; 0.004290203491; 1, 0, 1; 1, 0, 0; 2, 1, 2 ;
0,3; 0.358691, -1.680481, 0.513408 / 0.358691, -1.680481, 0.513408 / 0.358691, -1.680481, 0.513408; 1, 22, 1, 0; 0.004290669146; 1, 0, 1; 1, 0, 0; 2, 1, 2 ;
0,3; -0.226500, -0.670609, 1.124335 / -0.225997, -0.669761, 1.125189 / -0.227004, -0.671457, 1.123482; 1, 23, 1, 0; 0.415659844310; 0, 2, 0; 1, 1, 0; 1, 1, 1 / 3, 9, 1 ;
0,3; -0.204587, -0.667252, 1.116349 / -0.204587, -0.667252, 1.116349 / -0.204587, -0.667252, 1.116349; 1, 23, 1, 0; 0.415651094666; 1, 0, 1; 0, 1, 0; 4, 1, 2 ;
0,3; -0.207534, -0.675219, 1.125974 / -0.207534, -0.675219, 1.125974 / -0.207534, -0.675219, 1.125974; 1, 23, 1, 0; 0.415666317863; 1, 0, 1; 0, 1, 0; 1, 1, 2 ;
0,3; -0.206924, -0.676608, 1.129619 / -0.206924, -0.676608, 1.129619 / -0.206924, -0.676608, 1.129619; 1, 23, 1, 0; 0.415666436102; 1, 0, 1; 0, 1, 0; 1, 6, 0 / 3, 3, 0 / 4, 1, 2 ;
0,3; -0.227463, -0.669053, 1.124612 / -0.227004, -0.668345, 1.125189 / -0.227922, -0.669761, 1.124035; 1, 23, 1, 0; 0.415659903429; 1, 0, 1; 2, 0, 0; 2, 7, 2 / 3, 1, 1 ;
0,3; -0.208651, -0.681010, 1.129795 / -0.208651, -0.681010, 1.129795 / -0.208651, -0.681010, 1.129795; 1, 23, 1, 0; 0.415667345060; 1, 0, 1; 1, 0, 0; 3, 1, 2 ;
0,3; -0.222488, -0.677495, 1.128654 / -0.222488, -0.677495, 1.128654 / -0.222488, -0.677495, 1.128654; 1, 23, 1, 0; 0.415671586863; 0, 1, 0; 1, 0, 0; 3, 1, 1 / 3, 2, 0 ;
0,3; -0.226513, -0.671698, 1.126056 / -0.226513, -0.671698, 1.126056 / -0.226513, -0.671698, 1.126056; 1, 23, 1, 0; 0.415672702738; 0, 1, 0; 1, 0, 0; 3, 1, 1 / 3, 2, 0 ;
0,3; -0.721665, 0.275455, 1.678608 / -0.721665, 0.275455, 1.678608 / -0.721665, 0.275455, 1.678608; 1, 30, 1, 0; 0.185731605628; 1, 0, 1; 1, 0, 0; 3, 1, 2 ;
0,3; -1.180298, 1.101713, 2.179107 / -1.180298, 1.101713, 2.179107 / -1.180298, 1.101713, 2.179107; 1, 31, 1, 0; 0.691904145021; 1, 0, 1; 1, 0, 0; 3, 1, 2 ;
1,4; 2.1077, 4.12228, 0.156279 / 2.1077, 4.12228, 0.156279 / 2.1077, 4.12228, 0.156279; 1, 20, 1, 0; 0.152534724331; 1, 0, 1; 1, 0, 0; 3, 1, 2 ;
0,4; 0.985237, 3.188484, 0.827419 / 0.985237, 3.188484, 0.827419 / 0.985237, 3.188484, 0.827419; 1, 26, 1, 0; 0.059494595174; 1, 0, 1; 1, 0, 0; 3, 1, 2 ;
0,4; -0.405309, 2.057059, 1.662663 / -0.405309, 2.057059, 1.662663 / -0.405309, 2.057059, 1.662663; 1, 29, 1, 0; 0.328407386193; 1, 0, 1; 1, 0, 0; 3, 1, 2 ;
0,4; -0.538885, 1.944562, 1.740586 / -0.538885, 1.944562, 1.740586 / -0.538885, 1.944562, 1.740586; 1, 29, 1, 0; 0.329200585643; 1, 0, 1; 1, 0, 0; 3, 1, 2 ;
0,4; -0.240044, 2.192875, 1.562920 / -0.240044, 2.192875, 1.562920 / -0.240044, 2.192875, 1.562920; 1, 29, 1, 0; 0.368625989222; 0, 0, 0; 1, 0, 0; 1, 6, 0 / 2, 1, 3 ;
0,4; -3.040813, -0.110358, 3.243697 / -3.040641, -0.110155, 3.243925 / -3.040985, -0.110561, 3.243468; 1, 41, 1, 0; 0.729344085483; 2, 1, 1; 1, 1, 0; 2, 4, 2 / 4, 1, 1 ;
1,5; 0.414702, 2.2901, 0.86876 / 0.414702, 2.2901, 0.86876 / 0.414702, 2.2901, 0.86876; 1, 25, 1, 0; 0.605845604560; 0, 1, 0; 0, 1, 0; 1, 1, 1 ;
0,5; -1.222486, 4.186468, 0.690975 / -1.222486, 4.186468, 0.690975 / -1.222486, 4.186468, 0.690975; 1, 25, 1, 0; 0.356661274699; 0, 1, 0; 1, 0, 0; 2, 1, 1 ;
0,5; 0.396700, 2.315337, 0.861176 / 0.396700, 2.315337, 0.861176 / 0.396700, 2.315337, 0.861176; 1, 25, 1, 0; 0.605887428743; 1, 0, 1; 1, 0, 0; 2, 1, 2 ;
0,5; 2.805503, -0.471125, 1.114291 / 2.805503, -0.471125, 1.114291 / 2.805503, -0.471125, 1.114291; 1, 26, 1, 0; 0.102336025031; 1, 0, 1; 0, 1, 0; 4, 1, 2 ;
0,5; 2.058367, 0.390589, 1.033868 / 2.058367, 0.390589, 1.033868 / 2.058367, 0.390589, 1.033868; 1, 26, 1, 0; 0.184320937808; 1, 0, 1; 0, 1, 0; 1, 1, 2 ;
0,5; 2.718340, -0.369870, 1.099889 / 2.718340, -0.369870, 1.099889 / 2.718340, -0.369870, 1.099889; 1, 26, 1, 0; 0.100070189876; 1, 0, 1; 1, 0, 0; 3, 1, 2 ;
0,5; 2.809131, -0.472272, 1.111620 / 2.809131, -0.472272, 1.111620 / 2.809131, -0.472272, 1.111620; 1, 26, 1, 0; 0.102334533453; 1, 0, 1; 1, 0, 0; 2, 1, 2 ;
0,5; 2.571550, -0.198626, 1.084943 / 2.571550, -0.198626, 1.084943 / 2.571550, -0.198626, 1.084943; 1, 26, 1, 0; 0.126019279071; 1, 0, 1; 1, 0, 0; 2, 1, 2 ;
0,5; 3.219523, -0.952618, 1.154169 / 3.219523, -0.952618, 1.154169 / 3.219523, -0.952618, 1.154169; 1, 27, 1, 0; 0.171547499337; 1, 0, 1; 1, 0, 0; 3, 1, 2 ;
1,6; 0.53707, 1.59321, 0.435605 / 0.53707, 1.59321, 0.435605 / 0.53707, 1.59321, 0.435605; 1, 17, 1, 0; 0.971194737606; 1, 0, 1; 1, 0, 0; 3, 1, 2 ;
0,6; -2.764306, 1.645974, 0.814111 / -2.764306, 1.645974, 0.814111 / -2.764306, 1.645974, 0.814111; 1, 24, 1, 0; 0.179077319062; 1, 0, 1; 1, 0, 0; 3, 1, 2 ;
1,7; -2.61601, 2.50258, -1.70853 / -2.61601, 2.50258, -1.70853 / -2.61601, 2.50258, -1.70853; 1, 6, 1, 0; 0.599266370058; 1, 0, 1; 0, 1, 0; 1, 1, 2 ;
0,7; -2.816802, 2.446875, -1.925897 / -2.816802, 2.446875, -1.925897 / -2.816802, 2.446875, -1.925897; 1, 6, 1, 0; 0.496864774687; 1, 0, 1; 1, 0, 0; 2, 1, 2 ;
0,7; -0.936239, 2.911850, 0.242650 / -0.936239, 2.911850, 0.242650 / -0.936239, 2.911850, 0.242650; 1, 17, 1, 0; 0.540770081657; 1, 0, 1; 0, 1, 0; 1, 1, 2 ;
1,8; 3.11836, -0.754148, 0.459669 / 3.11836, -0.754148, 0.459669 / 3.11836, -0.754148, 0.459669; 1, 19, 1, 0; 0.521798520781; 1, 0, 1; 1, 0, 0; 3, 1, 2 ;
0,8; 3.114535, -0.758375, 0.462663 / 3.114535, -0.758375, 0.462663 / 3.114535, -0.758375, 0.462663; 1, 19, 1, 0; 0.521799851326; 1, 0, 1; 1, 0, 0; 1, 7, 0 / 3, 1, 2 ;
0,8; 1.017667, 1.405292, 2.796590 / 1.018055, 1.405640, 2.796992 / 1.017279, 1.404944, 2.796188; 1, 39, 1, 0; 0.553725868301; 2, 1, 3; 2, 2, 1; 1, 7, 1 / 3, 1, 2 / 3, 2, 2 / 4, 1, 0 / 4, 3, 2 ;
0,8; 1.017142, 1.403701, 2.797461 / 1.017622, 1.404284, 2.797714 / 1.016663, 1.403118, 2.797208; 1, 39, 1, 0; 0.553725679711; 2, 1, 1; 1, 1, 0; 1, 9, 1 / 3, 1, 2 / 3, 2, 0 ;
1,9; 3.92989, 0.842207, -0.772465 / 3.92989, 0.842207, -0.772465 / 3.92989, 0.842207, -0.772465; 1, 12, 1, 0; 0.367692435332; 1, 0, 1; 1, 0, 0; 1, 5, 0 / 3, 1, 2 ;
0,9; 2.632858, -0.262857, 0.068737 / 2.632858, -0.262857, 0.068737 / 2.632858, -0.262857, 0.068737; 1, 16, 1, 0; 0.733793490956; 0, 1, 0; 0, 1, 0; 4, 1, 1 ;
0,9; 2.234489, -0.596007, 0.322828 / 2.234489, -0.596007, 0.322828 / 2.234489, -0.596007, 0.322828; 1, 19, 1, 0; 0.558917464271; 1, 0, 1; 0, 1, 0; 1, 1, 2 ;
0,9; 2.257141, -0.589017, 0.315626 / 2.257141, -0.589017, 0.315626 / 2.257141, -0.589017, 0.315626; 1, 19, 1, 0; 0.558891894667; 1, 0, 1; 1, 0, 0; 2, 1, 2 ;
0,9; 2.217593, -0.614594, 0.328133 / 2.217593, -0.614594, 0.328133 / 2.217593, -0.614594, 0.328133; 1, 19, 1, 0; 0.558938803609; 1, 0, 1; 1, 0, 0; 3, 1, 2 ;
0,9; -0.007358, -2.500632, 1.764867 / -0.007358, -2.500632, 1.764867 / -0.007358, -2.500632, 1.764867; 1, 22, 1, 0; 0.888846863522; 1, 0, 1; 0, 1, 0; 4, 1, 2 ;
0,9; -0.003490, -2.500523, 1.759188 / -0.003490, -2.500523, 1.759188 / -0.003490, -2.500523, 1.759188; 1, 22, 1, 0; 0.888833548699; 1, 0, 1; 1, 0, 0; 2, 1, 2 ;
