1,0; 1.40049, -0.443469, -2.64661 / 1.40049, -0.443469, -2.64661 / 1.40049, -0.443469, -2.64661; 1, 2, 1, 0; 0.943007137003; 1, 0, 1; 1, 0, 0; 3, 1, 2 ;
0,0; 1.010549, -0.783371, -2.525949 / 1.010549, -0.783371, -2.525949 / 1.010549, -0.783371, -2.525949; 1, 2, 1, 0; 0.997674307579; 0, 1, 0; 1, 0, 0; 2, 1, 1 ;
0,0; 0.251716, -1.461869, -2.284952 / 0.252244, -1.461252, -2.284258 / 0.251189, -1.462485, -2.285646; 1, 3, 1, 0; 0.854251618935; 2, 2, 1; 1, 2, 1; 1, 8, 1 / 2, 1, 1 / 4, 2, 2 ;
0,0; 2.842726, 0.808771, -3.078052 / 2.843037, 0.809396, -3.078009 / 2.842415, 0.808146, -3.078095; 1, 3, 1, 0; 0.254818473789; 2, 2, 1; 2, 1, 0; 3, 1, 2 / 3, 4, 0 / 3, 5, 1 / 4, 2, 1 ;
0,0; 2.425273, 0.445119, -2.951809 / 2.425273, 0.445119, -2.951809 / 2.425273, 0.445119, -2.951809; 1, 3, 1, 0; 0.268010449030; 1, 0, 1; 0, 1, 0; 4, 1, 2 ;
0,0; 2.909606, 0.865137, -3.096902 / 2.909606, 0.865137, -3.096902 / 2.909606, 0.865137, -3.096902; 1, 3, 1, 0; 0.215194380977; 1, 0, 1; 1, 0, 0; 3, 1, 2 ;
0,0; 2.850218, 0.791448, -3.082765 / 2.850218, 0.791448, -3.082765 / 2.850218, 0.791448, -3.082765; 1, 3, 1, 0; 0.254809064423; 1, 0, 1; 1, 0, 0; 2, 1, 2 ;
0,0; 2.853546, 0.788301, -3.089005 / 2.853546, 0.788301, -3.089005 / 2.853546, 0.788301, -3.089005; 1, 3, 1, 0; 0.254809193374; 1, 0, 1; 1, 0, 0; 3, 1, 2 ;
0,0; 2.851400, 0.794648, -3.082410 / 2.851400, 0.794648, -3.082410 / 2.851400, 0.794648, -3.082410; 1, 3, 1, 0; 0.254809519780; 1, 0, 1; 1, 0, 0; 3, 1, 2 ;
0,0; 2.843508, 0.808807, -3.084942 / 2.843508, 0.808807, -3.084942 / 2.843508, 0.808807, -3.084942; 1, 3, 1, 0; 0.254818276333; 1, 0, 1; 1, 0, 0; 2, 1, 2 ;
0,0; 2.842271, 0.806799, -3.076928 / 2.842271, 0.806799, -3.076928 / 2.842271, 0.806799, -3.076928; 1, 3, 1, 0; 0.254818542294; 1, 0, 1; 1, 0, 0; 3, 1, 2 ;
0,0; 2.421832, 0.446143, -2.951027 / 2.421832, 0.446143, -2.951027 / 2.421832, 0.446143, -2.951027; 1, 3, 1, 0; 0.268017428483; 0, 0, 0; 1, 0, 0; 2, 1, 3 / 2, 2, 0 ;
0,0; 2.534017, 0.541679, -2.985684 / 2.534017, 0.541679, -2.985684 / 2.534017, 0.541679, -2.985684; 1, 3, 1, 0; 0.269061646458; 1, 0, 1; 1, 0, 0; 2, 1, 2 ;
0,0; 0.245979, -1.450660, -2.293846 / 0.245979, -1.450660, -2.293846 / 0.245979, -1.450660, -2.293846; 1, 3, 1, 0; 0.854246307781; 1, 0, 1; 1, 0, 0; 2, 1, 2 ;
0,0; 0.247799, -1.447989, -2.297520 / 0.247799, -1.447989, -2.297520 / 0.247799, -1.447989, -2.297520; 1, 3, 1, 0; 0.854246734930; 1, 0, 1; 1, 0, 0; 3, 1, 2 ;
0,0; 0.245315, -1.446205, -2.291280 / 0.245315, -1.446205, -2.291280 / 0.245315, -1.446205, -2.291280; 1, 3, 1, 0; 0.854246851791; 1, 0, 1; 1, 0, 0; 3, 1, 2 ;
0,0; 0.251781, -1.461506, -2.285552 / 0.252244, -1.460526, -2.285071 / 0.251318, -1.462485, -2.286033; 1, 3, 1, 0; 0.854251602816; 1, 0, 1; 2, 1, 0; 2, 1, 2 / 2, 5, 1 / 4, 6, 2 ;
0,0; 0.251218, -1.463126, -2.283970 / 0.251248, -1.462401, -2.283682 / 0.251189, -1.463850, -2.284258; 1, 3, 1, 0; 0.854251647143; 1, 0, 1; 1, 1, 0; 1, 1, 1 / 3, 7, 2 ;
0,0; 0.243844, -1.451046, -2.287374 / 0.243844, -1.451046, -2.287374 / 0.243844, -1.451046, -2.287374; 1, 3, 1, 0; 0.854253424244; 0, 0, 0; 1, 0, 0; 2, 1, 3 ;
0,0; 0.244951, -1.448684, -2.287115 / 0.244951, -1.448684, -2.287115 / 0.244951, -1.448684, -2.287115; 1, 3, 1, 0; 0.854253907808; 0, 1, 0; 1, 0, 0; 2, 1, 1 ;
0,0; -2.329974, -3.688721, -1.518760 / -2.329974, -3.688721, -1.518760 / -2.329974, -3.688721, -1.518760; 1, 9, 1, 0; 0.257300644711; 0, 1, 0; 1, 0, 0; 3, 1, 1 ;
1,1; -3.06289, -1.8308, -0.552865 / -3.06204, -1.82969, -0.552428 / -3.06374, -1.83192, -0.553303; 1, 10, 1, 0; 0.527870546393; 2, 1, 3; 2, 2, 0; 1, 4, 2 / 1, 9, 2 / 2, 10, 0 / 3, 1, 2 / 3, 4, 1 / 3, 8, 0 ;
0,1; -3.060661, -1.832581, -0.555817 / -3.060618, -1.832573, -0.555789 / -3.060703, -1.832588, -0.555845; 1, 10, 1, 0; 0.527861257456; 0, 2, 0; 1, 1, 0; 3, 1, 1 / 4, 1, 1 ;
0,1; -3.059570, -1.832152, -0.558710 / -3.059570, -1.832152, -0.558710 / -3.059570, -1.832152, -0.558710; 1, 10, 1, 0; 0.527861322338; 1, 0, 1; 0, 1, 0; 4, 1, 2 ;
0,1; -1.418082, -4.285241, -0.245605 / -1.418082, -4.285241, -0.245605 / -1.418082, -4.285241, -0.245605; 1, 10, 1, 0; 0.998413224678; 1, 0, 1; 0, 1, 0; 1, 1, 2 ;
0,1; -3.068665, -1.831814, -0.559245 / -3.068665, -1.831814, -0.559245 / -3.068665, -1.831814, -0.559245; 1, 10, 1, 0; 0.527860424804; 1, 0, 1; 1, 0, 0; 2, 1, 2 ;
0,1; -3.067876, -1.829939, -0.552405 / -3.067876, -1.829939, -0.552405 / -3.067876, -1.829939, -0.552405; 1, 10, 1, 0; 0.527869984082; 1, 0, 1; 1, 0, 0; 2, 1, 2 ;
0,1; -3.063193, -1.831026, -0.552865 / -3.062044, -1.830065, -0.552428 / -3.064341, -1.831986, -0.553303; 1, 10, 1, 0; 0.527870562613; 1, 0, 1; 2, 2, 0; 1, 1, 2 / 1, 6, 2 / 2, 7, 0 / 3, 1, 1 / 3, 5, 0 / 3, 9, 2 ;
0,1; -3.066260, -1.833469, -0.551323 / -3.066260, -1.833469, -0.551323 / -3.066260, -1.833469, -0.551323; 1, 10, 1, 0; 0.527870670750; 0, 0, 0; 1, 0, 0; 3, 1, 3 ;
0,1; -1.418880, -4.282879, -0.238839 / -1.418880, -4.282879, -0.238839 / -1.418880, -4.282879, -0.238839; 1, 10, 1, 0; 0.998412343364; 1, 0, 1; 1, 0, 0; 3, 1, 2 ;
1,2; -0.528753, -2.42875, 2.53589 / -0.528406, -2.42858, 2.53613 / -0.5291, -2.42891, 2.53565; 1, 33, 1, 0; 0.985824882942; 2, 2, 1; 1, 2, 1; 1, 6, 1 / 3, 1, 1 / 4, 2, 2 / 4, 5, 0 ;
0,2; -0.529290, -2.429474, 2.531772 / -0.529290, -2.429474, 2.531772 / -0.529290, -2.429474, 2.531772; 1, 33, 1, 0; 0.985826616675; 1, 0, 1; 0, 1, 0; 4, 1, 2 ;
0,2; -0.832900, -2.211772, 2.375036 / -0.832900, -2.211772, 2.375036 / -0.832900, -2.211772, 2.375036; 1, 33, 1, 0; 0.691008995457; 1, 0, 1; 1, 0, 0; 3, 1, 2 / 4, 2, 0 ;
0,2; -0.525478, -2.429162, 2.532846 / -0.525478, -2.429162, 2.532846 / -0.525478, -2.429162, 2.532846; 1, 33, 1, 0; 0.985803329766; 1, 0, 1; 1, 0, 0; 2, 1, 2 ;
0,2; -0.529169, -2.429256, 2.535107 / -0.529038, -2.428906, 2.535647 / -0.529301, -2.429607, 2.534567; 1, 33, 1, 0; 0.985824945306; 1, 0, 1; 1, 1, 0; 1, 1, 1 / 2, 7, 2 ;
1,3; -1.2095, -0.157757, -3.5314 / -1.2095, -0.157757, -3.5314 / -1.2095, -0.157757, -3.5314; 1, 1, 1, 0; 0.751915698401; 1, 0, 1; 0, 1, 0; 1, 1, 2 ;
0,3; -1.051462, -0.051072, -3.604270 / -1.051462, -0.051072, -3.604270 / -1.051462, -0.051072, -3.604270; 1, 1, 1, 0; 0.752598713251; 1, 0, 1; 0, 1, 0; 4, 1, 2 ;
0,3; 0.109600, -0.213352, -3.595517 / 0.109600, -0.213352, -3.595517 / 0.109600, -0.213352, -3.595517; 1, 1, 1, 0; 0.759468830392; 1, 0, 1; 0, 1, 0; 1, 1, 2 ;
0,3; 0.250707, -0.541160, -3.546324 / 0.250707, -0.541160, -3.546324 / 0.250707, -0.541160, -3.546324; 1, 1, 1, 0; 0.781424188919; 0, 1, 0; 0, 1, 0; 1, 1, 1 / 4, 5, 0 ;
0,3; 0.256119, -0.535238, -3.543052 / 0.256119, -0.535238, -3.543052 / 0.256119, -0.535238, -3.543052; 1, 1, 1, 0; 0.781430521408; 1, 0, 1; 0, 1, 0; 1, 1, 2 ;
0,3; 0.254487, -0.541738, -3.536111 / 0.254720, -0.541563, -3.535491 / 0.254254, -0.541914, -3.536731; 1, 1, 1, 0; 0.781430833879; 0, 3, 0; 4, 0, 0; 2, 1, 1 / 2, 3, 3 / 2, 5, 1 / 2, 6, 1 / 3, 5, 0 / 4, 5, 0 ;
0,3; -1.208169, -0.158171, -3.536627 / -1.207566, -0.157625, -3.536121 / -1.208772, -0.158717, -3.537133; 1, 1, 1, 0; 0.751915025994; 2, 2, 1; 3, 0, 0; 2, 4, 1 / 2, 7, 1 / 3, 1, 2 ;
0,3; 0.255174, -0.538255, -3.533201 / 0.255426, -0.537362, -3.532828 / 0.254921, -0.539147, -3.533574; 1, 1, 1, 0; 0.781430754773; 2, 1, 1; 2, 0, 0; 2, 1, 1 / 2, 8, 2 / 3, 10, 0 / 4, 1, 0 / 4, 9, 0 ;
0,3; -0.303811, 0.029869, -3.593346 / -0.303811, 0.029869, -3.593346 / -0.303811, 0.029869, -3.593346; 1, 1, 1, 0; 0.725112881255; 1, 0, 1; 1, 0, 0; 2, 1, 2 ;
0,3; -0.437444, 0.073373, -3.652244 / -0.437444, 0.073373, -3.652244 / -0.437444, 0.073373, -3.652244; 1, 1, 1, 0; 0.726996221075; 1, 0, 1; 1, 0, 0; 2, 1, 2 ;
0,3; -0.814367, 0.064299, -3.654660 / -0.814367, 0.064299, -3.654660 / -0.814367, 0.064299, -3.654660; 1, 1, 1, 0; 0.728709299621; 1, 0, 1; 1, 0, 0; 2, 1, 2 ;
0,3; -1.047556, -0.046413, -3.604623 / -1.047556, -0.046413, -3.604623 / -1.047556, -0.046413, -3.604623; 1, 1, 1, 0; 0.752598309807; 1, 0, 1; 1, 0, 0; 3, 1, 2 / 4, 1, 0 ;
0,3; 0.110240, -0.212069, -3.594587 / 0.110240, -0.212069, -3.594587 / 0.110240, -0.212069, -3.594587; 1, 1, 1, 0; 0.759468775017; 0, 1, 0; 1, 0, 0; 3, 1, 1 ;
0,3; 0.259894, -0.536478, -3.543514 / 0.259894, -0.536478, -3.543514 / 0.259894, -0.536478, -3.543514; 1, 1, 1, 0; 0.781430418569; 1, 0, 1; 1, 0, 0; 3, 1, 2 ;
0,3; 0.254284, -0.541317, -3.539077 / 0.254284, -0.541317, -3.539077 / 0.254284, -0.541317, -3.539077; 1, 1, 1, 0; 0.781430897165; 1, 0, 1; 1, 0, 0; 1, 2, 0 / 2, 1, 2 ;
0,3; 0.254129, -0.535907, -3.541496 / 0.254129, -0.535907, -3.541496 / 0.254129, -0.535907, -3.541496; 1, 1, 1, 0; 0.781431015824; 0, 1, 0; 1, 0, 0; 2, 1, 1 ;
0,3; 0.253786, -0.541051, -3.528789 / 0.253786, -0.541051, -3.528789 / 0.253786, -0.541051, -3.528789; 1, 1, 1, 0; 0.781438028630; 1, 0, 1; 1, 0, 0; 2, 1, 2 ;
0,3; -1.416851, -0.717960, -3.361633 / -1.416851, -0.717960, -3.361633 / -1.416851, -0.717960, -3.361633; 1, 2, 1, 0; 0.460483294255; 1, 0, 1; 1, 0, 0; 2, 1, 2 ;
0,3; -0.796735, -1.636097, -3.098183 / -0.796134, -1.635965, -3.097323 / -0.797336, -1.636229, -3.099042; 1, 5, 1, 0; 0.041330419202; 1, 0, 2; 1, 1, 0; 2, 3, 0 / 2, 5, 0 / 3, 9, 2 / 4, 1, 2 ;
0,3; -1.008709, -1.499430, -3.237806 / -1.008709, -1.499430, -3.237806 / -1.008709, -1.499430, -3.237806; 1, 5, 1, 0; 0.067102923836; 1, 0, 1; 0, 1, 0; 1, 1, 2 / 1, 10, 0 ;
0,3; -1.007158, -1.501670, -3.240892 / -1.007158, -1.501670, -3.240892 / -1.007158, -1.501670, -3.240892; 1, 5, 1, 0; 0.067102997351; 1, 0, 1; 0, 1, 0; 4, 1, 2 ;
0,3; 0.865438, -2.679100, -1.990732 / 0.865438, -2.679100, -1.990732 / 0.865438, -2.679100, -1.990732; 1, 5, 1, 0; 0.764521064967; 1, 0, 1; 1, 0, 0; 2, 1, 2 ;
1,4; 0.882808, -0.990574, -2.62882 / 0.882808, -0.990574, -2.62882 / 0.882808, -0.990574, -2.62882; 1, 3, 1, 0; 0.606006237986; 1, 0, 1; 1, 0, 0; 2, 1, 2 ;
0,4; 0.976724, -1.018852, -2.693374 / 0.976724, -1.018852, -2.693374 / 0.976724, -1.018852, -2.693374; 1, 3, 1, 0; 0.607514049573; 1, 0, 1; 1, 0, 0; 2, 1, 2 ;
0,4; -2.590355, -0.121212, -0.523587 / -2.590355, -0.121212, -0.523587 / -2.590355, -0.121212, -0.523587; 1, 10, 1, 0; 0.649121811591; 1, 0, 1; 1, 0, 0; 2, 1, 2 ;
0,4; -2.719522, -0.086640, -0.443866 / -2.719522, -0.086640, -0.443866 / -2.719522, -0.086640, -0.443866; 1, 10, 1, 0; 0.650051743379; 0, 1, 0; 1, 0, 0; 2, 1, 1 ;
0,4; -3.693056, 0.161687, 0.149849 / -3.693056, 0.161687, 0.149849 / -3.693056, 0.161687, 0.149849; 1, 14, 1, 0; 0.861897819025; 1, 0, 1; 1, 0, 0; 3, 1, 2 ;
1,5; -0.289365, -2.78235, 0.125912 / -0.289365, -2.78235, 0.125912 / -0.289365, -2.78235, 0.125912; 1, 15, 1, 0; 0.739118815899; 1, 0, 1; 1, 0, 0; 2, 1, 2 ;
0,5; -0.216236, -2.823260, 0.182804 / -0.216236, -2.823260, 0.182804 / -0.216236, -2.823260, 0.182804; 1, 15, 1, 0; 0.811341020263; 1, 0, 1; 1, 0, 0; 3, 1, 2 ;
0,5; 0.227596, -2.968648, 0.448088 / 0.227596, -2.968648, 0.448088 / 0.227596, -2.968648, 0.448088; 1, 18, 1, 0; 0.301181646482; 0, 0, 0; 0, 1, 0; 4, 1, 3 ;
0,5; -1.068896, -3.957054, 0.672840 / -1.068896, -3.957054, 0.672840 / -1.068896, -3.957054, 0.672840; 1, 18, 1, 0; 0.761223360924; 1, 0, 1; 1, 0, 0; 2, 1, 2 ;
0,5; 3.200952, -0.705700, -0.064921 / 3.200952, -0.705700, -0.064921 / 3.200952, -0.705700, -0.064921; 1, 19, 1, 0; 0.029574066521; 0, 1, 0; 1, 0, 0; 2, 1, 1 / 4, 9, 0 ;
1,6; 2.92517, -2.97543, -1.92066 / 2.92517, -2.97543, -1.92066 / 2.92517, -2.97543, -1.92066; 1, 8, 1, 0; 0.023540772422; 1, 0, 1; 0, 1, 0; 1, 7, 0 / 4, 1, 2 ;
0,6; 2.922772, -2.974354, -1.922348 / 2.922772, -2.974354, -1.922348 / 2.922772, -2.974354, -1.922348; 1, 8, 1, 0; 0.023540859354; 0, 1, 0; 0, 1, 0; 1, 4, 0 / 4, 1, 1 ;
0,6; 2.927112, -2.973719, -1.920646 / 2.927112, -2.973719, -1.920646 / 2.927112, -2.973719, -1.920646; 1, 8, 1, 0; 0.023540705945; 1, 0, 1; 1, 0, 0; 3, 1, 2 ;
0,6; 2.919170, -2.973317, -1.920255 / 2.919170, -2.973317, -1.920255 / 2.919170, -2.973317, -1.920255; 1, 8, 1, 0; 0.023541012763; 1, 0, 1; 1, 0, 0; 2, 1, 2 ;
0,6; -1.121415, -3.429386, -0.070080 / -1.121415, -3.429386, -0.070080 / -1.121415, -3.429386, -0.070080; 1, 16, 1, 0; 0.261137877181; 0, 1, 0; 0, 1, 0; 1, 1, 1 / 2, 10, 0 ;
0,6; -2.501108, -3.585216, 0.558551 / -2.501108, -3.585216, 0.558551 / -2.501108, -3.585216, 0.558551; 1, 18, 1, 0; 0.176869889440; 1, 0, 1; 1, 0, 0; 3, 1, 2 ;
1,7; -3.38472, -1.41378, -0.73667 / -3.38454, -1.41376, -0.736437 / -3.38491, -1.41379, -0.736903; 1, 10, 1, 0; 0.459033063857; 2, 1, 1; 1, 1, 0; 1, 1, 1 / 2, 1, 0 / 2, 2, 2 ;
0,7; -3.375385, -1.421580, -0.751719 / -3.375385, -1.421580, -0.751719 / -3.375385, -1.421580, -0.751719; 1, 10, 1, 0; 0.459020390243; 1, 0, 1; 0, 1, 0; 4, 1, 2 ;
0,7; -3.387862, -1.411743, -0.734955 / -3.387573, -1.411522, -0.734820 / -3.388151, -1.411963, -0.735089; 1, 10, 1, 0; 0.459033739711; 0, 2, 0; 2, 0, 0; 1, 2, 0 / 2, 1, 1 / 2, 2, 1 / 4, 7, 0 ;
0,7; -3.375410, -1.421364, -0.756153 / -3.375410, -1.421364, -0.756153 / -3.375410, -1.421364, -0.756153; 1, 10, 1, 0; 0.459019773865; 1, 0, 1; 1, 0, 0; 3, 1, 2 ;
0,7; -3.369141, -1.420328, -0.742105 / -3.369141, -1.420328, -0.742105 / -3.369141, -1.420328, -0.742105; 1, 10, 1, 0; 0.459021509458; 1, 0, 1; 1, 0, 0; 3, 1, 2 ;
0,7; -3.354406, -1.435009, -0.708275 / -3.354406, -1.435009, -0.708275 / -3.354406, -1.435009, -0.708275; 1, 10, 1, 0; 0.459559683852; 0, 0, 0; 1, 0, 0; 2, 1, 3 ;
0,7; -3.252230, -1.498884, -0.570502 / -3.252230, -1.498884, -0.570502 / -3.252230, -1.498884, -0.570502; 1, 10, 1, 0; 0.555735058761; 1, 0, 1; 1, 0, 0; 2, 1, 2 ;
0,7; -1.994190, -2.283655, 1.016049 / -1.994190, -2.283655, 1.016049 / -1.994190, -2.283655, 1.016049; 1, 21, 1, 0; 0.734617609909; 1, 0, 1; 1, 0, 0; 2, 1, 2 / 3, 1, 0 ;
0,7; -1.227407, -2.768359, 1.987707 / -1.227407, -2.768359, 1.987707 / -1.227407, -2.768359, 1.987707; 1, 32, 1, 0; 0.397994036052; 1, 0, 1; 1, 0, 0; 2, 1, 2 ;
1,8; 1.67836, 0.733001, -1.35694 / 1.67836, 0.733001, -1.35694 / 1.67836, 0.733001, -1.35694; 1, 11, 1, 0; 0.324833627433; 1, 0, 1; 0, 1, 0; 1, 1, 2 ;
0,8; 1.256796, 0.475196, -1.153378 / 1.256796, 0.475196, -1.153378 / 1.256796, 0.475196, -1.153378; 1, 11, 1, 0; 0.776907210832; 0, 1, 0; 0, 1, 0; 4, 1, 1 ;
0,8; -0.266329, -0.455910, -0.408700 / -0.266329, -0.455910, -0.408700 / -0.266329, -0.455910, -0.408700; 1, 16, 1, 0; 0.177231727637; 1, 0, 1; 0, 1, 0; 1, 1, 2 ;
0,8; -0.511479, -0.607686, -0.287675 / -0.511479, -0.607686, -0.287675 / -0.511479, -0.607686, -0.287675; 1, 16, 1, 0; 0.403956659059; 1, 0, 1; 0, 1, 0; 1, 1, 2 ;
0,8; -1.104892, -0.971158, -0.003802 / -1.104892, -0.971158, -0.003802 / -1.104892, -0.971158, -0.003802; 1, 16, 1, 0; 0.320717406562; 1, 0, 1; 1, 0, 0; 2, 1, 2 ;
0,8; -1.105685, -0.973486, -0.001314 / -1.105685, -0.973486, -0.001314 / -1.105685, -0.973486, -0.001314; 1, 16, 1, 0; 0.320717493624; 1, 0, 1; 1, 0, 0; 2, 1, 2 ;
0,8; -3.021185, -2.141238, 0.939184 / -3.020922, -2.140915, 0.939262 / -3.021448, -2.141561, 0.939106; 1, 21, 1, 0; 0.710515603809; 0, 2, 0; 2, 0, 0; 2, 2, 1 / 3, 1, 1 ;
1,9; 0.768715, -0.667872, -1.4477 / 0.768715, -0.667872, -1.4477 / 0.768715, -0.667872, -1.4477; 1, 11, 1, 0; 0.503789194280; 1, 0, 1; 0, 1, 0; 4, 1, 2 ;
0,9; 0.765397, -0.667699, -1.444899 / 0.765397, -0.667699, -1.444899 / 0.765397, -0.667699, -1.444899; 1, 11, 1, 0; 0.503789297272; 1, 0, 1; 1, 0, 0; 2, 1, 2 ;
0,9; 0.830017, -0.644993, -1.400323 / 0.830017, -0.644993, -1.400323 / 0.830017, -0.644993, -1.400323; 1, 11, 1, 0; 0.504724209592; 1, 0, 1; 1, 0, 0; 2, 1, 2 ;
0,9; 1.182870, -0.517838, -1.095445 / 1.182870, -0.517838, -1.095445 / 1.182870, -0.517838, -1.095445; 1, 11, 1, 0; 0.666801844019; 1, 0, 1; 1, 0, 0; 3, 1, 2 ;
0,9; 1.186894, -0.518692, -1.093285 / 1.186894, -0.518692, -1.093285 / 1.186894, -0.518692, -1.093285; 1, 11, 1, 0; 0.666802862498; 1, 0, 1; 1, 0, 0; 2, 1, 2 ;
0,9; 1.867482, -0.284496, -0.505691 / 1.867482, -0.284496, -0.505691 / 1.867482, -0.284496, -0.505691; 1, 12, 1, 0; 0.815939587024; 1, 0, 1; 1, 0, 0; 3, 1, 2 ;
0,9; 4.057264, 0.494494, 1.345296 / 4.057264, 0.494494, 1.345296 / 4.057264, 0.494494, 1.345296; 1, 27, 1, 0; 0.351926005938; 1, 0, 1; 1, 0, 0; 3, 1, 2 ;
