1,0; -3.31073, 1.00963, 0.204811 / -3.31039, 1.0099, 0.205009 / -3.31107, 1.00937, 0.204614; 1, 14, 1, 0; 0.779817337012; 2, 2, 1; 1, 3, 0; 1, 1, 1 / 1, 2, 1 / 1, 3, 2 / 2, 1, 3 ;
0,0; -3.344892, 1.059355, 0.208655 / -3.344369, 1.059464, 0.208910 / -3.345416, 1.059245, 0.208399; 1, 14, 1, 0; 0.779043575189; 0, 3, 0; 2, 1, 0; 1, 3, 1 / 2, 2, 1 / 3, 1, 1 / 4, 1, 0 ;
0,0; -3.522690, 1.063863, 0.118109 / -3.522690, 1.063863, 0.118109 / -3.522690, 1.063863, 0.118109; 1, 14, 1, 0; 0.777571303009; 0, 1, 0; 0, 1, 0; 4, 1, 1 ;
0,0; -3.383190, 1.077976, 0.197019 / -3.383190, 1.077976, 0.197019 / -3.383190, 1.077976, 0.197019; 1, 14, 1, 0; 0.778440147819; 1, 0, 1; 0, 1, 0; 1, 6, 0 / 4, 1, 2 ;
0,0; -3.308973, 1.009619, 0.204308 / -3.308973, 1.009619, 0.204308 / -3.308973, 1.009619, 0.204308; 1, 14, 1, 0; 0.779816598407; 1, 0, 1; 0, 1, 0; 3, 1, 0 / 4, 1, 2 ;
0,0; -2.648127, 0.763738, 0.213819 / -2.648127, 0.763738, 0.213819 / -2.648127, 0.763738, 0.213819; 1, 14, 1, 0; 0.803766167739; 1, 0, 1; 0, 1, 0; 4, 1, 2 ;
0,0; -3.547319, 1.113252, 0.082201 / -3.546732, 1.113257, 0.082661 / -3.547906, 1.113247, 0.081740; 1, 14, 1, 0; 0.775486740207; 2, 1, 1; 2, 0, 0; 2, 1, 2 / 3, 8, 1 ;
0,0; -3.499141, 1.067749, 0.132255 / -3.498588, 1.068450, 0.132547 / -3.499695, 1.067049, 0.131963; 1, 14, 1, 0; 0.777551656135; 1, 0, 2; 2, 0, 0; 2, 1, 2 / 2, 7, 2 ;
0,0; -4.086364, 1.024588, -0.759950 / -4.086364, 1.024588, -0.759950 / -4.086364, 1.024588, -0.759950; 1, 14, 1, 0; 0.090678506493; 0, 1, 0; 1, 0, 0; 3, 1, 1 ;
0,0; -4.147130, 1.041850, -0.799468 / -4.147130, 1.041850, -0.799468 / -4.147130, 1.041850, -0.799468; 1, 14, 1, 0; 0.090895465339; 1, 0, 1; 1, 0, 0; 2, 1, 2 ;
0,0; -3.279326, 0.884766, -0.217582 / -3.279326, 0.884766, -0.217582 / -3.279326, 0.884766, -0.217582; 1, 14, 1, 0; 0.421851071530; 1, 0, 1; 1, 0, 0; 3, 1, 2 ;
0,0; -3.272408, 0.880485, -0.208277 / -3.272408, 0.880485, -0.208277 / -3.272408, 0.880485, -0.208277; 1, 14, 1, 0; 0.421852548739; 1, 0, 1; 1, 0, 0; 2, 1, 2 ;
0,0; -3.544360, 1.103452, 0.081837 / -3.544360, 1.103452, 0.081837 / -3.544360, 1.103452, 0.081837; 1, 14, 1, 0; 0.775485558440; 1, 0, 1; 1, 0, 0; 2, 1, 2 ;
0,0; -3.533275, 1.095848, 0.094845 / -3.533275, 1.095848, 0.094845 / -3.533275, 1.095848, 0.094845; 1, 14, 1, 0; 0.775505469980; 0, 1, 0; 1, 0, 0; 3, 1, 1 ;
0,0; -3.435913, 1.066798, 0.175238 / -3.435913, 1.066798, 0.175238 / -3.435913, 1.066798, 0.175238; 1, 14, 1, 0; 0.777434107267; 1, 0, 1; 1, 0, 0; 2, 1, 2 ;
0,0; -3.507733, 1.066441, 0.128763 / -3.507733, 1.066441, 0.128763 / -3.507733, 1.066441, 0.128763; 1, 14, 1, 0; 0.777561861184; 1, 0, 1; 1, 0, 0; 3, 1, 2 / 3, 6, 0 ;
0,0; -3.512284, 1.068010, 0.128459 / -3.512284, 1.068010, 0.128459 / -3.512284, 1.068010, 0.128459; 1, 14, 1, 0; 0.777561984285; 1, 0, 1; 1, 0, 0; 2, 1, 2 ;
0,0; -3.514952, 1.064256, 0.121635 / -3.514952, 1.064256, 0.121635 / -3.514952, 1.064256, 0.121635; 1, 14, 1, 0; 0.777571684621; 1, 0, 1; 1, 0, 0; 3, 1, 2 ;
0,0; -3.384444, 1.073630, 0.192713 / -3.384444, 1.073630, 0.192713 / -3.384444, 1.073630, 0.192713; 1, 14, 1, 0; 0.778440295540; 1, 0, 1; 1, 0, 0; 2, 1, 2 ;
0,0; -3.385713, 1.078475, 0.196601 / -3.385713, 1.078475, 0.196601 / -3.385713, 1.078475, 0.196601; 1, 14, 1, 0; 0.778440874114; 0, 1, 0; 1, 0, 0; 2, 1, 1 ;
0,0; -3.348191, 1.061487, 0.208114 / -3.348191, 1.061487, 0.208114 / -3.348191, 1.061487, 0.208114; 1, 14, 1, 0; 0.779042885825; 1, 0, 1; 1, 0, 0; 3, 1, 2 ;
0,0; -3.346012, 1.054684, 0.206397 / -3.346012, 1.054684, 0.206397 / -3.346012, 1.054684, 0.206397; 1, 14, 1, 0; 0.779043439779; 1, 0, 1; 1, 0, 0; 2, 1, 2 ;
0,0; -3.345015, 1.060579, 0.208244 / -3.344369, 1.061764, 0.208910 / -3.345662, 1.059395, 0.207578; 1, 14, 1, 0; 0.779043587499; 1, 0, 1; 1, 1, 0; 1, 1, 1 / 3, 10, 2 ;
0,0; -3.353727, 1.066702, 0.210781 / -3.353727, 1.066702, 0.210781 / -3.353727, 1.066702, 0.210781; 1, 14, 1, 0; 0.779052684642; 0, 1, 0; 1, 0, 0; 3, 1, 1 ;
0,0; -3.316855, 1.026207, 0.213144 / -3.316855, 1.026207, 0.213144 / -3.316855, 1.026207, 0.213144; 1, 14, 1, 0; 0.779831789035; 1, 0, 1; 1, 0, 0; 2, 1, 2 ;
0,0; -2.789383, 0.917720, 0.165976 / -2.789383, 0.917720, 0.165976 / -2.789383, 0.917720, 0.165976; 1, 14, 1, 0; 0.806706895979; 1, 0, 1; 1, 0, 0; 3, 1, 2 / 4, 2, 0 / 4, 4, 0 / 4, 9, 0 ;
0,0; -2.352511, 0.716294, 0.414424 / -2.352511, 0.716294, 0.414424 / -2.352511, 0.716294, 0.414424; 1, 17, 1, 0; 0.812759771962; 1, 0, 1; 1, 0, 0; 2, 1, 2 ;
0,0; -1.338577, 0.536926, 1.104489 / -1.338345, 0.537335, 1.104496 / -1.338810, 0.536516, 1.104482; 1, 23, 1, 0; 0.540743874880; 2, 1, 1; 1, 1, 0; 2, 4, 2 / 4, 1, 1 ;
0,0; -1.053475, 0.483662, 1.298007 / -1.053475, 0.483662, 1.298007 / -1.053475, 0.483662, 1.298007; 1, 23, 1, 0; 0.648919345136; 1, 0, 1; 0, 1, 0; 1, 1, 2 ;
0,0; -1.094452, 0.489900, 1.270837 / -1.094452, 0.489900, 1.270837 / -1.094452, 0.489900, 1.270837; 1, 23, 1, 0; 0.649029868504; 1, 0, 1; 1, 0, 0; 2, 1, 2 ;
0,0; -0.894843, 0.455729, 1.406990 / -0.894843, 0.455729, 1.406990 / -0.894843, 0.455729, 1.406990; 1, 23, 1, 0; 0.652480132250; 1, 0, 1; 1, 0, 0; 2, 1, 2 ;
0,0; -0.418322, 0.373515, 1.727462 / -0.418322, 0.373515, 1.727462 / -0.418322, 0.373515, 1.727462; 1, 27, 1, 0; 0.520635147778; 1, 0, 1; 0, 1, 0; 1, 1, 2 ;
0,0; 0.114352, 0.286459, 2.092969 / 0.114539, 0.286684, 2.093499 / 0.114165, 0.286233, 2.092438; 1, 30, 1, 0; 0.751739112223; 2, 1, 3; 1, 3, 1; 1, 4, 2 / 2, 6, 2 / 4, 1, 1 / 4, 2, 2 ;
0,0; 0.115578, 0.285615, 2.094781 / 0.115646, 0.285974, 2.095001 / 0.115510, 0.285256, 2.094562; 1, 30, 1, 0; 0.751738956363; 2, 1, 1; 1, 1, 0; 1, 3, 0 / 1, 6, 2 / 3, 1, 1 ;
0,0; -0.190284, 0.335213, 1.886174 / -0.190242, 0.335426, 1.886385 / -0.190326, 0.335001, 1.885963; 1, 30, 1, 0; 0.773518631084; 0, 2, 0; 1, 1, 0; 3, 1, 1 / 4, 2, 1 ;
0,0; 0.188862, 0.357884, 1.912436 / 0.188862, 0.357884, 1.912436 / 0.188862, 0.357884, 1.912436; 1, 30, 1, 0; 0.769782760744; 1, 0, 1; 0, 1, 0; 4, 1, 2 ;
0,0; 0.189105, 0.357391, 1.915358 / 0.189307, 0.357450, 1.915460 / 0.188903, 0.357332, 1.915256; 1, 30, 1, 0; 0.769781552831; 1, 0, 2; 2, 0, 0; 1, 3, 0 / 2, 1, 2 / 2, 2, 2 / 2, 3, 0 ;
0,0; -0.190818, 0.328696, 1.888556 / -0.190716, 0.328870, 1.888819 / -0.190920, 0.328522, 1.888293; 1, 30, 1, 0; 0.773520121493; 1, 0, 2; 2, 0, 0; 2, 1, 2 / 3, 1, 2 ;
0,0; -0.050321, 0.302731, 1.980140 / -0.050321, 0.302731, 1.980140 / -0.050321, 0.302731, 1.980140; 1, 30, 1, 0; 0.747652898407; 1, 0, 1; 1, 0, 0; 2, 1, 2 ;
0,0; 0.115641, 0.285823, 2.095313 / 0.115773, 0.285974, 2.095626 / 0.115510, 0.285672, 2.095001; 1, 30, 1, 0; 0.751738897916; 0, 1, 0; 2, 0, 0; 1, 4, 0 / 1, 9, 0 / 3, 1, 1 / 3, 7, 1 ;
0,0; -0.180772, 0.325942, 1.884092 / -0.180772, 0.325942, 1.884092 / -0.180772, 0.325942, 1.884092; 1, 30, 1, 0; 0.773503084075; 1, 0, 1; 1, 0, 0; 3, 1, 2 ;
0,0; -0.188365, 0.323975, 1.886456 / -0.188365, 0.323975, 1.886456 / -0.188365, 0.323975, 1.886456; 1, 30, 1, 0; 0.773503512689; 1, 0, 1; 1, 0, 0; 3, 1, 2 ;
0,0; -0.193863, 0.321095, 1.889021 / -0.193863, 0.321095, 1.889021 / -0.193863, 0.321095, 1.889021; 1, 30, 1, 0; 0.773521407336; 1, 0, 1; 1, 0, 0; 2, 1, 2 ;
0,0; 0.626176, 0.184847, 2.300480 / 0.626176, 0.184847, 2.300480 / 0.626176, 0.184847, 2.300480; 1, 31, 1, 0; 0.878970761896; 0, 1, 0; 0, 1, 0; 1, 1, 1 ;
0,0; 0.628417, 0.185067, 2.253887 / 0.628417, 0.185067, 2.253887 / 0.628417, 0.185067, 2.253887; 1, 31, 1, 0; 0.878912201968; 0, 1, 0; 1, 0, 0; 1, 8, 0 / 2, 1, 1 / 4, 3, 0 ;
0,0; 0.700024, 0.166411, 2.492566 / 0.700024, 0.166411, 2.492566 / 0.700024, 0.166411, 2.492566; 1, 34, 1, 0; 0.931527381763; 0, 1, 0; 0, 1, 0; 1, 1, 1 ;
0,0; 0.678285, 0.172916, 2.477022 / 0.678285, 0.172916, 2.477022 / 0.678285, 0.172916, 2.477022; 1, 34, 1, 0; 0.931576337906; 1, 0, 1; 0, 1, 0; 1, 1, 2 ;
0,0; 0.923377, 0.124228, 2.643923 / 0.923377, 0.124228, 2.643923 / 0.923377, 0.124228, 2.643923; 1, 34, 1, 0; 0.935212463423; 1, 0, 1; 0, 1, 0; 4, 1, 2 ;
0,0; 0.878337, 0.133884, 2.615045 / 0.878337, 0.133884, 2.615045 / 0.878337, 0.133884, 2.615045; 1, 34, 1, 0; 0.935376170270; 1, 0, 1; 0, 1, 0; 4, 1, 2 ;
0,0; 0.848217, 0.139292, 2.591672 / 0.848217, 0.139292, 2.591672 / 0.848217, 0.139292, 2.591672; 1, 34, 1, 0; 0.935434730548; 1, 0, 1; 0, 1, 0; 4, 1, 2 ;
0,0; 0.886480, 0.132415, 2.620322 / 0.886629, 0.132436, 2.620425 / 0.886331, 0.132393, 2.620219; 1, 34, 1, 0; 0.935377230467; 2, 1, 1; 2, 0, 0; 3, 1, 1 / 3, 2, 2 ;
0,0; 0.917834, 0.125187, 2.642837 / 0.917834, 0.125187, 2.642837 / 0.917834, 0.125187, 2.642837; 1, 34, 1, 0; 0.935212787719; 0, 1, 0; 1, 0, 0; 3, 1, 1 ;
0,0; 0.916191, 0.119288, 2.642828 / 0.916191, 0.119288, 2.642828 / 0.916191, 0.119288, 2.642828; 1, 34, 1, 0; 0.935214546398; 1, 0, 1; 1, 0, 0; 2, 1, 2 ;
0,0; 0.874368, 0.134615, 2.613666 / 0.874368, 0.134615, 2.613666 / 0.874368, 0.134615, 2.613666; 1, 34, 1, 0; 0.935398072687; 1, 0, 1; 1, 0, 0; 2, 1, 2 ;
0,0; 0.941475, 0.124687, 2.660242 / 0.941475, 0.124687, 2.660242 / 0.941475, 0.124687, 2.660242; 1, 34, 1, 0; 0.937220388706; 1, 0, 1; 1, 0, 0; 2, 1, 2 ;
0,0; 0.934432, 0.123665, 2.653204 / 0.934432, 0.123665, 2.653204 / 0.934432, 0.123665, 2.653204; 1, 34, 1, 0; 0.937223594242; 0, 1, 0; 1, 0, 0; 3, 1, 1 ;
0,0; 1.756608, -0.027336, 3.210947 / 1.757538, -0.026741, 3.211098 / 1.755678, -0.027931, 3.210796; 1, 41, 1, 0; 0.601307990470; 0, 2, 0; 1, 1, 0; 1, 1, 1 / 3, 8, 1 ;
0,0; 1.753597, -0.028036, 3.211306 / 1.753597, -0.028036, 3.211306 / 1.753597, -0.028036, 3.211306; 1, 41, 1, 0; 0.601307760991; 1, 0, 1; 0, 1, 0; 1, 1, 2 / 1, 6, 0 / 3, 4, 0 ;
0,0; 1.980561, -0.071869, 3.372562 / 1.980561, -0.071869, 3.372562 / 1.980561, -0.071869, 3.372562; 1, 41, 1, 0; 0.591911103879; 1, 0, 1; 1, 0, 0; 1, 2, 0 / 2, 1, 2 ;
0,0; 1.992052, -0.069845, 3.370010 / 1.992052, -0.069845, 3.370010 / 1.992052, -0.069845, 3.370010; 1, 41, 1, 0; 0.591916882586; 1, 0, 1; 1, 0, 0; 2, 1, 2 ;
0,0; 1.762452, -0.026621, 3.212323 / 1.762452, -0.026621, 3.212323 / 1.762452, -0.026621, 3.212323; 1, 41, 1, 0; 0.601270001210; 1, 0, 1; 1, 0, 0; 3, 1, 2 ;
0,0; 1.749993, -0.026811, 3.213273 / 1.749993, -0.026811, 3.213273 / 1.749993, -0.026811, 3.213273; 1, 41, 1, 0; 0.601307385479; 1, 0, 1; 1, 0, 0; 2, 1, 2 ;
0,0; 1.758085, -0.027255, 3.211880 / 1.758633, -0.026579, 3.212661 / 1.757538, -0.027931, 3.211098; 1, 41, 1, 0; 0.601308136503; 0, 1, 0; 2, 0, 0; 3, 1, 1 / 3, 10, 1 ;
0,0; 1.603900, 0.003520, 3.112953 / 1.603900, 0.003520, 3.112953 / 1.603900, 0.003520, 3.112953; 1, 41, 1, 0; 0.886811843637; 1, 0, 1; 1, 0, 0; 3, 1, 2 / 4, 9, 0 ;
1,1; 1.60915, 1.44816, -3.60274 / 1.60916, 1.44844, -3.60199 / 1.60915, 1.44789, -3.60349; 1, 1, 1, 0; 0.606379766572; 1, 0, 2; 1, 1, 0; 1, 7, 2 / 3, 1, 2 ;
0,1; 1.615866, 1.387154, -3.484837 / 1.615866, 1.387154, -3.484837 / 1.615866, 1.387154, -3.484837; 1, 1, 1, 0; 0.606341356331; 1, 0, 1; 1, 0, 0; 3, 1, 2 ;
0,1; 1.609656, 1.459253, -3.626549 / 1.609656, 1.459253, -3.626549 / 1.609656, 1.459253, -3.626549; 1, 1, 1, 0; 0.606363984793; 1, 0, 1; 1, 0, 0; 3, 1, 2 ;
0,1; 1.611821, 1.446402, -3.597343 / 1.611821, 1.446402, -3.597343 / 1.611821, 1.446402, -3.597343; 1, 1, 1, 0; 0.606379889187; 1, 0, 1; 1, 0, 0; 2, 1, 2 ;
0,1; 1.604833, 1.445952, -3.597868 / 1.604833, 1.445952, -3.597868 / 1.604833, 1.445952, -3.597868; 1, 1, 1, 0; 0.606380525996; 0, 1, 0; 1, 0, 0; 2, 1, 1 / 2, 8, 0 / 4, 3, 0 ;
0,1; 1.602039, 1.446083, -3.598739 / 1.602039, 1.446083, -3.598739 / 1.602039, 1.446083, -3.598739; 1, 1, 1, 0; 0.606380988770; 0, 1, 0; 1, 0, 0; 2, 1, 1 ;
0,1; 1.664176, 1.217662, -3.166509 / 1.664176, 1.217662, -3.166509 / 1.664176, 1.217662, -3.166509; 1, 3, 1, 0; 0.223796483678; 0, 1, 0; 0, 1, 0; 4, 1, 1 ;
0,1; 1.730759, 0.936064, -2.639981 / 1.730759, 0.936064, -2.639981 / 1.730759, 0.936064, -2.639981; 1, 3, 1, 0; 0.706409349726; 1, 0, 1; 0, 1, 0; 1, 1, 2 ;
0,1; 1.662666, 1.227071, -3.185519 / 1.662666, 1.227071, -3.185519 / 1.662666, 1.227071, -3.185519; 1, 3, 1, 0; 0.223782508654; 1, 0, 1; 1, 0, 0; 3, 1, 2 ;
0,1; 1.693729, 1.062881, -2.876333 / 1.693729, 1.062881, -2.876333 / 1.693729, 1.062881, -2.876333; 1, 3, 1, 0; 0.244176263414; 1, 0, 1; 1, 0, 0; 2, 1, 2 ;
0,1; 1.691573, 1.060401, -2.877106 / 1.691573, 1.060401, -2.877106 / 1.691573, 1.060401, -2.877106; 1, 3, 1, 0; 0.244176352067; 1, 0, 1; 1, 0, 0; 3, 1, 2 ;
0,1; 1.725357, 0.962444, -2.693517 / 1.725357, 0.962444, -2.693517 / 1.725357, 0.962444, -2.693517; 1, 3, 1, 0; 0.706377297437; 1, 0, 1; 1, 0, 0; 3, 1, 2 ;
0,1; 1.719145, 0.989494, -2.735529 / 1.719145, 0.989494, -2.735529 / 1.719145, 0.989494, -2.735529; 1, 3, 1, 0; 0.706483854979; 1, 0, 1; 1, 0, 0; 2, 1, 2 ;
0,1; 1.812247, 0.609607, -2.020213 / 1.812247, 0.609607, -2.020213 / 1.812247, 0.609607, -2.020213; 1, 4, 1, 0; 0.634066268532; 1, 0, 1; 1, 0, 0; 3, 1, 2 ;
0,1; 1.852420, 0.440764, -1.701696 / 1.852420, 0.440764, -1.701696 / 1.852420, 0.440764, -1.701696; 1, 11, 1, 0; 0.035802407044; 1, 0, 1; 0, 1, 0; 1, 1, 2 ;
0,1; 1.934098, 0.101928, -1.059854 / 1.934098, 0.101928, -1.059854 / 1.934098, 0.101928, -1.059854; 1, 11, 1, 0; 0.732191240622; 1, 0, 1; 0, 1, 0; 4, 1, 2 ;
0,1; 1.880724, 0.335283, -1.503808 / 1.880724, 0.335283, -1.503808 / 1.880724, 0.335283, -1.503808; 1, 11, 1, 0; 0.371706015435; 1, 0, 1; 1, 0, 0; 3, 1, 2 ;
0,1; 1.948878, 0.028896, -0.922811 / 1.948878, 0.028896, -0.922811 / 1.948878, 0.028896, -0.922811; 1, 12, 1, 0; 0.439802832745; 0, 1, 0; 1, 0, 0; 2, 1, 1 ;
0,1; 1.964667, -0.063230, -0.744021 / 1.964667, -0.063230, -0.744021 / 1.964667, -0.063230, -0.744021; 1, 12, 1, 0; 0.457751158091; 1, 0, 1; 1, 0, 0; 2, 1, 2 ;
0,1; 1.987917, -0.141112, -0.598034 / 1.987917, -0.141112, -0.598034 / 1.987917, -0.141112, -0.598034; 1, 12, 1, 0; 0.815634598307; 1, 0, 1; 1, 0, 0; 3, 1, 2 ;
0,1; 2.078931, -0.516240, 0.104765 / 2.079588, -0.516182, 0.104861 / 2.078275, -0.516297, 0.104670; 1, 16, 1, 0; 0.749087218990; 2, 1, 1; 1, 1, 0; 2, 1, 1 / 4, 4, 2 ;
0,1; 2.076743, -0.509823, 0.092660 / 2.076743, -0.509823, 0.092660 / 2.076743, -0.509823, 0.092660; 1, 16, 1, 0; 0.749097512430; 0, 1, 0; 0, 1, 0; 4, 1, 1 ;
0,1; 2.086451, -0.569964, 0.188387 / 2.086451, -0.569964, 0.188387 / 2.086451, -0.569964, 0.188387; 1, 16, 1, 0; 0.747967886074; 1, 0, 1; 1, 0, 0; 2, 1, 2 ;
0,1; 2.233570, -1.181690, 1.354493 / 2.233570, -1.181690, 1.354493 / 2.233570, -1.181690, 1.354493; 1, 27, 1, 0; 0.278651404482; 1, 0, 1; 0, 1, 0; 1, 1, 2 ;
0,1; 2.213618, -1.065280, 1.153566 / 2.213618, -1.065280, 1.153566 / 2.213618, -1.065280, 1.153566; 1, 27, 1, 0; 0.157768814828; 1, 0, 1; 1, 0, 0; 2, 1, 2 ;
0,1; 2.235990, -1.189480, 1.382816 / 2.235990, -1.189480, 1.382816 / 2.235990, -1.189480, 1.382816; 1, 27, 1, 0; 0.278685503595; 1, 0, 1; 1, 0, 0; 2, 1, 2 ;
0,1; 2.342889, -1.640993, 2.229764 / 2.342889, -1.640993, 2.229764 / 2.342889, -1.640993, 2.229764; 1, 33, 1, 0; 0.489066303456; 1, 0, 1; 1, 0, 0; 2, 1, 2 ;
0,1; 2.340102, -1.682334, 2.836106 / 2.340102, -1.682334, 2.836106 / 2.340102, -1.682334, 2.836106; 1, 35, 1, 0; 0.453563725225; 1, 0, 1; 0, 1, 0; 4, 1, 2 ;
0,1; 2.329966, -1.676866, 2.857964 / 2.329966, -1.676866, 2.857964 / 2.329966, -1.676866, 2.857964; 1, 35, 1, 0; 0.453612985420; 1, 0, 1; 0, 1, 0; 4, 1, 2 ;
0,1; 2.355477, -1.847243, 2.886096 / 2.355477, -1.847243, 2.886096 / 2.355477, -1.847243, 2.886096; 1, 35, 1, 0; 0.454821509083; 1, 0, 1; 0, 1, 0; 1, 1, 2 ;
0,1; 2.307371, -1.720257, 3.025397 / 2.307371, -1.720257, 3.025397 / 2.307371, -1.720257, 3.025397; 1, 35, 1, 0; 0.458203806329; 1, 0, 1; 0, 1, 0; 1, 1, 2 / 4, 4, 0 ;
0,1; 2.071981, -1.784612, 2.897694 / 2.071981, -1.784612, 2.897694 / 2.071981, -1.784612, 2.897694; 1, 35, 1, 0; 0.460449280291; 1, 0, 1; 0, 1, 0; 4, 1, 2 ;
0,1; 2.352644, -1.848602, 2.891025 / 2.352915, -1.848568, 2.891391 / 2.352373, -1.848635, 2.890658; 1, 35, 1, 0; 0.454845482206; 2, 1, 2; 3, 0, 0; 1, 7, 0 / 3, 1, 1 / 3, 3, 2 / 3, 4, 2 ;
0,1; 2.192188, -1.838383, 2.844407 / 2.192188, -1.838383, 2.844407 / 2.192188, -1.838383, 2.844407; 1, 35, 1, 0; 0.454359772043; 1, 0, 1; 1, 0, 0; 2, 1, 2 ;
0,1; 2.198023, -1.836357, 2.851749 / 2.198023, -1.836357, 2.851749 / 2.198023, -1.836357, 2.851749; 1, 35, 1, 0; 0.454382070526; 1, 0, 1; 1, 0, 0; 2, 1, 2 ;
0,1; 2.296441, -1.710447, 3.022830 / 2.296441, -1.710447, 3.022830 / 2.296441, -1.710447, 3.022830; 1, 35, 1, 0; 0.458199800074; 1, 0, 1; 1, 0, 0; 2, 1, 2 ;
0,1; 2.301985, -1.710569, 3.024376 / 2.301985, -1.710569, 3.024376 / 2.301985, -1.710569, 3.024376; 1, 35, 1, 0; 0.458201590651; 1, 0, 1; 1, 0, 0; 3, 1, 2 ;
0,1; 2.303575, -1.713616, 3.023535 / 2.303575, -1.713616, 3.023535 / 2.303575, -1.713616, 3.023535; 1, 35, 1, 0; 0.458201874052; 1, 0, 1; 1, 0, 0; 2, 1, 2 ;
0,1; 2.074636, -1.786802, 2.894954 / 2.074636, -1.786802, 2.894954 / 2.074636, -1.786802, 2.894954; 1, 35, 1, 0; 0.460427123509; 1, 0, 1; 1, 0, 0; 3, 1, 2 ;
0,1; 2.067832, -1.788320, 2.910500 / 2.067832, -1.788320, 2.910500 / 2.067832, -1.788320, 2.910500; 1, 35, 1, 0; 0.460470818745; 1, 0, 1; 1, 0, 0; 2, 1, 2 ;
0,1; 2.444297, -2.043242, 3.002118 / 2.444297, -2.043242, 3.002118 / 2.444297, -2.043242, 3.002118; 1, 35, 1, 0; 0.649011871913; 1, 0, 1; 1, 0, 0; 3, 1, 2 ;
1,2; -1.51562, 1.10444, -4.23764 / -1.51542, 1.10455, -4.2372 / -1.51583, 1.10433, -4.23809; 1, 1, 1, 0; 0.120954706688; 2, 2, 1; 1, 2, 1; 1, 4, 2 / 3, 1, 1 / 4, 1, 1 ;
0,2; 0.445075, -1.316584, -4.045898 / 0.445389, -1.315843, -4.045294 / 0.444762, -1.317325, -4.046502; 1, 1, 1, 0; 0.278326399634; 2, 1, 1; 1, 1, 0; 2, 7, 1 / 4, 1, 2 ;
0,2; 0.757600, -1.693092, -4.007272 / 0.757702, -1.692855, -4.006584 / 0.757497, -1.693328, -4.007960; 1, 1, 1, 0; 0.349063574862; 2, 1, 1; 1, 1, 0; 2, 3, 0 / 3, 1, 2 / 4, 3, 1 ;
0,2; -1.335017, 0.881127, -4.222953 / -1.335017, 0.881127, -4.222953 / -1.335017, 0.881127, -4.222953; 1, 1, 1, 0; 0.126745140478; 1, 0, 1; 0, 1, 0; 4, 1, 2 ;
0,2; -0.690538, 0.089008, -4.154982 / -0.690538, 0.089008, -4.154982 / -0.690538, 0.089008, -4.154982; 1, 1, 1, 0; 0.172372187363; 1, 0, 1; 0, 1, 0; 1, 1, 2 / 3, 3, 0 ;
0,2; -0.484969, -0.167323, -4.132848 / -0.484969, -0.167323, -4.132848 / -0.484969, -0.167323, -4.132848; 1, 1, 1, 0; 0.202741283237; 1, 0, 1; 0, 1, 0; 1, 1, 2 ;
0,2; -1.527374, 1.115188, -4.239858 / -1.527374, 1.115188, -4.239858 / -1.527374, 1.115188, -4.239858; 1, 1, 1, 0; 0.120952930744; 1, 0, 1; 1, 0, 0; 2, 1, 2 ;
0,2; -1.350382, 0.916966, -4.213887 / -1.350382, 0.916966, -4.213887 / -1.350382, 0.916966, -4.213887; 1, 1, 1, 0; 0.127437513646; 1, 0, 1; 1, 0, 0; 2, 1, 2 ;
0,2; -1.179394, 0.688143, -4.207516 / -1.179394, 0.688143, -4.207516 / -1.179394, 0.688143, -4.207516; 1, 1, 1, 0; 0.128076881394; 1, 0, 1; 1, 0, 0; 2, 1, 2 ;
0,2; -1.173488, 0.683852, -4.202677 / -1.173488, 0.683852, -4.202677 / -1.173488, 0.683852, -4.202677; 1, 1, 1, 0; 0.128084404438; 0, 1, 0; 1, 0, 0; 3, 1, 1 ;
0,2; -0.483382, -0.163541, -4.140304 / -0.483382, -0.163541, -4.140304 / -0.483382, -0.163541, -4.140304; 1, 1, 1, 0; 0.202741540333; 1, 0, 1; 1, 0, 0; 2, 1, 2 ;
0,2; -0.239347, -0.469236, -4.104120 / -0.239347, -0.469236, -4.104120 / -0.239347, -0.469236, -4.104120; 1, 1, 1, 0; 0.220435320018; 1, 0, 1; 1, 0, 0; 2, 1, 2 / 3, 3, 0 ;
0,2; 0.440687, -1.320088, -4.051674 / 0.440687, -1.320088, -4.051674 / 0.440687, -1.320088, -4.051674; 1, 1, 1, 0; 0.278325636255; 1, 0, 1; 1, 0, 0; 3, 1, 2 ;
0,2; 0.445589, -1.312681, -4.045253 / 0.445589, -1.312681, -4.045253 / 0.445589, -1.312681, -4.045253; 1, 1, 1, 0; 0.278326466875; 1, 0, 1; 1, 0, 0; 2, 1, 2 ;
0,2; 0.449506, -1.313180, -4.038500 / 0.449506, -1.313180, -4.038500 / 0.449506, -1.313180, -4.038500; 1, 1, 1, 0; 0.278327606011; 0, 1, 0; 1, 0, 0; 3, 1, 1 ;
0,2; 0.430123, -1.297507, -4.042803 / 0.430123, -1.297507, -4.042803 / 0.430123, -1.297507, -4.042803; 1, 1, 1, 0; 0.278338174661; 1, 0, 1; 1, 0, 0; 3, 1, 2 ;
1,3; -1.67477, -1.74026, -3.5802 / -1.67458, -1.73955, -3.57931 / -1.67496, -1.74098, -3.5811; 1, 1, 1, 0; 0.900692349436; 0, 2, 0; 2, 1, 0; 1, 3, 0 / 1, 5, 1 / 3, 1, 3 / 3, 5, 1 / 4, 1, 0 ;
0,3; -1.656367, -1.710210, -3.583009 / -1.656367, -1.710210, -3.583009 / -1.656367, -1.710210, -3.583009; 1, 1, 1, 0; 0.900681709590; 1, 0, 1; 1, 0, 0; 3, 1, 2 ;
0,3; -1.665650, -1.719717, -3.587466 / -1.665650, -1.719717, -3.587466 / -1.665650, -1.719717, -3.587466; 1, 1, 1, 0; 0.900687978793; 1, 0, 1; 1, 0, 0; 3, 1, 2 ;
0,3; -1.672398, -1.732298, -3.583366 / -1.672398, -1.732298, -3.583366 / -1.672398, -1.732298, -3.583366; 1, 1, 1, 0; 0.900692677729; 0, 1, 0; 1, 0, 0; 2, 1, 1 ;
0,3; -0.847180, -1.852233, -2.454900 / -0.847180, -1.852233, -2.454900 / -0.847180, -1.852233, -2.454900; 1, 5, 1, 0; 0.486904928539; 0, 0, 0; 0, 1, 0; 4, 1, 3 ;
0,3; -1.204527, -1.809629, -2.923927 / -1.204401, -1.808531, -2.923913 / -1.204653, -1.810727, -2.923940; 1, 5, 1, 0; 0.145753238823; 1, 0, 2; 2, 0, 0; 2, 10, 2 / 3, 1, 2 ;
0,3; -1.211348, -1.803745, -2.926997 / -1.211348, -1.803745, -2.926997 / -1.211348, -1.803745, -2.926997; 1, 5, 1, 0; 0.145761477395; 1, 0, 1; 1, 0, 0; 2, 1, 2 ;
0,3; -1.057614, -1.829563, -2.728793 / -1.057614, -1.829563, -2.728793 / -1.057614, -1.829563, -2.728793; 1, 5, 1, 0; 0.320619823937; 1, 0, 1; 1, 0, 0; 3, 1, 2 ;
0,3; -1.042233, -1.830411, -2.713153 / -1.042233, -1.830411, -2.713153 / -1.042233, -1.830411, -2.713153; 1, 5, 1, 0; 0.320630380680; 1, 0, 1; 1, 0, 0; 3, 1, 2 ;
0,3; -0.852716, -1.852996, -2.459786 / -0.852716, -1.852996, -2.459786 / -0.852716, -1.852996, -2.459786; 1, 5, 1, 0; 0.486914519786; 0, 1, 0; 1, 0, 0; 2, 1, 1 ;
0,3; -0.767433, -1.862225, -2.341692 / -0.767433, -1.862225, -2.341692 / -0.767433, -1.862225, -2.341692; 1, 5, 1, 0; 0.525908737592; 1, 0, 1; 1, 0, 0; 3, 1, 2 ;
0,3; -0.489717, -1.886561, -1.998863 / -0.489717, -1.886561, -1.998863 / -0.489717, -1.886561, -1.998863; 1, 5, 1, 0; 0.825144839105; 1, 0, 1; 1, 0, 0; 3, 1, 2 ;
0,3; 0.056520, -1.978020, -1.220641 / 0.056700, -1.977073, -1.220546 / 0.056341, -1.978967, -1.220735; 1, 8, 1, 0; 0.787568013696; 1, 0, 2; 0, 2, 0; 4, 1, 2 / 4, 7, 2 ;
0,3; 0.075458, -1.975045, -1.215579 / 0.075458, -1.975045, -1.215579 / 0.075458, -1.975045, -1.215579; 1, 8, 1, 0; 0.787550494436; 0, 1, 0; 0, 1, 0; 1, 1, 1 ;
0,3; 0.081112, -1.969851, -1.213792 / 0.081112, -1.969851, -1.213792 / 0.081112, -1.969851, -1.213792; 1, 8, 1, 0; 0.787550780799; 1, 0, 1; 0, 1, 0; 4, 1, 2 ;
0,3; 0.060242, -1.974301, -1.228644 / 0.060242, -1.974301, -1.228644 / 0.060242, -1.974301, -1.228644; 1, 8, 1, 0; 0.787567676197; 1, 0, 1; 0, 1, 0; 1, 1, 2 ;
0,3; 0.051619, -1.982536, -1.211057 / 0.051619, -1.982536, -1.211057 / 0.051619, -1.982536, -1.211057; 1, 8, 1, 0; 0.787570238121; 1, 0, 1; 0, 1, 0; 1, 1, 2 / 1, 8, 0 / 1, 10, 0 ;
0,3; 0.055161, -1.978746, -1.217439 / 0.056172, -1.978306, -1.217217 / 0.054149, -1.979185, -1.217662; 1, 8, 1, 0; 0.787568658012; 2, 1, 1; 2, 0, 0; 2, 1, 1 / 3, 9, 0 / 3, 10, 2 / 4, 9, 0 ;
0,3; 0.050855, -1.981433, -1.212418 / 0.051418, -1.981092, -1.212332 / 0.050291, -1.981775, -1.212505; 1, 8, 1, 0; 0.787569629600; 2, 1, 1; 2, 0, 0; 2, 6, 2 / 3, 1, 1 ;
0,3; 0.049624, -1.983391, -1.209649 / 0.049765, -1.983002, -1.209081 / 0.049483, -1.983781, -1.210216; 1, 8, 1, 0; 0.787570289257; 2, 1, 1; 2, 0, 0; 2, 1, 2 / 3, 4, 1 ;
0,3; -0.183425, -1.940219, -1.558981 / -0.183425, -1.940219, -1.558981 / -0.183425, -1.940219, -1.558981; 1, 8, 1, 0; 0.227506369013; 1, 0, 1; 1, 0, 0; 2, 1, 2 ;
0,3; -0.089945, -1.956858, -1.435730 / -0.089945, -1.956858, -1.435730 / -0.089945, -1.956858, -1.435730; 1, 8, 1, 0; 0.647449433973; 1, 0, 1; 1, 0, 0; 2, 1, 2 ;
0,3; 0.081957, -1.972806, -1.212613 / 0.081957, -1.972806, -1.212613 / 0.081957, -1.972806, -1.212613; 1, 8, 1, 0; 0.787550893298; 1, 0, 1; 1, 0, 0; 3, 1, 2 / 4, 1, 0 / 4, 2, 0 ;
0,3; 0.064151, -1.977981, -1.227823 / 0.064151, -1.977981, -1.227823 / 0.064151, -1.977981, -1.227823; 1, 8, 1, 0; 0.787558164865; 1, 0, 1; 1, 0, 0; 2, 1, 2 ;
0,3; 0.059013, -1.974374, -1.226342 / 0.059013, -1.974374, -1.226342 / 0.059013, -1.974374, -1.226342; 1, 8, 1, 0; 0.787567742674; 1, 0, 1; 1, 0, 0; 2, 1, 2 ;
0,3; 0.059869, -1.973793, -1.224712 / 0.059869, -1.973793, -1.224712 / 0.059869, -1.973793, -1.224712; 1, 8, 1, 0; 0.787567809152; 0, 1, 0; 1, 0, 0; 3, 1, 1 ;
0,3; 0.054041, -1.979240, -1.217146 / 0.054149, -1.979185, -1.217076 / 0.053933, -1.979294, -1.217217; 1, 8, 1, 0; 0.787568704035; 0, 1, 0; 2, 0, 0; 3, 1, 2 / 3, 2, 1 ;
0,3; 0.032695, -1.998233, -1.191440 / 0.032695, -1.998233, -1.191440 / 0.032695, -1.998233, -1.191440; 1, 8, 1, 0; 0.787576221056; 0, 1, 0; 1, 0, 0; 3, 1, 1 ;
0,3; 0.454027, -2.025253, -0.707842 / 0.454027, -2.025253, -0.707842 / 0.454027, -2.025253, -0.707842; 1, 9, 1, 0; 0.513400826813; 1, 0, 1; 1, 0, 0; 2, 1, 2 / 3, 1, 0 / 4, 3, 0 ;
0,3; 0.827287, -2.074008, -0.206775 / 0.827287, -2.074008, -0.206775 / 0.827287, -2.074008, -0.206775; 1, 15, 1, 0; 0.527510199681; 1, 0, 1; 0, 1, 0; 4, 1, 2 ;
0,3; 1.018918, -2.102182, 0.058472 / 1.018918, -2.102182, 0.058472 / 1.018918, -2.102182, 0.058472; 1, 15, 1, 0; 0.657156753622; 1, 0, 1; 0, 1, 0; 4, 1, 2 ;
0,3; 0.883675, -2.081491, -0.132879 / 0.884316, -2.081243, -0.132567 / 0.883034, -2.081738, -0.133192; 1, 15, 1, 0; 0.527648655491; 1, 0, 2; 2, 0, 0; 3, 1, 2 / 3, 7, 2 ;
0,3; 1.023485, -2.098975, 0.056864 / 1.023672, -2.098161, 0.056904 / 1.023298, -2.099789, 0.056823; 1, 15, 1, 0; 0.657156579497; 1, 0, 2; 2, 0, 0; 3, 1, 2 / 3, 6, 2 ;
0,3; 0.825417, -2.055808, -0.216481 / 0.825417, -2.055808, -0.216481 / 0.825417, -2.055808, -0.216481; 1, 15, 1, 0; 0.527518577751; 1, 0, 1; 1, 0, 0; 3, 1, 2 ;
0,3; 0.823554, -2.073453, -0.204192 / 0.823554, -2.073453, -0.204192 / 0.823554, -2.073453, -0.204192; 1, 15, 1, 0; 0.527521852632; 1, 0, 1; 1, 0, 0; 3, 1, 2 ;
0,3; 0.815332, -2.061742, -0.218879 / 0.815332, -2.061742, -0.218879 / 0.815332, -2.061742, -0.218879; 1, 15, 1, 0; 0.527529922635; 1, 0, 1; 1, 0, 0; 3, 1, 2 ;
0,3; 2.025683, -2.350469, 1.351546 / 2.025683, -2.350469, 1.351546 / 2.025683, -2.350469, 1.351546; 1, 22, 1, 0; 0.440795993621; 1, 0, 1; 0, 1, 0; 3, 1, 0 / 4, 1, 2 ;
0,3; 2.038280, -2.482352, 1.374045 / 2.038280, -2.482352, 1.374045 / 2.038280, -2.482352, 1.374045; 1, 22, 1, 0; 0.499870649763; 0, 1, 0; 0, 1, 0; 4, 1, 1 ;
0,3; 2.063764, -2.422674, 1.367425 / 2.063892, -2.422517, 1.367856 / 2.063635, -2.422832, 1.366994; 1, 22, 1, 0; 0.439090015483; 0, 2, 0; 2, 0, 0; 2, 7, 1 / 3, 1, 1 ;
0,3; 2.040119, -2.485757, 1.377147 / 2.040119, -2.485757, 1.377147 / 2.040119, -2.485757, 1.377147; 1, 22, 1, 0; 0.499858193491; 1, 0, 1; 1, 0, 0; 3, 1, 2 / 3, 2, 0 ;
0,3; 2.520681, -2.298567, 2.069707 / 2.520930, -2.298461, 2.070054 / 2.520433, -2.298673, 2.069360; 1, 33, 1, 0; 0.107881265451; 0, 3, 0; 2, 1, 0; 2, 5, 1 / 3, 1, 1 / 4, 1, 1 ;
0,3; 2.523647, -2.297439, 2.067257 / 2.523647, -2.297439, 2.067257 / 2.523647, -2.297439, 2.067257; 1, 33, 1, 0; 0.107882936820; 1, 0, 1; 0, 1, 0; 1, 1, 2 ;
0,3; 2.563572, -2.302760, 2.123195 / 2.563572, -2.302760, 2.123195 / 2.563572, -2.302760, 2.123195; 1, 33, 1, 0; 0.109132484677; 1, 0, 1; 0, 1, 0; 4, 1, 2 ;
0,3; 2.650701, -2.312973, 2.242438 / 2.650701, -2.312973, 2.242438 / 2.650701, -2.312973, 2.242438; 1, 33, 1, 0; 0.629684248470; 1, 0, 1; 0, 1, 0; 4, 1, 2 ;
0,3; 2.615942, -2.308170, 2.193998 / 2.615942, -2.308170, 2.193998 / 2.615942, -2.308170, 2.193998; 1, 33, 1, 0; 0.629847705859; 1, 0, 1; 0, 1, 0; 4, 1, 2 ;
0,3; 2.556957, -2.304177, 2.105427 / 2.556957, -2.304177, 2.105427 / 2.556957, -2.304177, 2.105427; 1, 33, 1, 0; 0.109115159815; 1, 0, 1; 1, 0, 0; 2, 1, 2 ;
0,3; 2.554766, -2.301916, 2.110937 / 2.554766, -2.301916, 2.110937 / 2.554766, -2.301916, 2.110937; 1, 33, 1, 0; 0.109136351277; 1, 0, 1; 1, 0, 0; 1, 7, 0 / 3, 1, 2 / 4, 7, 0 ;
0,3; 2.770870, -2.330073, 2.405193 / 2.770870, -2.330073, 2.405193 / 2.770870, -2.330073, 2.405193; 1, 33, 1, 0; 0.633753819826; 1, 0, 1; 1, 0, 0; 3, 1, 2 ;
0,3; 2.780828, -2.338658, 2.426941 / 2.780828, -2.338658, 2.426941 / 2.780828, -2.338658, 2.426941; 1, 33, 1, 0; 0.633779214656; 1, 0, 1; 1, 0, 0; 2, 1, 2 ;
1,4; -3.53819, -1.64346, -0.887778 / -3.53811, -1.64287, -0.887753 / -3.53827, -1.64405, -0.887803; 1, 9, 1, 0; 0.480356542699; 1, 0, 2; 1, 1, 0; 1, 7, 2 / 3, 1, 2 / 4, 1, 0 ;
0,4; -3.532223, -1.644004, -0.885267 / -3.532223, -1.644004, -0.885267 / -3.532223, -1.644004, -0.885267; 1, 9, 1, 0; 0.480346572501; 1, 0, 1; 0, 1, 0; 1, 1, 2 ;
0,4; -3.528151, -1.642676, -0.878205 / -3.528151, -1.642676, -0.878205 / -3.528151, -1.642676, -0.878205; 1, 9, 1, 0; 0.480346361635; 1, 0, 1; 1, 0, 0; 3, 1, 2 ;
0,4; -3.529521, -1.637741, -0.879316 / -3.529521, -1.637741, -0.879316 / -3.529521, -1.637741, -0.879316; 1, 9, 1, 0; 0.480347307830; 1, 0, 1; 1, 0, 0; 2, 1, 2 ;
0,4; -3.537500, -1.636695, -0.863993 / -3.537500, -1.636695, -0.863993 / -3.537500, -1.636695, -0.863993; 1, 9, 1, 0; 0.480351281852; 1, 0, 1; 1, 0, 0; 2, 1, 2 ;
0,4; -3.552121, -1.559802, -0.783462 / -3.552121, -1.559802, -0.783462 / -3.552121, -1.559802, -0.783462; 1, 9, 1, 0; 0.481566126632; 1, 0, 1; 1, 0, 0; 2, 1, 2 / 4, 5, 0 ;
0,4; -3.992777, -1.982636, -0.854570 / -3.992769, -1.982417, -0.854551 / -3.992785, -1.982854, -0.854589; 1, 10, 1, 0; 0.479541884562; 0, 2, 0; 1, 1, 0; 3, 1, 1 / 4, 1, 1 ;
0,4; -3.994270, -1.982087, -0.849850 / -3.994270, -1.982087, -0.849850 / -3.994270, -1.982087, -0.849850; 1, 10, 1, 0; 0.479551373552; 1, 0, 1; 0, 1, 0; 4, 1, 2 ;
0,4; -2.950360, -0.648590, -0.369607 / -2.950360, -0.648590, -0.369607 / -2.950360, -0.648590, -0.369607; 1, 10, 1, 0; 0.603035838643; 1, 0, 1; 0, 1, 0; 4, 1, 2 ;
0,4; -3.182037, -0.952526, -0.479859 / -3.182037, -0.952526, -0.479859 / -3.182037, -0.952526, -0.479859; 1, 10, 1, 0; 0.575555827699; 1, 0, 1; 1, 0, 0; 2, 1, 2 ;
0,4; -3.187597, -0.958852, -0.480122 / -3.187597, -0.958852, -0.480122 / -3.187597, -0.958852, -0.480122; 1, 10, 1, 0; 0.575566035798; 1, 0, 1; 1, 0, 0; 2, 1, 2 ;
0,4; -3.024249, -0.760398, -0.401121 / -3.024249, -0.760398, -0.401121 / -3.024249, -0.760398, -0.401121; 1, 10, 1, 0; 0.601805919616; 1, 0, 1; 1, 0, 0; 3, 1, 2 ;
0,4; -3.022232, -0.747865, -0.403741 / -3.022232, -0.747865, -0.403741 / -3.022232, -0.747865, -0.403741; 1, 10, 1, 0; 0.601815505928; 1, 0, 1; 1, 0, 0; 2, 1, 2 ;
0,4; -1.731633, 0.896438, 0.196119 / -1.730977, 0.896475, 0.196513 / -1.732290, 0.896401, 0.195726; 1, 14, 1, 0; 0.796103234717; 1, 0, 1; 1, 2, 0; 2, 1, 0 / 3, 1, 3 / 4, 5, 3 / 4, 6, 2 ;
0,4; -1.735746, 0.446525, 0.211546 / -1.734943, 0.447235, 0.212141 / -1.736549, 0.445814, 0.210950; 1, 14, 1, 0; 0.845538941063; 2, 1, 3; 3, 1, 0; 1, 9, 1 / 2, 9, 2 / 3, 1, 2 / 3, 7, 2 ;
0,4; -2.014166, 0.531633, 0.073094 / -2.014166, 0.531633, 0.073094 / -2.014166, 0.531633, 0.073094; 1, 14, 1, 0; 0.841884401047; 1, 0, 1; 0, 1, 0; 4, 1, 2 ;
0,4; -2.011384, 0.530797, 0.072955 / -2.011384, 0.530797, 0.072955 / -2.011384, 0.530797, 0.072955; 1, 14, 1, 0; 0.841884524148; 1, 0, 1; 0, 1, 0; 1, 1, 2 ;
0,4; -2.017744, 0.518167, 0.059499 / -2.017744, 0.518167, 0.059499 / -2.017744, 0.518167, 0.059499; 1, 14, 1, 0; 0.841886992317; 1, 0, 1; 0, 1, 0; 1, 1, 2 ;
0,4; -2.028044, 0.508401, 0.055962 / -2.028044, 0.508401, 0.055962 / -2.028044, 0.508401, 0.055962; 1, 14, 1, 0; 0.841898440683; 1, 0, 1; 0, 1, 0; 2, 5, 0 / 4, 1, 2 / 4, 3, 0 / 4, 4, 0 ;
0,4; -2.029210, 0.509600, 0.052965 / -2.029210, 0.509600, 0.052965 / -2.029210, 0.509600, 0.052965; 1, 14, 1, 0; 0.841899210063; 0, 1, 0; 0, 1, 0; 4, 1, 1 ;
0,4; -1.963031, 0.533878, 0.116991 / -1.963031, 0.533878, 0.116991 / -1.963031, 0.533878, 0.116991; 1, 14, 1, 0; 0.841973224365; 0, 1, 0; 0, 1, 0; 1, 1, 1 ;
0,4; -2.630543, -0.265321, -0.244521 / -2.630543, -0.265321, -0.244521 / -2.630543, -0.265321, -0.244521; 1, 14, 1, 0; 0.353262901262; 1, 0, 1; 1, 0, 0; 2, 1, 2 ;
0,4; -2.614618, -0.231990, -0.214492 / -2.614618, -0.231990, -0.214492 / -2.614618, -0.231990, -0.214492; 1, 14, 1, 0; 0.354300406355; 1, 0, 1; 1, 0, 0; 2, 1, 2 ;
0,4; -2.557662, -0.172009, -0.192010 / -2.557662, -0.172009, -0.192010 / -2.557662, -0.172009, -0.192010; 1, 14, 1, 0; 0.354561706077; 1, 0, 1; 1, 0, 0; 3, 1, 2 ;
0,4; -2.564435, -0.167760, -0.190826 / -2.564435, -0.167760, -0.190826 / -2.564435, -0.167760, -0.190826; 1, 14, 1, 0; 0.354573702242; 1, 0, 1; 1, 0, 0; 2, 5, 0 / 3, 1, 2 ;
0,4; -2.327402, 0.136427, -0.090891 / -2.327402, 0.136427, -0.090891 / -2.327402, 0.136427, -0.090891; 1, 14, 1, 0; 0.378180368391; 1, 0, 1; 1, 0, 0; 3, 1, 2 ;
0,4; -2.340959, 0.123032, -0.086581 / -2.340959, 0.123032, -0.086581 / -2.340959, 0.123032, -0.086581; 1, 14, 1, 0; 0.378182799630; 1, 0, 1; 1, 0, 0; 2, 1, 2 ;
0,4; -2.344035, 0.115727, -0.088543 / -2.344035, 0.115727, -0.088543 / -2.344035, 0.115727, -0.088543; 1, 14, 1, 0; 0.378183322808; 1, 0, 1; 1, 0, 0; 2, 1, 2 ;
0,4; -1.784481, 0.827301, 0.171920 / -1.784481, 0.827301, 0.171920 / -1.784481, 0.827301, 0.171920; 1, 14, 1, 0; 0.794839064287; 1, 0, 1; 1, 0, 0; 3, 1, 2 ;
0,4; -2.026133, 0.523576, 0.063897 / -2.026133, 0.523576, 0.063897 / -2.026133, 0.523576, 0.063897; 1, 14, 1, 0; 0.841896138700; 1, 0, 1; 1, 0, 0; 2, 1, 2 ;
0,4; -2.033427, 0.509639, 0.056975 / -2.033427, 0.509639, 0.056975 / -2.033427, 0.509639, 0.056975; 1, 14, 1, 0; 0.841898311428; 0, 1, 0; 1, 0, 0; 2, 10, 0 / 3, 1, 1 ;
0,4; -2.026636, 0.510545, 0.056235 / -2.026636, 0.510545, 0.056235 / -2.026636, 0.510545, 0.056235; 1, 14, 1, 0; 0.841898502234; 1, 0, 1; 1, 0, 0; 3, 1, 2 ;
0,4; -2.027280, 0.510380, 0.051056 / -2.027280, 0.510380, 0.051056 / -2.027280, 0.510380, 0.051056; 1, 14, 1, 0; 0.841899345474; 1, 0, 1; 1, 0, 0; 2, 1, 2 ;
0,4; -1.959746, 0.532992, 0.120333 / -1.959746, 0.532992, 0.120333 / -1.959746, 0.532992, 0.120333; 1, 14, 1, 0; 0.841973815248; 0, 1, 0; 1, 0, 0; 2, 1, 1 ;
0,4; -1.456636, 1.242491, 0.327795 / -1.456636, 1.242491, 0.327795 / -1.456636, 1.242491, 0.327795; 1, 17, 1, 0; 0.902962632062; 1, 0, 1; 1, 0, 0; 3, 1, 2 ;
0,4; -1.116966, 1.684299, 0.484154 / -1.116966, 1.684299, 0.484154 / -1.116966, 1.684299, 0.484154; 1, 17, 1, 0; 0.958073184749; 0, 1, 0; 1, 0, 0; 3, 1, 1 ;
0,4; -0.563782, 2.393359, 0.742252 / -0.563388, 2.394159, 0.742510 / -0.564176, 2.392560, 0.741995; 1, 25, 1, 0; 0.594199794265; 1, 0, 2; 1, 1, 0; 2, 1, 2 / 4, 8, 2 ;
0,4; -0.562196, 2.394821, 0.744329 / -0.562196, 2.394821, 0.744329 / -0.562196, 2.394821, 0.744329; 1, 25, 1, 0; 0.594215713000; 1, 0, 1; 0, 1, 0; 4, 1, 2 ;
0,4; -0.557687, 2.398049, 0.747972 / -0.557687, 2.398049, 0.747972 / -0.557687, 2.398049, 0.747972; 1, 25, 1, 0; 0.594216690240; 1, 0, 1; 0, 1, 0; 4, 1, 2 ;
0,4; -0.528113, 2.429995, 0.757252 / -0.528113, 2.429995, 0.757252 / -0.528113, 2.429995, 0.757252; 1, 25, 1, 0; 0.594833294758; 1, 0, 1; 1, 0, 0; 3, 1, 2 ;
0,4; 0.006146, 3.123172, 1.009271 / 0.006921, 3.123700, 1.010047 / 0.005372, 3.122643, 1.008494; 1, 26, 1, 0; 0.447834829197; 1, 0, 2; 3, 1, 0; 1, 1, 2 / 2, 4, 3 / 2, 6, 3 / 2, 8, 2 ;
0,4; 0.403172, 3.627989, 1.198746 / 0.403730, 3.628035, 1.199094 / 0.402614, 3.627944, 1.198398; 1, 26, 1, 0; 0.511427534182; 2, 1, 1; 1, 1, 0; 1, 2, 1 / 2, 1, 2 ;
0,4; 0.005649, 3.123318, 1.007960 / 0.005927, 3.123907, 1.008856 / 0.005372, 3.122730, 1.007063; 1, 26, 1, 0; 0.447834872059; 0, 1, 0; 3, 0, 0; 2, 1, 3 / 2, 3, 2 / 2, 10, 1 ;
0,4; 0.404243, 3.632691, 1.194914 / 0.404243, 3.632691, 1.194914 / 0.404243, 3.632691, 1.194914; 1, 26, 1, 0; 0.511427319875; 1, 0, 1; 1, 0, 0; 2, 1, 2 ;
0,4; 0.401006, 3.632614, 1.195826 / 0.401006, 3.632614, 1.195826 / 0.401006, 3.632614, 1.195826; 1, 26, 1, 0; 0.511428382838; 1, 0, 1; 1, 0, 0; 3, 1, 2 ;
0,4; 0.400473, 3.628279, 1.198131 / 0.400473, 3.628279, 1.198131 / 0.400473, 3.628279, 1.198131; 1, 26, 1, 0; 0.511428554284; 1, 0, 1; 1, 0, 0; 2, 1, 2 ;
1,5; -0.13666, -2.85638, -3.3132 / -0.13666, -2.85638, -3.3132 / -0.13666, -2.85638, -3.3132; 1, 1, 1, 0; 0.987507594240; 0, 1, 0; 0, 1, 0; 1, 1, 1 / 4, 5, 0 ;
0,5; -0.148686, -2.841138, -3.301476 / -0.148686, -2.841138, -3.301476 / -0.148686, -2.841138, -3.301476; 1, 1, 1, 0; 0.987512791548; 1, 0, 1; 0, 1, 0; 1, 1, 2 ;
0,5; -0.217008, -2.702089, -3.223883 / -0.216509, -2.701856, -3.223736 / -0.217506, -2.702323, -3.224029; 1, 3, 1, 0; 0.069506969378; 2, 2, 1; 2, 1, 0; 1, 1, 1 / 2, 1, 1 / 2, 2, 2 ;
0,5; -0.215031, -2.703119, -3.223477 / -0.215031, -2.703119, -3.223477 / -0.215031, -2.703119, -3.223477; 1, 3, 1, 0; 0.069506501932; 0, 1, 0; 0, 1, 0; 1, 1, 1 ;
0,5; -0.215343, -2.705650, -3.219466 / -0.215290, -2.705598, -3.218934 / -0.215396, -2.705701, -3.219998; 1, 3, 1, 0; 0.069513912563; 2, 1, 1; 2, 0, 0; 3, 1, 1 / 3, 4, 2 ;
0,5; -0.250904, -2.649382, -3.202244 / -0.250904, -2.649382, -3.202244 / -0.250904, -2.649382, -3.202244; 1, 3, 1, 0; 0.069015026777; 1, 0, 1; 1, 0, 0; 3, 1, 2 ;
0,5; -0.246928, -2.640719, -3.193454 / -0.246928, -2.640719, -3.193454 / -0.246928, -2.640719, -3.193454; 1, 3, 1, 0; 0.069022747696; 1, 0, 1; 1, 0, 0; 3, 1, 2 ;
0,5; -0.206685, -2.698539, -3.226332 / -0.206685, -2.698539, -3.226332 / -0.206685, -2.698539, -3.226332; 1, 3, 1, 0; 0.069505772555; 1, 0, 1; 1, 0, 0; 3, 1, 2 ;
0,5; -0.217436, -2.698550, -3.227062 / -0.217436, -2.698550, -3.227062 / -0.217436, -2.698550, -3.227062; 1, 3, 1, 0; 0.069506888784; 1, 0, 1; 1, 0, 0; 3, 1, 2 ;
0,5; -0.216018, -2.699691, -3.219635 / -0.216018, -2.699691, -3.219635 / -0.216018, -2.699691, -3.219635; 1, 3, 1, 0; 0.069514021366; 1, 0, 1; 1, 0, 0; 2, 1, 2 ;
0,5; -1.354525, -0.479816, -2.026684 / -1.354325, -0.479630, -2.026431 / -1.354725, -0.480002, -2.026936; 1, 5, 1, 0; 0.966343186294; 2, 2, 1; 1, 2, 1; 1, 6, 2 / 3, 1, 1 / 4, 1, 1 ;
0,5; -1.120014, -0.935617, -2.272680 / -1.119993, -0.935347, -2.272367 / -1.120034, -0.935887, -2.272993; 1, 5, 1, 0; 0.444716957737; 1, 0, 2; 1, 1, 0; 1, 5, 2 / 3, 1, 2 ;
0,5; -0.538800, -2.066176, -2.886518 / -0.538800, -2.066176, -2.886518 / -0.538800, -2.066176, -2.886518; 1, 5, 1, 0; 0.153162567965; 1, 0, 1; 0, 1, 0; 4, 1, 2 ;
0,5; -0.741585, -1.671546, -2.671197 / -0.741585, -1.671546, -2.671197 / -0.741585, -1.671546, -2.671197; 1, 5, 1, 0; 0.318131466250; 1, 0, 1; 0, 1, 0; 1, 1, 2 ;
0,5; -0.750516, -1.685752, -2.674601 / -0.750516, -1.685752, -2.674601 / -0.750516, -1.685752, -2.674601; 1, 5, 1, 0; 0.318134838135; 0, 1, 0; 0, 1, 0; 1, 1, 1 ;
0,5; -1.019290, -1.136862, -2.382828 / -1.019290, -1.136862, -2.382828 / -1.019290, -1.136862, -2.382828; 1, 5, 1, 0; 0.444245594741; 1, 0, 1; 0, 1, 0; 1, 1, 2 ;
0,5; -1.104917, -0.936547, -2.273547 / -1.104917, -0.936547, -2.273547 / -1.104917, -0.936547, -2.273547; 1, 5, 1, 0; 0.444717982045; 0, 1, 0; 0, 1, 0; 4, 1, 1 ;
0,5; -0.755608, -1.679997, -2.681404 / -0.755608, -1.679997, -2.681404 / -0.755608, -1.679997, -2.681404; 1, 5, 1, 0; 0.318127584662; 1, 0, 1; 1, 0, 0; 3, 1, 2 ;
0,5; -0.794887, -1.574211, -2.619356 / -0.794887, -1.574211, -2.619356 / -0.794887, -1.574211, -2.619356; 1, 5, 1, 0; 0.319946667372; 1, 0, 1; 1, 0, 0; 2, 1, 2 ;
0,5; -1.104673, -0.933191, -2.276133 / -1.104673, -0.933191, -2.276133 / -1.104673, -0.933191, -2.276133; 1, 5, 1, 0; 0.444709464115; 0, 1, 0; 1, 0, 0; 2, 1, 1 ;
0,5; -1.366517, -0.455990, -2.013633 / -1.366517, -0.455990, -2.013633 / -1.366517, -0.455990, -2.013633; 1, 5, 1, 0; 0.964730592305; 0, 0, 0; 1, 0, 0; 3, 1, 3 ;
0,5; -1.315833, -0.570385, -2.079348 / -1.315833, -0.570385, -2.079348 / -1.315833, -0.570385, -2.079348; 1, 5, 1, 0; 0.965178543248; 1, 0, 1; 1, 0, 0; 3, 1, 2 ;
0,5; -1.579022, -0.010733, -1.327037 / -1.579022, -0.010733, -1.327037 / -1.579022, -0.010733, -1.327037; 1, 6, 1, 0; 0.983335078088; 1, 0, 1; 0, 1, 0; 4, 1, 2 ;
0,5; -1.814897, 0.127778, -1.957047 / -1.814897, 0.127778, -1.957047 / -1.814897, 0.127778, -1.957047; 1, 6, 1, 0; 0.356284506681; 1, 0, 1; 1, 0, 0; 2, 1, 2 ;
0,5; -1.624640, 0.048286, -1.747605 / -1.624640, 0.048286, -1.747605 / -1.624640, 0.048286, -1.747605; 1, 6, 1, 0; 0.757295974029; 1, 0, 1; 1, 0, 0; 3, 1, 2 ;
0,5; -1.629485, 0.048197, -1.741362 / -1.629485, 0.048197, -1.741362 / -1.629485, 0.048197, -1.741362; 1, 6, 1, 0; 0.757296405316; 1, 0, 1; 1, 0, 0; 3, 1, 2 ;
0,5; -1.624973, 0.048530, -1.722591 / -1.624973, 0.048530, -1.722591 / -1.624973, 0.048530, -1.722591; 1, 6, 1, 0; 0.757313563700; 1, 0, 1; 1, 0, 0; 3, 1, 2 ;
0,5; -2.251569, 1.296223, -1.081081 / -2.251569, 1.296223, -1.081081 / -2.251569, 1.296223, -1.081081; 1, 7, 1, 0; 0.525543797640; 1, 0, 1; 0, 1, 0; 1, 1, 2 ;
0,5; -2.261535, 1.300990, -1.071609 / -2.261535, 1.300990, -1.071609 / -2.261535, 1.300990, -1.071609; 1, 7, 1, 0; 0.525550803298; 1, 0, 1; 0, 1, 0; 1, 1, 2 ;
0,5; -2.266347, 1.290822, -1.063069 / -2.266347, 1.290822, -1.063069 / -2.266347, 1.290822, -1.063069; 1, 7, 1, 0; 0.525557532822; 1, 0, 1; 1, 0, 0; 2, 1, 2 ;
0,5; -2.416069, 1.580331, -0.909148 / -2.416069, 1.580331, -0.909148 / -2.416069, 1.580331, -0.909148; 1, 7, 1, 0; 0.952737392115; 1, 0, 1; 1, 0, 0; 3, 1, 2 ;
0,5; -2.532557, 1.811620, -0.792897 / -2.532557, 1.811620, -0.792897 / -2.532557, 1.811620, -0.792897; 1, 7, 1, 0; 0.955539333450; 1, 0, 1; 1, 0, 0; 3, 1, 2 ;
0,5; -2.530199, 1.809702, -0.787979 / -2.530199, 1.809702, -0.787979 / -2.530199, 1.809702, -0.787979; 1, 7, 1, 0; 0.955548911259; 1, 0, 1; 1, 0, 0; 1, 1, 0 / 2, 1, 2 / 4, 7, 0 ;
0,5; -1.860286, 0.742405, -1.080559 / -1.860059, 0.742635, -1.080054 / -1.860513, 0.742175, -1.081064; 1, 10, 1, 0; 0.272364483172; 2, 1, 1; 1, 1, 0; 2, 5, 2 / 4, 1, 1 ;
0,5; -1.951915, 0.657101, -1.397954 / -1.951915, 0.657101, -1.397954 / -1.951915, 0.657101, -1.397954; 1, 10, 1, 0; 0.007506985626; 1, 0, 1; 0, 1, 0; 1, 1, 2 ;
0,5; -1.953263, 0.660726, -1.400291 / -1.953263, 0.660726, -1.400291 / -1.953263, 0.660726, -1.400291; 1, 10, 1, 0; 0.007507131611; 1, 0, 1; 0, 1, 0; 1, 1, 2 ;
0,5; -1.798676, 0.320766, -1.518423 / -1.798676, 0.320766, -1.518423 / -1.798676, 0.320766, -1.518423; 1, 10, 1, 0; 0.044057978537; 0, 1, 0; 1, 0, 0; 2, 1, 1 ;
0,5; -1.756831, 0.248189, -1.423032 / -1.756831, 0.248189, -1.423032 / -1.756831, 0.248189, -1.423032; 1, 10, 1, 0; 0.051771748440; 1, 0, 1; 1, 0, 0; 2, 1, 2 ;
0,5; -1.948290, 0.822977, -1.143156 / -1.948290, 0.822977, -1.143156 / -1.948290, 0.822977, -1.143156; 1, 10, 1, 0; 0.271720605219; 0, 1, 0; 1, 0, 0; 2, 1, 1 ;
0,5; -1.824453, 0.718846, -1.066866 / -1.824453, 0.718846, -1.066866 / -1.824453, 0.718846, -1.066866; 1, 10, 1, 0; 0.273220649555; 1, 0, 1; 1, 0, 0; 2, 1, 2 ;
0,5; -1.802329, 0.684159, -1.110099 / -1.802329, 0.684159, -1.110099 / -1.802329, 0.684159, -1.110099; 1, 10, 1, 0; 0.273710200312; 1, 0, 1; 1, 0, 0; 2, 1, 2 / 3, 1, 0 ;
0,5; -1.799920, 0.690752, -1.109139 / -1.799920, 0.690752, -1.109139 / -1.799920, 0.690752, -1.109139; 1, 10, 1, 0; 0.273710681520; 0, 0, 0; 1, 0, 0; 3, 1, 3 ;
0,5; -1.799376, 0.684274, -1.110479 / -1.799376, 0.684274, -1.110479 / -1.799376, 0.684274, -1.110479; 1, 10, 1, 0; 0.273710843725; 1, 0, 1; 1, 0, 0; 2, 1, 2 ;
0,5; -1.807899, 0.687383, -1.099347 / -1.807899, 0.687383, -1.099347 / -1.807899, 0.687383, -1.099347; 1, 10, 1, 0; 0.273719624420; 1, 0, 1; 1, 0, 0; 2, 1, 2 ;
0,5; -3.157602, 3.028844, -0.125670 / -3.157602, 3.028844, -0.125670 / -3.157602, 3.028844, -0.125670; 1, 14, 1, 0; 0.586222506995; 1, 0, 1; 0, 1, 0; 4, 1, 2 ;
0,5; -2.224639, 1.210927, -1.104406 / -2.224639, 1.210927, -1.104406 / -2.224639, 1.210927, -1.104406; 1, 14, 1, 0; 0.065102432101; 1, 0, 1; 1, 0, 0; 3, 1, 2 ;
0,5; -2.837229, 2.408830, -0.461328 / -2.837229, 2.408830, -0.461328 / -2.837229, 2.408830, -0.461328; 1, 14, 1, 0; 0.238940170593; 1, 0, 1; 1, 0, 0; 2, 1, 2 ;
1,6; -1.78713, 2.2562, -3.5037 / -1.78642, 2.2565, -3.50295 / -1.78783, 2.25591, -3.50445; 1, 2, 1, 0; 0.124767786342; 2, 1, 1; 2, 0, 0; 2, 3, 0 / 2, 4, 0 / 2, 7, 2 / 3, 1, 1 ;
0,6; -1.796679, 2.259646, -3.512930 / -1.796679, 2.259646, -3.512930 / -1.796679, 2.259646, -3.512930; 1, 2, 1, 0; 0.124766999231; 1, 0, 1; 1, 0, 0; 3, 1, 2 ;
0,6; -1.788361, 2.255922, -3.502075 / -1.787831, 2.255934, -3.501198 / -1.788890, 2.255910, -3.502952; 1, 2, 1, 0; 0.124767810074; 1, 0, 1; 2, 0, 0; 2, 1, 2 / 3, 9, 2 ;
0,6; -1.645004, 2.207516, -3.243039 / -1.645004, 2.207516, -3.243039 / -1.645004, 2.207516, -3.243039; 1, 2, 1, 0; 0.210196888577; 1, 0, 1; 1, 0, 0; 2, 1, 2 ;
0,6; -1.710296, 2.229778, -3.361300 / -1.710296, 2.229778, -3.361300 / -1.710296, 2.229778, -3.361300; 1, 2, 1, 0; 0.210237296261; 0, 1, 0; 1, 0, 0; 3, 1, 1 ;
0,6; -1.413767, 2.120384, -2.795047 / -1.413767, 2.120384, -2.795047 / -1.413767, 2.120384, -2.795047; 1, 2, 1, 0; 0.733041026298; 1, 0, 1; 1, 0, 0; 3, 1, 2 ;
0,6; -1.011545, 1.974293, -2.041118 / -1.011226, 1.974535, -2.040373 / -1.011864, 1.974052, -2.041863; 1, 6, 1, 0; 0.481913510181; 1, 0, 2; 1, 1, 0; 1, 10, 2 / 3, 1, 2 ;
0,6; -0.981699, 1.966436, -1.985023 / -0.981699, 1.966436, -1.985023 / -0.981699, 1.966436, -1.985023; 1, 6, 1, 0; 0.481777978065; 1, 0, 1; 0, 1, 0; 4, 1, 2 ;
0,6; -1.357691, 2.095923, -2.695820 / -1.357691, 2.095923, -2.695820 / -1.357691, 2.095923, -2.695820; 1, 6, 1, 0; 0.057277311040; 1, 0, 1; 1, 0, 0; 2, 1, 2 ;
0,6; -0.984310, 1.967114, -1.997249 / -0.984310, 1.967114, -1.997249 / -0.984310, 1.967114, -1.997249; 1, 6, 1, 0; 0.481768577957; 1, 0, 1; 1, 0, 0; 3, 1, 2 ;
0,6; -0.996838, 1.976476, -2.030590 / -0.996838, 1.976476, -2.030590 / -0.996838, 1.976476, -2.030590; 1, 6, 1, 0; 0.481903414131; 1, 0, 1; 1, 0, 0; 3, 1, 2 ;
0,6; -1.011125, 1.976427, -2.035127 / -1.011125, 1.976427, -2.035127 / -1.011125, 1.976427, -2.035127; 1, 6, 1, 0; 0.481912868150; 1, 0, 1; 1, 0, 0; 2, 1, 2 ;
0,6; -0.509570, 1.803173, -1.095273 / -0.509115, 1.803428, -1.094864 / -0.510026, 1.802919, -1.095681; 1, 7, 1, 0; 0.567419626685; 1, 0, 2; 1, 1, 0; 2, 1, 2 / 4, 1, 2 ;
0,6; -0.865429, 1.924464, -1.765533 / -0.865429, 1.924464, -1.765533 / -0.865429, 1.924464, -1.765533; 1, 7, 1, 0; 0.041920941397; 0, 1, 0; 0, 1, 0; 2, 6, 0 / 4, 1, 1 / 4, 8, 0 ;
0,6; -0.628236, 1.840097, -1.309870 / -0.628236, 1.840097, -1.309870 / -0.628236, 1.840097, -1.309870; 1, 7, 1, 0; 0.464186627680; 1, 0, 1; 0, 1, 0; 4, 1, 2 ;
0,6; -0.625783, 1.836196, -1.315976 / -0.625783, 1.836196, -1.315976 / -0.625783, 1.836196, -1.315976; 1, 7, 1, 0; 0.464187266883; 1, 0, 1; 0, 1, 0; 4, 1, 2 ;
0,6; -0.511207, 1.794834, -1.098412 / -0.511207, 1.794834, -1.098412 / -0.511207, 1.794834, -1.098412; 1, 7, 1, 0; 0.567411071600; 1, 0, 1; 0, 1, 0; 1, 1, 2 ;
0,6; -0.514463, 1.796584, -1.085949 / -0.514258, 1.796599, -1.085765 / -0.514667, 1.796569, -1.086132; 1, 7, 1, 0; 0.567420163615; 2, 1, 1; 2, 0, 0; 1, 3, 0 / 2, 1, 2 / 2, 2, 1 / 2, 3, 0 ;
0,6; -0.864512, 1.918586, -1.769209 / -0.864512, 1.918586, -1.769209 / -0.864512, 1.918586, -1.769209; 1, 7, 1, 0; 0.041912186880; 1, 0, 1; 1, 0, 0; 2, 1, 2 ;
0,6; -0.628633, 1.835648, -1.309266 / -0.628633, 1.835648, -1.309266 / -0.628633, 1.835648, -1.309266; 1, 7, 1, 0; 0.464187496996; 1, 0, 1; 1, 0, 0; 2, 1, 2 / 4, 7, 0 ;
0,6; -0.511424, 1.789209, -1.090484 / -0.511424, 1.789209, -1.090484 / -0.511424, 1.789209, -1.090484; 1, 7, 1, 0; 0.567420976681; 1, 0, 1; 1, 0, 0; 2, 1, 2 ;
0,6; -0.165308, 1.672402, -0.443165 / -0.165308, 1.672402, -0.443165 / -0.165308, 1.672402, -0.443165; 1, 13, 1, 0; 0.432967361078; 1, 0, 1; 0, 1, 0; 1, 1, 2 / 1, 10, 0 / 4, 6, 0 ;
0,6; -0.179432, 1.663790, -0.423463 / -0.179432, 1.663790, -0.423463 / -0.179432, 1.663790, -0.423463; 1, 13, 1, 0; 0.432991556522; 1, 0, 1; 0, 1, 0; 2, 8, 0 / 4, 1, 2 ;
0,6; -0.164276, 1.669742, -0.437635 / -0.164276, 1.669742, -0.437635 / -0.164276, 1.669742, -0.437635; 1, 13, 1, 0; 0.432978618638; 1, 0, 1; 1, 0, 0; 3, 1, 2 ;
0,6; -0.170380, 1.676271, -0.418912 / -0.170380, 1.676271, -0.418912 / -0.170380, 1.676271, -0.418912; 1, 13, 1, 0; 0.432989260694; 0, 1, 0; 1, 0, 0; 3, 1, 1 ;
0,6; -0.162212, 1.683517, -0.412818 / -0.162212, 1.683517, -0.412818 / -0.162212, 1.683517, -0.412818; 1, 13, 1, 0; 0.432999601154; 1, 0, 1; 1, 0, 0; 2, 1, 2 ;
0,6; 0.082603, 1.581316, 0.023884 / 0.082928, 1.581558, 0.024497 / 0.082278, 1.581075, 0.023271; 1, 17, 1, 0; 0.633739018661; 1, 0, 2; 0, 2, 1; 1, 3, 2 / 4, 1, 2 ;
0,6; 0.082980, 1.582181, 0.018169 / 0.082980, 1.582181, 0.018169 / 0.082980, 1.582181, 0.018169; 1, 17, 1, 0; 0.633738049206; 1, 0, 1; 0, 1, 0; 1, 1, 2 ;
0,6; 0.653470, 1.374500, 1.100928 / 0.653663, 1.374635, 1.101112 / 0.653277, 1.374365, 1.100744; 1, 25, 1, 0; 0.804135236381; 2, 1, 1; 0, 2, 0; 1, 1, 1 / 1, 2, 2 ;
0,6; 0.424265, 1.459173, 0.667793 / 0.424265, 1.459173, 0.667793 / 0.424265, 1.459173, 0.667793; 1, 25, 1, 0; 0.681646933265; 1, 0, 1; 1, 0, 0; 3, 1, 2 ;
0,6; 0.653953, 1.372998, 1.101198 / 0.654242, 1.374365, 1.101284 / 0.653663, 1.371631, 1.101112; 1, 25, 1, 0; 0.804135244953; 1, 0, 1; 1, 1, 0; 1, 1, 2 / 2, 10, 2 ;
0,6; 0.673753, 1.371698, 1.129886 / 0.673753, 1.371698, 1.129886 / 0.673753, 1.371698, 1.129886; 1, 25, 1, 0; 0.804994539454; 1, 0, 1; 1, 0, 0; 3, 1, 2 ;
0,6; 0.675573, 1.368214, 1.137048 / 0.675573, 1.368214, 1.137048 / 0.675573, 1.368214, 1.137048; 1, 25, 1, 0; 0.804995216665; 1, 0, 1; 1, 0, 0; 2, 1, 2 / 4, 1, 0 / 4, 3, 0 ;
0,6; 0.705526, 1.363625, 1.184537 / 0.705526, 1.363625, 1.184537 / 0.705526, 1.363625, 1.184537; 1, 25, 1, 0; 0.805853045305; 1, 0, 1; 1, 0, 0; 3, 1, 2 ;
0,6; 1.287603, 1.149254, 2.296881 / 1.288522, 1.149574, 2.297448 / 1.286684, 1.148935, 2.296314; 1, 31, 1, 0; 0.730881824831; 1, 0, 2; 1, 1, 0; 3, 8, 2 / 4, 1, 2 ;
0,6; 1.121079, 1.209058, 1.984420 / 1.121079, 1.209058, 1.984420 / 1.121079, 1.209058, 1.984420; 1, 31, 1, 0; 0.196035087487; 0, 1, 0; 0, 1, 0; 4, 1, 1 ;
0,6; 1.279515, 1.153119, 2.279270 / 1.279515, 1.153119, 2.279270 / 1.279515, 1.153119, 2.279270; 1, 31, 1, 0; 0.730861423592; 1, 0, 1; 0, 1, 0; 1, 1, 2 ;
0,6; 1.306284, 1.142168, 2.334130 / 1.306284, 1.142168, 2.334130 / 1.306284, 1.142168, 2.334130; 1, 31, 1, 0; 0.730949142311; 1, 0, 1; 0, 1, 0; 4, 1, 2 ;
0,6; 1.168343, 1.193257, 2.071577 / 1.168343, 1.193257, 2.071577 / 1.168343, 1.193257, 2.071577; 1, 31, 1, 0; 0.194079058106; 0, 1, 0; 1, 0, 0; 2, 1, 1 ;
0,6; 1.130451, 1.210674, 2.001210 / 1.130451, 1.210674, 2.001210 / 1.130451, 1.210674, 2.001210; 1, 31, 1, 0; 0.196031022662; 1, 0, 1; 1, 0, 0; 3, 1, 2 ;
0,6; 1.280674, 1.155772, 2.282121 / 1.280674, 1.155772, 2.282121 / 1.280674, 1.155772, 2.282121; 1, 31, 1, 0; 0.730862646345; 1, 0, 1; 1, 0, 0; 3, 1, 2 ;
0,6; 1.302771, 1.141618, 2.328484 / 1.302771, 1.141618, 2.328484 / 1.302771, 1.141618, 2.328484; 1, 31, 1, 0; 0.730929974840; 1, 0, 1; 1, 0, 0; 3, 1, 2 ;
0,6; 1.335730, 1.131655, 2.403083 / 1.335730, 1.131655, 2.403083 / 1.335730, 1.131655, 2.403083; 1, 31, 1, 0; 0.731946632914; 1, 0, 1; 1, 0, 0; 3, 1, 2 ;
0,6; 1.365702, 1.122471, 2.448127 / 1.365702, 1.122471, 2.448127 / 1.365702, 1.122471, 2.448127; 1, 31, 1, 0; 0.733033582731; 1, 0, 1; 1, 0, 0; 3, 1, 2 ;
0,6; 1.373717, 1.122213, 2.467303 / 1.373717, 1.122213, 2.467303 / 1.373717, 1.122213, 2.467303; 1, 31, 1, 0; 0.733042869040; 1, 0, 1; 1, 0, 0; 2, 1, 2 ;
0,6; 1.408176, 1.108607, 2.537231 / 1.408176, 1.108607, 2.537231 / 1.408176, 1.108607, 2.537231; 1, 35, 1, 0; 0.109328198628; 1, 0, 1; 0, 1, 0; 3, 6, 0 / 4, 1, 2 ;
0,6; 1.427053, 1.099061, 2.563723 / 1.427053, 1.099061, 2.563723 / 1.427053, 1.099061, 2.563723; 1, 35, 1, 0; 0.109365053601; 0, 1, 0; 0, 1, 0; 4, 1, 1 / 4, 2, 0 / 4, 3, 0 / 4, 4, 0 ;
0,6; 1.382598, 1.115493, 2.479382 / 1.382606, 1.115493, 2.479524 / 1.382589, 1.115492, 2.479240; 1, 35, 1, 0; 0.109501253404; 2, 1, 1; 2, 0, 0; 3, 1, 1 / 3, 2, 2 ;
0,6; 1.410380, 1.101386, 2.541555 / 1.410380, 1.101386, 2.541555 / 1.410380, 1.101386, 2.541555; 1, 35, 1, 0; 0.109324669001; 1, 0, 1; 1, 0, 0; 2, 1, 2 ;
0,6; 1.393783, 1.106345, 2.506406 / 1.393783, 1.106345, 2.506406 / 1.393783, 1.106345, 2.506406; 1, 35, 1, 0; 0.109488216972; 1, 0, 1; 1, 0, 0; 2, 1, 2 ;
0,6; 1.516385, 1.068339, 2.732639 / 1.516385, 1.068339, 2.732639 / 1.516385, 1.068339, 2.732639; 1, 35, 1, 0; 0.113567499607; 1, 0, 1; 1, 0, 0; 2, 3, 0 / 3, 1, 2 ;
0,6; 1.631162, 1.025592, 2.954198 / 1.631162, 1.025592, 2.954198 / 1.631162, 1.025592, 2.954198; 1, 39, 1, 0; 0.471056388496; 1, 0, 1; 1, 0, 0; 3, 1, 2 ;
0,6; 1.655235, 1.024050, 2.989718 / 1.655235, 1.024050, 2.989718 / 1.655235, 1.024050, 2.989718; 1, 39, 1, 0; 0.471153512494; 1, 0, 1; 1, 0, 0; 3, 1, 2 ;
0,6; 1.652100, 1.019337, 2.989941 / 1.652100, 1.019337, 2.989941 / 1.652100, 1.019337, 2.989941; 1, 39, 1, 0; 0.471154188276; 0, 1, 0; 1, 0, 0; 2, 1, 1 ;
0,6; 1.749817, 0.985053, 3.179061 / 1.749817, 0.985053, 3.179061 / 1.749817, 0.985053, 3.179061; 1, 42, 1, 0; 0.444714485987; 0, 1, 0; 1, 0, 0; 3, 1, 1 ;
0,6; 1.773667, 0.975892, 3.220216 / 1.773667, 0.975892, 3.220216 / 1.773667, 0.975892, 3.220216; 1, 42, 1, 0; 0.444812452800; 1, 0, 1; 1, 0, 0; 3, 1, 2 ;
0,6; 1.740772, 0.988035, 3.158088 / 1.740772, 0.988035, 3.158088 / 1.740772, 0.988035, 3.158088; 1, 42, 1, 0; 0.445008887109; 1, 0, 1; 1, 0, 0; 3, 1, 2 ;
0,6; 1.978531, 0.902959, 3.607852 / 1.978531, 0.902959, 3.607852 / 1.978531, 0.902959, 3.607852; 1, 45, 1, 0; 0.071278835489; 1, 0, 1; 1, 0, 0; 3, 1, 2 ;
0,6; 1.975586, 0.903546, 3.599077 / 1.975586, 0.903546, 3.599077 / 1.975586, 0.903546, 3.599077; 1, 45, 1, 0; 0.071279954820; 1, 0, 1; 1, 0, 0; 3, 1, 2 / 3, 2, 0 ;
0,6; 2.082212, 0.863499, 3.804116 / 2.082212, 0.863499, 3.804116 / 2.082212, 0.863499, 3.804116; 1, 46, 1, 0; 0.285623125315; 1, 0, 1; 0, 1, 0; 1, 1, 2 ;
0,6; 2.083837, 0.861782, 3.808542 / 2.083837, 0.861782, 3.808542 / 2.083837, 0.861782, 3.808542; 1, 46, 1, 0; 0.285622272108; 1, 0, 1; 1, 0, 0; 3, 1, 2 ;
1,7; -0.560051, -0.855655, -4.53548 / -0.560051, -0.855655, -4.53548 / -0.560051, -0.855655, -4.53548; 1, 1, 1, 0; 0.013975964231; 0, 1, 0; 0, 1, 0; 1, 1, 1 ;
0,7; -0.537213, -0.838043, -4.446422 / -0.537213, -0.838043, -4.446422 / -0.537213, -0.838043, -4.446422; 1, 1, 1, 0; 0.014541145749; 0, 1, 0; 0, 1, 0; 4, 1, 1 ;
0,7; -0.534827, -0.833517, -4.427312 / -0.534827, -0.833517, -4.427312 / -0.534827, -0.833517, -4.427312; 1, 1, 1, 0; 0.014555855634; 0, 1, 0; 0, 1, 0; 1, 1, 1 ;
0,7; -0.532789, -0.831645, -4.420372 / -0.532789, -0.831645, -4.420372 / -0.532789, -0.831645, -4.420372; 1, 1, 1, 0; 0.014555966383; 0, 1, 0; 0, 1, 0; 4, 1, 1 ;
0,7; -0.408901, -0.708065, -3.856609 / -0.408901, -0.708065, -3.856609 / -0.408901, -0.708065, -3.856609; 1, 1, 1, 0; 0.418612069620; 0, 1, 0; 0, 1, 0; 4, 1, 1 ;
0,7; -0.335020, -0.635691, -3.532278 / -0.335020, -0.635691, -3.532278 / -0.335020, -0.635691, -3.532278; 1, 1, 1, 0; 0.812032538944; 0, 1, 0; 0, 1, 0; 4, 1, 1 ;
0,7; -0.329862, -0.630197, -3.504587 / -0.329862, -0.630197, -3.504587 / -0.329862, -0.630197, -3.504587; 1, 1, 1, 0; 0.812047921235; 0, 0, 0; 0, 1, 0; 4, 1, 3 ;
0,7; -0.335945, -0.635837, -3.536082 / -0.335930, -0.635776, -3.535821 / -0.335960, -0.635897, -3.536343; 1, 1, 1, 0; 0.812032479614; 1, 0, 2; 2, 0, 0; 2, 1, 2 / 3, 3, 2 ;
0,7; -0.531697, -0.806166, -4.379096 / -0.531697, -0.806166, -4.379096 / -0.531697, -0.806166, -4.379096; 1, 1, 1, 0; 0.014445058840; 1, 0, 1; 1, 0, 0; 3, 1, 2 ;
0,7; -0.535467, -0.833165, -4.428881 / -0.535467, -0.833165, -4.428881 / -0.535467, -0.833165, -4.428881; 1, 1, 1, 0; 0.014555784438; 0, 1, 0; 1, 0, 0; 2, 1, 1 ;
0,7; -0.410196, -0.710179, -3.867173 / -0.410196, -0.710179, -3.867173 / -0.410196, -0.710179, -3.867173; 1, 1, 1, 0; 0.418604530755; 0, 0, 0; 1, 0, 0; 2, 1, 3 ;
0,7; -0.409258, -0.714792, -3.858733 / -0.409258, -0.714792, -3.858733 / -0.409258, -0.714792, -3.858733; 1, 1, 1, 0; 0.418610890931; 1, 0, 1; 1, 0, 0; 3, 1, 2 / 3, 2, 0 / 3, 3, 0 / 4, 3, 0 ;
0,7; -0.336690, -0.635167, -3.512687 / -0.336690, -0.635167, -3.512687 / -0.336690, -0.635167, -3.512687; 1, 1, 1, 0; 0.812046643662; 1, 0, 1; 1, 0, 0; 2, 1, 2 / 2, 10, 0 ;
0,7; -0.334435, -0.632510, -3.511987 / -0.334435, -0.632510, -3.511987 / -0.334435, -0.632510, -3.511987; 1, 1, 1, 0; 0.812047138079; 1, 0, 1; 1, 0, 0; 3, 1, 2 ;
0,7; -0.336268, -0.630714, -3.504444 / -0.336268, -0.630714, -3.504444 / -0.336268, -0.630714, -3.504444; 1, 1, 1, 0; 0.812047280471; 1, 0, 1; 1, 0, 0; 3, 1, 2 ;
0,7; -0.327376, -0.629004, -3.508215 / -0.327376, -0.629004, -3.508215 / -0.327376, -0.629004, -3.508215; 1, 1, 1, 0; 0.812048340500; 1, 0, 1; 1, 0, 0; 3, 1, 2 ;
0,7; -0.322437, -0.623056, -3.472039 / -0.322437, -0.623056, -3.472039 / -0.322437, -0.623056, -3.472039; 1, 1, 1, 0; 0.812070055280; 1, 0, 1; 1, 0, 0; 3, 1, 2 ;
0,7; -0.216614, -0.431425, -3.060409 / -0.215797, -0.430910, -3.059797 / -0.217431, -0.431940, -3.061022; 1, 2, 1, 0; 0.505129315664; 1, 0, 3; 2, 1, 0; 1, 1, 2 / 2, 8, 2 / 3, 1, 2 ;
0,7; -0.193019, -0.496856, -2.890683 / -0.192646, -0.496398, -2.890447 / -0.193393, -0.497315, -2.890920; 1, 2, 1, 0; 0.506436917182; 2, 1, 1; 1, 1, 0; 1, 1, 1 / 3, 2, 2 ;
0,7; -0.139859, -0.442941, -2.654135 / -0.139305, -0.442866, -2.654044 / -0.140413, -0.443016, -2.654226; 1, 2, 1, 0; 0.951389022052; 0, 2, 0; 1, 1, 0; 1, 1, 1 / 3, 5, 1 ;
0,7; -0.267933, -0.570433, -3.228345 / -0.267933, -0.570433, -3.228345 / -0.267933, -0.570433, -3.228345; 1, 2, 1, 0; 0.435156639106; 1, 0, 1; 0, 1, 0; 1, 1, 2 ;
0,7; -0.218713, -0.433727, -3.068202 / -0.218713, -0.433727, -3.068202 / -0.218713, -0.433727, -3.068202; 1, 2, 1, 0; 0.505129022969; 0, 1, 0; 0, 1, 0; 4, 1, 1 ;
0,7; -0.223630, -0.436160, -3.066655 / -0.223630, -0.436160, -3.066655 / -0.223630, -0.436160, -3.066655; 1, 2, 1, 0; 0.505129576716; 1, 0, 1; 0, 1, 0; 1, 1, 2 ;
0,7; -0.195433, -0.392316, -2.487232 / -0.195433, -0.392316, -2.487232 / -0.195433, -0.392316, -2.487232; 1, 2, 1, 0; 0.952820263330; 1, 0, 1; 0, 1, 0; 1, 1, 2 ;
0,7; -0.290076, -0.584963, -3.263376 / -0.290076, -0.584963, -3.263376 / -0.290076, -0.584963, -3.263376; 1, 2, 1, 0; 0.434859435368; 1, 0, 1; 1, 0, 0; 3, 1, 2 ;
0,7; -0.217252, -0.435655, -3.058205 / -0.217252, -0.435655, -3.058205 / -0.217252, -0.435655, -3.058205; 1, 2, 1, 0; 0.505129853589; 1, 0, 1; 1, 0, 0; 3, 1, 2 ;
0,7; -0.233796, -0.455151, -3.074284 / -0.233796, -0.455151, -3.074284 / -0.233796, -0.455151, -3.074284; 1, 2, 1, 0; 0.505138788687; 1, 0, 1; 1, 0, 0; 3, 1, 2 ;
0,7; -0.144929, -0.449090, -2.669476 / -0.144929, -0.449090, -2.669476 / -0.144929, -0.449090, -2.669476; 1, 2, 1, 0; 0.951381621623; 1, 0, 1; 1, 0, 0; 2, 1, 2 ;
0,7; -0.145018, -0.445514, -2.668717 / -0.145018, -0.445514, -2.668717 / -0.145018, -0.445514, -2.668717; 1, 2, 1, 0; 0.951382092308; 0, 1, 0; 1, 0, 0; 2, 1, 1 ;
0,7; -0.145876, -0.445620, -2.670567 / -0.145876, -0.445620, -2.670567 / -0.145876, -0.445620, -2.670567; 1, 2, 1, 0; 0.951382139772; 1, 0, 1; 1, 0, 0; 3, 1, 2 ;
0,7; -0.145608, -0.444529, -2.671862 / -0.145608, -0.444529, -2.671862 / -0.145608, -0.444529, -2.671862; 1, 2, 1, 0; 0.951382195147; 1, 0, 1; 1, 0, 0; 2, 1, 2 ;
0,7; -0.276042, -0.436330, -2.420127 / -0.276042, -0.436330, -2.420127 / -0.276042, -0.436330, -2.420127; 1, 3, 1, 0; 0.801839686166; 0, 1, 0; 0, 1, 0; 4, 1, 1 ;
0,7; -0.068008, -0.370927, -2.327686 / -0.068008, -0.370927, -2.327686 / -0.068008, -0.370927, -2.327686; 1, 3, 1, 0; 0.802582598919; 1, 0, 1; 0, 1, 0; 4, 1, 2 / 4, 8, 0 ;
0,7; -0.055932, -0.356575, -2.271951 / -0.055932, -0.356575, -2.271951 / -0.055932, -0.356575, -2.271951; 1, 3, 1, 0; 0.802614014515; 1, 0, 1; 0, 1, 0; 1, 1, 2 ;
0,7; -0.068874, -0.373557, -2.326379 / -0.068874, -0.373557, -2.326379 / -0.068874, -0.373557, -2.326379; 1, 3, 1, 0; 0.802582554592; 1, 0, 1; 1, 0, 0; 2, 1, 2 ;
0,7; -0.063823, -0.368029, -2.309158 / -0.063823, -0.368029, -2.309158 / -0.063823, -0.368029, -2.309158; 1, 3, 1, 0; 0.802590001491; 1, 0, 1; 1, 0, 0; 2, 1, 2 ;
0,7; -0.047706, -0.361440, -2.257873 / -0.047706, -0.361440, -2.257873 / -0.047706, -0.361440, -2.257873; 1, 3, 1, 0; 0.802622440632; 1, 0, 1; 1, 0, 0; 2, 1, 2 ;
0,7; 0.085516, -0.218953, -1.643800 / 0.086173, -0.218314, -1.643122 / 0.084858, -0.219593, -1.644479; 1, 4, 1, 0; 0.919102346498; 2, 1, 1; 1, 1, 0; 3, 10, 2 / 4, 1, 1 ;
0,7; 0.085092, -0.222066, -1.649632 / 0.085092, -0.222066, -1.649632 / 0.085092, -0.222066, -1.649632; 1, 4, 1, 0; 0.919094782738; 1, 0, 1; 1, 0, 0; 2, 1, 2 ;
0,7; 0.082968, -0.219563, -1.649233 / 0.082968, -0.219563, -1.649233 / 0.082968, -0.219563, -1.649233; 1, 4, 1, 0; 0.919095278392; 1, 0, 1; 1, 0, 0; 3, 1, 2 ;
0,7; 0.155040, -0.245200, -1.475775 / 0.155040, -0.245200, -1.475775 / 0.155040, -0.245200, -1.475775; 1, 11, 1, 0; 0.430336452855; 0, 1, 0; 0, 1, 0; 4, 1, 1 ;
0,7; 0.153551, -0.248160, -1.474234 / 0.153555, -0.248157, -1.474227 / 0.153547, -0.248163, -1.474242; 1, 11, 1, 0; 0.430337156635; 2, 1, 1; 2, 0, 0; 3, 1, 1 / 3, 2, 2 ;
0,7; 0.155338, -0.249388, -1.474483 / 0.155338, -0.249388, -1.474483 / 0.155338, -0.249388, -1.474483; 1, 11, 1, 0; 0.430337253906; 1, 0, 1; 1, 0, 0; 3, 1, 2 ;
0,7; 0.156112, -0.252630, -1.476267 / 0.156112, -0.252630, -1.476267 / 0.156112, -0.252630, -1.476267; 1, 11, 1, 0; 0.430337391229; 1, 0, 1; 1, 0, 0; 2, 1, 2 ;
0,7; 0.190304, -0.121762, -1.174712 / 0.190304, -0.121762, -1.174712 / 0.190304, -0.121762, -1.174712; 1, 11, 1, 0; 0.694185342598; 1, 0, 1; 1, 0, 0; 3, 1, 2 ;
0,7; 0.283515, -0.021385, -0.736516 / 0.283515, -0.021385, -0.736516 / 0.283515, -0.021385, -0.736516; 1, 16, 1, 0; 0.079475041254; 1, 0, 1; 0, 1, 0; 4, 1, 2 ;
0,7; 0.331145, 0.012496, -0.556043 / 0.331145, 0.012496, -0.556043 / 0.331145, 0.012496, -0.556043; 1, 16, 1, 0; 0.142467458799; 1, 0, 1; 0, 1, 0; 1, 1, 2 ;
0,7; 0.336220, 0.024579, -0.532033 / 0.336220, 0.024579, -0.532033 / 0.336220, 0.024579, -0.532033; 1, 16, 1, 0; 0.142487596974; 1, 0, 1; 0, 1, 0; 1, 1, 2 ;
0,7; 0.481599, 0.168587, 0.135247 / 0.481599, 0.168587, 0.135247 / 0.481599, 0.168587, 0.135247; 1, 16, 1, 0; 0.676226272181; 0, 1, 0; 0, 1, 0; 4, 1, 1 / 4, 3, 0 ;
0,7; 0.415645, 0.101681, -0.156280 / 0.415677, 0.102109, -0.156194 / 0.415612, 0.101253, -0.156366; 1, 16, 1, 0; 0.499022096406; 2, 1, 1; 2, 0, 0; 3, 1, 1 / 3, 2, 2 ;
0,7; 0.286329, -0.034191, -0.768563 / 0.286329, -0.034191, -0.768563 / 0.286329, -0.034191, -0.768563; 1, 16, 1, 0; 0.079449511915; 1, 0, 1; 1, 0, 0; 3, 1, 2 ;
0,7; 0.292398, -0.009918, -0.718901 / 0.292398, -0.009918, -0.718901 / 0.292398, -0.009918, -0.718901; 1, 16, 1, 0; 0.079491094199; 1, 0, 1; 1, 0, 0; 3, 1, 2 ;
0,7; 0.323268, 0.013052, -0.553482 / 0.323268, 0.013052, -0.553482 / 0.323268, 0.013052, -0.553482; 1, 16, 1, 0; 0.142469474626; 1, 0, 1; 1, 0, 0; 3, 1, 2 ;
0,7; 0.335224, 0.021814, -0.536181 / 0.335224, 0.021814, -0.536181 / 0.335224, 0.021814, -0.536181; 1, 16, 1, 0; 0.142488266684; 1, 0, 1; 1, 0, 0; 3, 1, 2 ;
0,7; 0.328974, 0.028432, -0.529481 / 0.328974, 0.028432, -0.529481 / 0.328974, 0.028432, -0.529481; 1, 16, 1, 0; 0.142498164995; 1, 0, 1; 1, 0, 0; 2, 1, 2 ;
0,7; 0.334358, 0.024854, -0.522516 / 0.334358, 0.024854, -0.522516 / 0.334358, 0.024854, -0.522516; 1, 16, 1, 0; 0.142499497718; 1, 0, 1; 1, 0, 0; 3, 1, 2 ;
0,7; 0.335085, 0.021909, -0.523401 / 0.335085, 0.021909, -0.523401 / 0.335085, 0.021909, -0.523401; 1, 16, 1, 0; 0.142500287975; 1, 0, 1; 1, 0, 0; 2, 1, 2 ;
0,7; 0.407514, 0.107825, -0.182095 / 0.407514, 0.107825, -0.182095 / 0.407514, 0.107825, -0.182095; 1, 16, 1, 0; 0.498996988985; 1, 0, 1; 1, 0, 0; 3, 1, 2 ;
0,7; 0.414467, 0.101949, -0.159492 / 0.414467, 0.101949, -0.159492 / 0.414467, 0.101949, -0.159492; 1, 16, 1, 0; 0.499009800534; 1, 0, 1; 1, 0, 0; 2, 1, 2 ;
0,7; 0.537842, 0.223550, 0.399758 / 0.537842, 0.223550, 0.399758 / 0.537842, 0.223550, 0.399758; 1, 17, 1, 0; 0.684818809649; 1, 0, 1; 1, 0, 0; 2, 1, 2 ;
0,7; 0.556458, 0.240535, 0.455261 / 0.556458, 0.240535, 0.455261 / 0.556458, 0.240535, 0.455261; 1, 17, 1, 0; 0.684942195403; 1, 0, 1; 1, 0, 0; 2, 1, 2 ;
0,7; 0.556901, 0.241699, 0.468030 / 0.556901, 0.241699, 0.468030 / 0.556901, 0.241699, 0.468030; 1, 17, 1, 0; 0.684954735541; 1, 0, 1; 1, 0, 0; 3, 1, 2 ;
0,7; 0.565172, 0.246267, 0.496039 / 0.565172, 0.246267, 0.496039 / 0.565172, 0.246267, 0.496039; 1, 17, 1, 0; 0.684978093118; 1, 0, 1; 1, 0, 0; 2, 1, 2 ;
0,7; 0.764683, 0.444039, 1.403587 / 0.764729, 0.444068, 1.403823 / 0.764637, 0.444009, 1.403350; 1, 23, 1, 0; 0.670301589272; 2, 1, 1; 1, 1, 0; 1, 1, 1 / 2, 1, 2 ;
0,7; 0.699755, 0.355769, 0.982044 / 0.699755, 0.355769, 0.982044 / 0.699755, 0.355769, 0.982044; 1, 23, 1, 0; 0.562135851516; 1, 0, 1; 1, 0, 0; 3, 1, 2 ;
0,7; 0.699282, 0.352343, 0.981643 / 0.699282, 0.352343, 0.981643 / 0.699282, 0.352343, 0.981643; 1, 23, 1, 0; 0.562135962365; 1, 0, 1; 1, 0, 0; 2, 1, 2 ;
0,7; 0.710929, 0.392584, 1.157543 / 0.710929, 0.392584, 1.157543 / 0.710929, 0.392584, 1.157543; 1, 23, 1, 0; 0.563255436381; 1, 0, 1; 1, 0, 0; 2, 1, 2 ;
0,7; 0.806317, 0.491800, 1.620724 / 0.806850, 0.492622, 1.621034 / 0.805784, 0.490978, 1.620413; 1, 27, 1, 0; 0.535190717453; 2, 2, 2; 3, 1, 0; 1, 2, 2 / 2, 2, 1 / 2, 4, 0 / 3, 1, 2 / 3, 5, 1 ;
0,7; 0.810005, 0.487420, 1.612913 / 0.810005, 0.487420, 1.612913 / 0.810005, 0.487420, 1.612913; 1, 27, 1, 0; 0.535191767224; 1, 0, 1; 0, 1, 0; 1, 1, 2 ;
0,7; 0.804065, 0.493513, 1.619866 / 0.804417, 0.493982, 1.619893 / 0.803713, 0.493044, 1.619838; 1, 27, 1, 0; 0.535189566390; 0, 2, 0; 2, 0, 0; 2, 1, 1 / 2, 2, 1 ;
0,7; 0.949108, 0.622778, 2.230624 / 0.949108, 0.622778, 2.230624 / 0.949108, 0.622778, 2.230624; 1, 31, 1, 0; 0.790414226670; 0, 1, 0; 0, 1, 0; 4, 1, 1 ;
0,7; 0.948003, 0.621322, 2.226154 / 0.948236, 0.621933, 2.226716 / 0.947769, 0.620712, 2.225592; 1, 31, 1, 0; 0.790414458001; 2, 1, 1; 2, 0, 0; 3, 1, 1 / 3, 3, 0 / 3, 4, 2 ;
0,7; 0.945516, 0.629771, 2.228422 / 0.945516, 0.629771, 2.228422 / 0.945516, 0.629771, 2.228422; 1, 31, 1, 0; 0.790415118948; 1, 0, 1; 1, 0, 0; 1, 6, 0 / 2, 1, 2 ;
0,7; 0.954845, 0.636641, 2.300640 / 0.954845, 0.636641, 2.300640 / 0.954845, 0.636641, 2.300640; 1, 31, 1, 0; 0.790529000163; 1, 0, 1; 1, 0, 0; 2, 1, 2 ;
0,7; 1.093031, 1.098600, 3.468550 / 1.093031, 1.098600, 3.468550 / 1.093031, 1.098600, 3.468550; 1, 45, 1, 0; 0.122349034492; 1, 0, 1; 1, 0, 0; 2, 1, 2 / 4, 5, 0 / 4, 10, 0 ;
0,7; 1.095876, 1.101840, 3.471286 / 1.095876, 1.101840, 3.471286 / 1.095876, 1.101840, 3.471286; 1, 45, 1, 0; 0.122350713489; 0, 1, 0; 1, 0, 0; 3, 1, 1 ;
0,7; 1.137822, 1.004553, 3.494235 / 1.137822, 1.004553, 3.494235 / 1.137822, 1.004553, 3.494235; 1, 45, 1, 0; 0.127227892368; 1, 0, 1; 1, 0, 0; 2, 1, 2 ;
1,8; -0.678278, 3.33045, -2.9689 / -0.678278, 3.33045, -2.9689 / -0.678278, 3.33045, -2.9689; 1, 2, 1, 0; 0.819634028839; 1, 0, 1; 0, 1, 0; 4, 1, 2 ;
0,8; -0.682356, 3.336265, -2.973363 / -0.682356, 3.336265, -2.973363 / -0.682356, 3.336265, -2.973363; 1, 2, 1, 0; 0.819634293846; 1, 0, 1; 0, 1, 0; 1, 1, 2 ;
0,8; -0.679667, 3.340994, -2.967312 / -0.679667, 3.340994, -2.967312 / -0.679667, 3.340994, -2.967312; 1, 2, 1, 0; 0.819634495568; 1, 0, 1; 1, 0, 0; 3, 1, 2 ;
0,8; -0.705266, 3.358792, -3.005675 / -0.705266, 3.358792, -3.005675 / -0.705266, 3.358792, -3.005675; 1, 2, 1, 0; 0.819696578479; 1, 0, 1; 1, 0, 0; 2, 1, 2 ;
0,8; -0.316175, 2.761343, -2.285247 / -0.315865, 2.762193, -2.285149 / -0.316484, 2.760492, -2.285346; 1, 4, 1, 0; 0.283715482537; 1, 0, 2; 1, 1, 0; 1, 1, 2 / 3, 7, 2 ;
0,8; -0.316174, 2.764670, -2.282736 / -0.315995, 2.764938, -2.282729 / -0.316354, 2.764401, -2.282742; 1, 4, 1, 0; 0.283722437812; 2, 1, 1; 1, 1, 0; 1, 4, 0 / 2, 7, 0 / 3, 1, 1 / 3, 4, 0 / 4, 1, 2 ;
0,8; -0.326471, 2.779722, -2.301915 / -0.326471, 2.779722, -2.301915 / -0.326471, 2.779722, -2.301915; 1, 4, 1, 0; 0.283706371370; 1, 0, 1; 0, 1, 0; 4, 1, 2 ;
0,8; -0.199558, 2.571140, -2.048280 / -0.199558, 2.571140, -2.048280 / -0.199558, 2.571140, -2.048280; 1, 4, 1, 0; 0.823322074332; 1, 0, 1; 0, 1, 0; 4, 1, 2 ;
0,8; -0.328925, 2.775807, -2.302897 / -0.328925, 2.775807, -2.302897 / -0.328925, 2.775807, -2.302897; 1, 4, 1, 0; 0.283705823330; 1, 0, 1; 1, 0, 0; 3, 1, 2 ;
0,8; -0.330238, 2.779479, -2.303255 / -0.330238, 2.779479, -2.303255 / -0.330238, 2.779479, -2.303255; 1, 4, 1, 0; 0.283705879745; 0, 1, 0; 1, 0, 0; 3, 1, 1 ;
0,8; -0.318794, 2.768608, -2.288214 / -0.318794, 2.768608, -2.288214 / -0.318794, 2.768608, -2.288214; 1, 4, 1, 0; 0.283714733012; 1, 0, 1; 1, 0, 0; 2, 1, 2 ;
0,8; -0.319489, 2.764320, -2.278482 / -0.319489, 2.764320, -2.278482 / -0.319489, 2.764320, -2.278482; 1, 4, 1, 0; 0.283722590940; 1, 0, 1; 1, 0, 0; 3, 1, 2 ;
0,8; 0.358568, 1.706751, -1.009311 / 0.358905, 1.706844, -1.009135 / 0.358231, 1.706657, -1.009486; 1, 7, 1, 0; 0.560487077372; 1, 0, 2; 0, 2, 0; 4, 1, 2 / 4, 2, 2 ;
0,8; 0.363949, 1.701611, -1.009538 / 0.364809, 1.701667, -1.008602 / 0.363088, 1.701555, -1.010474; 1, 7, 1, 0; 0.560477407518; 1, 0, 2; 1, 1, 0; 1, 1, 2 / 3, 9, 2 ;
0,8; 0.420813, 1.609544, -0.883536 / 0.420813, 1.609544, -0.883536 / 0.420813, 1.609544, -0.883536; 1, 7, 1, 0; 0.933436347198; 1, 0, 1; 0, 1, 0; 4, 1, 2 ;
0,8; 0.020315, 2.241830, -1.660694 / 0.020315, 2.241830, -1.660694 / 0.020315, 2.241830, -1.660694; 1, 7, 1, 0; 0.067499312218; 1, 0, 1; 1, 0, 0; 2, 1, 2 ;
0,8; 0.361952, 1.710559, -1.003963 / 0.361952, 1.710559, -1.003963 / 0.361952, 1.710559, -1.003963; 1, 7, 1, 0; 0.560486750100; 0, 1, 0; 1, 0, 0; 3, 1, 1 ;
0,8; 0.420124, 1.605791, -0.883203 / 0.420124, 1.605791, -0.883203 / 0.420124, 1.605791, -0.883203; 1, 7, 1, 0; 0.933435733564; 1, 0, 1; 1, 0, 0; 2, 1, 2 ;
0,8; 0.736338, 1.111818, -0.282955 / 0.736338, 1.111818, -0.282955 / 0.736338, 1.111818, -0.282955; 1, 13, 1, 0; 0.895688514581; 1, 0, 1; 0, 1, 0; 4, 1, 2 ;
0,8; 0.744569, 1.099626, -0.275571 / 0.745278, 1.099694, -0.275100 / 0.743860, 1.099558, -0.276042; 1, 13, 1, 0; 0.895679011206; 2, 1, 2; 3, 0, 0; 1, 1, 0 / 2, 8, 2 / 3, 1, 2 / 3, 3, 0 / 3, 5, 1 ;
0,8; 0.741050, 1.100714, -0.276032 / 0.741050, 1.100714, -0.276032 / 0.741050, 1.100714, -0.276032; 1, 13, 1, 0; 0.895678931190; 0, 1, 0; 1, 0, 0; 2, 1, 1 ;
0,8; 0.740753, 1.097480, -0.278639 / 0.740753, 1.097480, -0.278639 / 0.740753, 1.097480, -0.278639; 1, 13, 1, 0; 0.895679657485; 1, 0, 1; 1, 0, 0; 2, 1, 2 ;
0,8; 0.738526, 1.114772, -0.283089 / 0.738526, 1.114772, -0.283089 / 0.738526, 1.114772, -0.283089; 1, 13, 1, 0; 0.895687677496; 1, 0, 1; 1, 0, 0; 3, 1, 2 ;
0,8; 0.940514, 0.790985, 0.104383 / 0.940514, 0.790985, 0.104383 / 0.940514, 0.790985, 0.104383; 1, 16, 1, 0; 0.585484461393; 1, 0, 1; 0, 1, 0; 4, 1, 2 ;
0,8; 1.301410, 0.224928, 0.785802 / 1.301410, 0.224928, 0.785802 / 1.301410, 0.224928, 0.785802; 1, 20, 1, 0; 0.900068826778; 0, 1, 0; 0, 1, 0; 4, 1, 1 ;
0,8; 1.240378, 0.321994, 0.671204 / 1.240536, 0.322200, 0.671918 / 1.240221, 0.321788, 0.670490; 1, 20, 1, 0; 0.896151622831; 1, 0, 2; 2, 0, 0; 2, 1, 2 / 2, 7, 2 ;
0,8; 1.240514, 0.324620, 0.667594 / 1.240514, 0.324620, 0.667594 / 1.240514, 0.324620, 0.667594; 1, 20, 1, 0; 0.896151875924; 1, 0, 1; 1, 0, 0; 2, 1, 2 ;
0,8; 1.492373, -0.069576, 1.145181 / 1.493017, -0.069067, 1.145639 / 1.491729, -0.070086, 1.144724; 1, 23, 1, 0; 0.487558428257; 2, 1, 2; 1, 2, 1; 1, 4, 2 / 2, 2, 1 / 4, 1, 2 ;
0,8; 1.479189, -0.055106, 1.126008 / 1.479189, -0.055106, 1.126008 / 1.479189, -0.055106, 1.126008; 1, 23, 1, 0; 0.487548983962; 1, 0, 1; 0, 1, 0; 1, 1, 2 ;
0,8; 1.491613, -0.070593, 1.150305 / 1.491613, -0.070593, 1.150305 / 1.491613, -0.070593, 1.150305; 1, 23, 1, 0; 0.487571996116; 0, 1, 0; 0, 1, 0; 1, 5, 0 / 4, 1, 1 ;
0,8; 1.495389, -0.066460, 1.147927 / 1.495389, -0.066460, 1.147927 / 1.495389, -0.066460, 1.147927; 1, 23, 1, 0; 0.487571161057; 1, 0, 1; 1, 0, 0; 2, 1, 2 ;
0,8; 1.692754, -0.393628, 1.535029 / 1.692754, -0.393628, 1.535029 / 1.692754, -0.393628, 1.535029; 1, 26, 1, 0; 0.999560567485; 1, 0, 1; 0, 1, 0; 4, 1, 2 ;
0,8; 1.596119, -0.241479, 1.350685 / 1.596119, -0.241479, 1.350685 / 1.596119, -0.241479, 1.350685; 1, 26, 1, 0; 0.950302961725; 1, 0, 1; 1, 0, 0; 3, 1, 2 ;
0,8; 1.599730, -0.242115, 1.350775 / 1.599730, -0.242115, 1.350775 / 1.599730, -0.242115, 1.350775; 1, 26, 1, 0; 0.950303201749; 1, 0, 1; 1, 0, 0; 1, 1, 0 / 2, 1, 2 ;
0,8; 1.600136, -0.244656, 1.353912 / 1.600136, -0.244656, 1.353912 / 1.600136, -0.244656, 1.353912; 1, 26, 1, 0; 0.950303407484; 1, 0, 1; 1, 0, 0; 2, 1, 2 ;
0,8; 1.685951, -0.379245, 1.517441 / 1.685951, -0.379245, 1.517441 / 1.685951, -0.379245, 1.517441; 1, 26, 1, 0; 0.999587895932; 0, 1, 0; 1, 0, 0; 3, 1, 1 ;
0,8; 1.734314, -0.441253, 1.616807 / 1.735024, -0.440474, 1.617289 / 1.733605, -0.442032, 1.616325; 1, 27, 1, 0; 0.738317107938; 2, 3, 2; 4, 1, 0; 2, 1, 2 / 2, 4, 0 / 3, 1, 1 / 3, 4, 1 / 3, 6, 1 / 4, 1, 0 / 4, 2, 2 / 4, 9, 0 ;
0,8; 1.733302, -0.441467, 1.618541 / 1.733605, -0.440474, 1.619792 / 1.733000, -0.442461, 1.617289; 1, 27, 1, 0; 0.738317153981; 1, 0, 1; 1, 1, 0; 1, 10, 2 / 3, 1, 1 / 4, 4, 0 ;
0,8; 1.754788, -0.514702, 1.647821 / 1.754788, -0.514702, 1.647821 / 1.754788, -0.514702, 1.647821; 1, 27, 1, 0; 0.740964692730; 1, 0, 1; 1, 0, 0; 2, 1, 2 ;
0,8; 1.796421, -0.540949, 1.719768 / 1.796421, -0.540949, 1.719768 / 1.796421, -0.540949, 1.719768; 1, 27, 1, 0; 0.741145050610; 1, 0, 1; 1, 0, 0; 3, 1, 2 ;
0,8; 1.770593, -0.496299, 1.663635 / 1.770593, -0.496299, 1.663635 / 1.770593, -0.496299, 1.663635; 1, 27, 1, 0; 0.741409123055; 1, 0, 1; 1, 0, 0; 2, 1, 2 ;
0,8; 2.073161, -0.975898, 2.243728 / 2.073161, -0.975898, 2.243728 / 2.073161, -0.975898, 2.243728; 1, 33, 1, 0; 0.336183628567; 1, 0, 1; 1, 0, 0; 2, 1, 2 ;
0,8; 2.272070, -1.304595, 2.622854 / 2.272070, -1.304595, 2.622854 / 2.272070, -1.304595, 2.622854; 1, 34, 1, 0; 0.468682849011; 1, 0, 1; 1, 0, 0; 2, 1, 2 ;
0,8; 2.321110, -1.482926, 2.837963 / 2.321927, -1.482338, 2.838471 / 2.320293, -1.483514, 2.837454; 1, 35, 1, 0; 0.422391927717; 2, 2, 1; 1, 2, 1; 1, 6, 1 / 2, 7, 0 / 3, 1, 2 / 4, 7, 1 ;
0,8; 2.373943, -1.492549, 2.872340 / 2.373943, -1.492549, 2.872340 / 2.373943, -1.492549, 2.872340; 1, 35, 1, 0; 0.422144480256; 1, 0, 1; 0, 1, 0; 1, 1, 2 ;
0,8; 2.371809, -1.488759, 2.870138 / 2.371809, -1.488759, 2.870138 / 2.371809, -1.488759, 2.870138; 1, 35, 1, 0; 0.422146476943; 1, 0, 1; 0, 1, 0; 1, 1, 2 ;
0,8; 2.375303, -1.501679, 2.867976 / 2.375303, -1.501679, 2.867976 / 2.375303, -1.501679, 2.867976; 1, 35, 1, 0; 0.422142225932; 1, 0, 1; 1, 0, 0; 2, 1, 2 ;
0,8; 2.376252, -1.485802, 2.875220 / 2.376252, -1.485802, 2.875220 / 2.376252, -1.485802, 2.875220; 1, 35, 1, 0; 0.422148357693; 1, 0, 1; 1, 0, 0; 3, 1, 2 ;
0,8; 2.327528, -1.488568, 2.827934 / 2.327528, -1.488568, 2.827934 / 2.327528, -1.488568, 2.827934; 1, 35, 1, 0; 0.422387612298; 1, 0, 1; 1, 0, 0; 3, 1, 2 ;
0,8; 2.320468, -1.488020, 2.832079 / 2.320468, -1.488020, 2.832079 / 2.320468, -1.488020, 2.832079; 1, 35, 1, 0; 0.422388269272; 1, 0, 1; 1, 0, 0; 3, 1, 2 ;
1,9; 2.41216, 1.33758, -2.62695 / 2.41216, 1.33758, -2.62695 / 2.41216, 1.33758, -2.62695; 1, 3, 1, 0; 0.732864847657; 1, 0, 1; 1, 0, 0; 2, 1, 2 ;
0,9; 2.417563, 1.318189, -2.580183 / 2.417563, 1.318189, -2.580183 / 2.417563, 1.318189, -2.580183; 1, 3, 1, 0; 0.732891415515; 1, 0, 1; 1, 0, 0; 3, 1, 2 ;
0,9; 2.403480, 1.354493, -2.659101 / 2.403480, 1.354493, -2.659101 / 2.403480, 1.354493, -2.659101; 1, 3, 1, 0; 0.732984884569; 1, 0, 1; 1, 0, 0; 2, 1, 2 ;
0,9; 2.557337, 1.061229, -1.921807 / 2.557337, 1.061229, -1.921807 / 2.557337, 1.061229, -1.921807; 1, 4, 1, 0; 0.693351088222; 1, 0, 1; 0, 1, 0; 4, 1, 2 ;
0,9; 2.546796, 1.076299, -1.955475 / 2.546796, 1.076299, -1.955475 / 2.546796, 1.076299, -1.955475; 1, 4, 1, 0; 0.692955109064; 1, 0, 1; 1, 0, 0; 3, 1, 2 ;
0,9; 2.739267, 0.718663, -1.058273 / 2.739267, 0.718663, -1.058273 / 2.739267, 0.718663, -1.058273; 1, 11, 1, 0; 0.800329334945; 1, 0, 1; 0, 1, 0; 4, 1, 2 ;
0,9; 2.737673, 0.716641, -1.046074 / 2.737673, 0.716641, -1.046074 / 2.737673, 0.716641, -1.046074; 1, 11, 1, 0; 0.800339662780; 1, 0, 1; 1, 0, 0; 3, 1, 2 ;
0,9; 2.728737, 0.744169, -1.119021 / 2.728737, 0.744169, -1.119021 / 2.728737, 0.744169, -1.119021; 1, 11, 1, 0; 0.800456902313; 1, 0, 1; 1, 0, 0; 3, 1, 2 ;
0,9; 2.885720, 0.444186, -0.367589 / 2.886310, 0.444506, -0.367083 / 2.885131, 0.443867, -0.368095; 1, 12, 1, 0; 0.867989619524; 2, 2, 1; 2, 1, 0; 3, 1, 1 / 3, 5, 2 / 4, 1, 1 ;
0,9; 2.787084, 0.632666, -0.836939 / 2.787084, 0.632666, -0.836939 / 2.787084, 0.632666, -0.836939; 1, 12, 1, 0; 0.374170185569; 1, 0, 1; 0, 1, 0; 1, 1, 2 ;
0,9; 2.889228, 0.439343, -0.358083 / 2.889949, 0.439839, -0.357935 / 2.888507, 0.438846, -0.358231; 1, 12, 1, 0; 0.867991061415; 2, 1, 1; 2, 0, 0; 2, 1, 0 / 2, 8, 0 / 2, 10, 0 / 3, 1, 1 / 3, 7, 2 ;
0,9; 2.887451, 0.436079, -0.360854 / 2.887451, 0.436079, -0.360854 / 2.887451, 0.436079, -0.360854; 1, 12, 1, 0; 0.867980458934; 1, 0, 1; 1, 0, 0; 3, 1, 2 / 3, 5, 0 ;
0,9; 2.887416, 0.435906, -0.357942 / 2.887416, 0.435906, -0.357942 / 2.887416, 0.435906, -0.357942; 1, 12, 1, 0; 0.867981179879; 1, 0, 1; 1, 0, 0; 3, 1, 2 ;
0,9; 2.892104, 0.440914, -0.357633 / 2.892104, 0.440914, -0.357633 / 2.892104, 0.440914, -0.357633; 1, 12, 1, 0; 0.867991004198; 1, 0, 1; 1, 0, 0; 2, 1, 2 / 3, 7, 0 ;
0,9; 2.875014, 0.369649, -0.237155 / 2.875014, 0.369649, -0.237155 / 2.875014, 0.369649, -0.237155; 1, 13, 1, 0; 0.966893153508; 1, 0, 1; 0, 1, 0; 4, 1, 2 ;
0,9; 2.929048, 0.385535, -0.215248 / 2.929048, 0.385535, -0.215248 / 2.929048, 0.385535, -0.215248; 1, 13, 1, 0; 0.967899538742; 1, 0, 1; 0, 1, 0; 1, 1, 2 ;
0,9; 2.877157, 0.355221, -0.255386 / 2.877157, 0.355221, -0.255386 / 2.877157, 0.355221, -0.255386; 1, 13, 1, 0; 0.966885416628; 1, 0, 1; 1, 0, 0; 3, 1, 2 ;
0,9; 2.872589, 0.357285, -0.250621 / 2.872589, 0.357285, -0.250621 / 2.872589, 0.357285, -0.250621; 1, 13, 1, 0; 0.966895480111; 1, 0, 1; 1, 0, 0; 2, 1, 2 ;
0,9; 2.927412, 0.387748, -0.218095 / 2.927412, 0.387748, -0.218095 / 2.927412, 0.387748, -0.218095; 1, 13, 1, 0; 0.967900221951; 1, 0, 1; 1, 0, 0; 2, 1, 2 ;
0,9; 3.000484, 0.232459, 0.170680 / 3.000607, 0.232798, 0.170718 / 3.000362, 0.232121, 0.170642; 1, 16, 1, 0; 0.654810659637; 2, 1, 1; 0, 2, 0; 1, 1, 2 / 1, 2, 1 / 2, 4, 0 / 3, 2, 0 / 4, 2, 0 ;
0,9; 3.003023, 0.233793, 0.166989 / 3.003023, 0.233793, 0.166989 / 3.003023, 0.233793, 0.166989; 1, 16, 1, 0; 0.654811597231; 1, 0, 1; 0, 1, 0; 1, 1, 2 / 1, 6, 0 / 4, 2, 0 ;
0,9; 2.980471, 0.265085, 0.087511 / 2.980471, 0.265085, 0.087511 / 2.980471, 0.265085, 0.087511; 1, 16, 1, 0; 0.654964833537; 0, 1, 0; 0, 1, 0; 4, 1, 1 ;
0,9; 2.998576, 0.230958, 0.173929 / 2.998576, 0.230958, 0.173929 / 2.998576, 0.230958, 0.173929; 1, 16, 1, 0; 0.654810572575; 0, 1, 0; 1, 0, 0; 2, 1, 1 ;
0,9; 3.001917, 0.227201, 0.172973 / 3.001917, 0.227201, 0.172973 / 3.001917, 0.227201, 0.172973; 1, 16, 1, 0; 0.654811289165; 1, 0, 1; 1, 0, 0; 1, 2, 0 / 2, 1, 2 ;
0,9; 3.099940, 0.029756, 0.686030 / 3.099940, 0.029756, 0.686030 / 3.099940, 0.029756, 0.686030; 1, 20, 1, 0; 0.917639172112; 1, 0, 1; 1, 0, 0; 3, 1, 2 ;
0,9; 3.285238, -0.396373, 1.608858 / 3.286568, -0.396290, 1.608995 / 3.283907, -0.396457, 1.608721; 1, 27, 1, 0; 0.720424180811; 1, 0, 2; 1, 1, 0; 1, 1, 2 / 3, 10, 2 / 4, 8, 0 ;
0,9; 3.246144, -0.386042, 1.605545 / 3.246460, -0.385253, 1.606169 / 3.245828, -0.386830, 1.604920; 1, 27, 1, 0; 0.720472672825; 2, 1, 1; 1, 1, 0; 1, 1, 1 / 2, 6, 2 / 3, 5, 0 ;
0,9; 3.269062, -0.390276, 1.604687 / 3.269062, -0.390276, 1.604687 / 3.269062, -0.390276, 1.604687; 1, 27, 1, 0; 0.720439430104; 0, 1, 0; 0, 1, 0; 1, 1, 1 / 2, 1, 0 / 4, 3, 0 ;
0,9; 3.249845, -0.385646, 1.603293 / 3.250577, -0.385286, 1.603612 / 3.249113, -0.386006, 1.602974; 1, 27, 1, 0; 0.720471696723; 2, 1, 2; 3, 0, 0; 1, 4, 0 / 2, 4, 1 / 3, 1, 2 / 3, 7, 2 ;
0,9; 3.236142, -0.357413, 1.653894 / 3.236163, -0.357392, 1.653900 / 3.236121, -0.357434, 1.653888; 1, 27, 1, 0; 0.720959149207; 2, 1, 1; 2, 0, 0; 3, 1, 1 / 3, 2, 2 ;
0,9; 3.275728, -0.392397, 1.604297 / 3.275728, -0.392397, 1.604297 / 3.275728, -0.392397, 1.604297; 1, 27, 1, 0; 0.720439006512; 0, 1, 0; 1, 0, 0; 3, 1, 1 ;
0,9; 3.250707, -0.386155, 1.603259 / 3.251235, -0.385286, 1.603612 / 3.250179, -0.387024, 1.602907; 1, 27, 1, 0; 0.720471724349; 0, 1, 0; 3, 0, 0; 1, 1, 0 / 2, 1, 1 / 3, 4, 2 / 3, 9, 1 ;
0,9; 3.386793, -0.495254, 2.015083 / 3.386793, -0.495254, 2.015083 / 3.386793, -0.495254, 2.015083; 1, 28, 1, 0; 0.823247795483; 1, 0, 1; 0, 1, 0; 4, 1, 2 / 4, 7, 0 ;
0,9; 3.385661, -0.499020, 2.022277 / 3.385661, -0.499020, 2.022277 / 3.385661, -0.499020, 2.022277; 1, 28, 1, 0; 0.823248117781; 1, 0, 1; 1, 0, 0; 2, 1, 2 ;
0,9; 3.388888, -0.499070, 2.025519 / 3.388888, -0.499070, 2.025519 / 3.388888, -0.499070, 2.025519; 1, 28, 1, 0; 0.823264020878; 1, 0, 1; 1, 0, 0; 2, 1, 2 ;
0,9; 3.497939, -0.701636, 2.539674 / 3.497939, -0.701636, 2.539674 / 3.497939, -0.701636, 2.539674; 1, 34, 1, 0; 0.626784884838; 0, 1, 0; 0, 1, 0; 4, 1, 1 ;
