1,0; 2.92804, 0.2164, -3.11176 / 2.92804, 0.2164, -3.11176 / 2.92804, 0.2164, -3.11176; 1, 3, 1, 0; 0.194664796883; 1, 0, 1; 1, 0, 0; 3, 1, 2 ;
0,0; 2.926688, 0.218129, -3.104670 / 2.926688, 0.218129, -3.104670 / 2.926688, 0.218129, -3.104670; 1, 3, 1, 0; 0.194665365071; 1, 0, 1; 1, 0, 0; 3, 1, 2 / 3, 2, 0 ;
0,0; 3.008469, 0.274814, -3.275035 / 3.008469, 0.274814, -3.275035 / 3.008469, 0.274814, -3.275035; 1, 3, 1, 0; 0.194774666844; 1, 0, 1; 1, 0, 0; 3, 1, 2 ;
0,0; 2.253817, -0.230152, -1.735624 / 2.253817, -0.230152, -1.735624 / 2.253817, -0.230152, -1.735624; 1, 4, 1, 0; 0.931016811938; 1, 0, 1; 1, 0, 0; 3, 1, 2 ;
0,0; 2.246726, -0.224225, -1.725392 / 2.246726, -0.224225, -1.725392 / 2.246726, -0.224225, -1.725392; 1, 4, 1, 0; 0.931017287443; 1, 0, 1; 1, 0, 0; 3, 1, 2 ;
0,0; 1.982256, -0.410565, -1.188343 / 1.982400, -0.410469, -1.188051 / 1.982112, -0.410660, -1.188634; 1, 11, 1, 0; 0.658863583307; 0, 2, 0; 0, 2, 0; 1, 1, 1 / 1, 2, 1 ;
0,0; 2.101643, -0.333971, -1.421209 / 2.101643, -0.333971, -1.421209 / 2.101643, -0.333971, -1.421209; 1, 11, 1, 0; 0.468288737681; 1, 0, 1; 1, 0, 0; 2, 1, 2 ;
0,0; 1.911208, -0.447242, -1.037597 / 1.911208, -0.447242, -1.037597 / 1.911208, -0.447242, -1.037597; 1, 11, 1, 0; 0.658704374425; 1, 0, 1; 1, 0, 0; 2, 1, 2 ;
0,0; 1.987082, -0.413083, -1.178921 / 1.987082, -0.413083, -1.178921 / 1.987082, -0.413083, -1.178921; 1, 11, 1, 0; 0.658851939459; 1, 0, 1; 1, 0, 0; 2, 5, 0 / 3, 1, 2 ;
0,0; 1.984060, -0.415694, -1.181471 / 1.984060, -0.415694, -1.181471 / 1.984060, -0.415694, -1.181471; 1, 11, 1, 0; 0.658862564828; 1, 0, 1; 1, 0, 0; 2, 1, 2 ;
0,0; 1.688050, -0.607630, -0.586869 / 1.688161, -0.607599, -0.586704 / 1.687939, -0.607661, -0.587035; 1, 12, 1, 0; 0.772290610996; 2, 1, 1; 1, 1, 0; 1, 1, 1 / 2, 1, 2 ;
0,0; 1.693996, -0.607000, -0.585507 / 1.693996, -0.607000, -0.585507 / 1.693996, -0.607000, -0.585507; 1, 12, 1, 0; 0.772280174446; 1, 0, 1; 1, 0, 0; 2, 1, 2 ;
0,0; 1.692977, -0.601883, -0.606709 / 1.692977, -0.601883, -0.606709 / 1.692977, -0.601883, -0.606709; 1, 12, 1, 0; 0.772284025213; 1, 0, 1; 1, 0, 0; 3, 1, 2 ;
0,0; 1.337677, -0.839581, 0.124513 / 1.337926, -0.839381, 0.125780 / 1.337429, -0.839781, 0.123246; 1, 16, 1, 0; 0.808647460728; 0, 1, 0; 1, 1, 0; 1, 3, 0 / 1, 10, 1 / 3, 1, 3 ;
0,0; 1.339520, -0.837109, 0.119813 / 1.339520, -0.837109, 0.119813 / 1.339520, -0.837109, 0.119813; 1, 16, 1, 0; 0.808646549923; 1, 0, 1; 0, 1, 0; 1, 1, 2 ;
0,0; 1.329136, -0.844946, 0.140206 / 1.329136, -0.844946, 0.140206 / 1.329136, -0.844946, 0.140206; 1, 16, 1, 0; 0.808661578211; 1, 0, 1; 0, 1, 0; 3, 1, 0 / 4, 1, 2 ;
0,0; 1.368055, -0.823891, 0.080018 / 1.368055, -0.823891, 0.080018 / 1.368055, -0.823891, 0.080018; 1, 16, 1, 0; 0.808839392868; 1, 0, 1; 1, 0, 0; 2, 1, 2 ;
0,0; 1.184351, -0.941492, 0.434668 / 1.184351, -0.941492, 0.434668 / 1.184351, -0.941492, 0.434668; 1, 19, 1, 0; 0.493655585541; 1, 0, 1; 1, 0, 0; 3, 1, 2 ;
0,0; 0.980627, -1.077417, 0.850591 / 0.980627, -1.077417, 0.850591 / 0.980627, -1.077417, 0.850591; 1, 19, 1, 0; 0.768050484058; 0, 1, 0; 1, 0, 0; 3, 1, 1 ;
0,0; -0.032671, -1.884138, 1.787576 / -0.032671, -1.884138, 1.787576 / -0.032671, -1.884138, 1.787576; 1, 22, 1, 0; 0.981456627144; 1, 0, 1; 1, 0, 0; 3, 1, 2 ;
0,0; -0.034004, -1.880855, 1.800705 / -0.034004, -1.880855, 1.800705 / -0.034004, -1.880855, 1.800705; 1, 22, 1, 0; 0.981470538588; 1, 0, 1; 1, 0, 0; 3, 1, 2 ;
0,0; 0.870356, -1.154419, 1.082141 / 0.870356, -1.154419, 1.082141 / 0.870356, -1.154419, 1.082141; 1, 23, 1, 0; 0.384716427308; 1, 0, 1; 1, 0, 0; 3, 1, 2 ;
0,0; 0.304732, -1.427188, 2.090248 / 0.304972, -1.427011, 2.090388 / 0.304492, -1.427364, 2.090109; 1, 30, 1, 0; 0.366845301413; 2, 2, 1; 1, 2, 0; 1, 1, 1 / 1, 2, 1 / 2, 2, 2 ;
0,0; 0.306052, -1.411118, 2.060488 / 0.306108, -1.410921, 2.060682 / 0.305996, -1.411314, 2.060293; 1, 30, 1, 0; 0.366807641803; 0, 2, 0; 1, 1, 0; 2, 5, 0 / 2, 6, 1 / 2, 7, 0 / 4, 1, 1 ;
0,0; 0.403300, -1.461958, 2.026640 / 0.403300, -1.461958, 2.026640 / 0.403300, -1.461958, 2.026640; 1, 30, 1, 0; 0.362237493230; 1, 0, 1; 0, 1, 0; 4, 1, 2 ;
0,0; 0.304785, -1.413874, 2.061012 / 0.304785, -1.413874, 2.061012 / 0.304785, -1.413874, 2.061012; 1, 30, 1, 0; 0.366807856110; 1, 0, 1; 0, 1, 0; 1, 1, 2 ;
0,0; 0.305986, -1.424446, 2.088697 / 0.305986, -1.424446, 2.088697 / 0.305986, -1.424446, 2.088697; 1, 30, 1, 0; 0.366844161689; 0, 1, 0; 0, 1, 0; 4, 1, 1 ;
0,0; 0.401518, -1.462324, 2.020763 / 0.401518, -1.462324, 2.020763 / 0.401518, -1.462324, 2.020763; 1, 30, 1, 0; 0.362220319435; 1, 0, 1; 1, 0, 0; 3, 1, 2 ;
0,0; 0.400815, -1.465007, 2.034617 / 0.400815, -1.465007, 2.034617 / 0.400815, -1.465007, 2.034617; 1, 30, 1, 0; 0.362237941327; 1, 0, 1; 1, 0, 0; 3, 1, 2 ;
0,0; 0.298905, -1.405912, 2.058414 / 0.298905, -1.405912, 2.058414 / 0.298905, -1.405912, 2.058414; 1, 30, 1, 0; 0.366805196753; 1, 0, 1; 1, 0, 0; 2, 1, 2 ;
0,0; 0.300836, -1.428015, 2.087762 / 0.300836, -1.428015, 2.087762 / 0.300836, -1.428015, 2.087762; 1, 30, 1, 0; 0.366845632615; 0, 0, 0; 1, 0, 0; 3, 1, 3 ;
0,0; 0.288388, -1.433123, 2.092817 / 0.288388, -1.433123, 2.092817 / 0.288388, -1.433123, 2.092817; 1, 30, 1, 0; 0.366848204301; 1, 0, 1; 1, 0, 0; 2, 1, 2 ;
0,0; 0.186471, -1.666053, 2.564849 / 0.186769, -1.665687, 2.565255 / 0.186173, -1.666419, 2.564444; 1, 34, 1, 0; 0.386332467714; 2, 1, 1; 1, 1, 0; 1, 1, 1 / 3, 3, 2 ;
0,0; 0.186042, -1.668619, 2.566920 / 0.186561, -1.668513, 2.567143 / 0.185523, -1.668724, 2.566697; 1, 34, 1, 0; 0.386332792009; 2, 1, 1; 1, 1, 0; 2, 7, 1 / 4, 1, 2 ;
0,0; 0.149054, -1.631602, 2.545044 / 0.149064, -1.631548, 2.545124 / 0.149044, -1.631655, 2.544965; 1, 34, 1, 0; 0.388578912313; 2, 1, 1; 1, 1, 0; 1, 1, 2 / 2, 1, 1 ;
0,0; 0.157826, -1.624807, 2.530081 / 0.157826, -1.624807, 2.530081 / 0.157826, -1.624807, 2.530081; 1, 34, 1, 0; 0.388575582048; 1, 0, 1; 0, 1, 0; 4, 1, 2 ;
0,0; 0.181552, -1.660400, 2.571272 / 0.181552, -1.660400, 2.571272 / 0.181552, -1.660400, 2.571272; 1, 34, 1, 0; 0.386331532246; 1, 0, 1; 1, 0, 0; 2, 1, 2 / 2, 5, 0 ;
0,0; 0.181992, -1.661691, 2.584876 / 0.181992, -1.661691, 2.584876 / 0.181992, -1.661691, 2.584876; 1, 34, 1, 0; 0.386353833796; 1, 0, 1; 1, 0, 0; 3, 1, 2 ;
0,0; 0.184145, -1.662023, 2.578643 / 0.184145, -1.662023, 2.578643 / 0.184145, -1.662023, 2.578643; 1, 34, 1, 0; 0.386354444968; 1, 0, 1; 1, 0, 0; 2, 1, 2 ;
0,0; -0.063591, -1.773084, 2.980371 / -0.063521, -1.772846, 2.980946 / -0.063662, -1.773321, 2.979795; 1, 35, 1, 0; 0.501320776106; 2, 1, 1; 1, 1, 0; 1, 8, 0 / 3, 4, 2 / 4, 1, 1 ;
0,0; -0.047764, -1.760087, 2.942466 / -0.047764, -1.760087, 2.942466 / -0.047764, -1.760087, 2.942466; 1, 35, 1, 0; 0.501242132410; 0, 1, 0; 0, 1, 0; 4, 1, 1 ;
0,0; -0.056815, -1.771744, 2.966640 / -0.056815, -1.771744, 2.966640 / -0.056815, -1.771744, 2.966640; 1, 35, 1, 0; 0.501295772434; 1, 0, 1; 0, 1, 0; 4, 1, 2 ;
0,0; -0.049907, -1.756622, 2.940967 / -0.049907, -1.756622, 2.940967 / -0.049907, -1.756622, 2.940967; 1, 35, 1, 0; 0.501240483533; 1, 0, 1; 1, 0, 0; 3, 1, 2 ;
0,0; -0.145562, -1.828235, 3.146515 / -0.145562, -1.828235, 3.146515 / -0.145562, -1.828235, 3.146515; 1, 40, 1, 0; 0.521448656294; 0, 1, 0; 0, 1, 0; 4, 1, 1 ;
0,0; -0.186357, -1.861775, 3.255569 / -0.186357, -1.861775, 3.255569 / -0.186357, -1.861775, 3.255569; 1, 40, 1, 0; 0.652641804180; 1, 0, 1; 0, 1, 0; 4, 1, 2 ;
0,0; -0.191890, -1.863460, 3.272001 / -0.191479, -1.863222, 3.272110 / -0.192301, -1.863697, 3.271892; 1, 40, 1, 0; 0.652669165488; 1, 0, 2; 2, 0, 0; 2, 1, 2 / 3, 2, 2 / 3, 5, 0 / 3, 6, 0 ;
0,0; -0.508577, -2.066252, 3.881177 / -0.508577, -2.066252, 3.881177 / -0.508577, -2.066252, 3.881177; 1, 45, 1, 0; 0.896836516642; 1, 0, 1; 1, 0, 0; 2, 1, 2 ;
1,1; 0.327691, -0.60927, -3.56496 / 0.327691, -0.60927, -3.56496 / 0.327691, -0.60927, -3.56496; 1, 1, 1, 0; 0.778822805818; 1, 0, 1; 1, 0, 0; 1, 5, 0 / 3, 1, 2 ;
0,1; 0.635006, -0.157609, -2.898007 / 0.635433, -0.156701, -2.897768 / 0.634579, -0.158517, -2.898245; 1, 2, 1, 0; 0.548897375716; 1, 0, 2; 2, 0, 0; 2, 7, 0 / 2, 8, 2 / 3, 1, 2 ;
0,1; 2.195277, 2.178301, 0.143927 / 2.195277, 2.178301, 0.143927 / 2.195277, 2.178301, 0.143927; 1, 20, 1, 0; 0.264348625923; 1, 0, 1; 1, 0, 0; 2, 1, 2 ;
0,1; 2.491200, 2.637524, 0.744799 / 2.491200, 2.637524, 0.744799 / 2.491200, 2.637524, 0.744799; 1, 20, 1, 0; 0.672081825623; 1, 0, 1; 1, 0, 0; 2, 1, 2 ;
0,1; 2.588320, 2.786864, 0.942118 / 2.588320, 2.786864, 0.942118 / 2.588320, 2.786864, 0.942118; 1, 26, 1, 0; 0.418884377009; 1, 0, 1; 0, 1, 0; 1, 1, 2 ;
0,1; 2.804239, 3.102081, 1.365960 / 2.804239, 3.102081, 1.365960 / 2.804239, 3.102081, 1.365960; 1, 28, 1, 0; 0.043631781147; 1, 0, 1; 0, 1, 0; 3, 1, 0 / 4, 1, 2 ;
0,1; 2.808631, 3.107826, 1.374022 / 2.808631, 3.107826, 1.374022 / 2.808631, 3.107826, 1.374022; 1, 28, 1, 0; 0.043646505555; 1, 0, 1; 1, 0, 0; 3, 1, 2 ;
0,1; 2.874825, 3.216636, 1.508425 / 2.874825, 3.216636, 1.508425 / 2.874825, 3.216636, 1.508425; 1, 28, 1, 0; 0.045347823845; 1, 0, 1; 1, 0, 0; 2, 1, 2 ;
1,2; 1.69025, 0.599167, -3.8666 / 1.69025, 0.599167, -3.8666 / 1.69025, 0.599167, -3.8666; 1, 1, 1, 0; 0.508210567701; 1, 0, 1; 0, 1, 0; 1, 1, 2 ;
0,2; 1.717878, 0.480232, -3.665840 / 1.717878, 0.480232, -3.665840 / 1.717878, 0.480232, -3.665840; 1, 1, 1, 0; 0.709735040139; 0, 1, 0; 0, 1, 0; 1, 1, 1 ;
0,2; 1.690894, 0.590771, -3.848148 / 1.690894, 0.590771, -3.848148 / 1.690894, 0.590771, -3.848148; 1, 1, 1, 0; 0.508218533742; 0, 1, 0; 1, 0, 0; 3, 1, 1 ;
0,2; 1.772108, 0.259747, -3.302432 / 1.772671, 0.259888, -3.302220 / 1.771545, 0.259607, -3.302644; 1, 3, 1, 0; 0.187240642013; 2, 1, 1; 0, 2, 1; 1, 6, 0 / 1, 7, 1 / 4, 1, 2 ;
0,2; 1.770888, 0.260354, -3.302230 / 1.771545, 0.260821, -3.302220 / 1.770231, 0.259888, -3.302240; 1, 3, 1, 0; 0.187240666191; 0, 1, 0; 0, 2, 1; 1, 1, 1 / 4, 8, 1 ;
0,2; 1.865807, -0.127668, -2.662805 / 1.865807, -0.127668, -2.662805 / 1.865807, -0.127668, -2.662805; 1, 3, 1, 0; 0.654864073953; 0, 1, 0; 0, 1, 0; 4, 1, 1 ;
0,2; 1.866864, -0.132512, -2.654923 / 1.866864, -0.132512, -2.654923 / 1.866864, -0.132512, -2.654923; 1, 3, 1, 0; 0.654870545663; 0, 1, 0; 0, 1, 0; 4, 1, 1 ;
0,2; 1.938095, -0.352691, -2.285224 / 1.938095, -0.352691, -2.285224 / 1.938095, -0.352691, -2.285224; 1, 3, 1, 0; 0.790762259376; 1, 0, 1; 0, 1, 0; 4, 1, 2 ;
0,2; 1.934766, -0.401960, -2.212456 / 1.934766, -0.401960, -2.212456 / 1.934766, -0.401960, -2.212456; 1, 3, 1, 0; 0.790835950628; 1, 0, 1; 0, 1, 0; 4, 1, 2 ;
0,2; 1.862940, -0.119686, -2.676882 / 1.863747, -0.119642, -2.676102 / 1.862132, -0.119729, -2.677662; 1, 3, 1, 0; 0.654857437026; 2, 1, 1; 2, 0, 0; 3, 1, 1 / 3, 8, 2 / 4, 1, 0 ;
0,2; 1.779059, 0.221751, -3.242962 / 1.779059, 0.221751, -3.242962 / 1.779059, 0.221751, -3.242962; 1, 3, 1, 0; 0.187162594648; 1, 0, 1; 1, 0, 0; 2, 1, 2 ;
0,2; 1.867737, -0.127918, -2.666736 / 1.867737, -0.127918, -2.666736 / 1.867737, -0.127918, -2.666736; 1, 3, 1, 0; 0.654864009478; 1, 0, 1; 1, 0, 0; 3, 1, 2 ;
0,2; 1.934800, -0.357288, -2.285720 / 1.934800, -0.357288, -2.285720 / 1.934800, -0.357288, -2.285720; 1, 3, 1, 0; 0.790761711336; 1, 0, 1; 1, 0, 0; 3, 1, 2 ;
0,2; 1.939802, -0.432814, -2.160519 / 1.939802, -0.432814, -2.160519 / 1.939802, -0.432814, -2.160519; 1, 4, 1, 0; 0.543692126355; 0, 1, 0; 0, 1, 0; 1, 1, 1 ;
0,2; 1.963992, -0.532945, -1.995819 / 1.963992, -0.532945, -1.995819 / 1.963992, -0.532945, -1.995819; 1, 4, 1, 0; 0.544719133452; 0, 0, 0; 1, 0, 0; 2, 1, 3 ;
0,2; 1.972861, -1.049784, -1.530286 / 1.972861, -1.049784, -1.530286 / 1.972861, -1.049784, -1.530286; 1, 8, 1, 0; 0.744138278408; 0, 1, 0; 0, 1, 0; 1, 1, 1 / 4, 2, 0 ;
0,2; 1.974955, -1.053299, -1.533223 / 1.974955, -1.053299, -1.533223 / 1.974955, -1.053299, -1.533223; 1, 8, 1, 0; 0.744137368184; 1, 0, 1; 1, 0, 0; 3, 1, 2 ;
0,2; 1.938440, -1.049959, -1.530911 / 1.938440, -1.049959, -1.530911 / 1.938440, -1.049959, -1.530911; 1, 8, 1, 0; 0.744165723204; 1, 0, 1; 1, 0, 0; 3, 1, 2 ;
0,2; 1.937981, -1.050561, -1.526749 / 1.937981, -1.050561, -1.526749 / 1.937981, -1.050561, -1.526749; 1, 8, 1, 0; 0.744166357293; 1, 0, 1; 1, 0, 0; 3, 1, 2 ;
0,2; 1.679584, -1.020712, -0.933925 / 1.679728, -1.020207, -0.933547 / 1.679440, -1.021217, -0.934304; 1, 11, 1, 0; 0.589503840467; 2, 1, 1; 1, 1, 0; 1, 1, 1 / 3, 5, 2 ;
0,2; 2.108326, -1.126564, -1.020213 / 2.108326, -1.126564, -1.020213 / 2.108326, -1.126564, -1.020213; 1, 11, 1, 0; 0.586766054206; 0, 1, 0; 0, 1, 0; 1, 1, 1 ;
0,2; 1.627563, -0.983637, -1.039329 / 1.627563, -0.983637, -1.039329 / 1.627563, -0.983637, -1.039329; 1, 11, 1, 0; 0.588833835707; 1, 0, 1; 1, 0, 0; 3, 1, 2 ;
0,2; 1.629707, -0.981317, -1.037415 / 1.629707, -0.981317, -1.037415 / 1.629707, -0.981317, -1.037415; 1, 11, 1, 0; 0.588834007361; 1, 0, 1; 1, 0, 0; 2, 1, 2 ;
0,2; 1.835795, -1.120538, -0.970353 / 1.835795, -1.120538, -0.970353 / 1.835795, -1.120538, -0.970353; 1, 11, 1, 0; 0.589285582684; 1, 0, 1; 1, 0, 0; 3, 1, 2 ;
0,2; 1.675512, -1.022358, -0.937189 / 1.675512, -1.022358, -0.937189 / 1.675512, -1.022358, -0.937189; 1, 11, 1, 0; 0.589504464143; 1, 0, 1; 1, 0, 0; 3, 1, 2 ;
0,2; 1.665332, -1.013705, -0.953374 / 1.665332, -1.013705, -0.953374 / 1.665332, -1.013705, -0.953374; 1, 11, 1, 0; 0.589517841694; 1, 0, 1; 1, 0, 0; 2, 1, 2 ;
0,2; 2.288506, -1.866851, 0.195100 / 2.288506, -1.866851, 0.195100 / 2.288506, -1.866851, 0.195100; 1, 15, 1, 0; 0.670183299580; 1, 0, 1; 0, 1, 0; 3, 9, 0 / 4, 1, 2 ;
0,2; 2.234892, -1.647030, -0.165320 / 2.234892, -1.647030, -0.165320 / 2.234892, -1.647030, -0.165320; 1, 15, 1, 0; 0.572201530421; 0, 1, 0; 1, 0, 0; 3, 1, 1 ;
0,2; 2.250168, -1.711934, -0.058356 / 2.250168, -1.711934, -0.058356 / 2.250168, -1.711934, -0.058356; 1, 15, 1, 0; 0.572767816960; 1, 0, 1; 1, 0, 0; 3, 1, 2 ;
0,2; 2.302807, -1.927710, 0.295886 / 2.302807, -1.927710, 0.295886 / 2.302807, -1.927710, 0.295886; 1, 15, 1, 0; 0.670123809256; 1, 0, 1; 1, 0, 0; 2, 1, 2 ;
0,2; 2.285469, -1.866383, 0.195568 / 2.285469, -1.866383, 0.195568 / 2.285469, -1.866383, 0.195568; 1, 15, 1, 0; 0.670183373248; 1, 0, 1; 1, 0, 0; 1, 3, 0 / 1, 4, 0 / 2, 1, 2 / 2, 4, 0 / 3, 1, 0 / 4, 1, 0 / 4, 8, 0 ;
0,2; 2.368613, -2.192523, 0.738142 / 2.368613, -2.192523, 0.738142 / 2.368613, -2.192523, 0.738142; 1, 19, 1, 0; 0.907815143916; 1, 0, 1; 1, 0, 0; 2, 1, 2 ;
0,2; 2.501119, -2.753997, 1.650003 / 2.501483, -2.753951, 1.650151 / 2.500755, -2.754044, 1.649855; 1, 22, 1, 0; 0.858530618273; 1, 0, 2; 2, 0, 0; 1, 1, 0 / 2, 1, 2 / 3, 3, 2 / 4, 6, 0 ;
0,2; 2.310709, -2.483858, 1.111529 / 2.310709, -2.483858, 1.111529 / 2.310709, -2.483858, 1.111529; 1, 22, 1, 0; 0.141671279562; 1, 0, 1; 1, 0, 0; 2, 1, 2 ;
0,2; 2.414085, -2.387501, 1.052647 / 2.414085, -2.387501, 1.052647 / 2.414085, -2.387501, 1.052647; 1, 22, 1, 0; 0.205914910274; 1, 0, 1; 1, 0, 0; 2, 1, 2 ;
0,2; 2.565250, -3.012882, 2.073390 / 2.565250, -3.012882, 2.073390 / 2.565250, -3.012882, 2.073390; 1, 33, 1, 0; 0.051186671955; 1, 0, 1; 0, 1, 0; 4, 1, 2 ;
0,2; 2.559251, -2.998206, 2.056792 / 2.559251, -2.998206, 2.056792 / 2.559251, -2.998206, 2.056792; 1, 33, 1, 0; 0.051169633970; 1, 0, 1; 1, 0, 0; 3, 1, 2 / 3, 2, 0 ;
0,2; 2.574261, -3.073208, 2.171340 / 2.574261, -3.073208, 2.171340 / 2.574261, -3.073208, 2.171340; 1, 33, 1, 0; 0.720625565958; 1, 0, 1; 1, 0, 0; 3, 1, 2 ;
0,2; 2.573282, -3.072220, 2.174852 / 2.573282, -3.072220, 2.174852 / 2.573282, -3.072220, 2.174852; 1, 33, 1, 0; 0.720625940145; 1, 0, 1; 1, 0, 0; 2, 1, 2 ;
0,2; 2.567747, -3.063150, 2.171255 / 2.567747, -3.063150, 2.171255 / 2.567747, -3.063150, 2.171255; 1, 33, 1, 0; 0.720628422253; 1, 0, 1; 1, 0, 0; 2, 1, 2 ;
1,3; -2.16029, 1.26364, -3.64863 / -2.16029, 1.26364, -3.64863 / -2.16029, 1.26364, -3.64863; 1, 1, 1, 0; 0.626090813660; 1, 0, 1; 1, 0, 0; 3, 1, 2 ;
0,3; -2.153784, 1.248174, -3.601531 / -2.153784, 1.248174, -3.601531 / -2.153784, 1.248174, -3.601531; 1, 1, 1, 0; 0.626117611042; 1, 0, 1; 1, 0, 0; 2, 1, 2 / 2, 4, 0 ;
0,3; -2.070631, 1.125813, -3.133309 / -2.070631, 1.125813, -3.133309 / -2.070631, 1.125813, -3.133309; 1, 2, 1, 0; 0.306433116106; 0, 1, 0; 0, 1, 0; 1, 1, 1 ;
0,3; -2.077705, 1.114533, -3.142704 / -2.077705, 1.114533, -3.142704 / -2.077705, 1.114533, -3.142704; 1, 2, 1, 0; 0.306426882501; 1, 0, 1; 1, 0, 0; 3, 1, 2 ;
0,3; -2.078805, 1.123751, -3.138020 / -2.078805, 1.123751, -3.138020 / -2.078805, 1.123751, -3.138020; 1, 2, 1, 0; 0.306433800379; 1, 0, 1; 1, 0, 0; 2, 1, 2 ;
0,3; -1.805148, 0.736810, -1.645120 / -1.805148, 0.736810, -1.645120 / -1.805148, 0.736810, -1.645120; 1, 6, 1, 0; 0.711785378568; 0, 1, 0; 0, 1, 0; 1, 1, 1 / 2, 2, 0 ;
0,3; -1.599887, 0.436992, -0.494670 / -1.599887, 0.436992, -0.494670 / -1.599887, 0.436992, -0.494670; 1, 10, 1, 0; 0.694468297583; 0, 1, 0; 0, 1, 0; 4, 1, 1 ;
0,3; -1.445805, 0.211407, 0.372386 / -1.445805, 0.211407, 0.372386 / -1.445805, 0.211407, 0.372386; 1, 17, 1, 0; 0.702542000396; 1, 0, 1; 1, 0, 0; 2, 1, 2 ;
0,3; -1.329422, 0.039044, 1.050507 / -1.329422, 0.039044, 1.050507 / -1.329422, 0.039044, 1.050507; 1, 21, 1, 0; 0.476124396831; 1, 0, 1; 0, 1, 0; 4, 1, 2 ;
0,3; -1.225754, -0.118471, 1.621145 / -1.225754, -0.118471, 1.621145 / -1.225754, -0.118471, 1.621145; 1, 30, 1, 0; 0.206955835194; 1, 0, 1; 0, 1, 0; 1, 1, 2 ;
0,3; -1.155358, -0.223527, 2.028910 / -1.155358, -0.223527, 2.028910 / -1.155358, -0.223527, 2.028910; 1, 30, 1, 0; 0.647364158494; 1, 0, 1; 0, 1, 0; 4, 1, 2 ;
0,3; -1.211662, -0.134911, 1.691868 / -1.211662, -0.134911, 1.691868 / -1.211662, -0.134911, 1.691868; 1, 30, 1, 0; 0.207050695329; 1, 0, 1; 1, 0, 0; 3, 1, 2 ;
0,3; -1.056828, -0.357265, 2.552833 / -1.056828, -0.357265, 2.552833 / -1.056828, -0.357265, 2.552833; 1, 34, 1, 0; 0.722494206337; 1, 0, 1; 1, 0, 0; 2, 1, 2 ;
0,3; -0.896973, -0.594066, 3.456304 / -0.896973, -0.594066, 3.456304 / -0.896973, -0.594066, 3.456304; 1, 44, 1, 0; 0.337372572791; 1, 0, 1; 0, 1, 0; 1, 1, 2 ;
0,3; -0.893845, -0.597939, 3.458609 / -0.893845, -0.597939, 3.458609 / -0.893845, -0.597939, 3.458609; 1, 44, 1, 0; 0.337375286748; 1, 0, 1; 0, 1, 0; 4, 1, 2 ;
0,3; -0.898050, -0.595584, 3.452491 / -0.898050, -0.595584, 3.452491 / -0.898050, -0.595584, 3.452491; 1, 44, 1, 0; 0.337338242228; 0, 0, 0; 1, 0, 0; 2, 1, 0 / 3, 1, 3 ;
0,3; -0.895857, -0.592113, 3.469064 / -0.895857, -0.592113, 3.469064 / -0.895857, -0.592113, 3.469064; 1, 44, 1, 0; 0.337407973090; 1, 0, 1; 1, 0, 0; 2, 1, 2 ;
0,3; -0.895687, -0.599732, 3.469651 / -0.895687, -0.599732, 3.469651 / -0.895687, -0.599732, 3.469651; 1, 44, 1, 0; 0.337411162485; 1, 0, 1; 1, 0, 0; 2, 1, 2 ;
0,3; -0.897243, -0.610641, 3.510523 / -0.897243, -0.610641, 3.510523 / -0.897243, -0.610641, 3.510523; 1, 44, 1, 0; 0.337523029014; 1, 0, 1; 1, 0, 0; 2, 1, 2 ;
0,3; -0.797374, -0.744114, 4.019418 / -0.797040, -0.743893, 4.019639 / -0.797708, -0.744334, 4.019198; 1, 46, 1, 0; 0.082753949083; 2, 1, 1; 1, 1, 0; 1, 1, 1 / 3, 3, 2 ;
0,3; -0.800047, -0.750273, 4.018267 / -0.800047, -0.750273, 4.018267 / -0.800047, -0.750273, 4.018267; 1, 46, 1, 0; 0.082743198678; 1, 0, 1; 1, 0, 0; 2, 1, 2 ;
0,3; -0.795038, -0.743099, 4.012011 / -0.795038, -0.743099, 4.012011 / -0.795038, -0.743099, 4.012011; 1, 46, 1, 0; 0.082753456119; 0, 1, 0; 1, 0, 0; 1, 1, 0 / 2, 1, 1 ;
0,3; -0.804480, -0.735237, 4.009443 / -0.804480, -0.735237, 4.009443 / -0.804480, -0.735237, 4.009443; 1, 46, 1, 0; 0.082755510135; 1, 0, 1; 1, 0, 0; 2, 1, 2 ;
0,3; -0.724685, -0.860009, 4.446239 / -0.724685, -0.860009, 4.446239 / -0.724685, -0.860009, 4.446239; 1, 46, 1, 0; 0.872015482858; 1, 0, 1; 1, 0, 0; 2, 1, 2 ;
0,3; -0.710853, -0.863930, 4.501702 / -0.710853, -0.863930, 4.501702 / -0.710853, -0.863930, 4.501702; 1, 46, 1, 0; 0.872062327068; 1, 0, 1; 1, 0, 0; 2, 1, 2 ;
1,4; 1.446, 3.91939, 1.95236 / 1.44674, 3.91966, 1.9533 / 1.44526, 3.91912, 1.95141; 1, 28, 1, 0; 0.419806934376; 2, 2, 1; 0, 3, 1; 1, 9, 2 / 1, 10, 1 / 2, 9, 0 / 4, 1, 1 ;
0,4; 1.443750, 3.930421, 1.969225 / 1.443770, 3.930744, 1.969459 / 1.443730, 3.930098, 1.968991; 1, 28, 1, 0; 0.419826438001; 0, 2, 0; 0, 2, 0; 1, 1, 1 / 1, 2, 1 ;
0,4; 1.342968, 3.795470, 2.056690 / 1.343705, 3.795727, 2.056859 / 1.342231, 3.795212, 2.056520; 1, 28, 1, 0; 0.420583488036; 1, 0, 2; 1, 1, 0; 1, 1, 2 / 3, 5, 2 ;
0,4; 1.418723, 3.903106, 1.992579 / 1.418814, 3.903191, 1.992594 / 1.418633, 3.903020, 1.992564; 1, 28, 1, 0; 0.418083193364; 1, 0, 2; 2, 0, 0; 2, 1, 2 / 2, 2, 2 ;
0,4; 1.451318, 3.917064, 1.947431 / 1.451398, 3.917238, 1.947649 / 1.451238, 3.916891, 1.947213; 1, 28, 1, 0; 0.419789410582; 1, 0, 2; 2, 0, 0; 2, 1, 2 / 2, 2, 2 ;
0,4; 1.448112, 3.921987, 1.954439 / 1.448112, 3.921987, 1.954439 / 1.448112, 3.921987, 1.954439; 1, 28, 1, 0; 0.419807201423; 1, 0, 1; 1, 0, 0; 3, 1, 2 ;
0,4; 1.445329, 3.925677, 1.972592 / 1.445329, 3.925677, 1.972592 / 1.445329, 3.925677, 1.972592; 1, 28, 1, 0; 0.419825065933; 1, 0, 1; 1, 0, 0; 2, 1, 2 / 3, 2, 0 / 4, 1, 0 ;
0,4; 1.370178, 3.833229, 2.033737 / 1.370178, 3.833229, 2.033737 / 1.370178, 3.833229, 2.033737; 1, 28, 1, 0; 0.421199832037; 0, 0, 0; 1, 0, 0; 2, 1, 3 ;
0,4; 1.027502, 3.353476, 2.338015 / 1.027502, 3.353476, 2.338015 / 1.027502, 3.353476, 2.338015; 1, 38, 1, 0; 0.068755931716; 1, 0, 1; 1, 0, 0; 2, 1, 2 ;
0,4; 0.677492, 2.851846, 2.648198 / 0.677492, 2.851846, 2.648198 / 0.677492, 2.851846, 2.648198; 1, 38, 1, 0; 0.417861826999; 1, 0, 1; 1, 0, 0; 3, 1, 2 ;
0,4; 0.663241, 2.845227, 2.659077 / 0.663241, 2.845227, 2.659077 / 0.663241, 2.845227, 2.659077; 1, 38, 1, 0; 0.417882920945; 1, 0, 1; 1, 0, 0; 3, 1, 2 ;
0,4; 0.598417, 2.752609, 2.704273 / 0.598417, 2.752609, 2.704273 / 0.598417, 2.752609, 2.704273; 1, 38, 1, 0; 0.506410722705; 1, 0, 1; 1, 0, 0; 2, 1, 2 ;
0,4; 0.598545, 2.753205, 2.717739 / 0.598545, 2.753205, 2.717739 / 0.598545, 2.753205, 2.717739; 1, 38, 1, 0; 0.506438138712; 0, 1, 0; 1, 0, 0; 2, 1, 1 ;
0,4; 0.600491, 2.753322, 2.719741 / 0.600491, 2.753322, 2.719741 / 0.600491, 2.753322, 2.719741; 1, 38, 1, 0; 0.506464666875; 1, 0, 1; 1, 0, 0; 1, 2, 0 / 2, 5, 0 / 3, 1, 2 ;
0,4; 0.445159, 2.540846, 2.853502 / 0.445159, 2.540846, 2.853502 / 0.445159, 2.540846, 2.853502; 1, 40, 1, 0; 0.082018544712; 1, 0, 1; 0, 1, 0; 1, 2, 0 / 4, 1, 2 ;
0,4; -0.108556, 1.827765, 3.216074 / -0.108556, 1.827765, 3.216074 / -0.108556, 1.827765, 3.216074; 1, 42, 1, 0; 0.742936021162; 1, 0, 1; 0, 1, 0; 1, 5, 0 / 4, 1, 2 ;
0,4; -0.357825, 1.648799, 3.297351 / -0.357825, 1.648799, 3.297351 / -0.357825, 1.648799, 3.297351; 1, 42, 1, 0; 0.732246602663; 0, 1, 0; 1, 0, 0; 3, 1, 1 ;
0,4; -0.333340, 1.662997, 3.277447 / -0.333340, 1.662997, 3.277447 / -0.333340, 1.662997, 3.277447; 1, 42, 1, 0; 0.732393177371; 1, 0, 1; 1, 0, 0; 3, 1, 2 ;
0,4; -0.156558, 1.788482, 3.191752 / -0.156558, 1.788482, 3.191752 / -0.156558, 1.788482, 3.191752; 1, 42, 1, 0; 0.739490618468; 1, 0, 1; 1, 0, 0; 2, 1, 2 ;
0,4; -0.587949, 1.098514, 3.764353 / -0.587949, 1.098514, 3.764353 / -0.587949, 1.098514, 3.764353; 1, 46, 1, 0; 0.340677092221; 1, 0, 1; 0, 1, 0; 4, 1, 2 ;
0,4; -0.895511, 0.638383, 4.075094 / -0.895511, 0.638383, 4.075094 / -0.895511, 0.638383, 4.075094; 1, 46, 1, 0; 0.592889261350; 1, 0, 1; 0, 1, 0; 1, 7, 0 / 4, 1, 2 ;
0,4; -1.033900, 0.536664, 4.166304 / -1.033900, 0.536664, 4.166304 / -1.033900, 0.536664, 4.166304; 1, 46, 1, 0; 0.609877928237; 1, 0, 1; 0, 1, 0; 1, 1, 2 ;
0,4; -1.034301, 0.537710, 4.173724 / -1.034301, 0.537710, 4.173724 / -1.034301, 0.537710, 4.173724; 1, 46, 1, 0; 0.609889443368; 1, 0, 1; 0, 1, 0; 1, 1, 2 ;
0,4; -0.895007, 0.631022, 4.085613 / -0.894978, 0.631156, 4.085785 / -0.895037, 0.630888, 4.085442; 1, 46, 1, 0; 0.592889912316; 1, 0, 2; 2, 0, 0; 2, 1, 2 / 2, 2, 2 ;
0,4; -0.590517, 1.106081, 3.756105 / -0.590517, 1.106081, 3.756105 / -0.590517, 1.106081, 3.756105; 1, 46, 1, 0; 0.340675992532; 0, 1, 0; 1, 0, 0; 2, 1, 1 ;
0,4; -0.586570, 1.096135, 3.761877 / -0.586570, 1.096135, 3.761877 / -0.586570, 1.096135, 3.761877; 1, 46, 1, 0; 0.340677174382; 1, 0, 1; 1, 0, 0; 3, 1, 2 ;
0,4; -0.584659, 1.109952, 3.766471 / -0.584659, 1.109952, 3.766471 / -0.584659, 1.109952, 3.766471; 1, 46, 1, 0; 0.340686919898; 1, 0, 1; 1, 0, 0; 3, 1, 2 ;
0,4; -1.030122, 0.537705, 4.171743 / -1.030122, 0.537705, 4.171743 / -1.030122, 0.537705, 4.171743; 1, 46, 1, 0; 0.609889626649; 1, 0, 1; 1, 0, 0; 2, 1, 2 / 3, 5, 0 / 3, 7, 0 ;
0,4; -1.153886, 0.559131, 4.165259 / -1.153886, 0.559131, 4.165259 / -1.153886, 0.559131, 4.165259; 1, 46, 1, 0; 0.610129118618; 1, 0, 1; 1, 0, 0; 3, 1, 2 ;
0,4; -1.150114, 0.556563, 4.170141 / -1.150114, 0.556563, 4.170141 / -1.150114, 0.556563, 4.170141; 1, 46, 1, 0; 0.610139451900; 1, 0, 1; 1, 0, 0; 1, 2, 0 / 3, 1, 2 ;
0,4; -1.149866, 0.567531, 4.172785 / -1.149866, 0.567531, 4.172785 / -1.149866, 0.567531, 4.172785; 1, 46, 1, 0; 0.610142137921; 1, 0, 1; 1, 0, 0; 3, 1, 2 ;
0,4; -1.098854, 0.588489, 4.177049 / -1.098854, 0.588489, 4.177049 / -1.098854, 0.588489, 4.177049; 1, 46, 1, 0; 0.610976296021; 1, 0, 1; 1, 0, 0; 3, 1, 2 ;
0,4; -1.102908, 0.590034, 4.178961 / -1.102908, 0.590034, 4.178961 / -1.102908, 0.590034, 4.178961; 1, 46, 1, 0; 0.610976542503; 1, 0, 1; 1, 0, 0; 2, 1, 2 ;
1,6; -3.26435, -2.03189, 1.48021 / -3.26376, -2.03138, 1.481 / -3.26493, -2.0324, 1.47941; 1, 21, 1, 0; 0.940899165313; 1, 0, 2; 1, 1, 0; 3, 1, 2 / 4, 10, 2 ;
0,6; -3.410471, -2.043697, 1.413255 / -3.409973, -2.043410, 1.413864 / -3.410968, -2.043985, 1.412647; 1, 21, 1, 0; 0.943689341156; 1, 0, 2; 2, 0, 0; 2, 1, 2 / 3, 8, 2 / 4, 7, 0 ;
0,6; -3.391031, -2.040671, 1.419302 / -3.391031, -2.040671, 1.419302 / -3.391031, -2.040671, 1.419302; 1, 21, 1, 0; 0.938688089708; 1, 0, 1; 1, 0, 0; 2, 1, 2 ;
0,6; -3.434487, -2.043642, 1.404532 / -3.434487, -2.043642, 1.404532 / -3.434487, -2.043642, 1.404532; 1, 21, 1, 0; 0.943679831607; 1, 0, 1; 1, 0, 0; 2, 1, 2 / 4, 5, 0 ;
0,6; -3.435716, -2.044142, 1.401694 / -3.435716, -2.044142, 1.401694 / -3.435716, -2.044142, 1.401694; 1, 21, 1, 0; 0.943679918918; 1, 0, 1; 1, 0, 0; 3, 1, 2 ;
0,6; -3.511659, -2.050537, 1.368605 / -3.511659, -2.050537, 1.368605 / -3.511659, -2.050537, 1.368605; 1, 21, 1, 0; 0.943853368141; 1, 0, 1; 1, 0, 0; 2, 1, 2 ;
0,6; -2.763715, -1.997487, 1.701458 / -2.762982, -1.996871, 1.702071 / -2.764449, -1.998104, 1.700845; 1, 24, 1, 0; 0.646102735889; 2, 1, 2; 3, 1, 0; 1, 2, 0 / 1, 5, 3 / 2, 1, 2 / 2, 5, 1 / 3, 3, 2 ;
0,6; -2.749374, -1.980249, 1.690853 / -2.749374, -1.980249, 1.690853 / -2.749374, -1.980249, 1.690853; 1, 24, 1, 0; 0.646099587791; 1, 0, 1; 0, 1, 0; 1, 1, 2 ;
0,6; -2.749021, -1.983669, 1.689658 / -2.749021, -1.983669, 1.689658 / -2.749021, -1.983669, 1.689658; 1, 24, 1, 0; 0.646099757759; 1, 0, 1; 0, 1, 0; 1, 1, 2 ;
0,6; -2.759369, -1.991814, 1.697381 / -2.759369, -1.991814, 1.697381 / -2.759369, -1.991814, 1.697381; 1, 24, 1, 0; 0.646101317028; 1, 0, 1; 1, 0, 0; 3, 1, 2 ;
0,6; -2.752493, -1.998178, 1.693042 / -2.752493, -1.998178, 1.693042 / -2.752493, -1.998178, 1.693042; 1, 24, 1, 0; 0.646101819542; 1, 0, 1; 1, 0, 0; 2, 1, 2 / 3, 4, 0 ;
0,6; -2.764581, -2.002766, 1.699897 / -2.764581, -2.002766, 1.699897 / -2.764581, -2.002766, 1.699897; 1, 24, 1, 0; 0.646102928027; 1, 0, 1; 1, 0, 0; 3, 1, 2 ;
0,6; -2.095146, -1.943101, 1.980427 / -2.095146, -1.943101, 1.980427 / -2.095146, -1.943101, 1.980427; 1, 32, 1, 0; 0.258906429695; 1, 0, 1; 1, 0, 0; 2, 1, 2 ;
0,6; -2.287166, -1.956174, 1.899870 / -2.287166, -1.956174, 1.899870 / -2.287166, -1.956174, 1.899870; 1, 32, 1, 0; 0.263695895958; 1, 0, 1; 1, 0, 0; 2, 1, 2 ;
0,6; -2.294223, -1.955270, 1.896987 / -2.294223, -1.955270, 1.896987 / -2.294223, -1.955270, 1.896987; 1, 32, 1, 0; 0.263696876363; 1, 0, 1; 1, 0, 0; 3, 1, 2 ;
0,6; -1.352617, -1.884248, 2.306788 / -1.352617, -1.884248, 2.306788 / -1.352617, -1.884248, 2.306788; 1, 34, 1, 0; 0.179634069983; 0, 1, 0; 0, 1, 0; 1, 1, 1 ;
0,6; -1.249171, -1.876417, 2.349589 / -1.249171, -1.876417, 2.349589 / -1.249171, -1.876417, 2.349589; 1, 34, 1, 0; 0.179753934577; 1, 0, 1; 0, 1, 0; 1, 1, 2 ;
0,6; -0.146981, -1.797945, 2.828595 / -0.146538, -1.797821, 2.829285 / -0.147424, -1.798070, 2.827906; 1, 35, 1, 0; 0.498890331656; 2, 2, 1; 2, 1, 0; 1, 2, 0 / 1, 5, 1 / 2, 5, 0 / 3, 1, 1 / 3, 9, 2 ;
0,6; 0.087771, -1.777696, 2.931039 / 0.087771, -1.777696, 2.931039 / 0.087771, -1.777696, 2.931039; 1, 35, 1, 0; 0.495373135674; 1, 0, 1; 0, 1, 0; 4, 1, 2 ;
0,6; 0.101081, -1.773703, 2.939902 / 0.101081, -1.773703, 2.939902 / 0.101081, -1.773703, 2.939902; 1, 35, 1, 0; 0.495392613032; 0, 1, 0; 0, 1, 0; 1, 1, 1 / 3, 6, 0 ;
0,6; 0.097699, -1.773846, 2.940682 / 0.097699, -1.773846, 2.940682 / 0.097699, -1.773846, 2.940682; 1, 35, 1, 0; 0.495392935078; 1, 0, 1; 1, 0, 0; 3, 1, 2 ;
0,6; -0.148514, -1.802871, 2.832373 / -0.148514, -1.802871, 2.832373 / -0.148514, -1.802871, 2.832373; 1, 35, 1, 0; 0.498888489552; 1, 0, 1; 1, 0, 0; 2, 1, 2 ;
0,6; -0.153036, -1.794865, 2.833894 / -0.153036, -1.794865, 2.833894 / -0.153036, -1.794865, 2.833894; 1, 35, 1, 0; 0.498892482925; 1, 0, 1; 1, 0, 0; 2, 1, 2 ;
0,6; 1.430223, -1.675754, 3.521118 / 1.430223, -1.675754, 3.521118 / 1.430223, -1.675754, 3.521118; 1, 43, 1, 0; 0.630470287125; 1, 0, 1; 0, 1, 0; 1, 1, 2 ;
1,7; -2.13047, -0.841728, -2.92042 / -2.13047, -0.841728, -2.92042 / -2.13047, -0.841728, -2.92042; 1, 2, 1, 0; 0.476711876125; 1, 0, 1; 0, 1, 0; 1, 1, 0 / 4, 1, 2 ;
0,7; -2.159989, -0.836034, -2.925792 / -2.159989, -0.836034, -2.925792 / -2.159989, -0.836034, -2.925792; 1, 2, 1, 0; 0.476716642302; 1, 0, 1; 1, 0, 0; 2, 1, 2 ;
0,7; -2.146809, -0.834736, -2.931863 / -2.146809, -0.834736, -2.931863 / -2.146809, -0.834736, -2.931863; 1, 2, 1, 0; 0.476717358217; 1, 0, 1; 1, 0, 0; 3, 1, 2 ;
0,7; -2.142543, -0.837382, -2.930090 / -2.142543, -0.837382, -2.930090 / -2.142543, -0.837382, -2.930090; 1, 2, 1, 0; 0.476717935696; 1, 0, 1; 1, 0, 0; 1, 2, 0 / 1, 3, 0 / 1, 5, 0 / 3, 1, 2 / 3, 3, 0 ;
0,7; -2.140657, -0.837600, -2.929162 / -2.140657, -0.837600, -2.929162 / -2.140657, -0.837600, -2.929162; 1, 2, 1, 0; 0.476717987115; 1, 0, 1; 1, 0, 0; 3, 1, 2 ;
0,7; -2.140197, -0.837713, -2.926305 / -2.140197, -0.837713, -2.926305 / -2.140197, -0.837713, -2.926305; 1, 2, 1, 0; 0.476718058311; 1, 0, 1; 1, 0, 0; 1, 3, 0 / 2, 1, 2 ;
0,7; -1.430857, -0.489020, -2.573538 / -1.430857, -0.489020, -2.573538 / -1.430857, -0.489020, -2.573538; 1, 2, 1, 0; 0.959464839461; 1, 0, 1; 1, 0, 0; 3, 1, 2 ;
0,7; -1.743087, -0.702850, -2.726850 / -1.743087, -0.702850, -2.726850 / -1.743087, -0.702850, -2.726850; 1, 2, 1, 0; 0.982304713333; 1, 0, 1; 1, 0, 0; 2, 6, 0 / 3, 1, 2 / 3, 6, 0 ;
0,7; -0.430735, 0.166845, -2.095984 / -0.430735, 0.166845, -2.095984 / -0.430735, 0.166845, -2.095984; 1, 4, 1, 0; 0.615401270164; 1, 0, 1; 1, 0, 0; 3, 1, 2 ;
0,7; -2.865052, -1.426922, -3.265265 / -2.864658, -1.426833, -3.264717 / -2.865446, -1.427011, -3.265813; 1, 5, 1, 0; 0.055716657796; 1, 0, 2; 1, 1, 0; 1, 8, 2 / 3, 1, 2 ;
0,7; -2.251731, -1.025787, -2.971670 / -2.251594, -1.025485, -2.970612 / -2.251868, -1.026088, -2.972728; 1, 5, 1, 0; 0.098706843063; 0, 1, 0; 1, 1, 0; 1, 9, 3 / 2, 8, 0 / 3, 1, 1 ;
0,7; -2.839974, -1.410530, -3.254966 / -2.839974, -1.410530, -3.254966 / -2.839974, -1.410530, -3.254966; 1, 5, 1, 0; 0.055697406688; 1, 0, 1; 0, 1, 0; 1, 1, 2 ;
0,7; -2.867088, -1.425487, -3.268122 / -2.867088, -1.425487, -3.268122 / -2.867088, -1.425487, -3.268122; 1, 5, 1, 0; 0.055716868539; 1, 0, 1; 0, 1, 0; 1, 1, 2 ;
0,7; -2.860734, -1.423151, -3.263979 / -2.860734, -1.423151, -3.263979 / -2.860734, -1.423151, -3.263979; 1, 5, 1, 0; 0.055707409618; 1, 0, 1; 1, 0, 0; 3, 1, 2 ;
0,7; -2.852740, -1.426859, -3.266167 / -2.852740, -1.426859, -3.266167 / -2.852740, -1.426859, -3.266167; 1, 5, 1, 0; 0.055707914421; 1, 0, 1; 1, 0, 0; 2, 1, 2 ;
0,7; -2.856917, -1.423174, -3.269874 / -2.856917, -1.423174, -3.269874 / -2.856917, -1.423174, -3.269874; 1, 5, 1, 0; 0.055708139867; 1, 0, 1; 1, 0, 0; 3, 1, 2 ;
0,7; -2.677141, -1.303885, -3.177875 / -2.677141, -1.303885, -3.177875 / -2.677141, -1.303885, -3.177875; 1, 5, 1, 0; 0.057393807691; 1, 0, 1; 1, 0, 0; 2, 1, 2 ;
0,7; -2.690245, -1.309856, -3.180659 / -2.690245, -1.309856, -3.180659 / -2.690245, -1.309856, -3.180659; 1, 5, 1, 0; 0.057394768286; 1, 0, 1; 1, 0, 0; 3, 1, 2 ;
0,7; -2.302819, -1.061673, -2.990036 / -2.302819, -1.061673, -2.990036 / -2.302819, -1.061673, -2.990036; 1, 5, 1, 0; 0.097753378991; 1, 0, 1; 1, 0, 0; 2, 1, 2 ;
0,7; -2.252216, -1.025489, -2.970312 / -2.251594, -1.025485, -2.970013 / -2.252838, -1.025494, -2.970612; 1, 5, 1, 0; 0.098706882271; 1, 0, 1; 1, 1, 0; 1, 1, 3 / 2, 4, 2 ;
0,7; -1.048582, -0.243487, -2.404032 / -1.048582, -0.243487, -2.404032 / -1.048582, -0.243487, -2.404032; 1, 5, 1, 0; 0.399762767337; 1, 0, 1; 1, 0, 0; 2, 1, 2 ;
0,7; 1.630137, 1.503555, -1.099403 / 1.630148, 1.503632, -1.098638 / 1.630127, 1.503477, -1.100169; 1, 11, 1, 0; 0.884900560965; 1, 0, 2; 0, 2, 1; 1, 1, 2 / 4, 4, 2 ;
0,7; 0.401870, 0.705540, -1.695077 / 0.402230, 0.705610, -1.695054 / 0.401511, 0.705469, -1.695100; 1, 11, 1, 0; 0.067129319381; 2, 1, 1; 1, 1, 0; 3, 2, 1 / 4, 1, 2 ;
0,7; 0.454677, 0.758476, -1.662821 / 0.454747, 0.759287, -1.662532 / 0.454607, 0.757665, -1.663109; 1, 11, 1, 0; 0.067559020292; 1, 0, 2; 1, 1, 0; 1, 1, 2 / 2, 4, 2 ;
0,7; 0.077123, 0.494830, -1.851718 / 0.077123, 0.494830, -1.851718 / 0.077123, 0.494830, -1.851718; 1, 11, 1, 0; 0.046261718231; 1, 0, 1; 0, 1, 0; 1, 1, 2 ;
0,7; 0.402476, 0.703976, -1.691943 / 0.402476, 0.703976, -1.691943 / 0.402476, 0.703976, -1.691943; 1, 11, 1, 0; 0.067129393765; 1, 0, 1; 0, 1, 0; 1, 1, 2 / 2, 3, 0 / 3, 2, 0 ;
0,7; 0.760793, 0.941506, -1.520832 / 0.760793, 0.941506, -1.520832 / 0.760793, 0.941506, -1.520832; 1, 11, 1, 0; 0.289281062468; 1, 0, 1; 0, 1, 0; 1, 1, 2 ;
0,7; 0.357487, 0.672433, -1.713640 / 0.357487, 0.672433, -1.713640 / 0.357487, 0.672433, -1.713640; 1, 11, 1, 0; 0.066361220207; 1, 0, 1; 1, 0, 0; 3, 1, 2 ;
0,7; 0.349260, 0.671515, -1.720390 / 0.349260, 0.671515, -1.720390 / 0.349260, 0.671515, -1.720390; 1, 11, 1, 0; 0.066361660785; 0, 1, 0; 1, 0, 0; 2, 1, 1 / 4, 5, 0 ;
0,7; 0.350431, 0.672673, -1.720143 / 0.350431, 0.672673, -1.720143 / 0.350431, 0.672673, -1.720143; 1, 11, 1, 0; 0.066361723724; 1, 0, 1; 1, 0, 0; 2, 1, 2 / 4, 6, 0 ;
0,7; 0.419548, 0.718585, -1.673720 / 0.419548, 0.718585, -1.673720 / 0.419548, 0.718585, -1.673720; 1, 11, 1, 0; 0.067146810902; 1, 0, 1; 1, 0, 0; 3, 1, 2 ;
0,7; 0.455195, 0.742151, -1.671784 / 0.455195, 0.742151, -1.671784 / 0.455195, 0.742151, -1.671784; 1, 11, 1, 0; 0.067550437603; 1, 0, 1; 1, 0, 0; 2, 1, 2 / 2, 10, 0 / 3, 7, 0 / 4, 3, 0 ;
0,7; 0.452792, 0.742786, -1.675506 / 0.452792, 0.742786, -1.675506 / 0.452792, 0.742786, -1.675506; 1, 11, 1, 0; 0.067550552039; 0, 0, 0; 1, 0, 0; 3, 1, 3 ;
0,7; 0.455923, 0.755670, -1.658461 / 0.455923, 0.755670, -1.658461 / 0.455923, 0.755670, -1.658461; 1, 11, 1, 0; 0.067559621080; 1, 0, 1; 1, 0, 0; 3, 1, 2 ;
0,7; 2.212503, 1.915678, -0.833738 / 2.212579, 1.916587, -0.833634 / 2.212427, 1.914769, -0.833843; 1, 12, 1, 0; 0.284767798208; 0, 2, 0; 0, 2, 1; 1, 3, 1 / 4, 1, 1 ;
0,7; 2.208992, 1.905871, -0.831612 / 2.208992, 1.905871, -0.831612 / 2.208992, 1.905871, -0.831612; 1, 12, 1, 0; 0.284776729927; 1, 0, 1; 0, 1, 0; 1, 1, 2 ;
0,7; 2.201107, 1.880891, -0.819465 / 2.201107, 1.880891, -0.819465 / 2.201107, 1.880891, -0.819465; 1, 12, 1, 0; 0.284379792001; 1, 0, 1; 1, 0, 0; 3, 1, 2 ;
0,7; 2.212541, 1.905909, -0.834252 / 2.212541, 1.905909, -0.834252 / 2.212541, 1.905909, -0.834252; 1, 12, 1, 0; 0.284766144610; 1, 0, 1; 1, 0, 0; 2, 1, 2 ;
0,7; 2.205167, 1.909387, -0.829460 / 2.205167, 1.909387, -0.829460 / 2.205167, 1.909387, -0.829460; 1, 12, 1, 0; 0.284777485203; 0, 1, 0; 1, 0, 0; 1, 9, 0 / 2, 1, 1 / 3, 7, 0 / 4, 5, 0 ;
0,7; 2.207632, 1.912585, -0.829999 / 2.207632, 1.912585, -0.829999 / 2.207632, 1.912585, -0.829999; 1, 12, 1, 0; 0.284777628248; 1, 0, 1; 1, 0, 0; 3, 1, 2 ;
0,7; 3.044131, 2.425325, -0.412592 / 3.044762, 2.425378, -0.412196 / 3.043500, 2.425272, -0.412988; 1, 13, 1, 0; 0.510521208406; 0, 1, 0; 2, 1, 0; 2, 5, 3 / 3, 1, 1 / 3, 2, 0 / 3, 6, 0 / 4, 1, 3 ;
0,7; 3.044546, 2.423073, -0.411717 / 3.044546, 2.423073, -0.411717 / 3.044546, 2.423073, -0.411717; 1, 13, 1, 0; 0.510521996250; 0, 1, 0; 0, 1, 0; 1, 1, 1 / 4, 7, 0 ;
0,7; 3.030080, 2.415938, -0.419965 / 3.030080, 2.415938, -0.419965 / 3.030080, 2.415938, -0.419965; 1, 13, 1, 0; 0.510516425943; 1, 0, 1; 1, 0, 0; 3, 1, 2 ;
0,7; 3.444596, 2.682947, -0.222407 / 3.444596, 2.682947, -0.222407 / 3.444596, 2.682947, -0.222407; 1, 20, 1, 0; 0.056426929941; 1, 0, 1; 1, 0, 0; 2, 1, 2 ;
0,7; 3.503901, 2.724356, -0.189665 / 3.503901, 2.724356, -0.189665 / 3.503901, 2.724356, -0.189665; 1, 20, 1, 0; 0.056970660037; 0, 1, 0; 1, 0, 0; 3, 1, 1 ;
1,8; 1.48075, 4.28351, -0.422214 / 1.48075, 4.28351, -0.422214 / 1.48075, 4.28351, -0.422214; 1, 13, 1, 0; 0.716773825835; 1, 0, 1; 1, 0, 0; 2, 1, 2 ;
0,8; 1.481198, 4.281699, -0.419894 / 1.481198, 4.281699, -0.419894 / 1.481198, 4.281699, -0.419894; 1, 13, 1, 0; 0.716784486356; 1, 0, 1; 1, 0, 0; 2, 1, 2 ;
0,8; 0.689720, 3.310389, 0.142560 / 0.689720, 3.310389, 0.142560 / 0.689720, 3.310389, 0.142560; 1, 17, 1, 0; 0.513060930565; 1, 0, 1; 0, 1, 0; 1, 1, 2 ;
0,8; 0.688961, 3.308478, 0.142412 / 0.688961, 3.308478, 0.142412 / 0.688961, 3.308478, 0.142412; 1, 17, 1, 0; 0.513061028208; 1, 0, 1; 0, 1, 0; 4, 1, 2 ;
0,8; 0.403990, 2.987289, 0.268700 / 0.404080, 2.987526, 0.269298 / 0.403899, 2.987051, 0.268103; 1, 17, 1, 0; 0.525544582353; 2, 1, 2; 3, 0, 0; 1, 2, 0 / 2, 2, 0 / 2, 3, 0 / 2, 6, 0 / 3, 1, 1 / 3, 3, 2 / 3, 6, 2 / 4, 1, 0 ;
0,8; 0.674489, 3.296114, 0.157692 / 0.674489, 3.296114, 0.157692 / 0.674489, 3.296114, 0.157692; 1, 17, 1, 0; 0.513076588301; 1, 0, 1; 1, 0, 0; 2, 1, 2 ;
0,8; 0.710582, 3.338653, 0.125797 / 0.710582, 3.338653, 0.125797 / 0.710582, 3.338653, 0.125797; 1, 17, 1, 0; 0.513530146548; 1, 0, 1; 1, 0, 0; 2, 1, 2 ;
0,8; 0.400427, 2.987325, 0.269743 / 0.400427, 2.987325, 0.269743 / 0.400427, 2.987325, 0.269743; 1, 17, 1, 0; 0.525545468114; 1, 0, 1; 1, 0, 0; 3, 1, 2 ;
0,8; 0.423596, 2.997380, 0.296999 / 0.423596, 2.997380, 0.296999 / 0.423596, 2.997380, 0.296999; 1, 17, 1, 0; 0.526262313467; 1, 0, 1; 1, 0, 0; 3, 1, 2 ;
0,8; 1.281956, 4.036433, -0.280149 / 1.281956, 4.036433, -0.280149 / 1.281956, 4.036433, -0.280149; 1, 20, 1, 0; 0.141758322414; 0, 0, 0; 0, 1, 0; 1, 1, 3 ;
0,8; 1.304297, 4.058130, -0.287600 / 1.304297, 4.058130, -0.287600 / 1.304297, 4.058130, -0.287600; 1, 20, 1, 0; 0.141742175094; 1, 0, 1; 1, 0, 0; 2, 1, 2 ;
0,8; 1.294838, 4.045029, -0.296050 / 1.294838, 4.045029, -0.296050 / 1.294838, 4.045029, -0.296050; 1, 20, 1, 0; 0.141752501280; 1, 0, 1; 1, 0, 0; 2, 1, 2 ;
0,8; 1.296175, 4.054434, -0.290488 / 1.296175, 4.054434, -0.290488 / 1.296175, 4.054434, -0.290488; 1, 20, 1, 0; 0.141754432016; 0, 0, 0; 1, 0, 0; 1, 2, 0 / 2, 1, 3 ;
0,8; 1.294257, 4.049544, -0.289523 / 1.294257, 4.049544, -0.289523 / 1.294257, 4.049544, -0.289523; 1, 20, 1, 0; 0.141754598335; 1, 0, 1; 1, 0, 0; 3, 1, 2 ;
0,8; 1.283027, 4.035455, -0.277790 / 1.283027, 4.035455, -0.277790 / 1.283027, 4.035455, -0.277790; 1, 20, 1, 0; 0.141758401958; 1, 0, 1; 1, 0, 0; 3, 1, 2 ;
0,8; 0.416110, 2.977447, 0.333623 / 0.416110, 2.977447, 0.333623 / 0.416110, 2.977447, 0.333623; 1, 25, 1, 0; 0.102009043762; 1, 0, 1; 0, 1, 0; 1, 1, 2 ;
0,8; 0.417443, 2.976945, 0.334933 / 0.417443, 2.976945, 0.334933 / 0.417443, 2.976945, 0.334933; 1, 25, 1, 0; 0.102009138057; 1, 0, 1; 0, 1, 0; 4, 1, 2 ;
0,8; 0.130768, 2.622909, 0.539603 / 0.130768, 2.622909, 0.539603 / 0.130768, 2.622909, 0.539603; 1, 25, 1, 0; 0.090350152158; 0, 1, 0; 1, 0, 0; 3, 1, 1 ;
0,8; -0.139573, 2.280307, 0.746454 / -0.139573, 2.280307, 0.746454 / -0.139573, 2.280307, 0.746454; 1, 25, 1, 0; 0.599335184947; 1, 0, 1; 1, 0, 0; 2, 1, 2 ;
0,8; -0.666099, 1.647436, 1.102262 / -0.666099, 1.647436, 1.102262 / -0.666099, 1.647436, 1.102262; 1, 25, 1, 0; 0.828113822811; 1, 0, 1; 1, 0, 0; 2, 4, 0 / 3, 1, 2 ;
0,8; -0.680261, 1.627931, 1.111665 / -0.680261, 1.627931, 1.111665 / -0.680261, 1.627931, 1.111665; 1, 25, 1, 0; 0.828136136471; 1, 0, 1; 1, 0, 0; 2, 1, 2 ;
0,8; -1.178440, 1.014264, 1.461956 / -1.178440, 1.014264, 1.461956 / -1.178440, 1.014264, 1.461956; 1, 26, 1, 0; 0.772213055591; 1, 0, 1; 1, 0, 0; 3, 1, 2 ;
0,8; -1.180085, 1.016213, 1.470263 / -1.180085, 1.016213, 1.470263 / -1.180085, 1.016213, 1.470263; 1, 26, 1, 0; 0.772213552784; 1, 0, 1; 1, 0, 0; 3, 1, 2 ;
0,8; -1.181102, 1.023371, 1.465587 / -1.181102, 1.023371, 1.465587 / -1.181102, 1.023371, 1.465587; 1, 26, 1, 0; 0.772229257211; 1, 0, 1; 1, 0, 0; 3, 1, 2 ;
0,8; -1.019479, 1.212550, 1.352519 / -1.019479, 1.212550, 1.352519 / -1.019479, 1.212550, 1.352519; 1, 26, 1, 0; 0.774341176975; 1, 0, 1; 1, 0, 0; 2, 1, 2 ;
0,8; -1.183249, 0.998745, 1.644739 / -1.183249, 0.998745, 1.644739 / -1.183249, 0.998745, 1.644739; 1, 29, 1, 0; 0.274070608360; 1, 0, 1; 0, 1, 0; 4, 1, 2 ;
0,8; -1.134769, 1.025184, 1.759049 / -1.134631, 1.025558, 1.759108 / -1.134907, 1.024811, 1.758989; 1, 29, 1, 0; 0.275507586473; 2, 1, 1; 2, 0, 0; 2, 1, 2 / 3, 3, 1 / 4, 4, 0 ;
0,8; -1.195085, 0.991540, 1.638661 / -1.195085, 0.991540, 1.638661 / -1.195085, 0.991540, 1.638661; 1, 29, 1, 0; 0.274067851590; 0, 1, 0; 1, 0, 0; 3, 1, 1 / 3, 4, 0 / 4, 1, 0 ;
0,8; -1.192163, 0.994498, 1.642270 / -1.192163, 0.994498, 1.642270 / -1.192163, 0.994498, 1.642270; 1, 29, 1, 0; 0.274068903644; 0, 1, 0; 1, 0, 0; 3, 1, 1 ;
0,8; -1.182228, 1.000947, 1.655028 / -1.182228, 1.000947, 1.655028 / -1.182228, 1.000947, 1.655028; 1, 29, 1, 0; 0.274088201028; 1, 0, 1; 1, 0, 0; 2, 1, 2 ;
0,8; -1.182194, 1.001249, 1.651429 / -1.182194, 1.001249, 1.651429 / -1.182194, 1.001249, 1.651429; 1, 29, 1, 0; 0.274088347146; 1, 0, 1; 1, 0, 0; 3, 1, 2 ;
0,8; -1.178266, 1.001654, 1.652878 / -1.178266, 1.001654, 1.652878 / -1.178266, 1.001654, 1.652878; 1, 29, 1, 0; 0.274089477130; 1, 0, 1; 1, 0, 0; 3, 1, 2 ;
0,8; -1.127849, 1.025256, 1.752472 / -1.127849, 1.025256, 1.752472 / -1.127849, 1.025256, 1.752472; 1, 29, 1, 0; 0.275508268359; 1, 0, 1; 1, 0, 0; 3, 1, 2 ;
0,8; -1.356418, 0.823713, 1.596153 / -1.356418, 0.823713, 1.596153 / -1.356418, 0.823713, 1.596153; 1, 30, 1, 0; 0.158804117425; 1, 0, 1; 0, 1, 0; 4, 1, 2 ;
0,8; -2.034031, -0.011440, 2.063123 / -2.034031, -0.011440, 2.063123 / -2.034031, -0.011440, 2.063123; 1, 30, 1, 0; 0.660782688658; 1, 0, 1; 0, 1, 0; 4, 1, 2 ;
0,8; -1.963947, 0.052213, 2.017471 / -1.963947, 0.052213, 2.017471 / -1.963947, 0.052213, 2.017471; 1, 30, 1, 0; 0.720157155326; 0, 1, 0; 0, 1, 0; 1, 1, 1 ;
0,8; -1.758334, 0.311175, 1.873378 / -1.758334, 0.311175, 1.873378 / -1.758334, 0.311175, 1.873378; 1, 30, 1, 0; 0.794203995075; 1, 0, 1; 0, 1, 0; 4, 1, 2 ;
0,8; -2.081101, -0.100403, 2.101798 / -2.081101, -0.100403, 2.101798 / -2.081101, -0.100403, 2.101798; 1, 30, 1, 0; 0.659651809337; 1, 0, 1; 1, 0, 0; 2, 1, 2 ;
0,8; -2.032970, -0.028102, 2.059811 / -2.032970, -0.028102, 2.059811 / -2.032970, -0.028102, 2.059811; 1, 30, 1, 0; 0.660772918201; 1, 0, 1; 1, 0, 0; 3, 1, 2 / 4, 1, 0 / 4, 2, 0 ;
0,8; -2.032008, -0.028920, 2.063434 / -2.032008, -0.028920, 2.063434 / -2.032008, -0.028920, 2.063434; 1, 30, 1, 0; 0.660789945878; 1, 0, 1; 1, 0, 0; 1, 8, 0 / 2, 1, 2 / 4, 9, 0 ;
0,8; -1.961903, 0.057233, 2.016726 / -1.961903, 0.057233, 2.016726 / -1.961903, 0.057233, 2.016726; 1, 30, 1, 0; 0.720157515752; 1, 0, 1; 1, 0, 0; 3, 1, 2 ;
0,8; -3.203239, -1.460676, 2.880701 / -3.203239, -1.460676, 2.880701 / -3.203239, -1.460676, 2.880701; 1, 35, 1, 0; 0.326166490185; 1, 0, 1; 1, 0, 0; 3, 1, 2 ;
0,8; -1.808055, 0.067336, 2.563242 / -1.807896, 0.067336, 2.563330 / -1.808215, 0.067335, 2.563153; 1, 36, 1, 0; 0.433469069389; 2, 1, 1; 1, 1, 0; 1, 1, 2 / 2, 1, 1 / 4, 6, 0 ;
0,8; -1.809652, 0.068350, 2.561669 / -1.809652, 0.068350, 2.561669 / -1.809652, 0.068350, 2.561669; 1, 36, 1, 0; 0.433468940571; 1, 0, 1; 0, 1, 0; 4, 1, 2 ;
0,8; -2.310429, -0.375426, 2.258763 / -2.310079, -0.375214, 2.259492 / -2.310779, -0.375639, 2.258034; 1, 36, 1, 0; 0.199773472663; 2, 1, 1; 2, 0, 0; 2, 1, 2 / 3, 2, 1 ;
0,8; -2.310122, -0.374725, 2.262259 / -2.310122, -0.374725, 2.262259 / -2.310122, -0.374725, 2.262259; 1, 36, 1, 0; 0.199771901078; 1, 0, 1; 1, 0, 0; 1, 5, 0 / 2, 1, 2 ;
0,8; -1.803947, 0.067594, 2.562451 / -1.803947, 0.067594, 2.562451 / -1.803947, 0.067594, 2.562451; 1, 36, 1, 0; 0.433469430081; 1, 0, 1; 1, 0, 0; 3, 1, 2 ;
0,8; -2.636556, -0.758432, 2.479643 / -2.636556, -0.758432, 2.479643 / -2.636556, -0.758432, 2.479643; 1, 36, 1, 0; 0.530262441935; 1, 0, 1; 1, 0, 0; 2, 1, 2 ;
1,9; 3.95179, -1.7552, 1.38735 / 3.95179, -1.7552, 1.38735 / 3.95179, -1.7552, 1.38735; 1, 22, 1, 0; 0.326314158532; 1, 0, 1; 1, 0, 0; 2, 1, 2 ;
0,9; 3.464826, -1.724634, 1.773815 / 3.465419, -1.723986, 1.774176 / 3.464232, -1.725282, 1.773453; 1, 27, 1, 0; 0.958497613154; 2, 1, 1; 1, 1, 0; 3, 9, 1 / 4, 1, 2 ;
0,9; 3.462332, -1.720617, 1.770985 / 3.462332, -1.720617, 1.770985 / 3.462332, -1.720617, 1.770985; 1, 27, 1, 0; 0.958498036746; 1, 0, 1; 1, 0, 0; 3, 1, 2 ;
0,9; 3.458082, -1.722415, 1.771787 / 3.458082, -1.722415, 1.771787 / 3.458082, -1.722415, 1.771787; 1, 27, 1, 0; 0.958499086516; 1, 0, 1; 1, 0, 0; 3, 1, 2 ;
0,9; 3.474877, -1.710722, 1.757205 / 3.474877, -1.710722, 1.757205 / 3.474877, -1.710722, 1.757205; 1, 27, 1, 0; 0.958510808949; 1, 0, 1; 1, 0, 0; 3, 1, 2 ;
0,9; 3.520854, -1.714538, 1.715077 / 3.520854, -1.714538, 1.715077 / 3.520854, -1.714538, 1.715077; 1, 27, 1, 0; 0.960252718352; 0, 1, 0; 1, 0, 0; 3, 1, 1 ;
0,9; 2.834794, -1.628899, 2.252453 / 2.834794, -1.628899, 2.252453 / 2.834794, -1.628899, 2.252453; 1, 33, 1, 0; 0.478287345741; 1, 0, 1; 0, 1, 0; 4, 1, 2 ;
0,9; 2.901656, -1.659734, 2.187849 / 2.901656, -1.659734, 2.187849 / 2.901656, -1.659734, 2.187849; 1, 33, 1, 0; 0.476445397374; 1, 0, 1; 1, 0, 0; 3, 1, 2 ;
0,9; 1.976631, -1.063808, 2.487402 / 1.976833, -1.063606, 2.487452 / 1.976429, -1.064010, 2.487353; 1, 34, 1, 0; 0.592837759966; 2, 1, 1; 0, 2, 1; 1, 1, 2 / 4, 5, 1 ;
0,9; 2.490224, -1.667615, 2.540197 / 2.490224, -1.667615, 2.540197 / 2.490224, -1.667615, 2.540197; 1, 34, 1, 0; 0.428990393370; 0, 1, 0; 1, 0, 0; 3, 1, 1 ;
0,9; 2.495437, -1.667639, 2.560328 / 2.495437, -1.667639, 2.560328 / 2.495437, -1.667639, 2.560328; 1, 34, 1, 0; 0.429014752949; 1, 0, 1; 1, 0, 0; 3, 1, 2 ;
0,9; 2.498681, -1.661902, 2.565949 / 2.498681, -1.661902, 2.565949 / 2.498681, -1.661902, 2.565949; 1, 34, 1, 0; 0.429038039858; 1, 0, 1; 1, 0, 0; 3, 1, 2 ;
0,9; 1.976330, -1.060621, 2.486350 / 1.976330, -1.060621, 2.486350 / 1.976330, -1.060621, 2.486350; 1, 34, 1, 0; 0.592839306606; 1, 0, 1; 1, 0, 0; 3, 1, 2 ;
0,9; 1.887747, -1.069774, 2.620875 / 1.887747, -1.069774, 2.620875 / 1.887747, -1.069774, 2.620875; 1, 34, 1, 0; 0.593156006077; 1, 0, 1; 1, 0, 0; 3, 1, 2 ;
0,9; 1.577230, -0.905240, 2.896974 / 1.577432, -0.905118, 2.897212 / 1.577028, -0.905361, 2.896736; 1, 36, 1, 0; 0.902537698735; 1, 0, 2; 2, 0, 0; 1, 2, 0 / 2, 1, 2 / 2, 3, 2 ;
0,9; 1.574102, -1.517822, 3.209669 / 1.574102, -1.517822, 3.209669 / 1.574102, -1.517822, 3.209669; 1, 40, 1, 0; 0.361121200691; 0, 1, 0; 0, 1, 0; 1, 1, 1 ;
0,9; 1.580986, -1.518178, 3.213090 / 1.580986, -1.518178, 3.213090 / 1.580986, -1.518178, 3.213090; 1, 40, 1, 0; 0.361122866572; 1, 0, 1; 0, 1, 0; 1, 1, 2 ;
0,9; 1.551821, -1.518909, 3.233154 / 1.551821, -1.518909, 3.233154 / 1.551821, -1.518909, 3.233154; 1, 40, 1, 0; 0.361169935565; 0, 1, 0; 0, 1, 0; 1, 1, 1 / 1, 3, 0 ;
0,9; 1.566446, -1.517798, 3.220415 / 1.566446, -1.517798, 3.220415 / 1.566446, -1.517798, 3.220415; 1, 40, 1, 0; 0.361146911834; 0, 1, 0; 1, 0, 0; 2, 1, 1 ;
0,9; 1.552785, -1.520243, 3.230386 / 1.552785, -1.520243, 3.230386 / 1.552785, -1.520243, 3.230386; 1, 40, 1, 0; 0.361170124155; 0, 1, 0; 1, 0, 0; 3, 1, 1 ;
0,9; 1.279793, -1.398917, 3.310354 / 1.279793, -1.398917, 3.310354 / 1.279793, -1.398917, 3.310354; 1, 40, 1, 0; 0.369206710671; 1, 0, 1; 1, 0, 0; 2, 1, 2 ;
0,9; 1.307375, -1.331324, 3.223254 / 1.307375, -1.331324, 3.223254 / 1.307375, -1.331324, 3.223254; 1, 40, 1, 0; 0.369402640264; 1, 0, 1; 1, 0, 0; 2, 1, 2 ;
0,9; 0.662933, -1.428478, 3.918182 / 0.662933, -1.428478, 3.918182 / 0.662933, -1.428478, 3.918182; 1, 46, 1, 0; 0.011712784070; 1, 0, 1; 0, 1, 0; 1, 1, 2 ;
0,9; 0.659637, -1.430344, 3.920652 / 0.659688, -1.430031, 3.921079 / 0.659586, -1.430656, 3.920226; 1, 46, 1, 0; 0.011712069905; 1, 0, 2; 2, 0, 0; 2, 4, 2 / 3, 1, 2 ;
0,9; 0.823849, -1.442719, 3.792687 / 0.824549, -1.442557, 3.793051 / 0.823150, -1.442881, 3.792324; 1, 46, 1, 0; 0.012563203659; 2, 1, 1; 2, 0, 0; 2, 1, 1 / 2, 4, 0 / 3, 7, 2 ;
0,9; 0.607231, -1.420822, 3.959656 / 0.607231, -1.420822, 3.959656 / 0.607231, -1.420822, 3.959656; 1, 46, 1, 0; 0.010135754671; 0, 1, 0; 1, 0, 0; 3, 1, 1 ;
0,9; 0.602381, -1.423946, 3.964815 / 0.602381, -1.423946, 3.964815 / 0.602381, -1.423946, 3.964815; 1, 46, 1, 0; 0.010136961800; 1, 0, 1; 1, 0, 0; 3, 1, 2 ;
0,9; 0.826218, -1.441822, 3.792698 / 0.826218, -1.441822, 3.792698 / 0.826218, -1.441822, 3.792698; 1, 46, 1, 0; 0.012563323739; 1, 0, 1; 1, 0, 0; 2, 1, 2 ;
0,9; 0.782726, -1.444115, 3.820614 / 0.782726, -1.444115, 3.820614 / 0.782726, -1.444115, 3.820614; 1, 46, 1, 0; 0.012600277071; 1, 0, 1; 1, 0, 0; 3, 1, 2 ;
