1,0; 0.102945, -3.45541, 0.225244 / 0.102945, -3.45541, 0.225244 / 0.102945, -3.45541, 0.225244; 1, 15, 1, 0; 0.885243298883; 1, 0, 1; 1, 0, 0; 3, 1, 2 ;
0,0; 0.357501, -4.113299, 0.126591 / 0.357501, -4.113299, 0.126591 / 0.357501, -4.113299, 0.126591; 1, 15, 1, 0; 0.941501101003; 1, 0, 1; 1, 0, 0; 2, 1, 2 ;
0,0; 0.237211, -4.028846, 0.128827 / 0.237211, -4.028846, 0.128827 / 0.237211, -4.028846, 0.128827; 1, 15, 1, 0; 0.945842133320; 1, 0, 1; 1, 0, 0; 2, 1, 2 ;
0,0; 0.495784, -4.587250, 0.049266 / 0.495784, -4.587250, 0.049266 / 0.495784, -4.587250, 0.049266; 1, 15, 1, 0; 0.966727657141; 1, 0, 1; 1, 0, 0; 3, 1, 2 ;
0,0; -0.480934, -1.880101, 0.485239 / -0.480763, -1.879597, 0.485352 / -0.481105, -1.880604, 0.485125; 1, 18, 1, 0; 0.434609937536; 1, 0, 2; 1, 1, 0; 3, 2, 2 / 4, 1, 2 ;
0,0; -0.207067, -2.581487, 0.364456 / -0.207067, -2.581487, 0.364456 / -0.207067, -2.581487, 0.364456; 1, 18, 1, 0; 0.329762818420; 0, 1, 0; 0, 1, 0; 4, 1, 1 ;
0,0; -0.217909, -2.575461, 0.376312 / -0.217909, -2.575461, 0.376312 / -0.217909, -2.575461, 0.376312; 1, 18, 1, 0; 0.329773259236; 1, 0, 1; 0, 1, 0; 1, 1, 2 ;
0,0; -0.218095, -2.580265, 0.370969 / -0.218095, -2.580265, 0.370969 / -0.218095, -2.580265, 0.370969; 1, 18, 1, 0; 0.329774368181; 0, 1, 0; 0, 1, 0; 1, 1, 1 / 1, 6, 0 ;
0,0; -0.479351, -1.879286, 0.489640 / -0.479351, -1.879286, 0.489640 / -0.479351, -1.879286, 0.489640; 1, 18, 1, 0; 0.434622205669; 1, 0, 1; 0, 1, 0; 4, 1, 2 ;
0,0; -0.154673, -2.771913, 0.341544 / -0.154673, -2.771913, 0.341544 / -0.154673, -2.771913, 0.341544; 1, 18, 1, 0; 0.328933460548; 1, 0, 1; 1, 0, 0; 3, 1, 2 ;
0,0; -0.215051, -2.577049, 0.368150 / -0.215051, -2.577049, 0.368150 / -0.215051, -2.577049, 0.368150; 1, 18, 1, 0; 0.329762330206; 1, 0, 1; 1, 0, 0; 2, 1, 2 ;
0,0; -0.225748, -2.574374, 0.372633 / -0.225748, -2.574374, 0.372633 / -0.225748, -2.574374, 0.372633; 1, 18, 1, 0; 0.329773607961; 1, 0, 1; 1, 0, 0; 2, 1, 2 ;
0,0; -0.218235, -2.579591, 0.373355 / -0.218235, -2.579591, 0.373355 / -0.218235, -2.579591, 0.373355; 1, 18, 1, 0; 0.329774284487; 1, 0, 1; 1, 0, 0; 2, 1, 2 ;
0,0; -0.359086, -2.209422, 0.436362 / -0.359086, -2.209422, 0.436362 / -0.359086, -2.209422, 0.436362; 1, 18, 1, 0; 0.394982633513; 1, 0, 1; 1, 0, 0; 3, 1, 2 ;
0,0; -0.437639, -1.999132, 0.465234 / -0.437639, -1.999132, 0.465234 / -0.437639, -1.999132, 0.465234; 1, 18, 1, 0; 0.432057294064; 0, 1, 0; 1, 0, 0; 2, 1, 1 ;
0,0; -0.389583, -2.119920, 0.444806 / -0.389583, -2.119920, 0.444806 / -0.389583, -2.119920, 0.444806; 1, 18, 1, 0; 0.432745836925; 1, 0, 1; 1, 0, 0; 2, 1, 2 ;
0,0; -0.479548, -1.882542, 0.486710 / -0.479548, -1.882542, 0.486710 / -0.479548, -1.882542, 0.486710; 1, 18, 1, 0; 0.434610021230; 0, 1, 0; 1, 0, 0; 2, 5, 0 / 2, 6, 0 / 3, 1, 1 / 4, 10, 0 ;
0,0; -0.548998, -1.696551, 0.515728 / -0.548998, -1.696551, 0.515728 / -0.548998, -1.696551, 0.515728; 1, 22, 1, 0; 0.013526827550; 1, 0, 1; 0, 1, 0; 4, 1, 2 ;
0,0; -0.557492, -1.685406, 0.519819 / -0.557492, -1.685406, 0.519819 / -0.557492, -1.685406, 0.519819; 1, 22, 1, 0; 0.013539472995; 1, 0, 1; 1, 0, 0; 2, 1, 2 ;
0,0; -0.555286, -1.682728, 0.518760 / -0.555286, -1.682728, 0.518760 / -0.555286, -1.682728, 0.518760; 1, 22, 1, 0; 0.013539596685; 0, 1, 0; 1, 0, 0; 2, 1, 1 ;
0,0; -1.209366, 0.089962, 0.806409 / -1.209366, 0.089962, 0.806409 / -1.209366, 0.089962, 0.806409; 1, 23, 1, 0; 0.197871279739; 1, 0, 1; 0, 1, 0; 4, 1, 2 ;
0,0; -1.195133, 0.046632, 0.794382 / -1.195133, 0.046632, 0.794382 / -1.195133, 0.046632, 0.794382; 1, 23, 1, 0; 0.198599842743; 1, 0, 1; 0, 1, 0; 1, 1, 2 ;
0,0; -1.069995, -0.295668, 0.741236 / -1.069995, -0.295668, 0.741236 / -1.069995, -0.295668, 0.741236; 1, 23, 1, 0; 0.245272820385; 0, 0, 0; 0, 1, 0; 4, 1, 3 ;
0,0; -0.840807, -0.914067, 0.642695 / -0.840807, -0.914067, 0.642695 / -0.840807, -0.914067, 0.642695; 1, 23, 1, 0; 0.285895789086; 1, 0, 1; 0, 1, 0; 1, 4, 0 / 4, 1, 2 ;
0,0; -1.055277, -0.326423, 0.740919 / -1.055277, -0.326423, 0.740919 / -1.055277, -0.326423, 0.740919; 1, 23, 1, 0; 0.250648256944; 1, 0, 1; 1, 0, 0; 3, 1, 2 ;
0,0; -0.841336, -0.916217, 0.640487 / -0.841336, -0.916217, 0.640487 / -0.841336, -0.916217, 0.640487; 1, 23, 1, 0; 0.285897060149; 1, 0, 1; 1, 0, 0; 2, 1, 2 ;
0,0; -1.727983, 1.484620, 1.031808 / -1.727980, 1.484894, 1.032035 / -1.727986, 1.484346, 1.031582; 1, 25, 1, 0; 0.776620033432; 2, 1, 1; 0, 2, 1; 1, 1, 1 / 2, 1, 0 / 4, 6, 2 ;
0,0; -1.670750, 1.329765, 1.007046 / -1.670725, 1.329831, 1.007056 / -1.670774, 1.329699, 1.007035; 1, 25, 1, 0; 0.777068938322; 0, 2, 0; 1, 1, 0; 1, 1, 1 / 2, 1, 1 / 4, 9, 0 ;
0,0; -1.725991, 1.506703, 1.020675 / -1.725991, 1.506703, 1.020675 / -1.725991, 1.506703, 1.020675; 1, 25, 1, 0; 0.776614718615; 1, 0, 1; 0, 1, 0; 4, 1, 2 / 4, 3, 0 ;
0,0; -1.731691, 1.596378, 0.978363 / -1.731691, 1.596378, 0.978363 / -1.731691, 1.596378, 0.978363; 1, 25, 1, 0; 0.837487214436; 1, 0, 1; 1, 0, 0; 2, 1, 2 ;
0,0; -2.528040, 3.645354, 1.382777 / -2.528040, 3.645354, 1.382777 / -2.528040, 3.645354, 1.382777; 1, 29, 1, 0; 0.117809293916; 0, 1, 0; 0, 1, 0; 1, 1, 1 ;
0,0; -2.528530, 3.647913, 1.383445 / -2.528081, 3.647944, 1.383700 / -2.528978, 3.647881, 1.383189; 1, 29, 1, 0; 0.117809420552; 2, 1, 1; 2, 0, 0; 3, 1, 1 / 3, 2, 2 ;
0,0; -2.403879, 3.302481, 1.321191 / -2.403879, 3.302481, 1.321191 / -2.403879, 3.302481, 1.321191; 1, 29, 1, 0; 0.129726281070; 1, 0, 1; 1, 0, 0; 2, 1, 2 ;
1,1; -0.878175, 1.98997, -3.79488 / -0.877877, 1.99018, -3.7943 / -0.878473, 1.98976, -3.79545; 1, 2, 1, 0; 0.042577334675; 0, 3, 0; 1, 2, 1; 1, 3, 0 / 1, 4, 1 / 3, 1, 1 / 4, 1, 0 / 4, 9, 3 ;
0,1; -0.877995, 1.990601, -3.793152 / -0.877574, 1.991002, -3.792851 / -0.878415, 1.990200, -3.793453; 1, 2, 1, 0; 0.042577287211; 1, 0, 2; 1, 1, 0; 3, 1, 2 / 4, 9, 2 ;
0,1; -0.531371, 1.635308, -4.192204 / -0.531371, 1.635308, -4.192204 / -0.531371, 1.635308, -4.192204; 1, 2, 1, 0; 0.004445043018; 1, 0, 1; 0, 1, 0; 4, 1, 2 ;
0,1; -0.537157, 1.643164, -4.182191 / -0.537157, 1.643164, -4.182191 / -0.537157, 1.643164, -4.182191; 1, 2, 1, 0; 0.004453171228; 1, 0, 1; 0, 1, 0; 1, 1, 2 ;
0,1; -0.765108, 1.869858, -3.916940 / -0.765108, 1.869858, -3.916940 / -0.765108, 1.869858, -3.916940; 1, 2, 1, 0; 0.042338531432; 1, 0, 1; 0, 1, 0; 1, 1, 2 ;
0,1; -0.860433, 1.989550, -3.794813 / -0.860433, 1.989550, -3.794813 / -0.860433, 1.989550, -3.794813; 1, 2, 1, 0; 0.042575989862; 0, 1, 0; 0, 1, 0; 4, 1, 1 ;
0,1; -0.863560, 1.988353, -3.792776 / -0.863560, 1.988353, -3.792776 / -0.863560, 1.988353, -3.792776; 1, 2, 1, 0; 0.042576096656; 1, 0, 1; 0, 1, 0; 1, 7, 0 / 4, 1, 2 ;
0,1; -0.532620, 1.641884, -4.187096 / -0.532620, 1.641884, -4.187096 / -0.532620, 1.641884, -4.187096; 1, 2, 1, 0; 0.004446269172; 0, 1, 0; 1, 0, 0; 2, 1, 1 / 4, 4, 0 ;
0,1; -0.537048, 1.646789, -4.182312 / -0.537048, 1.646789, -4.182312 / -0.537048, 1.646789, -4.182312; 1, 2, 1, 0; 0.004453661689; 1, 0, 1; 1, 0, 0; 2, 1, 2 ;
0,1; -0.747559, 1.859278, -3.944253 / -0.747559, 1.859278, -3.944253 / -0.747559, 1.859278, -3.944253; 1, 2, 1, 0; 0.042322674501; 1, 0, 1; 1, 0, 0; 3, 1, 2 ;
0,1; -0.750421, 1.863144, -3.942451 / -0.750421, 1.863144, -3.942451 / -0.750421, 1.863144, -3.942451; 1, 2, 1, 0; 0.042323073990; 1, 0, 1; 1, 0, 0; 1, 5, 0 / 3, 1, 2 ;
0,1; -0.755115, 1.863177, -3.937971 / -0.755115, 1.863177, -3.937971 / -0.755115, 1.863177, -3.937971; 1, 2, 1, 0; 0.042330517927; 1, 0, 1; 1, 0, 0; 3, 1, 2 ;
0,1; -0.870087, 1.995256, -3.787832 / -0.870087, 1.995256, -3.787832 / -0.870087, 1.995256, -3.787832; 1, 2, 1, 0; 0.042576575251; 0, 1, 0; 1, 0, 0; 3, 1, 1 / 4, 2, 0 ;
0,1; -1.060970, 2.170800, -3.595416 / -1.060970, 2.170800, -3.595416 / -1.060970, 2.170800, -3.595416; 1, 2, 1, 0; 0.121203457594; 1, 0, 1; 1, 0, 0; 2, 1, 2 ;
0,1; -1.155672, 2.269037, -3.491726 / -1.155672, 2.269037, -3.491726 / -1.155672, 2.269037, -3.491726; 1, 2, 1, 0; 0.121939113974; 1, 0, 1; 1, 0, 0; 3, 1, 2 ;
0,1; -1.373778, 2.487523, -3.261243 / -1.373778, 2.487523, -3.261243 / -1.373778, 2.487523, -3.261243; 1, 2, 1, 0; 0.176587366191; 1, 0, 1; 1, 0, 0; 3, 1, 2 ;
0,1; -1.368478, 2.486169, -3.251343 / -1.368478, 2.486169, -3.251343 / -1.368478, 2.486169, -3.251343; 1, 2, 1, 0; 0.176593742188; 1, 0, 1; 1, 0, 0; 3, 1, 2 ;
0,1; -2.216627, 3.352151, -2.303983 / -2.216587, 3.352364, -2.303905 / -2.216668, 3.351938, -2.304061; 1, 6, 1, 0; 0.127893900320; 0, 2, 0; 1, 1, 0; 1, 1, 1 / 2, 1, 1 ;
0,1; -1.919069, 3.049407, -2.634585 / -1.919004, 3.049503, -2.634499 / -1.919134, 3.049312, -2.634671; 1, 6, 1, 0; 0.100856306747; 2, 1, 1; 2, 0, 0; 2, 1, 1 / 2, 2, 2 / 2, 7, 0 / 3, 3, 0 / 3, 4, 0 ;
0,1; -1.911427, 3.047026, -2.620218 / -1.911427, 3.047026, -2.620218 / -1.911427, 3.047026, -2.620218; 1, 6, 1, 0; 0.100865902896; 1, 0, 1; 1, 0, 0; 2, 1, 2 ;
0,1; -1.849583, 2.973248, -2.713937 / -1.849583, 2.973248, -2.713937 / -1.849583, 2.973248, -2.713937; 1, 6, 1, 0; 0.102035162679; 1, 0, 1; 1, 0, 0; 3, 1, 2 ;
0,1; -1.846826, 2.975140, -2.721500 / -1.846826, 2.975140, -2.721500 / -1.846826, 2.975140, -2.721500; 1, 6, 1, 0; 0.102035437134; 1, 0, 1; 1, 0, 0; 2, 1, 2 ;
0,1; -2.219995, 3.355969, -2.302864 / -2.219995, 3.355969, -2.302864 / -2.219995, 3.355969, -2.302864; 1, 6, 1, 0; 0.127893096556; 1, 0, 1; 1, 0, 0; 3, 1, 2 ;
1,2; 3.28171, -2.41308, -1.4852 / 3.28281, -2.41254, -1.48468 / 3.28061, -2.41363, -1.48573; 1, 8, 1, 0; 0.614502746525; 2, 2, 1; 2, 1, 0; 3, 2, 1 / 3, 10, 2 / 4, 1, 1 ;
0,2; 3.146051, -2.247012, -1.421564 / 3.146051, -2.247012, -1.421564 / 3.146051, -2.247012, -1.421564; 1, 8, 1, 0; 0.614770107008; 1, 0, 1; 0, 1, 0; 4, 1, 2 ;
0,2; 2.903003, -1.864627, -1.289224 / 2.903570, -1.864569, -1.289168 / 2.902436, -1.864685, -1.289280; 1, 8, 1, 0; 0.626736902231; 1, 0, 2; 2, 0, 0; 2, 3, 2 / 3, 1, 2 / 4, 2, 0 ;
0,2; 3.091301, -2.178602, -1.391354 / 3.091301, -2.178602, -1.391354 / 3.091301, -2.178602, -1.391354; 1, 8, 1, 0; 0.613806491433; 1, 0, 1; 1, 0, 0; 3, 1, 2 ;
0,2; 3.281393, -2.419651, -1.482720 / 3.281393, -2.419651, -1.482720 / 3.281393, -2.419651, -1.482720; 1, 8, 1, 0; 0.614504260156; 1, 0, 1; 1, 0, 0; 3, 1, 2 ;
0,2; 1.014279, 0.457832, -0.362181 / 1.014758, 0.458426, -0.361291 / 1.013800, 0.457239, -0.363071; 1, 12, 1, 0; 0.882567986341; 2, 1, 1; 2, 0, 0; 2, 1, 2 / 3, 9, 1 ;
0,2; 1.801386, -0.541953, -0.752813 / 1.801386, -0.541953, -0.752813 / 1.801386, -0.541953, -0.752813; 1, 12, 1, 0; 0.501778619263; 0, 0, 0; 1, 0, 0; 2, 1, 3 ;
0,2; 1.188904, 0.241595, -0.449291 / 1.188904, 0.241595, -0.449291 / 1.188904, 0.241595, -0.449291; 1, 12, 1, 0; 0.826500545859; 1, 0, 1; 1, 0, 0; 2, 1, 2 ;
0,2; 1.180346, 0.245949, -0.444060 / 1.180346, 0.245949, -0.444060 / 1.180346, 0.245949, -0.444060; 1, 12, 1, 0; 0.826501598669; 0, 0, 0; 1, 0, 0; 2, 1, 3 ;
0,2; 1.253915, 0.161747, -0.479761 / 1.253915, 0.161747, -0.479761 / 1.253915, 0.161747, -0.479761; 1, 12, 1, 0; 0.827919670608; 1, 0, 1; 1, 0, 0; 2, 1, 2 ;
0,2; 1.036172, 0.426960, -0.373251 / 1.036172, 0.426960, -0.373251 / 1.036172, 0.426960, -0.373251; 1, 12, 1, 0; 0.882542118116; 1, 0, 1; 1, 0, 0; 2, 1, 2 ;
0,2; 1.020272, 0.468123, -0.373684 / 1.020272, 0.468123, -0.373684 / 1.020272, 0.468123, -0.373684; 1, 12, 1, 0; 0.882570881568; 1, 0, 1; 1, 0, 0; 3, 1, 2 ;
0,2; 0.623123, 0.955516, -0.167412 / 0.623737, 0.955637, -0.166715 / 0.622509, 0.955395, -0.168108; 1, 13, 1, 0; 0.896019483149; 1, 0, 2; 1, 1, 0; 1, 1, 2 / 3, 7, 2 / 4, 4, 0 ;
0,2; 0.629431, 0.944550, -0.179476 / 0.629431, 0.944550, -0.179476 / 0.629431, 0.944550, -0.179476; 1, 13, 1, 0; 0.896007068443; 1, 0, 1; 1, 0, 0; 2, 1, 2 ;
0,2; 0.630363, 0.943701, -0.170803 / 0.630363, 0.943701, -0.170803 / 0.630363, 0.943701, -0.170803; 1, 13, 1, 0; 0.896017993631; 1, 0, 1; 1, 0, 0; 2, 1, 2 ;
0,2; 0.576429, 1.010681, -0.147700 / 0.576429, 1.010681, -0.147700 / 0.576429, 1.010681, -0.147700; 1, 13, 1, 0; 0.900073460349; 1, 0, 1; 1, 0, 0; 2, 1, 2 ;
0,2; 0.554740, 1.033988, -0.134280 / 0.554740, 1.033988, -0.134280 / 0.554740, 1.033988, -0.134280; 1, 13, 1, 0; 0.900090374386; 1, 0, 1; 1, 0, 0; 2, 1, 2 ;
0,2; -0.185631, 1.977361, 0.234488 / -0.184834, 1.977886, 0.234893 / -0.186428, 1.976837, 0.234082; 1, 17, 1, 0; 0.611978865892; 2, 3, 2; 1, 4, 1; 1, 4, 2 / 1, 7, 0 / 2, 6, 0 / 2, 7, 2 / 4, 1, 1 / 4, 2, 1 / 4, 9, 1 ;
0,2; -0.207011, 2.009858, 0.249098 / -0.206790, 2.010403, 0.249757 / -0.207233, 2.009313, 0.248439; 1, 17, 1, 0; 0.611302116898; 2, 1, 1; 0, 2, 1; 1, 1, 2 / 4, 1, 1 ;
0,2; 0.103103, 1.636725, 0.163097 / 0.103702, 1.637379, 0.163475 / 0.102503, 1.636071, 0.162718; 1, 17, 1, 0; 0.635077898111; 2, 1, 1; 1, 1, 0; 1, 5, 0 / 3, 1, 2 / 4, 10, 1 ;
0,2; -0.186058, 1.978548, 0.234552 / -0.185439, 1.979339, 0.234893 / -0.186678, 1.977758, 0.234211; 1, 17, 1, 0; 0.611978907739; 1, 0, 1; 1, 2, 0; 1, 1, 0 / 1, 6, 0 / 2, 1, 2 / 3, 8, 0 / 4, 3, 1 / 4, 10, 2 ;
0,2; 0.024898, 1.713643, 0.131340 / 0.024898, 1.713643, 0.131340 / 0.024898, 1.713643, 0.131340; 1, 17, 1, 0; 0.633438941105; 1, 0, 1; 0, 1, 0; 4, 1, 2 ;
0,2; 0.100326, 1.638090, 0.160106 / 0.100326, 1.638090, 0.160106 / 0.100326, 1.638090, 0.160106; 1, 17, 1, 0; 0.635077807443; 1, 0, 1; 0, 1, 0; 4, 1, 2 / 4, 10, 0 ;
0,2; -0.208307, 2.003639, 0.251230 / -0.208307, 2.003639, 0.251230 / -0.208307, 2.003639, 0.251230; 1, 17, 1, 0; 0.611289806918; 1, 0, 1; 1, 0, 0; 2, 1, 2 ;
0,2; -0.208678, 2.008761, 0.245500 / -0.208678, 2.008761, 0.245500 / -0.208678, 2.008761, 0.245500; 1, 17, 1, 0; 0.611301203240; 1, 0, 1; 1, 0, 0; 3, 1, 2 ;
0,2; -0.178184, 1.972501, 0.232281 / -0.178184, 1.972501, 0.232281 / -0.178184, 1.972501, 0.232281; 1, 17, 1, 0; 0.611977666279; 1, 0, 1; 1, 0, 0; 2, 1, 2 ;
0,2; 0.103771, 1.636060, 0.163590 / 0.103840, 1.636071, 0.163705 / 0.103702, 1.636050, 0.163475; 1, 17, 1, 0; 0.635077960881; 1, 0, 1; 1, 1, 0; 3, 2, 2 / 4, 1, 1 ;
0,2; 0.096210, 1.633145, 0.162778 / 0.096210, 1.633145, 0.162778 / 0.096210, 1.633145, 0.162778; 1, 17, 1, 0; 0.635079899790; 1, 0, 1; 1, 0, 0; 2, 1, 2 ;
0,2; -0.048461, 1.793907, 0.163473 / -0.048461, 1.793907, 0.163473 / -0.048461, 1.793907, 0.163473; 1, 17, 1, 0; 0.637614688561; 1, 0, 1; 1, 0, 0; 2, 1, 2 ;
0,2; -0.049762, 1.806093, 0.166868 / -0.049762, 1.806093, 0.166868 / -0.049762, 1.806093, 0.166868; 1, 17, 1, 0; 0.637624062279; 0, 1, 0; 1, 0, 0; 3, 1, 1 ;
0,2; -0.798428, 2.756248, 0.536663 / -0.798416, 2.756251, 0.536685 / -0.798440, 2.756246, 0.536641; 1, 25, 1, 0; 0.079693746518; 2, 1, 1; 1, 1, 0; 3, 1, 2 / 4, 1, 1 ;
0,2; -1.460186, 3.592241, 0.868742 / -1.460169, 3.592263, 0.868751 / -1.460204, 3.592219, 0.868733; 1, 25, 1, 0; 0.438659705971; 0, 2, 0; 1, 1, 0; 1, 1, 1 / 2, 1, 1 ;
0,2; -0.798499, 2.754043, 0.538878 / -0.798499, 2.754043, 0.538878 / -0.798499, 2.754043, 0.538878; 1, 25, 1, 0; 0.079693857957; 1, 0, 1; 0, 1, 0; 4, 1, 2 ;
0,2; -1.454803, 3.583996, 0.864400 / -1.454803, 3.583996, 0.864400 / -1.454803, 3.583996, 0.864400; 1, 25, 1, 0; 0.438645938880; 1, 0, 1; 0, 1, 0; 1, 1, 2 ;
0,2; -0.669733, 2.583689, 0.475290 / -0.669733, 2.583689, 0.475290 / -0.669733, 2.583689, 0.475290; 1, 25, 1, 0; 0.079021970769; 1, 0, 1; 1, 0, 0; 3, 1, 2 ;
0,2; -0.796112, 2.751367, 0.537715 / -0.796112, 2.751367, 0.537715 / -0.796112, 2.751367, 0.537715; 1, 25, 1, 0; 0.079692915006; 0, 1, 0; 1, 0, 0; 2, 1, 1 ;
0,2; -0.797900, 2.755522, 0.541561 / -0.797900, 2.755522, 0.541561 / -0.797900, 2.755522, 0.541561; 1, 25, 1, 0; 0.079708799451; 1, 0, 1; 1, 0, 0; 3, 1, 2 ;
0,2; -0.588339, 2.481856, 0.430108 / -0.588339, 2.481856, 0.430108 / -0.588339, 2.481856, 0.430108; 1, 25, 1, 0; 0.080616261626; 1, 0, 1; 1, 0, 0; 2, 1, 2 ;
0,2; -1.455260, 3.587885, 0.863109 / -1.455260, 3.587885, 0.863109 / -1.455260, 3.587885, 0.863109; 1, 25, 1, 0; 0.438646076036; 1, 0, 1; 1, 0, 0; 2, 1, 2 ;
0,2; -1.451993, 3.581850, 0.864631 / -1.451993, 3.581850, 0.864631 / -1.451993, 3.581850, 0.864631; 1, 25, 1, 0; 0.438646898976; 1, 0, 1; 1, 0, 0; 3, 1, 2 ;
0,2; -1.461747, 3.596253, 0.870042 / -1.461747, 3.596253, 0.870042 / -1.461747, 3.596253, 0.870042; 1, 25, 1, 0; 0.438658823025; 1, 0, 1; 1, 0, 0; 2, 1, 2 ;
0,2; -1.204656, 3.266409, 0.745613 / -1.204656, 3.266409, 0.745613 / -1.204656, 3.266409, 0.745613; 1, 25, 1, 0; 0.487627825640; 1, 0, 1; 1, 0, 0; 2, 1, 2 ;
1,3; 0.708328, 0.694738, -3.52545 / 0.708528, 0.694809, -3.52494 / 0.708129, 0.694668, -3.52596; 1, 1, 1, 0; 0.665546793174; 0, 2, 0; 0, 2, 0; 1, 1, 1 / 1, 9, 1 ;
0,3; 0.677716, 0.684571, -3.601913 / 0.677716, 0.684571, -3.601913 / 0.677716, 0.684571, -3.601913; 1, 1, 1, 0; 0.664982485785; 1, 0, 1; 0, 1, 0; 1, 1, 2 ;
0,3; 0.708774, 0.696585, -3.528473 / 0.708774, 0.696585, -3.528473 / 0.708774, 0.696585, -3.528473; 1, 1, 1, 0; 0.665546888102; 1, 0, 1; 0, 1, 0; 1, 1, 2 ;
0,3; 0.712480, 0.695856, -3.515305 / 0.712480, 0.695856, -3.515305 / 0.712480, 0.695856, -3.515305; 1, 1, 1, 0; 0.665553450000; 1, 0, 1; 1, 0, 0; 2, 1, 2 ;
0,3; 0.930733, 0.748405, -2.909146 / 0.930733, 0.748405, -2.909146 / 0.930733, 0.748405, -2.909146; 1, 2, 1, 0; 0.612642759842; 1, 0, 1; 0, 1, 0; 1, 1, 2 / 4, 5, 0 ;
0,3; 0.936267, 0.766067, -2.917992 / 0.936267, 0.766067, -2.917992 / 0.936267, 0.766067, -2.917992; 1, 2, 1, 0; 0.612650456920; 1, 0, 1; 0, 1, 0; 1, 1, 2 ;
0,3; 0.789403, 0.723364, -3.318355 / 0.789403, 0.723364, -3.318355 / 0.789403, 0.723364, -3.318355; 1, 2, 1, 0; 0.333387390872; 0, 1, 0; 1, 0, 0; 2, 1, 1 ;
0,3; 0.933501, 0.748234, -2.906153 / 0.933501, 0.748234, -2.906153 / 0.933501, 0.748234, -2.906153; 1, 2, 1, 0; 0.612642273336; 1, 0, 1; 1, 0, 0; 3, 1, 2 ;
0,3; 0.934425, 0.763320, -2.910144 / 0.934425, 0.763320, -2.910144 / 0.934425, 0.763320, -2.910144; 1, 2, 1, 0; 0.612649784513; 1, 0, 1; 1, 0, 0; 3, 1, 2 ;
0,3; 0.969566, 0.796370, -2.867996 / 0.969566, 0.796370, -2.867996 / 0.969566, 0.796370, -2.867996; 1, 2, 1, 0; 0.613068867889; 1, 0, 1; 1, 0, 0; 3, 1, 2 ;
0,3; 1.183804, 0.862732, -2.310533 / 1.183804, 0.862732, -2.310533 / 1.183804, 0.862732, -2.310533; 1, 4, 1, 0; 0.440195174829; 0, 1, 0; 0, 1, 0; 1, 6, 0 / 4, 1, 1 ;
0,3; 1.194126, 0.870339, -2.294684 / 1.194126, 0.870339, -2.294684 / 1.194126, 0.870339, -2.294684; 1, 4, 1, 0; 0.440208198842; 1, 0, 1; 1, 0, 0; 3, 1, 2 ;
0,3; 1.192904, 0.869464, -2.282135 / 1.192904, 0.869464, -2.282135 / 1.192904, 0.869464, -2.282135; 1, 4, 1, 0; 0.440215464404; 1, 0, 1; 1, 0, 0; 2, 1, 2 ;
0,3; 1.401638, 0.938323, -1.752585 / 1.401638, 0.938323, -1.752585 / 1.401638, 0.938323, -1.752585; 1, 11, 1, 0; 0.104935658441; 0, 1, 0; 0, 1, 0; 4, 1, 1 ;
0,3; 1.377041, 0.936144, -1.823797 / 1.377041, 0.936144, -1.823797 / 1.377041, 0.936144, -1.823797; 1, 11, 1, 0; 0.104815552290; 1, 0, 1; 1, 0, 0; 2, 1, 2 ;
0,3; 1.368444, 0.933222, -1.835962 / 1.368444, 0.933222, -1.835962 / 1.368444, 0.933222, -1.835962; 1, 11, 1, 0; 0.104816364785; 1, 0, 1; 1, 0, 0; 3, 1, 2 ;
0,3; 1.649552, 1.027125, -1.109631 / 1.649552, 1.027125, -1.109631 / 1.649552, 1.027125, -1.109631; 1, 11, 1, 0; 0.858367378000; 1, 0, 1; 1, 0, 0; 3, 1, 2 ;
0,3; 1.866452, 1.112796, -0.544706 / 1.866452, 1.112796, -0.544706 / 1.866452, 1.112796, -0.544706; 1, 12, 1, 0; 0.932240247777; 1, 0, 1; 1, 0, 0; 2, 1, 2 ;
0,3; 1.869817, 1.118829, -0.542485 / 1.869817, 1.118829, -0.542485 / 1.869817, 1.118829, -0.542485; 1, 12, 1, 0; 0.932241128933; 1, 0, 1; 1, 0, 0; 2, 1, 2 ;
0,3; 1.874017, 1.119543, -0.532753 / 1.874017, 1.119543, -0.532753 / 1.874017, 1.119543, -0.532753; 1, 12, 1, 0; 0.932241580954; 1, 0, 1; 1, 0, 0; 3, 1, 2 ;
0,3; 1.876341, 1.114530, -0.539033 / 1.876341, 1.114530, -0.539033 / 1.876341, 1.114530, -0.539033; 1, 12, 1, 0; 0.932242061585; 1, 0, 1; 1, 0, 0; 2, 1, 2 ;
0,3; 1.986945, 1.146893, -0.260660 / 1.986945, 1.146893, -0.260660 / 1.986945, 1.146893, -0.260660; 1, 13, 1, 0; 0.886288138139; 0, 1, 0; 0, 1, 0; 1, 1, 1 ;
0,3; 1.995988, 1.150092, -0.237537 / 1.996212, 1.150171, -0.236965 / 1.995764, 1.150013, -0.238110; 1, 13, 1, 0; 0.886281909243; 0, 2, 0; 2, 0, 0; 2, 2, 1 / 2, 10, 0 / 3, 1, 1 / 3, 8, 0 / 3, 9, 0 / 4, 1, 0 ;
0,3; 1.991361, 1.150146, -0.262710 / 1.991361, 1.150146, -0.262710 / 1.991361, 1.150146, -0.262710; 1, 13, 1, 0; 0.886288710557; 1, 0, 1; 1, 0, 0; 2, 1, 2 ;
0,3; 2.158906, 1.213109, 0.189372 / 2.158906, 1.213109, 0.189372 / 2.158906, 1.213109, 0.189372; 1, 19, 1, 0; 0.125685816391; 1, 0, 1; 1, 0, 0; 3, 1, 2 ;
0,3; 2.374022, 1.282908, 0.727042 / 2.374199, 1.283275, 0.727104 / 2.373846, 1.282541, 0.726981; 1, 20, 1, 0; 0.779940161632; 2, 1, 1; 1, 1, 0; 1, 6, 1 / 3, 1, 2 ;
0,3; 2.381206, 1.286358, 0.752836 / 2.381206, 1.286358, 0.752836 / 2.381206, 1.286358, 0.752836; 1, 20, 1, 0; 0.779965123813; 1, 0, 1; 0, 1, 0; 1, 1, 2 ;
0,3; 2.367451, 1.284307, 0.721847 / 2.367451, 1.284307, 0.721847 / 2.367451, 1.284307, 0.721847; 1, 20, 1, 0; 0.779927969791; 1, 0, 1; 1, 0, 0; 3, 1, 2 / 3, 2, 0 ;
0,3; 2.388273, 1.288760, 0.765359 / 2.388273, 1.288760, 0.765359 / 2.388273, 1.288760, 0.765359; 1, 20, 1, 0; 0.779975985109; 0, 1, 0; 1, 0, 0; 2, 4, 0 / 3, 1, 1 ;
0,3; 2.365150, 1.352304, 0.749534 / 2.365150, 1.352304, 0.749534 / 2.365150, 1.352304, 0.749534; 1, 20, 1, 0; 0.781621117195; 1, 0, 1; 1, 0, 0; 2, 1, 2 ;
0,3; 2.927155, 1.479487, 2.139462 / 2.927155, 1.479487, 2.139462 / 2.927155, 1.479487, 2.139462; 1, 28, 1, 0; 0.608933525607; 0, 1, 0; 0, 1, 0; 4, 1, 1 ;
0,3; 2.983700, 1.496701, 2.274455 / 2.983700, 1.496701, 2.274455 / 2.983700, 1.496701, 2.274455; 1, 31, 1, 0; 0.619367385337; 0, 1, 0; 1, 0, 0; 2, 1, 1 ;
0,3; 2.970081, 1.493920, 2.246625 / 2.970081, 1.493920, 2.246625 / 2.970081, 1.493920, 2.246625; 1, 31, 1, 0; 0.619398031258; 0, 1, 0; 1, 0, 0; 3, 1, 1 ;
1,4; 3.80504, 0.345638, 1.56971 / 3.80562, 0.345871, 1.5699 / 3.80447, 0.345406, 1.56952; 1, 27, 1, 0; 0.574998047796; 2, 1, 2; 2, 1, 0; 2, 1, 0 / 2, 6, 1 / 3, 10, 2 / 4, 1, 2 / 4, 5, 0 / 4, 7, 0 ;
0,4; 3.790465, 0.316325, 1.571953 / 3.791094, 0.316448, 1.572155 / 3.789837, 0.316202, 1.571751; 1, 27, 1, 0; 0.575020590229; 1, 0, 2; 1, 1, 0; 1, 5, 2 / 2, 1, 2 ;
0,4; 3.796335, 0.335629, 1.574776 / 3.796335, 0.335629, 1.574776 / 3.796335, 0.335629, 1.574776; 1, 27, 1, 0; 0.574999318570; 1, 0, 1; 0, 1, 0; 1, 1, 2 ;
0,4; 3.794485, 0.319997, 1.576667 / 3.794485, 0.319997, 1.576667 / 3.794485, 0.319997, 1.576667; 1, 27, 1, 0; 0.575003259813; 1, 0, 1; 0, 1, 0; 1, 1, 2 ;
0,4; 3.792860, 0.334160, 1.572242 / 3.792860, 0.334160, 1.572242 / 3.792860, 0.334160, 1.572242; 1, 27, 1, 0; 0.575015461089; 1, 0, 1; 0, 1, 0; 1, 1, 2 / 3, 7, 0 ;
0,4; 4.399877, 0.101037, 1.154385 / 4.399877, 0.101037, 1.154385 / 4.399877, 0.101037, 1.154385; 1, 27, 1, 0; 0.087353575480; 1, 0, 1; 1, 0, 0; 3, 1, 2 ;
0,4; 4.395294, 0.093644, 1.155555 / 4.395294, 0.093644, 1.155555 / 4.395294, 0.093644, 1.155555; 1, 27, 1, 0; 0.087354174033; 1, 0, 1; 1, 0, 0; 2, 1, 2 ;
0,4; 4.439348, 0.086564, 1.127791 / 4.439348, 0.086564, 1.127791 / 4.439348, 0.086564, 1.127791; 1, 27, 1, 0; 0.088551179058; 1, 0, 1; 1, 0, 0; 2, 1, 2 ;
0,4; 3.807140, 0.333409, 1.559417 / 3.807140, 0.333409, 1.559417 / 3.807140, 0.333409, 1.559417; 1, 27, 1, 0; 0.574994640647; 1, 0, 1; 1, 0, 0; 3, 1, 2 ;
0,4; 3.789505, 0.333627, 1.570958 / 3.789505, 0.333627, 1.570958 / 3.789505, 0.333627, 1.570958; 1, 27, 1, 0; 0.575015590008; 1, 0, 1; 1, 0, 0; 3, 1, 2 ;
0,4; 3.788952, 0.316940, 1.578971 / 3.788952, 0.316940, 1.578971 / 3.788952, 0.316940, 1.578971; 1, 27, 1, 0; 0.575020139012; 1, 0, 1; 1, 0, 0; 2, 1, 2 ;
0,4; 3.790060, 0.317159, 1.575342 / 3.790060, 0.317159, 1.575342 / 3.790060, 0.317159, 1.575342; 1, 27, 1, 0; 0.575020378433; 1, 0, 1; 1, 0, 0; 2, 1, 2 / 4, 2, 0 / 4, 5, 0 ;
0,4; 2.357418, 0.728927, 2.571496 / 2.357418, 0.728927, 2.571496 / 2.357418, 0.728927, 2.571496; 1, 35, 1, 0; 0.091207840925; 0, 1, 0; 1, 0, 0; 2, 1, 1 / 3, 5, 0 ;
0,4; 1.308580, 1.060746, 3.301207 / 1.308580, 1.060746, 3.301207 / 1.308580, 1.060746, 3.301207; 1, 42, 1, 0; 0.436940268616; 1, 0, 1; 1, 0, 0; 3, 1, 2 ;
0,4; 1.372255, 1.047323, 3.249425 / 1.372255, 1.047323, 3.249425 / 1.372255, 1.047323, 3.249425; 1, 42, 1, 0; 0.440909635211; 1, 0, 1; 1, 0, 0; 2, 1, 2 ;
0,4; 0.986687, 1.159991, 3.522005 / 0.986687, 1.159991, 3.522005 / 0.986687, 1.159991, 3.522005; 1, 45, 1, 0; 0.125217981202; 0, 1, 0; 0, 1, 0; 4, 1, 1 ;
0,4; 1.061501, 1.135229, 3.470490 / 1.061549, 1.136010, 3.470808 / 1.061454, 1.134448, 3.470172; 1, 45, 1, 0; 0.125515180501; 1, 0, 2; 2, 0, 0; 2, 1, 2 / 2, 6, 2 ;
0,4; 0.989403, 1.158713, 3.518728 / 0.989403, 1.158713, 3.518728 / 0.989403, 1.158713, 3.518728; 1, 45, 1, 0; 0.125218693503; 1, 0, 1; 1, 0, 0; 3, 1, 2 ;
0,4; 1.055043, 1.137105, 3.473549 / 1.055043, 1.137105, 3.473549 / 1.055043, 1.137105, 3.473549; 1, 45, 1, 0; 0.125544113507; 1, 0, 1; 1, 0, 0; 3, 1, 2 ;
0,4; 0.164139, 1.416316, 4.094717 / 0.164139, 1.416316, 4.094717 / 0.164139, 1.416316, 4.094717; 1, 46, 1, 0; 0.522818160790; 1, 0, 1; 0, 1, 0; 4, 1, 2 ;
0,4; 0.697914, 1.250254, 3.723732 / 0.697914, 1.250254, 3.723732 / 0.697914, 1.250254, 3.723732; 1, 46, 1, 0; 0.378557435981; 1, 0, 1; 1, 0, 0; 3, 1, 2 ;
0,4; 0.185625, 1.410322, 4.079181 / 0.185625, 1.410322, 4.079181 / 0.185625, 1.410322, 4.079181; 1, 46, 1, 0; 0.522802253224; 0, 1, 0; 1, 0, 0; 3, 1, 1 ;
0,4; -0.047114, 1.483235, 4.236038 / -0.047114, 1.483235, 4.236038 / -0.047114, 1.483235, 4.236038; 1, 46, 1, 0; 0.526891963804; 1, 0, 1; 1, 0, 0; 1, 4, 0 / 3, 1, 2 ;
1,5; -0.901533, 0.325926, -3.6144 / -0.901445, 0.326249, -3.6139 / -0.901621, 0.325602, -3.6149; 1, 1, 1, 0; 0.696578055337; 2, 1, 1; 1, 1, 0; 2, 5, 2 / 4, 1, 1 ;
0,5; -0.922926, 0.318903, -3.624509 / -0.922926, 0.318903, -3.624509 / -0.922926, 0.318903, -3.624509; 1, 1, 1, 0; 0.696573597676; 0, 0, 0; 0, 1, 0; 4, 1, 3 ;
0,5; -0.894876, 0.333545, -3.611504 / -0.894876, 0.333545, -3.611504 / -0.894876, 0.333545, -3.611504; 1, 1, 1, 0; 0.696577517411; 0, 1, 0; 0, 1, 0; 1, 1, 1 / 4, 1, 0 ;
0,5; -0.901991, 0.323881, -3.567987 / -0.901991, 0.323881, -3.567987 / -0.901991, 0.323881, -3.567987; 1, 1, 1, 0; 0.696606858073; 1, 0, 1; 0, 1, 0; 1, 1, 2 / 1, 4, 0 ;
0,5; -0.910357, 0.318067, -3.620198 / -0.909814, 0.318296, -3.619972 / -0.910900, 0.317839, -3.620425; 1, 1, 1, 0; 0.696572711682; 0, 2, 0; 2, 0, 0; 2, 1, 1 / 2, 3, 1 ;
0,5; -1.152195, 0.185335, -4.303614 / -1.152195, 0.185335, -4.303614 / -1.152195, 0.185335, -4.303614; 1, 1, 1, 0; 0.169558656009; 1, 0, 1; 1, 0, 0; 3, 1, 2 ;
0,5; -0.903344, 0.324111, -3.617285 / -0.903344, 0.324111, -3.617285 / -0.903344, 0.324111, -3.617285; 1, 1, 1, 0; 0.696578498334; 0, 1, 0; 1, 0, 0; 2, 1, 1 / 3, 6, 0 / 4, 3, 0 ;
0,5; -0.910407, 0.320154, -3.608800 / -0.910407, 0.320154, -3.608800 / -0.910407, 0.320154, -3.608800; 1, 1, 1, 0; 0.696579775907; 1, 0, 1; 1, 0, 0; 3, 1, 2 ;
0,5; -0.909401, 0.318721, -3.604283 / -0.909401, 0.318721, -3.604283 / -0.909401, 0.318721, -3.604283; 1, 1, 1, 0; 0.696586737293; 1, 0, 1; 1, 0, 0; 3, 1, 2 ;
0,5; -0.599071, 0.495075, -2.690291 / -0.599071, 0.495075, -2.690291 / -0.599071, 0.495075, -2.690291; 1, 2, 1, 0; 0.874308678950; 1, 0, 1; 0, 1, 0; 1, 1, 2 ;
0,5; -0.608817, 0.485716, -2.716143 / -0.608817, 0.485716, -2.716143 / -0.608817, 0.485716, -2.716143; 1, 2, 1, 0; 0.874292189166; 0, 0, 0; 1, 0, 0; 3, 1, 3 ;
0,5; -0.594373, 0.494098, -2.677060 / -0.594373, 0.494098, -2.677060 / -0.594373, 0.494098, -2.677060; 1, 2, 1, 0; 0.874316455135; 1, 0, 1; 1, 0, 0; 3, 1, 2 ;
0,5; -0.506564, 0.541362, -2.419792 / -0.506564, 0.541362, -2.419792 / -0.506564, 0.541362, -2.419792; 1, 4, 1, 0; 0.481116905830; 1, 0, 1; 0, 1, 0; 1, 1, 2 ;
0,5; -0.491707, 0.553844, -2.377984 / -0.491707, 0.553844, -2.377984 / -0.491707, 0.553844, -2.377984; 1, 4, 1, 0; 0.481317867318; 0, 1, 0; 0, 1, 0; 4, 1, 1 ;
0,5; -0.492092, 0.552151, -2.377367 / -0.492037, 0.552388, -2.377339 / -0.492147, 0.551913, -2.377395; 1, 4, 1, 0; 0.481317814932; 0, 0, 0; 2, 0, 0; 1, 5, 0 / 3, 1, 3 / 3, 3, 3 ;
0,5; -0.491492, 0.551906, -2.381630 / -0.491492, 0.551906, -2.381630 / -0.491492, 0.551906, -2.381630; 1, 4, 1, 0; 0.481318338794; 1, 0, 1; 1, 0, 0; 2, 1, 2 ;
0,5; 0.801120, 0.936469, -1.104077 / 0.802010, 0.936642, -1.103630 / 0.800229, 0.936296, -1.104525; 1, 11, 1, 0; 0.850109892751; 1, 0, 2; 0, 2, 1; 1, 1, 2 / 4, 1, 2 ;
0,5; 0.629135, 0.740236, -1.065462 / 0.629919, 0.740862, -1.065132 / 0.628352, 0.739609, -1.065793; 1, 11, 1, 0; 0.813425957714; 2, 2, 1; 2, 1, 0; 1, 2, 1 / 3, 1, 1 / 3, 5, 2 ;
0,5; 0.625939, 0.738778, -1.067790 / 0.626257, 0.738925, -1.067376 / 0.625620, 0.738632, -1.068204; 1, 11, 1, 0; 0.813426066428; 2, 1, 1; 1, 1, 0; 3, 1, 2 / 4, 3, 1 ;
0,5; 0.622222, 0.736554, -1.065146 / 0.622222, 0.736554, -1.065146 / 0.622222, 0.736554, -1.065146; 1, 11, 1, 0; 0.813425448474; 1, 0, 1; 0, 1, 0; 4, 1, 2 ;
0,5; 0.801364, 0.937991, -1.102389 / 0.801364, 0.937991, -1.102389 / 0.801364, 0.937991, -1.102389; 1, 11, 1, 0; 0.850109972856; 1, 0, 1; 0, 1, 0; 1, 1, 2 / 2, 8, 0 ;
0,5; -0.152119, 0.732996, -1.414788 / -0.152119, 0.732996, -1.414788 / -0.152119, 0.732996, -1.414788; 1, 11, 1, 0; 0.339371655612; 1, 0, 1; 1, 0, 0; 2, 1, 2 ;
0,5; -0.152827, 0.734329, -1.418760 / -0.152827, 0.734329, -1.418760 / -0.152827, 0.734329, -1.418760; 1, 11, 1, 0; 0.339372319340; 1, 0, 1; 1, 0, 0; 2, 1, 2 ;
0,5; 0.503625, 0.765458, -1.107178 / 0.503625, 0.765458, -1.107178 / 0.503625, 0.765458, -1.107178; 1, 11, 1, 0; 0.817501464779; 1, 0, 1; 1, 0, 0; 2, 1, 2 ;
0,5; 0.479014, 0.761087, -1.119699 / 0.479014, 0.761087, -1.119699 / 0.479014, 0.761087, -1.119699; 1, 11, 1, 0; 0.817520976092; 1, 0, 1; 1, 0, 0; 1, 6, 0 / 3, 1, 2 ;
0,5; 0.802261, 0.936254, -1.105328 / 0.802261, 0.936254, -1.105328 / 0.802261, 0.936254, -1.105328; 1, 11, 1, 0; 0.850109824089; 1, 0, 1; 1, 0, 0; 2, 1, 2 / 3, 6, 0 / 4, 6, 0 ;
0,5; 0.046868, 0.842918, -0.807152 / 0.046868, 0.842918, -0.807152 / 0.046868, 0.842918, -0.807152; 1, 13, 1, 0; 0.340481816179; 1, 0, 1; 1, 0, 0; 2, 1, 2 ;
0,5; 0.062336, 0.848166, -0.787340 / 0.062336, 0.848166, -0.787340 / 0.062336, 0.848166, -0.787340; 1, 13, 1, 0; 0.340506220894; 1, 0, 1; 1, 0, 0; 3, 1, 2 ;
0,5; 0.059391, 0.852403, -0.771546 / 0.059391, 0.852403, -0.771546 / 0.059391, 0.852403, -0.771546; 1, 13, 1, 0; 0.340516967586; 1, 0, 1; 1, 0, 0; 2, 1, 2 ;
0,5; 0.079001, 0.864066, -0.727453 / 0.079001, 0.864066, -0.727453 / 0.079001, 0.864066, -0.727453; 1, 13, 1, 0; 0.340989865119; 1, 0, 1; 1, 0, 0; 2, 1, 2 ;
0,5; 0.404672, 1.036740, 0.222459 / 0.404672, 1.036740, 0.222459 / 0.404672, 1.036740, 0.222459; 1, 16, 1, 0; 0.558739820411; 1, 0, 1; 1, 0, 0; 2, 1, 2 ;
0,5; 0.724716, 1.309559, 0.988583 / 0.724867, 1.310034, 0.988778 / 0.724565, 1.309084, 0.988387; 1, 25, 1, 0; 0.804782323947; 1, 0, 2; 2, 0, 0; 2, 1, 2 / 2, 4, 2 ;
0,5; 0.781294, 1.251032, 1.316332 / 0.781294, 1.251032, 1.316332 / 0.781294, 1.251032, 1.316332; 1, 26, 1, 0; 0.739001140114; 0, 0, 0; 0, 1, 0; 4, 1, 3 ;
0,5; 0.790641, 1.252752, 1.353392 / 0.790641, 1.252752, 1.353392 / 0.790641, 1.252752, 1.353392; 1, 26, 1, 0; 0.739046881831; 1, 0, 1; 0, 1, 0; 4, 1, 2 ;
0,5; 0.784836, 1.248421, 1.317529 / 0.784836, 1.248421, 1.317529 / 0.784836, 1.248421, 1.317529; 1, 26, 1, 0; 0.739000034289; 1, 0, 1; 1, 0, 0; 3, 1, 2 ;
0,5; 0.789448, 1.257783, 1.351366 / 0.789448, 1.257783, 1.351366 / 0.789448, 1.257783, 1.351366; 1, 26, 1, 0; 0.739048253397; 1, 0, 1; 1, 0, 0; 3, 1, 2 ;
0,5; 0.805676, 1.263505, 1.362993 / 0.805676, 1.263505, 1.362993 / 0.805676, 1.263505, 1.362993; 1, 26, 1, 0; 0.739053671081; 1, 0, 1; 1, 0, 0; 2, 1, 2 ;
0,5; 1.072171, 1.411620, 2.157948 / 1.072693, 1.412635, 2.158540 / 1.071648, 1.410605, 2.157356; 1, 31, 1, 0; 0.200292138693; 1, 0, 2; 1, 1, 0; 3, 1, 2 / 4, 10, 2 ;
0,5; 0.931567, 1.328310, 1.730741 / 0.931567, 1.328310, 1.730741 / 0.931567, 1.328310, 1.730741; 1, 31, 1, 0; 0.164123385636; 1, 0, 1; 0, 1, 0; 1, 1, 2 ;
0,5; 1.138782, 1.447743, 2.345818 / 1.138782, 1.447743, 2.345818 / 1.138782, 1.447743, 2.345818; 1, 31, 1, 0; 0.647177931411; 0, 1, 0; 0, 1, 0; 4, 1, 1 ;
0,5; 1.132196, 1.446999, 2.325309 / 1.132196, 1.446999, 2.325309 / 1.132196, 1.446999, 2.325309; 1, 31, 1, 0; 0.647158962225; 1, 0, 1; 1, 0, 0; 2, 1, 2 ;
0,5; 1.419363, 1.608591, 3.160943 / 1.419363, 1.608591, 3.160943 / 1.419363, 1.608591, 3.160943; 1, 42, 1, 0; 0.781329227739; 1, 0, 1; 1, 0, 0; 3, 1, 2 ;
0,5; 1.413164, 1.596605, 3.137735 / 1.413164, 1.596605, 3.137735 / 1.413164, 1.596605, 3.137735; 1, 42, 1, 0; 0.781347815565; 1, 0, 1; 1, 0, 0; 2, 1, 2 ;
0,5; 1.568392, 1.689014, 3.592887 / 1.568392, 1.689014, 3.592887 / 1.568392, 1.689014, 3.592887; 1, 45, 1, 0; 0.360706925266; 0, 1, 0; 1, 0, 0; 2, 1, 1 ;
0,5; 1.566537, 1.688277, 3.597516 / 1.566537, 1.688277, 3.597516 / 1.566537, 1.688277, 3.597516; 1, 45, 1, 0; 0.360707247498; 1, 0, 1; 1, 0, 0; 3, 1, 2 ;
0,5; 1.564448, 1.686849, 3.590500 / 1.564448, 1.686849, 3.590500 / 1.564448, 1.686849, 3.590500; 1, 45, 1, 0; 0.360708739939; 0, 1, 0; 1, 0, 0; 2, 1, 1 ;
0,5; 1.610704, 1.713510, 3.725720 / 1.610704, 1.713510, 3.725720 / 1.610704, 1.713510, 3.725720; 1, 46, 1, 0; 0.434496835551; 1, 0, 1; 0, 1, 0; 4, 1, 2 ;
0,5; 1.617416, 1.717492, 3.740644 / 1.617416, 1.717492, 3.740644 / 1.617416, 1.717492, 3.740644; 1, 46, 1, 0; 0.434483102083; 1, 0, 1; 1, 0, 0; 3, 1, 2 ;
0,5; 1.611038, 1.716854, 3.730257 / 1.611038, 1.716854, 3.730257 / 1.611038, 1.716854, 3.730257; 1, 46, 1, 0; 0.434496032905; 1, 0, 1; 1, 0, 0; 3, 1, 2 ;
1,6; 0.451153, 2.30212, -1.36858 / 0.452469, 2.30232, -1.36793 / 0.449836, 2.30192, -1.36922; 1, 7, 1, 0; 0.398763854074; 2, 1, 2; 1, 2, 1; 1, 10, 2 / 2, 10, 1 / 4, 1, 2 ;
0,6; 0.447302, 2.305841, -1.369709 / 0.447790, 2.306693, -1.368862 / 0.446815, 2.304989, -1.370556; 1, 7, 1, 0; 0.398763168849; 2, 1, 1; 1, 1, 0; 2, 10, 1 / 4, 1, 2 ;
0,6; 0.784402, 1.250721, -1.094402 / 0.784597, 1.250773, -1.094164 / 0.784208, 1.250670, -1.094639; 1, 7, 1, 0; 0.547172306478; 2, 1, 1; 1, 1, 0; 1, 2, 2 / 2, 1, 1 ;
0,6; 0.107336, 3.495800, -1.690105 / 0.107336, 3.495800, -1.690105 / 0.107336, 3.495800, -1.690105; 1, 7, 1, 0; 0.138091955152; 1, 0, 1; 0, 1, 0; 1, 1, 2 ;
0,6; 0.344120, 2.658479, -1.489545 / 0.344120, 2.658479, -1.489545 / 0.344120, 2.658479, -1.489545; 1, 7, 1, 0; 0.338560004745; 1, 0, 1; 0, 1, 0; 4, 1, 2 ;
0,6; 0.441640, 2.305837, -1.370165 / 0.441640, 2.305837, -1.370165 / 0.441640, 2.305837, -1.370165; 1, 7, 1, 0; 0.398762406919; 1, 0, 1; 0, 1, 0; 1, 1, 2 ;
0,6; 0.788844, 1.258732, -1.093708 / 0.788844, 1.258732, -1.093708 / 0.788844, 1.258732, -1.093708; 1, 7, 1, 0; 0.547173042839; 1, 0, 1; 0, 1, 0; 4, 1, 2 ;
0,6; 0.448888, 2.303437, -1.372237 / 0.448902, 2.303869, -1.372003 / 0.448873, 2.303006, -1.372470; 1, 7, 1, 0; 0.398754363196; 2, 1, 1; 2, 0, 0; 2, 1, 2 / 3, 2, 1 ;
0,6; 0.081162, 3.503885, -1.719529 / 0.081162, 3.503885, -1.719529 / 0.081162, 3.503885, -1.719529; 1, 7, 1, 0; 0.138069726247; 0, 1, 0; 1, 0, 0; 1, 5, 0 / 2, 1, 1 ;
0,6; 0.090210, 3.505927, -1.716808 / 0.090210, 3.505927, -1.716808 / 0.090210, 3.505927, -1.716808; 1, 7, 1, 0; 0.138070743858; 0, 1, 0; 1, 0, 0; 3, 1, 1 ;
0,6; 0.103384, 3.504381, -1.706392 / 0.103384, 3.504381, -1.706392 / 0.103384, 3.504381, -1.706392; 1, 7, 1, 0; 0.138072523397; 1, 0, 1; 1, 0, 0; 3, 1, 2 ;
0,6; 0.103029, 3.493848, -1.687437 / 0.103029, 3.493848, -1.687437 / 0.103029, 3.493848, -1.687437; 1, 7, 1, 0; 0.138092154583; 1, 0, 1; 1, 0, 0; 2, 1, 2 ;
0,6; 0.335908, 2.665031, -1.494259 / 0.335908, 2.665031, -1.494259 / 0.335908, 2.665031, -1.494259; 1, 7, 1, 0; 0.338558741681; 1, 0, 1; 1, 0, 0; 2, 1, 2 ;
0,6; 0.343550, 2.646086, -1.484816 / 0.343550, 2.646086, -1.484816 / 0.343550, 2.646086, -1.484816; 1, 7, 1, 0; 0.338560807584; 1, 0, 1; 1, 0, 0; 2, 1, 2 ;
0,6; 0.379987, 2.531277, -1.455224 / 0.379987, 2.531277, -1.455224 / 0.379987, 2.531277, -1.455224; 1, 7, 1, 0; 0.339102518867; 1, 0, 1; 1, 0, 0; 2, 1, 2 ;
0,6; 0.379186, 2.520682, -1.448527 / 0.379186, 2.520682, -1.448527 / 0.379186, 2.520682, -1.448527; 1, 7, 1, 0; 0.339103746135; 1, 0, 1; 1, 0, 0; 2, 1, 2 ;
0,6; 0.442217, 2.306966, -1.361480 / 0.442217, 2.306966, -1.361480 / 0.442217, 2.306966, -1.361480; 1, 7, 1, 0; 0.398762626805; 1, 0, 1; 1, 0, 0; 3, 1, 2 ;
0,6; 0.783945, 1.247070, -1.097463 / 0.783945, 1.247070, -1.097463 / 0.783945, 1.247070, -1.097463; 1, 7, 1, 0; 0.547171779775; 1, 0, 1; 1, 0, 0; 2, 1, 2 ;
0,6; 0.790819, 1.253464, -1.099411 / 0.790819, 1.253464, -1.099411 / 0.790819, 1.253464, -1.099411; 1, 7, 1, 0; 0.547172055910; 1, 0, 1; 1, 0, 0; 3, 1, 2 ;
0,6; 0.788652, 1.253405, -1.094482 / 0.788652, 1.253405, -1.094482 / 0.788652, 1.253405, -1.094482; 1, 7, 1, 0; 0.547172173524; 1, 0, 1; 1, 0, 0; 1, 5, 0 / 3, 1, 2 ;
0,6; 0.789715, 1.257706, -1.097767 / 0.789715, 1.257706, -1.097767 / 0.789715, 1.257706, -1.097767; 1, 7, 1, 0; 0.547172955907; 1, 0, 1; 1, 0, 0; 3, 1, 2 ;
0,6; 0.902566, 0.921791, -0.987152 / 0.902566, 0.921791, -0.987152 / 0.902566, 0.921791, -0.987152; 1, 11, 1, 0; 0.815527474904; 1, 0, 1; 1, 0, 0; 2, 1, 2 ;
0,6; 0.917382, 0.897343, -0.981037 / 0.917382, 0.897343, -0.981037 / 0.917382, 0.897343, -0.981037; 1, 11, 1, 0; 0.815532567300; 1, 0, 1; 1, 0, 0; 3, 1, 2 ;
0,6; 0.869850, 1.030690, -1.021574 / 0.869850, 1.030690, -1.021574 / 0.869850, 1.030690, -1.021574; 1, 11, 1, 0; 0.851328703259; 1, 0, 1; 1, 0, 0; 3, 1, 2 ;
0,6; 1.171767, 0.096572, -0.752839 / 1.171987, 0.097256, -0.752642 / 1.171547, 0.095889, -0.753036; 1, 12, 1, 0; 0.448383530621; 0, 2, 0; 1, 1, 0; 1, 1, 0 / 2, 7, 1 / 3, 1, 0 / 4, 1, 1 ;
0,6; 1.106883, 0.301140, -0.810630 / 1.107509, 0.301496, -0.810265 / 1.106257, 0.300783, -0.810995; 1, 12, 1, 0; 0.448925281398; 1, 0, 2; 1, 1, 0; 1, 6, 2 / 2, 1, 2 ;
0,6; 1.100183, 0.318879, -0.817600 / 1.100183, 0.318879, -0.817600 / 1.100183, 0.318879, -0.817600; 1, 12, 1, 0; 0.391353163922; 0, 1, 0; 0, 1, 0; 1, 1, 1 ;
0,6; 1.039110, 0.508034, -0.871225 / 1.039110, 0.508034, -0.871225 / 1.039110, 0.508034, -0.871225; 1, 12, 1, 0; 0.391882406861; 0, 1, 0; 0, 1, 0; 1, 1, 1 ;
0,6; 1.174461, 0.091639, -0.751285 / 1.174461, 0.091639, -0.751285 / 1.174461, 0.091639, -0.751285; 1, 12, 1, 0; 0.448382643743; 1, 0, 1; 0, 1, 0; 1, 1, 2 ;
0,6; 1.170838, 0.099459, -0.753670 / 1.170838, 0.099459, -0.753670 / 1.170838, 0.099459, -0.753670; 1, 12, 1, 0; 0.448384177183; 0, 1, 0; 0, 1, 0; 4, 1, 1 ;
0,6; 1.213026, -0.025454, -0.724112 / 1.213026, -0.025454, -0.724112 / 1.213026, -0.025454, -0.724112; 1, 12, 1, 0; 0.451405724310; 1, 0, 1; 0, 1, 0; 1, 1, 2 ;
0,6; 1.207181, -0.013406, -0.721166 / 1.207181, -0.013406, -0.721166 / 1.207181, -0.013406, -0.721166; 1, 12, 1, 0; 0.451407561006; 0, 1, 0; 0, 1, 0; 4, 1, 1 ;
0,6; 1.096267, 0.322541, -0.818704 / 1.096267, 0.322541, -0.818704 / 1.096267, 0.322541, -0.818704; 1, 12, 1, 0; 0.391353896312; 1, 0, 1; 1, 0, 0; 2, 2, 0 / 3, 1, 2 ;
0,6; 1.029006, 0.533064, -0.880185 / 1.029006, 0.533064, -0.880185 / 1.029006, 0.533064, -0.880185; 1, 12, 1, 0; 0.391886303401; 1, 0, 1; 1, 0, 0; 3, 1, 2 / 4, 10, 0 ;
0,6; 1.029318, 0.534304, -0.882559 / 1.029318, 0.534304, -0.882559 / 1.029318, 0.534304, -0.882559; 1, 12, 1, 0; 0.391886360619; 1, 0, 1; 1, 0, 0; 1, 6, 0 / 1, 8, 0 / 3, 1, 2 ;
0,6; 1.076421, 0.386324, -0.837086 / 1.076421, 0.386324, -0.837086 / 1.076421, 0.386324, -0.837086; 1, 12, 1, 0; 0.392489912479; 1, 0, 1; 1, 0, 0; 3, 1, 2 / 4, 9, 0 / 4, 10, 0 ;
0,6; 1.299227, 0.083894, -0.717295 / 1.299227, 0.083894, -0.717295 / 1.299227, 0.083894, -0.717295; 1, 12, 1, 0; 0.445041746200; 0, 1, 0; 1, 0, 0; 3, 1, 1 ;
0,6; 1.319573, 0.084846, -0.722014 / 1.319573, 0.084846, -0.722014 / 1.319573, 0.084846, -0.722014; 1, 12, 1, 0; 0.445802143841; 1, 0, 1; 1, 0, 0; 1, 1, 0 / 2, 1, 2 / 4, 4, 0 ;
0,6; 1.317717, 0.084433, -0.724294 / 1.317717, 0.084433, -0.724294 / 1.317717, 0.084433, -0.724294; 1, 12, 1, 0; 0.445802218225; 0, 0, 0; 1, 0, 0; 3, 1, 3 ;
0,6; 1.136476, 0.209250, -0.784818 / 1.136476, 0.209250, -0.784818 / 1.136476, 0.209250, -0.784818; 1, 12, 1, 0; 0.447775275447; 1, 0, 1; 1, 0, 0; 3, 1, 2 ;
0,6; 1.136736, 0.206652, -0.781776 / 1.136736, 0.206652, -0.781776 / 1.136736, 0.206652, -0.781776; 1, 12, 1, 0; 0.447785174148; 1, 0, 1; 1, 0, 0; 2, 1, 2 ;
0,6; 1.175071, 0.087975, -0.760881 / 1.175071, 0.087975, -0.760881 / 1.175071, 0.087975, -0.760881; 1, 12, 1, 0; 0.448371760893; 1, 0, 1; 1, 0, 0; 2, 1, 2 ;
0,6; 1.170536, 0.104930, -0.764983 / 1.170536, 0.104930, -0.764983 / 1.170536, 0.104930, -0.764983; 1, 12, 1, 0; 0.448374604624; 0, 1, 0; 1, 0, 0; 2, 1, 1 ;
0,6; 1.174828, 0.090220, -0.754946 / 1.174828, 0.090220, -0.754946 / 1.174828, 0.090220, -0.754946; 1, 12, 1, 0; 0.448382569360; 0, 1, 0; 1, 0, 0; 2, 1, 1 ;
0,6; 1.168855, 0.093599, -0.755097 / 1.168855, 0.093599, -0.755097 / 1.168855, 0.093599, -0.755097; 1, 12, 1, 0; 0.448383341802; 1, 0, 1; 1, 0, 0; 3, 1, 2 ;
0,6; 1.175752, 0.105753, -0.752773 / 1.175752, 0.105753, -0.752773 / 1.175752, 0.105753, -0.752773; 1, 12, 1, 0; 0.448385069783; 0, 1, 0; 1, 0, 0; 3, 1, 1 ;
0,6; 1.111845, 0.292842, -0.806935 / 1.111845, 0.292842, -0.806935 / 1.111845, 0.292842, -0.806935; 1, 12, 1, 0; 0.448924199979; 1, 0, 1; 1, 0, 0; 3, 1, 2 ;
0,6; 1.210127, -0.022557, -0.718531 / 1.210127, -0.022557, -0.718531 / 1.210127, -0.022557, -0.718531; 1, 12, 1, 0; 0.451416504168; 0, 1, 0; 1, 0, 0; 2, 1, 1 / 3, 5, 0 ;
0,6; 1.421679, -0.682029, -0.526933 / 1.421679, -0.682029, -0.526933 / 1.421679, -0.682029, -0.526933; 1, 12, 1, 0; 0.763471245703; 1, 0, 1; 1, 0, 0; 2, 1, 2 ;
0,6; 1.418080, -0.672136, -0.532686 / 1.418080, -0.672136, -0.532686 / 1.418080, -0.672136, -0.532686; 1, 12, 1, 0; 0.763473957833; 1, 0, 1; 1, 0, 0; 3, 1, 2 ;
0,6; 1.418408, -0.670208, -0.531929 / 1.418408, -0.670208, -0.531929 / 1.418408, -0.670208, -0.531929; 1, 12, 1, 0; 0.763474633004; 0, 1, 0; 1, 0, 0; 2, 1, 1 ;
0,6; 1.483671, -0.837132, -0.493266 / 1.483671, -0.837132, -0.493266 / 1.483671, -0.837132, -0.493266; 1, 12, 1, 0; 0.763875547576; 0, 1, 0; 1, 0, 0; 2, 1, 1 ;
0,6; 1.481247, -0.837101, -0.489583 / 1.481247, -0.837101, -0.489583 / 1.481247, -0.837101, -0.489583; 1, 12, 1, 0; 0.763875662011; 0, 1, 0; 1, 0, 0; 2, 1, 1 ;
0,6; 1.479550, -0.829815, -0.485603 / 1.479550, -0.829815, -0.485603 / 1.479550, -0.829815, -0.485603; 1, 12, 1, 0; 0.763876749152; 1, 0, 1; 1, 0, 0; 3, 1, 2 ;
0,6; 1.480451, -0.828288, -0.481957 / 1.480451, -0.828288, -0.481957 / 1.480451, -0.828288, -0.481957; 1, 12, 1, 0; 0.763887363078; 1, 0, 1; 1, 0, 0; 3, 1, 2 ;
0,6; 1.341071, -0.432393, -0.598382 / 1.341071, -0.432393, -0.598382 / 1.341071, -0.432393, -0.598382; 1, 12, 1, 0; 0.769544327872; 1, 0, 1; 1, 0, 0; 1, 2, 0 / 2, 1, 2 ;
0,6; 1.725970, -1.632257, -0.252743 / 1.726199, -1.631828, -0.252620 / 1.725741, -1.632687, -0.252865; 1, 15, 1, 0; 0.566569391314; 2, 1, 1; 0, 2, 0; 1, 1, 2 / 1, 3, 1 ;
0,6; 2.295263, -3.404874, 0.259253 / 2.295304, -3.404798, 0.259736 / 2.295222, -3.404950, 0.258770; 1, 15, 1, 0; 0.866267439244; 2, 1, 1; 1, 1, 0; 1, 1, 1 / 3, 4, 2 ;
0,6; 2.297179, -3.410883, 0.260497 / 2.297179, -3.410883, 0.260497 / 2.297179, -3.410883, 0.260497; 1, 15, 1, 0; 0.866268095560; 0, 1, 0; 0, 1, 0; 1, 1, 1 ;
0,6; 1.874973, -2.095098, -0.120504 / 1.874980, -2.094662, -0.120017 / 1.874966, -2.095533, -0.120991; 1, 15, 1, 0; 0.514537746185; 1, 0, 2; 2, 0, 0; 2, 1, 2 / 3, 6, 2 ;
0,6; 1.944282, -2.340917, -0.041009 / 1.944282, -2.340917, -0.041009 / 1.944282, -2.340917, -0.041009; 1, 15, 1, 0; 0.476174262516; 1, 0, 1; 1, 0, 0; 2, 1, 2 / 2, 5, 0 / 3, 8, 0 ;
0,6; 1.862742, -2.054627, -0.131708 / 1.862742, -2.054627, -0.131708 / 1.862742, -2.054627, -0.131708; 1, 15, 1, 0; 0.514576823754; 1, 0, 1; 1, 0, 0; 3, 1, 2 ;
0,6; 1.861331, -2.038942, -0.137471 / 1.861331, -2.038942, -0.137471 / 1.861331, -2.038942, -0.137471; 1, 15, 1, 0; 0.514589648697; 1, 0, 1; 1, 0, 0; 3, 1, 2 ;
0,6; 1.723712, -1.633883, -0.248154 / 1.723712, -1.633883, -0.248154 / 1.723712, -1.633883, -0.248154; 1, 15, 1, 0; 0.566570596792; 1, 0, 1; 1, 0, 0; 2, 1, 2 ;
0,6; 2.182778, -3.032429, 0.167109 / 2.182778, -3.032429, 0.167109 / 2.182778, -3.032429, 0.167109; 1, 15, 1, 0; 0.787246534921; 1, 0, 1; 1, 0, 0; 3, 1, 2 ;
1,7; -0.612176, -0.218358, -4.16386 / -0.612176, -0.218358, -4.16386 / -0.612176, -0.218358, -4.16386; 1, 1, 1, 0; 0.201548892665; 1, 0, 1; 0, 1, 0; 1, 1, 2 ;
0,7; -0.916707, 0.008013, -3.899162 / -0.916707, 0.008013, -3.899162 / -0.916707, 0.008013, -3.899162; 1, 1, 1, 0; 0.488540719364; 0, 1, 0; 0, 1, 0; 1, 1, 1 ;
0,7; -0.917655, 0.014818, -3.897123 / -0.917655, 0.014818, -3.897123 / -0.917655, 0.014818, -3.897123; 1, 1, 1, 0; 0.488541348262; 0, 1, 0; 0, 1, 0; 1, 1, 1 ;
0,7; -0.117215, -0.553597, -4.570002 / -0.117215, -0.553597, -4.570002 / -0.117215, -0.553597, -4.570002; 1, 1, 1, 0; 0.022291818947; 1, 0, 1; 1, 0, 0; 3, 1, 2 ;
0,7; -0.160190, -0.518620, -4.531052 / -0.160190, -0.518620, -4.531052 / -0.160190, -0.518620, -4.531052; 1, 1, 1, 0; 0.022993953878; 1, 0, 1; 1, 0, 0; 2, 1, 2 ;
0,7; -0.548007, -0.259697, -4.217583 / -0.548007, -0.259697, -4.217583 / -0.548007, -0.259697, -4.217583; 1, 1, 1, 0; 0.201897223040; 1, 0, 1; 1, 0, 0; 2, 1, 2 ;
0,7; -1.190107, 0.168218, -3.680409 / -1.190107, 0.168218, -3.680409 / -1.190107, 0.168218, -3.680409; 1, 1, 1, 0; 0.729984400166; 1, 0, 1; 1, 0, 0; 3, 1, 2 ;
0,7; -1.762962, 0.554097, -3.226283 / -1.762962, 0.554097, -3.226283 / -1.762962, 0.554097, -3.226283; 1, 2, 1, 0; 0.355016964424; 1, 0, 1; 0, 1, 0; 4, 1, 2 ;
0,7; -1.760712, 0.554785, -3.227398 / -1.760712, 0.554785, -3.227398 / -1.760712, 0.554785, -3.227398; 1, 2, 1, 0; 0.355016462097; 1, 0, 1; 1, 0, 0; 2, 1, 2 ;
0,7; -2.035361, 0.729207, -3.000819 / -2.035361, 0.729207, -3.000819 / -2.035361, 0.729207, -3.000819; 1, 2, 1, 0; 0.630389094039; 1, 0, 1; 1, 0, 0; 2, 1, 2 ;
0,7; -2.419732, 0.993436, -2.688659 / -2.419732, 0.993436, -2.688659 / -2.419732, 0.993436, -2.688659; 1, 6, 1, 0; 0.008991742804; 0, 1, 0; 0, 1, 0; 1, 5, 0 / 4, 1, 1 ;
0,7; -3.206237, 1.521898, -2.050472 / -3.206237, 1.521898, -2.050472 / -3.206237, 1.521898, -2.050472; 1, 6, 1, 0; 0.430254322433; 1, 0, 1; 0, 1, 0; 4, 1, 2 ;
0,7; -3.608253, 1.789750, -1.724883 / -3.608253, 1.789750, -1.724883 / -3.608253, 1.789750, -1.724883; 1, 6, 1, 0; 0.645690060096; 1, 0, 1; 0, 1, 0; 4, 1, 2 ;
0,7; -2.389551, 0.974390, -2.714777 / -2.389303, 0.974535, -2.714684 / -2.389800, 0.974245, -2.714870; 1, 6, 1, 0; 0.008982749478; 1, 0, 2; 2, 0, 0; 2, 1, 2 / 3, 4, 2 ;
0,7; -3.199515, 1.520660, -2.044700 / -3.198938, 1.521006, -2.044159 / -3.200093, 1.520314, -2.045241; 1, 6, 1, 0; 0.430244731185; 2, 1, 1; 2, 0, 0; 2, 1, 1 / 2, 7, 2 / 4, 4, 0 ;
0,7; -2.329524, 0.933790, -2.763475 / -2.329524, 0.933790, -2.763475 / -2.329524, 0.933790, -2.763475; 1, 6, 1, 0; 0.008690463938; 0, 1, 0; 1, 0, 0; 3, 1, 1 ;
0,7; -3.156154, 1.484536, -2.256853 / -3.156154, 1.484536, -2.256853 / -3.156154, 1.484536, -2.256853; 1, 6, 1, 0; 0.219400833757; 0, 1, 0; 1, 0, 0; 2, 1, 1 ;
0,7; -3.150476, 1.480867, -2.245371 / -3.150476, 1.480867, -2.245371 / -3.150476, 1.480867, -2.245371; 1, 6, 1, 0; 0.219408783171; 1, 0, 1; 1, 0, 0; 2, 1, 2 ;
0,7; -2.991042, 1.377894, -2.225528 / -2.991042, 1.377894, -2.225528 / -2.991042, 1.377894, -2.225528; 1, 6, 1, 0; 0.221654639625; 1, 0, 1; 1, 0, 0; 2, 1, 2 ;
0,7; -2.985077, 1.378804, -2.222676 / -2.985077, 1.378804, -2.222676 / -2.985077, 1.378804, -2.222676; 1, 6, 1, 0; 0.221655266952; 1, 0, 1; 1, 0, 0; 3, 1, 2 ;
0,7; -3.240430, 1.534705, -2.018646 / -3.240430, 1.534705, -2.018646 / -3.240430, 1.534705, -2.018646; 1, 6, 1, 0; 0.430276229880; 1, 0, 1; 1, 0, 0; 3, 1, 2 ;
1,8; 1.02188, 3.77464, -2.09816 / 1.0221, 3.77501, -2.09815 / 1.02166, 3.77427, -2.09816; 1, 4, 1, 0; 0.889435558941; 2, 1, 2; 3, 0, 0; 2, 2, 1 / 2, 3, 2 / 3, 1, 2 / 3, 3, 0 / 4, 1, 0 / 4, 2, 0 ;
0,8; 1.095797, 3.827906, -2.346166 / 1.095797, 3.827906, -2.346166 / 1.095797, 3.827906, -2.346166; 1, 4, 1, 0; 0.225328473507; 1, 0, 1; 1, 0, 0; 3, 1, 2 ;
0,8; 0.897744, 3.686126, -1.675951 / 0.898242, 3.686552, -1.675770 / 0.897247, 3.685699, -1.676133; 1, 7, 1, 0; 0.134426819503; 1, 0, 2; 1, 1, 0; 2, 1, 2 / 4, 2, 2 ;
0,8; 0.895078, 3.687463, -1.676179 / 0.895078, 3.687463, -1.676179 / 0.895078, 3.687463, -1.676179; 1, 7, 1, 0; 0.134427468932; 0, 1, 0; 0, 1, 0; 2, 4, 0 / 4, 1, 1 ;
0,8; 0.762478, 3.594899, -1.254531 / 0.762478, 3.594899, -1.254531 / 0.762478, 3.594899, -1.254531; 1, 7, 1, 0; 0.260022704471; 1, 0, 1; 1, 0, 0; 2, 1, 2 ;
0,8; 0.622031, 3.493308, -0.756693 / 0.622031, 3.493308, -0.756693 / 0.622031, 3.493308, -0.756693; 1, 13, 1, 0; 0.209198029650; 1, 0, 1; 0, 1, 0; 1, 1, 2 ;
0,8; 0.437036, 3.368158, -0.147009 / 0.437392, 3.368219, -0.146752 / 0.436679, 3.368097, -0.147265; 1, 17, 1, 0; 0.227499204908; 0, 2, 0; 0, 2, 0; 1, 1, 1 / 1, 2, 1 ;
0,8; 0.440240, 3.369138, -0.149908 / 0.440240, 3.369138, -0.149908 / 0.440240, 3.369138, -0.149908; 1, 17, 1, 0; 0.227498465612; 1, 0, 1; 0, 1, 0; 1, 1, 2 ;
0,8; 0.352219, 3.309458, 0.134769 / 0.352219, 3.309458, 0.134769 / 0.352219, 3.309458, 0.134769; 1, 17, 1, 0; 0.510096150359; 0, 1, 0; 0, 1, 0; 1, 1, 1 ;
0,8; 0.359260, 3.314090, 0.114545 / 0.359260, 3.314090, 0.114545 / 0.359260, 3.314090, 0.114545; 1, 17, 1, 0; 0.510072339440; 1, 0, 1; 1, 0, 0; 1, 1, 0 / 2, 1, 2 / 3, 3, 0 ;
0,8; 0.351039, 3.307061, 0.160892 / 0.351039, 3.307061, 0.160892 / 0.351039, 3.307061, 0.160892; 1, 17, 1, 0; 0.510121049299; 1, 0, 1; 1, 0, 0; 2, 1, 2 ;
0,8; 0.349304, 3.303930, 0.178295 / 0.349304, 3.303930, 0.178295 / 0.349304, 3.303930, 0.178295; 1, 17, 1, 0; 0.510133254661; 1, 0, 1; 1, 0, 0; 2, 1, 2 ;
0,8; 0.254876, 3.241819, 0.443341 / 0.254876, 3.241819, 0.443341 / 0.254876, 3.241819, 0.443341; 1, 25, 1, 0; 0.173780823797; 1, 0, 1; 1, 0, 0; 2, 1, 2 ;
0,8; -0.040965, 3.043726, 1.411137 / -0.040965, 3.043726, 1.411137 / -0.040965, 3.043726, 1.411137; 1, 29, 1, 0; 0.163294855460; 1, 0, 1; 1, 0, 0; 3, 1, 2 ;
0,8; -0.044423, 3.034195, 1.452088 / -0.044423, 3.034195, 1.452088 / -0.044423, 3.034195, 1.452088; 1, 29, 1, 0; 0.163348821895; 0, 1, 0; 1, 0, 0; 2, 1, 1 ;
0,8; -0.041338, 3.031145, 1.450990 / -0.041338, 3.031145, 1.450990 / -0.041338, 3.031145, 1.450990; 1, 29, 1, 0; 0.163349016720; 1, 0, 1; 1, 0, 0; 2, 1, 2 ;
0,8; -0.475946, 2.731506, 2.893908 / -0.475946, 2.731506, 2.893908 / -0.475946, 2.731506, 2.893908; 1, 40, 1, 0; 0.103772497250; 1, 0, 1; 0, 1, 0; 4, 1, 2 ;
0,8; -0.670063, 2.597252, 3.545429 / -0.670063, 2.597252, 3.545429 / -0.670063, 2.597252, 3.545429; 1, 45, 1, 0; 0.667531231026; 0, 1, 0; 0, 1, 0; 4, 1, 1 ;
0,8; -0.670110, 2.596859, 3.532404 / -0.670110, 2.596859, 3.532404 / -0.670110, 2.596859, 3.532404; 1, 45, 1, 0; 0.667535844026; 1, 0, 1; 1, 0, 0; 2, 1, 2 ;
1,9; -4.11096, -0.207133, -0.218011 / -4.11092, -0.207033, -0.217335 / -4.11101, -0.207234, -0.218687; 1, 10, 1, 0; 0.749270888753; 2, 1, 1; 1, 1, 0; 1, 2, 1 / 3, 1, 2 ;
0,9; -4.124921, -0.208792, -0.214695 / -4.124853, -0.208495, -0.214552 / -4.124988, -0.209088, -0.214837; 1, 10, 1, 0; 0.749281286091; 2, 1, 1; 2, 0, 0; 3, 1, 2 / 3, 2, 1 ;
0,9; -4.251866, -0.273026, -0.286988 / -4.251866, -0.273026, -0.286988 / -4.251866, -0.273026, -0.286988; 1, 10, 1, 0; 0.748173658781; 1, 0, 1; 1, 0, 0; 2, 1, 2 ;
0,9; -4.180385, -0.238054, -0.254594 / -4.180385, -0.238054, -0.254594 / -4.180385, -0.238054, -0.254594; 1, 10, 1, 0; 0.748389548162; 1, 0, 1; 1, 0, 0; 2, 1, 2 / 3, 5, 0 ;
0,9; -4.174909, -0.236457, -0.252298 / -4.174909, -0.236457, -0.252298 / -4.174909, -0.236457, -0.252298; 1, 10, 1, 0; 0.748389694146; 0, 1, 0; 1, 0, 0; 2, 1, 1 ;
0,9; -4.184784, -0.238323, -0.253182 / -4.184784, -0.238323, -0.253182 / -4.184784, -0.238323, -0.253182; 1, 10, 1, 0; 0.748399453477; 1, 0, 1; 1, 0, 0; 2, 1, 2 ;
0,9; -4.123432, -0.207069, -0.218769 / -4.123432, -0.207069, -0.218769 / -4.123432, -0.207069, -0.218769; 1, 10, 1, 0; 0.749280583202; 1, 0, 1; 1, 0, 0; 2, 3, 0 / 3, 1, 2 ;
0,9; -4.121830, -0.204993, -0.215272 / -4.121830, -0.204993, -0.215272 / -4.121830, -0.204993, -0.215272; 1, 10, 1, 0; 0.749281188768; 1, 0, 1; 1, 0, 0; 1, 5, 0 / 2, 3, 0 / 3, 1, 2 ;
0,9; -4.123851, -0.204156, -0.209136 / -4.123851, -0.204156, -0.209136 / -4.123851, -0.204156, -0.209136; 1, 10, 1, 0; 0.749281967351; 1, 0, 1; 1, 0, 0; 3, 1, 2 ;
0,9; -3.271381, 0.147179, 0.214523 / -3.271381, 0.147179, 0.214523 / -3.271381, 0.147179, 0.214523; 1, 14, 1, 0; 0.861206503903; 1, 0, 1; 0, 1, 0; 4, 1, 2 ;
0,9; -3.482186, 0.058244, 0.105174 / -3.482186, 0.058244, 0.105174 / -3.482186, 0.058244, 0.105174; 1, 14, 1, 0; 0.862295138876; 1, 0, 1; 0, 1, 0; 1, 1, 2 ;
0,9; -3.283565, 0.140941, 0.207003 / -3.283565, 0.140941, 0.207003 / -3.283565, 0.140941, 0.207003; 1, 14, 1, 0; 0.861194175367; 1, 0, 1; 1, 0, 0; 1, 2, 0 / 2, 1, 2 / 2, 2, 0 / 3, 3, 0 ;
0,9; -3.268821, 0.147841, 0.218706 / -3.268821, 0.147841, 0.218706 / -3.268821, 0.147841, 0.218706; 1, 14, 1, 0; 0.861207144027; 1, 0, 1; 1, 0, 0; 2, 1, 2 ;
0,9; -3.530369, 0.036427, 0.081965 / -3.530369, 0.036427, 0.081965 / -3.530369, 0.036427, 0.081965; 1, 14, 1, 0; 0.862210796425; 1, 0, 1; 1, 0, 0; 3, 1, 2 ;
0,9; -3.503679, 0.047819, 0.096199 / -3.503679, 0.047819, 0.096199 / -3.503679, 0.047819, 0.096199; 1, 14, 1, 0; 0.862288005190; 1, 0, 1; 1, 0, 0; 2, 1, 2 ;
0,9; -2.742344, 0.373494, 0.486962 / -2.742344, 0.373494, 0.486962 / -2.742344, 0.373494, 0.486962; 1, 17, 1, 0; 0.740692476475; 0, 0, 0; 1, 0, 0; 2, 3, 0 / 3, 1, 3 ;
0,9; -2.704109, 0.394211, 0.509445 / -2.704109, 0.394211, 0.509445 / -2.704109, 0.394211, 0.509445; 1, 17, 1, 0; 0.741628857941; 1, 0, 1; 1, 0, 0; 2, 1, 2 ;
0,9; -2.682282, 0.400593, 0.517689 / -2.682282, 0.400593, 0.517689 / -2.682282, 0.400593, 0.517689; 1, 17, 1, 0; 0.741636662398; 1, 0, 1; 1, 0, 0; 2, 1, 2 ;
0,9; -2.683782, 0.398541, 0.517105 / -2.683782, 0.398541, 0.517105 / -2.683782, 0.398541, 0.517105; 1, 17, 1, 0; 0.741637492363; 1, 0, 1; 1, 0, 0; 3, 1, 2 ;
0,9; -2.683960, 0.397201, 0.521755 / -2.683960, 0.397201, 0.521755 / -2.683960, 0.397201, 0.521755; 1, 17, 1, 0; 0.741637638827; 1, 0, 1; 1, 0, 0; 2, 1, 2 ;
0,9; -2.638915, 0.432085, 0.528818 / -2.638915, 0.432085, 0.528818 / -2.638915, 0.432085, 0.528818; 1, 17, 1, 0; 0.742140513713; 1, 0, 1; 1, 0, 0; 3, 1, 2 ;
0,9; -1.590852, 0.865629, 1.082736 / -1.590428, 0.866040, 1.082825 / -1.591275, 0.865218, 1.082648; 1, 23, 1, 0; 0.603491026443; 1, 0, 2; 1, 1, 0; 1, 1, 2 / 3, 5, 2 ;
0,9; -2.061677, 0.701465, 0.838993 / -2.061677, 0.701465, 0.838993 / -2.061677, 0.701465, 0.838993; 1, 23, 1, 0; 0.114977911584; 1, 0, 1; 0, 1, 0; 1, 2, 0 / 4, 1, 2 ;
0,9; -2.311096, 0.553989, 0.714020 / -2.311096, 0.553989, 0.714020 / -2.311096, 0.553989, 0.714020; 1, 23, 1, 0; 0.183568265694; 1, 0, 1; 0, 1, 0; 1, 8, 0 / 4, 1, 2 ;
0,9; -2.216781, 0.597058, 0.758137 / -2.216781, 0.597058, 0.758137 / -2.216781, 0.597058, 0.758137; 1, 23, 1, 0; 0.184731547046; 1, 0, 1; 0, 1, 0; 1, 1, 2 ;
0,9; -2.216339, 0.595064, 0.756305 / -2.216339, 0.595064, 0.756305 / -2.216339, 0.595064, 0.756305; 1, 23, 1, 0; 0.184732419055; 1, 0, 1; 0, 1, 0; 1, 1, 2 ;
0,9; -1.589663, 0.861445, 1.078680 / -1.589663, 0.861445, 1.078680 / -1.589663, 0.861445, 1.078680; 1, 23, 1, 0; 0.603478389711; 1, 0, 1; 0, 1, 0; 1, 1, 2 ;
0,9; -2.059388, 0.701771, 0.831954 / -2.059388, 0.701771, 0.831954 / -2.059388, 0.701771, 0.831954; 1, 23, 1, 0; 0.114964291996; 1, 0, 1; 1, 0, 0; 2, 1, 2 ;
0,9; -2.306691, 0.557544, 0.706581 / -2.306691, 0.557544, 0.706581 / -2.306691, 0.557544, 0.706581; 1, 23, 1, 0; 0.183557409928; 1, 0, 1; 1, 0, 0; 2, 1, 2 ;
0,9; -2.216695, 0.592584, 0.759444 / -2.216695, 0.592584, 0.759444 / -2.216695, 0.592584, 0.759444; 1, 23, 1, 0; 0.184732537293; 1, 0, 1; 1, 0, 0; 2, 1, 2 ;
0,9; -2.226850, 0.592645, 0.752349 / -2.226850, 0.592645, 0.752349 / -2.226850, 0.592645, 0.752349; 1, 23, 1, 0; 0.184746873702; 0, 1, 0; 1, 0, 0; 2, 1, 1 ;
0,9; -1.649176, 0.841241, 1.051824 / -1.649176, 0.841241, 1.051824 / -1.649176, 0.841241, 1.051824; 1, 23, 1, 0; 0.603385772075; 1, 0, 1; 1, 0, 0; 2, 1, 2 ;
0,9; -1.616718, 0.863004, 1.065639 / -1.616718, 0.863004, 1.065639 / -1.616718, 0.863004, 1.065639; 1, 23, 1, 0; 0.603468790229; 1, 0, 1; 1, 0, 0; 3, 1, 2 ;
0,9; -1.589241, 0.866114, 1.079952 / -1.589241, 0.866114, 1.079952 / -1.589241, 0.866114, 1.079952; 1, 23, 1, 0; 0.603477429024; 1, 0, 1; 1, 0, 0; 2, 1, 2 ;
0,9; -1.059847, 1.098492, 1.361517 / -1.059847, 1.098492, 1.361517 / -1.059847, 1.098492, 1.361517; 1, 26, 1, 0; 0.771007655051; 0, 1, 0; 0, 1, 0; 1, 1, 1 ;
0,9; -1.062925, 1.101276, 1.366484 / -1.062925, 1.101276, 1.366484 / -1.062925, 1.101276, 1.366484; 1, 26, 1, 0; 0.771009266641; 1, 0, 1; 0, 1, 0; 4, 1, 2 ;
0,9; -1.064578, 1.103482, 1.364341 / -1.064578, 1.103482, 1.364341 / -1.064578, 1.103482, 1.364341; 1, 26, 1, 0; 0.771010243882; 1, 0, 1; 0, 1, 0; 1, 1, 2 ;
0,9; -1.064290, 1.100577, 1.363175 / -1.064290, 1.100577, 1.363175 / -1.064290, 1.100577, 1.363175; 1, 26, 1, 0; 0.771009155201; 1, 0, 1; 1, 0, 0; 2, 1, 0 / 3, 1, 2 / 4, 6, 0 ;
0,9; -1.058955, 1.051485, 1.357490 / -1.058955, 1.051485, 1.357490 / -1.058955, 1.051485, 1.357490; 1, 26, 1, 0; 0.773866658094; 1, 0, 1; 1, 0, 0; 1, 4, 0 / 2, 1, 2 / 2, 3, 0 / 2, 4, 0 ;
0,9; -1.059564, 1.054382, 1.357564 / -1.059564, 1.054382, 1.357564 / -1.059564, 1.054382, 1.357564; 1, 26, 1, 0; 0.773867635335; 1, 0, 1; 1, 0, 0; 2, 1, 2 / 4, 4, 0 ;
0,9; -1.054088, 1.070529, 1.356359 / -1.054088, 1.070529, 1.356359 / -1.054088, 1.070529, 1.356359; 1, 26, 1, 0; 0.773870695641; 1, 0, 1; 1, 0, 0; 3, 1, 2 ;
0,9; -0.477187, 1.333543, 1.655355 / -0.476747, 1.333726, 1.655569 / -0.477627, 1.333360, 1.655142; 1, 27, 1, 0; 0.393393510947; 0, 1, 0; 1, 1, 0; 1, 8, 0 / 3, 1, 3 / 4, 2, 1 ;
0,9; -0.213488, 1.444592, 1.792577 / -0.213488, 1.444592, 1.792577 / -0.213488, 1.444592, 1.792577; 1, 27, 1, 0; 0.389204642562; 1, 0, 1; 0, 1, 0; 4, 1, 2 ;
0,9; -0.186460, 1.427149, 1.834946 / -0.186460, 1.427149, 1.834946 / -0.186460, 1.427149, 1.834946; 1, 27, 1, 0; 0.390111155926; 0, 1, 0; 0, 1, 0; 4, 1, 1 ;
0,9; -0.489873, 1.328803, 1.649455 / -0.489873, 1.328803, 1.649455 / -0.489873, 1.328803, 1.649455; 1, 27, 1, 0; 0.393410583525; 1, 0, 1; 0, 1, 0; 4, 1, 2 ;
0,9; -0.210697, 1.445987, 1.794423 / -0.210697, 1.445987, 1.794423 / -0.210697, 1.445987, 1.794423; 1, 27, 1, 0; 0.389206235635; 1, 0, 1; 1, 0, 0; 3, 1, 2 ;
0,9; -0.476696, 1.330421, 1.653871 / -0.476696, 1.330421, 1.653871 / -0.476696, 1.330421, 1.653871; 1, 27, 1, 0; 0.393393731951; 1, 0, 1; 1, 0, 0; 2, 1, 2 ;
0,9; -0.130318, 1.399663, 1.979083 / -0.130318, 1.399663, 1.979083 / -0.130318, 1.399663, 1.979083; 1, 29, 1, 0; 0.917466918770; 1, 0, 1; 1, 0, 0; 3, 1, 2 ;
0,9; 0.414970, 1.711814, 2.116070 / 0.414970, 1.711814, 2.116070 / 0.414970, 1.711814, 2.116070; 1, 30, 1, 0; 0.924052333805; 1, 0, 1; 0, 1, 0; 1, 1, 2 ;
0,9; 0.443980, 1.723798, 2.130811 / 0.443980, 1.723798, 2.130811 / 0.443980, 1.723798, 2.130811; 1, 30, 1, 0; 0.925063756376; 0, 1, 0; 0, 1, 0; 1, 5, 0 / 4, 1, 1 ;
0,9; 0.351599, 1.685012, 2.081451 / 0.351599, 1.685012, 2.081451 / 0.351599, 1.685012, 2.081451; 1, 30, 1, 0; 0.923042859481; 1, 0, 1; 1, 0, 0; 3, 1, 2 ;
0,9; 0.266130, 1.648841, 2.043359 / 0.266130, 1.648841, 2.043359 / 0.266130, 1.648841, 2.043359; 1, 30, 1, 0; 0.928659401654; 1, 0, 1; 1, 0, 0; 3, 1, 2 ;
0,9; 0.268243, 1.649024, 2.039841 / 0.268243, 1.649024, 2.039841 / 0.268243, 1.649024, 2.039841; 1, 30, 1, 0; 0.928659557514; 1, 0, 1; 1, 0, 0; 2, 1, 2 ;
0,9; 0.790791, 1.872201, 2.308466 / 0.790791, 1.872201, 2.308466 / 0.790791, 1.872201, 2.308466; 1, 31, 1, 0; 0.491805421530; 1, 0, 1; 0, 1, 0; 4, 1, 2 ;
0,9; 1.324811, 2.095861, 2.595783 / 1.324811, 2.095861, 2.595783 / 1.324811, 2.095861, 2.595783; 1, 38, 1, 0; 0.672554648322; 1, 0, 1; 1, 0, 0; 3, 1, 2 ;
0,9; 2.153090, 2.444413, 3.016087 / 2.153488, 2.444601, 3.016762 / 2.152693, 2.444224, 3.015412; 1, 40, 1, 0; 0.026606537797; 2, 2, 1; 2, 1, 0; 1, 7, 1 / 2, 7, 1 / 3, 1, 2 ;
0,9; 2.151841, 2.444267, 3.003867 / 2.151841, 2.444267, 3.003867 / 2.151841, 2.444267, 3.003867; 1, 40, 1, 0; 0.026578563571; 1, 0, 1; 0, 1, 0; 4, 1, 2 ;
0,9; 2.150229, 2.446561, 3.005780 / 2.150229, 2.446561, 3.005780 / 2.150229, 2.446561, 3.005780; 1, 40, 1, 0; 0.026578956467; 0, 1, 0; 0, 1, 0; 1, 1, 1 ;
0,9; 2.156327, 2.449680, 3.014231 / 2.156861, 2.449906, 3.014506 / 2.155793, 2.449453, 3.013955; 1, 40, 1, 0; 0.026604196134; 0, 2, 0; 2, 0, 0; 2, 3, 1 / 3, 1, 1 ;
0,9; 2.154468, 2.451626, 3.003926 / 2.154468, 2.451626, 3.003926 / 2.154468, 2.451626, 3.003926; 1, 40, 1, 0; 0.026576253340; 1, 0, 1; 1, 0, 0; 3, 1, 2 ;
0,9; 2.158330, 2.446774, 3.022627 / 2.158330, 2.446774, 3.022627 / 2.158330, 2.446774, 3.022627; 1, 40, 1, 0; 0.026605296244; 1, 0, 1; 1, 0, 0; 3, 1, 2 ;
0,9; 2.151259, 2.445657, 3.016564 / 2.151259, 2.445657, 3.016564 / 2.151259, 2.445657, 3.016564; 1, 40, 1, 0; 0.026606883545; 1, 0, 1; 1, 0, 0; 3, 1, 2 ;
