1,0; -0.933332, -4.34396, 0.532723 / -0.933332, -4.34396, 0.532723 / -0.933332, -4.34396, 0.532723; 1, 18, 1, 0; 0.106467042731; 0, 1, 0; 0, 1, 0; 1, 1, 1 / 1, 3, 0 / 2, 2, 0 / 4, 4, 0 ;
0,0; -0.945032, -4.336056, 0.532162 / -0.945032, -4.336056, 0.532162 / -0.945032, -4.336056, 0.532162; 1, 18, 1, 0; 0.106464908537; 1, 0, 1; 1, 0, 0; 2, 1, 2 ;
0,0; -0.935329, -4.341424, 0.534306 / -0.935329, -4.341424, 0.534306 / -0.935329, -4.341424, 0.534306; 1, 18, 1, 0; 0.106466156971; 1, 0, 1; 1, 0, 0; 2, 1, 2 ;
0,0; -0.931182, -4.346222, 0.527246 / -0.931182, -4.346222, 0.527246 / -0.931182, -4.346222, 0.527246; 1, 18, 1, 0; 0.106467398430; 1, 0, 1; 1, 0, 0; 2, 1, 2 ;
0,0; -0.934504, -4.342450, 0.537279 / -0.934504, -4.342450, 0.537279 / -0.934504, -4.342450, 0.537279; 1, 18, 1, 0; 0.106479003987; 0, 0, 0; 1, 0, 0; 2, 1, 3 ;
1,1; -1.73809, 3.08121, -1.33909 / -1.73801, 3.0818, -1.33877 / -1.73817, 3.08063, -1.33941; 1, 7, 1, 0; 0.309996747738; 1, 0, 2; 1, 1, 0; 2, 1, 2 / 4, 1, 2 ;
0,1; -1.722893, 3.213500, -1.352278 / -1.722893, 3.213500, -1.352278 / -1.722893, 3.213500, -1.352278; 1, 7, 1, 0; 0.288146435654; 1, 0, 1; 0, 1, 0; 4, 1, 2 ;
0,1; -1.736915, 3.083011, -1.339458 / -1.736915, 3.083011, -1.339458 / -1.736915, 3.083011, -1.339458; 1, 7, 1, 0; 0.309997366486; 0, 1, 0; 1, 0, 0; 2, 1, 1 ;
0,1; -2.243020, -1.797138, -0.810602 / -2.242947, -1.796479, -0.810220 / -2.243092, -1.797797, -0.810985; 1, 9, 1, 0; 0.470787245500; 1, 0, 2; 2, 0, 0; 1, 5, 0 / 3, 1, 2 / 3, 10, 2 ;
0,1; -2.251979, -1.881316, -0.802812 / -2.251979, -1.881316, -0.802812 / -2.251979, -1.881316, -0.802812; 1, 9, 1, 0; 0.492989437214; 1, 0, 1; 1, 0, 0; 2, 1, 2 ;
0,1; -2.386617, -3.218966, -0.661388 / -2.386617, -3.218966, -0.661388 / -2.386617, -3.218966, -0.661388; 1, 9, 1, 0; 0.641353859829; 1, 0, 1; 1, 0, 0; 2, 9, 0 / 3, 1, 2 ;
0,1; -2.069474, -0.127532, -0.991670 / -2.069474, -0.127532, -0.991670 / -2.069474, -0.127532, -0.991670; 1, 10, 1, 0; 0.184926434649; 1, 0, 1; 0, 1, 0; 4, 1, 2 ;
0,1; -2.070785, -0.140383, -0.991184 / -2.070709, -0.140311, -0.991153 / -2.070862, -0.140456, -0.991216; 1, 10, 1, 0; 0.184916723979; 1, 0, 2; 2, 0, 0; 2, 1, 2 / 3, 2, 2 ;
0,1; -2.065818, -0.124067, -0.989083 / -2.065818, -0.124067, -0.989083 / -2.065818, -0.124067, -0.989083; 1, 10, 1, 0; 0.184927424099; 1, 0, 1; 1, 0, 0; 2, 1, 2 ;
0,1; -2.042055, 0.132589, -1.020069 / -2.042055, 0.132589, -1.020069 / -2.042055, 0.132589, -1.020069; 1, 10, 1, 0; 0.224406470464; 1, 0, 1; 1, 0, 0; 1, 4, 0 / 3, 1, 2 ;
0,1; -2.044062, 0.134803, -1.017027 / -2.044062, 0.134803, -1.017027 / -2.044062, 0.134803, -1.017027; 1, 10, 1, 0; 0.224406562380; 1, 0, 1; 1, 0, 0; 2, 1, 2 ;
0,1; -1.949705, 1.075412, -1.107401 / -1.948868, 1.075744, -1.107114 / -1.950542, 1.075080, -1.107688; 1, 14, 1, 0; 0.067368408419; 1, 0, 2; 2, 0, 0; 2, 1, 2 / 2, 8, 2 ;
0,1; -1.946889, 1.053438, -1.120964 / -1.946889, 1.053438, -1.120964 / -1.946889, 1.053438, -1.120964; 1, 14, 1, 0; 0.067365454002; 0, 1, 0; 1, 0, 0; 3, 1, 1 ;
1,2; 1.40868, 2.96462, -0.254653 / 1.40957, 2.96478, -0.253895 / 1.40778, 2.96447, -0.255411; 1, 20, 1, 0; 0.079763401625; 0, 2, 0; 1, 2, 0; 1, 1, 1 / 1, 4, 3 / 1, 5, 0 / 2, 4, 1 ;
0,2; 1.409054, 2.959820, -0.256348 / 1.409054, 2.959820, -0.256348 / 1.409054, 2.959820, -0.256348; 1, 20, 1, 0; 0.079762143392; 1, 0, 1; 1, 0, 0; 3, 1, 2 ;
0,2; 1.408645, 2.965060, -0.253476 / 1.409569, 2.965496, -0.252558 / 1.407720, 2.964624, -0.254393; 1, 20, 1, 0; 0.079763423319; 1, 0, 1; 2, 1, 0; 1, 1, 3 / 1, 2, 0 / 2, 1, 1 / 2, 9, 2 ;
0,2; 1.410031, 2.967850, -0.254590 / 1.410031, 2.967850, -0.254590 / 1.410031, 2.967850, -0.254590; 1, 20, 1, 0; 0.079764298297; 1, 0, 1; 1, 0, 0; 3, 1, 2 ;
0,2; 1.407030, 2.958385, -0.250096 / 1.407030, 2.958385, -0.250096 / 1.407030, 2.958385, -0.250096; 1, 20, 1, 0; 0.079774899269; 1, 0, 1; 1, 0, 0; 3, 1, 2 ;
1,3; 3.43712, 1.55927, -2.37411 / 3.43712, 1.55927, -2.37411 / 3.43712, 1.55927, -2.37411; 1, 4, 1, 0; 0.350701946751; 1, 0, 1; 0, 1, 0; 1, 1, 2 / 1, 10, 0 ;
0,3; 3.437343, 1.572105, -2.365390 / 3.437343, 1.572105, -2.365390 / 3.437343, 1.572105, -2.365390; 1, 4, 1, 0; 0.350708486966; 1, 0, 1; 1, 0, 0; 3, 1, 2 ;
0,3; 3.311973, 1.286161, -2.314308 / 3.311973, 1.286161, -2.314308 / 3.311973, 1.286161, -2.314308; 1, 4, 1, 0; 0.398763782605; 1, 0, 1; 1, 0, 0; 2, 1, 2 ;
0,3; 1.774317, -2.266918, -1.691363 / 1.774339, -2.266432, -1.690927 / 1.774294, -2.267403, -1.691799; 1, 8, 1, 0; 0.267875874045; 2, 1, 1; 1, 1, 0; 2, 5, 1 / 4, 1, 2 ;
0,3; 1.775671, -2.263566, -1.691463 / 1.775671, -2.263566, -1.691463 / 1.775671, -2.263566, -1.691463; 1, 8, 1, 0; 0.267875255297; 0, 1, 0; 1, 0, 0; 3, 1, 1 ;
0,3; 1.812367, -2.177762, -1.708755 / 1.812367, -2.177762, -1.708755 / 1.812367, -2.177762, -1.708755; 1, 8, 1, 0; 0.268826603299; 1, 0, 1; 1, 0, 0; 2, 1, 2 ;
0,3; 1.367034, -3.206851, -1.525409 / 1.367034, -3.206851, -1.525409 / 1.367034, -3.206851, -1.525409; 1, 8, 1, 0; 0.505518316474; 1, 0, 1; 1, 0, 0; 2, 1, 2 / 3, 1, 0 ;
1,4; -1.27076, -2.80798, -2.88938 / -1.27076, -2.80798, -2.88938 / -1.27076, -2.80798, -2.88938; 1, 5, 1, 0; 0.207857647660; 1, 0, 1; 1, 0, 0; 2, 1, 2 ;
0,4; -0.573373, -2.623073, -1.640882 / -0.573373, -2.623073, -1.640882 / -0.573373, -2.623073, -1.640882; 1, 8, 1, 0; 0.289339023769; 1, 0, 1; 0, 1, 0; 1, 1, 2 ;
0,4; -0.572501, -2.622744, -1.642364 / -0.572501, -2.622744, -1.642364 / -0.572501, -2.622744, -1.642364; 1, 8, 1, 0; 0.289339080019; 1, 0, 1; 0, 1, 0; 1, 1, 2 ;
0,4; -0.575173, -2.610822, -1.641084 / -0.575173, -2.610822, -1.641084 / -0.575173, -2.610822, -1.641084; 1, 8, 1, 0; 0.289348146466; 1, 0, 1; 1, 0, 0; 2, 1, 2 ;
0,4; 1.242848, -2.146221, 1.619947 / 1.243141, -2.145650, 1.620732 / 1.242554, -2.146793, 1.619162; 1, 22, 1, 0; 0.963438382198; 2, 1, 1; 1, 1, 0; 3, 1, 2 / 4, 7, 1 ;
0,4; 1.243594, -2.145516, 1.619973 / 1.244047, -2.145382, 1.620785 / 1.243141, -2.145650, 1.619162; 1, 22, 1, 0; 0.963438425853; 1, 0, 1; 1, 1, 0; 2, 10, 2 / 3, 6, 0 / 3, 10, 0 / 4, 1, 1 ;
0,4; 1.455958, -2.093551, 2.002802 / 1.455958, -2.093551, 2.002802 / 1.455958, -2.093551, 2.002802; 1, 32, 1, 0; 0.206873267767; 1, 0, 1; 1, 0, 0; 2, 1, 2 ;
0,4; 1.411222, -2.101503, 1.920765 / 1.411222, -2.101503, 1.920765 / 1.411222, -2.101503, 1.920765; 1, 32, 1, 0; 0.206962837138; 0, 1, 0; 1, 0, 0; 3, 1, 1 ;
0,4; 1.410596, -2.100874, 1.924181 / 1.410596, -2.100874, 1.924181 / 1.410596, -2.100874, 1.924181; 1, 32, 1, 0; 0.206962991359; 1, 0, 1; 1, 0, 0; 3, 1, 2 ;
0,4; 1.484849, -2.082161, 2.052884 / 1.484849, -2.082161, 2.052884 / 1.484849, -2.082161, 2.052884; 1, 32, 1, 0; 0.209073384975; 0, 1, 0; 1, 0, 0; 2, 1, 1 / 4, 5, 0 ;
1,5; -1.62781, 0.842595, -2.36346 / -1.62717, 0.842874, -2.36316 / -1.62844, 0.842316, -2.36375; 1, 6, 1, 0; 0.271253390263; 0, 3, 0; 1, 2, 1; 1, 4, 1 / 3, 1, 1 / 4, 1, 1 ;
0,5; -1.544168, 0.014174, -0.826128 / -1.544168, 0.014174, -0.826128 / -1.544168, 0.014174, -0.826128; 1, 10, 1, 0; 0.328354063126; 1, 0, 1; 0, 1, 0; 1, 1, 2 ;
0,5; -1.462991, -0.757102, 0.637054 / -1.462493, -0.757023, 0.637360 / -1.463490, -0.757182, 0.636748; 1, 21, 1, 0; 0.339687079819; 2, 1, 1; 1, 1, 0; 1, 4, 0 / 3, 1, 2 / 4, 3, 1 / 4, 9, 0 ;
0,5; -1.465012, -0.828775, 0.750846 / -1.465012, -0.828775, 0.750846 / -1.465012, -0.828775, 0.750846; 1, 21, 1, 0; 0.341499387373; 1, 0, 1; 0, 1, 0; 4, 1, 2 ;
0,5; -1.487795, -0.603094, 0.320884 / -1.487795, -0.603094, 0.320884 / -1.487795, -0.603094, 0.320884; 1, 21, 1, 0; 0.071637694193; 1, 0, 1; 1, 0, 0; 3, 1, 2 ;
0,5; -1.462351, -0.757091, 0.639491 / -1.462351, -0.757091, 0.639491 / -1.462351, -0.757091, 0.639491; 1, 21, 1, 0; 0.339686192164; 1, 0, 1; 1, 0, 0; 3, 1, 2 / 4, 10, 0 ;
0,5; -1.465309, -0.759722, 0.635387 / -1.465309, -0.759722, 0.635387 / -1.465309, -0.759722, 0.635387; 1, 21, 1, 0; 0.339687210785; 1, 0, 1; 1, 0, 0; 3, 1, 2 ;
0,5; -1.455503, -0.851556, 0.805645 / -1.455503, -0.851556, 0.805645 / -1.455503, -0.851556, 0.805645; 1, 21, 1, 0; 0.341561392250; 1, 0, 1; 1, 0, 0; 3, 1, 2 ;
0,5; -1.399961, -1.463699, 1.961891 / -1.399961, -1.463699, 1.961891 / -1.399961, -1.463699, 1.961891; 1, 30, 1, 0; 0.387211143192; 1, 0, 1; 1, 0, 0; 3, 1, 2 ;
0,5; -1.380584, -1.622287, 2.221048 / -1.380584, -1.622287, 2.221048 / -1.380584, -1.622287, 2.221048; 1, 34, 1, 0; 0.161039716217; 1, 0, 1; 1, 0, 0; 2, 1, 2 ;
1,6; -3.91492, 1.64928, 1.69558 / -3.91492, 1.64928, 1.69558 / -3.91492, 1.64928, 1.69558; 1, 24, 1, 0; 0.923672308118; 1, 0, 1; 1, 0, 0; 3, 1, 2 ;
0,6; -1.671296, 1.869513, 0.719458 / -1.671296, 1.869513, 0.719458 / -1.671296, 1.869513, 0.719458; 1, 25, 1, 0; 0.640844593031; 1, 0, 1; 0, 1, 0; 1, 1, 2 ;
1,7; 3.95741, 0.0911984, 1.98449 / 3.95766, 0.0913851, 1.98513 / 3.95717, 0.0910116, 1.98385; 1, 28, 1, 0; 0.741081051465; 2, 1, 1; 2, 0, 0; 1, 1, 0 / 2, 1, 1 / 3, 5, 2 / 4, 7, 0 ;
0,7; 3.952937, 0.088337, 1.986983 / 3.952937, 0.088337, 1.986983 / 3.952937, 0.088337, 1.986983; 1, 28, 1, 0; 0.741081318511; 1, 0, 1; 1, 0, 0; 3, 1, 2 ;
0,7; 3.956451, 0.095538, 1.981202 / 3.956451, 0.095538, 1.981202 / 3.956451, 0.095538, 1.981202; 1, 28, 1, 0; 0.741082478784; 1, 0, 1; 1, 0, 0; 3, 1, 2 / 4, 3, 0 ;
1,8; 0.984511, 2.62116, -0.695881 / 0.984511, 2.62116, -0.695881 / 0.984511, 2.62116, -0.695881; 1, 12, 1, 0; 0.246067772346; 0, 1, 0; 1, 0, 0; 2, 1, 1 ;
0,8; 0.623425, 2.351426, -0.511429 / 0.623927, 2.351553, -0.511317 / 0.622922, 2.351300, -0.511541; 1, 13, 1, 0; 0.491100040254; 2, 1, 1; 2, 0, 0; 2, 1, 1 / 2, 4, 2 ;
0,8; -1.465250, 0.802279, 0.556697 / -1.465250, 0.802279, 0.556697 / -1.465250, 0.802279, 0.556697; 1, 17, 1, 0; 0.803630202623; 1, 0, 1; 0, 1, 0; 4, 1, 2 ;
0,8; -0.562434, 1.470808, 0.091441 / -0.562434, 1.470808, 0.091441 / -0.562434, 1.470808, 0.091441; 1, 17, 1, 0; 0.660936639522; 1, 0, 1; 1, 0, 0; 2, 1, 2 ;
0,8; -0.567751, 1.465302, 0.100929 / -0.567751, 1.465302, 0.100929 / -0.567751, 1.465302, 0.100929; 1, 17, 1, 0; 0.660948349695; 1, 0, 1; 1, 0, 0; 3, 1, 2 ;
0,8; -3.926929, -1.026026, 1.818159 / -3.926929, -1.026026, 1.818159 / -3.926929, -1.026026, 1.818159; 1, 24, 1, 0; 0.719869442609; 0, 1, 0; 1, 0, 0; 3, 1, 1 ;
0,8; -3.530628, -0.731795, 1.615432 / -3.530628, -0.731795, 1.615432 / -3.530628, -0.731795, 1.615432; 1, 24, 1, 0; 0.730433306877; 0, 1, 0; 1, 0, 0; 3, 1, 1 ;
1,9; 0.933003, -3.66129, 2.04432 / 0.933003, -3.66129, 2.04432 / 0.933003, -3.66129, 2.04432; 1, 32, 1, 0; 0.617333892935; 0, 1, 0; 1, 0, 0; 2, 1, 1 ;
0,9; 0.944079, -3.660872, 2.025727 / 0.944079, -3.660872, 2.025727 / 0.944079, -3.660872, 2.025727; 1, 32, 1, 0; 0.617339544035; 1, 0, 1; 1, 0, 0; 3, 1, 2 ;
