1,0; 0.795777, 3.4951, 0.103155 / 0.795777, 3.4951, 0.103155 / 0.795777, 3.4951, 0.103155; 1, 17, 1, 0; 0.460639672589; 1, 0, 1; 0, 1, 0; 1, 1, 2 ;
0,0; 0.798350, 3.500263, 0.101894 / 0.798350, 3.500263, 0.101894 / 0.798350, 3.500263, 0.101894; 1, 17, 1, 0; 0.460638417181; 1, 0, 1; 1, 0, 0; 2, 1, 2 ;
0,0; 0.464937, 3.582623, 0.341594 / 0.464937, 3.582623, 0.341594 / 0.464937, 3.582623, 0.341594; 1, 25, 1, 0; 0.185586635806; 0, 1, 0; 0, 1, 0; 4, 1, 1 ;
1,1; 0.474256, 1.13473, 0.36547 / 0.474256, 1.13473, 0.36547 / 0.474256, 1.13473, 0.36547; 1, 17, 1, 0; 0.871120487154; 1, 0, 1; 1, 0, 0; 3, 1, 2 ;
0,1; -0.261572, 2.876802, 1.456736 / -0.261572, 2.876802, 1.456736 / -0.261572, 2.876802, 1.456736; 1, 29, 1, 0; 0.162643079243; 1, 0, 1; 1, 0, 0; 2, 1, 2 ;
0,1; -0.388121, 3.158783, 1.639695 / -0.388121, 3.158783, 1.639695 / -0.388121, 3.158783, 1.639695; 1, 29, 1, 0; 0.439067919779; 1, 0, 1; 1, 0, 0; 1, 4, 0 / 3, 1, 2 ;
1,2; 0.754308, -0.447498, -2.75093 / 0.754308, -0.447498, -2.75093 / 0.754308, -0.447498, -2.75093; 1, 2, 1, 0; 0.946377199561; 1, 0, 1; 1, 0, 0; 3, 1, 2 ;
0,2; -0.389800, 1.602022, -0.451851 / -0.389800, 1.602022, -0.451851 / -0.389800, 1.602022, -0.451851; 1, 13, 1, 0; 0.428930125575; 1, 0, 1; 1, 0, 0; 2, 1, 2 ;
0,2; -0.847337, 2.430153, 0.477075 / -0.847337, 2.430153, 0.477075 / -0.847337, 2.430153, 0.477075; 1, 25, 1, 0; 0.053045064506; 1, 0, 1; 1, 0, 0; 2, 1, 2 ;
1,3; -0.229517, -3.25715, 0.5572 / -0.229517, -3.25715, 0.5572 / -0.229517, -3.25715, 0.5572; 1, 18, 1, 0; 0.232586776640; 1, 0, 1; 0, 1, 0; 1, 1, 2 ;
0,3; -0.220616, -3.261679, 0.558195 / -0.220616, -3.261679, 0.558195 / -0.220616, -3.261679, 0.558195; 1, 18, 1, 0; 0.232587348549; 1, 0, 1; 0, 1, 0; 1, 1, 2 ;
0,3; -0.211036, -3.263644, 0.549610 / -0.211036, -3.263644, 0.549610 / -0.211036, -3.263644, 0.549610; 1, 18, 1, 0; 0.232590152295; 1, 0, 1; 0, 1, 0; 4, 1, 2 ;
0,3; -0.224578, -3.257250, 0.556010 / -0.224054, -3.256925, 0.556028 / -0.225103, -3.257575, 0.555993; 1, 18, 1, 0; 0.232587515937; 1, 0, 2; 2, 0, 0; 2, 3, 2 / 3, 1, 2 ;
0,3; -0.215333, -3.264096, 0.548662 / -0.215216, -3.264067, 0.549181 / -0.215451, -3.264125, 0.548143; 1, 18, 1, 0; 0.232589147968; 1, 0, 2; 2, 0, 0; 2, 1, 2 / 2, 4, 2 ;
0,3; -0.214473, -3.269737, 0.553747 / -0.214473, -3.269737, 0.553747 / -0.214473, -3.269737, 0.553747; 1, 18, 1, 0; 0.232577012350; 1, 0, 1; 1, 0, 0; 3, 1, 2 ;
0,3; -0.211810, -3.263406, 0.548483 / -0.211810, -3.263406, 0.548483 / -0.211810, -3.263406, 0.548483; 1, 18, 1, 0; 0.232590082550; 0, 1, 0; 1, 0, 0; 3, 1, 1 / 4, 1, 0 ;
0,3; -0.177276, -3.237944, 0.614471 / -0.177276, -3.237944, 0.614471 / -0.177276, -3.237944, 0.614471; 1, 18, 1, 0; 0.233309745598; 1, 0, 1; 1, 0, 0; 2, 1, 2 ;
0,3; -0.078800, -3.177794, 0.741257 / -0.078800, -3.177794, 0.741257 / -0.078800, -3.177794, 0.741257; 1, 18, 1, 0; 0.690760770709; 0, 1, 0; 1, 0, 0; 3, 1, 1 ;
0,3; 1.290324, -2.275611, 2.572798 / 1.290324, -2.275611, 2.572798 / 1.290324, -2.275611, 2.572798; 1, 34, 1, 0; 0.245497356992; 1, 0, 1; 1, 0, 0; 2, 1, 2 ;
1,4; 0.427819, -0.952567, 0.172027 / 0.427819, -0.952567, 0.172027 / 0.427819, -0.952567, 0.172027; 1, 16, 1, 0; 0.849146153455; 0, 1, 0; 0, 1, 0; 1, 1, 1 ;
0,4; 0.429841, -0.953676, 0.168578 / 0.429841, -0.953676, 0.168578 / 0.429841, -0.953676, 0.168578; 1, 16, 1, 0; 0.849133783914; 1, 0, 1; 1, 0, 0; 3, 1, 2 ;
0,4; 3.111401, -2.107027, 1.115228 / 3.111401, -2.107027, 1.115228 / 3.111401, -2.107027, 1.115228; 1, 22, 1, 0; 0.228744077450; 1, 0, 1; 0, 1, 0; 4, 1, 2 ;
0,4; 3.107358, -2.103057, 1.112825 / 3.107358, -2.103057, 1.112825 / 3.107358, -2.103057, 1.112825; 1, 22, 1, 0; 0.228745416208; 1, 0, 1; 1, 0, 0; 2, 1, 2 ;
1,5; -2.35678, -1.09673, 0.182394 / -2.35678, -1.09673, 0.182394 / -2.35678, -1.09673, 0.182394; 1, 14, 1, 0; 0.957777835225; 1, 0, 1; 0, 1, 0; 4, 1, 2 ;
0,5; -2.100045, -0.873632, 0.460087 / -2.100045, -0.873632, 0.460087 / -2.100045, -0.873632, 0.460087; 1, 21, 1, 0; 0.130689373170; 1, 0, 1; 0, 1, 0; 1, 1, 2 ;
0,5; -2.094521, -0.870807, 0.451453 / -2.094521, -0.870807, 0.451453 / -2.094521, -0.870807, 0.451453; 1, 21, 1, 0; 0.130688783825; 1, 0, 1; 1, 0, 0; 2, 1, 2 ;
1,6; -0.980481, 1.6576, -1.67504 / -0.980481, 1.6576, -1.67504 / -0.980481, 1.6576, -1.67504; 1, 6, 1, 0; 0.662651139334; 1, 0, 1; 1, 0, 0; 3, 1, 2 ;
0,6; -0.522850, 1.792280, -1.671709 / -0.522850, 1.792280, -1.671709 / -0.522850, 1.792280, -1.671709; 1, 7, 1, 0; 0.038164865139; 1, 0, 1; 1, 0, 0; 2, 1, 2 ;
0,6; -0.902310, 1.695989, -1.672097 / -0.902310, 1.695989, -1.672097 / -0.902310, 1.695989, -1.672097; 1, 7, 1, 0; 0.039353628266; 1, 0, 1; 1, 0, 0; 3, 1, 2 ;
0,6; 1.012933, 2.260925, -1.643070 / 1.012933, 2.260925, -1.643070 / 1.012933, 2.260925, -1.643070; 1, 7, 1, 0; 0.062202369447; 1, 0, 1; 1, 0, 0; 2, 1, 2 ;
0,6; 1.950494, 2.551519, -1.633434 / 1.950494, 2.551519, -1.633434 / 1.950494, 2.551519, -1.633434; 1, 11, 1, 0; 0.186112396607; 1, 0, 1; 1, 0, 0; 3, 1, 2 ;
1,7; 1.55754, -1.17834, 0.808617 / 1.55754, -1.17834, 0.808617 / 1.55754, -1.17834, 0.808617; 1, 19, 1, 0; 0.773354043555; 1, 0, 1; 0, 1, 0; 1, 7, 0 / 4, 1, 2 ;
0,7; 0.993610, -0.815336, 1.457437 / 0.993610, -0.815336, 1.457437 / 0.993610, -0.815336, 1.457437; 1, 23, 1, 0; 0.878891514767; 0, 1, 0; 0, 1, 0; 4, 1, 1 ;
0,7; -0.857657, 0.374637, 3.576137 / -0.857657, 0.374637, 3.576137 / -0.857657, 0.374637, 3.576137; 1, 44, 1, 0; 0.885304181078; 1, 0, 1; 1, 0, 0; 2, 1, 2 ;
0,7; -1.051861, 0.496416, 3.803759 / -1.051861, 0.496416, 3.803759 / -1.051861, 0.496416, 3.803759; 1, 46, 1, 0; 0.249375073471; 0, 1, 0; 0, 1, 0; 4, 1, 1 ;
0,7; -1.052480, 0.495779, 3.804352 / -1.052480, 0.495779, 3.804352 / -1.052480, 0.495779, 3.804352; 1, 46, 1, 0; 0.249375136671; 0, 1, 0; 0, 1, 0; 4, 1, 1 ;
0,7; -1.465652, 0.762757, 4.279036 / -1.465652, 0.762757, 4.279036 / -1.465652, 0.762757, 4.279036; 1, 46, 1, 0; 0.599501051024; 1, 0, 1; 0, 1, 0; 1, 1, 2 ;
0,7; -1.046647, 0.497021, 3.799564 / -1.046647, 0.497021, 3.799564 / -1.046647, 0.497021, 3.799564; 1, 46, 1, 0; 0.249364139784; 1, 0, 1; 1, 0, 0; 3, 1, 2 ;
0,7; -1.050648, 0.497280, 3.802861 / -1.050648, 0.497280, 3.802861 / -1.050648, 0.497280, 3.802861; 1, 46, 1, 0; 0.249375003950; 0, 1, 0; 1, 0, 0; 2, 1, 1 ;
1,8; -0.713183, 1.59475, -2.32262 / -0.713183, 1.59475, -2.32262 / -0.713183, 1.59475, -2.32262; 1, 4, 1, 0; 0.374825489509; 0, 0, 0; 1, 0, 0; 2, 1, 3 ;
0,8; -3.630282, -0.103065, -1.283889 / -3.630282, -0.103065, -1.283889 / -3.630282, -0.103065, -1.283889; 1, 6, 1, 0; 0.995082684687; 1, 0, 1; 0, 1, 0; 1, 1, 2 ;
0,8; -1.480767, 1.141221, -2.051255 / -1.480767, 1.141221, -2.051255 / -1.480767, 1.141221, -2.051255; 1, 6, 1, 0; 0.406241402430; 1, 0, 1; 1, 0, 0; 3, 1, 2 ;
0,8; -4.092256, -0.366252, -1.114405 / -4.092256, -0.366252, -1.114405 / -4.092256, -0.366252, -1.114405; 1, 10, 1, 0; 0.157116287972; 1, 0, 1; 1, 0, 0; 2, 1, 2 ;
0,8; -3.886329, -0.250422, -1.190408 / -3.886329, -0.250422, -1.190408 / -3.886329, -0.250422, -1.190408; 1, 10, 1, 0; 0.197948280411; 1, 0, 1; 1, 0, 0; 2, 1, 2 ;
1,9; 3.19707, -0.104635, -0.245761 / 3.19707, -0.104635, -0.245761 / 3.19707, -0.104635, -0.245761; 1, 19, 1, 0; 0.059691675127; 1, 0, 1; 1, 0, 0; 2, 1, 2 ;
