1,0; -0.829178, -3.61208, -0.734318 / -0.829178, -3.61208, -0.734318 / -0.829178, -3.61208, -0.734318; 1, 9, 1, 0; 0.687312518113; 1, 0, 1; 1, 0, 0; 2, 1, 2 ;
0,0; -1.836899, -3.056936, 1.070052 / -1.836899, -3.056936, 1.070052 / -1.836899, -3.056936, 1.070052; 1, 21, 1, 0; 0.784494415050; 1, 0, 1; 0, 1, 0; 1, 1, 2 ;
0,0; -1.850347, -3.036654, 1.100352 / -1.850347, -3.036654, 1.100352 / -1.850347, -3.036654, 1.100352; 1, 21, 1, 0; 0.784290465422; 1, 0, 1; 1, 0, 0; 3, 1, 2 ;
0,0; -2.035982, -2.947715, 1.434763 / -2.035982, -2.947715, 1.434763 / -2.035982, -2.947715, 1.434763; 1, 21, 1, 0; 0.863683804227; 1, 0, 1; 1, 0, 0; 3, 1, 2 ;
0,0; -2.209852, -2.847234, 1.739643 / -2.209852, -2.847234, 1.739643 / -2.209852, -2.847234, 1.739643; 1, 32, 1, 0; 0.081898725253; 1, 0, 1; 1, 0, 0; 2, 1, 2 ;
0,0; -2.526636, -2.675413, 2.306271 / -2.526636, -2.675413, 2.306271 / -2.526636, -2.675413, 2.306271; 1, 32, 1, 0; 0.961320440455; 1, 0, 1; 1, 0, 0; 1, 1, 0 / 2, 1, 2 ;
1,1; 1.40582, -3.3721, -2.69584 / 1.40582, -3.3721, -2.69584 / 1.40582, -3.3721, -2.69584; 1, 3, 1, 0; 0.475607425944; 0, 1, 0; 1, 0, 0; 2, 1, 1 ;
0,1; 1.921370, -1.978358, -2.261125 / 1.921370, -1.978358, -2.261125 / 1.921370, -1.978358, -2.261125; 1, 3, 1, 0; 0.908361275322; 1, 0, 1; 1, 0, 0; 2, 1, 2 ;
0,1; 1.766769, -2.268757, -2.392069 / 1.766769, -2.268757, -2.392069 / 1.766769, -2.268757, -2.392069; 1, 3, 1, 0; 0.925582357137; 1, 0, 1; 1, 0, 0; 2, 1, 2 ;
0,1; 1.926722, 0.029559, -0.912447 / 1.926722, 0.029559, -0.912447 / 1.926722, 0.029559, -0.912447; 1, 12, 1, 0; 0.439823906108; 1, 0, 1; 1, 0, 0; 3, 1, 2 ;
0,1; -0.750368, 1.673468, -0.497953 / -0.750368, 1.673468, -0.497953 / -0.750368, 1.673468, -0.497953; 1, 13, 1, 0; 0.427711730144; 1, 0, 1; 1, 0, 0; 3, 1, 2 ;
0,1; -0.753161, 1.667248, -0.495411 / -0.753161, 1.667248, -0.495411 / -0.753161, 1.667248, -0.495411; 1, 13, 1, 0; 0.427721590510; 1, 0, 1; 1, 0, 0; 2, 1, 2 / 4, 5, 0 ;
0,1; 1.374366, 1.446840, -0.013219 / 1.374366, 1.446840, -0.013219 / 1.374366, 1.446840, -0.013219; 1, 13, 1, 0; 0.843015905843; 1, 0, 1; 1, 0, 0; 2, 5, 0 / 3, 1, 2 ;
1,2; -4.18509, -1.72374, -0.685223 / -4.18481, -1.72362, -0.68516 / -4.18538, -1.72386, -0.685286; 1, 10, 1, 0; 0.479017448927; 2, 1, 1; 0, 2, 1; 1, 1, 1 / 4, 6, 2 ;
0,2; -4.192254, -1.721227, -0.686540 / -4.192254, -1.721227, -0.686540 / -4.192254, -1.721227, -0.686540; 1, 10, 1, 0; 0.479016800107; 1, 0, 1; 1, 0, 0; 3, 1, 2 ;
0,2; -4.185657, -1.724161, -0.685825 / -4.185384, -1.723864, -0.685160 / -4.185930, -1.724458, -0.686490; 1, 10, 1, 0; 0.479017475961; 0, 1, 0; 1, 1, 0; 3, 6, 1 / 4, 1, 2 ;
0,2; 0.397485, 0.557580, 2.664163 / 0.397605, 0.557786, 2.664732 / 0.397366, 0.557375, 2.663594; 1, 38, 1, 0; 0.958407330529; 1, 0, 2; 2, 0, 0; 2, 1, 2 / 3, 6, 2 ;
0,2; 0.388864, 0.557595, 2.667797 / 0.388930, 0.557636, 2.668427 / 0.388798, 0.557554, 2.667168; 1, 38, 1, 0; 0.958409840984; 2, 1, 1; 2, 0, 0; 2, 1, 0 / 3, 1, 2 / 3, 4, 1 ;
0,2; 0.401682, 0.555916, 2.662185 / 0.401682, 0.555916, 2.662185 / 0.401682, 0.555916, 2.662185; 1, 38, 1, 0; 0.958404651690; 1, 0, 1; 1, 0, 0; 3, 1, 2 ;
0,2; 0.388999, 0.554051, 2.661404 / 0.388999, 0.554051, 2.661404 / 0.388999, 0.554051, 2.661404; 1, 38, 1, 0; 0.958408447988; 1, 0, 1; 1, 0, 0; 3, 1, 2 ;
0,2; 0.396176, 0.559864, 2.663177 / 0.396176, 0.559864, 2.663177 / 0.396176, 0.559864, 2.663177; 1, 38, 1, 0; 0.958409167447; 1, 0, 1; 1, 0, 0; 3, 1, 2 ;
0,2; 0.391717, 0.559030, 2.668700 / 0.391717, 0.559030, 2.668700 / 0.391717, 0.559030, 2.668700; 1, 38, 1, 0; 0.958409641985; 1, 0, 1; 1, 0, 0; 2, 1, 2 ;
0,2; 0.395097, 0.564549, 2.663656 / 0.395097, 0.564549, 2.663656 / 0.395097, 0.564549, 2.663656; 1, 38, 1, 0; 0.958411800364; 1, 0, 1; 1, 0, 0; 3, 1, 2 ;
0,2; 0.403792, 0.570405, 2.666158 / 0.403792, 0.570405, 2.666158 / 0.403792, 0.570405, 2.666158; 1, 38, 1, 0; 0.958418260193; 1, 0, 1; 1, 0, 0; 2, 1, 2 ;
0,2; 1.115489, 0.935691, 3.237840 / 1.115489, 0.935691, 3.237840 / 1.115489, 0.935691, 3.237840; 1, 42, 1, 0; 0.426985935003; 1, 0, 1; 1, 0, 0; 3, 1, 2 ;
1,3; -2.34654, 1.15203, -0.239382 / -2.34654, 1.15203, -0.239382 / -2.34654, 1.15203, -0.239382; 1, 14, 1, 0; 0.442427995317; 1, 0, 1; 0, 1, 0; 4, 1, 2 ;
1,4; 0.859681, 1.79098, 0.438 / 0.859681, 1.79098, 0.438 / 0.859681, 1.79098, 0.438; 1, 17, 1, 0; 0.974858787443; 1, 0, 1; 0, 1, 0; 4, 1, 2 ;
0,4; 1.774916, 2.594675, 0.140636 / 1.775080, 2.595035, 0.140770 / 1.774751, 2.594315, 0.140501; 1, 20, 1, 0; 0.250919233028; 0, 2, 0; 2, 0, 0; 2, 5, 1 / 3, 1, 1 ;
0,4; -0.476468, 0.597488, 0.873112 / -0.476468, 0.597488, 0.873112 / -0.476468, 0.597488, 0.873112; 1, 23, 1, 0; 0.165916466031; 1, 0, 1; 0, 1, 0; 4, 1, 2 ;
0,4; -0.473847, 0.591550, 0.877865 / -0.473847, 0.591550, 0.877865 / -0.473847, 0.591550, 0.877865; 1, 23, 1, 0; 0.165917219801; 1, 0, 1; 0, 1, 0; 1, 2, 0 / 4, 1, 2 ;
0,4; -0.476562, 0.595791, 0.871091 / -0.475398, 0.596393, 0.871606 / -0.477726, 0.595189, 0.870576; 1, 23, 1, 0; 0.165903659331; 0, 2, 0; 2, 0, 0; 2, 3, 0 / 3, 1, 1 / 3, 10, 1 / 4, 1, 0 ;
0,4; -0.475030, 0.594639, 0.871173 / -0.474662, 0.595189, 0.871606 / -0.475398, 0.594089, 0.870740; 1, 23, 1, 0; 0.165903725841; 0, 1, 0; 2, 0, 0; 1, 7, 0 / 2, 7, 1 / 3, 1, 1 ;
0,4; -1.028425, 0.123428, 1.061081 / -1.028425, 0.123428, 1.061081 / -1.028425, 0.123428, 1.061081; 1, 23, 1, 0; 0.516627256322; 1, 0, 1; 1, 0, 0; 3, 1, 2 ;
0,4; -2.877631, -1.503769, 1.666968 / -2.877302, -1.502926, 1.667367 / -2.877961, -1.504612, 1.666570; 1, 24, 1, 0; 0.687349020616; 1, 0, 1; 2, 1, 0; 2, 2, 2 / 3, 8, 3 / 4, 1, 3 ;
0,4; -2.862529, -1.489214, 1.662924 / -2.862529, -1.489214, 1.662924 / -2.862529, -1.489214, 1.662924; 1, 24, 1, 0; 0.687345702551; 1, 0, 1; 0, 1, 0; 4, 1, 2 ;
0,4; -2.915364, -1.539815, 1.680050 / -2.915364, -1.539815, 1.680050 / -2.915364, -1.539815, 1.680050; 1, 24, 1, 0; 0.687290160050; 1, 0, 1; 1, 0, 0; 2, 1, 2 ;
0,4; -2.920250, -1.540948, 1.680504 / -2.920250, -1.540948, 1.680504 / -2.920250, -1.540948, 1.680504; 1, 24, 1, 0; 0.687291172467; 1, 0, 1; 1, 0, 0; 2, 1, 2 ;
0,4; -0.123550, 0.940892, 0.751412 / -0.123550, 0.940892, 0.751412 / -0.123550, 0.940892, 0.751412; 1, 25, 1, 0; 0.728163242038; 0, 1, 0; 1, 0, 0; 3, 1, 1 ;
0,4; 1.154451, 2.828309, 0.441062 / 1.154451, 2.828309, 0.441062 / 1.154451, 2.828309, 0.441062; 1, 26, 1, 0; 0.011884299859; 1, 0, 1; 1, 0, 0; 3, 1, 2 ;
1,5; 0.0952079, -2.8997, -3.15767 / 0.0952079, -2.8997, -3.15767 / 0.0952079, -2.8997, -3.15767; 1, 1, 1, 0; 0.985959983103; 0, 1, 0; 0, 1, 0; 4, 1, 1 ;
0,5; -1.625263, -2.661949, -1.119248 / -1.625263, -2.661949, -1.119248 / -1.625263, -2.661949, -1.119248; 1, 9, 1, 0; 0.348156984113; 0, 1, 0; 0, 1, 0; 4, 1, 1 / 4, 2, 0 ;
0,5; -1.718338, -2.650040, -1.004915 / -1.718338, -2.650040, -1.004915 / -1.718338, -2.650040, -1.004915; 1, 9, 1, 0; 0.348273236400; 1, 0, 1; 1, 0, 0; 2, 1, 2 ;
1,6; -3.96357, 0.846738, -1.41153 / -3.96357, 0.846738, -1.41153 / -3.96357, 0.846738, -1.41153; 1, 10, 1, 0; 0.021581341457; 1, 0, 1; 1, 0, 0; 2, 1, 2 / 4, 8, 0 ;
0,6; -2.882206, 1.173591, -0.509744 / -2.882206, 1.173591, -0.509744 / -2.882206, 1.173591, -0.509744; 1, 14, 1, 0; 0.333004765228; 1, 0, 1; 1, 0, 0; 3, 1, 2 ;
0,6; -2.427030, 1.306053, -0.133667 / -2.427030, 1.306053, -0.133667 / -2.427030, 1.306053, -0.133667; 1, 14, 1, 0; 0.478732216564; 1, 0, 1; 1, 0, 0; 2, 1, 2 ;
0,6; -1.413336, 1.622833, 0.710088 / -1.413336, 1.622833, 0.710088 / -1.413336, 1.622833, 0.710088; 1, 25, 1, 0; 0.649854708328; 1, 0, 1; 0, 1, 0; 1, 1, 2 ;
0,6; 0.514540, 2.213462, 2.334637 / 0.514540, 2.213462, 2.334637 / 0.514540, 2.213462, 2.334637; 1, 31, 1, 0; 0.407839341344; 1, 0, 1; 1, 0, 0; 3, 1, 2 ;
1,7; 4.20684, 1.59436, -0.564012 / 4.20695, 1.59454, -0.563686 / 4.20672, 1.59419, -0.564338; 1, 12, 1, 0; 0.969144328788; 0, 2, 0; 2, 0, 0; 3, 1, 1 / 3, 2, 1 ;
0,7; 3.474763, -2.426334, 0.135759 / 3.474763, -2.426334, 0.135759 / 3.474763, -2.426334, 0.135759; 1, 15, 1, 0; 0.691304634928; 1, 0, 1; 1, 0, 0; 2, 1, 2 ;
0,7; 3.870807, -0.259290, -0.244168 / 3.870807, -0.259290, -0.244168 / 3.870807, -0.259290, -0.244168; 1, 19, 1, 0; 0.065322903018; 1, 0, 1; 0, 1, 0; 1, 1, 2 ;
0,7; 3.869880, -0.247243, -0.243716 / 3.869880, -0.247243, -0.243716 / 3.869880, -0.247243, -0.243716; 1, 19, 1, 0; 0.065333344903; 0, 1, 0; 0, 1, 0; 1, 1, 1 / 2, 10, 0 / 4, 4, 0 ;
0,7; 3.869519, -0.262132, -0.254211 / 3.869519, -0.262132, -0.254211 / 3.869519, -0.262132, -0.254211; 1, 19, 1, 0; 0.065325000072; 1, 0, 1; 1, 0, 0; 2, 1, 2 ;
0,7; 3.860028, -0.250060, -0.243420 / 3.860028, -0.250060, -0.243420 / 3.860028, -0.250060, -0.243420; 1, 19, 1, 0; 0.065333684771; 1, 0, 1; 1, 0, 0; 3, 1, 2 ;
0,7; 3.867131, -0.260169, -0.241955 / 3.867131, -0.260169, -0.241955 / 3.867131, -0.260169, -0.241955; 1, 19, 1, 0; 0.065335456420; 1, 0, 1; 1, 0, 0; 2, 1, 2 ;
1,8; -2.33116, -1.89828, -2.0667 / -2.33116, -1.89828, -2.0667 / -2.33116, -1.89828, -2.0667; 1, 5, 1, 0; 0.811985824362; 1, 0, 1; 0, 1, 0; 4, 1, 2 ;
0,8; -2.331342, -1.896017, -2.067237 / -2.331342, -1.896017, -2.067237 / -2.331342, -1.896017, -2.067237; 1, 5, 1, 0; 0.811985760649; 1, 0, 1; 1, 0, 0; 3, 1, 2 ;
0,8; -1.773809, -1.028486, 0.373904 / -1.773809, -1.028486, 0.373904 / -1.773809, -1.028486, 0.373904; 1, 21, 1, 0; 0.143405859104; 1, 0, 1; 1, 0, 0; 2, 1, 2 ;
1,9; 0.71851, -4.38161, 0.432697 / 0.71851, -4.38161, 0.432697 / 0.71851, -4.38161, 0.432697; 1, 15, 1, 0; 0.978896324900; 1, 0, 1; 0, 1, 0; 4, 1, 2 ;
0,9; 0.536932, -4.276618, 0.476412 / 0.536932, -4.276618, 0.476412 / 0.536932, -4.276618, 0.476412; 1, 18, 1, 0; 0.122130951684; 1, 0, 1; 0, 1, 0; 1, 1, 2 / 3, 7, 0 / 3, 10, 0 / 4, 2, 0 ;
0,9; 0.522792, -4.291501, 0.474105 / 0.522792, -4.291501, 0.474105 / 0.522792, -4.291501, 0.474105; 1, 18, 1, 0; 0.122122003409; 1, 0, 1; 1, 0, 0; 2, 1, 2 ;
0,9; 0.540202, -4.282315, 0.482183 / 0.540202, -4.282315, 0.482183 / 0.540202, -4.282315, 0.482183; 1, 18, 1, 0; 0.122131656107; 1, 0, 1; 1, 0, 0; 1, 4, 0 / 3, 1, 2 / 4, 1, 0 / 4, 8, 0 ;
0,9; -1.293840, -3.467594, 1.073493 / -1.293840, -3.467594, 1.073493 / -1.293840, -3.467594, 1.073493; 1, 18, 1, 0; 0.933462005753; 1, 0, 1; 1, 0, 0; 3, 1, 2 ;
