1,0; -3.00733, -2.99462, 0.787927 / -3.00658, -2.99423, 0.788461 / -3.00808, -2.99501, 0.787394; 1, 18, 1, 0; 0.658753609300; 2, 2, 2; 3, 1, 0; 1, 9, 1 / 2, 1, 2 / 3, 4, 2 / 3, 5, 1 / 3, 6, 0 ;
0,0; -3.037380, -3.048055, 0.752675 / -3.037273, -3.047716, 0.752694 / -3.037487, -3.048393, 0.752656; 1, 18, 1, 0; 0.657810727607; 2, 1, 1; 1, 1, 0; 2, 1, 1 / 3, 8, 0 / 4, 6, 2 ;
0,0; -3.007409, -2.997419, 0.786123 / -3.007400, -2.996914, 0.787133 / -3.007417, -2.997924, 0.785114; 1, 18, 1, 0; 0.658752695641; 2, 1, 1; 1, 1, 0; 3, 1, 2 / 4, 10, 1 ;
0,0; -3.061144, -3.084802, 0.730941 / -3.061144, -3.084802, 0.730941 / -3.061144, -3.084802, 0.730941; 1, 18, 1, 0; 0.657293387623; 0, 1, 0; 1, 0, 0; 2, 1, 1 ;
0,0; -3.040231, -3.052763, 0.746635 / -3.040231, -3.052763, 0.746635 / -3.040231, -3.052763, 0.746635; 1, 18, 1, 0; 0.657798710556; 1, 0, 1; 1, 0, 0; 2, 1, 2 ;
0,0; -3.035390, -3.045081, 0.755653 / -3.035390, -3.045081, 0.755653 / -3.035390, -3.045081, 0.755653; 1, 18, 1, 0; 0.657810051081; 1, 0, 1; 1, 0, 0; 3, 1, 2 ;
0,0; -3.009942, -2.998115, 0.780483 / -3.009942, -2.998115, 0.780483 / -3.009942, -2.998115, 0.780483; 1, 18, 1, 0; 0.658752528254; 1, 0, 1; 1, 0, 0; 3, 1, 2 ;
0,0; -3.007736, -2.997335, 0.787510 / -3.007417, -2.996914, 0.787887 / -3.008055, -2.997757, 0.787133; 1, 18, 1, 0; 0.658752758412; 0, 1, 0; 1, 1, 0; 2, 3, 1 / 4, 1, 1 ;
0,0; -2.975035, -2.951731, 0.820115 / -2.975035, -2.951731, 0.820115 / -2.975035, -2.951731, 0.820115; 1, 18, 1, 0; 0.659282394427; 1, 0, 1; 1, 0, 0; 3, 1, 2 / 4, 5, 0 ;
0,0; -2.589791, -2.679048, 1.318957 / -2.589791, -2.679048, 1.318957 / -2.589791, -2.679048, 1.318957; 1, 21, 1, 0; 0.884846792219; 0, 1, 0; 0, 1, 0; 4, 1, 1 ;
0,0; -2.338455, -1.886677, 1.493324 / -2.338455, -1.886677, 1.493324 / -2.338455, -1.886677, 1.493324; 1, 21, 1, 0; 0.931876611603; 1, 0, 1; 0, 1, 0; 1, 1, 2 / 4, 7, 0 ;
0,0; -2.774909, -2.613102, 1.021922 / -2.774909, -2.613102, 1.021922 / -2.774909, -2.613102, 1.021922; 1, 21, 1, 0; 0.765698606236; 1, 0, 1; 1, 0, 0; 2, 1, 2 ;
0,0; -2.690787, -2.513609, 1.096863 / -2.690787, -2.513609, 1.096863 / -2.690787, -2.513609, 1.096863; 1, 21, 1, 0; 0.767246363525; 1, 0, 1; 1, 0, 0; 3, 1, 2 ;
0,0; -2.555896, -2.719379, 1.349953 / -2.555896, -2.719379, 1.349953 / -2.555896, -2.719379, 1.349953; 1, 21, 1, 0; 0.883514182106; 1, 0, 1; 1, 0, 0; 2, 1, 2 ;
0,0; -2.560503, -2.720200, 1.352825 / -2.560503, -2.720200, 1.352825 / -2.560503, -2.720200, 1.352825; 1, 21, 1, 0; 0.883526747516; 1, 0, 1; 1, 0, 0; 3, 1, 2 ;
0,0; -2.591237, -2.679587, 1.318383 / -2.591237, -2.679587, 1.318383 / -2.591237, -2.679587, 1.318383; 1, 21, 1, 0; 0.884846653978; 1, 0, 1; 1, 0, 0; 2, 1, 2 / 3, 4, 0 / 4, 10, 0 ;
0,0; -2.602292, -2.272411, 1.295084 / -2.602292, -2.272411, 1.295084 / -2.602292, -2.272411, 1.295084; 1, 21, 1, 0; 0.905648504665; 0, 0, 0; 1, 0, 0; 2, 1, 0 / 3, 1, 3 ;
0,0; -2.606057, -2.269017, 1.292986 / -2.606057, -2.269017, 1.292986 / -2.606057, -2.269017, 1.292986; 1, 21, 1, 0; 0.905661994109; 1, 0, 1; 1, 0, 0; 3, 1, 2 ;
0,0; -2.031538, -1.367763, 1.820265 / -2.030710, -1.367220, 1.820702 / -2.032367, -1.368307, 1.819828; 1, 24, 1, 0; 0.698637582970; 0, 3, 0; 2, 2, 0; 1, 2, 1 / 1, 5, 3 / 2, 5, 1 / 3, 1, 1 ;
0,0; -2.045560, -1.403938, 1.797528 / -2.045560, -1.403938, 1.797528 / -2.045560, -1.403938, 1.797528; 1, 24, 1, 0; 0.698603138639; 1, 0, 1; 1, 0, 0; 3, 1, 2 ;
0,0; -2.028205, -1.370528, 1.825143 / -2.028205, -1.370528, 1.825143 / -2.028205, -1.370528, 1.825143; 1, 24, 1, 0; 0.698637922906; 1, 0, 1; 1, 0, 0; 3, 1, 2 ;
0,0; -1.521700, -0.535283, 2.348943 / -1.521700, -0.535283, 2.348943 / -1.521700, -0.535283, 2.348943; 1, 31, 1, 0; 0.995891816151; 0, 1, 0; 1, 0, 0; 2, 1, 1 / 2, 2, 0 / 3, 4, 0 ;
0,0; -1.484866, -0.483530, 2.386852 / -1.484866, -0.483530, 2.386852 / -1.484866, -0.483530, 2.386852; 1, 31, 1, 0; 0.997079890900; 1, 0, 1; 1, 0, 0; 2, 1, 2 ;
0,0; -2.001310, -0.591306, 2.257873 / -2.001310, -0.591306, 2.257873 / -2.001310, -0.591306, 2.257873; 1, 36, 1, 0; 0.192513519502; 1, 0, 1; 1, 0, 0; 3, 1, 2 ;
0,0; -2.415498, -0.759441, 2.506761 / -2.415498, -0.759441, 2.506761 / -2.415498, -0.759441, 2.506761; 1, 36, 1, 0; 0.524953367702; 1, 0, 1; 1, 0, 0; 2, 1, 2 ;
0,0; -1.062658, 0.222647, 2.829777 / -1.062655, 0.222652, 2.829784 / -1.062661, 0.222643, 2.829770; 1, 37, 1, 0; 0.970362852612; 0, 2, 0; 1, 1, 0; 1, 1, 1 / 2, 1, 1 / 4, 1, 0 ;
0,0; -1.090580, 0.175446, 2.796660 / -1.090580, 0.175446, 2.796660 / -1.090580, 0.175446, 2.796660; 1, 37, 1, 0; 0.967780221900; 1, 0, 1; 0, 1, 0; 4, 1, 2 ;
0,0; -1.059153, 0.225770, 2.827127 / -1.059153, 0.225770, 2.827127 / -1.059153, 0.225770, 2.827127; 1, 37, 1, 0; 0.970336569371; 0, 1, 0; 0, 1, 0; 4, 1, 1 ;
0,0; -1.053873, 0.228665, 2.827993 / -1.053873, 0.228665, 2.827993 / -1.053873, 0.228665, 2.827993; 1, 37, 1, 0; 0.970337043908; 1, 0, 1; 0, 1, 0; 1, 1, 2 ;
0,0; -1.066657, 0.225450, 2.837216 / -1.066657, 0.225450, 2.837216 / -1.066657, 0.225450, 2.837216; 1, 37, 1, 0; 0.970365776374; 1, 0, 1; 1, 0, 0; 2, 4, 0 / 3, 1, 2 ;
0,0; -0.677601, 0.858774, 3.235011 / -0.677491, 0.859152, 3.235150 / -0.677710, 0.858395, 3.234871; 1, 42, 1, 0; 0.243416342266; 2, 1, 1; 0, 2, 1; 1, 1, 1 / 4, 6, 2 ;
0,0; -0.696809, 0.827195, 3.214835 / -0.696809, 0.827195, 3.214835 / -0.696809, 0.827195, 3.214835; 1, 42, 1, 0; 0.243167044264; 0, 1, 0; 1, 0, 0; 2, 1, 1 ;
0,0; -0.677293, 0.857459, 3.234388 / -0.676875, 0.858395, 3.234871 / -0.677710, 0.856524, 3.233904; 1, 42, 1, 0; 0.243416446575; 1, 0, 1; 1, 1, 0; 3, 9, 2 / 4, 1, 2 ;
0,0; -0.444562, 1.250726, 3.493203 / -0.444562, 1.250726, 3.493203 / -0.444562, 1.250726, 3.493203; 1, 45, 1, 0; 0.267835536380; 1, 0, 1; 1, 0, 0; 2, 1, 2 ;
0,0; -0.416604, 1.292242, 3.513441 / -0.416604, 1.292242, 3.513441 / -0.416604, 1.292242, 3.513441; 1, 45, 1, 0; 0.268065915019; 1, 0, 1; 1, 0, 0; 3, 1, 2 ;
0,0; -0.097453, 1.820837, 3.843145 / -0.097453, 1.820837, 3.843145 / -0.097453, 1.820837, 3.843145; 1, 46, 1, 0; 0.420769712551; 1, 0, 1; 1, 0, 0; 3, 1, 2 ;
0,0; -0.057921, 1.940330, 3.903133 / -0.057921, 1.940330, 3.903133 / -0.057921, 1.940330, 3.903133; 1, 46, 1, 0; 0.452378588682; 1, 0, 1; 1, 0, 0; 2, 1, 2 ;
0,0; -0.070307, 1.940859, 3.914081 / -0.070307, 1.940859, 3.914081 / -0.070307, 1.940859, 3.914081; 1, 46, 1, 0; 0.452391317263; 1, 0, 1; 1, 0, 0; 2, 1, 2 ;
1,1; 3.11907, -0.282505, -2.69342 / 3.11917, -0.282417, -2.69339 / 3.11897, -0.282594, -2.69346; 1, 3, 1, 0; 0.648136329018; 2, 1, 1; 0, 2, 1; 1, 1, 2 / 2, 9, 0 / 4, 5, 1 ;
0,1; 2.976952, -0.607788, -3.306166 / 2.976952, -0.607788, -3.306166 / 2.976952, -0.607788, -3.306166; 1, 3, 1, 0; 0.173046337601; 1, 0, 1; 0, 1, 0; 1, 1, 2 / 1, 3, 0 ;
0,1; 3.112172, -0.297412, -2.722287 / 3.112172, -0.297412, -2.722287 / 3.112172, -0.297412, -2.722287; 1, 3, 1, 0; 0.648117651326; 1, 0, 1; 0, 1, 0; 1, 1, 2 / 3, 2, 0 ;
0,1; 2.975011, -0.605926, -3.335053 / 2.975428, -0.605370, -3.334979 / 2.974595, -0.606483, -3.335126; 1, 3, 1, 0; 0.173031951547; 2, 1, 1; 2, 0, 0; 1, 5, 0 / 2, 4, 1 / 3, 1, 2 ;
0,1; 3.145533, -0.221725, -2.578976 / 3.145554, -0.221703, -2.578952 / 3.145513, -0.221746, -2.579000; 1, 3, 1, 0; 0.648479688262; 2, 1, 1; 2, 0, 0; 3, 1, 1 / 3, 2, 2 ;
0,1; 2.971551, -0.602782, -3.339332 / 2.971551, -0.602782, -3.339332 / 2.971551, -0.602782, -3.339332; 1, 3, 1, 0; 0.173024444203; 1, 0, 1; 1, 0, 0; 2, 1, 2 ;
0,1; 2.973498, -0.602357, -3.334679 / 2.973498, -0.602357, -3.334679 / 2.973498, -0.602357, -3.334679; 1, 3, 1, 0; 0.173031516338; 1, 0, 1; 1, 0, 0; 2, 3, 0 / 3, 1, 2 / 3, 10, 0 / 4, 1, 0 ;
0,1; 2.976780, -0.600482, -3.298320 / 2.976780, -0.600482, -3.298320 / 2.976780, -0.600482, -3.298320; 1, 3, 1, 0; 0.173053083330; 1, 0, 1; 1, 0, 0; 3, 1, 2 ;
0,1; 3.118490, -0.284209, -2.703597 / 3.118490, -0.284209, -2.703597 / 3.118490, -0.284209, -2.703597; 1, 3, 1, 0; 0.648129168228; 1, 0, 1; 1, 0, 0; 2, 1, 2 ;
0,1; 3.120135, -0.283678, -2.696450 / 3.120135, -0.283678, -2.696450 / 3.120135, -0.283678, -2.696450; 1, 3, 1, 0; 0.648129297179; 1, 0, 1; 1, 0, 0; 3, 1, 2 ;
0,1; 3.135197, -0.246301, -2.627376 / 3.135197, -0.246301, -2.627376 / 3.135197, -0.246301, -2.627376; 1, 3, 1, 0; 0.648453934404; 1, 0, 1; 1, 0, 0; 3, 1, 2 ;
0,1; 3.246207, 0.007746, -2.146720 / 3.246207, 0.007746, -2.146720 / 3.246207, 0.007746, -2.146720; 1, 4, 1, 0; 0.595179918358; 1, 0, 1; 1, 0, 0; 3, 1, 2 ;
0,1; 3.348021, 0.236711, -1.717740 / 3.348021, 0.236711, -1.717740 / 3.348021, 0.236711, -1.717740; 1, 11, 1, 0; 0.020645172180; 1, 0, 1; 1, 0, 0; 3, 1, 2 ;
0,1; 3.347097, 0.240612, -1.724557 / 3.347097, 0.240612, -1.724557 / 3.347097, 0.240612, -1.724557; 1, 11, 1, 0; 0.020645366721; 1, 0, 1; 1, 0, 0; 3, 1, 2 ;
0,1; 3.354485, 0.252909, -1.684785 / 3.354485, 0.252909, -1.684785 / 3.354485, 0.252909, -1.684785; 1, 11, 1, 0; 0.020673918467; 0, 1, 0; 1, 0, 0; 3, 1, 1 ;
0,1; 3.493072, 0.571005, -1.083143 / 3.493284, 0.571378, -1.082997 / 3.492859, 0.570632, -1.083290; 1, 12, 1, 0; 0.183454950037; 2, 1, 1; 0, 2, 0; 1, 1, 1 / 1, 2, 2 / 2, 3, 0 ;
0,1; 3.458444, 0.492851, -1.225209 / 3.458444, 0.492851, -1.225209 / 3.458444, 0.492851, -1.225209; 1, 12, 1, 0; 0.182205035864; 0, 0, 0; 0, 1, 0; 1, 1, 3 ;
0,1; 3.546586, 0.684901, -0.864570 / 3.546586, 0.684901, -0.864570 / 3.546586, 0.684901, -0.864570; 1, 12, 1, 0; 0.369666453816; 1, 0, 1; 0, 1, 0; 1, 1, 2 ;
0,1; 3.488014, 0.564530, -1.097222 / 3.488014, 0.564530, -1.097222 / 3.488014, 0.564530, -1.097222; 1, 12, 1, 0; 0.183442997212; 1, 0, 1; 1, 0, 0; 2, 1, 2 ;
0,1; 3.546601, 0.679129, -0.863465 / 3.546601, 0.679129, -0.863465 / 3.546601, 0.679129, -0.863465; 1, 12, 1, 0; 0.369667277754; 1, 0, 1; 1, 0, 0; 2, 1, 2 ;
0,1; 3.617131, 0.860069, -0.532121 / 3.617131, 0.860069, -0.532121 / 3.617131, 0.860069, -0.532121; 1, 12, 1, 0; 0.904228061502; 1, 0, 1; 1, 0, 0; 3, 1, 2 ;
0,1; 4.129503, 1.717568, 0.553395 / 4.129503, 1.717568, 0.553395 / 4.129503, 1.717568, 0.553395; 1, 20, 1, 0; 0.406822824921; 1, 0, 1; 1, 0, 0; 2, 1, 2 ;
0,1; 4.120159, 1.738270, 0.549015 / 4.120159, 1.738270, 0.549015 / 4.120159, 1.738270, 0.549015; 1, 20, 1, 0; 0.406847787101; 0, 1, 0; 1, 0, 0; 2, 1, 1 ;
0,1; 4.107325, 1.746265, 0.566437 / 4.107325, 1.746265, 0.566437 / 4.107325, 1.746265, 0.566437; 1, 20, 1, 0; 0.406855640209; 0, 1, 0; 1, 0, 0; 3, 1, 1 ;
0,1; 4.108172, 1.747268, 0.551820 / 4.108172, 1.747268, 0.551820 / 4.108172, 1.747268, 0.551820; 1, 20, 1, 0; 0.406858727941; 1, 0, 1; 1, 0, 0; 2, 1, 2 ;
1,2; -1.40252, -3.50945, -0.255563 / -1.40203, -3.50932, -0.255395 / -1.40301, -3.50959, -0.255731; 1, 10, 1, 0; 0.982667628001; 1, 0, 2; 1, 1, 0; 1, 2, 2 / 2, 1, 2 ;
0,2; -1.426904, -3.214556, -0.029301 / -1.426904, -3.214556, -0.029301 / -1.426904, -3.214556, -0.029301; 1, 10, 1, 0; 0.956121468798; 0, 1, 0; 0, 1, 0; 4, 1, 1 ;
0,2; -1.396322, -3.508901, -0.260107 / -1.396322, -3.508901, -0.260107 / -1.396322, -3.508901, -0.260107; 1, 10, 1, 0; 0.982668038921; 0, 1, 0; 0, 1, 0; 4, 1, 1 ;
0,2; -1.455149, -3.473469, -0.081602 / -1.455149, -3.473469, -0.081602 / -1.455149, -3.473469, -0.081602; 1, 10, 1, 0; 0.983043819126; 1, 0, 1; 0, 1, 0; 4, 1, 2 ;
0,2; -1.494425, -3.819575, -0.150382 / -1.494425, -3.819575, -0.150382 / -1.494425, -3.819575, -0.150382; 1, 10, 1, 0; 0.984908711055; 1, 0, 1; 0, 1, 0; 4, 1, 2 ;
0,2; -1.452270, -3.635647, -0.145896 / -1.451879, -3.635623, -0.145557 / -1.452662, -3.635671, -0.146235; 1, 10, 1, 0; 0.983158546687; 1, 0, 2; 2, 0, 0; 1, 4, 0 / 2, 1, 2 / 3, 3, 2 ;
0,2; -1.424750, -3.194936, -0.025357 / -1.424750, -3.194936, -0.025357 / -1.424750, -3.194936, -0.025357; 1, 10, 1, 0; 0.956130828024; 1, 0, 1; 1, 0, 0; 3, 1, 2 ;
0,2; -1.469380, -3.624320, -0.121974 / -1.469380, -3.624320, -0.121974 / -1.469380, -3.624320, -0.121974; 1, 10, 1, 0; 0.983180336218; 1, 0, 1; 1, 0, 0; 2, 1, 2 ;
0,2; -1.486769, -3.789332, -0.142941 / -1.486769, -3.789332, -0.142941 / -1.486769, -3.789332, -0.142941; 1, 10, 1, 0; 0.984913490694; 0, 1, 0; 1, 0, 0; 3, 1, 1 ;
0,2; -1.353352, -2.531575, 0.106351 / -1.352938, -2.530533, 0.106519 / -1.353766, -2.532617, 0.106183; 1, 16, 1, 0; 0.950423363765; 2, 2, 1; 0, 3, 1; 1, 1, 2 / 1, 2, 1 / 4, 9, 1 ;
0,2; -1.353072, -2.530684, 0.107037 / -1.352629, -2.530330, 0.107892 / -1.353516, -2.531038, 0.106183; 1, 16, 1, 0; 0.950423310188; 0, 2, 0; 1, 3, 0; 1, 1, 1 / 1, 9, 2 / 1, 10, 1 / 2, 1, 1 / 3, 5, 0 ;
0,2; -1.349843, -2.485431, 0.117103 / -1.349581, -2.485193, 0.117653 / -1.350104, -2.485669, 0.116554; 1, 16, 1, 0; 0.951570335605; 1, 0, 2; 1, 1, 0; 1, 1, 2 / 1, 9, 0 / 2, 3, 2 / 2, 9, 0 ;
0,2; -1.329648, -2.346112, 0.141024 / -1.329648, -2.346112, 0.141024 / -1.329648, -2.346112, 0.141024; 1, 16, 1, 0; 0.936941234302; 1, 0, 1; 0, 1, 0; 1, 1, 2 ;
0,2; -1.357340, -2.612697, 0.090716 / -1.357340, -2.612697, 0.090716 / -1.357340, -2.612697, 0.090716; 1, 16, 1, 0; 0.948902841177; 1, 0, 1; 0, 1, 0; 1, 1, 2 ;
0,2; -1.353293, -2.595304, 0.095079 / -1.353293, -2.595304, 0.095079 / -1.353293, -2.595304, 0.095079; 1, 16, 1, 0; 0.948912243903; 1, 0, 1; 0, 1, 0; 1, 1, 2 / 4, 4, 0 ;
0,2; -1.302266, -2.070499, 0.201400 / -1.301848, -2.070285, 0.201558 / -1.302683, -2.070712, 0.201242; 1, 16, 1, 0; 0.928245728591; 2, 1, 1; 2, 0, 0; 2, 1, 1 / 2, 2, 2 ;
0,2; -1.300805, -2.080745, 0.172335 / -1.300805, -2.080745, 0.172335 / -1.300805, -2.080745, 0.172335; 1, 16, 1, 0; 0.928219549634; 1, 0, 1; 1, 0, 0; 2, 1, 2 ;
0,2; -1.299691, -2.077625, 0.178358 / -1.299691, -2.077625, 0.178358 / -1.299691, -2.077625, 0.178358; 1, 16, 1, 0; 0.928219837609; 1, 0, 1; 1, 0, 0; 3, 1, 2 / 4, 2, 0 ;
0,2; -1.307736, -2.077835, 0.192961 / -1.307736, -2.077835, 0.192961 / -1.307736, -2.077835, 0.192961; 1, 16, 1, 0; 0.928232896950; 1, 0, 1; 1, 0, 0; 2, 1, 2 ;
0,2; -1.360272, -2.602093, 0.094053 / -1.360272, -2.602093, 0.094053 / -1.360272, -2.602093, 0.094053; 1, 16, 1, 0; 0.948912585455; 0, 1, 0; 1, 0, 0; 2, 1, 1 ;
0,2; -1.358637, -2.607082, 0.094236 / -1.358637, -2.607082, 0.094236 / -1.358637, -2.607082, 0.094236; 1, 16, 1, 0; 0.948913723962; 1, 0, 1; 1, 0, 0; 3, 1, 2 ;
0,2; -1.368220, -2.736007, 0.069798 / -1.368220, -2.736007, 0.069798 / -1.368220, -2.736007, 0.069798; 1, 16, 1, 0; 0.949689971229; 1, 0, 1; 1, 0, 0; 2, 1, 2 ;
0,2; -1.347791, -2.532009, 0.101234 / -1.347791, -2.532009, 0.101234 / -1.347791, -2.532009, 0.101234; 1, 16, 1, 0; 0.950411737602; 1, 0, 1; 1, 0, 0; 3, 1, 2 ;
0,2; -1.390479, -2.866304, 0.042465 / -1.390479, -2.866304, 0.042465 / -1.390479, -2.866304, 0.042465; 1, 16, 1, 0; 0.958637281139; 1, 0, 1; 1, 0, 0; 2, 1, 2 ;
0,2; -1.153715, -0.677766, 0.478321 / -1.153506, -0.677724, 0.478605 / -1.153924, -0.677808, 0.478038; 1, 23, 1, 0; 0.058265250170; 2, 1, 1; 1, 1, 0; 1, 1, 1 / 2, 2, 2 ;
0,2; -1.190776, -0.702770, 0.493475 / -1.190776, -0.702770, 0.493475 / -1.190776, -0.702770, 0.493475; 1, 23, 1, 0; 0.057760778541; 0, 1, 0; 0, 1, 0; 4, 1, 1 ;
0,2; -1.093203, -0.137473, 0.590559 / -1.093203, -0.137473, 0.590559 / -1.093203, -0.137473, 0.590559; 1, 23, 1, 0; 0.096744630128; 1, 0, 1; 0, 1, 0; 1, 1, 2 ;
0,2; -1.213193, -1.212367, 0.381031 / -1.213193, -1.212367, 0.381031 / -1.213193, -1.212367, 0.381031; 1, 23, 1, 0; 0.022418086636; 1, 0, 1; 1, 0, 0; 3, 1, 2 ;
0,2; -1.193514, -0.702275, 0.492511 / -1.193514, -0.702275, 0.492511 / -1.193514, -0.702275, 0.492511; 1, 23, 1, 0; 0.057760859830; 1, 0, 1; 1, 0, 0; 1, 1, 0 / 2, 1, 2 ;
0,2; -1.155899, -0.682289, 0.452431 / -1.155899, -0.682289, 0.452431 / -1.155899, -0.682289, 0.452431; 1, 23, 1, 0; 0.058237959264; 1, 0, 1; 1, 0, 0; 3, 1, 2 ;
0,2; -1.159570, -0.680522, 0.450814 / -1.159570, -0.680522, 0.450814 / -1.159570, -0.680522, 0.450814; 1, 23, 1, 0; 0.058238934731; 1, 0, 1; 1, 0, 0; 2, 1, 2 ;
0,2; -1.092464, -0.127151, 0.591847 / -1.092464, -0.127151, 0.591847 / -1.092464, -0.127151, 0.591847; 1, 23, 1, 0; 0.096757968900; 1, 0, 1; 1, 0, 0; 3, 1, 2 / 4, 1, 0 ;
0,2; -1.006235, 0.666565, 0.751875 / -1.006235, 0.666565, 0.751875 / -1.006235, 0.666565, 0.751875; 1, 23, 1, 0; 0.123096634787; 1, 0, 1; 1, 0, 0; 3, 1, 2 ;
0,2; -0.992781, 0.714817, 0.760786 / -0.992781, 0.714817, 0.760786 / -0.992781, 0.714817, 0.760786; 1, 23, 1, 0; 0.124518474015; 0, 1, 0; 1, 0, 0; 1, 1, 0 / 1, 2, 0 / 1, 10, 0 / 2, 1, 1 / 4, 8, 0 ;
0,2; -0.990544, 0.717081, 0.769041 / -0.990544, 0.717081, 0.769041 / -0.990544, 0.717081, 0.769041; 1, 23, 1, 0; 0.124532485268; 1, 0, 1; 1, 0, 0; 2, 1, 2 ;
0,2; -0.933051, 0.918925, 0.777587 / -0.933051, 0.918925, 0.777587 / -0.933051, 0.918925, 0.777587; 1, 23, 1, 0; 0.125280424594; 1, 0, 1; 1, 0, 0; 1, 2, 0 / 2, 1, 2 ;
0,2; -1.022108, 0.515978, 0.722018 / -1.022108, 0.515978, 0.722018 / -1.022108, 0.515978, 0.722018; 1, 23, 1, 0; 0.170753289615; 1, 0, 1; 1, 0, 0; 2, 1, 2 ;
0,2; -1.021167, 0.550674, 0.721394 / -1.021167, 0.550674, 0.721394 / -1.021167, 0.550674, 0.721394; 1, 23, 1, 0; 0.170975629583; 1, 0, 1; 1, 0, 0; 2, 1, 2 ;
0,2; -1.003932, 0.611770, 0.745520 / -1.003932, 0.611770, 0.745520 / -1.003932, 0.611770, 0.745520; 1, 23, 1, 0; 0.172227301548; 1, 0, 1; 1, 0, 0; 1, 4, 0 / 2, 1, 2 / 2, 6, 0 / 2, 8, 0 / 4, 9, 0 ;
0,2; -1.055958, 0.211318, 0.660050 / -1.055958, 0.211318, 0.660050 / -1.055958, 0.211318, 0.660050; 1, 23, 1, 0; 0.198843665155; 0, 1, 0; 1, 0, 0; 2, 1, 1 ;
0,2; -0.885999, 0.992559, 0.706419 / -0.885173, 0.992854, 0.706995 / -0.886825, 0.992264, 0.705844; 1, 25, 1, 0; 0.721179855128; 1, 0, 2; 1, 1, 0; 1, 9, 0 / 2, 7, 2 / 4, 1, 2 ;
0,2; -0.944355, 1.227415, 0.863681 / -0.944355, 1.227415, 0.863681 / -0.944355, 1.227415, 0.863681; 1, 25, 1, 0; 0.719976486220; 1, 0, 1; 0, 1, 0; 2, 10, 0 / 4, 1, 2 ;
0,2; -0.878926, 0.977611, 0.715817 / -0.878926, 0.977611, 0.715817 / -0.878926, 0.977611, 0.715817; 1, 25, 1, 0; 0.721191882045; 1, 0, 1; 0, 1, 0; 4, 1, 2 ;
0,2; -0.832273, 2.245246, 1.069680 / -0.832273, 2.245246, 1.069680 / -0.832273, 2.245246, 1.069680; 1, 25, 1, 0; 0.893267729630; 1, 0, 1; 0, 1, 0; 4, 1, 2 ;
0,2; -0.879142, 0.981361, 0.710029 / -0.878844, 0.981699, 0.710219 / -0.879441, 0.981022, 0.709839; 1, 25, 1, 0; 0.721177797780; 1, 0, 1; 2, 0, 0; 1, 2, 0 / 1, 5, 0 / 2, 4, 3 / 2, 5, 0 / 3, 1, 2 ;
0,2; -0.874621, 0.968536, 0.721523 / -0.874621, 0.968536, 0.721523 / -0.874621, 0.968536, 0.721523; 1, 25, 1, 0; 0.721190939094; 1, 0, 1; 1, 0, 0; 3, 1, 2 ;
0,2; -0.878428, 0.972265, 0.715297 / -0.878428, 0.972265, 0.715297 / -0.878428, 0.972265, 0.715297; 1, 25, 1, 0; 0.721191539154; 1, 0, 1; 1, 0, 0; 2, 1, 2 ;
0,2; -0.829511, 2.264871, 1.071684 / -0.829511, 2.264871, 1.071684 / -0.829511, 2.264871, 1.071684; 1, 25, 1, 0; 0.893277630620; 1, 0, 1; 1, 0, 0; 2, 2, 0 / 3, 1, 2 ;
0,2; -0.807781, 2.464267, 1.110994 / -0.807781, 2.464267, 1.110994 / -0.807781, 2.464267, 1.110994; 1, 25, 1, 0; 0.894182966868; 1, 0, 1; 1, 0, 0; 3, 1, 2 ;
0,2; -0.802929, 2.467583, 1.115014 / -0.802929, 2.467583, 1.115014 / -0.802929, 2.467583, 1.115014; 1, 25, 1, 0; 0.894199134199; 1, 0, 1; 1, 0, 0; 2, 1, 2 ;
0,2; -0.623373, 4.161179, 1.455268 / -0.623223, 4.161310, 1.455779 / -0.623523, 4.161048, 1.454758; 1, 29, 1, 0; 0.044509723700; 2, 1, 2; 3, 0, 0; 3, 1, 2 / 3, 2, 1 / 3, 4, 2 ;
0,2; -0.623180, 4.152007, 1.454112 / -0.623180, 4.152007, 1.454112 / -0.623180, 4.152007, 1.454112; 1, 29, 1, 0; 0.044511399192; 1, 0, 1; 1, 0, 0; 2, 1, 2 ;
0,2; -0.679509, 3.650879, 1.364047 / -0.679509, 3.650879, 1.364047 / -0.679509, 3.650879, 1.364047; 1, 29, 1, 0; 0.092984149064; 1, 0, 1; 1, 0, 0; 3, 1, 2 ;
1,3; -2.95248, -2.25991, -1.48188 / -2.95248, -2.25991, -1.48188 / -2.95248, -2.25991, -1.48188; 1, 9, 1, 0; 0.186803221607; 1, 0, 1; 0, 1, 0; 1, 5, 0 / 2, 6, 0 / 4, 1, 2 ;
0,3; -2.930140, -2.233077, -1.440738 / -2.930140, -2.233077, -1.440738 / -2.930140, -2.233077, -1.440738; 1, 9, 1, 0; 0.187059802802; 0, 1, 0; 0, 1, 0; 3, 9, 0 / 4, 1, 1 ;
0,3; -2.951049, -2.265221, -1.479493 / -2.950934, -2.265073, -1.478348 / -2.951164, -2.265369, -1.480638; 1, 9, 1, 0; 0.186803756883; 1, 0, 2; 2, 0, 0; 2, 8, 0 / 2, 9, 2 / 3, 1, 2 / 3, 6, 0 ;
0,3; -2.960604, -2.264760, -1.482013 / -2.960604, -2.264760, -1.482013 / -2.960604, -2.264760, -1.482013; 1, 9, 1, 0; 0.186804075886; 1, 0, 1; 1, 0, 0; 3, 1, 2 ;
0,3; -2.967773, -2.259898, -1.483167 / -2.967773, -2.259898, -1.483167 / -2.967773, -2.259898, -1.483167; 1, 9, 1, 0; 0.186812980938; 1, 0, 1; 1, 0, 0; 2, 1, 2 ;
0,3; -2.928626, -2.232458, -1.441764 / -2.928626, -2.232458, -1.441764 / -2.928626, -2.232458, -1.441764; 1, 9, 1, 0; 0.187059862277; 0, 1, 0; 1, 0, 0; 2, 1, 1 ;
0,3; -2.424482, -1.685297, -0.585332 / -2.423929, -1.684796, -0.585033 / -2.425036, -1.685799, -0.585630; 1, 10, 1, 0; 0.532271653279; 2, 1, 1; 0, 2, 1; 1, 1, 2 / 2, 3, 0 / 3, 5, 0 / 4, 6, 1 ;
0,3; -2.169609, -1.408224, -0.154579 / -2.169607, -1.407765, -0.154479 / -2.169611, -1.408683, -0.154679; 1, 10, 1, 0; 0.836583055422; 0, 2, 0; 1, 1, 0; 1, 1, 1 / 2, 1, 1 ;
0,3; -2.167180, -1.409636, -0.152370 / -2.167180, -1.409636, -0.152370 / -2.167180, -1.409636, -0.152370; 1, 10, 1, 0; 0.836583660987; 1, 0, 1; 0, 1, 0; 1, 1, 2 ;
0,3; -2.168949, -1.411448, -0.153443 / -2.168949, -1.411448, -0.153443 / -2.168949, -1.411448, -0.153443; 1, 10, 1, 0; 0.836583752903; 0, 1, 0; 0, 1, 0; 4, 1, 1 ;
0,3; -2.430297, -1.692751, -0.602478 / -2.430297, -1.692751, -0.602478 / -2.430297, -1.692751, -0.602478; 1, 10, 1, 0; 0.532273843046; 1, 0, 1; 1, 0, 0; 2, 1, 2 ;
0,3; -2.148657, -1.391387, -0.118125 / -2.148657, -1.391387, -0.118125 / -2.148657, -1.391387, -0.118125; 1, 10, 1, 0; 0.832896299132; 1, 0, 1; 1, 0, 0; 3, 1, 2 ;
0,3; -2.001304, -1.227200, 0.126526 / -2.001304, -1.227200, 0.126526 / -2.001304, -1.227200, 0.126526; 1, 14, 1, 0; 0.953634388430; 1, 0, 1; 1, 0, 0; 2, 1, 2 / 2, 3, 0 ;
0,3; -1.836349, -1.048383, 0.410227 / -1.836349, -1.048383, 0.410227 / -1.836349, -1.048383, 0.410227; 1, 21, 1, 0; 0.142259714728; 0, 1, 0; 0, 1, 0; 1, 1, 1 ;
0,3; -1.795877, -1.004375, 0.478815 / -1.795877, -1.004375, 0.478815 / -1.795877, -1.004375, 0.478815; 1, 21, 1, 0; 0.143278473350; 1, 0, 1; 0, 1, 0; 1, 1, 2 ;
0,3; -1.843242, -1.054065, 0.399447 / -1.843242, -1.054065, 0.399447 / -1.843242, -1.054065, 0.399447; 1, 21, 1, 0; 0.142244610043; 1, 0, 1; 1, 0, 0; 3, 1, 2 ;
0,3; -1.835656, -1.050840, 0.402197 / -1.835656, -1.050840, 0.402197 / -1.835656, -1.050840, 0.402197; 1, 21, 1, 0; 0.142246807353; 1, 0, 1; 1, 0, 0; 3, 1, 2 ;
0,3; -1.840667, -1.048119, 0.410440 / -1.840667, -1.048119, 0.410440 / -1.840667, -1.048119, 0.410440; 1, 21, 1, 0; 0.142258768866; 1, 0, 1; 1, 0, 0; 2, 1, 2 ;
0,3; -1.805430, -1.016527, 0.451099 / -1.805430, -1.016527, 0.451099 / -1.805430, -1.016527, 0.451099; 1, 21, 1, 0; 0.143249777359; 1, 0, 1; 1, 0, 0; 3, 1, 2 ;
0,3; -1.801393, -1.010589, 0.469504 / -1.801393, -1.010589, 0.469504 / -1.801393, -1.010589, 0.469504; 1, 21, 1, 0; 0.143264278147; 0, 1, 0; 1, 0, 0; 3, 1, 1 ;
0,3; -1.778581, -0.985931, 0.508183 / -1.778581, -0.985931, 0.508183 / -1.778581, -0.985931, 0.508183; 1, 21, 1, 0; 0.143825567081; 0, 1, 0; 1, 0, 0; 3, 1, 1 ;
0,3; -1.137530, -0.298728, 1.580808 / -1.137530, -0.298728, 1.580808 / -1.137530, -0.298728, 1.580808; 1, 30, 1, 0; 0.207423044252; 1, 0, 1; 1, 0, 0; 2, 1, 2 ;
0,3; -1.147633, -0.301260, 1.578574 / -1.147633, -0.301260, 1.578574 / -1.147633, -0.301260, 1.578574; 1, 30, 1, 0; 0.207441874058; 1, 0, 1; 1, 0, 0; 2, 1, 2 ;
0,3; -0.803668, 0.067112, 2.223115 / -0.803668, 0.067112, 2.223115 / -0.803668, 0.067112, 2.223115; 1, 31, 1, 0; 0.903301607864; 1, 0, 1; 1, 0, 0; 1, 6, 0 / 2, 1, 2 ;
0,3; -0.743905, 0.105624, 2.250065 / -0.743905, 0.105624, 2.250065 / -0.743905, 0.105624, 2.250065; 1, 31, 1, 0; 0.905115225141; 1, 0, 1; 1, 0, 0; 2, 1, 2 ;
0,3; -0.785005, 0.109278, 2.263510 / -0.785005, 0.109278, 2.263510 / -0.785005, 0.109278, 2.263510; 1, 31, 1, 0; 0.905177574500; 1, 0, 1; 1, 0, 0; 2, 1, 2 ;
0,3; 0.179432, 1.122859, 3.828468 / 0.179432, 1.122859, 3.828468 / 0.179432, 1.122859, 3.828468; 1, 46, 1, 0; 0.345911224788; 0, 1, 0; 0, 1, 0; 2, 8, 0 / 3, 7, 0 / 3, 9, 0 / 4, 1, 1 / 4, 6, 0 ;
0,3; 0.239047, 1.190080, 3.927349 / 0.239047, 1.190080, 3.927349 / 0.239047, 1.190080, 3.927349; 1, 46, 1, 0; 0.347272449765; 1, 0, 1; 1, 0, 0; 3, 1, 2 ;
0,3; 0.390575, 1.336791, 4.179799 / 0.390575, 1.336791, 4.179799 / 0.390575, 1.336791, 4.179799; 1, 46, 1, 0; 0.521861298922; 1, 0, 1; 1, 0, 0; 2, 1, 2 ;
1,4; -3.54978, 0.0521819, -1.7938 / -3.54969, 0.0523074, -1.79355 / -3.54988, 0.0520563, -1.79404; 1, 6, 1, 0; 0.769844511033; 2, 1, 1; 1, 1, 0; 2, 4, 0 / 3, 2, 2 / 4, 1, 1 / 4, 3, 0 / 4, 6, 0 ;
0,4; -3.322379, 0.261579, -1.681022 / -3.322379, 0.261579, -1.681022 / -3.322379, 0.261579, -1.681022; 1, 6, 1, 0; 0.768381269965; 1, 0, 1; 1, 0, 0; 3, 1, 2 ;
0,4; -3.549117, 0.054486, -1.792206 / -3.549117, 0.054486, -1.792206 / -3.549117, 0.054486, -1.792206; 1, 6, 1, 0; 0.769843908210; 0, 0, 0; 1, 0, 0; 2, 1, 3 ;
0,4; -3.508686, 0.095705, -1.770598 / -3.508686, 0.095705, -1.770598 / -3.508686, 0.095705, -1.770598; 1, 6, 1, 0; 0.770656321646; 0, 1, 0; 1, 0, 0; 2, 1, 1 / 2, 2, 0 / 3, 5, 0 ;
0,4; -3.528836, 0.084614, -1.777409 / -3.528836, 0.084614, -1.777409 / -3.528836, 0.084614, -1.777409; 1, 6, 1, 0; 0.770672690970; 1, 0, 1; 1, 0, 0; 3, 1, 2 ;
0,4; -1.981027, 1.572178, -0.882807 / -1.980646, 1.572450, -0.882285 / -1.981408, 1.571905, -0.883328; 1, 7, 1, 0; 0.950573369701; 0, 1, 0; 1, 1, 0; 1, 8, 1 / 2, 1, 3 ;
0,4; -2.170883, 1.376588, -1.000710 / -2.170883, 1.376588, -1.000710 / -2.170883, 1.376588, -1.000710; 1, 7, 1, 0; 0.526628033271; 1, 0, 1; 1, 0, 0; 1, 10, 0 / 2, 1, 2 ;
0,4; -1.369179, 2.302014, -0.780529 / -1.369179, 2.302014, -0.780529 / -1.369179, 2.302014, -0.780529; 1, 7, 1, 0; 0.873787023884; 1, 0, 1; 1, 0, 0; 2, 1, 2 ;
0,4; -1.257568, 2.138760, -0.725739 / -1.257568, 2.138760, -0.725739 / -1.257568, 2.138760, -0.725739; 1, 7, 1, 0; 0.906678402423; 1, 0, 1; 1, 0, 0; 2, 1, 2 ;
0,4; -1.254544, 2.154651, -0.696690 / -1.254544, 2.154651, -0.696690 / -1.254544, 2.154651, -0.696690; 1, 7, 1, 0; 0.906701285871; 1, 0, 1; 1, 0, 0; 3, 1, 2 ;
0,4; -1.978034, 1.569582, -0.885431 / -1.978034, 1.569582, -0.885431 / -1.978034, 1.569582, -0.885431; 1, 7, 1, 0; 0.950573937313; 1, 0, 1; 1, 0, 0; 3, 1, 2 ;
0,4; -2.926906, 0.649649, -1.431619 / -2.926906, 0.649649, -1.431619 / -2.926906, 0.649649, -1.431619; 1, 10, 1, 0; 0.014309093426; 1, 0, 1; 1, 0, 0; 2, 1, 2 ;
0,4; -2.410924, 1.150638, -1.138118 / -2.410756, 1.150768, -1.137929 / -2.411093, 1.150508, -1.138307; 1, 14, 1, 0; 0.063700198069; 0, 1, 0; 2, 0, 0; 3, 1, 3 / 3, 2, 1 ;
0,4; -2.463766, 1.104293, -1.159445 / -2.463766, 1.104293, -1.159445 / -2.463766, 1.104293, -1.159445; 1, 14, 1, 0; 0.062878186924; 1, 0, 1; 1, 0, 0; 3, 1, 2 / 4, 1, 0 / 4, 3, 0 ;
0,4; -2.449380, 1.120481, -1.159423 / -2.449380, 1.120481, -1.159423 / -2.449380, 1.120481, -1.159423; 1, 14, 1, 0; 0.062882501603; 1, 0, 1; 1, 0, 0; 2, 1, 2 ;
0,4; -2.411367, 1.146754, -1.140259 / -2.411367, 1.146754, -1.140259 / -2.411367, 1.146754, -1.140259; 1, 14, 1, 0; 0.063700875123; 1, 0, 1; 1, 0, 0; 3, 1, 2 ;
0,4; -0.522631, 2.967410, -0.046831 / -0.522586, 2.967810, -0.046803 / -0.522675, 2.967010, -0.046859; 1, 17, 1, 0; 0.203046451518; 1, 0, 2; 1, 1, 0; 3, 4, 2 / 4, 1, 2 ;
0,4; -1.482051, 2.043005, -0.602508 / -1.482051, 2.043005, -0.602508 / -1.482051, 2.043005, -0.602508; 1, 17, 1, 0; 0.103741648045; 0, 1, 0; 0, 1, 0; 1, 1, 1 ;
0,4; -1.316983, 2.211240, -0.507934 / -1.316983, 2.211240, -0.507934 / -1.316983, 2.211240, -0.507934; 1, 17, 1, 0; 0.101359851750; 1, 0, 1; 1, 0, 0; 3, 1, 2 ;
0,4; -0.742155, 2.758313, -0.176019 / -0.742155, 2.758313, -0.176019 / -0.742155, 2.758313, -0.176019; 1, 17, 1, 0; 0.186258554216; 1, 0, 1; 1, 0, 0; 3, 1, 2 ;
0,4; -0.476719, 3.011961, -0.023988 / -0.476719, 3.011961, -0.023988 / -0.476719, 3.011961, -0.023988; 1, 17, 1, 0; 0.203795198201; 1, 0, 1; 1, 0, 0; 3, 1, 2 ;
0,4; -0.472518, 3.014257, -0.019359 / -0.472518, 3.014257, -0.019359 / -0.472518, 3.014257, -0.019359; 1, 17, 1, 0; 0.203796153707; 0, 1, 0; 1, 0, 0; 2, 1, 1 ;
0,4; 0.858808, 4.300295, 0.749608 / 0.858808, 4.300295, 0.749608 / 0.858808, 4.300295, 0.749608; 1, 25, 1, 0; 0.381595276671; 1, 0, 1; 1, 0, 0; 3, 1, 2 ;
1,5; -1.62748, -3.04396, -3.00454 / -1.62748, -3.04396, -3.00454 / -1.62748, -3.04396, -3.00454; 1, 5, 1, 0; 0.204263703917; 1, 0, 1; 0, 1, 0; 1, 1, 2 ;
0,5; -1.630959, -3.045254, -3.004392 / -1.630959, -3.045254, -3.004392 / -1.630959, -3.045254, -3.004392; 1, 5, 1, 0; 0.204264247928; 1, 0, 1; 0, 1, 0; 1, 1, 2 ;
0,5; -1.660896, -2.509659, -2.038344 / -1.660896, -2.509659, -2.038344 / -1.660896, -2.509659, -2.038344; 1, 5, 1, 0; 0.748340082003; 1, 0, 1; 0, 1, 0; 4, 1, 2 ;
0,5; -1.071270, -2.409332, -2.120870 / -1.071270, -2.409332, -2.120870 / -1.071270, -2.409332, -2.120870; 1, 5, 1, 0; 0.786472347116; 0, 1, 0; 0, 1, 0; 1, 1, 1 / 3, 6, 0 / 4, 5, 0 ;
0,5; -1.008123, -2.334154, -2.047973 / -1.008123, -2.334154, -2.047973 / -1.008123, -2.334154, -2.047973; 1, 5, 1, 0; 0.787520679748; 1, 0, 1; 0, 1, 0; 1, 1, 2 ;
0,5; -0.683995, -2.214039, -1.994553 / -0.683995, -2.214039, -1.994553 / -0.683995, -2.214039, -1.994553; 1, 5, 1, 0; 0.784856351837; 1, 0, 1; 1, 0, 0; 2, 1, 2 ;
0,5; -1.073628, -2.402269, -2.110336 / -1.073628, -2.402269, -2.110336 / -1.073628, -2.402269, -2.110336; 1, 5, 1, 0; 0.786473234196; 1, 0, 1; 1, 0, 0; 2, 1, 2 ;
0,5; -0.490486, -2.374706, -1.755810 / -0.490486, -2.374706, -1.755810 / -0.490486, -2.374706, -1.755810; 1, 8, 1, 0; 0.283541053672; 0, 1, 0; 0, 1, 0; 1, 1, 1 / 2, 7, 0 ;
0,5; -0.493060, -2.375724, -1.757415 / -0.492234, -2.375705, -1.757286 / -0.493887, -2.375744, -1.757545; 1, 8, 1, 0; 0.283541104808; 1, 0, 2; 2, 0, 0; 2, 7, 2 / 3, 1, 2 / 3, 2, 0 ;
0,5; -0.518213, -2.385614, -1.711380 / -0.518213, -2.385614, -1.711380 / -0.518213, -2.385614, -1.711380; 1, 8, 1, 0; 0.283410687056; 1, 0, 1; 1, 0, 0; 3, 1, 2 ;
0,5; -1.668344, -2.335253, -1.726925 / -1.667899, -2.334860, -1.726575 / -1.668788, -2.335645, -1.727274; 1, 9, 1, 0; 0.084427665244; 0, 1, 0; 1, 1, 0; 1, 2, 3 / 1, 5, 0 / 3, 1, 1 / 3, 2, 0 / 3, 3, 0 ;
0,5; -1.667920, -2.339907, -1.736311 / -1.667920, -2.339907, -1.736311 / -1.667920, -2.339907, -1.736311; 1, 9, 1, 0; 0.084426124297; 1, 0, 1; 1, 0, 0; 3, 1, 2 / 4, 7, 0 ;
0,5; -1.666596, -2.338340, -1.732810 / -1.666596, -2.338340, -1.732810 / -1.666596, -2.338340, -1.732810; 1, 9, 1, 0; 0.084426719048; 1, 0, 1; 1, 0, 0; 2, 7, 0 / 3, 1, 2 / 3, 2, 0 / 4, 1, 0 / 4, 3, 0 / 4, 5, 0 / 4, 6, 0 ;
0,5; -1.670630, -2.337966, -1.734346 / -1.670630, -2.337966, -1.734346 / -1.670630, -2.337966, -1.734346; 1, 9, 1, 0; 0.084436197224; 1, 0, 1; 1, 0, 0; 3, 1, 2 / 4, 10, 0 ;
0,5; -1.688046, -1.995464, -1.118164 / -1.688046, -1.995464, -1.118164 / -1.688046, -1.995464, -1.118164; 1, 9, 1, 0; 0.387668336296; 0, 1, 0; 1, 0, 0; 3, 1, 1 ;
0,5; -1.691742, -1.845897, -0.850419 / -1.691742, -1.845897, -0.850419 / -1.691742, -1.845897, -0.850419; 1, 9, 1, 0; 0.466112477237; 1, 0, 1; 1, 0, 0; 2, 1, 2 ;
0,5; -1.702323, -1.689116, -0.588740 / -1.702323, -1.689116, -0.588740 / -1.702323, -1.689116, -0.588740; 1, 10, 1, 0; 0.536782037640; 1, 0, 1; 1, 0, 0; 3, 1, 2 ;
0,5; -1.723516, -1.423772, -0.096950 / -1.723516, -1.423772, -0.096950 / -1.723516, -1.423772, -0.096950; 1, 10, 1, 0; 0.832201391502; 1, 0, 1; 1, 0, 0; 1, 4, 0 / 2, 1, 2 ;
0,5; -1.715743, -1.420003, -0.070465 / -1.715743, -1.420003, -0.070465 / -1.715743, -1.420003, -0.070465; 1, 10, 1, 0; 0.832219277301; 1, 0, 1; 1, 0, 0; 3, 1, 2 ;
0,5; -1.724775, -1.369771, -0.002509 / -1.724775, -1.369771, -0.002509 / -1.724775, -1.369771, -0.002509; 1, 10, 1, 0; 0.832254448741; 1, 0, 1; 1, 0, 0; 3, 1, 2 ;
0,5; -1.729644, -1.349643, -0.002110 / -1.729644, -1.349643, -0.002110 / -1.729644, -1.349643, -0.002110; 1, 10, 1, 0; 0.832274691919; 1, 0, 1; 1, 0, 0; 3, 1, 2 ;
0,5; -1.731951, -1.267666, 0.183175 / -1.731400, -1.267382, 0.183374 / -1.732501, -1.267950, 0.182976; 1, 14, 1, 0; 0.999747612769; 2, 2, 1; 2, 1, 0; 2, 1, 2 / 2, 3, 1 / 3, 2, 0 / 4, 2, 1 ;
0,5; -1.734742, -1.243804, 0.225839 / -1.734450, -1.243768, 0.226103 / -1.735035, -1.243841, 0.225576; 1, 14, 1, 0; 0.999784296781; 2, 1, 1; 1, 1, 0; 2, 1, 1 / 2, 2, 0 / 4, 6, 2 ;
0,5; -1.730581, -1.345695, 0.051022 / -1.730581, -1.345695, 0.051022 / -1.730581, -1.345695, 0.051022; 1, 14, 1, 0; 0.998568351054; 1, 0, 1; 1, 0, 0; 3, 1, 2 ;
0,5; -1.738199, -1.263624, 0.184582 / -1.738199, -1.263624, 0.184582 / -1.738199, -1.263624, 0.184582; 1, 14, 1, 0; 0.999748462164; 1, 0, 1; 1, 0, 0; 2, 1, 2 ;
0,5; -1.726051, -1.263720, 0.196311 / -1.726051, -1.263720, 0.196311 / -1.726051, -1.263720, 0.196311; 1, 14, 1, 0; 0.999757854749; 1, 0, 1; 1, 0, 0; 3, 1, 2 ;
0,5; -2.032081, -0.755666, 0.931036 / -2.031712, -0.755617, 0.931434 / -2.032451, -0.755715, 0.930637; 1, 21, 1, 0; 0.598896681335; 0, 2, 0; 0, 2, 1; 1, 1, 1 / 4, 3, 1 ;
0,5; -2.013919, -0.764287, 0.943526 / -2.013919, -0.764287, 0.943526 / -2.013919, -0.764287, 0.943526; 1, 21, 1, 0; 0.598881685788; 0, 1, 0; 0, 1, 0; 4, 1, 1 ;
0,5; -1.765266, -0.700695, 1.199066 / -1.765266, -0.700695, 1.199066 / -1.765266, -0.700695, 1.199066; 1, 21, 1, 0; 0.603835927905; 1, 0, 1; 0, 1, 0; 1, 1, 2 ;
0,5; -1.746273, -1.054417, 0.557415 / -1.746273, -1.054417, 0.557415 / -1.746273, -1.054417, 0.557415; 1, 21, 1, 0; 0.143915933260; 1, 0, 1; 1, 0, 0; 3, 1, 2 ;
0,5; -1.740099, -1.109125, 0.469091 / -1.740099, -1.109125, 0.469091 / -1.740099, -1.109125, 0.469091; 1, 21, 1, 0; 0.144518861939; 0, 0, 0; 1, 0, 0; 3, 1, 3 ;
0,5; -2.033260, -0.758060, 0.933546 / -2.033260, -0.758060, 0.933546 / -2.033260, -0.758060, 0.933546; 1, 21, 1, 0; 0.598895764576; 1, 0, 1; 1, 0, 0; 1, 7, 0 / 3, 1, 2 ;
0,5; -2.031093, -0.758457, 0.932793 / -2.031093, -0.758457, 0.932793 / -2.031093, -0.758457, 0.932793; 1, 21, 1, 0; 0.598895837335; 1, 0, 1; 1, 0, 0; 2, 1, 2 ;
0,5; -2.030279, -0.755057, 0.930928 / -2.030279, -0.755057, 0.930928 / -2.030279, -0.755057, 0.930928; 1, 21, 1, 0; 0.598896783197; 1, 0, 1; 1, 0, 0; 2, 1, 2 ;
0,5; -1.797094, -0.235568, 2.023595 / -1.797044, -0.235501, 2.023685 / -1.797143, -0.235635, 2.023505; 1, 30, 1, 0; 0.654342213442; 2, 1, 1; 0, 2, 1; 1, 5, 2 / 4, 1, 1 ;
0,5; -1.784975, -0.411032, 1.709227 / -1.784975, -0.411032, 1.709227 / -1.784975, -0.411032, 1.709227; 1, 30, 1, 0; 0.229004582276; 0, 1, 0; 1, 0, 0; 2, 1, 1 ;
0,5; -1.786248, -0.410536, 1.716355 / -1.786248, -0.410536, 1.716355 / -1.786248, -0.410536, 1.716355; 1, 30, 1, 0; 0.229022272357; 1, 0, 1; 1, 0, 0; 3, 1, 2 ;
0,5; -1.806086, -0.100318, 2.263643 / -1.805496, -0.099917, 2.263718 / -1.806677, -0.100718, 2.263568; 1, 36, 1, 0; 0.269941014008; 1, 0, 3; 2, 1, 0; 2, 2, 2 / 3, 1, 2 / 4, 3, 2 ;
0,5; -1.806980, -0.102051, 2.263167 / -1.806980, -0.102051, 2.263167 / -1.806980, -0.102051, 2.263167; 1, 36, 1, 0; 0.269940833662; 1, 0, 1; 0, 1, 0; 1, 1, 2 ;
0,5; -1.803205, -0.138384, 2.196595 / -1.803205, -0.138384, 2.196595 / -1.803205, -0.138384, 2.196595; 1, 36, 1, 0; 0.268144717282; 0, 1, 0; 1, 0, 0; 2, 1, 1 ;
0,5; -1.806202, -0.098446, 2.269908 / -1.806202, -0.098446, 2.269908 / -1.806202, -0.098446, 2.269908; 1, 36, 1, 0; 0.269941400463; 1, 0, 1; 1, 0, 0; 2, 1, 2 ;
0,5; -1.823821, 0.124358, 2.665079 / -1.823821, 0.124358, 2.665079 / -1.823821, 0.124358, 2.665079; 1, 36, 1, 0; 0.432424505917; 1, 0, 1; 1, 0, 0; 3, 1, 2 ;
1,6; -2.98781, -0.457696, -2.84951 / -2.98781, -0.457696, -2.84951 / -2.98781, -0.457696, -2.84951; 1, 2, 1, 0; 0.521174457091; 0, 1, 0; 0, 1, 0; 1, 1, 1 ;
0,6; -2.986774, -0.460341, -2.848332 / -2.986774, -0.460341, -2.848332 / -2.986774, -0.460341, -2.848332; 1, 2, 1, 0; 0.521174516421; 0, 1, 0; 0, 1, 0; 1, 1, 1 ;
0,6; -3.225908, -0.374202, -3.000526 / -3.225822, -0.373689, -3.000365 / -3.225994, -0.374715, -3.000688; 1, 2, 1, 0; 0.522742157365; 0, 2, 0; 2, 0, 0; 2, 1, 1 / 3, 4, 1 ;
0,6; -3.231864, -0.371243, -3.005063 / -3.231519, -0.370872, -3.004775 / -3.232209, -0.371614, -3.005352; 1, 2, 1, 0; 0.522742924700; 1, 0, 2; 2, 0, 0; 2, 1, 2 / 2, 4, 2 ;
0,6; -3.049731, -0.448213, -2.887220 / -3.049731, -0.448213, -2.887220 / -3.049731, -0.448213, -2.887220; 1, 2, 1, 0; 0.520781498692; 1, 0, 1; 1, 0, 0; 3, 1, 2 ;
0,6; -3.052100, -0.442575, -2.868384 / -3.052100, -0.442575, -2.868384 / -3.052100, -0.442575, -2.868384; 1, 2, 1, 0; 0.520787012426; 1, 0, 1; 1, 0, 0; 2, 1, 0 / 3, 1, 2 / 3, 2, 0 ;
0,6; -3.051790, -0.445066, -2.876380 / -3.051790, -0.445066, -2.876380 / -3.051790, -0.445066, -2.876380; 1, 2, 1, 0; 0.520787672967; 1, 0, 1; 1, 0, 0; 2, 1, 2 ;
0,6; -2.989970, -0.456842, -2.847256 / -2.989970, -0.456842, -2.847256 / -2.989970, -0.456842, -2.847256; 1, 2, 1, 0; 0.521174409627; 0, 0, 0; 1, 0, 0; 2, 1, 3 ;
0,6; -2.992281, -0.453819, -2.851205 / -2.992281, -0.453819, -2.851205 / -2.992281, -0.453819, -2.851205; 1, 2, 1, 0; 0.521181173247; 1, 0, 1; 1, 0, 0; 2, 1, 2 ;
0,6; -2.989972, -0.453072, -2.845882 / -2.989972, -0.453072, -2.845882 / -2.989972, -0.453072, -2.845882; 1, 2, 1, 0; 0.521181754681; 1, 0, 1; 1, 0, 0; 3, 1, 2 ;
0,6; -2.726121, -0.554167, -2.687629 / -2.726121, -0.554167, -2.687629 / -2.726121, -0.554167, -2.687629; 1, 2, 1, 0; 0.965310932699; 1, 0, 1; 1, 0, 0; 2, 1, 2 ;
0,6; -2.317005, -0.703960, -2.420943 / -2.316770, -0.703855, -2.420295 / -2.317240, -0.704065, -2.421592; 1, 5, 1, 0; 0.429190365428; 0, 2, 0; 1, 1, 0; 1, 1, 1 / 2, 3, 1 ;
0,6; -2.094389, -0.794432, -2.267363 / -2.094389, -0.794432, -2.267363 / -2.094389, -0.794432, -2.267363; 1, 5, 1, 0; 0.431131482914; 1, 0, 1; 1, 0, 0; 2, 1, 2 ;
0,6; -1.432116, -1.025357, -1.868780 / -1.432116, -1.025357, -1.868780 / -1.432116, -1.025357, -1.868780; 1, 5, 1, 0; 0.929057548463; 1, 0, 1; 1, 0, 0; 3, 1, 2 ;
0,6; -1.681828, -0.940378, -2.018411 / -1.681828, -0.940378, -2.018411 / -1.681828, -0.940378, -2.018411; 1, 5, 1, 0; 0.931306923832; 1, 0, 1; 1, 0, 0; 3, 1, 2 ;
0,6; -1.127315, -1.137656, -1.661384 / -1.127315, -1.137656, -1.661384 / -1.127315, -1.137656, -1.661384; 1, 6, 1, 0; 0.845465109326; 1, 0, 1; 1, 0, 0; 2, 1, 2 ;
0,6; -0.478348, -1.377286, -1.244890 / -0.478348, -1.377286, -1.244890 / -0.478348, -1.377286, -1.244890; 1, 8, 1, 0; 0.722044772807; 0, 1, 0; 0, 1, 0; 1, 1, 1 ;
0,6; -0.479886, -1.370681, -1.250015 / -0.479886, -1.370681, -1.250015 / -0.479886, -1.370681, -1.250015; 1, 8, 1, 0; 0.722044368831; 1, 0, 1; 1, 0, 0; 2, 1, 2 ;
0,6; -0.690001, -1.296399, -1.385018 / -0.690001, -1.296399, -1.385018 / -0.690001, -1.296399, -1.385018; 1, 8, 1, 0; 0.723460631777; 1, 0, 1; 1, 0, 0; 3, 1, 2 ;
0,6; 0.050117, -1.647484, -1.127828 / 0.050331, -1.647424, -1.127629 / 0.049903, -1.647544, -1.128027; 1, 9, 1, 0; 0.432117937056; 2, 1, 1; 1, 1, 0; 1, 1, 2 / 2, 1, 1 ;
0,6; 0.059838, -1.648715, -1.128463 / 0.059838, -1.648715, -1.128463 / 0.059838, -1.648715, -1.128463; 1, 9, 1, 0; 0.432116369075; 0, 1, 0; 0, 1, 0; 1, 1, 1 / 4, 4, 0 ;
0,6; 0.043308, -1.632845, -1.126307 / 0.043308, -1.632845, -1.126307 / 0.043308, -1.632845, -1.126307; 1, 9, 1, 0; 0.432120121416; 1, 0, 1; 0, 1, 0; 4, 1, 2 / 4, 10, 0 ;
0,6; 0.149153, -1.607963, -0.843177 / 0.149153, -1.607963, -0.843177 / 0.149153, -1.607963, -0.843177; 1, 9, 1, 0; 0.453127251945; 0, 1, 0; 0, 1, 0; 1, 1, 1 ;
0,6; -0.015550, -1.548013, -1.058490 / -0.015550, -1.548013, -1.058490 / -0.015550, -1.548013, -1.058490; 1, 9, 1, 0; 0.431129670962; 1, 0, 1; 1, 0, 0; 2, 1, 2 ;
0,6; 0.048564, -1.633118, -1.129228 / 0.048564, -1.633118, -1.129228 / 0.048564, -1.633118, -1.129228; 1, 9, 1, 0; 0.432110751377; 1, 0, 1; 1, 0, 0; 2, 1, 2 ;
0,6; 0.042076, -1.632202, -1.122927 / 0.042076, -1.632202, -1.122927 / 0.042076, -1.632202, -1.122927; 1, 9, 1, 0; 0.432120051127; 0, 1, 0; 1, 0, 0; 3, 1, 1 ;
0,6; 0.358107, -1.689601, -0.709341 / 0.358107, -1.689601, -0.709341 / 0.358107, -1.689601, -0.709341; 1, 9, 1, 0; 0.450424268672; 1, 0, 1; 1, 0, 0; 3, 1, 2 ;
0,6; 0.167907, -1.616511, -0.833427 / 0.167907, -1.616511, -0.833427 / 0.167907, -1.616511, -0.833427; 1, 9, 1, 0; 0.453105900367; 1, 0, 1; 1, 0, 0; 3, 1, 2 ;
0,6; 0.149309, -1.609833, -0.832029 / 0.149309, -1.609833, -0.832029 / 0.149309, -1.609833, -0.832029; 1, 9, 1, 0; 0.453125062179; 1, 0, 1; 1, 0, 0; 2, 1, 2 ;
0,6; 1.110532, -2.211175, -0.524832 / 1.110733, -2.211025, -0.524482 / 1.110331, -2.211324, -0.525181; 1, 12, 1, 0; 0.608136429281; 2, 1, 1; 1, 1, 0; 3, 1, 1 / 4, 3, 0 / 4, 4, 2 ;
0,6; 1.113064, -2.214648, -0.514450 / 1.113064, -2.214648, -0.514450 / 1.113064, -2.214648, -0.514450; 1, 12, 1, 0; 0.608127486119; 0, 1, 0; 0, 1, 0; 4, 1, 1 ;
0,6; 1.140139, -2.214819, -0.509482 / 1.140139, -2.214819, -0.509482 / 1.140139, -2.214819, -0.509482; 1, 12, 1, 0; 0.608107751656; 1, 0, 1; 1, 0, 0; 2, 1, 2 ;
0,6; 1.113358, -2.216555, -0.513719 / 1.113358, -2.216555, -0.513719 / 1.113358, -2.216555, -0.513719; 1, 12, 1, 0; 0.608128161290; 1, 0, 1; 1, 0, 0; 2, 1, 2 ;
0,6; 1.110277, -2.211992, -0.528138 / 1.110277, -2.211992, -0.528138 / 1.110277, -2.211992, -0.528138; 1, 12, 1, 0; 0.608135759831; 0, 1, 0; 1, 0, 0; 3, 1, 1 ;
0,6; 1.085573, -2.209312, -0.537585 / 1.085573, -2.209312, -0.537585 / 1.085573, -2.209312, -0.537585; 1, 12, 1, 0; 0.608155808993; 1, 0, 1; 1, 0, 0; 2, 1, 2 ;
0,6; 1.117511, -1.979142, -0.208349 / 1.118289, -1.978805, -0.208244 / 1.116733, -1.979478, -0.208454; 1, 15, 1, 0; 0.522775659262; 2, 1, 1; 1, 1, 0; 1, 4, 1 / 2, 1, 2 ;
0,6; 1.120203, -1.978234, -0.210803 / 1.120448, -1.977681, -0.209810 / 1.119958, -1.978788, -0.211796; 1, 15, 1, 0; 0.522775753022; 1, 0, 2; 1, 1, 0; 1, 1, 2 / 3, 9, 2 ;
0,6; 1.082244, -1.953593, -0.244905 / 1.082244, -1.953593, -0.244905 / 1.082244, -1.953593, -0.244905; 1, 15, 1, 0; 0.523983668456; 1, 0, 1; 0, 1, 0; 1, 1, 2 ;
0,6; 1.121424, -1.980258, -0.210347 / 1.122249, -1.979329, -0.210067 / 1.120600, -1.981187, -0.210626; 1, 15, 1, 0; 0.522776543279; 2, 2, 1; 3, 0, 0; 1, 9, 0 / 2, 9, 1 / 2, 10, 0 / 3, 1, 2 / 3, 3, 1 ;
0,6; 0.665161, -1.803780, -0.512564 / 0.665420, -1.803543, -0.512274 / 0.664902, -1.804018, -0.512855; 1, 15, 1, 0; 0.089000444687; 1, 0, 2; 2, 0, 0; 1, 5, 0 / 3, 1, 2 / 3, 3, 2 ;
0,6; 1.293252, -2.031657, -0.109389 / 1.293252, -2.031657, -0.109389 / 1.293252, -2.031657, -0.109389; 1, 15, 1, 0; 0.520947485374; 1, 0, 1; 1, 0, 0; 3, 1, 2 ;
0,6; 1.117785, -1.981038, -0.218501 / 1.117785, -1.981038, -0.218501 / 1.117785, -1.981038, -0.218501; 1, 15, 1, 0; 0.522776081180; 1, 0, 1; 1, 0, 0; 2, 1, 2 ;
0,6; 1.122546, -1.979698, -0.211068 / 1.122842, -1.979329, -0.210626 / 1.122249, -1.980066, -0.211510; 1, 15, 1, 0; 0.522776596856; 1, 0, 1; 2, 0, 0; 1, 1, 0 / 2, 1, 1 / 2, 2, 0 / 3, 5, 2 / 4, 3, 0 ;
0,6; 1.113752, -1.978903, -0.205513 / 1.113752, -1.978903, -0.205513 / 1.113752, -1.978903, -0.205513; 1, 15, 1, 0; 0.522787325608; 1, 0, 1; 1, 0, 0; 2, 1, 2 ;
0,6; 1.118266, -1.980417, -0.205985 / 1.118266, -1.980417, -0.205985 / 1.118266, -1.980417, -0.205985; 1, 15, 1, 0; 0.522788068985; 1, 0, 1; 1, 0, 0; 2, 1, 2 ;
0,6; 1.122856, -1.980377, -0.201966 / 1.122856, -1.980377, -0.201966 / 1.122856, -1.980377, -0.201966; 1, 15, 1, 0; 0.522788738695; 1, 0, 1; 1, 0, 0; 2, 1, 2 / 2, 9, 0 ;
0,6; 1.068448, -1.944076, -0.236917 / 1.068448, -1.944076, -0.236917 / 1.068448, -1.944076, -0.236917; 1, 15, 1, 0; 0.523994283357; 1, 0, 1; 1, 0, 0; 3, 1, 2 ;
0,6; 1.069615, -1.946548, -0.237773 / 1.069615, -1.946548, -0.237773 / 1.069615, -1.946548, -0.237773; 1, 15, 1, 0; 0.523994450784; 0, 1, 0; 1, 0, 0; 2, 1, 1 / 4, 3, 0 ;
0,6; 1.061030, -1.944176, -0.259736 / 1.061030, -1.944176, -0.259736 / 1.061030, -1.944176, -0.259736; 1, 15, 1, 0; 0.524001764016; 0, 0, 0; 1, 0, 0; 2, 1, 3 ;
0,6; 2.038920, -2.305955, 0.367342 / 2.039066, -2.305622, 0.367479 / 2.038774, -2.306289, 0.367205; 1, 19, 1, 0; 0.352777953738; 1, 0, 2; 1, 1, 0; 1, 1, 2 / 3, 7, 2 ;
0,6; 2.899465, -2.621762, 0.915663 / 2.899466, -2.621729, 0.915798 / 2.899465, -2.621794, 0.915528; 1, 19, 1, 0; 0.932085130292; 2, 1, 1; 1, 1, 0; 3, 1, 2 / 4, 1, 1 ;
0,6; 2.033347, -2.306445, 0.364428 / 2.033347, -2.306445, 0.364428 / 2.033347, -2.306445, 0.364428; 1, 19, 1, 0; 0.352766253619; 1, 0, 1; 0, 1, 0; 1, 1, 2 ;
0,6; 2.040950, -2.307735, 0.366149 / 2.040950, -2.307735, 0.366149 / 2.040950, -2.307735, 0.366149; 1, 19, 1, 0; 0.352777794651; 0, 1, 0; 1, 0, 0; 2, 1, 1 / 2, 5, 0 / 3, 5, 0 / 4, 7, 0 ;
0,6; 2.998903, -2.559573, 1.049735 / 2.999377, -2.559337, 1.050207 / 2.998429, -2.559809, 1.049263; 1, 22, 1, 0; 0.134186246006; 1, 0, 2; 0, 2, 1; 1, 4, 2 / 1, 5, 0 / 4, 1, 2 ;
0,6; 3.157067, -2.716184, 1.080104 / 3.157067, -2.716184, 1.080104 / 3.157067, -2.716184, 1.080104; 1, 22, 1, 0; 0.130699726719; 1, 0, 1; 0, 1, 0; 3, 7, 0 / 4, 1, 2 ;
0,6; 3.164940, -2.724736, 1.082673 / 3.164940, -2.724736, 1.082673 / 3.164940, -2.724736, 1.082673; 1, 22, 1, 0; 0.130701742132; 1, 0, 1; 1, 0, 0; 3, 1, 2 ;
0,6; 2.989812, -2.561866, 1.051867 / 2.989812, -2.561866, 1.051867 / 2.989812, -2.561866, 1.051867; 1, 22, 1, 0; 0.134197690933; 1, 0, 1; 1, 0, 0; 2, 1, 2 ;
1,7; 3.21483, 2.03084, 2.44411 / 3.21483, 2.03084, 2.44411 / 3.21483, 2.03084, 2.44411; 1, 31, 1, 0; 0.457311971518; 1, 0, 1; 1, 0, 0; 2, 1, 2 ;
0,7; 2.540582, 1.909897, 2.593252 / 2.540901, 1.909971, 2.593519 / 2.540263, 1.909824, 2.592985; 1, 38, 1, 0; 0.645031258228; 1, 0, 2; 2, 0, 0; 2, 1, 2 / 3, 6, 2 ;
0,7; 2.538336, 1.910758, 2.585834 / 2.538336, 1.910758, 2.585834 / 2.538336, 1.910758, 2.585834; 1, 38, 1, 0; 0.645004194297; 1, 0, 1; 1, 0, 0; 3, 1, 2 ;
0,7; 2.655383, 1.937348, 2.565819 / 2.655383, 1.937348, 2.565819 / 2.655383, 1.937348, 2.565819; 1, 38, 1, 0; 0.647357608210; 1, 0, 1; 1, 0, 0; 1, 6, 0 / 3, 1, 2 / 4, 1, 0 ;
0,7; 1.007449, 1.647917, 2.935304 / 1.008249, 1.648316, 2.935363 / 1.006649, 1.647517, 2.935244; 1, 39, 1, 0; 0.744362313374; 1, 0, 2; 0, 2, 1; 1, 2, 2 / 4, 1, 2 ;
0,7; 1.107744, 1.665235, 2.913195 / 1.107975, 1.665275, 2.913246 / 1.107513, 1.665196, 2.913143; 1, 39, 1, 0; 0.745419346220; 0, 2, 0; 1, 1, 0; 1, 1, 1 / 2, 1, 1 ;
0,7; 1.110817, 1.670543, 2.913629 / 1.110817, 1.670543, 2.913629 / 1.110817, 1.670543, 2.913629; 1, 39, 1, 0; 0.745418969040; 1, 0, 1; 0, 1, 0; 4, 1, 2 ;
0,7; 0.572001, 1.484833, 2.990316 / 0.572001, 1.484833, 2.990316 / 0.572001, 1.484833, 2.990316; 1, 39, 1, 0; 0.570203897533; 1, 0, 1; 1, 0, 0; 3, 1, 2 ;
0,7; 0.570938, 1.479526, 3.004091 / 0.570938, 1.479526, 3.004091 / 0.570938, 1.479526, 3.004091; 1, 39, 1, 0; 0.570234197705; 1, 0, 1; 1, 0, 0; 2, 1, 2 ;
0,7; 1.010138, 1.646947, 2.933426 / 1.010138, 1.646947, 2.933426 / 1.010138, 1.646947, 2.933426; 1, 39, 1, 0; 0.744362564828; 1, 0, 1; 1, 0, 0; 3, 1, 2 / 3, 2, 0 ;
0,7; 1.188726, 1.685128, 2.902738 / 1.188726, 1.685128, 2.902738 / 1.188726, 1.685128, 2.902738; 1, 39, 1, 0; 0.745258478705; 1, 0, 1; 1, 0, 0; 3, 1, 2 ;
0,7; 1.151645, 1.668879, 2.901253 / 1.151645, 1.668879, 2.901253 / 1.151645, 1.668879, 2.901253; 1, 39, 1, 0; 0.745338220965; 1, 0, 1; 1, 0, 0; 2, 1, 2 ;
0,7; 1.104536, 1.668395, 2.914473 / 1.104536, 1.668395, 2.914473 / 1.104536, 1.668395, 2.914473; 1, 39, 1, 0; 0.745446770391; 1, 0, 1; 1, 0, 0; 3, 1, 2 ;
0,7; -0.252098, 2.653949, 2.992859 / -0.252098, 2.653949, 2.992859 / -0.252098, 2.653949, 2.992859; 1, 40, 1, 0; 0.095937215150; 1, 0, 1; 1, 0, 0; 3, 1, 2 ;
0,7; -0.311211, 2.771460, 3.041109 / -0.311211, 2.771460, 3.041109 / -0.311211, 2.771460, 3.041109; 1, 40, 1, 0; 0.106657410027; 1, 0, 1; 1, 0, 0; 2, 1, 2 ;
0,7; -0.276899, 1.425322, 3.223506 / -0.276899, 1.425322, 3.223506 / -0.276899, 1.425322, 3.223506; 1, 42, 1, 0; 0.576117272283; 1, 0, 1; 0, 1, 0; 4, 1, 2 ;
0,7; -0.652762, 1.364415, 3.306103 / -0.652762, 1.364415, 3.306103 / -0.652762, 1.364415, 3.306103; 1, 42, 1, 0; 0.599730632987; 1, 0, 1; 0, 1, 0; 1, 1, 2 ;
0,7; -0.128486, 1.711511, 3.235121 / -0.128486, 1.711511, 3.235121 / -0.128486, 1.711511, 3.235121; 1, 42, 1, 0; 0.734788962461; 0, 1, 0; 0, 1, 0; 4, 1, 1 ;
0,7; 0.105808, 1.647032, 3.220862 / 0.105808, 1.647032, 3.220862 / 0.105808, 1.647032, 3.220862; 1, 42, 1, 0; 0.749091428738; 1, 0, 1; 0, 1, 0; 1, 1, 2 ;
0,7; 0.103088, 1.638304, 3.225051 / 0.103496, 1.638373, 3.225597 / 0.102680, 1.638234, 3.224505; 1, 42, 1, 0; 0.749095496781; 2, 1, 1; 2, 0, 0; 2, 1, 2 / 2, 8, 1 / 3, 4, 0 ;
0,7; -0.252359, 1.436218, 3.217861 / -0.252359, 1.436218, 3.217861 / -0.252359, 1.436218, 3.217861; 1, 42, 1, 0; 0.578824293934; 1, 0, 1; 1, 0, 0; 3, 1, 2 ;
0,7; -0.079970, 1.462347, 3.178973 / -0.079970, 1.462347, 3.178973 / -0.079970, 1.462347, 3.178973; 1, 42, 1, 0; 0.579331338949; 0, 1, 0; 1, 0, 0; 3, 1, 1 / 3, 2, 0 / 4, 1, 0 / 4, 3, 0 ;
0,7; -0.077733, 1.460027, 3.178191 / -0.077733, 1.460027, 3.178191 / -0.077733, 1.460027, 3.178191; 1, 42, 1, 0; 0.579333967531; 1, 0, 1; 1, 0, 0; 2, 1, 2 ;
0,7; -0.652851, 1.362431, 3.309935 / -0.652851, 1.362431, 3.309935 / -0.652851, 1.362431, 3.309935; 1, 42, 1, 0; 0.599729902826; 1, 0, 1; 1, 0, 0; 2, 1, 2 ;
0,7; -0.373638, 2.256759, 3.236210 / -0.373638, 2.256759, 3.236210 / -0.373638, 2.256759, 3.236210; 1, 43, 1, 0; 0.039672264946; 0, 1, 0; 0, 1, 0; 4, 1, 1 ;
0,7; -0.235463, 2.794558, 3.111524 / -0.235463, 2.794558, 3.111524 / -0.235463, 2.794558, 3.111524; 1, 43, 1, 0; 0.270635937543; 1, 0, 1; 0, 1, 0; 1, 1, 2 ;
0,7; -0.368539, 2.243191, 3.252860 / -0.368539, 2.243191, 3.252860 / -0.368539, 2.243191, 3.252860; 1, 43, 1, 0; 0.039738727174; 1, 0, 1; 1, 0, 0; 2, 1, 2 ;
0,7; -2.328990, 1.082810, 3.684696 / -2.328990, 1.082810, 3.684696 / -2.328990, 1.082810, 3.684696; 1, 45, 1, 0; 0.207606836737; 1, 0, 1; 0, 1, 0; 1, 1, 2 ;
1,8; 2.75582, -2.0392, 1.73921 / 2.75582, -2.0392, 1.73921 / 2.75582, -2.0392, 1.73921; 1, 22, 1, 0; 0.952965916962; 0, 1, 0; 0, 1, 0; 1, 1, 1 ;
0,8; 2.796313, -2.035973, 1.728998 / 2.796594, -2.035680, 1.729173 / 2.796032, -2.036265, 1.728824; 1, 22, 1, 0; 0.947947472657; 2, 1, 1; 2, 0, 0; 2, 1, 2 / 2, 2, 1 ;
0,8; 3.821132, -1.942915, 1.485509 / 3.821132, -1.942915, 1.485509 / 3.821132, -1.942915, 1.485509; 1, 22, 1, 0; 0.421732811509; 1, 0, 1; 1, 0, 0; 3, 1, 2 ;
0,8; 3.505085, -1.971221, 1.563899 / 3.505085, -1.971221, 1.563899 / 3.505085, -1.971221, 1.563899; 1, 22, 1, 0; 0.941518777539; 0, 1, 0; 1, 0, 0; 1, 2, 0 / 2, 1, 1 / 4, 3, 0 ;
0,8; 3.286290, -1.992308, 1.610990 / 3.286290, -1.992308, 1.610990 / 3.286290, -1.992308, 1.610990; 1, 22, 1, 0; 0.944460109371; 1, 0, 1; 1, 0, 0; 2, 1, 2 ;
0,8; 3.281397, -1.993257, 1.611874 / 3.281397, -1.993257, 1.611874 / 3.281397, -1.993257, 1.611874; 1, 22, 1, 0; 0.944460880612; 1, 0, 1; 1, 0, 0; 3, 1, 2 ;
0,8; 3.009139, -2.019534, 1.679389 / 3.009139, -2.019534, 1.679389 / 3.009139, -2.019534, 1.679389; 1, 22, 1, 0; 0.949994222967; 1, 0, 1; 1, 0, 0; 2, 1, 2 / 3, 5, 0 ;
0,8; 3.003783, -2.019714, 1.682961 / 3.003783, -2.019714, 1.682961 / 3.003783, -2.019714, 1.682961; 1, 22, 1, 0; 0.950007676032; 1, 0, 1; 1, 0, 0; 3, 1, 2 ;
0,8; 2.777435, -2.043528, 1.735500 / 2.777435, -2.043528, 1.735500 / 2.777435, -2.043528, 1.735500; 1, 22, 1, 0; 0.952961696963; 1, 0, 1; 1, 0, 0; 3, 1, 2 ;
0,8; 2.752453, -2.040321, 1.739830 / 2.752453, -2.040321, 1.739830 / 2.752453, -2.040321, 1.739830; 1, 22, 1, 0; 0.952966033376; 1, 0, 1; 1, 0, 0; 3, 1, 2 ;
0,8; 1.233891, -2.175172, 2.087618 / 1.233891, -2.175172, 2.087618 / 1.233891, -2.175172, 2.087618; 1, 32, 1, 0; 0.355092808012; 0, 0, 0; 0, 1, 0; 1, 1, 3 / 2, 1, 0 / 3, 2, 0 / 3, 3, 0 ;
0,8; 1.220512, -2.175762, 2.090129 / 1.220512, -2.175762, 2.090129 / 1.220512, -2.175762, 2.090129; 1, 32, 1, 0; 0.355090274381; 1, 0, 1; 1, 0, 0; 2, 1, 2 ;
0,8; -0.224542, -2.306403, 2.422416 / -0.224020, -2.306248, 2.422584 / -0.225065, -2.306558, 2.422248; 1, 33, 1, 0; 0.680541348919; 2, 1, 1; 1, 1, 0; 3, 4, 2 / 4, 1, 1 ;
0,8; 2.034608, -2.104455, 1.905548 / 2.034608, -2.104455, 1.905548 / 2.034608, -2.104455, 1.905548; 1, 33, 1, 0; 0.149676677418; 1, 0, 1; 0, 1, 0; 1, 1, 2 / 4, 9, 0 ;
0,8; 2.027611, -2.104748, 1.905731 / 2.028018, -2.104706, 1.905755 / 2.027205, -2.104790, 1.905708; 1, 33, 1, 0; 0.149698766929; 2, 1, 1; 2, 0, 0; 2, 1, 2 / 3, 4, 1 / 4, 5, 0 ;
0,8; -0.223124, -2.307017, 2.425336 / -0.222436, -2.306995, 2.425358 / -0.223812, -2.307039, 2.425313; 1, 33, 1, 0; 0.680539839698; 1, 0, 2; 2, 0, 0; 3, 1, 2 / 3, 5, 2 ;
0,8; 2.029827, -2.106434, 1.900956 / 2.029827, -2.106434, 1.900956 / 2.029827, -2.106434, 1.900956; 1, 33, 1, 0; 0.149696970831; 1, 0, 1; 1, 0, 0; 2, 1, 2 ;
0,8; 1.923458, -2.114110, 1.945070 / 1.923458, -2.114110, 1.945070 / 1.923458, -2.114110, 1.945070; 1, 33, 1, 0; 0.149853168990; 1, 0, 1; 1, 0, 0; 2, 1, 2 ;
0,8; -0.221158, -2.309961, 2.424376 / -0.221158, -2.309961, 2.424376 / -0.221158, -2.309961, 2.424376; 1, 33, 1, 0; 0.680539677551; 1, 0, 1; 1, 0, 0; 2, 1, 2 ;
0,8; -0.977544, -2.374960, 2.596660 / -0.977544, -2.374960, 2.596660 / -0.977544, -2.374960, 2.596660; 1, 34, 1, 0; 0.226001860957; 1, 0, 1; 1, 0, 0; 3, 1, 2 ;
0,8; -2.092923, -2.564316, 2.902664 / -2.092654, -2.563989, 2.902860 / -2.093192, -2.564644, 2.902469; 1, 35, 1, 0; 0.767246298400; 1, 0, 2; 0, 2, 1; 1, 7, 2 / 4, 1, 2 ;
0,8; -1.978664, -2.460945, 2.828807 / -1.978664, -2.460945, 2.828807 / -1.978664, -2.460945, 2.828807; 1, 35, 1, 0; 0.744345833881; 1, 0, 1; 1, 0, 0; 3, 1, 2 / 4, 3, 0 ;
0,8; -1.978324, -2.467377, 2.827606 / -1.978324, -2.467377, 2.827606 / -1.978324, -2.467377, 2.827606; 1, 35, 1, 0; 0.744347444112; 1, 0, 1; 1, 0, 0; 3, 1, 2 ;
0,8; -2.095890, -2.558423, 2.896009 / -2.095890, -2.558423, 2.896009 / -2.095890, -2.558423, 2.896009; 1, 35, 1, 0; 0.767221114383; 0, 1, 0; 1, 0, 0; 3, 1, 1 ;
0,8; -1.511175, -2.417537, 3.267218 / -1.511175, -2.417537, 3.267218 / -1.511175, -2.417537, 3.267218; 1, 40, 1, 0; 0.727412415527; 1, 0, 1; 1, 0, 0; 2, 1, 2 ;
1,9; -1.71565, 1.6701, -1.62865 / -1.71454, 1.67054, -1.62854 / -1.71676, 1.66965, -1.62876; 1, 6, 1, 0; 0.658718649560; 1, 0, 2; 1, 1, 0; 1, 10, 2 / 2, 1, 2 ;
0,9; -2.952562, 2.294269, -2.630268 / -2.952562, 2.294269, -2.630268 / -2.952562, 2.294269, -2.630268; 1, 6, 1, 0; 0.072395248583; 0, 1, 0; 0, 1, 0; 3, 7, 0 / 3, 10, 0 / 4, 1, 1 ;
0,9; -1.734059, 1.673972, -1.634465 / -1.734059, 1.673972, -1.634465 / -1.734059, 1.673972, -1.634465; 1, 6, 1, 0; 0.658721359810; 1, 0, 1; 0, 1, 0; 4, 1, 2 ;
0,9; -2.948937, 2.289498, -2.627698 / -2.948407, 2.290059, -2.627042 / -2.949466, 2.288936, -2.628354; 1, 6, 1, 0; 0.072395723980; 2, 1, 1; 2, 0, 0; 1, 8, 0 / 2, 7, 0 / 3, 1, 2 / 3, 2, 0 / 3, 10, 1 / 4, 10, 0 ;
0,9; -2.950745, 2.294165, -2.629362 / -2.950745, 2.294165, -2.629362 / -2.950745, 2.294165, -2.629362; 1, 6, 1, 0; 0.072395199573; 1, 0, 1; 1, 0, 0; 1, 1, 0 / 2, 1, 2 ;
0,9; -2.948058, 2.289126, -2.621632 / -2.948058, 2.289126, -2.621632 / -2.948058, 2.289126, -2.621632; 1, 6, 1, 0; 0.072395611257; 1, 0, 1; 1, 0, 0; 2, 1, 2 ;
0,9; -2.254501, 1.941135, -2.062194 / -2.254501, 1.941135, -2.062194 / -2.254501, 1.941135, -2.062194; 1, 6, 1, 0; 0.473346536614; 1, 0, 1; 1, 0, 0; 3, 1, 2 ;
0,9; -1.717465, 1.672577, -1.625030 / -1.717465, 1.672577, -1.625030 / -1.717465, 1.672577, -1.625030; 1, 6, 1, 0; 0.658727231202; 1, 0, 1; 1, 0, 0; 2, 1, 2 ;
0,9; -1.204959, 1.405894, -1.189335 / -1.204959, 1.405894, -1.189335 / -1.204959, 1.405894, -1.189335; 1, 7, 1, 0; 0.533780043793; 1, 0, 1; 1, 0, 0; 3, 1, 2 ;
0,9; -0.738837, 1.172919, -0.830676 / -0.738837, 1.172919, -0.830676 / -0.738837, 1.172919, -0.830676; 1, 13, 1, 0; 0.330417274476; 1, 0, 1; 0, 1, 0; 1, 1, 2 ;
0,9; -0.177775, 0.891988, -0.367996 / -0.177775, 0.891988, -0.367996 / -0.177775, 0.891988, -0.367996; 1, 13, 1, 0; 0.388835639625; 1, 0, 1; 0, 1, 0; 1, 1, 2 ;
0,9; -0.402454, 1.002084, -0.526941 / -0.402454, 1.002084, -0.526941 / -0.402454, 1.002084, -0.526941; 1, 13, 1, 0; 0.397529307202; 1, 0, 1; 0, 1, 0; 1, 1, 2 ;
0,9; 0.020669, 0.790918, -0.207809 / 0.020669, 0.790918, -0.207809 / 0.020669, 0.790918, -0.207809; 1, 13, 1, 0; 0.919294552917; 1, 0, 1; 0, 1, 0; 4, 1, 2 ;
0,9; 0.017707, 0.791049, -0.208082 / 0.017707, 0.791049, -0.208082 / 0.017707, 0.791049, -0.208082; 1, 13, 1, 0; 0.919295291521; 1, 0, 1; 0, 1, 0; 4, 1, 2 ;
0,9; 0.054754, 0.708364, -0.076633 / 0.054754, 0.708364, -0.076633 / 0.054754, 0.708364, -0.076633; 1, 13, 1, 0; 0.919997377955; 1, 0, 1; 0, 1, 0; 4, 1, 2 ;
0,9; -0.577754, 1.095373, -0.705618 / -0.577754, 1.095373, -0.705618 / -0.577754, 1.095373, -0.705618; 1, 13, 1, 0; 0.327376188383; 1, 0, 1; 1, 0, 0; 2, 1, 2 ;
0,9; -0.745499, 1.173762, -0.824024 / -0.745499, 1.173762, -0.824024 / -0.745499, 1.173762, -0.824024; 1, 13, 1, 0; 0.330416486632; 1, 0, 1; 1, 0, 0; 2, 1, 2 ;
0,9; -0.767109, 1.188458, -0.846183 / -0.767109, 1.188458, -0.846183 / -0.767109, 1.188458, -0.846183; 1, 13, 1, 0; 0.330443673424; 1, 0, 1; 1, 0, 0; 2, 1, 2 ;
0,9; -0.387465, 0.993221, -0.536257 / -0.387465, 0.993221, -0.536257 / -0.387465, 0.993221, -0.536257; 1, 13, 1, 0; 0.397520080803; 1, 0, 1; 1, 0, 0; 2, 1, 2 ;
0,9; -0.388442, 0.993042, -0.539241 / -0.388442, 0.993042, -0.539241 / -0.388442, 0.993042, -0.539241; 1, 13, 1, 0; 0.397520148509; 1, 0, 1; 1, 0, 0; 3, 1, 2 ;
0,9; -0.411011, 1.012144, -0.539174 / -0.411011, 1.012144, -0.539174 / -0.411011, 1.012144, -0.539174; 1, 13, 1, 0; 0.398655604837; 1, 0, 1; 1, 0, 0; 2, 1, 2 ;
0,9; 0.341063, 0.626992, 0.057425 / 0.341069, 0.627560, 0.057975 / 0.341056, 0.626424, 0.056875; 1, 16, 1, 0; 0.591330405362; 2, 1, 1; 1, 1, 0; 2, 7, 1 / 4, 1, 2 ;
0,9; -0.392214, 0.989313, 0.175495 / -0.392214, 0.989313, 0.175495 / -0.392214, 0.989313, 0.175495; 1, 16, 1, 0; 0.549090895697; 1, 0, 1; 0, 1, 0; 1, 1, 2 ;
0,9; -0.403559, 0.998159, 0.184322 / -0.403559, 0.998159, 0.184322 / -0.403559, 0.998159, 0.184322; 1, 16, 1, 0; 0.549100197966; 0, 1, 0; 0, 1, 0; 1, 1, 1 / 1, 8, 0 / 4, 4, 0 ;
0,9; -0.298793, 0.949111, 0.119414 / -0.298793, 0.949111, 0.119414 / -0.298793, 0.949111, 0.119414; 1, 16, 1, 0; 0.551610498103; 1, 0, 1; 1, 0, 0; 2, 1, 2 ;
0,9; 0.836521, 0.374783, 0.461826 / 0.837058, 0.375161, 0.462114 / 0.835985, 0.374405, 0.461538; 1, 17, 1, 0; 0.773002833039; 2, 1, 1; 1, 1, 0; 1, 5, 1 / 3, 1, 2 ;
0,9; -0.713572, 0.967748, 0.474106 / -0.713392, 0.968278, 0.474678 / -0.713752, 0.967219, 0.473534; 1, 17, 1, 0; 0.858808366044; 1, 0, 2; 1, 1, 0; 2, 1, 2 / 4, 7, 2 ;
0,9; 0.836684, 0.372913, 0.465293 / 0.836684, 0.372913, 0.465293 / 0.836684, 0.372913, 0.465293; 1, 17, 1, 0; 0.773002958580; 1, 0, 1; 1, 0, 0; 3, 1, 2 ;
0,9; 0.777087, 0.393961, 0.414037 / 0.777087, 0.393961, 0.414037 / 0.777087, 0.393961, 0.414037; 1, 17, 1, 0; 0.774262858873; 1, 0, 1; 1, 0, 0; 2, 1, 2 ;
0,9; 0.774304, 0.404101, 0.417367 / 0.774304, 0.404101, 0.417367 / 0.774304, 0.404101, 0.417367; 1, 17, 1, 0; 0.774273773954; 1, 0, 1; 1, 0, 0; 3, 1, 2 ;
0,9; 0.773979, 0.400857, 0.414677 / 0.773979, 0.400857, 0.414677 / 0.773979, 0.400857, 0.414677; 1, 17, 1, 0; 0.774273969240; 1, 0, 1; 1, 0, 0; 3, 1, 2 ;
0,9; -0.710960, 0.969099, 0.475959 / -0.710960, 0.969099, 0.475959 / -0.710960, 0.969099, 0.475959; 1, 17, 1, 0; 0.858807487258; 1, 0, 1; 1, 0, 0; 2, 1, 2 ;
0,9; -0.713669, 0.969100, 0.475261 / -0.713585, 0.969922, 0.475843 / -0.713752, 0.968278, 0.474678; 1, 17, 1, 0; 0.858808310248; 1, 0, 1; 2, 0, 0; 2, 1, 2 / 2, 9, 2 ;
0,9; 1.343342, 0.117307, 0.875149 / 1.343342, 0.117307, 0.875149 / 1.343342, 0.117307, 0.875149; 1, 20, 1, 0; 0.900637432280; 1, 0, 1; 0, 1, 0; 1, 1, 2 ;
0,9; 1.325711, 0.125966, 0.861105 / 1.325711, 0.125966, 0.861105 / 1.325711, 0.125966, 0.861105; 1, 20, 1, 0; 0.900646044666; 1, 0, 1; 0, 1, 0; 4, 1, 2 ;
0,9; 1.155387, 0.211935, 0.721667 / 1.155387, 0.211935, 0.721667 / 1.155387, 0.211935, 0.721667; 1, 23, 1, 0; 0.220906992177; 1, 0, 1; 0, 1, 0; 4, 1, 2 ;
0,9; 1.132750, 0.228311, 0.706946 / 1.132750, 0.228311, 0.706946 / 1.132750, 0.228311, 0.706946; 1, 23, 1, 0; 0.220901693618; 1, 0, 1; 1, 0, 0; 2, 1, 2 ;
0,9; 1.155455, 0.206686, 0.720234 / 1.155455, 0.206686, 0.720234 / 1.155455, 0.206686, 0.720234; 1, 23, 1, 0; 0.220907975034; 1, 0, 1; 1, 0, 0; 3, 1, 2 ;
0,9; 1.644044, -0.039950, 1.143787 / 1.644044, -0.039950, 1.143787 / 1.644044, -0.039950, 1.143787; 1, 26, 1, 0; 0.136745780292; 1, 0, 1; 1, 0, 0; 2, 1, 2 ;
0,9; 2.382647, -0.418339, 1.731961 / 2.382647, -0.418339, 1.731961 / 2.382647, -0.418339, 1.731961; 1, 27, 1, 0; 0.732420871272; 1, 0, 1; 1, 0, 0; 2, 1, 2 ;
0,9; 2.705022, -0.569863, 1.982115 / 2.705022, -0.569863, 1.982115 / 2.705022, -0.569863, 1.982115; 1, 28, 1, 0; 0.829154474599; 1, 0, 1; 1, 0, 0; 2, 1, 2 ;
0,9; 2.698286, -0.568505, 1.983007 / 2.698286, -0.568505, 1.983007 / 2.698286, -0.568505, 1.983007; 1, 28, 1, 0; 0.829155340199; 1, 0, 1; 1, 0, 0; 3, 1, 2 ;
0,9; 3.503236, -0.980420, 2.643104 / 3.503786, -0.979634, 2.643752 / 3.502687, -0.981206, 2.642456; 1, 34, 1, 0; 0.622162152723; 1, 0, 2; 0, 2, 1; 1, 1, 2 / 3, 9, 0 / 4, 9, 2 ;
0,9; 3.125588, -0.792528, 2.335588 / 3.125588, -0.792528, 2.335588 / 3.125588, -0.792528, 2.335588; 1, 34, 1, 0; 0.053634441675; 0, 1, 0; 0, 1, 0; 1, 6, 0 / 2, 4, 0 / 4, 1, 1 ;
0,9; 2.905542, -0.681283, 2.152204 / 2.905542, -0.681283, 2.152204 / 2.905542, -0.681283, 2.152204; 1, 34, 1, 0; 0.036450448900; 1, 0, 1; 1, 0, 0; 2, 1, 2 ;
0,9; 3.489938, -0.979457, 2.627682 / 3.489938, -0.979457, 2.627682 / 3.489938, -0.979457, 2.627682; 1, 34, 1, 0; 0.622132442269; 1, 0, 1; 1, 0, 0; 3, 1, 2 ;
0,9; 3.505335, -0.985401, 2.643761 / 3.505335, -0.985401, 2.643761 / 3.505335, -0.985401, 2.643761; 1, 34, 1, 0; 0.622164347954; 1, 0, 1; 1, 0, 0; 3, 1, 2 ;
0,9; 3.502489, -0.988258, 2.647717 / 3.502489, -0.988258, 2.647717 / 3.502489, -0.988258, 2.647717; 1, 34, 1, 0; 0.622166056742; 1, 0, 1; 1, 0, 0; 3, 1, 2 / 3, 3, 0 / 4, 4, 0 ;
