1,0; 2.80365, -2.62029, -2.4217 / 2.80365, -2.62029, -2.4217 / 2.80365, -2.62029, -2.4217; 1, 3, 1, 0; 0.953970917605; 1, 0, 1; 1, 0, 0; 3, 1, 2 ;
0,0; 2.803888, -2.593481, -2.385706 / 2.803888, -2.593481, -2.385706 / 2.803888, -2.593481, -2.385706; 1, 3, 1, 0; 0.953996421620; 1, 0, 1; 1, 0, 0; 1, 2, 0 / 1, 7, 0 / 2, 1, 2 ;
0,0; 2.776522, -2.042578, -1.604169 / 2.776522, -2.042578, -1.604169 / 2.776522, -2.042578, -1.604169; 1, 8, 1, 0; 0.246812844594; 1, 0, 1; 1, 0, 0; 2, 1, 2 ;
0,0; 2.767669, -1.866623, -1.363999 / 2.767669, -1.866623, -1.363999 / 2.767669, -1.866623, -1.363999; 1, 8, 1, 0; 0.629007364635; 1, 0, 1; 1, 0, 0; 2, 1, 2 ;
0,0; 2.772710, -1.871963, -1.363320 / 2.772710, -1.871963, -1.363320 / 2.772710, -1.871963, -1.363320; 1, 8, 1, 0; 0.629008862925; 1, 0, 1; 1, 0, 0; 1, 4, 0 / 2, 5, 0 / 2, 6, 0 / 3, 1, 2 / 4, 9, 0 ;
0,0; 2.751515, -1.424028, -0.730688 / 2.751515, -1.424028, -0.730688 / 2.751515, -1.424028, -0.730688; 1, 12, 1, 0; 0.577099571781; 1, 0, 1; 0, 1, 0; 1, 1, 2 ;
0,0; 2.753501, -1.420610, -0.734538 / 2.753501, -1.420610, -0.734538 / 2.753501, -1.420610, -0.734538; 1, 12, 1, 0; 0.577089758907; 1, 0, 1; 1, 0, 0; 3, 1, 2 ;
0,0; 2.711955, -0.531340, 0.525093 / 2.711955, -0.531340, 0.525093 / 2.711955, -0.531340, 0.525093; 1, 19, 1, 0; 0.557504497821; 1, 0, 1; 1, 0, 0; 2, 1, 2 ;
0,0; 2.705878, -0.396634, 0.717003 / 2.706234, -0.396384, 0.717041 / 2.705522, -0.396885, 0.716966; 1, 20, 1, 0; 0.979966114491; 0, 3, 0; 3, 0, 0; 2, 1, 1 / 3, 2, 1 / 3, 3, 1 / 4, 4, 0 ;
0,0; 2.686817, 0.258468, 1.645994 / 2.686817, 0.258468, 1.645994 / 2.686817, 0.258468, 1.645994; 1, 27, 1, 0; 0.603671921043; 1, 0, 1; 0, 1, 0; 4, 1, 2 ;
0,0; 2.696522, 0.292395, 1.669769 / 2.696522, 0.292395, 1.669769 / 2.696522, 0.292395, 1.669769; 1, 27, 1, 0; 0.605250370182; 1, 0, 1; 0, 1, 0; 4, 1, 2 ;
0,0; 2.703105, 0.297944, 1.675705 / 2.703875, 0.298564, 1.675814 / 2.702335, 0.297323, 1.675595; 1, 27, 1, 0; 0.605236713962; 2, 1, 2; 3, 0, 0; 1, 7, 0 / 2, 1, 2 / 2, 7, 2 / 3, 3, 1 / 4, 3, 0 ;
0,0; 2.675678, 0.243975, 1.633521 / 2.675678, 0.243975, 1.633521 / 2.675678, 0.243975, 1.633521; 1, 27, 1, 0; 0.603696213092; 1, 0, 1; 1, 0, 0; 2, 1, 2 ;
0,0; 2.698321, 0.296857, 1.667961 / 2.698321, 0.296857, 1.667961 / 2.698321, 0.296857, 1.667961; 1, 27, 1, 0; 0.605251346284; 1, 0, 1; 1, 0, 0; 2, 1, 2 ;
0,0; 2.681464, 0.282406, 1.679534 / 2.681464, 0.282406, 1.679534 / 2.681464, 0.282406, 1.679534; 1, 27, 1, 0; 0.605261622981; 1, 0, 1; 1, 0, 0; 3, 1, 2 ;
0,0; 2.686628, 0.289891, 1.663925 / 2.686628, 0.289891, 1.663925 / 2.686628, 0.289891, 1.663925; 1, 27, 1, 0; 0.605266411407; 1, 0, 1; 1, 0, 0; 1, 8, 0 / 2, 10, 0 / 3, 1, 2 ;
0,0; 2.687353, 0.291836, 1.664266 / 2.687353, 0.291836, 1.664266 / 2.687353, 0.291836, 1.664266; 1, 27, 1, 0; 0.605266512700; 0, 1, 0; 1, 0, 0; 1, 1, 0 / 3, 1, 1 ;
0,0; 2.686308, 0.292787, 1.665528 / 2.686308, 0.292787, 1.665528 / 2.686308, 0.292787, 1.665528; 1, 27, 1, 0; 0.605266604785; 1, 0, 1; 1, 0, 0; 3, 1, 2 ;
0,0; 2.676550, 0.293877, 1.667775 / 2.676550, 0.293877, 1.667775 / 2.676550, 0.293877, 1.667775; 1, 27, 1, 0; 0.605267194130; 1, 0, 1; 1, 0, 0; 2, 4, 0 / 3, 1, 2 ;
0,0; 2.673098, 0.286957, 1.670275 / 2.673098, 0.286957, 1.670275 / 2.673098, 0.286957, 1.670275; 1, 27, 1, 0; 0.605281771202; 1, 0, 1; 1, 0, 0; 3, 1, 2 ;
0,0; 2.667304, 0.486616, 1.961680 / 2.667304, 0.486616, 1.961680 / 2.667304, 0.486616, 1.961680; 1, 28, 1, 0; 0.714928836634; 0, 1, 0; 0, 1, 0; 1, 1, 1 ;
0,0; 2.666884, 0.496043, 1.974966 / 2.666884, 0.496043, 1.974966 / 2.666884, 0.496043, 1.974966; 1, 28, 1, 0; 0.714943726795; 0, 1, 0; 0, 1, 0; 4, 1, 1 ;
0,0; 2.668737, 0.481097, 1.956050 / 2.668834, 0.481149, 1.956123 / 2.668640, 0.481045, 1.955977; 1, 28, 1, 0; 0.714913237417; 1, 0, 2; 2, 0, 0; 3, 1, 2 / 3, 2, 2 ;
0,0; 2.655799, 0.475704, 1.947884 / 2.655799, 0.475704, 1.947884 / 2.655799, 0.475704, 1.947884; 1, 28, 1, 0; 0.714899286525; 1, 0, 1; 1, 0, 0; 2, 1, 2 ;
0,0; 2.667844, 0.480275, 1.952007 / 2.667844, 0.480275, 1.952007 / 2.667844, 0.480275, 1.952007; 1, 28, 1, 0; 0.714913403171; 1, 0, 1; 1, 0, 0; 3, 1, 2 ;
0,0; 2.666969, 0.488706, 1.961269 / 2.666969, 0.488706, 1.961269 / 2.666969, 0.488706, 1.961269; 1, 28, 1, 0; 0.714928744549; 1, 0, 1; 1, 0, 0; 3, 1, 2 / 4, 7, 0 ;
0,0; 2.659589, 0.738435, 2.309217 / 2.659589, 0.738435, 2.309217 / 2.659589, 0.738435, 2.309217; 1, 31, 1, 0; 0.784169387566; 1, 0, 1; 1, 0, 0; 2, 1, 2 ;
1,1; 1.46224, 0.545641, -2.69348 / 1.46225, 0.545715, -2.69306 / 1.46223, 0.545568, -2.69391; 1, 2, 1, 0; 0.885130241212; 2, 1, 1; 0, 2, 0; 4, 1, 2 / 4, 2, 1 ;
0,1; 1.482560, 0.885169, -2.892877 / 1.482560, 0.885169, -2.892877 / 1.482560, 0.885169, -2.892877; 1, 2, 1, 0; 0.611625471871; 1, 0, 1; 0, 1, 0; 4, 1, 2 ;
0,1; 1.497219, 1.028499, -2.974832 / 1.497219, 1.028499, -2.974832 / 1.497219, 1.028499, -2.974832; 1, 2, 1, 0; 0.663950191280; 1, 0, 1; 0, 1, 0; 1, 1, 2 ;
0,1; 1.485345, 0.867053, -2.877836 / 1.485345, 0.867053, -2.877836 / 1.485345, 0.867053, -2.877836; 1, 2, 1, 0; 0.611630495144; 1, 0, 1; 1, 0, 0; 3, 1, 2 ;
0,1; 1.492868, 0.858613, -2.864233 / 1.492868, 0.858613, -2.864233 / 1.492868, 0.858613, -2.864233; 1, 2, 1, 0; 0.611636530983; 1, 0, 1; 1, 0, 0; 3, 1, 2 ;
0,1; 1.499673, 1.042001, -2.966182 / 1.499673, 1.042001, -2.966182 / 1.499673, 1.042001, -2.966182; 1, 2, 1, 0; 0.664073214009; 1, 0, 1; 1, 0, 0; 2, 1, 2 ;
0,1; 1.462839, 0.550810, -2.696549 / 1.462839, 0.550810, -2.696549 / 1.462839, 0.550810, -2.696549; 1, 2, 1, 0; 0.885130419202; 0, 1, 0; 1, 0, 0; 3, 1, 1 ;
0,1; 1.454258, 0.443132, -2.637482 / 1.454258, 0.443132, -2.637482 / 1.454258, 0.443132, -2.637482; 1, 2, 1, 0; 0.885575813454; 1, 0, 1; 1, 0, 0; 2, 1, 2 ;
0,1; 1.430724, 0.053606, -2.406868 / 1.430724, 0.053606, -2.406868 / 1.430724, 0.053606, -2.406868; 1, 3, 1, 0; 0.745788686195; 1, 0, 1; 0, 1, 0; 4, 1, 2 ;
0,1; 1.423261, 0.006736, -2.380160 / 1.423261, 0.006736, -2.380160 / 1.423261, 0.006736, -2.380160; 1, 3, 1, 0; 0.745696611419; 1, 0, 1; 1, 0, 0; 3, 1, 2 ;
0,1; 1.355230, -0.901743, -1.852473 / 1.356138, -0.901732, -1.852027 / 1.354322, -0.901755, -1.852918; 1, 4, 1, 0; 0.983230793409; 1, 0, 2; 1, 1, 0; 3, 1, 2 / 4, 8, 2 ;
0,1; 1.382466, -0.515931, -2.073624 / 1.382466, -0.515931, -2.073624 / 1.382466, -0.515931, -2.073624; 1, 4, 1, 0; 0.548217906406; 1, 0, 1; 0, 1, 0; 1, 1, 2 ;
0,1; 1.572157, -0.593357, -2.091867 / 1.572207, -0.593280, -2.091620 / 1.572108, -0.593435, -2.092115; 1, 4, 1, 0; 0.545557933083; 1, 0, 1; 2, 0, 0; 3, 1, 3 / 3, 2, 2 ;
0,1; 1.580020, 2.177297, -3.642019 / 1.580020, 2.177297, -3.642019 / 1.580020, 2.177297, -3.642019; 1, 4, 1, 0; 0.001969632128; 1, 0, 1; 1, 0, 0; 3, 1, 2 ;
0,1; 1.572282, 2.047720, -3.571305 / 1.572282, 2.047720, -3.571305 / 1.572282, 2.047720, -3.571305; 1, 4, 1, 0; 0.003598560589; 1, 0, 1; 1, 0, 0; 3, 1, 2 / 4, 2, 0 ;
0,1; 1.573859, 2.041863, -3.562250 / 1.573859, 2.041863, -3.562250 / 1.573859, 2.041863, -3.562250; 1, 4, 1, 0; 0.003598903114; 1, 0, 1; 1, 0, 0; 1, 1, 0 / 2, 1, 2 ;
0,1; 1.361858, -0.792511, -1.912555 / 1.361858, -0.792511, -1.912555 / 1.361858, -0.792511, -1.912555; 1, 4, 1, 0; 0.519408846013; 0, 1, 0; 1, 0, 0; 3, 1, 1 ;
0,1; 1.352841, -0.899400, -1.849738 / 1.352841, -0.899400, -1.849738 / 1.352841, -0.899400, -1.849738; 1, 4, 1, 0; 0.983231256825; 1, 0, 1; 1, 0, 0; 2, 1, 2 ;
0,1; 1.336471, -1.129518, -1.715159 / 1.336471, -1.129518, -1.715159 / 1.336471, -1.129518, -1.715159; 1, 8, 1, 0; 0.135902768616; 1, 0, 1; 0, 1, 0; 4, 1, 2 ;
0,1; 1.265723, -2.144129, -1.125122 / 1.265723, -2.144129, -1.125122 / 1.265723, -2.144129, -1.125122; 1, 8, 1, 0; 0.779098433085; 0, 0, 0; 0, 1, 0; 1, 1, 3 ;
0,1; 1.343046, -1.019286, -1.785116 / 1.343046, -1.019286, -1.785116 / 1.343046, -1.019286, -1.785116; 1, 8, 1, 0; 0.135485369423; 1, 0, 1; 1, 0, 0; 3, 1, 2 ;
0,1; 1.340788, -1.150567, -1.701022 / 1.340788, -1.150567, -1.701022 / 1.340788, -1.150567, -1.701022; 1, 8, 1, 0; 0.135914345850; 1, 0, 1; 1, 0, 0; 3, 1, 2 ;
0,1; 1.333728, -1.276515, -1.634642 / 1.333728, -1.276515, -1.634642 / 1.333728, -1.276515, -1.634642; 1, 8, 1, 0; 0.168340574219; 1, 0, 1; 1, 0, 0; 3, 1, 2 ;
0,1; 1.324043, -1.349829, -1.591907 / 1.324043, -1.349829, -1.591907 / 1.324043, -1.349829, -1.591907; 1, 8, 1, 0; 0.168404683666; 1, 0, 1; 1, 0, 0; 2, 1, 2 ;
0,1; 1.334265, -1.324861, -1.593837 / 1.334265, -1.324861, -1.593837 / 1.334265, -1.324861, -1.593837; 1, 8, 1, 0; 0.168421691565; 1, 0, 1; 1, 0, 0; 3, 1, 2 ;
0,1; 1.184820, -3.258188, -0.481416 / 1.184820, -3.258188, -0.481416 / 1.184820, -3.258188, -0.481416; 1, 9, 1, 0; 0.882545466047; 1, 0, 1; 0, 1, 0; 1, 1, 2 ;
0,1; 1.217444, -2.811435, -0.737661 / 1.217444, -2.811435, -0.737661 / 1.217444, -2.811435, -0.737661; 1, 9, 1, 0; 0.603152577545; 1, 0, 1; 1, 0, 0; 2, 1, 2 ;
0,1; 1.219253, -2.817626, -0.733180 / 1.219253, -2.817626, -0.733180 / 1.219253, -2.817626, -0.733180; 1, 9, 1, 0; 0.603161963805; 1, 0, 1; 1, 0, 0; 3, 1, 2 ;
0,1; 1.147759, -3.789163, -0.166120 / 1.147771, -3.788994, -0.166022 / 1.147747, -3.789331, -0.166219; 1, 15, 1, 0; 0.268423871405; 0, 2, 0; 0, 2, 1; 1, 4, 1 / 4, 1, 1 ;
0,1; 1.559152, -3.853695, -0.497725 / 1.559192, -3.852998, -0.497541 / 1.559112, -3.854391, -0.497909; 1, 15, 1, 0; 0.201985287814; 1, 0, 2; 1, 1, 0; 3, 1, 2 / 4, 9, 2 ;
0,1; 1.558930, -3.849706, -0.496575 / 1.559239, -3.849374, -0.496458 / 1.558620, -3.850038, -0.496693; 1, 15, 1, 0; 0.201985535607; 0, 2, 0; 1, 1, 0; 3, 1, 1 / 4, 2, 1 / 4, 6, 0 ;
0,1; 1.559354, -3.851875, -0.496654 / 1.559354, -3.851875, -0.496654 / 1.559354, -3.851875, -0.496654; 1, 15, 1, 0; 0.201985428454; 1, 0, 1; 0, 1, 0; 1, 1, 2 ;
0,1; 1.148049, -3.788955, -0.166414 / 1.148326, -3.788917, -0.166219 / 1.147771, -3.788994, -0.166609; 1, 15, 1, 0; 0.268423891496; 1, 0, 1; 0, 2, 0; 1, 1, 1 / 1, 9, 2 ;
0,1; 1.151193, -3.735745, -0.195175 / 1.151193, -3.735745, -0.195175 / 1.151193, -3.735745, -0.195175; 1, 15, 1, 0; 0.269726966000; 1, 0, 1; 0, 1, 0; 4, 1, 2 ;
0,1; 1.122346, -4.147796, 0.043805 / 1.122346, -4.147796, 0.043805 / 1.122346, -4.147796, 0.043805; 1, 15, 1, 0; 0.934660591059; 1, 0, 1; 0, 1, 0; 1, 1, 2 ;
0,1; 1.595639, -3.859268, -0.708651 / 1.595982, -3.858480, -0.708459 / 1.595297, -3.860055, -0.708844; 1, 15, 1, 0; 0.009616289754; 2, 1, 2; 4, 0, 0; 1, 3, 0 / 1, 5, 0 / 2, 5, 1 / 2, 6, 2 / 2, 7, 3 / 3, 1, 2 ;
0,1; 1.596891, -3.860630, -0.704337 / 1.596891, -3.860630, -0.704337 / 1.596891, -3.860630, -0.704337; 1, 15, 1, 0; 0.009615452617; 1, 0, 1; 1, 0, 0; 1, 7, 0 / 3, 1, 2 / 3, 4, 0 / 3, 6, 0 ;
0,1; 1.593431, -3.858338, -0.713374 / 1.593431, -3.858338, -0.713374 / 1.593431, -3.858338, -0.713374; 1, 15, 1, 0; 0.009617455049; 1, 0, 1; 1, 0, 0; 3, 1, 2 ;
0,1; 1.631999, -3.771747, -0.755059 / 1.631999, -3.771747, -0.755059 / 1.631999, -3.771747, -0.755059; 1, 15, 1, 0; 0.010201000011; 1, 0, 1; 1, 0, 0; 3, 1, 2 ;
0,1; 1.559404, -3.848419, -0.513569 / 1.559404, -3.848419, -0.513569 / 1.559404, -3.848419, -0.513569; 1, 15, 1, 0; 0.201961754211; 1, 0, 1; 1, 0, 0; 3, 1, 2 / 4, 8, 0 ;
0,1; 1.558365, -3.841241, -0.490504 / 1.558365, -3.841241, -0.490504 / 1.558365, -3.841241, -0.490504; 1, 15, 1, 0; 0.201987665284; 1, 0, 1; 1, 0, 0; 3, 1, 2 / 4, 1, 0 ;
0,1; 1.121425, -4.232616, 0.088186 / 1.121425, -4.232616, 0.088186 / 1.121425, -4.232616, 0.088186; 1, 15, 1, 0; 0.936619840555; 1, 0, 1; 1, 0, 0; 3, 1, 2 ;
1,2; -2.88606, -3.18905, -1.39112 / -2.88596, -3.18892, -1.39107 / -2.88616, -3.18918, -1.39117; 1, 9, 1, 0; 0.232770444312; 1, 0, 2; 1, 1, 0; 1, 1, 2 / 2, 2, 2 ;
0,2; -2.766615, -3.239899, -1.392923 / -2.766615, -3.239899, -1.392923 / -2.766615, -3.239899, -1.392923; 1, 9, 1, 0; 0.234190618931; 1, 0, 1; 0, 1, 0; 4, 1, 2 ;
0,2; -2.638759, -3.264137, -1.352445 / -2.638759, -3.264137, -1.352445 / -2.638759, -3.264137, -1.352445; 1, 9, 1, 0; 0.235858518355; 1, 0, 1; 0, 1, 0; 1, 9, 0 / 2, 8, 0 / 4, 1, 2 ;
0,2; -2.861790, -3.194051, -1.410008 / -2.861790, -3.194051, -1.410008 / -2.861790, -3.194051, -1.410008; 1, 9, 1, 0; 0.232757062403; 1, 0, 1; 1, 0, 0; 3, 1, 2 ;
0,2; -2.765035, -3.240980, -1.397739 / -2.765035, -3.240980, -1.397739 / -2.765035, -3.240980, -1.397739; 1, 9, 1, 0; 0.234190072841; 1, 0, 1; 1, 0, 0; 2, 1, 2 ;
0,2; -2.646008, -3.263782, -1.356725 / -2.646008, -3.263782, -1.356725 / -2.646008, -3.263782, -1.356725; 1, 9, 1, 0; 0.235858004706; 0, 1, 0; 1, 0, 0; 3, 1, 1 ;
0,2; -2.637502, -3.267032, -1.352923 / -2.637502, -3.267032, -1.352923 / -2.637502, -3.267032, -1.352923; 1, 9, 1, 0; 0.235859232057; 1, 0, 1; 1, 0, 0; 2, 1, 0 / 3, 1, 2 ;
0,2; -2.182093, -2.970725, -1.060353 / -2.182093, -2.970725, -1.060353 / -2.182093, -2.970725, -1.060353; 1, 9, 1, 0; 0.332008519004; 0, 1, 0; 1, 0, 0; 2, 1, 1 ;
0,2; -2.190858, -2.797141, -0.980966 / -2.190858, -2.797141, -0.980966 / -2.190858, -2.797141, -0.980966; 1, 9, 1, 0; 0.332562086648; 0, 1, 0; 1, 0, 0; 2, 1, 1 / 4, 1, 0 ;
0,2; -2.177321, -2.799531, -0.980128 / -2.177321, -2.799531, -0.980128 / -2.177321, -2.799531, -0.980128; 1, 9, 1, 0; 0.332565238831; 1, 0, 1; 1, 0, 0; 3, 1, 2 ;
0,2; -2.176265, -2.803764, -0.977571 / -2.176265, -2.803764, -0.977571 / -2.176265, -2.803764, -0.977571; 1, 9, 1, 0; 0.332566206653; 1, 0, 1; 1, 0, 0; 3, 1, 2 ;
0,2; -2.158519, -2.329948, -0.759592 / -2.158519, -2.329948, -0.759592 / -2.158519, -2.329948, -0.759592; 1, 9, 1, 0; 0.546192682178; 1, 0, 1; 1, 0, 0; 2, 1, 2 ;
0,2; -2.132361, -1.216717, -0.241084 / -2.132361, -1.216717, -0.241084 / -2.132361, -1.216717, -0.241084; 1, 10, 1, 0; 0.821449322848; 0, 1, 0; 0, 1, 0; 4, 1, 1 ;
0,2; -2.145953, -1.828091, -0.528196 / -2.145747, -1.827933, -0.528094 / -2.146160, -1.828248, -0.528297; 1, 10, 1, 0; 0.534769176950; 2, 1, 1; 2, 0, 0; 2, 3, 1 / 3, 1, 2 ;
0,2; -2.144901, -1.825609, -0.532879 / -2.144901, -1.825609, -0.532879 / -2.144901, -1.825609, -0.532879; 1, 10, 1, 0; 0.534759714995; 1, 0, 1; 1, 0, 0; 3, 1, 2 ;
0,2; -2.149460, -1.827764, -0.528100 / -2.149460, -1.827764, -0.528100 / -2.149460, -1.827764, -0.528100; 1, 10, 1, 0; 0.534768522724; 1, 0, 1; 1, 0, 0; 3, 1, 2 ;
0,2; -2.133524, -1.213077, -0.247233 / -2.133524, -1.213077, -0.247233 / -2.133524, -1.213077, -0.247233; 1, 10, 1, 0; 0.821439233701; 1, 0, 1; 1, 0, 0; 2, 1, 2 ;
0,2; -2.107196, -0.210357, 0.223379 / -2.106904, -0.210145, 0.223488 / -2.107489, -0.210568, 0.223270; 1, 14, 1, 0; 0.893897713158; 0, 1, 0; 1, 1, 0; 1, 3, 0 / 3, 1, 3 / 4, 1, 1 ;
0,2; -2.108847, -0.419366, 0.127642 / -2.108847, -0.419366, 0.127642 / -2.108847, -0.419366, 0.127642; 1, 14, 1, 0; 0.901846258292; 1, 0, 1; 0, 1, 0; 4, 1, 2 ;
0,2; -2.100656, -0.216784, 0.221783 / -2.100656, -0.216784, 0.221783 / -2.100656, -0.216784, 0.221783; 1, 14, 1, 0; 0.893896488306; 1, 0, 1; 1, 0, 0; 3, 1, 2 / 4, 2, 0 ;
0,2; -2.096314, 0.006044, 0.330823 / -2.096314, 0.006044, 0.330823 / -2.096314, 0.006044, 0.330823; 1, 17, 1, 0; 0.707708523388; 0, 1, 0; 0, 1, 0; 4, 1, 1 ;
0,2; -2.083422, 0.399835, 0.515846 / -2.083422, 0.399835, 0.515846 / -2.083422, 0.399835, 0.515846; 1, 17, 1, 0; 0.747546575663; 1, 0, 1; 0, 1, 0; 4, 1, 2 ;
0,2; -2.028722, 0.144224, 0.523414 / -2.028722, 0.144224, 0.523414 / -2.028722, 0.144224, 0.523414; 1, 17, 1, 0; 0.709593059264; 1, 0, 1; 1, 0, 0; 2, 1, 2 ;
0,2; -2.082299, 0.505226, 0.558972 / -2.082299, 0.505226, 0.558972 / -2.082299, 0.505226, 0.558972; 1, 17, 1, 0; 0.747429620392; 1, 0, 1; 1, 0, 0; 2, 1, 2 ;
0,2; -1.718919, -0.783671, 0.537721 / -1.718413, -0.783210, 0.538007 / -1.719424, -0.784131, 0.537434; 1, 21, 1, 0; 0.135329239935; 2, 1, 1; 1, 1, 0; 1, 5, 0 / 3, 1, 1 / 4, 10, 2 ;
0,2; -1.641750, -1.011674, 0.473753 / -1.641750, -1.011674, 0.473753 / -1.641750, -1.011674, 0.473753; 1, 21, 1, 0; 0.143497491284; 1, 0, 1; 0, 1, 0; 1, 1, 2 ;
0,2; -1.719514, -0.782876, 0.538044 / -1.719424, -0.782543, 0.538080 / -1.719604, -0.783210, 0.538007; 1, 21, 1, 0; 0.135329203555; 0, 1, 0; 2, 0, 0; 1, 10, 0 / 2, 1, 1 / 3, 6, 1 ;
0,2; -1.640405, -1.005633, 0.462353 / -1.640405, -1.005633, 0.462353 / -1.640405, -1.005633, 0.462353; 1, 21, 1, 0; 0.143485122322; 1, 0, 1; 1, 0, 0; 3, 1, 2 ;
0,2; -1.639202, -1.006945, 0.486169 / -1.639202, -1.006945, 0.486169 / -1.639202, -1.006945, 0.486169; 1, 21, 1, 0; 0.143511286314; 1, 0, 1; 1, 0, 0; 3, 1, 2 ;
0,2; -2.066976, 1.017036, 0.804088 / -2.066976, 1.017036, 0.804088 / -2.066976, 1.017036, 0.804088; 1, 24, 1, 0; 0.237194490385; 0, 1, 0; 0, 1, 0; 4, 1, 1 ;
0,2; -2.025354, 2.450013, 1.477080 / -2.025354, 2.450013, 1.477080 / -2.025354, 2.450013, 1.477080; 1, 24, 1, 0; 0.479370927241; 1, 0, 1; 0, 1, 0; 1, 4, 0 / 4, 1, 2 ;
0,2; -2.025909, 2.460608, 1.479750 / -2.025909, 2.460608, 1.479750 / -2.025909, 2.460608, 1.479750; 1, 24, 1, 0; 0.479381672157; 0, 1, 0; 0, 1, 0; 1, 1, 1 / 4, 8, 0 ;
0,2; -2.066103, 1.148364, 0.877975 / -2.066103, 1.148364, 0.877975 / -2.066103, 1.148364, 0.877975; 1, 24, 1, 0; 0.237122224538; 0, 1, 0; 1, 0, 0; 3, 1, 1 ;
0,2; -2.072704, 1.149020, 0.881434 / -2.072704, 1.149020, 0.881434 / -2.072704, 1.149020, 0.881434; 1, 24, 1, 0; 0.237124374999; 1, 0, 1; 1, 0, 0; 2, 1, 2 ;
0,2; -2.068809, 1.012635, 0.803084 / -2.068809, 1.012635, 0.803084 / -2.068809, 1.012635, 0.803084; 1, 24, 1, 0; 0.237195694939; 1, 0, 1; 1, 0, 0; 3, 1, 2 ;
0,2; -2.031683, 2.311848, 1.408829 / -2.031683, 2.311848, 1.408829 / -2.031683, 2.311848, 1.408829; 1, 24, 1, 0; 0.479076454443; 1, 0, 1; 1, 0, 0; 2, 1, 2 ;
0,2; -2.029338, 2.462275, 1.483061 / -2.029338, 2.462275, 1.483061 / -2.029338, 2.462275, 1.483061; 1, 24, 1, 0; 0.479380903608; 1, 0, 1; 1, 0, 0; 3, 1, 2 ;
0,2; -2.022902, 2.460181, 1.487765 / -2.022902, 2.460181, 1.487765 / -2.022902, 2.460181, 1.487765; 1, 24, 1, 0; 0.479382012093; 1, 0, 1; 1, 0, 0; 2, 1, 2 ;
0,2; -2.039063, 2.051008, 1.259349 / -2.039063, 2.051008, 1.259349 / -2.039063, 2.051008, 1.259349; 1, 24, 1, 0; 0.479761468758; 1, 0, 1; 1, 0, 0; 3, 1, 2 ;
0,2; -2.039868, 2.041445, 1.262136 / -2.039868, 2.041445, 1.262136 / -2.039868, 2.041445, 1.262136; 1, 24, 1, 0; 0.479762495954; 1, 0, 1; 1, 0, 0; 2, 1, 2 / 4, 3, 0 ;
0,2; -2.041512, 2.043079, 1.266040 / -2.041512, 2.043079, 1.266040 / -2.041512, 2.043079, 1.266040; 1, 24, 1, 0; 0.479762658532; 0, 1, 0; 1, 0, 0; 3, 1, 1 ;
0,2; -2.037822, 2.043585, 1.270614 / -2.037822, 2.043585, 1.270614 / -2.037822, 2.043585, 1.270614; 1, 24, 1, 0; 0.479762895009; 1, 0, 1; 1, 0, 0; 3, 1, 2 ;
0,2; -2.039282, 2.063590, 1.292861 / -2.039282, 2.063590, 1.292861 / -2.039282, 2.063590, 1.292861; 1, 24, 1, 0; 0.481038946259; 1, 0, 1; 1, 0, 0; 2, 1, 2 ;
0,2; -2.020190, 2.645277, 1.567351 / -2.020190, 2.645277, 1.567351 / -2.020190, 2.645277, 1.567351; 1, 24, 1, 0; 0.981307842607; 1, 0, 1; 1, 0, 0; 3, 1, 2 ;
0,2; -1.999027, 3.526926, 1.978280 / -1.998665, 3.527224, 1.978754 / -1.999388, 3.526629, 1.977805; 1, 29, 1, 0; 0.598419543253; 2, 2, 1; 2, 1, 0; 1, 2, 1 / 2, 1, 1 / 3, 6, 2 / 4, 4, 0 ;
0,2; -2.035733, 2.865050, 1.642147 / -2.035733, 2.865050, 1.642147 / -2.035733, 2.865050, 1.642147; 1, 29, 1, 0; 0.407891344329; 1, 0, 1; 1, 0, 0; 3, 1, 2 ;
0,2; -2.000276, 3.528414, 1.974125 / -2.000276, 3.528414, 1.974125 / -2.000276, 3.528414, 1.974125; 1, 29, 1, 0; 0.598420858320; 1, 0, 1; 1, 0, 0; 2, 1, 2 ;
1,3; -3.48477, 2.46627, 1.69231 / -3.48379, 2.46661, 1.69244 / -3.48574, 2.46593, 1.69219; 1, 24, 1, 0; 0.965333683615; 2, 1, 1; 0, 2, 0; 1, 1, 1 / 1, 7, 2 ;
0,3; -2.109513, 2.355800, 1.552017 / -2.109200, 2.355974, 1.552431 / -2.109826, 2.355626, 1.551602; 1, 24, 1, 0; 0.978271494637; 2, 1, 2; 2, 1, 0; 1, 2, 0 / 1, 3, 1 / 1, 7, 0 / 2, 1, 0 / 2, 3, 2 / 3, 1, 2 / 4, 5, 0 ;
0,3; -2.107600, 2.356209, 1.553281 / -2.107334, 2.356990, 1.553478 / -2.107865, 2.355429, 1.553084; 1, 24, 1, 0; 0.978271612876; 1, 0, 2; 1, 1, 0; 1, 6, 2 / 2, 1, 2 ;
0,3; -3.303087, 2.344060, 1.792469 / -3.303087, 2.344060, 1.792469 / -3.303087, 2.344060, 1.792469; 1, 24, 1, 0; 0.967486797941; 0, 1, 0; 0, 1, 0; 4, 1, 1 ;
0,3; -2.913233, 2.419879, 1.632897 / -2.913233, 2.419879, 1.632897 / -2.913233, 2.419879, 1.632897; 1, 24, 1, 0; 0.970380158706; 0, 1, 0; 0, 1, 0; 1, 1, 1 / 1, 5, 0 ;
0,3; -2.920605, 2.418970, 1.627088 / -2.920605, 2.418970, 1.627088 / -2.920605, 2.418970, 1.627088; 1, 24, 1, 0; 0.970392972795; 1, 0, 1; 0, 1, 0; 4, 1, 2 ;
0,3; -2.919044, 2.421172, 1.628093 / -2.919044, 2.421172, 1.628093 / -2.919044, 2.421172, 1.628093; 1, 24, 1, 0; 0.970393083643; 0, 1, 0; 0, 1, 0; 4, 1, 1 ;
0,3; -2.630678, 2.398500, 1.603137 / -2.630678, 2.398500, 1.603137 / -2.630678, 2.398500, 1.603137; 1, 24, 1, 0; 0.973168442460; 1, 0, 1; 0, 1, 0; 1, 1, 2 ;
0,3; -2.023353, 2.347895, 1.540071 / -2.023353, 2.347895, 1.540071 / -2.023353, 2.347895, 1.540071; 1, 24, 1, 0; 0.479206405862; 1, 0, 1; 1, 0, 0; 3, 1, 2 ;
0,3; -2.916544, 2.425531, 1.626911 / -2.916544, 2.425531, 1.626911 / -2.916544, 2.425531, 1.626911; 1, 24, 1, 0; 0.970380454302; 1, 0, 1; 1, 0, 0; 2, 1, 2 ;
0,3; -2.106123, 2.356332, 1.555249 / -2.106123, 2.356332, 1.555249 / -2.106123, 2.356332, 1.555249; 1, 24, 1, 0; 0.978271753284; 1, 0, 1; 1, 0, 0; 3, 1, 2 ;
0,3; 2.417664, 1.994537, 1.060511 / 2.418616, 1.994965, 1.060824 / 2.416712, 1.994108, 1.060197; 1, 26, 1, 0; 0.330143928679; 1, 0, 2; 1, 1, 0; 1, 1, 2 / 2, 8, 2 ;
0,3; 2.993020, 1.944823, 1.005064 / 2.993029, 1.944864, 1.005076 / 2.993012, 1.944783, 1.005052; 1, 26, 1, 0; 0.337037863786; 0, 2, 0; 1, 1, 0; 3, 1, 1 / 4, 1, 1 ;
0,3; 1.046975, 2.102068, 1.209980 / 1.046975, 2.102068, 1.209980 / 1.046975, 2.102068, 1.209980; 1, 26, 1, 0; 0.315948214821; 0, 1, 0; 0, 1, 0; 1, 1, 1 / 2, 1, 0 ;
0,3; 2.420442, 1.991553, 1.066468 / 2.420442, 1.991553, 1.066468 / 2.420442, 1.991553, 1.066468; 1, 26, 1, 0; 0.330146320346; 1, 0, 1; 0, 1, 0; 4, 1, 2 ;
0,3; 2.405688, 1.992667, 1.073946 / 2.405688, 1.992667, 1.073946 / 2.405688, 1.992667, 1.073946; 1, 26, 1, 0; 0.330162410527; 1, 0, 1; 0, 1, 0; 1, 1, 2 ;
0,3; 3.184267, 1.928765, 0.986224 / 3.184267, 1.928765, 0.986224 / 3.184267, 1.928765, 0.986224; 1, 26, 1, 0; 0.339342951438; 1, 0, 1; 0, 1, 0; 1, 1, 2 ;
0,3; 0.959779, 1.884173, 1.065292 / 0.959779, 1.884173, 1.065292 / 0.959779, 1.884173, 1.065292; 1, 26, 1, 0; 0.313354944066; 1, 0, 1; 1, 0, 0; 1, 7, 0 / 3, 1, 2 ;
0,3; 2.413346, 1.993589, 1.065880 / 2.413346, 1.993589, 1.065880 / 2.413346, 1.993589, 1.065880; 1, 26, 1, 0; 0.330145565985; 1, 0, 1; 1, 0, 0; 3, 1, 2 ;
0,3; 2.415691, 1.990173, 1.066897 / 2.415691, 1.990173, 1.066897 / 2.415691, 1.990173, 1.066897; 1, 26, 1, 0; 0.330146526081; 1, 0, 1; 1, 0, 0; 2, 1, 2 ;
0,3; 2.990748, 1.943974, 1.005763 / 2.990748, 1.943974, 1.005763 / 2.990748, 1.943974, 1.005763; 1, 26, 1, 0; 0.337037709485; 1, 0, 1; 1, 0, 0; 2, 1, 2 ;
0,3; 2.945453, 1.949152, 1.008493 / 2.945453, 1.949152, 1.008493 / 2.945453, 1.949152, 1.008493; 1, 26, 1, 0; 0.337099781407; 1, 0, 1; 1, 0, 0; 1, 3, 0 / 2, 6, 0 / 3, 1, 2 / 3, 3, 0 ;
0,3; 3.268922, 1.923791, 0.982376 / 3.268922, 1.923791, 0.982376 / 3.268922, 1.923791, 0.982376; 1, 26, 1, 0; 0.339233980541; 1, 0, 1; 1, 0, 0; 3, 1, 2 ;
0,3; 3.252846, 1.923309, 0.980378 / 3.252846, 1.923309, 0.980378 / 3.252846, 1.923309, 0.980378; 1, 26, 1, 0; 0.339264197848; 0, 1, 0; 1, 0, 0; 2, 1, 0 / 3, 1, 1 ;
0,3; 3.227904, 1.924250, 0.975290 / 3.227904, 1.924250, 0.975290 / 3.227904, 1.924250, 0.975290; 1, 26, 1, 0; 0.339294638035; 1, 0, 1; 1, 0, 0; 2, 1, 2 / 4, 2, 0 ;
0,3; 3.185062, 1.929400, 0.983576 / 3.185062, 1.929400, 0.983576 / 3.185062, 1.929400, 0.983576; 1, 26, 1, 0; 0.339341939908; 0, 1, 0; 1, 0, 0; 3, 1, 1 ;
0,3; -0.976509, 2.265113, 1.422536 / -0.976338, 2.265292, 1.422655 / -0.976680, 2.264933, 1.422418; 1, 29, 1, 0; 0.226179770574; 2, 1, 1; 1, 1, 0; 1, 2, 2 / 2, 1, 1 / 3, 4, 0 ;
0,3; -0.118177, 2.194124, 1.336733 / -0.118177, 2.194124, 1.336733 / -0.118177, 2.194124, 1.336733; 1, 29, 1, 0; 0.211699796603; 1, 0, 1; 0, 1, 0; 4, 1, 2 ;
0,3; -0.989735, 2.264782, 1.428980 / -0.989735, 2.264782, 1.428980 / -0.989735, 2.264782, 1.428980; 1, 29, 1, 0; 0.226192502367; 0, 1, 0; 0, 1, 0; 4, 1, 1 ;
0,3; -1.110972, 2.279164, 1.447311 / -1.110972, 2.279164, 1.447311 / -1.110972, 2.279164, 1.447311; 1, 29, 1, 0; 0.226612680749; 1, 0, 1; 0, 1, 0; 4, 1, 2 ;
0,3; -1.713301, 2.294644, 1.465952 / -1.713301, 2.294644, 1.465952 / -1.713301, 2.294644, 1.465952; 1, 29, 1, 0; 0.234906805616; 1, 0, 1; 0, 1, 0; 1, 1, 2 / 1, 3, 0 / 4, 2, 0 ;
0,3; -1.565464, 2.312636, 1.490321 / -1.565143, 2.312719, 1.490452 / -1.565785, 2.312553, 1.490190; 1, 29, 1, 0; 0.234641912243; 1, 0, 1; 2, 0, 0; 1, 1, 0 / 1, 3, 0 / 3, 1, 3 / 3, 3, 2 ;
0,3; -2.566044, 2.826479, 1.650318 / -2.565455, 2.827152, 1.651201 / -2.566633, 2.825806, 1.649434; 1, 29, 1, 0; 0.397751099785; 2, 1, 1; 2, 0, 0; 3, 1, 1 / 3, 9, 2 / 4, 9, 0 ;
0,3; -0.400318, 2.213078, 1.364133 / -0.400318, 2.213078, 1.364133 / -0.400318, 2.213078, 1.364133; 1, 29, 1, 0; 0.215967625983; 1, 0, 1; 1, 0, 0; 2, 1, 2 ;
0,3; -0.676703, 2.242124, 1.388001 / -0.676703, 2.242124, 1.388001 / -0.676703, 2.242124, 1.388001; 1, 29, 1, 0; 0.222002534669; 1, 0, 1; 1, 0, 0; 2, 1, 2 ;
0,3; -0.998809, 2.266970, 1.427190 / -0.998809, 2.266970, 1.427190 / -0.998809, 2.266970, 1.427190; 1, 29, 1, 0; 0.226191947117; 1, 0, 1; 1, 0, 0; 2, 1, 2 ;
0,3; -0.991463, 2.265995, 1.432671 / -0.991463, 2.265995, 1.432671 / -0.991463, 2.265995, 1.432671; 1, 29, 1, 0; 0.226192697192; 0, 0, 0; 1, 0, 0; 3, 1, 3 ;
0,3; -0.992327, 2.270826, 1.424822 / -0.992327, 2.270826, 1.424822 / -0.992327, 2.270826, 1.424822; 1, 29, 1, 0; 0.226193544679; 1, 0, 1; 1, 0, 0; 3, 1, 2 ;
0,3; -1.105569, 2.279004, 1.437653 / -1.105569, 2.279004, 1.437653 / -1.105569, 2.279004, 1.437653; 1, 29, 1, 0; 0.226593821720; 1, 0, 1; 1, 0, 0; 3, 1, 2 ;
0,3; -1.407634, 2.299945, 1.473724 / -1.407634, 2.299945, 1.473724 / -1.407634, 2.299945, 1.473724; 1, 29, 1, 0; 0.230773434486; 0, 1, 0; 1, 0, 0; 3, 1, 1 ;
0,3; -1.562341, 2.312590, 1.490233 / -1.562341, 2.312590, 1.490233 / -1.562341, 2.312590, 1.490233; 1, 29, 1, 0; 0.234643178604; 0, 1, 0; 1, 0, 0; 3, 1, 1 ;
0,3; -1.709796, 2.298695, 1.467034 / -1.709796, 2.298695, 1.467034 / -1.709796, 2.298695, 1.467034; 1, 29, 1, 0; 0.234906493896; 1, 0, 1; 1, 0, 0; 3, 1, 2 ;
0,3; -1.725619, 2.282240, 1.483211 / -1.725619, 2.282240, 1.483211 / -1.725619, 2.282240, 1.483211; 1, 29, 1, 0; 0.234928440896; 1, 0, 1; 1, 0, 0; 2, 1, 2 ;
0,3; -2.779675, 2.954295, 1.684850 / -2.779675, 2.954295, 1.684850 / -2.779675, 2.954295, 1.684850; 1, 29, 1, 0; 0.397121290051; 1, 0, 1; 1, 0, 0; 2, 1, 2 ;
0,3; 0.181800, 2.174409, 1.303202 / 0.181800, 2.174409, 1.303202 / 0.181800, 2.174409, 1.303202; 1, 30, 1, 0; 0.017438074976; 1, 0, 1; 0, 1, 0; 1, 1, 2 ;
0,3; 0.177782, 2.171525, 1.304420 / 0.177782, 2.171525, 1.304420 / 0.177782, 2.171525, 1.304420; 1, 30, 1, 0; 0.017439399784; 1, 0, 1; 0, 1, 0; 4, 1, 2 ;
0,3; 0.005225, 2.185826, 1.323035 / 0.005225, 2.185826, 1.323035 / 0.005225, 2.185826, 1.323035; 1, 30, 1, 0; 0.017182991026; 0, 1, 0; 1, 0, 0; 2, 1, 1 ;
1,4; 3.65663, 2.3072, -0.811177 / 3.65663, 2.3072, -0.811177 / 3.65663, 2.3072, -0.811177; 1, 12, 1, 0; 0.268905312341; 1, 0, 1; 0, 1, 0; 1, 1, 2 ;
0,4; 3.691287, 2.465474, -0.977527 / 3.691314, 2.466092, -0.977333 / 3.691260, 2.464856, -0.977721; 1, 12, 1, 0; 0.223294894330; 2, 1, 1; 2, 0, 0; 2, 1, 1 / 3, 4, 2 ;
0,4; 3.544592, 1.769206, -0.258805 / 3.544592, 1.769206, -0.258805 / 3.544592, 1.769206, -0.258805; 1, 13, 1, 0; 0.784450213764; 1, 0, 1; 0, 1, 0; 1, 7, 0 / 4, 1, 2 ;
0,4; 3.541742, 1.768476, -0.248289 / 3.541742, 1.768476, -0.248289 / 3.541742, 1.768476, -0.248289; 1, 13, 1, 0; 0.784453100476; 1, 0, 1; 0, 1, 0; 1, 1, 2 ;
0,4; 3.591084, 1.993809, -0.495896 / 3.591084, 1.993809, -0.495896 / 3.591084, 1.993809, -0.495896; 1, 13, 1, 0; 0.445979284613; 1, 0, 1; 1, 0, 0; 2, 1, 2 ;
0,4; 3.591787, 2.003858, -0.489089 / 3.591787, 2.003858, -0.489089 / 3.591787, 2.003858, -0.489089; 1, 13, 1, 0; 0.445980552550; 1, 0, 1; 1, 0, 0; 2, 1, 2 ;
0,4; 3.554337, 1.770863, -0.255245 / 3.554337, 1.770863, -0.255245 / 3.554337, 1.770863, -0.255245; 1, 13, 1, 0; 0.784440273382; 1, 0, 1; 1, 0, 0; 3, 1, 2 ;
0,4; 3.542766, 1.766662, -0.261912 / 3.542766, 1.766662, -0.261912 / 3.542766, 1.766662, -0.261912; 1, 13, 1, 0; 0.784449524400; 1, 0, 1; 1, 0, 0; 3, 1, 2 ;
0,4; 3.543314, 1.770500, -0.260309 / 3.543314, 1.770500, -0.260309 / 3.543314, 1.770500, -0.260309; 1, 13, 1, 0; 0.784450275315; 0, 1, 0; 1, 0, 0; 3, 1, 1 ;
0,4; 3.537964, 1.767502, -0.241703 / 3.537964, 1.767502, -0.241703 / 3.537964, 1.767502, -0.241703; 1, 13, 1, 0; 0.784454017576; 1, 0, 1; 1, 0, 0; 3, 1, 2 ;
0,4; 3.385068, 1.045683, 0.504285 / 3.385068, 1.045683, 0.504285 / 3.385068, 1.045683, 0.504285; 1, 19, 1, 0; 0.738540941737; 1, 0, 1; 0, 1, 0; 4, 1, 2 ;
0,4; 3.450030, 1.333174, 0.207515 / 3.450030, 1.333174, 0.207515 / 3.450030, 1.333174, 0.207515; 1, 20, 1, 0; 0.350798666852; 1, 0, 1; 0, 1, 0; 4, 1, 2 ;
0,4; 3.467664, 1.458000, 0.102917 / 3.467664, 1.458000, 0.102917 / 3.467664, 1.458000, 0.102917; 1, 20, 1, 0; 0.350925140937; 1, 0, 1; 0, 1, 0; 1, 1, 2 / 1, 9, 0 / 2, 10, 0 ;
0,4; 3.466436, 1.456450, 0.095116 / 3.466655, 1.456908, 0.095860 / 3.466216, 1.455993, 0.094372; 1, 20, 1, 0; 0.350912298285; 2, 1, 1; 2, 0, 0; 1, 4, 0 / 2, 1, 1 / 2, 7, 2 ;
0,4; 3.464699, 1.459379, 0.097040 / 3.464699, 1.459379, 0.097040 / 3.464699, 1.459379, 0.097040; 1, 20, 1, 0; 0.350911502851; 1, 0, 1; 1, 0, 0; 3, 1, 2 ;
0,4; 3.460136, 1.464041, 0.101717 / 3.460136, 1.464041, 0.101717 / 3.460136, 1.464041, 0.101717; 1, 20, 1, 0; 0.350922978801; 1, 0, 1; 1, 0, 0; 3, 1, 2 / 3, 6, 0 / 4, 2, 0 ;
0,4; 3.464609, 1.458994, 0.108368 / 3.464609, 1.458994, 0.108368 / 3.464609, 1.458994, 0.108368; 1, 20, 1, 0; 0.350924432277; 1, 0, 1; 1, 0, 0; 2, 1, 2 ;
0,4; 3.270508, 0.497894, 1.076190 / 3.271477, 0.498775, 1.076517 / 3.269538, 0.497012, 1.075863; 1, 26, 1, 0; 0.167393485063; 2, 2, 1; 2, 1, 0; 1, 1, 1 / 2, 2, 2 / 3, 9, 1 ;
0,4; 3.238259, 0.333137, 1.251460 / 3.238259, 0.333137, 1.251460 / 3.238259, 0.333137, 1.251460; 1, 26, 1, 0; 0.917024439587; 1, 0, 1; 0, 1, 0; 4, 1, 2 ;
0,4; 3.219153, 0.260724, 1.322225 / 3.219153, 0.260724, 1.322225 / 3.219153, 0.260724, 1.322225; 1, 26, 1, 0; 0.929340105439; 0, 0, 0; 1, 0, 0; 1, 3, 0 / 1, 9, 0 / 2, 1, 3 / 4, 10, 0 ;
0,4; 3.153941, -0.076466, 1.664238 / 3.154001, -0.076187, 1.664347 / 3.153881, -0.076745, 1.664129; 1, 27, 1, 0; 0.692989598067; 0, 3, 0; 1, 2, 1; 1, 1, 1 / 3, 6, 1 / 4, 6, 1 ;
0,4; 3.166991, 0.024229, 1.572172 / 3.166991, 0.024229, 1.572172 / 3.166991, 0.024229, 1.572172; 1, 27, 1, 0; 0.594546978135; 1, 0, 1; 0, 1, 0; 1, 1, 2 ;
0,4; 3.148150, -0.082651, 1.682531 / 3.148150, -0.082651, 1.682531 / 3.148150, -0.082651, 1.682531; 1, 27, 1, 0; 0.693004561896; 1, 0, 1; 1, 0, 0; 2, 1, 2 ;
0,4; 3.062529, -0.493483, 2.112998 / 3.062529, -0.493483, 2.112998 / 3.062529, -0.493483, 2.112998; 1, 28, 1, 0; 0.827273949493; 1, 0, 1; 0, 1, 0; 1, 1, 2 ;
0,4; 3.006964, -0.715732, 2.337610 / 3.006964, -0.715732, 2.337610 / 3.006964, -0.715732, 2.337610; 1, 34, 1, 0; 0.060819656796; 1, 0, 1; 0, 1, 0; 1, 1, 2 ;
0,4; 2.965029, -0.920041, 2.553189 / 2.965029, -0.920041, 2.553189 / 2.965029, -0.920041, 2.553189; 1, 34, 1, 0; 0.636107169674; 0, 1, 0; 0, 1, 0; 1, 1, 1 ;
0,4; 3.011603, -0.704359, 2.328180 / 3.011654, -0.704289, 2.328353 / 3.011552, -0.704429, 2.328007; 1, 34, 1, 0; 0.060792528232; 2, 1, 1; 2, 0, 0; 1, 3, 0 / 2, 1, 2 / 2, 2, 1 ;
0,4; 2.928697, -1.100779, 2.736821 / 2.928697, -1.100779, 2.736821 / 2.928697, -1.100779, 2.736821; 1, 34, 1, 0; 0.612993060077; 1, 0, 1; 1, 0, 0; 2, 1, 2 ;
0,4; 2.970186, -0.906189, 2.534647 / 2.970186, -0.906189, 2.534647 / 2.970186, -0.906189, 2.534647; 1, 34, 1, 0; 0.636078631673; 1, 0, 1; 1, 0, 0; 3, 1, 2 / 4, 10, 0 ;
0,4; 2.964787, -0.923290, 2.554240 / 2.964787, -0.923290, 2.554240 / 2.964787, -0.923290, 2.554240; 1, 34, 1, 0; 0.636107344295; 1, 0, 1; 1, 0, 0; 2, 1, 2 ;
0,4; 2.935500, -0.882602, 2.523389 / 2.935500, -0.882602, 2.523389 / 2.935500, -0.882602, 2.523389; 1, 34, 1, 0; 0.636510268941; 1, 0, 1; 1, 0, 0; 2, 1, 2 ;
0,4; 2.855158, -0.862298, 2.582696 / 2.855158, -0.862298, 2.582696 / 2.855158, -0.862298, 2.582696; 1, 34, 1, 0; 0.636667053327; 1, 0, 1; 1, 0, 0; 3, 1, 2 ;
0,4; 2.863936, -1.393804, 3.046449 / 2.864318, -1.392995, 3.046715 / 2.863555, -1.394613, 3.046183; 1, 35, 1, 0; 0.435070399312; 0, 2, 0; 1, 1, 0; 3, 1, 1 / 4, 5, 1 ;
0,4; 2.865085, -1.391541, 3.042736 / 2.865129, -1.391395, 3.043047 / 2.865042, -1.391687, 3.042425; 1, 35, 1, 0; 0.435071751906; 0, 2, 0; 1, 1, 0; 3, 1, 1 / 3, 2, 0 / 4, 2, 1 ;
0,4; 2.885587, -1.290576, 2.939832 / 2.885587, -1.290576, 2.939832 / 2.885587, -1.290576, 2.939832; 1, 35, 1, 0; 0.434887580093; 0, 1, 0; 0, 1, 0; 1, 3, 0 / 3, 1, 0 / 4, 1, 1 ;
0,4; 2.866463, -1.390084, 3.044887 / 2.866463, -1.390084, 3.044887 / 2.866463, -1.390084, 3.044887; 1, 35, 1, 0; 0.435070167438; 1, 0, 1; 0, 1, 0; 4, 1, 2 ;
0,4; 2.865908, -1.388970, 3.033775 / 2.865908, -1.388970, 3.033775 / 2.865908, -1.388970, 3.033775; 1, 35, 1, 0; 0.435073954702; 1, 0, 1; 0, 1, 0; 4, 1, 2 ;
0,4; 2.866680, -1.387993, 3.043756 / 2.866680, -1.387993, 3.043756 / 2.866680, -1.387993, 3.043756; 1, 35, 1, 0; 0.435093998861; 1, 0, 1; 1, 0, 0; 3, 1, 2 ;
0,4; 2.863837, -1.386466, 3.039132 / 2.863837, -1.386466, 3.039132 / 2.863837, -1.386466, 3.039132; 1, 35, 1, 0; 0.435095828084; 1, 0, 1; 1, 0, 0; 2, 1, 2 ;
1,5; -1.90701, 2.15544, 3.51947 / -1.90665, 2.15553, 3.52002 / -1.90738, 2.15536, 3.51891; 1, 45, 1, 0; 0.467133800739; 0, 2, 0; 0, 2, 1; 1, 1, 1 / 4, 3, 1 ;
0,5; -2.096247, 1.735053, 3.629742 / -2.095718, 1.735486, 3.629997 / -2.096776, 1.734620, 3.629488; 1, 45, 1, 0; 0.448864201425; 0, 2, 0; 1, 1, 0; 3, 4, 1 / 3, 5, 0 / 4, 1, 1 ;
0,5; -1.948719, 2.063272, 3.536425 / -1.948625, 2.063385, 3.536546 / -1.948814, 2.063159, 3.536305; 1, 45, 1, 0; 0.463905752343; 2, 1, 1; 1, 1, 0; 3, 2, 1 / 4, 1, 2 ;
0,5; -2.094478, 1.729305, 3.627634 / -2.094478, 1.729305, 3.627634 / -2.094478, 1.729305, 3.627634; 1, 45, 1, 0; 0.448862539389; 1, 0, 1; 0, 1, 0; 4, 1, 2 ;
0,5; -2.094973, 1.731255, 3.630418 / -2.094973, 1.731255, 3.630418 / -2.094973, 1.731255, 3.630418; 1, 45, 1, 0; 0.448864523657; 0, 1, 0; 0, 1, 0; 1, 1, 1 / 1, 4, 0 ;
0,5; -2.035857, 1.846524, 3.599811 / -2.035857, 1.846524, 3.599811 / -2.035857, 1.846524, 3.599811; 1, 45, 1, 0; 0.452553431088; 1, 0, 1; 0, 1, 0; 1, 1, 2 ;
0,5; -1.907627, 2.157060, 3.520819 / -1.907627, 2.157060, 3.520819 / -1.907627, 2.157060, 3.520819; 1, 45, 1, 0; 0.467135937643; 1, 0, 1; 0, 1, 0; 1, 1, 2 / 2, 2, 0 ;
0,5; -2.032632, 1.848604, 3.600053 / -2.032632, 1.848604, 3.600053 / -2.032632, 1.848604, 3.600053; 1, 45, 1, 0; 0.452555601912; 0, 1, 0; 1, 0, 0; 3, 1, 1 ;
0,5; -1.948357, 2.080428, 3.532875 / -1.948357, 2.080428, 3.532875 / -1.948357, 2.080428, 3.532875; 1, 45, 1, 0; 0.463890794013; 1, 0, 1; 1, 0, 0; 2, 1, 2 / 2, 8, 0 ;
0,5; -1.947971, 2.081412, 3.537071 / -1.947971, 2.081412, 3.537071 / -1.947971, 2.081412, 3.537071; 1, 45, 1, 0; 0.463891099285; 1, 0, 1; 1, 0, 0; 1, 4, 0 / 3, 1, 2 ;
1,6; -0.0701988, 3.49426, -1.3613 / -0.0699781, 3.49451, -1.36059 / -0.0704195, 3.49402, -1.362; 1, 7, 1, 0; 0.253228023453; 0, 4, 0; 3, 1, 0; 1, 2, 0 / 1, 3, 1 / 1, 8, 0 / 2, 1, 1 / 2, 2, 1 / 2, 3, 0 / 2, 5, 0 / 3, 3, 1 / 3, 5, 0 ;
0,6; -0.146466, 4.067322, -1.807559 / -0.146466, 4.067322, -1.807559 / -0.146466, 4.067322, -1.807559; 1, 7, 1, 0; 0.178516753752; 1, 0, 1; 0, 1, 0; 1, 1, 2 ;
0,6; -0.071103, 3.492429, -1.359260 / -0.071103, 3.492429, -1.359260 / -0.071103, 3.492429, -1.359260; 1, 7, 1, 0; 0.253227936522; 0, 1, 0; 0, 1, 0; 2, 8, 0 / 3, 6, 0 / 3, 8, 0 / 4, 1, 1 ;
0,6; -0.083966, 3.624466, -1.456204 / -0.083966, 3.624466, -1.456204 / -0.083966, 3.624466, -1.456204; 1, 7, 1, 0; 0.252643797537; 1, 0, 1; 1, 0, 0; 3, 1, 2 ;
0,6; -0.068413, 3.507964, -1.369003 / -0.068413, 3.507964, -1.369003 / -0.068413, 3.507964, -1.369003; 1, 7, 1, 0; 0.253220225183; 1, 0, 1; 1, 0, 0; 2, 1, 2 ;
0,6; -0.072694, 3.542330, -1.401858 / -0.072694, 3.542330, -1.401858 / -0.072694, 3.542330, -1.401858; 1, 7, 1, 0; 0.253349967938; 1, 0, 1; 1, 0, 0; 2, 1, 2 ;
0,6; -0.076694, 3.546108, -1.409108 / -0.076694, 3.546108, -1.409108 / -0.076694, 3.546108, -1.409108; 1, 7, 1, 0; 0.253358574159; 1, 0, 1; 1, 0, 0; 2, 1, 2 ;
0,6; -0.011412, 3.068927, -1.036088 / -0.011412, 3.068927, -1.036088 / -0.011412, 3.068927, -1.036088; 1, 7, 1, 0; 0.713618335803; 1, 0, 1; 1, 0, 0; 3, 1, 2 ;
0,6; 0.020918, 2.811351, -0.833077 / 0.021096, 2.812103, -0.832663 / 0.020740, 2.810598, -0.833492; 1, 13, 1, 0; 0.269345713572; 2, 1, 1; 2, 0, 0; 2, 1, 2 / 3, 7, 1 / 4, 8, 0 / 4, 10, 0 ;
0,6; 0.065160, 2.510018, -0.597403 / 0.065160, 2.510018, -0.597403 / 0.065160, 2.510018, -0.597403; 1, 13, 1, 0; 0.548845764659; 1, 0, 1; 1, 0, 0; 2, 1, 2 ;
0,6; 0.120810, 2.065521, -0.245058 / 0.120810, 2.065521, -0.245058 / 0.120810, 2.065521, -0.245058; 1, 13, 1, 0; 0.747913332176; 1, 0, 1; 1, 0, 0; 3, 1, 2 ;
0,6; 0.176838, 1.627443, 0.088459 / 0.176838, 1.627443, 0.088459 / 0.176838, 1.627443, 0.088459; 1, 17, 1, 0; 0.635199658808; 1, 0, 1; 0, 1, 0; 1, 1, 2 ;
0,6; 0.184852, 1.572751, 0.130926 / 0.184852, 1.572751, 0.130926 / 0.184852, 1.572751, 0.130926; 1, 17, 1, 0; 0.633857710581; 0, 1, 0; 1, 0, 0; 2, 1, 1 ;
0,6; 0.371913, 0.759788, 0.822475 / 0.371913, 0.759788, 0.822475 / 0.371913, 0.759788, 0.822475; 1, 23, 1, 0; 0.139116552049; 1, 0, 1; 0, 1, 0; 1, 1, 2 ;
0,6; 0.371796, 0.770580, 0.820978 / 0.371796, 0.770580, 0.820978 / 0.371796, 0.770580, 0.820978; 1, 23, 1, 0; 0.139129750413; 1, 0, 1; 0, 1, 0; 1, 1, 2 ;
0,6; 0.378081, 0.830227, 0.795662 / 0.378081, 0.830227, 0.795662 / 0.378081, 0.830227, 0.795662; 1, 23, 1, 0; 0.139257972595; 1, 0, 1; 0, 1, 0; 1, 1, 2 ;
0,6; 0.400911, -0.046459, 1.402517 / 0.400911, -0.046459, 1.402517 / 0.400911, -0.046459, 1.402517; 1, 23, 1, 0; 0.766732451570; 0, 1, 0; 0, 1, 0; 1, 1, 1 / 4, 7, 0 ;
0,6; 0.372016, 0.747816, 0.828057 / 0.372016, 0.747816, 0.828057 / 0.372016, 0.747816, 0.828057; 1, 23, 1, 0; 0.139103649281; 1, 0, 1; 1, 0, 0; 2, 1, 2 ;
0,6; 0.370442, 0.772402, 0.820036 / 0.370442, 0.772402, 0.820036 / 0.370442, 0.772402, 0.820036; 1, 23, 1, 0; 0.139129669125; 1, 0, 1; 1, 0, 0; 3, 1, 2 ;
0,6; 0.377378, 0.827999, 0.799120 / 0.377378, 0.827999, 0.799120 / 0.377378, 0.827999, 0.799120; 1, 23, 1, 0; 0.139271606964; 1, 0, 1; 1, 0, 0; 2, 1, 2 ;
0,6; 0.329907, 0.475930, 0.982888 / 0.329907, 0.475930, 0.982888 / 0.329907, 0.475930, 0.982888; 1, 23, 1, 0; 0.558222433081; 1, 0, 1; 1, 0, 0; 3, 1, 2 ;
0,6; 0.378816, 0.044979, 1.323485 / 0.378816, 0.044979, 1.323485 / 0.378816, 0.044979, 1.323485; 1, 23, 1, 0; 0.681262054777; 1, 0, 1; 1, 0, 0; 2, 1, 2 ;
0,6; 0.407884, -0.049748, 1.394048 / 0.407884, -0.049748, 1.394048 / 0.407884, -0.049748, 1.394048; 1, 23, 1, 0; 0.766721477566; 1, 0, 1; 1, 0, 0; 2, 1, 2 ;
0,6; 0.416024, -0.167850, 1.492164 / 0.416024, -0.167850, 1.492164 / 0.416024, -0.167850, 1.492164; 1, 23, 1, 0; 0.766822039347; 1, 0, 1; 1, 0, 0; 1, 1, 0 / 3, 1, 2 / 4, 6, 0 / 4, 7, 0 ;
0,6; 0.455763, -0.495552, 1.744821 / 0.455763, -0.495552, 1.744821 / 0.455763, -0.495552, 1.744821; 1, 27, 1, 0; 0.757167968750; 1, 0, 1; 1, 0, 0; 3, 1, 2 ;
0,6; 0.488390, -0.722432, 1.921126 / 0.488390, -0.722432, 1.921126 / 0.488390, -0.722432, 1.921126; 1, 30, 1, 0; 0.493529278253; 1, 0, 1; 0, 1, 0; 4, 1, 2 ;
0,6; 0.745884, -2.582159, 3.375518 / 0.745884, -2.582159, 3.375518 / 0.745884, -2.582159, 3.375518; 1, 40, 1, 0; 0.845822426528; 1, 0, 1; 0, 1, 0; 4, 1, 2 ;
0,6; 0.714007, -2.396443, 3.233626 / 0.714007, -2.396443, 3.233626 / 0.714007, -2.396443, 3.233626; 1, 40, 1, 0; 0.777657630049; 1, 0, 1; 1, 0, 0; 3, 1, 2 ;
0,6; 0.741898, -2.591690, 3.382730 / 0.741898, -2.591690, 3.382730 / 0.741898, -2.591690, 3.382730; 1, 40, 1, 0; 0.845789878988; 0, 1, 0; 1, 0, 0; 2, 1, 1 / 2, 2, 0 / 3, 2, 0 ;
0,6; 0.759810, -2.710678, 3.457891 / 0.759810, -2.710678, 3.457891 / 0.759810, -2.710678, 3.457891; 1, 43, 1, 0; 0.901698382323; 1, 0, 1; 0, 1, 0; 1, 1, 2 / 4, 9, 0 ;
0,6; 0.762367, -2.711707, 3.457767 / 0.762367, -2.711707, 3.457767 / 0.762367, -2.711707, 3.457767; 1, 43, 1, 0; 0.901698620042; 0, 1, 0; 1, 0, 0; 1, 10, 0 / 2, 1, 1 ;
0,6; 0.764733, -2.716342, 3.458969 / 0.764733, -2.716342, 3.458969 / 0.764733, -2.716342, 3.458969; 1, 43, 1, 0; 0.901699095480; 1, 0, 1; 1, 0, 0; 3, 1, 2 ;
1,7; -0.634751, -1.57891, 3.65671 / -0.634673, -1.57871, 3.657 / -0.63483, -1.5791, 3.65643; 1, 43, 1, 0; 0.579793501559; 2, 1, 1; 1, 1, 0; 1, 1, 2 / 2, 2, 1 ;
0,7; -0.515245, -1.429350, 3.658770 / -0.515245, -1.429350, 3.658770 / -0.515245, -1.429350, 3.658770; 1, 43, 1, 0; 0.467292758688; 0, 1, 0; 1, 0, 0; 2, 1, 1 ;
0,7; -0.002940, -0.790244, 3.661292 / -0.002940, -0.790244, 3.661292 / -0.002940, -0.790244, 3.661292; 1, 44, 1, 0; 0.208271447193; 0, 1, 0; 0, 1, 0; 1, 1, 1 ;
0,7; -0.016363, -0.806903, 3.661141 / -0.016171, -0.806542, 3.661223 / -0.016555, -0.807264, 3.661060; 1, 44, 1, 0; 0.208279291915; 2, 1, 1; 2, 0, 0; 1, 1, 0 / 2, 1, 1 / 3, 5, 2 ;
0,7; -0.224631, -1.065177, 3.661558 / -0.224631, -1.065177, 3.661558 / -0.224631, -1.065177, 3.661558; 1, 44, 1, 0; 0.047281110464; 1, 0, 1; 1, 0, 0; 2, 1, 2 ;
1,8; 2.12051, -3.46853, -2.03961 / 2.12084, -3.46804, -2.03954 / 2.12018, -3.46902, -2.03967; 1, 8, 1, 0; 0.003256240406; 1, 0, 2; 0, 2, 1; 1, 1, 2 / 4, 5, 2 ;
0,8; 2.119412, -3.465366, -2.038747 / 2.119412, -3.465366, -2.038747 / 2.119412, -3.465366, -2.038747; 1, 8, 1, 0; 0.003256189269; 1, 0, 1; 0, 1, 0; 4, 1, 2 ;
0,8; 2.114564, -3.444621, -2.012138 / 2.114564, -3.444621, -2.012138 / 2.114564, -3.444621, -2.012138; 1, 8, 1, 0; 0.003281000551; 1, 0, 1; 0, 1, 0; 4, 1, 2 ;
0,8; 2.117654, -3.460747, -2.033509 / 2.117654, -3.460747, -2.033509 / 2.117654, -3.460747, -2.033509; 1, 8, 1, 0; 0.003264544924; 1, 0, 1; 1, 0, 0; 2, 5, 0 / 2, 6, 0 / 3, 1, 2 ;
0,8; 2.111847, -3.466015, -2.030287 / 2.111847, -3.466015, -2.030287 / 2.111847, -3.466015, -2.030287; 1, 8, 1, 0; 0.003266094350; 1, 0, 1; 1, 0, 0; 2, 1, 2 ;
0,8; 1.887981, -2.907655, -1.505138 / 1.887981, -2.907655, -1.505138 / 1.887981, -2.907655, -1.505138; 1, 8, 1, 0; 0.542454803274; 1, 0, 1; 1, 0, 0; 2, 1, 2 ;
0,8; 1.533497, -2.039390, -0.682564 / 1.533497, -2.039390, -0.682564 / 1.533497, -2.039390, -0.682564; 1, 9, 1, 0; 0.520139047489; 1, 0, 1; 0, 1, 0; 4, 1, 2 ;
0,8; 1.528913, -2.027132, -0.672336 / 1.528913, -2.027132, -0.672336 / 1.528913, -2.027132, -0.672336; 1, 9, 1, 0; 0.520145541094; 1, 0, 1; 1, 0, 0; 2, 4, 0 / 2, 6, 0 / 3, 1, 2 ;
0,8; 1.535420, -2.031202, -0.672505 / 1.535420, -2.031202, -0.672505 / 1.535420, -2.031202, -0.672505; 1, 9, 1, 0; 0.520147109075; 1, 0, 1; 1, 0, 0; 3, 1, 2 ;
0,8; 1.561910, -2.093037, -0.732356 / 1.561910, -2.093037, -0.732356 / 1.561910, -2.093037, -0.732356; 1, 11, 1, 0; 0.971159052105; 1, 0, 1; 1, 0, 0; 2, 1, 2 ;
0,8; 1.580514, -2.154089, -0.792414 / 1.580514, -2.154089, -0.792414 / 1.580514, -2.154089, -0.792414; 1, 11, 1, 0; 0.971294544156; 1, 0, 1; 1, 0, 0; 2, 1, 2 ;
0,8; 1.747573, -2.114956, -0.798249 / 1.747573, -2.114956, -0.798249 / 1.747573, -2.114956, -0.798249; 1, 11, 1, 0; 0.971517585358; 1, 0, 1; 1, 0, 0; 3, 1, 2 ;
0,8; 1.380361, -1.664832, -0.327227 / 1.380610, -1.664503, -0.326731 / 1.380112, -1.665161, -0.327723; 1, 12, 1, 0; 0.659879739361; 2, 3, 1; 3, 1, 0; 1, 1, 1 / 1, 10, 0 / 2, 1, 1 / 2, 10, 2 / 3, 6, 1 / 3, 10, 0 / 4, 5, 0 ;
0,8; 1.450120, -1.816337, -0.480510 / 1.450120, -1.816337, -0.480510 / 1.450120, -1.816337, -0.480510; 1, 12, 1, 0; 0.658419389096; 1, 0, 1; 0, 1, 0; 4, 1, 2 ;
0,8; 1.445557, -1.808701, -0.484388 / 1.445557, -1.808701, -0.484388 / 1.445557, -1.808701, -0.484388; 1, 12, 1, 0; 0.658419881170; 1, 0, 1; 1, 0, 0; 2, 1, 2 ;
0,8; 1.376231, -1.663606, -0.322232 / 1.376231, -1.663606, -0.322232 / 1.376231, -1.663606, -0.322232; 1, 12, 1, 0; 0.659880626239; 1, 0, 1; 1, 0, 0; 3, 1, 2 ;
0,8; 1.264313, -1.838236, -0.187408 / 1.264313, -1.838236, -0.187408 / 1.264313, -1.838236, -0.187408; 1, 15, 1, 0; 0.562980034611; 1, 0, 1; 1, 0, 0; 3, 1, 2 ;
0,8; 1.264291, -1.839984, -0.183901 / 1.264291, -1.839984, -0.183901 / 1.264291, -1.839984, -0.183901; 1, 15, 1, 0; 0.562980135067; 1, 0, 1; 1, 0, 0; 3, 1, 2 ;
0,8; 1.263617, -1.842700, -0.182677 / 1.263617, -1.842700, -0.182677 / 1.263617, -1.842700, -0.182677; 1, 15, 1, 0; 0.562980978901; 1, 0, 1; 1, 0, 0; 3, 1, 2 ;
0,8; 1.266030, -1.849364, -0.177052 / 1.266030, -1.849364, -0.177052 / 1.266030, -1.849364, -0.177052; 1, 15, 1, 0; 0.562993562749; 1, 0, 1; 1, 0, 0; 2, 1, 2 ;
0,8; 1.308129, -1.646803, -0.183713 / 1.308129, -1.646803, -0.183713 / 1.308129, -1.646803, -0.183713; 1, 15, 1, 0; 0.563654559652; 1, 0, 1; 1, 0, 0; 3, 1, 2 / 3, 2, 0 ;
0,8; 1.294090, -1.657147, -0.186170 / 1.294090, -1.657147, -0.186170 / 1.294090, -1.657147, -0.186170; 1, 15, 1, 0; 0.563656689330; 1, 0, 1; 1, 0, 0; 2, 1, 2 ;
0,8; 1.174956, -1.147234, 0.163002 / 1.174956, -1.147234, 0.163002 / 1.174956, -1.147234, 0.163002; 1, 16, 1, 0; 0.842981273574; 1, 0, 1; 1, 0, 0; 3, 1, 2 ;
0,8; 0.846489, -0.572499, 0.782751 / 0.847471, -0.572258, 0.783000 / 0.845507, -0.572741, 0.782501; 1, 23, 1, 0; 0.267324463973; 1, 0, 2; 1, 1, 0; 3, 8, 2 / 4, 1, 2 ;
0,8; 0.939167, -0.588314, 0.694763 / 0.939664, -0.588226, 0.695213 / 0.938670, -0.588402, 0.694313; 1, 23, 1, 0; 0.270077490508; 1, 0, 2; 1, 1, 0; 2, 8, 2 / 4, 1, 2 ;
0,8; 0.845655, -0.567767, 0.786611 / 0.845655, -0.567767, 0.786611 / 0.845655, -0.567767, 0.786611; 1, 23, 1, 0; 0.267337211554; 1, 0, 1; 0, 1, 0; 4, 1, 2 ;
0,8; 0.870562, -0.518273, 0.839053 / 0.870562, -0.518273, 0.839053 / 0.870562, -0.518273, 0.839053; 1, 23, 1, 0; 0.268800862845; 1, 0, 1; 0, 1, 0; 1, 1, 2 ;
0,8; 0.850268, -0.560028, 0.786812 / 0.850268, -0.560028, 0.786812 / 0.850268, -0.560028, 0.786812; 1, 23, 1, 0; 0.267335947881; 1, 0, 1; 1, 0, 0; 3, 1, 2 ;
0,8; 0.849176, -0.569465, 0.795401 / 0.849176, -0.569465, 0.795401 / 0.849176, -0.569465, 0.795401; 1, 23, 1, 0; 0.267336864228; 1, 0, 1; 1, 0, 0; 3, 1, 2 ;
0,8; 0.874678, -0.534347, 0.833953 / 0.874678, -0.534347, 0.833953 / 0.874678, -0.534347, 0.833953; 1, 23, 1, 0; 0.268794293222; 1, 0, 1; 1, 0, 0; 1, 1, 0 / 1, 6, 0 / 2, 1, 2 ;
0,8; 0.879876, -0.526489, 0.842218 / 0.879876, -0.526489, 0.842218 / 0.879876, -0.526489, 0.842218; 1, 23, 1, 0; 0.268805252446; 1, 0, 1; 1, 0, 0; 2, 1, 2 ;
0,8; 0.794079, -0.223637, 1.037102 / 0.794079, -0.223637, 1.037102 / 0.794079, -0.223637, 1.037102; 1, 23, 1, 0; 0.481806853099; 1, 0, 1; 1, 0, 0; 2, 1, 2 ;
0,8; 0.685841, 0.022875, 1.272597 / 0.685841, 0.022875, 1.272597 / 0.685841, 0.022875, 1.272597; 1, 23, 1, 0; 0.677770259785; 1, 0, 1; 1, 0, 0; 3, 1, 2 ;
0,8; 0.516424, 0.438062, 1.671052 / 0.516424, 0.438062, 1.671052 / 0.516424, 0.438062, 1.671052; 1, 27, 1, 0; 0.534394862756; 1, 0, 1; 0, 1, 0; 4, 1, 2 ;
0,8; 0.305463, 0.914178, 2.099684 / 0.305463, 0.914178, 2.099684 / 0.305463, 0.914178, 2.099684; 1, 30, 1, 0; 0.884274433937; 0, 1, 0; 0, 1, 0; 4, 1, 1 ;
0,8; 0.307537, 0.915260, 2.100614 / 0.307537, 0.915260, 2.100614 / 0.307537, 0.915260, 2.100614; 1, 30, 1, 0; 0.884274297560; 1, 0, 1; 1, 0, 0; 3, 1, 2 ;
0,8; 0.414341, 0.685149, 1.899136 / 0.414341, 0.685149, 1.899136 / 0.414341, 0.685149, 1.899136; 1, 30, 1, 0; 0.885596572644; 1, 0, 1; 1, 0, 0; 2, 1, 2 ;
0,8; -0.030485, 1.830738, 2.967644 / -0.029721, 1.831122, 2.967728 / -0.031249, 1.830354, 2.967560; 1, 39, 1, 0; 0.719833993399; 2, 1, 2; 1, 2, 0; 2, 6, 2 / 4, 1, 1 / 4, 2, 2 ;
0,8; -0.033574, 1.845729, 2.974262 / -0.032853, 1.846120, 2.974346 / -0.034294, 1.845338, 2.974178; 1, 39, 1, 0; 0.719838393839; 0, 1, 0; 2, 0, 0; 2, 1, 3 / 3, 1, 1 ;
0,8; -0.048035, 1.793533, 2.961134 / -0.048035, 1.793533, 2.961134 / -0.048035, 1.793533, 2.961134; 1, 39, 1, 0; 0.716786688669; 1, 0, 1; 1, 0, 0; 2, 1, 2 / 2, 2, 0 ;
0,8; -0.034259, 1.834261, 2.969458 / -0.034259, 1.834261, 2.969458 / -0.034259, 1.834261, 2.969458; 1, 39, 1, 0; 0.719836067893; 1, 0, 1; 1, 0, 0; 3, 1, 2 ;
0,8; -0.320472, 2.458524, 3.586673 / -0.320472, 2.458524, 3.586673 / -0.320472, 2.458524, 3.586673; 1, 45, 1, 0; 0.618511425654; 1, 0, 1; 1, 0, 0; 3, 1, 2 ;
0,8; -0.320115, 2.458883, 3.600023 / -0.320115, 2.458883, 3.600023 / -0.320115, 2.458883, 3.600023; 1, 45, 1, 0; 0.618541918940; 1, 0, 1; 1, 0, 0; 3, 1, 2 ;
1,9; 3.50818, -2.83124, -0.108532 / 3.50818, -2.83124, -0.108532 / 3.50818, -2.83124, -0.108532; 1, 15, 1, 0; 0.405104936833; 1, 0, 1; 0, 1, 0; 4, 1, 2 ;
0,9; 3.508791, -2.834296, -0.108849 / 3.508791, -2.834296, -0.108849 / 3.508791, -2.834296, -0.108849; 1, 15, 1, 0; 0.405105733788; 0, 1, 0; 0, 1, 0; 4, 1, 1 ;
0,9; 3.541337, -2.798805, -0.113848 / 3.541337, -2.798805, -0.113848 / 3.541337, -2.798805, -0.113848; 1, 15, 1, 0; 0.405982604957; 0, 1, 0; 1, 0, 0; 2, 1, 1 ;
0,9; 3.552608, -2.769107, -0.305821 / 3.552608, -2.769107, -0.305821 / 3.552608, -2.769107, -0.305821; 1, 15, 1, 0; 0.406764859522; 1, 0, 1; 1, 0, 0; 3, 1, 2 ;
0,9; 3.548545, -2.763911, -0.297976 / 3.548545, -2.763911, -0.297976 / 3.548545, -2.763911, -0.297976; 1, 15, 1, 0; 0.406765408684; 1, 0, 1; 1, 0, 0; 2, 1, 2 ;
0,9; 3.284946, -2.739005, 0.064004 / 3.284946, -2.739005, 0.064004 / 3.284946, -2.739005, 0.064004; 1, 15, 1, 0; 0.770701755443; 1, 0, 1; 1, 0, 0; 2, 1, 2 ;
0,9; 3.006167, -2.713750, 0.475114 / 3.006167, -2.713750, 0.475114 / 3.006167, -2.713750, 0.475114; 1, 19, 1, 0; 0.326010650145; 1, 0, 1; 1, 0, 0; 2, 1, 2 ;
0,9; 3.023538, -2.683987, 0.479044 / 3.023538, -2.683987, 0.479044 / 3.023538, -2.683987, 0.479044; 1, 19, 1, 0; 0.327392464487; 1, 0, 1; 1, 0, 0; 3, 1, 2 / 4, 3, 0 / 4, 4, 0 ;
0,9; 3.024816, -2.679537, 0.477600 / 3.024816, -2.679537, 0.477600 / 3.024816, -2.679537, 0.477600; 1, 19, 1, 0; 0.327393397315; 1, 0, 1; 1, 0, 0; 2, 1, 2 ;
0,9; 3.025213, -2.682801, 0.484027 / 3.025213, -2.682801, 0.484027 / 3.025213, -2.682801, 0.484027; 1, 19, 1, 0; 0.327405697625; 1, 0, 1; 1, 0, 0; 2, 1, 2 ;
0,9; 3.105093, -2.753124, 0.359081 / 3.105093, -2.753124, 0.359081 / 3.105093, -2.753124, 0.359081; 1, 19, 1, 0; 0.328669563494; 1, 0, 1; 1, 0, 0; 2, 1, 2 ;
0,9; 2.606520, -2.674910, 1.027186 / 2.606520, -2.674910, 1.027186 / 2.606520, -2.674910, 1.027186; 1, 22, 1, 0; 0.138000775607; 1, 0, 1; 0, 1, 0; 4, 1, 2 ;
0,9; 2.370377, -2.644443, 1.365320 / 2.370377, -2.644443, 1.365320 / 2.370377, -2.644443, 1.365320; 1, 22, 1, 0; 0.502488227659; 1, 0, 1; 0, 1, 0; 1, 1, 2 ;
0,9; 2.324096, -2.656113, 1.376354 / 2.324096, -2.656113, 1.376354 / 2.324096, -2.656113, 1.376354; 1, 22, 1, 0; 0.502531875542; 1, 0, 1; 1, 0, 0; 3, 1, 2 ;
0,9; 2.326898, -2.664569, 1.381810 / 2.326898, -2.664569, 1.381810 / 2.326898, -2.664569, 1.381810; 1, 22, 1, 0; 0.502533105162; 0, 1, 0; 1, 0, 0; 2, 1, 1 ;
0,9; 2.329769, -2.665468, 1.378790 / 2.329769, -2.665468, 1.378790 / 2.329769, -2.665468, 1.378790; 1, 22, 1, 0; 0.502533345266; 1, 0, 1; 1, 0, 0; 3, 1, 2 ;
0,9; 1.468941, -2.561756, 2.636223 / 1.468941, -2.561756, 2.636223 / 1.468941, -2.561756, 2.636223; 1, 33, 1, 0; 0.939101077908; 1, 0, 1; 1, 0, 0; 3, 1, 2 ;
0,9; 1.382152, -2.542277, 2.766099 / 1.382152, -2.542277, 2.766099 / 1.382152, -2.542277, 2.766099; 1, 33, 1, 0; 0.941202974039; 1, 0, 1; 1, 0, 0; 2, 1, 2 ;
0,9; 0.742421, -2.342426, 3.282190 / 0.742421, -2.342426, 3.282190 / 0.742421, -2.342426, 3.282190; 1, 40, 1, 0; 0.778884897061; 1, 0, 1; 0, 1, 0; 4, 1, 2 ;
0,9; 0.740085, -2.348350, 3.277846 / 0.740085, -2.348350, 3.277846 / 0.740085, -2.348350, 3.277846; 1, 40, 1, 0; 0.778881863901; 1, 0, 1; 1, 0, 0; 2, 1, 2 ;
0,9; 0.842210, -2.486193, 3.522464 / 0.842432, -2.486191, 3.523414 / 0.841988, -2.486195, 3.521514; 1, 43, 1, 0; 0.907095135084; 1, 0, 2; 1, 1, 0; 2, 1, 2 / 4, 7, 2 ;
0,9; 0.845842, -2.485877, 3.519262 / 0.845842, -2.485877, 3.519262 / 0.845842, -2.485877, 3.519262; 1, 43, 1, 0; 0.907058863149; 1, 0, 1; 0, 1, 0; 1, 1, 2 / 1, 2, 0 / 2, 3, 0 / 3, 3, 0 ;
0,9; 0.844496, -2.486956, 3.524819 / 0.844496, -2.486956, 3.524819 / 0.844496, -2.486956, 3.524819; 1, 43, 1, 0; 0.907060824330; 1, 0, 1; 0, 1, 0; 1, 1, 2 ;
0,9; 0.639448, -2.464349, 3.810603 / 0.639448, -2.464349, 3.810603 / 0.639448, -2.464349, 3.810603; 1, 45, 1, 0; 0.950800101079; 0, 1, 0; 0, 1, 0; 1, 1, 1 ;
0,9; 0.626242, -2.464085, 3.831045 / 0.626928, -2.463791, 3.831226 / 0.625556, -2.464379, 3.830864; 1, 45, 1, 0; 0.950836309736; 0, 1, 0; 2, 0, 0; 3, 1, 1 / 3, 6, 3 ;
0,9; 0.696333, -2.469574, 3.730621 / 0.696333, -2.469574, 3.730621 / 0.696333, -2.469574, 3.730621; 1, 45, 1, 0; 0.951119432601; 1, 0, 1; 1, 0, 0; 2, 1, 2 ;
