1,0; -1.48857, -1.18814, -2.63485 / -1.48857, -1.18814, -2.63485 / -1.48857, -1.18814, -2.63485; 1, 5, 1, 0; 0.366619592610; 0, 0, 0; 0, 1, 0; 1, 1, 3 ;
0,0; -1.484857, -1.015973, -2.599109 / -1.484857, -1.015973, -2.599109 / -1.484857, -1.015973, -2.599109; 1, 5, 1, 0; 0.366791583227; 1, 0, 1; 0, 1, 0; 1, 1, 2 ;
0,0; -1.503010, -2.355086, -2.873303 / -1.503010, -2.355086, -2.873303 / -1.503010, -2.355086, -2.873303; 1, 5, 1, 0; 0.179559508371; 0, 1, 0; 1, 0, 0; 1, 5, 0 / 3, 1, 1 / 3, 6, 0 / 4, 6, 0 ;
0,0; -1.505540, -2.356443, -2.884808 / -1.505540, -2.356443, -2.884808 / -1.505540, -2.356443, -2.884808; 1, 5, 1, 0; 0.179560473867; 1, 0, 1; 1, 0, 0; 3, 1, 2 ;
0,0; -1.503759, -2.355881, -2.887556 / -1.503759, -2.355881, -2.887556 / -1.503759, -2.355881, -2.887556; 1, 5, 1, 0; 0.179561057086; 1, 0, 1; 1, 0, 0; 3, 1, 2 ;
0,0; -1.502636, -2.352546, -2.870596 / -1.502636, -2.352546, -2.870596 / -1.502636, -2.352546, -2.870596; 1, 5, 1, 0; 0.179567962588; 1, 0, 1; 1, 0, 0; 2, 1, 2 ;
0,0; -1.515967, -2.905739, -3.005907 / -1.515967, -2.905739, -3.005907 / -1.515967, -2.905739, -3.005907; 1, 5, 1, 0; 0.205996367383; 1, 0, 1; 1, 0, 0; 3, 1, 2 ;
0,0; -1.517238, -3.086682, -3.036585 / -1.517238, -3.086682, -3.036585 / -1.517238, -3.086682, -3.036585; 1, 5, 1, 0; 0.206129615635; 1, 0, 1; 1, 0, 0; 2, 1, 2 ;
0,0; -1.488120, -1.169377, -2.635550 / -1.488120, -1.169377, -2.635550 / -1.488120, -1.169377, -2.635550; 1, 5, 1, 0; 0.366615941368; 1, 0, 1; 1, 0, 0; 2, 1, 2 ;
0,0; -1.488824, -1.173516, -2.629198 / -1.488824, -1.173516, -2.629198 / -1.488824, -1.173516, -2.629198; 1, 5, 1, 0; 0.366624572021; 1, 0, 1; 1, 0, 0; 2, 1, 2 ;
0,0; -1.476647, -0.084056, -2.394639 / -1.476647, -0.084056, -2.394639 / -1.476647, -0.084056, -2.394639; 1, 5, 1, 0; 0.397906588996; 1, 0, 1; 1, 0, 0; 3, 1, 2 ;
0,0; -1.474798, -0.087863, -2.394683 / -1.474798, -0.087863, -2.394683 / -1.474798, -0.087863, -2.394683; 1, 5, 1, 0; 0.397907235927; 1, 0, 1; 1, 0, 0; 3, 1, 2 ;
0,0; -1.443511, 2.685924, -1.790903 / -1.442865, 2.686374, -1.790245 / -1.444157, 2.685473, -1.791560; 1, 6, 1, 0; 0.591391171936; 0, 3, 0; 1, 2, 1; 1, 8, 1 / 2, 1, 1 / 2, 5, 0 / 2, 6, 0 / 4, 4, 1 ;
0,0; -1.464468, 0.403988, -2.288983 / -1.464050, 0.404164, -2.288382 / -1.464886, 0.403812, -2.289585; 1, 6, 1, 0; 0.279972476012; 2, 3, 1; 1, 3, 0; 1, 1, 2 / 1, 2, 1 / 1, 10, 1 / 3, 6, 1 ;
0,0; -1.435374, 2.500782, -1.829559 / -1.435185, 2.500815, -1.829051 / -1.435564, 2.500750, -1.830068; 1, 6, 1, 0; 0.590834399300; 2, 1, 1; 1, 1, 0; 1, 4, 1 / 3, 1, 2 ;
0,0; -1.431263, 2.685936, -1.790584 / -1.431262, 2.686000, -1.790571 / -1.431264, 2.685873, -1.790598; 1, 6, 1, 0; 0.591382389353; 0, 2, 0; 1, 1, 0; 1, 1, 1 / 2, 1, 1 ;
0,0; -1.455428, 0.773714, -2.209735 / -1.455428, 0.773714, -2.209735 / -1.455428, 0.773714, -2.209735; 1, 6, 1, 0; 0.273632862544; 1, 0, 1; 0, 1, 0; 1, 1, 2 ;
0,0; -1.455795, 0.773045, -2.207247 / -1.455795, 0.773045, -2.207247 / -1.455795, 0.773045, -2.207247; 1, 6, 1, 0; 0.273632911554; 1, 0, 1; 0, 1, 0; 1, 1, 2 ;
0,0; -1.458446, 0.778687, -2.207413 / -1.458446, 0.778687, -2.207413 / -1.458446, 0.778687, -2.207413; 1, 6, 1, 0; 0.273642007800; 0, 1, 0; 0, 1, 0; 1, 1, 1 ;
0,0; -1.445445, 1.787943, -1.984120 / -1.445445, 1.787943, -1.984120 / -1.445445, 1.787943, -1.984120; 1, 6, 1, 0; 0.448220120349; 1, 0, 1; 0, 1, 0; 4, 1, 2 ;
0,0; -1.419499, 3.519192, -1.609131 / -1.419499, 3.519192, -1.609131 / -1.419499, 3.519192, -1.609131; 1, 6, 1, 0; 0.558945918500; 0, 1, 0; 0, 1, 0; 1, 5, 0 / 2, 7, 0 / 4, 1, 1 / 4, 3, 0 ;
0,0; -1.425251, 2.883590, -1.754605 / -1.425251, 2.883590, -1.754605 / -1.425251, 2.883590, -1.754605; 1, 6, 1, 0; 0.585680875631; 1, 0, 1; 0, 1, 0; 4, 1, 2 ;
0,0; -1.431878, 2.499771, -1.831380 / -1.431213, 2.500201, -1.831254 / -1.432542, 2.499341, -1.831505; 1, 6, 1, 0; 0.590834301280; 1, 0, 2; 2, 0, 0; 2, 1, 2 / 2, 6, 2 ;
0,0; -1.451965, 0.772626, -2.210642 / -1.451965, 0.772626, -2.210642 / -1.451965, 0.772626, -2.210642; 1, 6, 1, 0; 0.273632249919; 1, 0, 1; 1, 0, 0; 3, 1, 2 ;
0,0; -1.456348, 0.545753, -2.262058 / -1.456348, 0.545753, -2.262058 / -1.456348, 0.545753, -2.262058; 1, 6, 1, 0; 0.279839737463; 1, 0, 1; 1, 0, 0; 3, 1, 2 ;
0,0; -1.445860, 1.802615, -1.980555 / -1.445860, 1.802615, -1.980555 / -1.445860, 1.802615, -1.980555; 1, 6, 1, 0; 0.448218135446; 1, 0, 1; 1, 0, 0; 2, 1, 2 ;
0,0; -1.442400, 1.631297, -2.025966 / -1.442400, 1.631297, -2.025966 / -1.442400, 1.631297, -2.025966; 1, 6, 1, 0; 0.448333073581; 1, 0, 1; 1, 0, 0; 3, 1, 2 ;
0,0; -1.446095, 1.637896, -2.019625 / -1.446095, 1.637896, -2.019625 / -1.446095, 1.637896, -2.019625; 1, 6, 1, 0; 0.448341072004; 0, 1, 0; 1, 0, 0; 3, 1, 1 / 4, 4, 0 ;
0,0; -1.437839, 1.942113, -1.953271 / -1.437839, 1.942113, -1.953271 / -1.437839, 1.942113, -1.953271; 1, 6, 1, 0; 0.479570344471; 1, 0, 1; 1, 0, 0; 3, 1, 2 ;
0,0; -1.402409, 3.587222, -1.574716 / -1.402409, 3.587222, -1.574716 / -1.402409, 3.587222, -1.574716; 1, 6, 1, 0; 0.558972491695; 1, 0, 1; 1, 0, 0; 3, 1, 2 ;
0,0; -1.426090, 3.232138, -1.673109 / -1.426090, 3.232138, -1.673109 / -1.426090, 3.232138, -1.673109; 1, 6, 1, 0; 0.565132816965; 1, 0, 1; 1, 0, 0; 3, 1, 2 ;
0,0; -1.421907, 3.378244, -1.639607 / -1.421907, 3.378244, -1.639607 / -1.421907, 3.378244, -1.639607; 1, 6, 1, 0; 0.565305532929; 1, 0, 1; 1, 0, 0; 3, 1, 2 ;
0,0; -1.424979, 2.882939, -1.750619 / -1.424979, 2.882939, -1.750619 / -1.424979, 2.882939, -1.750619; 1, 6, 1, 0; 0.585681522563; 1, 0, 1; 1, 0, 0; 2, 1, 2 ;
0,0; -1.430817, 2.496513, -1.830190 / -1.430817, 2.496513, -1.830190 / -1.430817, 2.496513, -1.830190; 1, 6, 1, 0; 0.590834884498; 1, 0, 1; 1, 0, 0; 2, 1, 2 ;
0,0; -1.438518, 2.686604, -1.789205 / -1.438518, 2.686604, -1.789205 / -1.438518, 2.686604, -1.789205; 1, 6, 1, 0; 0.591382036481; 0, 1, 0; 1, 0, 0; 1, 3, 0 / 2, 1, 1 / 2, 2, 0 / 2, 3, 0 / 4, 7, 0 ;
0,0; -1.432794, 2.679380, -1.787912 / -1.432794, 2.679380, -1.787912 / -1.432794, 2.679380, -1.787912; 1, 6, 1, 0; 0.591382899056; 1, 0, 1; 1, 0, 0; 3, 1, 2 ;
0,0; -1.414365, 4.089872, -1.483511 / -1.414365, 4.089872, -1.483511 / -1.414365, 4.089872, -1.483511; 1, 7, 1, 0; 0.187216406332; 1, 0, 1; 1, 0, 0; 3, 1, 2 ;
1,1; -3.84975, 0.686007, -1.80504 / -3.84975, 0.686007, -1.80504 / -3.84975, 0.686007, -1.80504; 1, 6, 1, 0; 0.726181713211; 1, 0, 1; 1, 0, 0; 3, 1, 2 ;
0,1; -2.907326, 0.536895, -1.498374 / -2.907326, 0.536895, -1.498374 / -2.907326, 0.536895, -1.498374; 1, 10, 1, 0; 0.035394471623; 0, 1, 0; 0, 1, 0; 1, 1, 1 ;
0,1; -1.676056, 0.342984, -1.098278 / -1.676056, 0.342984, -1.098278 / -1.676056, 0.342984, -1.098278; 1, 10, 1, 0; 0.232219390845; 0, 1, 0; 0, 1, 0; 4, 1, 1 ;
0,1; -2.730499, 0.512493, -1.442910 / -2.730499, 0.512493, -1.442910 / -2.730499, 0.512493, -1.442910; 1, 10, 1, 0; 0.037612175536; 1, 0, 1; 1, 0, 0; 2, 1, 2 ;
0,1; 1.446689, -0.081509, -0.222460 / 1.447246, -0.081384, -0.222299 / 1.446132, -0.081635, -0.222622; 1, 16, 1, 0; 0.453033249754; 1, 0, 2; 1, 1, 0; 2, 1, 2 / 4, 7, 2 ;
0,1; -0.746219, 0.196350, -0.794646 / -0.745672, 0.196664, -0.794593 / -0.746766, 0.196037, -0.794700; 1, 16, 1, 0; 0.099515210450; 2, 1, 1; 2, 0, 0; 3, 1, 2 / 3, 2, 1 ;
0,1; -0.878467, 0.213830, -0.839043 / -0.878467, 0.213830, -0.839043 / -0.878467, 0.213830, -0.839043; 1, 16, 1, 0; 0.100554841198; 1, 0, 1; 1, 0, 0; 3, 1, 2 ;
0,1; 0.224850, 0.048624, -0.478668 / 0.224850, 0.048624, -0.478668 / 0.224850, 0.048624, -0.478668; 1, 16, 1, 0; 0.139965951952; 1, 0, 1; 1, 0, 0; 3, 1, 2 ;
0,1; 2.069989, -0.244981, 0.120980 / 2.069989, -0.244981, 0.120980 / 2.069989, -0.244981, 0.120980; 1, 16, 1, 0; 0.728017196809; 1, 0, 1; 1, 0, 0; 3, 1, 2 ;
0,1; 2.219232, -0.270043, 0.174153 / 2.219232, -0.270043, 0.174153 / 2.219232, -0.270043, 0.174153; 1, 16, 1, 0; 0.731116285736; 1, 0, 1; 1, 0, 0; 2, 1, 2 / 4, 3, 0 ;
0,1; 2.989847, -0.389748, 0.422344 / 2.989847, -0.389748, 0.422344 / 2.989847, -0.389748, 0.422344; 1, 19, 1, 0; 0.553607714847; 1, 0, 1; 0, 1, 0; 4, 1, 2 ;
0,1; 4.062944, -0.555270, 0.771128 / 4.062944, -0.555270, 0.771128 / 4.062944, -0.555270, 0.771128; 1, 20, 1, 0; 0.994925149614; 1, 0, 1; 0, 1, 0; 4, 1, 2 ;
0,1; 3.920041, -0.534220, 0.723108 / 3.920041, -0.534220, 0.723108 / 3.920041, -0.534220, 0.723108; 1, 20, 1, 0; 0.992895468337; 1, 0, 1; 1, 0, 0; 2, 2, 0 / 3, 1, 2 ;
0,1; 3.898896, -0.530356, 0.718230 / 3.898896, -0.530356, 0.718230 / 3.898896, -0.530356, 0.718230; 1, 20, 1, 0; 0.992921168103; 1, 0, 1; 1, 0, 0; 3, 1, 2 ;
1,2; -0.485628, 4.16553, -1.63355 / -0.484763, 4.1657, -1.63308 / -0.486494, 4.16536, -1.63402; 1, 7, 1, 0; 0.181870449518; 2, 1, 2; 2, 2, 1; 1, 2, 1 / 1, 3, 0 / 2, 2, 0 / 2, 3, 2 / 3, 1, 3 / 4, 3, 2 ;
0,2; -0.828676, 2.833526, -1.475600 / -0.828676, 2.833526, -1.475600 / -0.828676, 2.833526, -1.475600; 1, 7, 1, 0; 0.315219532799; 0, 1, 0; 0, 1, 0; 4, 1, 1 ;
0,2; -0.981291, 2.252262, -1.409235 / -0.981291, 2.252262, -1.409235 / -0.981291, 2.252262, -1.409235; 1, 7, 1, 0; 0.387678902535; 0, 1, 0; 0, 1, 0; 1, 1, 1 ;
0,2; -0.973176, 2.266194, -1.406359 / -0.973176, 2.266194, -1.406359 / -0.973176, 2.266194, -1.406359; 1, 7, 1, 0; 0.387685458196; 1, 0, 1; 0, 1, 0; 1, 1, 2 ;
0,2; -1.137845, 1.635321, -1.332923 / -1.137845, 1.635321, -1.332923 / -1.137845, 1.635321, -1.332923; 1, 7, 1, 0; 0.461330860387; 1, 0, 1; 0, 1, 0; 4, 1, 2 ;
0,2; -0.863779, 2.697648, -1.460691 / -0.863267, 2.698547, -1.460161 / -0.864291, 2.696748, -1.461220; 1, 7, 1, 0; 0.347923947182; 0, 2, 0; 3, 0, 0; 2, 4, 0 / 2, 5, 0 / 2, 8, 3 / 3, 1, 1 / 3, 3, 0 / 3, 4, 1 / 4, 3, 0 ;
0,2; -0.743033, 3.010453, -1.493533 / -0.742888, 3.010847, -1.493367 / -0.743178, 3.010060, -1.493699; 1, 7, 1, 0; 0.315470872312; 0, 2, 0; 2, 0, 0; 2, 5, 1 / 3, 1, 1 ;
0,2; -0.489035, 4.166479, -1.633797 / -0.489035, 4.166479, -1.633797 / -0.489035, 4.166479, -1.633797; 1, 7, 1, 0; 0.181869856338; 1, 0, 1; 1, 0, 0; 3, 1, 2 ;
0,2; -0.486278, 4.160055, -1.635785 / -0.486278, 4.160055, -1.635785 / -0.486278, 4.160055, -1.635785; 1, 7, 1, 0; 0.181870326791; 1, 0, 1; 1, 0, 0; 2, 1, 2 ;
0,2; -0.486012, 4.162418, -1.634322 / -0.486012, 4.162418, -1.634322 / -0.486012, 4.162418, -1.634322; 1, 7, 1, 0; 0.181870388154; 1, 0, 1; 1, 0, 0; 1, 3, 0 / 2, 1, 2 ;
0,2; -0.482719, 4.158717, -1.635611 / -0.482719, 4.158717, -1.635611 / -0.482719, 4.158717, -1.635611; 1, 7, 1, 0; 0.181871196106; 1, 0, 1; 1, 0, 0; 3, 1, 2 ;
0,2; -0.746155, 2.980508, -1.477290 / -0.746155, 2.980508, -1.477290 / -0.746155, 2.980508, -1.477290; 1, 7, 1, 0; 0.314551448637; 1, 0, 1; 1, 0, 0; 2, 1, 2 ;
0,2; -0.744510, 2.995976, -1.480567 / -0.744510, 2.995976, -1.480567 / -0.744510, 2.995976, -1.480567; 1, 7, 1, 0; 0.315465032558; 1, 0, 1; 1, 0, 0; 3, 1, 2 ;
0,2; -0.862822, 2.695061, -1.460196 / -0.862822, 2.695061, -1.460196 / -0.862822, 2.695061, -1.460196; 1, 7, 1, 0; 0.347924581271; 1, 0, 1; 1, 0, 0; 3, 1, 2 ;
0,2; -1.029516, 2.068876, -1.385750 / -1.029516, 2.068876, -1.385750 / -1.029516, 2.068876, -1.385750; 1, 7, 1, 0; 0.424060883777; 1, 0, 1; 1, 0, 0; 2, 1, 2 ;
0,2; -1.135720, 1.638700, -1.335318 / -1.135720, 1.638700, -1.335318 / -1.135720, 1.638700, -1.335318; 1, 7, 1, 0; 0.461330205844; 1, 0, 1; 1, 0, 0; 2, 1, 2 ;
0,2; -1.121973, 1.685625, -1.342105 / -1.121973, 1.685625, -1.342105 / -1.121973, 1.685625, -1.342105; 1, 7, 1, 0; 0.461685709786; 1, 0, 1; 1, 0, 0; 3, 1, 2 ;
0,2; -2.046406, -1.840494, -0.916131 / -2.046210, -1.840358, -0.915947 / -2.046602, -1.840630, -0.916315; 1, 9, 1, 0; 0.468324531011; 2, 1, 1; 1, 1, 0; 1, 5, 0 / 3, 1, 2 / 4, 2, 1 ;
0,2; -2.338244, -3.246978, -0.642569 / -2.338233, -3.246903, -0.642533 / -2.338256, -3.247052, -0.642605; 1, 9, 1, 0; 0.641874256561; 2, 1, 1; 1, 1, 0; 3, 1, 2 / 4, 1, 1 ;
0,2; -2.490813, -3.119307, -0.663166 / -2.490813, -3.119307, -0.663166 / -2.490813, -3.119307, -0.663166; 1, 9, 1, 0; 0.639907326906; 1, 0, 1; 0, 1, 0; 4, 1, 2 ;
0,2; -2.131532, -2.154709, -0.879540 / -2.131307, -2.154660, -0.879438 / -2.131756, -2.154759, -0.879642; 1, 9, 1, 0; 0.493448942207; 1, 0, 2; 2, 0, 0; 2, 1, 2 / 2, 2, 2 ;
0,2; -2.467071, -2.755168, -0.833261 / -2.466926, -2.754752, -0.832900 / -2.467216, -2.755584, -0.833622; 1, 9, 1, 0; 0.569171538222; 2, 1, 1; 2, 0, 0; 1, 4, 0 / 2, 5, 1 / 3, 1, 2 ;
0,2; -2.039270, -1.841993, -0.918202 / -2.039270, -1.841993, -0.918202 / -2.039270, -1.841993, -0.918202; 1, 9, 1, 0; 0.468324357993; 1, 0, 1; 1, 0, 0; 2, 1, 2 ;
0,2; -2.134141, -2.155643, -0.877011 / -2.134141, -2.155643, -0.877011 / -2.134141, -2.155643, -0.877011; 1, 9, 1, 0; 0.493449531552; 0, 1, 0; 1, 0, 0; 2, 1, 1 ;
0,2; -2.300617, -2.818798, -0.797016 / -2.300617, -2.818798, -0.797016 / -2.300617, -2.818798, -0.797016; 1, 9, 1, 0; 0.628348153459; 1, 0, 1; 1, 0, 0; 3, 1, 2 ;
0,2; -2.350989, -3.240956, -0.633710 / -2.350989, -3.240956, -0.633710 / -2.350989, -3.240956, -0.633710; 1, 9, 1, 0; 0.641879749902; 1, 0, 1; 1, 0, 0; 2, 1, 2 ;
0,2; -2.517591, -3.629737, -0.703550 / -2.517591, -3.629737, -0.703550 / -2.517591, -3.629737, -0.703550; 1, 9, 1, 0; 0.701259818806; 1, 0, 1; 1, 0, 0; 2, 1, 2 ;
0,2; -2.522474, -3.630362, -0.708066 / -2.522474, -3.630362, -0.708066 / -2.522474, -3.630362, -0.708066; 1, 9, 1, 0; 0.701260121589; 1, 0, 1; 1, 0, 0; 2, 1, 2 ;
0,2; -1.651269, -0.330046, -1.096648 / -1.651269, -0.330046, -1.096648 / -1.651269, -0.330046, -1.096648; 1, 10, 1, 0; 0.176491750256; 0, 1, 0; 0, 1, 0; 4, 1, 1 ;
0,2; -1.608205, -0.173056, -1.117085 / -1.608205, -0.173056, -1.117085 / -1.608205, -0.173056, -1.117085; 1, 10, 1, 0; 0.183011529528; 0, 1, 0; 0, 1, 0; 4, 1, 1 ;
0,2; -1.776930, -0.826662, -1.036421 / -1.776930, -0.826662, -1.036421 / -1.776930, -0.826662, -1.036421; 1, 10, 1, 0; 0.134567123652; 1, 0, 1; 1, 0, 0; 2, 1, 2 ;
0,2; -1.656431, -0.338280, -1.092974 / -1.656431, -0.338280, -1.092974 / -1.656431, -0.338280, -1.092974; 1, 10, 1, 0; 0.176492891098; 1, 0, 1; 1, 0, 0; 3, 1, 2 ;
0,2; -1.597613, -0.173781, -1.113283 / -1.597613, -0.173781, -1.113283 / -1.597613, -0.173781, -1.113283; 1, 10, 1, 0; 0.183001926995; 1, 0, 1; 1, 0, 0; 2, 1, 2 ;
0,2; -1.612203, -0.170492, -1.105922 / -1.612203, -0.170492, -1.105922 / -1.612203, -0.170492, -1.105922; 1, 10, 1, 0; 0.183013243493; 1, 0, 1; 1, 0, 0; 2, 1, 2 ;
0,2; -1.398541, 0.632720, -1.212256 / -1.398541, 0.632720, -1.212256 / -1.398541, 0.632720, -1.212256; 1, 10, 1, 0; 0.275641352962; 0, 0, 0; 1, 0, 0; 3, 1, 3 ;
1,3; 0.601945, 3.54169, -1.67661 / 0.601945, 3.54169, -1.67661 / 0.601945, 3.54169, -1.67661; 1, 7, 1, 0; 0.136134661034; 0, 1, 0; 0, 1, 0; 1, 1, 0 / 3, 3, 0 / 3, 4, 0 / 4, 1, 1 / 4, 4, 0 ;
0,3; 0.605291, 3.689655, -1.696766 / 0.605291, 3.689655, -1.696766 / 0.605291, 3.689655, -1.696766; 1, 7, 1, 0; 0.136584214666; 1, 0, 1; 0, 1, 0; 4, 1, 2 ;
0,3; 0.539478, 1.460536, -1.417820 / 0.539478, 1.460536, -1.417820 / 0.539478, 1.460536, -1.417820; 1, 7, 1, 0; 0.486944540751; 1, 0, 1; 0, 1, 0; 4, 1, 2 ;
0,3; 0.597786, 3.368090, -1.656147 / 0.597786, 3.368090, -1.656147 / 0.597786, 3.368090, -1.656147; 1, 7, 1, 0; 0.121429169722; 1, 0, 1; 1, 0, 0; 2, 1, 2 ;
0,3; 0.598784, 3.541858, -1.673067 / 0.598784, 3.541858, -1.673067 / 0.598784, 3.541858, -1.673067; 1, 7, 1, 0; 0.136134113876; 1, 0, 1; 1, 0, 0; 2, 1, 2 ;
0,3; 0.621587, 4.193974, -1.753608 / 0.621587, 4.193974, -1.753608 / 0.621587, 4.193974, -1.753608; 1, 7, 1, 0; 0.171563836892; 1, 0, 1; 1, 0, 0; 3, 1, 2 ;
0,3; 0.533826, 1.291019, -1.397068 / 0.533826, 1.291019, -1.397068 / 0.533826, 1.291019, -1.397068; 1, 7, 1, 0; 0.486490062703; 1, 0, 1; 1, 0, 0; 2, 1, 2 ;
0,3; 0.541314, 1.456309, -1.416894 / 0.541314, 1.456309, -1.416894 / 0.541314, 1.456309, -1.416894; 1, 7, 1, 0; 0.486945261771; 1, 0, 1; 1, 0, 0; 3, 1, 2 ;
0,3; 0.433608, -1.878055, -0.998713 / 0.433608, -1.878055, -0.998713 / 0.433608, -1.878055, -0.998713; 1, 8, 1, 0; 0.787246581801; 1, 0, 1; 0, 1, 0; 1, 1, 2 ;
0,3; 0.425081, -2.299158, -0.953614 / 0.425081, -2.299158, -0.953614 / 0.425081, -2.299158, -0.953614; 1, 8, 1, 0; 0.806647291162; 1, 0, 1; 0, 1, 0; 1, 1, 2 ;
0,3; 0.428879, -2.029696, -0.978599 / 0.428879, -2.029696, -0.978599 / 0.428879, -2.029696, -0.978599; 1, 8, 1, 0; 0.787101886823; 1, 0, 1; 1, 0, 0; 3, 1, 2 / 4, 1, 0 ;
0,3; 0.437091, -1.891641, -0.999007 / 0.437091, -1.891641, -0.999007 / 0.437091, -1.891641, -0.999007; 1, 8, 1, 0; 0.787245344305; 1, 0, 1; 1, 0, 0; 3, 1, 2 ;
0,3; 0.433508, -1.882698, -1.002594 / 0.433508, -1.882698, -1.002594 / 0.433508, -1.882698, -1.002594; 1, 8, 1, 0; 0.787245840326; 1, 0, 1; 1, 0, 0; 3, 1, 2 ;
0,3; 0.432248, -1.877855, -1.001657 / 0.432248, -1.877855, -1.001657 / 0.432248, -1.877855, -1.001657; 1, 8, 1, 0; 0.787246520438; 1, 0, 1; 1, 0, 0; 3, 1, 2 ;
0,3; 0.424857, -2.234115, -0.954751 / 0.424857, -2.234115, -0.954751 / 0.424857, -2.234115, -0.954751; 1, 8, 1, 0; 0.806693124534; 1, 0, 1; 1, 0, 0; 2, 1, 2 ;
0,3; 0.380542, -3.646877, -0.781740 / 0.381011, -3.646437, -0.781357 / 0.380073, -3.647316, -0.782122; 1, 9, 1, 0; 0.677391630873; 1, 0, 1; 1, 1, 0; 2, 1, 3 / 4, 5, 2 ;
0,3; 0.414936, -1.718954, -0.974438 / 0.414936, -1.718954, -0.974438 / 0.414936, -1.718954, -0.974438; 1, 9, 1, 0; 0.434891095597; 0, 1, 0; 0, 1, 0; 1, 1, 1 ;
0,3; 0.426948, -1.713354, -0.995574 / 0.426948, -1.713354, -0.995574 / 0.426948, -1.713354, -0.995574; 1, 9, 1, 0; 0.435435990683; 1, 0, 1; 0, 1, 0; 1, 1, 2 ;
0,3; 0.408342, -3.031991, -0.864989 / 0.408342, -3.031991, -0.864989 / 0.408342, -3.031991, -0.864989; 1, 9, 1, 0; 0.606227961754; 0, 1, 0; 0, 1, 0; 1, 1, 1 / 2, 4, 0 / 4, 1, 0 / 4, 8, 0 ;
0,3; 0.404270, -3.028874, -0.864644 / 0.404270, -3.028874, -0.864644 / 0.404270, -3.028874, -0.864644; 1, 9, 1, 0; 0.606237418303; 1, 0, 1; 0, 1, 0; 1, 1, 2 ;
0,3; 0.414794, -1.729772, -0.977815 / 0.414794, -1.729772, -0.977815 / 0.414794, -1.729772, -0.977815; 1, 9, 1, 0; 0.434880676633; 1, 0, 1; 1, 0, 0; 3, 1, 2 ;
0,3; 0.416423, -1.721590, -0.972336 / 0.416423, -1.721590, -0.972336 / 0.416423, -1.721590, -0.972336; 1, 9, 1, 0; 0.434891182106; 1, 0, 1; 1, 0, 0; 3, 1, 2 ;
0,3; 0.427795, -1.713186, -0.996651 / 0.427795, -1.713186, -0.996651 / 0.427795, -1.713186, -0.996651; 1, 9, 1, 0; 0.435436055565; 0, 1, 0; 1, 0, 0; 3, 1, 1 / 4, 1, 0 ;
0,3; 0.409275, -3.027030, -0.869400 / 0.409275, -3.027030, -0.869400 / 0.409275, -3.027030, -0.869400; 1, 9, 1, 0; 0.606227053407; 1, 0, 1; 1, 0, 0; 2, 1, 2 ;
0,3; 0.416466, -3.025640, -0.864250 / 0.416466, -3.025640, -0.864250 / 0.416466, -3.025640, -0.864250; 1, 9, 1, 0; 0.606227599497; 1, 0, 1; 1, 0, 0; 2, 1, 2 ;
0,3; 0.406098, -3.029926, -0.862474 / 0.406098, -3.029926, -0.862474 / 0.406098, -3.029926, -0.862474; 1, 9, 1, 0; 0.606228048264; 1, 0, 1; 1, 0, 0; 2, 1, 2 ;
0,3; 0.409219, -3.033794, -0.863835 / 0.409219, -3.033794, -0.863835 / 0.409219, -3.033794, -0.863835; 1, 9, 1, 0; 0.606228605167; 1, 0, 1; 1, 0, 0; 3, 1, 2 ;
0,3; 0.403597, -3.030624, -0.860201 / 0.403597, -3.030624, -0.860201 / 0.403597, -3.030624, -0.860201; 1, 9, 1, 0; 0.606238067123; 1, 0, 1; 1, 0, 0; 2, 1, 2 ;
0,3; 0.364294, -4.218555, -0.704488 / 0.364294, -4.218555, -0.704488 / 0.364294, -4.218555, -0.704488; 1, 9, 1, 0; 0.739374645853; 1, 0, 1; 1, 0, 0; 3, 1, 2 ;
0,3; 0.366752, -4.189601, -0.701299 / 0.366752, -4.189601, -0.701299 / 0.366752, -4.189601, -0.701299; 1, 9, 1, 0; 0.739393504881; 1, 0, 1; 1, 0, 0; 2, 1, 2 ;
0,3; 0.453891, -1.265659, -1.077171 / 0.453901, -1.265598, -1.076254 / 0.453881, -1.265720, -1.078087; 1, 11, 1, 0; 0.553140817896; 2, 1, 1; 0, 2, 0; 1, 1, 1 / 1, 8, 2 ;
0,3; 0.523665, 0.969525, -1.356269 / 0.523665, 0.969525, -1.356269 / 0.523665, 0.969525, -1.356269; 1, 11, 1, 0; 0.287101156718; 0, 1, 0; 0, 1, 0; 4, 1, 1 ;
0,3; 0.524487, 1.136412, -1.374923 / 0.524487, 1.136412, -1.374923 / 0.524487, 1.136412, -1.374923; 1, 11, 1, 0; 0.287610682358; 1, 0, 1; 0, 1, 0; 1, 1, 2 ;
0,3; 0.473391, -0.741829, -1.145793 / 0.473391, -0.741829, -1.145793 / 0.473391, -0.741829, -1.145793; 1, 11, 1, 0; 0.623824497741; 1, 0, 1; 0, 1, 0; 4, 1, 2 ;
0,3; 0.476158, -0.559357, -1.166058 / 0.476158, -0.559357, -1.166058 / 0.476158, -0.559357, -1.166058; 1, 11, 1, 0; 0.670618268311; 0, 1, 0; 0, 1, 0; 1, 1, 1 ;
0,3; 0.480707, -0.419441, -1.182790 / 0.480707, -0.419441, -1.182790 / 0.480707, -0.419441, -1.182790; 1, 11, 1, 0; 0.670957931091; 0, 0, 0; 0, 1, 0; 4, 1, 3 ;
0,3; 0.529305, 1.159877, -1.379763 / 0.529525, 1.160096, -1.379427 / 0.529085, 1.159658, -1.380098; 1, 11, 1, 0; 0.287606087759; 0, 2, 0; 2, 0, 0; 2, 6, 0 / 3, 1, 1 / 3, 2, 1 ;
0,3; 0.524708, 0.999477, -1.361209 / 0.524708, 0.999477, -1.361209 / 0.524708, 0.999477, -1.361209; 1, 11, 1, 0; 0.287095320489; 0, 0, 0; 1, 0, 0; 3, 1, 3 ;
0,3; 0.527711, 0.976216, -1.356478 / 0.527711, 0.976216, -1.356478 / 0.527711, 0.976216, -1.356478; 1, 11, 1, 0; 0.287100275562; 1, 0, 1; 1, 0, 0; 1, 2, 0 / 3, 1, 2 ;
0,3; 0.452206, -1.423115, -1.057757 / 0.452206, -1.423115, -1.057757 / 0.452206, -1.423115, -1.057757; 1, 11, 1, 0; 0.552987468130; 1, 0, 1; 1, 0, 0; 2, 7, 0 / 3, 1, 2 ;
0,3; 0.472035, -0.690427, -1.147968 / 0.472035, -0.690427, -1.147968 / 0.472035, -0.690427, -1.147968; 1, 11, 1, 0; 0.625142730119; 0, 1, 0; 1, 0, 0; 2, 1, 1 ;
0,3; 0.460016, -0.838689, -1.138002 / 0.460016, -0.838689, -1.138002 / 0.460016, -0.838689, -1.138002; 1, 11, 1, 0; 0.625497504154; 1, 0, 1; 1, 0, 0; 3, 1, 2 ;
0,3; 0.480188, -0.437932, -1.182339 / 0.480188, -0.437932, -1.182339 / 0.480188, -0.437932, -1.182339; 1, 11, 1, 0; 0.669909898930; 0, 0, 0; 1, 0, 0; 1, 9, 0 / 2, 10, 0 / 3, 1, 3 ;
0,3; 0.474559, -0.609178, -1.159182 / 0.474559, -0.609178, -1.159182 / 0.474559, -0.609178, -1.159182; 1, 11, 1, 0; 0.670449109231; 1, 0, 1; 1, 0, 0; 2, 1, 2 ;
0,3; 0.480235, -0.419203, -1.180569 / 0.480235, -0.419203, -1.180569 / 0.480235, -0.419203, -1.180569; 1, 11, 1, 0; 0.670957227311; 1, 0, 1; 1, 0, 0; 2, 1, 2 ;
1,4; 2.87635, 1.77311, -0.975251 / 2.87635, 1.77311, -0.975251 / 2.87635, 1.77311, -0.975251; 1, 11, 1, 0; 0.897191103299; 1, 0, 1; 0, 1, 0; 1, 1, 2 ;
0,4; 3.072767, 1.846559, -1.041406 / 3.073531, 1.846907, -1.041327 / 3.072003, 1.846210, -1.041484; 1, 11, 1, 0; 0.898000839959; 2, 1, 1; 2, 0, 0; 1, 1, 0 / 2, 1, 1 / 2, 2, 0 / 2, 10, 0 / 3, 3, 2 ;
0,4; 3.076190, 1.847225, -1.040784 / 3.076190, 1.847225, -1.040784 / 3.076190, 1.847225, -1.040784; 1, 11, 1, 0; 0.898001555183; 1, 0, 1; 1, 0, 0; 3, 1, 2 ;
0,4; 1.337329, 1.191985, -0.465907 / 1.337329, 1.191985, -0.465907 / 1.337329, 1.191985, -0.465907; 1, 12, 1, 0; 0.938310783748; 1, 0, 1; 0, 1, 0; 4, 1, 2 ;
0,4; 1.316655, 1.188426, -0.461075 / 1.317147, 1.188474, -0.461053 / 1.316162, 1.188378, -0.461098; 1, 12, 1, 0; 0.938307894243; 2, 1, 1; 2, 0, 0; 2, 4, 1 / 3, 1, 2 ;
0,4; 3.852956, 2.143946, -1.295330 / 3.852956, 2.143946, -1.295330 / 3.852956, 2.143946, -1.295330; 1, 12, 1, 0; 0.053211796734; 1, 0, 1; 1, 0, 0; 3, 1, 2 ;
0,4; 2.379521, 1.590937, -0.811145 / 2.379521, 1.590937, -0.811145 / 2.379521, 1.590937, -0.811145; 1, 12, 1, 0; 0.296748225100; 1, 0, 1; 1, 0, 0; 2, 1, 2 ;
0,4; 2.108614, 1.480905, -0.720146 / 2.108614, 1.480905, -0.720146 / 2.108614, 1.480905, -0.720146; 1, 12, 1, 0; 0.331386636410; 1, 0, 1; 1, 0, 0; 2, 1, 2 ;
0,4; 1.964568, 1.430772, -0.675639 / 1.964568, 1.430772, -0.675639 / 1.964568, 1.430772, -0.675639; 1, 12, 1, 0; 0.331633743471; 0, 1, 0; 1, 0, 0; 2, 1, 1 / 4, 6, 0 ;
0,4; 1.005709, 1.069219, -0.359447 / 1.005709, 1.069219, -0.359447 / 1.005709, 1.069219, -0.359447; 1, 12, 1, 0; 0.940810531989; 1, 0, 1; 1, 0, 0; 2, 1, 2 / 3, 1, 0 / 3, 2, 0 ;
0,4; 0.517085, 0.862502, -0.230441 / 0.517085, 0.862502, -0.230441 / 0.517085, 0.862502, -0.230441; 1, 13, 1, 0; 0.923086787232; 1, 0, 1; 0, 1, 0; 1, 1, 2 ;
0,4; 0.737148, 0.975616, -0.267347 / 0.737148, 0.975616, -0.267347 / 0.737148, 0.975616, -0.267347; 1, 13, 1, 0; 0.896368516747; 1, 0, 1; 1, 0, 0; 3, 1, 2 ;
0,4; 0.109056, 0.736023, -0.061451 / 0.109056, 0.736023, -0.061451 / 0.109056, 0.736023, -0.061451; 1, 13, 1, 0; 0.920646648029; 0, 1, 0; 1, 0, 0; 3, 1, 1 ;
0,4; 0.522895, 0.863923, -0.217078 / 0.522895, 0.863923, -0.217078 / 0.522895, 0.863923, -0.217078; 1, 13, 1, 0; 0.923085260783; 1, 0, 1; 1, 0, 0; 3, 1, 2 ;
0,4; -0.637782, 0.456579, 0.184118 / -0.637782, 0.456579, 0.184118 / -0.637782, 0.456579, 0.184118; 1, 16, 1, 0; 0.618630416613; 1, 0, 1; 0, 1, 0; 1, 4, 0 / 1, 5, 0 / 4, 1, 2 ;
0,4; -0.167026, 0.632511, 0.027805 / -0.167026, 0.632511, 0.027805 / -0.167026, 0.632511, 0.027805; 1, 16, 1, 0; 0.597113028267; 1, 0, 1; 1, 0, 0; 2, 1, 2 ;
0,4; -0.188067, 0.628189, 0.029970 / -0.188067, 0.628189, 0.029970 / -0.188067, 0.628189, 0.029970; 1, 16, 1, 0; 0.597125451384; 1, 0, 1; 1, 0, 0; 2, 1, 2 ;
0,4; -0.631134, 0.454315, 0.189382 / -0.631134, 0.454315, 0.189382 / -0.631134, 0.454315, 0.189382; 1, 16, 1, 0; 0.618643629988; 1, 0, 1; 1, 0, 0; 3, 1, 2 ;
0,4; -0.389284, 0.558007, 0.102400 / -0.389284, 0.558007, 0.102400 / -0.389284, 0.558007, 0.102400; 1, 16, 1, 0; 0.620842896790; 1, 0, 1; 1, 0, 0; 1, 1, 0 / 3, 1, 2 ;
0,4; -1.365951, 0.187669, 0.424932 / -1.365951, 0.187669, 0.424932 / -1.365951, 0.187669, 0.424932; 1, 17, 1, 0; 0.701257298807; 0, 0, 0; 0, 1, 0; 1, 1, 3 ;
0,4; -1.361683, 0.185915, 0.428288 / -1.361683, 0.185915, 0.428288 / -1.361683, 0.185915, 0.428288; 1, 17, 1, 0; 0.701258568165; 1, 0, 1; 1, 0, 0; 2, 1, 2 ;
0,4; -1.537751, 0.124274, 0.481771 / -1.537751, 0.124274, 0.481771 / -1.537751, 0.124274, 0.481771; 1, 17, 1, 0; 0.701584611758; 1, 0, 1; 1, 0, 0; 2, 1, 2 ;
0,4; -3.293807, -0.533586, 1.061824 / -3.293497, -0.532920, 1.062225 / -3.294118, -0.534252, 1.061423; 1, 21, 1, 0; 0.563728339765; 2, 1, 1; 1, 1, 0; 1, 3, 2 / 3, 1, 1 ;
0,4; -2.453275, -0.223982, 0.781640 / -2.453275, -0.223982, 0.781640 / -2.453275, -0.223982, 0.781640; 1, 21, 1, 0; 0.417035683727; 1, 0, 1; 0, 1, 0; 1, 1, 2 ;
0,4; -3.572651, -0.639384, 1.159478 / -3.572651, -0.639384, 1.159478 / -3.572651, -0.639384, 1.159478; 1, 21, 1, 0; 0.586169587197; 1, 0, 1; 1, 0, 0; 2, 1, 2 ;
0,4; -4.102963, -0.828837, 1.335860 / -4.102963, -0.828837, 1.335860 / -4.102963, -0.828837, 1.335860; 1, 24, 1, 0; 0.625951760201; 1, 0, 1; 1, 0, 0; 2, 1, 2 ;
0,4; -4.100535, -0.831015, 1.338956 / -4.100535, -0.831015, 1.338956 / -4.100535, -0.831015, 1.338956; 1, 24, 1, 0; 0.625952573090; 1, 0, 1; 1, 0, 0; 2, 1, 2 ;
0,4; -4.108312, -0.830859, 1.341163 / -4.108312, -0.830859, 1.341163 / -4.108312, -0.830859, 1.341163; 1, 24, 1, 0; 0.625952846516; 1, 0, 1; 1, 0, 0; 3, 1, 2 ;
0,4; -4.123021, -0.841702, 1.339592 / -4.123021, -0.841702, 1.339592 / -4.123021, -0.841702, 1.339592; 1, 24, 1, 0; 0.625968328360; 1, 0, 1; 1, 0, 0; 3, 1, 2 ;
0,4; -4.129182, -0.845005, 1.334343 / -4.129182, -0.845005, 1.334343 / -4.129182, -0.845005, 1.334343; 1, 24, 1, 0; 0.625982516971; 1, 0, 1; 1, 0, 0; 2, 1, 2 ;
1,5; -0.0660677, -0.671255, -3.80985 / -0.0660652, -0.67093, -3.80967 / -0.0660703, -0.671579, -3.81003; 1, 1, 1, 0; 0.417000682691; 2, 1, 1; 0, 2, 0; 4, 1, 2 / 4, 2, 1 ;
0,5; -0.137646, -0.633977, -3.900109 / -0.137646, -0.633977, -3.900109 / -0.137646, -0.633977, -3.900109; 1, 1, 1, 0; 0.417719786001; 1, 0, 1; 0, 1, 0; 1, 1, 2 / 2, 10, 0 ;
0,5; -0.145652, -0.632232, -3.900313 / -0.145652, -0.632232, -3.900313 / -0.145652, -0.632232, -3.900313; 1, 1, 1, 0; 0.417719963991; 0, 1, 0; 0, 1, 0; 4, 1, 1 ;
0,5; -0.140532, -0.643024, -3.896493 / -0.139470, -0.642567, -3.896385 / -0.141593, -0.643481, -3.896601; 1, 1, 1, 0; 0.417718686418; 1, 0, 2; 2, 0, 0; 2, 1, 2 / 2, 8, 0 / 3, 10, 2 ;
0,5; -0.571749, -0.709522, -4.244227 / -0.571749, -0.709522, -4.244227 / -0.571749, -0.709522, -4.244227; 1, 1, 1, 0; 0.243952477463; 1, 0, 1; 1, 0, 0; 3, 1, 2 ;
0,5; -0.062870, -0.676706, -3.806682 / -0.062870, -0.676706, -3.806682 / -0.062870, -0.676706, -3.806682; 1, 1, 1, 0; 0.417000093346; 1, 0, 1; 1, 0, 0; 3, 1, 2 ;
0,5; -0.124266, -0.634597, -3.902353 / -0.124266, -0.634597, -3.902353 / -0.124266, -0.634597, -3.902353; 1, 1, 1, 0; 0.417712634758; 1, 0, 1; 1, 0, 0; 2, 1, 2 ;
0,5; -0.145861, -0.631086, -3.898471 / -0.145861, -0.631086, -3.898471 / -0.145861, -0.631086, -3.898471; 1, 1, 1, 0; 0.417720426765; 1, 0, 1; 1, 0, 0; 3, 1, 2 ;
0,5; 0.210154, -0.648083, -3.568548 / 0.210154, -0.648083, -3.568548 / 0.210154, -0.648083, -3.568548; 1, 1, 1, 0; 0.815346724509; 1, 0, 1; 1, 0, 0; 2, 1, 2 ;
0,5; 0.201710, -0.646553, -3.578468 / 0.201710, -0.646553, -3.578468 / 0.201710, -0.646553, -3.578468; 1, 1, 1, 0; 0.815354239643; 1, 0, 1; 1, 0, 0; 3, 1, 2 ;
0,5; 0.302070, -0.644205, -3.494829 / 0.302070, -0.644205, -3.494829 / 0.302070, -0.644205, -3.494829; 1, 1, 1, 0; 0.815413403517; 1, 0, 1; 1, 0, 0; 1, 3, 0 / 2, 1, 2 ;
0,5; 1.309630, -0.556981, -2.612187 / 1.309630, -0.556981, -2.612187 / 1.309630, -0.556981, -2.612187; 1, 2, 1, 0; 0.943542776138; 1, 0, 1; 1, 0, 0; 3, 1, 2 ;
0,5; 1.340830, -0.536267, -2.615166 / 1.340830, -0.536267, -2.615166 / 1.340830, -0.536267, -2.615166; 1, 2, 1, 0; 0.944062150942; 1, 0, 1; 1, 0, 0; 2, 1, 2 ;
0,5; 1.419576, -0.449163, -2.326900 / 1.419576, -0.449163, -2.326900 / 1.419576, -0.449163, -2.326900; 1, 3, 1, 0; 0.793222653401; 1, 0, 1; 0, 1, 0; 4, 1, 2 ;
0,5; 1.471305, -0.472807, -2.343860 / 1.471305, -0.472807, -2.343860 / 1.471305, -0.472807, -2.343860; 1, 3, 1, 0; 0.794526384507; 1, 0, 1; 0, 1, 0; 4, 1, 2 ;
0,5; 1.633624, -0.535243, -2.328889 / 1.633624, -0.535243, -2.328889 / 1.633624, -0.535243, -2.328889; 1, 3, 1, 0; 0.792569852956; 1, 0, 1; 1, 0, 0; 3, 1, 2 ;
0,5; 1.652435, -0.535422, -2.317603 / 1.652435, -0.535422, -2.317603 / 1.652435, -0.535422, -2.317603; 1, 3, 1, 0; 0.792575687972; 0, 1, 0; 1, 0, 0; 2, 1, 1 ;
0,5; 2.328167, -0.480061, -1.735060 / 2.328167, -0.480061, -1.735060 / 2.328167, -0.480061, -1.735060; 1, 4, 1, 0; 0.953535967150; 1, 0, 1; 1, 0, 0; 3, 1, 2 ;
0,5; 3.239628, -0.410273, -0.938138 / 3.239781, -0.409765, -0.937620 / 3.239475, -0.410781, -0.938656; 1, 11, 1, 0; 0.650181941564; 1, 0, 2; 1, 1, 0; 1, 1, 2 / 3, 4, 2 ;
0,5; 2.654961, -0.457612, -1.446704 / 2.654961, -0.457612, -1.446704 / 2.654961, -0.457612, -1.446704; 1, 11, 1, 0; 0.461209981782; 1, 0, 1; 0, 1, 0; 4, 1, 2 ;
0,5; 2.901198, -0.435372, -1.224717 / 2.901198, -0.435372, -1.224717 / 2.901198, -0.435372, -1.224717; 1, 11, 1, 0; 0.650600347656; 1, 0, 1; 0, 1, 0; 4, 1, 2 ;
0,5; 3.172573, -0.414968, -0.991763 / 3.172573, -0.414968, -0.991763 / 3.172573, -0.414968, -0.991763; 1, 11, 1, 0; 0.649600796245; 1, 0, 1; 1, 0, 0; 3, 1, 2 ;
0,5; 3.174324, -0.414572, -0.995123 / 3.174324, -0.414572, -0.995123 / 3.174324, -0.414572, -0.995123; 1, 11, 1, 0; 0.649601477138; 1, 0, 1; 1, 0, 0; 1, 7, 0 / 2, 1, 2 / 2, 5, 0 / 2, 7, 0 ;
0,5; 2.950947, -0.437592, -1.188454 / 2.950947, -0.437592, -1.188454 / 2.950947, -0.437592, -1.188454; 1, 11, 1, 0; 0.650492160000; 1, 0, 1; 1, 0, 0; 2, 1, 2 ;
0,5; 2.936855, -0.430210, -1.204226 / 2.936855, -0.430210, -1.204226 / 2.936855, -0.430210, -1.204226; 1, 11, 1, 0; 0.650572574074; 1, 0, 1; 1, 0, 0; 2, 1, 2 ;
0,5; 2.929306, -0.434586, -1.208497 / 2.929306, -0.434586, -1.208497 / 2.929306, -0.434586, -1.208497; 1, 11, 1, 0; 0.650583039233; 1, 0, 1; 1, 0, 0; 2, 1, 2 ;
0,5; 2.911296, -0.430846, -1.230004 / 2.911296, -0.430846, -1.230004 / 2.911296, -0.430846, -1.230004; 1, 11, 1, 0; 0.650590254414; 1, 0, 1; 1, 0, 0; 2, 1, 2 ;
0,5; 3.461072, -0.393248, -0.743358 / 3.461072, -0.393248, -0.743358 / 3.461072, -0.393248, -0.743358; 1, 12, 1, 0; 0.486471736633; 1, 0, 1; 1, 0, 0; 2, 1, 2 ;
0,5; 3.798231, -0.363527, -0.450753 / 3.798231, -0.363527, -0.450753 / 3.798231, -0.363527, -0.450753; 1, 12, 1, 0; 0.790259700727; 1, 0, 1; 1, 0, 0; 3, 1, 2 ;
1,6; 2.1415, 0.285277, 2.42007 / 2.142, 0.28539, 2.42082 / 2.14099, 0.285165, 2.41933; 1, 28, 1, 0; 0.929672130997; 2, 1, 1; 0, 2, 1; 1, 1, 2 / 4, 7, 1 ;
0,6; 3.239879, -0.463529, 2.451161 / 3.240491, -0.463414, 2.451797 / 3.239267, -0.463644, 2.450526; 1, 28, 1, 0; 0.874443953324; 2, 2, 1; 1, 2, 0; 1, 1, 1 / 1, 10, 1 / 2, 2, 2 / 2, 10, 0 ;
0,6; 2.149666, 0.279903, 2.423085 / 2.149666, 0.279903, 2.423085 / 2.149666, 0.279903, 2.423085; 1, 28, 1, 0; 0.929685584630; 1, 0, 1; 0, 1, 0; 4, 1, 2 ;
0,6; 1.330901, 0.837647, 2.401199 / 1.330901, 0.837647, 2.401199 / 1.330901, 0.837647, 2.401199; 1, 28, 1, 0; 0.990783027242; 1, 0, 1; 0, 1, 0; 4, 1, 2 ;
0,6; 1.675090, 0.608171, 2.407446 / 1.675412, 0.608446, 2.407821 / 1.674768, 0.607897, 2.407071; 1, 28, 1, 0; 0.984069470842; 1, 0, 3; 3, 0, 0; 2, 1, 2 / 2, 4, 2 / 3, 2, 2 ;
0,6; 3.239997, -0.462953, 2.450387 / 3.240491, -0.462451, 2.450801 / 3.239504, -0.463455, 2.449973; 1, 28, 1, 0; 0.874443879656; 0, 1, 0; 2, 1, 0; 1, 8, 0 / 1, 9, 1 / 2, 1, 1 / 2, 10, 2 / 4, 7, 0 ;
0,6; 3.229229, -0.449770, 2.450305 / 3.229229, -0.449770, 2.450305 / 3.229229, -0.449770, 2.450305; 1, 28, 1, 0; 0.874458631689; 1, 0, 1; 1, 0, 0; 3, 1, 2 ;
0,6; 3.210893, -0.443285, 2.448181 / 3.210893, -0.443285, 2.448181 / 3.210893, -0.443285, 2.448181; 1, 28, 1, 0; 0.874470354122; 1, 0, 1; 1, 0, 0; 2, 1, 2 ;
0,6; 2.137739, 0.287270, 2.421598 / 2.137739, 0.287270, 2.421598 / 2.137739, 0.287270, 2.421598; 1, 28, 1, 0; 0.929673374145; 0, 1, 0; 1, 0, 0; 3, 1, 1 ;
0,6; 1.671905, 0.605420, 2.405724 / 1.671905, 0.605420, 2.405724 / 1.671905, 0.605420, 2.405724; 1, 28, 1, 0; 0.984067868561; 1, 0, 1; 1, 0, 0; 3, 1, 2 ;
0,6; 1.671843, 0.605646, 2.408420 / 1.671843, 0.605646, 2.408420 / 1.671843, 0.605646, 2.408420; 1, 28, 1, 0; 0.984067969855; 1, 0, 1; 1, 0, 0; 3, 1, 2 ;
0,6; -0.176105, 1.852880, 2.336899 / -0.175153, 1.853699, 2.337250 / -0.177058, 1.852060, 2.336547; 1, 31, 1, 0; 0.550919664063; 1, 0, 2; 0, 2, 0; 4, 1, 2 / 4, 6, 2 ;
0,6; -0.282614, 1.921781, 2.334917 / -0.282286, 1.922412, 2.334948 / -0.282942, 1.921150, 2.334886; 1, 31, 1, 0; 0.505212836037; 2, 1, 1; 1, 1, 0; 3, 1, 2 / 4, 1, 0 / 4, 4, 0 / 4, 5, 1 ;
0,6; -0.261279, 1.905785, 2.335279 / -0.260841, 1.906366, 2.335700 / -0.261716, 1.905205, 2.334857; 1, 31, 1, 0; 0.506303806616; 2, 1, 1; 1, 1, 0; 1, 1, 2 / 3, 5, 1 ;
0,6; -0.176236, 1.849683, 2.337642 / -0.175670, 1.850410, 2.338108 / -0.176802, 1.848955, 2.337177; 1, 31, 1, 0; 0.550919509842; 1, 0, 2; 1, 1, 0; 1, 1, 2 / 2, 6, 2 / 2, 7, 0 ;
0,6; -0.168397, 1.845414, 2.339421 / -0.167659, 1.845634, 2.339806 / -0.169135, 1.845194, 2.339036; 1, 31, 1, 0; 0.550921503699; 1, 0, 2; 1, 1, 0; 1, 1, 2 / 2, 6, 2 ;
0,6; -1.062602, 2.451346, 2.301443 / -1.062602, 2.451346, 2.301443 / -1.062602, 2.451346, 2.301443; 1, 31, 1, 0; 0.387659850097; 1, 0, 1; 0, 1, 0; 1, 1, 2 ;
0,6; -0.717001, 2.214865, 2.318139 / -0.717001, 2.214865, 2.318139 / -0.717001, 2.214865, 2.318139; 1, 31, 1, 0; 0.389127626715; 1, 0, 1; 0, 1, 0; 1, 1, 2 ;
0,6; -0.180229, 1.853025, 2.337569 / -0.180229, 1.853025, 2.337569 / -0.180229, 1.853025, 2.337569; 1, 31, 1, 0; 0.550918353184; 1, 0, 1; 0, 1, 0; 1, 1, 2 ;
0,6; 0.755632, 1.224277, 2.363481 / 0.755632, 1.224277, 2.363481 / 0.755632, 1.224277, 2.363481; 1, 31, 1, 0; 0.723858026323; 1, 0, 1; 0, 1, 0; 4, 1, 2 ;
0,6; 1.213295, 0.915185, 2.394534 / 1.213295, 0.915185, 2.394534 / 1.213295, 0.915185, 2.394534; 1, 31, 1, 0; 0.794339184920; 1, 0, 1; 0, 1, 0; 4, 1, 2 ;
0,6; -1.181328, 2.522144, 2.298705 / -1.181328, 2.522144, 2.298705 / -1.181328, 2.522144, 2.298705; 1, 31, 1, 0; 0.370747872851; 1, 0, 1; 1, 0, 0; 3, 1, 2 ;
0,6; -1.356053, 2.643781, 2.292314 / -1.356053, 2.643781, 2.292314 / -1.356053, 2.643781, 2.292314; 1, 31, 1, 0; 0.373955670267; 0, 0, 0; 1, 0, 0; 2, 1, 3 ;
0,6; -1.380953, 2.665088, 2.296142 / -1.380953, 2.665088, 2.296142 / -1.380953, 2.665088, 2.296142; 1, 31, 1, 0; 0.373965683618; 1, 0, 1; 1, 0, 0; 3, 1, 2 ;
0,6; -1.055764, 2.448191, 2.306062 / -1.055764, 2.448191, 2.306062 / -1.055764, 2.448191, 2.306062; 1, 31, 1, 0; 0.387640451295; 1, 0, 1; 1, 0, 0; 2, 1, 2 ;
0,6; -1.057502, 2.446061, 2.297721 / -1.057502, 2.446061, 2.297721 / -1.057502, 2.446061, 2.297721; 1, 31, 1, 0; 0.387642312963; 1, 0, 1; 1, 0, 0; 2, 1, 2 ;
0,6; -0.762845, 2.195266, 2.308078 / -0.762845, 2.195266, 2.308078 / -0.762845, 2.195266, 2.308078; 1, 31, 1, 0; 0.389005494675; 1, 0, 1; 1, 0, 0; 3, 1, 2 ;
0,6; -0.175983, 1.854856, 2.332651 / -0.175983, 1.854856, 2.332651 / -0.175983, 1.854856, 2.332651; 1, 31, 1, 0; 0.550919928441; 1, 0, 1; 1, 0, 0; 2, 1, 2 ;
0,6; 0.213265, 1.587425, 2.354202 / 0.213265, 1.587425, 2.354202 / 0.213265, 1.587425, 2.354202; 1, 31, 1, 0; 0.552736938580; 0, 1, 0; 1, 0, 0; 2, 1, 1 ;
0,6; 0.562213, 1.347722, 2.374048 / 0.562213, 1.347722, 2.374048 / 0.562213, 1.347722, 2.374048; 1, 31, 1, 0; 0.657679204836; 1, 0, 1; 1, 0, 0; 2, 1, 2 ;
0,6; 3.546616, -0.673184, 2.456304 / 3.546616, -0.673184, 2.456304 / 3.546616, -0.673184, 2.456304; 1, 34, 1, 0; 0.052336474010; 1, 0, 1; 1, 0, 0; 2, 1, 2 ;
0,6; 3.541383, -0.669580, 2.457605 / 3.541383, -0.669580, 2.457605 / 3.541383, -0.669580, 2.457605; 1, 34, 1, 0; 0.052337097655; 1, 0, 1; 1, 0, 0; 2, 1, 2 ;
0,6; -2.103285, 3.144167, 2.264816 / -2.103131, 3.144333, 2.265029 / -2.103438, 3.144001, 2.264602; 1, 37, 1, 0; 0.300822816976; 0, 2, 0; 1, 1, 0; 1, 1, 0 / 3, 1, 1 / 4, 1, 1 ;
0,6; -1.848348, 2.972282, 2.274897 / -1.848348, 2.972282, 2.274897 / -1.848348, 2.972282, 2.274897; 1, 37, 1, 0; 0.266828468561; 0, 1, 0; 0, 1, 0; 1, 1, 1 ;
0,6; -2.286631, 3.270194, 2.255319 / -2.286631, 3.270194, 2.255319 / -2.286631, 3.270194, 2.255319; 1, 37, 1, 0; 0.292295336677; 1, 0, 1; 0, 1, 0; 4, 1, 2 ;
0,6; -2.097418, 3.145778, 2.255402 / -2.097418, 3.145778, 2.255402 / -2.097418, 3.145778, 2.255402; 1, 37, 1, 0; 0.300793824280; 1, 0, 1; 0, 1, 0; 4, 1, 2 ;
0,6; -2.112244, 3.157394, 2.260707 / -2.112244, 3.157394, 2.260707 / -2.112244, 3.157394, 2.260707; 1, 37, 1, 0; 0.300811795465; 1, 0, 1; 0, 1, 0; 4, 1, 2 ;
0,6; -2.105758, 3.142493, 2.263918 / -2.105758, 3.142493, 2.263918 / -2.105758, 3.142493, 2.263918; 1, 37, 1, 0; 0.300825342738; 1, 0, 1; 0, 1, 0; 4, 1, 2 ;
0,6; -1.828850, 2.966324, 2.265027 / -1.828850, 2.966324, 2.265027 / -1.828850, 2.966324, 2.265027; 1, 37, 1, 0; 0.266809823840; 1, 0, 1; 1, 0, 0; 3, 1, 2 ;
0,6; -0.366322, 0.728095, 2.962697 / -0.366066, 0.728586, 2.963387 / -0.366579, 0.727604, 2.962006; 1, 39, 1, 0; 0.298232861858; 2, 1, 1; 1, 1, 0; 1, 10, 2 / 2, 1, 1 ;
0,6; -0.373502, 0.709694, 2.970637 / -0.373502, 0.709694, 2.970637 / -0.373502, 0.709694, 2.970637; 1, 39, 1, 0; 0.298252318089; 0, 1, 0; 0, 1, 0; 1, 1, 1 ;
0,6; -0.344214, 0.743541, 2.962865 / -0.344214, 0.743541, 2.962865 / -0.344214, 0.743541, 2.962865; 1, 39, 1, 0; 0.298378626434; 1, 0, 1; 0, 1, 0; 1, 1, 2 ;
0,6; -0.366489, 0.728129, 2.968482 / -0.366489, 0.728129, 2.968482 / -0.366489, 0.728129, 2.968482; 1, 39, 1, 0; 0.298232531825; 1, 0, 1; 1, 0, 0; 1, 9, 0 / 2, 1, 2 ;
0,6; -0.366327, 0.728867, 2.963950 / -0.366076, 0.729149, 2.964512 / -0.366579, 0.728586, 2.963387; 1, 39, 1, 0; 0.298232798994; 0, 1, 0; 2, 0, 0; 2, 5, 1 / 3, 1, 1 ;
0,6; -0.358623, 0.724953, 2.962128 / -0.358623, 0.724953, 2.962128 / -0.358623, 0.724953, 2.962128; 1, 39, 1, 0; 0.298235486406; 1, 0, 1; 1, 0, 0; 2, 1, 2 ;
0,6; -0.371347, 0.705777, 2.969896 / -0.371347, 0.705777, 2.969896 / -0.371347, 0.705777, 2.969896; 1, 39, 1, 0; 0.298250385039; 1, 0, 1; 1, 0, 0; 2, 1, 2 ;
0,6; -0.202391, 1.030909, 2.944938 / -0.202391, 1.030909, 2.944938 / -0.202391, 1.030909, 2.944938; 1, 39, 1, 0; 0.431038016659; 1, 0, 1; 1, 0, 0; 3, 1, 2 ;
0,6; -0.223067, 1.016782, 2.951594 / -0.223067, 1.016782, 2.951594 / -0.223067, 1.016782, 2.951594; 1, 39, 1, 0; 0.431051610875; 0, 1, 0; 1, 0, 0; 2, 1, 1 ;
0,6; -0.223254, 1.010981, 2.955029 / -0.223254, 1.010981, 2.955029 / -0.223254, 1.010981, 2.955029; 1, 39, 1, 0; 0.431078752161; 1, 0, 1; 1, 0, 0; 3, 1, 2 ;
1,7; -3.22785, 1.71086, -0.212347 / -3.22748, 1.71156, -0.211365 / -3.22823, 1.71016, -0.213328; 1, 14, 1, 0; 0.498743763410; 0, 5, 0; 2, 4, 1; 1, 1, 1 / 1, 4, 0 / 1, 5, 1 / 2, 2, 1 / 2, 4, 0 / 2, 5, 3 / 2, 9, 0 / 4, 7, 1 / 4, 8, 0 / 4, 9, 1 / 4, 10, 0 ;
0,7; -3.541491, 1.607789, -0.568392 / -3.540225, 1.607954, -0.568350 / -3.542757, 1.607624, -0.568434; 1, 14, 1, 0; 0.277527596102; 2, 1, 1; 1, 1, 0; 1, 1, 2 / 3, 10, 1 ;
0,7; -3.548592, 1.610839, -0.572033 / -3.548592, 1.610839, -0.572033 / -3.548592, 1.610839, -0.572033; 1, 14, 1, 0; 0.277527842303; 1, 0, 1; 0, 1, 0; 1, 1, 2 ;
0,7; -4.202104, 1.378917, -1.286147 / -4.202104, 1.378917, -1.286147 / -4.202104, 1.378917, -1.286147; 1, 14, 1, 0; 0.025730178016; 1, 0, 1; 1, 0, 0; 2, 1, 2 ;
0,7; -3.223188, 1.711069, -0.218409 / -3.223188, 1.711069, -0.218409 / -3.223188, 1.711069, -0.218409; 1, 14, 1, 0; 0.498731699541; 1, 0, 1; 1, 0, 0; 3, 1, 2 ;
0,7; -3.227176, 1.709021, -0.209590 / -3.227176, 1.709021, -0.209590 / -3.227176, 1.709021, -0.209590; 1, 14, 1, 0; 0.498743628000; 1, 0, 1; 1, 0, 0; 2, 1, 2 ;
0,7; -3.228639, 1.711283, -0.212907 / -3.227741, 1.711559, -0.212159 / -3.229538, 1.711008, -0.213655; 1, 14, 1, 0; 0.498743800340; 0, 1, 0; 1, 2, 0; 2, 3, 0 / 2, 9, 1 / 3, 5, 0 / 4, 1, 1 / 4, 2, 0 / 4, 3, 1 / 4, 4, 0 ;
0,7; -2.974818, 1.764602, 0.048541 / -2.974818, 1.764602, 0.048541 / -2.974818, 1.764602, 0.048541; 1, 14, 1, 0; 0.732252170573; 1, 0, 1; 1, 0, 0; 3, 1, 2 ;
0,7; -2.985985, 1.774629, 0.043061 / -2.985985, 1.774629, 0.043061 / -2.985985, 1.774629, 0.043061; 1, 14, 1, 0; 0.732264406784; 1, 0, 1; 1, 0, 0; 2, 1, 2 ;
0,7; -2.851068, 1.796515, 0.181153 / -2.851068, 1.796515, 0.181153 / -2.851068, 1.796515, 0.181153; 1, 14, 1, 0; 0.732426702760; 1, 0, 1; 1, 0, 0; 3, 1, 2 ;
0,7; -2.942962, 1.784072, 0.093507 / -2.942962, 1.784072, 0.093507 / -2.942962, 1.784072, 0.093507; 1, 14, 1, 0; 0.732539733832; 1, 0, 1; 1, 0, 0; 2, 1, 2 ;
0,7; -2.613859, 1.869184, 0.440783 / -2.613838, 1.869189, 0.441134 / -2.613880, 1.869180, 0.440432; 1, 17, 1, 0; 0.985922711460; 0, 2, 0; 1, 1, 0; 1, 1, 1 / 2, 2, 1 ;
0,7; -2.615872, 1.870570, 0.441115 / -2.615643, 1.870779, 0.441259 / -2.616102, 1.870361, 0.440970; 1, 17, 1, 0; 0.985923583271; 2, 1, 1; 1, 1, 0; 1, 1, 2 / 2, 1, 1 / 2, 6, 0 ;
0,7; -2.620395, 1.868563, 0.435977 / -2.620395, 1.868563, 0.435977 / -2.620395, 1.868563, 0.435977; 1, 17, 1, 0; 0.985923848302; 1, 0, 1; 0, 1, 0; 4, 1, 2 ;
0,7; -2.347114, 1.937105, 0.719870 / -2.346829, 1.937191, 0.720295 / -2.347400, 1.937019, 0.719444; 1, 24, 1, 0; 0.146437949214; 2, 1, 2; 0, 3, 1; 1, 5, 1 / 1, 6, 2 / 4, 1, 2 ;
0,7; -2.352979, 1.939107, 0.724413 / -2.352750, 1.939386, 0.724502 / -2.353209, 1.938828, 0.724325; 1, 24, 1, 0; 0.146437468870; 1, 0, 1; 1, 1, 0; 1, 6, 0 / 1, 7, 0 / 2, 1, 2 / 2, 5, 0 / 4, 4, 3 ;
0,7; -2.351952, 1.941698, 0.726225 / -2.351952, 1.941698, 0.726225 / -2.351952, 1.941698, 0.726225; 1, 24, 1, 0; 0.146436611641; 1, 0, 1; 0, 1, 0; 4, 1, 2 ;
0,7; -2.354250, 1.943139, 0.725405 / -2.354250, 1.943139, 0.725405 / -2.354250, 1.943139, 0.725405; 1, 24, 1, 0; 0.146436530353; 1, 0, 1; 1, 0, 0; 3, 1, 2 ;
0,7; -2.347177, 1.937425, 0.719062 / -2.346829, 1.937831, 0.719530 / -2.347525, 1.937019, 0.718594; 1, 24, 1, 0; 0.146437978773; 1, 0, 1; 1, 2, 0; 1, 1, 1 / 1, 2, 2 / 3, 8, 2 ;
0,7; -1.534156, 2.176850, 1.619227 / -1.534156, 2.176850, 1.619227 / -1.534156, 2.176850, 1.619227; 1, 29, 1, 0; 0.351873638663; 1, 0, 1; 0, 1, 0; 1, 1, 2 ;
0,7; -1.748600, 2.102623, 1.375733 / -1.748600, 2.102623, 1.375733 / -1.748600, 2.102623, 1.375733; 1, 29, 1, 0; 0.237919467271; 1, 0, 1; 1, 0, 0; 2, 1, 2 ;
0,7; -1.749073, 2.111748, 1.378417 / -1.749073, 2.111748, 1.378417 / -1.749073, 2.111748, 1.378417; 1, 29, 1, 0; 0.237935832544; 0, 1, 0; 1, 0, 0; 2, 1, 1 ;
0,7; -1.513669, 2.178146, 1.634124 / -1.513669, 2.178146, 1.634124 / -1.513669, 2.178146, 1.634124; 1, 29, 1, 0; 0.351886000288; 0, 1, 0; 1, 0, 0; 2, 1, 1 ;
0,7; -1.519509, 2.179035, 1.627372 / -1.519509, 2.179035, 1.627372 / -1.519509, 2.179035, 1.627372; 1, 29, 1, 0; 0.351886487350; 1, 0, 1; 1, 0, 0; 3, 1, 2 ;
0,7; -1.112654, 2.291138, 2.069034 / -1.112654, 2.291138, 2.069034 / -1.112654, 2.291138, 2.069034; 1, 29, 1, 0; 0.739010329604; 0, 1, 0; 1, 0, 0; 3, 1, 1 ;
0,7; -0.914074, 2.349630, 2.282293 / -0.914074, 2.349630, 2.282293 / -0.914074, 2.349630, 2.282293; 1, 31, 1, 0; 0.388297785386; 1, 0, 1; 0, 1, 0; 4, 1, 2 ;
0,7; -0.902643, 2.347319, 2.299558 / -0.902643, 2.347319, 2.299558 / -0.902643, 2.347319, 2.299558; 1, 31, 1, 0; 0.388324157182; 1, 0, 1; 0, 1, 0; 4, 1, 2 ;
0,7; -0.916751, 2.346738, 2.283542 / -0.916751, 2.346738, 2.283542 / -0.916751, 2.346738, 2.283542; 1, 31, 1, 0; 0.388296507555; 1, 0, 1; 1, 0, 0; 2, 1, 2 ;
0,7; -0.041627, 2.599106, 3.233812 / -0.041627, 2.599106, 3.233812 / -0.041627, 2.599106, 3.233812; 1, 43, 1, 0; 0.183081390972; 0, 1, 0; 0, 1, 0; 1, 7, 0 / 4, 1, 1 ;
0,7; -0.102137, 2.575817, 3.172226 / -0.102137, 2.575817, 3.172226 / -0.102137, 2.575817, 3.172226; 1, 43, 1, 0; 0.182233764793; 1, 0, 1; 1, 0, 0; 3, 1, 2 ;
0,7; -0.099934, 2.579956, 3.175795 / -0.099934, 2.579956, 3.175795 / -0.099934, 2.579956, 3.175795; 1, 43, 1, 0; 0.182236676849; 1, 0, 1; 1, 0, 0; 2, 1, 2 ;
0,7; -0.031572, 2.605274, 3.253291 / -0.031572, 2.605274, 3.253291 / -0.031572, 2.605274, 3.253291; 1, 43, 1, 0; 0.182796009493; 1, 0, 1; 1, 0, 0; 3, 1, 2 ;
0,7; -0.020361, 2.612925, 3.261217 / -0.020361, 2.612925, 3.261217 / -0.020361, 2.612925, 3.261217; 1, 43, 1, 0; 0.182803121248; 1, 0, 1; 1, 0, 0; 3, 1, 2 ;
0,7; -0.063587, 2.596274, 3.209601 / -0.063587, 2.596274, 3.209601 / -0.063587, 2.596274, 3.209601; 1, 43, 1, 0; 0.183128122536; 1, 0, 1; 1, 0, 0; 3, 1, 2 ;
0,7; 0.181650, 2.666113, 3.476114 / 0.181650, 2.666113, 3.476114 / 0.181650, 2.666113, 3.476114; 1, 45, 1, 0; 0.683511917482; 1, 0, 1; 1, 0, 0; 2, 1, 2 ;
0,7; 0.179974, 2.665562, 3.479242 / 0.179974, 2.665562, 3.479242 / 0.179974, 2.665562, 3.479242; 1, 45, 1, 0; 0.683541359275; 1, 0, 1; 1, 0, 0; 3, 1, 2 ;
0,7; 0.142456, 2.652922, 3.434327 / 0.142456, 2.652922, 3.434327 / 0.142456, 2.652922, 3.434327; 1, 45, 1, 0; 0.683745162286; 0, 1, 0; 1, 0, 0; 2, 1, 1 ;
1,8; 0.557179, -0.513197, -1.95155 / 0.55757, -0.512662, -1.9513 / 0.556788, -0.513732, -1.9518; 1, 4, 1, 0; 0.553414245820; 2, 1, 1; 0, 2, 1; 1, 8, 1 / 2, 2, 0 / 4, 1, 2 ;
0,8; -0.192354, 1.519510, -2.219902 / -0.191971, 1.519825, -2.219598 / -0.192738, 1.519195, -2.220207; 1, 4, 1, 0; 0.381067920711; 2, 1, 1; 2, 1, 0; 1, 1, 1 / 1, 6, 0 / 2, 1, 3 / 2, 2, 2 / 3, 2, 0 / 3, 7, 0 / 4, 9, 0 ;
0,8; -0.732317, 2.968528, -2.418873 / -0.731996, 2.968706, -2.418537 / -0.732639, 2.968350, -2.419209; 1, 4, 1, 0; 0.278640578344; 1, 0, 2; 1, 1, 0; 1, 1, 2 / 3, 5, 2 ;
0,8; -0.362131, 1.965381, -2.278377 / -0.361475, 1.965487, -2.277471 / -0.362787, 1.965275, -2.279282; 1, 4, 1, 0; 0.329469041776; 1, 0, 2; 1, 1, 0; 2, 1, 2 / 4, 8, 2 ;
0,8; -0.393963, 2.059620, -2.293137 / -0.393963, 2.059620, -2.293137 / -0.393963, 2.059620, -2.293137; 1, 4, 1, 0; 0.329058813574; 0, 1, 0; 0, 1, 0; 1, 1, 1 ;
0,8; -0.399652, 2.063786, -2.286138 / -0.399652, 2.063786, -2.286138 / -0.399652, 2.063786, -2.286138; 1, 4, 1, 0; 0.329059119831; 1, 0, 1; 0, 1, 0; 1, 1, 0 / 1, 6, 0 / 4, 1, 2 ;
0,8; 0.804477, -0.914115, -2.064116 / 0.804477, -0.914115, -2.064116 / 0.804477, -0.914115, -2.064116; 1, 4, 1, 0; 0.514926957531; 0, 1, 0; 0, 1, 0; 4, 1, 1 ;
0,8; 0.351008, 0.047743, -2.016773 / 0.351008, 0.047743, -2.016773 / 0.351008, 0.047743, -2.016773; 1, 4, 1, 0; 0.610845988628; 1, 0, 1; 0, 1, 0; 4, 1, 2 ;
0,8; 0.262177, 0.284784, -2.047529 / 0.262177, 0.284784, -2.047529 / 0.262177, 0.284784, -2.047529; 1, 4, 1, 0; 0.613557143260; 0, 1, 0; 0, 1, 0; 4, 1, 1 ;
0,8; 0.154271, 0.555349, -2.079966 / 0.154271, 0.555349, -2.079966 / 0.154271, 0.555349, -2.079966; 1, 4, 1, 0; 0.624887301184; 1, 0, 1; 0, 1, 0; 1, 1, 2 ;
0,8; 0.159743, 0.553260, -2.086345 / 0.159743, 0.553260, -2.086345 / 0.159743, 0.553260, -2.086345; 1, 4, 1, 0; 0.624887478491; 1, 0, 1; 0, 1, 0; 1, 1, 2 / 4, 4, 0 ;
0,8; -0.739676, 2.984695, -2.423044 / -0.739676, 2.984695, -2.423044 / -0.739676, 2.984695, -2.423044; 1, 4, 1, 0; 0.279368411933; 1, 0, 1; 1, 0, 0; 2, 1, 2 ;
0,8; -0.564805, 2.518713, -2.358376 / -0.564805, 2.518713, -2.358376 / -0.564805, 2.518713, -2.358376; 1, 4, 1, 0; 0.282618290034; 1, 0, 1; 1, 0, 0; 1, 3, 0 / 1, 5, 0 / 2, 1, 2 / 2, 4, 0 / 4, 10, 0 ;
0,8; -0.404323, 2.085480, -2.301429 / -0.404323, 2.085480, -2.301429 / -0.404323, 2.085480, -2.301429; 1, 4, 1, 0; 0.329048388722; 1, 0, 1; 1, 0, 0; 3, 1, 2 ;
0,8; -0.391052, 2.062688, -2.297926 / -0.391052, 2.062688, -2.297926 / -0.391052, 2.062688, -2.297926; 1, 4, 1, 0; 0.329051318319; 1, 0, 1; 1, 0, 0; 2, 1, 2 ;
0,8; -0.358960, 1.957005, -2.282160 / -0.358960, 1.957005, -2.282160 / -0.358960, 1.957005, -2.282160; 1, 4, 1, 0; 0.329469525341; 1, 0, 1; 1, 0, 0; 3, 1, 2 ;
0,8; -0.355639, 1.955109, -2.271289 / -0.355639, 1.955109, -2.271289 / -0.355639, 1.955109, -2.271289; 1, 4, 1, 0; 0.329477201933; 1, 0, 1; 1, 0, 0; 2, 1, 2 ;
0,8; -0.314920, 1.846122, -2.264561 / -0.314920, 1.846122, -2.264561 / -0.314920, 1.846122, -2.264561; 1, 4, 1, 0; 0.374327107436; 1, 0, 1; 1, 0, 0; 2, 1, 2 ;
0,8; 0.553595, -0.516990, -1.944434 / 0.553595, -0.516990, -1.944434 / 0.553595, -0.516990, -1.944434; 1, 4, 1, 0; 0.553413862998; 1, 0, 1; 1, 0, 0; 2, 1, 2 ;
0,8; 0.557661, -0.513890, -1.951244 / 0.557751, -0.513732, -1.951188 / 0.557570, -0.514048, -1.951301; 1, 4, 1, 0; 0.553414274028; 0, 1, 0; 1, 1, 0; 1, 1, 1 / 3, 6, 1 ;
0,8; 0.388562, -0.064031, -2.002158 / 0.388562, -0.064031, -2.002158 / 0.388562, -0.064031, -2.002158; 1, 4, 1, 0; 0.568523805494; 1, 0, 1; 1, 0, 0; 1, 5, 0 / 3, 1, 2 / 4, 1, 0 ;
0,8; 0.426408, -0.167765, -1.986248 / 0.426408, -0.167765, -1.986248 / 0.426408, -0.167765, -1.986248; 1, 4, 1, 0; 0.568938361602; 1, 0, 1; 1, 0, 0; 2, 1, 2 ;
0,8; 0.353662, 0.047471, -2.022187 / 0.353662, 0.047471, -2.022187 / 0.353662, 0.047471, -2.022187; 1, 4, 1, 0; 0.610838638443; 1, 0, 1; 1, 0, 0; 3, 1, 2 ;
0,8; 0.350862, 0.063562, -2.021231 / 0.350862, 0.063562, -2.021231 / 0.350862, 0.063562, -2.021231; 1, 4, 1, 0; 0.610839871533; 1, 0, 1; 1, 0, 0; 2, 1, 2 ;
0,8; 0.156081, 0.553348, -2.085637 / 0.156081, 0.553348, -2.085637 / 0.156081, 0.553348, -2.085637; 1, 4, 1, 0; 0.624887426105; 1, 0, 1; 1, 0, 0; 2, 1, 2 ;
0,8; 0.742646, -1.019527, -1.868247 / 0.743660, -1.019375, -1.867891 / 0.741633, -1.019678, -1.868603; 1, 5, 1, 0; 0.914503641929; 2, 1, 2; 2, 1, 0; 2, 5, 2 / 2, 8, 2 / 4, 1, 1 ;
0,8; 0.751376, -0.961926, -1.911349 / 0.751376, -0.961926, -1.911349 / 0.751376, -0.961926, -1.911349; 1, 5, 1, 0; 0.914602940989; 0, 1, 0; 0, 1, 0; 1, 1, 0 / 4, 1, 1 ;
0,8; 0.734282, -0.989220, -1.872181 / 0.734282, -0.989220, -1.872181 / 0.734282, -0.989220, -1.872181; 1, 5, 1, 0; 0.914531033590; 1, 0, 1; 1, 0, 0; 2, 1, 2 ;
0,8; 0.734762, -0.988960, -1.873555 / 0.734762, -0.988960, -1.873555 / 0.734762, -0.988960, -1.873555; 1, 5, 1, 0; 0.914531082600; 1, 0, 1; 1, 0, 0; 2, 1, 2 / 3, 2, 0 ;
0,8; 0.747524, -0.960099, -1.910944 / 0.747524, -0.960099, -1.910944 / 0.747524, -0.960099, -1.910944; 1, 5, 1, 0; 0.914603504604; 1, 0, 1; 1, 0, 0; 2, 1, 2 / 3, 1, 0 ;
0,8; 0.750801, -0.962306, -1.900959 / 0.750801, -0.962306, -1.900959 / 0.750801, -0.962306, -1.900959; 1, 5, 1, 0; 0.914611772582; 1, 0, 1; 1, 0, 0; 2, 1, 2 ;
0,8; -1.322661, 2.874666, -2.389293 / -1.322661, 2.874666, -2.389293 / -1.322661, 2.874666, -2.389293; 1, 6, 1, 0; 0.140708909323; 1, 0, 1; 1, 0, 0; 2, 1, 2 ;
0,8; 1.224309, -2.337685, -1.687844 / 1.225218, -2.336832, -1.687218 / 1.223400, -2.338537, -1.688470; 1, 8, 1, 0; 0.272785792524; 2, 2, 1; 1, 2, 1; 1, 1, 1 / 3, 8, 1 / 4, 3, 2 ;
0,8; 1.353857, -2.661141, -1.620201 / 1.353939, -2.660815, -1.620124 / 1.353774, -2.661467, -1.620279; 1, 8, 1, 0; 0.303360379267; 2, 1, 1; 0, 2, 0; 1, 1, 2 / 1, 2, 1 ;
0,8; 1.103980, -2.003760, -1.732831 / 1.103980, -2.003760, -1.732831 / 1.103980, -2.003760, -1.732831; 1, 8, 1, 0; 0.234332514131; 1, 0, 1; 0, 1, 0; 1, 1, 2 ;
0,8; 1.663872, -3.525020, -1.526782 / 1.665053, -3.524348, -1.526642 / 1.662691, -3.525691, -1.526923; 1, 8, 1, 0; 0.486004371122; 2, 1, 1; 2, 0, 0; 2, 10, 2 / 3, 1, 1 ;
0,8; 1.153042, -2.120375, -1.724288 / 1.153042, -2.120375, -1.724288 / 1.153042, -2.120375, -1.724288; 1, 8, 1, 0; 0.234855110705; 1, 0, 1; 1, 0, 0; 2, 1, 2 ;
0,8; 1.142241, -2.101575, -1.714270 / 1.142241, -2.101575, -1.714270 / 1.142241, -2.101575, -1.714270; 1, 8, 1, 0; 0.234860024893; 1, 0, 1; 1, 0, 0; 3, 1, 2 ;
0,8; 1.121949, -2.049518, -1.724560 / 1.121949, -2.049518, -1.724560 / 1.121949, -2.049518, -1.724560; 1, 8, 1, 0; 0.236026937525; 0, 0, 0; 1, 0, 0; 3, 1, 3 ;
0,8; 1.192274, -2.232389, -1.699651 / 1.192274, -2.232389, -1.699651 / 1.192274, -2.232389, -1.699651; 1, 8, 1, 0; 0.272264520378; 1, 0, 1; 1, 0, 0; 1, 4, 0 / 2, 1, 2 / 3, 8, 0 ;
0,8; 1.171712, -2.372550, -1.647727 / 1.171712, -2.372550, -1.647727 / 1.171712, -2.372550, -1.647727; 1, 8, 1, 0; 0.272761149992; 1, 0, 1; 1, 0, 0; 2, 1, 2 ;
0,8; 1.220290, -2.336050, -1.688332 / 1.220290, -2.336050, -1.688332 / 1.220290, -2.336050, -1.688332; 1, 8, 1, 0; 0.272784938550; 1, 0, 1; 1, 0, 0; 3, 1, 2 ;
0,8; 1.202957, -2.350211, -1.679452 / 1.202957, -2.350211, -1.679452 / 1.202957, -2.350211, -1.679452; 1, 8, 1, 0; 0.272791345915; 1, 0, 1; 1, 0, 0; 2, 1, 2 ;
0,8; 1.345047, -2.681920, -1.658327 / 1.345047, -2.681920, -1.658327 / 1.345047, -2.681920, -1.658327; 1, 8, 1, 0; 0.302968323173; 1, 0, 1; 1, 0, 0; 3, 1, 2 ;
0,8; 1.354211, -2.661807, -1.617085 / 1.354211, -2.661807, -1.617085 / 1.354211, -2.661807, -1.617085; 1, 8, 1, 0; 0.303360317903; 1, 0, 1; 1, 0, 0; 2, 1, 2 ;
1,9; -1.85994, 3.68601, -1.39029 / -1.85983, 3.6861, -1.3901 / -1.86005, 3.68592, -1.39047; 1, 7, 1, 0; 0.240705428925; 1, 0, 2; 2, 0, 0; 3, 1, 2 / 3, 2, 2 ;
0,9; -1.686026, 3.490180, -1.160197 / -1.685945, 3.490290, -1.160092 / -1.686107, 3.490071, -1.160301; 1, 7, 1, 0; 0.791102107732; 1, 0, 2; 2, 0, 0; 2, 7, 0 / 3, 1, 2 / 3, 2, 2 / 3, 8, 0 ;
0,9; -1.684642, 3.490875, -1.159846 / -1.684586, 3.491152, -1.159533 / -1.684699, 3.490598, -1.160159; 1, 7, 1, 0; 0.791102158868; 2, 1, 1; 2, 0, 0; 2, 1, 1 / 2, 4, 0 / 3, 2, 2 / 3, 4, 0 / 4, 1, 0 ;
0,9; -1.861860, 3.686825, -1.392076 / -1.861860, 3.686825, -1.392076 / -1.861860, 3.686825, -1.392076; 1, 7, 1, 0; 0.240705485175; 1, 0, 1; 1, 0, 0; 3, 1, 2 ;
0,9; -1.675934, 3.486763, -1.156349 / -1.675934, 3.486763, -1.156349 / -1.675934, 3.486763, -1.156349; 1, 7, 1, 0; 0.791092248673; 0, 1, 0; 1, 0, 0; 1, 5, 0 / 1, 6, 0 / 3, 1, 1 ;
0,9; -1.672750, 3.487586, -1.158601 / -1.672750, 3.487586, -1.158601 / -1.672750, 3.487586, -1.158601; 1, 7, 1, 0; 0.791092330491; 1, 0, 1; 1, 0, 0; 3, 1, 2 ;
0,9; -1.130576, 2.887739, -0.445707 / -1.130576, 2.887739, -0.445707 / -1.130576, 2.887739, -0.445707; 1, 17, 1, 0; 0.087751284004; 1, 0, 1; 0, 1, 0; 1, 1, 2 ;
0,9; -0.907782, 2.661088, -0.168132 / -0.907782, 2.661088, -0.168132 / -0.907782, 2.661088, -0.168132; 1, 17, 1, 0; 0.183742206004; 1, 0, 1; 0, 1, 0; 4, 1, 2 ;
0,9; -1.474660, 3.276445, -0.897540 / -1.474660, 3.276445, -0.897540 / -1.474660, 3.276445, -0.897540; 1, 17, 1, 0; 0.012016235225; 1, 0, 1; 1, 0, 0; 3, 1, 2 ;
0,9; -1.477893, 3.272123, -0.896484 / -1.477893, 3.272123, -0.896484 / -1.477893, 3.272123, -0.896484; 1, 17, 1, 0; 0.012029410042; 0, 1, 0; 1, 0, 0; 3, 1, 1 ;
0,9; -1.491985, 3.279692, -0.911527 / -1.491985, 3.279692, -0.911527 / -1.491985, 3.279692, -0.911527; 1, 17, 1, 0; 0.012038107234; 1, 0, 1; 1, 0, 0; 2, 1, 2 ;
0,9; -0.919149, 2.656532, -0.172266 / -0.919149, 2.656532, -0.172266 / -0.919149, 2.656532, -0.172266; 1, 17, 1, 0; 0.183739158151; 1, 0, 1; 1, 0, 0; 3, 1, 2 ;
0,9; -0.920400, 2.658731, -0.162912 / -0.920400, 2.658731, -0.162912 / -0.920400, 2.658731, -0.162912; 1, 17, 1, 0; 0.183739555697; 0, 1, 0; 1, 0, 0; 2, 1, 1 ;
0,9; -0.920106, 2.660245, -0.170948 / -0.920106, 2.660245, -0.170948 / -0.920106, 2.660245, -0.170948; 1, 17, 1, 0; 0.183739953243; 0, 1, 0; 1, 0, 0; 3, 1, 1 ;
0,9; -0.914867, 2.659336, -0.166718 / -0.914867, 2.659336, -0.166718 / -0.914867, 2.659336, -0.166718; 1, 17, 1, 0; 0.183740211299; 1, 0, 1; 1, 0, 0; 3, 1, 2 / 4, 7, 0 ;
0,9; -0.861736, 2.600190, -0.096755 / -0.861736, 2.600190, -0.096755 / -0.861736, 2.600190, -0.096755; 1, 17, 1, 0; 0.184527268872; 1, 0, 1; 1, 0, 0; 2, 1, 2 ;
0,9; -0.683111, 2.415021, 0.123778 / -0.683111, 2.415021, 0.123778 / -0.683111, 2.415021, 0.123778; 1, 17, 1, 0; 0.590243814322; 0, 1, 0; 1, 0, 0; 3, 1, 1 ;
0,9; -0.652150, 2.287326, 0.226489 / -0.652150, 2.287326, 0.226489 / -0.652150, 2.287326, 0.226489; 1, 17, 1, 0; 0.591045706642; 1, 0, 1; 1, 0, 0; 2, 1, 2 ;
0,9; -0.644900, 2.298080, 0.230875 / -0.644900, 2.298080, 0.230875 / -0.644900, 2.298080, 0.230875; 1, 17, 1, 0; 0.591047429341; 1, 0, 1; 1, 0, 0; 3, 1, 2 ;
0,9; -0.493450, 2.213187, 0.365485 / -0.492446, 2.213372, 0.365686 / -0.494454, 2.213002, 0.365283; 1, 25, 1, 0; 0.048394779478; 0, 3, 0; 2, 1, 0; 1, 8, 1 / 2, 1, 1 / 2, 8, 1 ;
0,9; 0.145711, 1.529233, 1.169153 / 0.145711, 1.529233, 1.169153 / 0.145711, 1.529233, 1.169153; 1, 25, 1, 0; 0.799720192019; 1, 0, 1; 0, 1, 0; 1, 1, 2 ;
0,9; -0.437792, 2.154717, 0.441524 / -0.437792, 2.154717, 0.441524 / -0.437792, 2.154717, 0.441524; 1, 25, 1, 0; 0.018028288543; 1, 0, 1; 1, 0, 0; 2, 1, 2 ;
0,9; -0.494562, 2.213930, 0.365008 / -0.494415, 2.214590, 0.365686 / -0.494709, 2.213270, 0.364330; 1, 25, 1, 0; 0.048394839484; 1, 0, 1; 2, 1, 0; 1, 1, 1 / 2, 1, 1 / 2, 5, 2 ;
0,9; 0.200856, 1.482484, 1.024062 / 0.200856, 1.482484, 1.024062 / 0.200856, 1.482484, 1.024062; 1, 25, 1, 0; 0.798347623334; 1, 0, 1; 1, 0, 0; 3, 1, 2 ;
0,9; 0.335411, 1.322454, 1.418531 / 0.335891, 1.322827, 1.418755 / 0.334931, 1.322081, 1.418307; 1, 26, 1, 0; 0.742256637092; 2, 1, 1; 2, 1, 0; 1, 1, 0 / 2, 1, 2 / 3, 4, 1 / 4, 4, 3 ;
0,9; 0.340299, 1.314860, 1.421186 / 0.340299, 1.314860, 1.421186 / 0.340299, 1.314860, 1.421186; 1, 26, 1, 0; 0.742241549869; 0, 1, 0; 1, 0, 0; 3, 1, 1 ;
0,9; 0.335049, 1.324136, 1.410136 / 0.335049, 1.324136, 1.410136 / 0.335049, 1.324136, 1.410136; 1, 26, 1, 0; 0.742254228280; 1, 0, 1; 1, 0, 0; 2, 1, 2 ;
0,9; 0.510563, 1.134668, 1.636227 / 0.510563, 1.134668, 1.636227 / 0.510563, 1.134668, 1.636227; 1, 27, 1, 0; 0.408072585160; 0, 1, 0; 0, 1, 0; 4, 1, 1 ;
0,9; 0.486633, 1.160317, 1.606184 / 0.486633, 1.160317, 1.606184 / 0.486633, 1.160317, 1.606184; 1, 27, 1, 0; 0.407939632691; 1, 0, 1; 1, 0, 0; 3, 1, 2 ;
0,9; 0.700909, 0.930995, 1.875360 / 0.700909, 0.930995, 1.875360 / 0.700909, 0.930995, 1.875360; 1, 30, 1, 0; 0.893393738725; 1, 0, 1; 0, 1, 0; 1, 1, 2 ;
0,9; 1.027391, 0.576804, 2.292685 / 1.027391, 0.576804, 2.292685 / 1.027391, 0.576804, 2.292685; 1, 31, 1, 0; 0.871848261929; 0, 1, 0; 1, 0, 0; 3, 1, 1 ;
0,9; 1.316483, 0.261426, 2.663426 / 1.316483, 0.261426, 2.663426 / 1.316483, 0.261426, 2.663426; 1, 34, 1, 0; 0.944950295483; 1, 0, 1; 1, 0, 0; 2, 3, 0 / 3, 1, 2 ;
0,9; 1.333318, 0.244123, 2.683108 / 1.333318, 0.244123, 2.683108 / 1.333318, 0.244123, 2.683108; 1, 34, 1, 0; 0.944986466901; 1, 0, 1; 1, 0, 0; 2, 1, 2 ;
0,9; 1.340012, 0.242001, 2.693711 / 1.340012, 0.242001, 2.693711 / 1.340012, 0.242001, 2.693711; 1, 34, 1, 0; 0.945008169751; 1, 0, 1; 1, 0, 0; 1, 1, 0 / 2, 1, 2 ;
0,9; 1.949397, -0.412422, 3.457270 / 1.949397, -0.412422, 3.457270 / 1.949397, -0.412422, 3.457270; 1, 44, 1, 0; 0.415629974762; 1, 0, 1; 1, 0, 0; 3, 1, 2 ;
0,9; 2.233598, -0.711730, 3.816566 / 2.233598, -0.711730, 3.816566 / 2.233598, -0.711730, 3.816566; 1, 46, 1, 0; 0.108316205998; 0, 1, 0; 0, 1, 0; 1, 1, 1 ;
0,9; 2.227566, -0.706485, 3.808957 / 2.227566, -0.706485, 3.808957 / 2.227566, -0.706485, 3.808957; 1, 46, 1, 0; 0.108303338377; 1, 0, 1; 1, 0, 0; 2, 1, 2 ;
0,9; 2.228364, -0.708758, 3.807873 / 2.228364, -0.708758, 3.807873 / 2.228364, -0.708758, 3.807873; 1, 46, 1, 0; 0.108304077823; 1, 0, 1; 1, 0, 0; 2, 1, 2 ;
0,9; 2.231234, -0.708672, 3.811680 / 2.231234, -0.708672, 3.811680 / 2.231234, -0.708672, 3.811680; 1, 46, 1, 0; 0.108304191583; 1, 0, 1; 1, 0, 0; 3, 1, 2 ;
0,9; 2.233142, -0.705169, 3.815161 / 2.233142, -0.705169, 3.815161 / 2.233142, -0.705169, 3.815161; 1, 46, 1, 0; 0.108315194790; 1, 0, 1; 1, 0, 0; 2, 1, 2 ;
0,9; 2.295205, -0.780017, 3.893263 / 2.295205, -0.780017, 3.893263 / 2.295205, -0.780017, 3.893263; 1, 46, 1, 0; 0.109462094237; 1, 0, 1; 1, 0, 0; 2, 1, 2 ;
