1,0; 0.865373, 2.91945, -2.33361 / 0.865373, 2.91945, -2.33361 / 0.865373, 2.91945, -2.33361; 1, 4, 1, 0; 0.271436473684; 0, 1, 0; 0, 1, 0; 4, 1, 1 ;
0,0; 0.418883, 1.605042, -0.263908 / 0.418883, 1.605042, -0.263908 / 0.418883, 1.605042, -0.263908; 1, 13, 1, 0; 0.810219033093; 0, 0, 0; 0, 1, 0; 4, 1, 3 ;
0,0; 0.419281, 1.608495, -0.260586 / 0.419281, 1.608495, -0.260586 / 0.419281, 1.608495, -0.260586; 1, 13, 1, 0; 0.810219839403; 1, 0, 1; 1, 0, 0; 1, 3, 0 / 2, 1, 2 / 2, 2, 0 / 3, 2, 0 ;
0,0; 0.388351, 1.498713, -0.094665 / 0.388351, 1.498713, -0.094665 / 0.388351, 1.498713, -0.094665; 1, 13, 1, 0; 0.834475350929; 1, 0, 1; 1, 0, 0; 3, 1, 2 ;
0,0; 0.089858, 0.643751, 1.249110 / 0.089858, 0.643751, 1.249110 / 0.089858, 0.643751, 1.249110; 1, 26, 1, 0; 0.869813389910; 1, 0, 1; 1, 0, 0; 2, 1, 2 ;
0,0; -0.129494, 0.004495, 2.256639 / -0.129494, 0.004495, 2.256639 / -0.129494, 0.004495, 2.256639; 1, 31, 1, 0; 0.893591234958; 1, 0, 1; 1, 0, 0; 3, 1, 2 / 3, 2, 0 / 4, 2, 0 ;
0,0; -0.203465, -0.228226, 2.619637 / -0.203465, -0.228226, 2.619637 / -0.203465, -0.228226, 2.619637; 1, 34, 1, 0; 0.871177479426; 0, 1, 0; 0, 1, 0; 1, 1, 1 ;
1,1; -1.15693, -4.38775, -0.444845 / -1.15693, -4.38775, -0.444845 / -1.15693, -4.38775, -0.444845; 1, 9, 1, 0; 0.788052897197; 1, 0, 1; 0, 1, 0; 1, 1, 2 ;
0,1; -1.158279, -4.389346, -0.444935 / -1.158279, -4.389346, -0.444935 / -1.158279, -4.389346, -0.444935; 1, 9, 1, 0; 0.788052816094; 1, 0, 1; 1, 0, 0; 3, 1, 2 ;
0,1; -0.173160, -3.106763, -0.461578 / -0.173160, -3.106763, -0.461578 / -0.173160, -3.106763, -0.461578; 1, 9, 1, 0; 0.891956197094; 1, 0, 1; 1, 0, 0; 2, 1, 2 ;
0,1; -0.175585, -3.122319, -0.449529 / -0.175585, -3.122319, -0.449529 / -0.175585, -3.122319, -0.449529; 1, 9, 1, 0; 0.891968989658; 1, 0, 1; 1, 0, 0; 2, 1, 2 ;
0,1; 2.651634, 0.572012, -0.509740 / 2.652341, 0.572031, -0.509572 / 2.650927, 0.571993, -0.509908; 1, 12, 1, 0; 0.870273822112; 2, 1, 1; 0, 2, 0; 1, 1, 2 / 1, 6, 1 / 3, 3, 0 ;
0,1; 1.742729, -0.625112, -0.497993 / 1.742729, -0.625112, -0.497993 / 1.742729, -0.625112, -0.497993; 1, 12, 1, 0; 0.762022081542; 1, 0, 1; 1, 0, 0; 2, 1, 2 ;
0,1; 3.929036, 2.233943, -0.530716 / 3.929036, 2.233943, -0.530716 / 3.929036, 2.233943, -0.530716; 1, 13, 1, 0; 0.517633899720; 1, 0, 1; 1, 0, 0; 3, 1, 2 ;
0,1; 0.538818, -2.180502, -0.473609 / 0.539022, -2.180497, -0.473580 / 0.538613, -2.180506, -0.473638; 1, 15, 1, 0; 0.121993773038; 0, 2, 0; 0, 2, 1; 1, 1, 1 / 2, 5, 0 / 4, 6, 3 ;
0,1; 0.389691, -2.374920, -0.469366 / 0.389691, -2.374920, -0.469366 / 0.389691, -2.374920, -0.469366; 1, 15, 1, 0; 0.121177182450; 1, 0, 1; 0, 1, 0; 4, 1, 2 ;
0,1; 0.362611, -2.408371, -0.466276 / 0.362611, -2.408371, -0.466276 / 0.362611, -2.408371, -0.466276; 1, 15, 1, 0; 0.120301402908; 1, 0, 1; 1, 0, 0; 2, 1, 2 ;
1,2; 1.23179, -0.9467, 0.514078 / 1.23193, -0.94652, 0.514296 / 1.23165, -0.94688, 0.51386; 1, 19, 1, 0; 0.493809263486; 0, 2, 0; 1, 1, 0; 1, 6, 1 / 2, 6, 0 / 3, 1, 1 ;
0,2; 2.189527, -2.751304, 0.399714 / 2.189527, -2.751304, 0.399714 / 2.189527, -2.751304, 0.399714; 1, 19, 1, 0; 0.319508088846; 1, 0, 1; 1, 0, 0; 2, 1, 2 / 2, 7, 0 ;
0,2; 1.185162, -0.844123, 0.517482 / 1.185162, -0.844123, 0.517482 / 1.185162, -0.844123, 0.517482; 1, 19, 1, 0; 0.502286165514; 1, 0, 1; 1, 0, 0; 2, 1, 2 ;
0,2; 1.176363, -0.841864, 0.520560 / 1.176363, -0.841864, 0.520560 / 1.176363, -0.841864, 0.520560; 1, 19, 1, 0; 0.502288392731; 0, 1, 0; 1, 0, 0; 2, 1, 1 ;
0,2; -1.484636, 4.168626, 0.840260 / -1.484636, 4.168626, 0.840260 / -1.484636, 4.168626, 0.840260; 1, 25, 1, 0; 0.354106613518; 1, 0, 1; 1, 0, 0; 2, 1, 2 ;
0,2; -0.210833, 1.770889, 0.688331 / -0.210833, 1.770889, 0.688331 / -0.210833, 1.770889, 0.688331; 1, 25, 1, 0; 0.663484839913; 0, 1, 0; 1, 0, 0; 3, 1, 1 ;
1,3; -2.31853, 0.802387, -3.05871 / -2.31853, 0.802387, -3.05871 / -2.31853, 0.802387, -3.05871; 1, 2, 1, 0; 0.630933308336; 1, 0, 1; 0, 1, 0; 1, 1, 2 ;
0,3; 0.444451, -3.231775, -1.218804 / 0.444557, -3.231396, -1.218618 / 0.444346, -3.232154, -1.218990; 1, 8, 1, 0; 0.911153341086; 1, 0, 2; 1, 1, 0; 3, 2, 2 / 4, 1, 2 ;
0,3; 0.661935, -3.485397, -1.131496 / 0.662220, -3.485053, -1.130559 / 0.661651, -3.485741, -1.132433; 1, 8, 1, 0; 0.933623326696; 2, 1, 1; 1, 1, 0; 1, 1, 1 / 2, 6, 2 ;
0,3; 0.658808, -3.501029, -1.121017 / 0.658808, -3.501029, -1.121017 / 0.658808, -3.501029, -1.121017; 1, 8, 1, 0; 0.933630986898; 1, 0, 1; 0, 1, 0; 4, 1, 2 ;
0,3; -0.171184, -2.336956, -1.627174 / -0.171184, -2.336956, -1.627174 / -0.171184, -2.336956, -1.627174; 1, 8, 1, 0; 0.281663347928; 1, 0, 1; 1, 0, 0; 3, 1, 2 ;
0,3; 0.665991, -3.483662, -1.136729 / 0.665991, -3.483662, -1.136729 / 0.665991, -3.483662, -1.136729; 1, 8, 1, 0; 0.933623607945; 1, 0, 1; 1, 0, 0; 2, 1, 2 ;
1,4; -1.16066, -4.24213, 0.124983 / -1.16066, -4.24213, 0.124983 / -1.16066, -4.24213, 0.124983; 1, 18, 1, 0; 0.090667089321; 1, 0, 1; 0, 1, 0; 4, 1, 2 ;
0,4; -2.072179, -3.324002, 0.503886 / -2.072179, -3.324002, 0.503886 / -2.072179, -3.324002, 0.503886; 1, 18, 1, 0; 0.250502609855; 1, 0, 1; 0, 1, 0; 1, 1, 2 ;
1,5; 1.20983, 4.01541, 0.224916 / 1.21029, 4.01547, 0.225391 / 1.20936, 4.01536, 0.224441; 1, 17, 1, 0; 0.455588228730; 2, 1, 1; 1, 1, 0; 1, 5, 1 / 3, 1, 2 / 4, 10, 0 ;
0,5; 0.916507, -0.943733, 1.112422 / 0.916507, -0.943733, 1.112422 / 0.916507, -0.943733, 1.112422; 1, 23, 1, 0; 0.385495588968; 1, 0, 1; 1, 0, 0; 2, 1, 2 ;
0,5; 0.946697, -0.423914, 1.017794 / 0.946697, -0.423914, 1.017794 / 0.946697, -0.423914, 1.017794; 1, 23, 1, 0; 0.436012120917; 1, 0, 1; 1, 0, 0; 3, 1, 2 ;
0,5; 1.150706, 3.013884, 0.400064 / 1.150706, 3.013884, 0.400064 / 1.150706, 3.013884, 0.400064; 1, 26, 1, 0; 0.012612352664; 1, 0, 1; 0, 1, 0; 1, 1, 2 ;
0,5; 1.153143, 3.021580, 0.403751 / 1.153143, 3.021580, 0.403751 / 1.153143, 3.021580, 0.403751; 1, 26, 1, 0; 0.012863023445; 1, 0, 1; 1, 0, 0; 3, 1, 2 ;
0,5; 1.061874, 1.447959, 0.682758 / 1.061874, 1.447959, 0.682758 / 1.061874, 1.447959, 0.682758; 1, 26, 1, 0; 0.081623873816; 1, 0, 1; 1, 0, 0; 2, 1, 2 ;
1,6; 1.67476, 3.87207, -0.929429 / 1.67476, 3.87207, -0.929429 / 1.67476, 3.87207, -0.929429; 1, 13, 1, 0; 0.124958361185; 1, 0, 1; 1, 0, 0; 1, 1, 0 / 2, 7, 0 / 3, 1, 2 ;
0,6; 1.610429, 3.716210, -0.909383 / 1.610429, 3.716210, -0.909383 / 1.610429, 3.716210, -0.909383; 1, 13, 1, 0; 0.172871576415; 1, 0, 1; 1, 0, 0; 3, 1, 2 ;
0,6; -0.750469, -1.908374, -0.224966 / -0.750469, -1.908374, -0.224966 / -0.750469, -1.908374, -0.224966; 1, 15, 1, 0; 0.541338944162; 1, 0, 1; 1, 0, 0; 2, 1, 2 ;
0,6; -0.751393, -1.906683, -0.227768 / -0.751393, -1.906683, -0.227768 / -0.751393, -1.906683, -0.227768; 1, 15, 1, 0; 0.541339051316; 0, 1, 0; 1, 0, 0; 3, 1, 1 ;
1,7; 1.33676, 2.26537, -3.19098 / 1.33676, 2.26537, -3.19098 / 1.33676, 2.26537, -3.19098; 1, 2, 1, 0; 0.194081441102; 1, 0, 1; 0, 1, 0; 4, 1, 2 ;
1,8; -0.2464, 1.92153, -0.837231 / -0.2464, 1.92153, -0.837231 / -0.2464, 1.92153, -0.837231; 1, 7, 1, 0; 0.913938448385; 0, 1, 0; 0, 1, 0; 4, 1, 1 ;
0,8; -0.517718, 2.429843, -0.800428 / -0.517718, 2.429843, -0.800428 / -0.517718, 2.429843, -0.800428; 1, 7, 1, 0; 0.866758318069; 1, 0, 1; 1, 0, 0; 2, 1, 2 ;
0,8; 1.468610, -1.324639, -1.091445 / 1.468610, -1.324639, -1.091445 / 1.468610, -1.324639, -1.091445; 1, 11, 1, 0; 0.559431797375; 1, 0, 1; 0, 1, 0; 1, 1, 2 ;
0,8; -0.725836, 2.834685, -0.772057 / -0.725836, 2.834685, -0.772057 / -0.725836, 2.834685, -0.772057; 1, 13, 1, 0; 0.261811205365; 1, 0, 1; 1, 0, 0; 2, 1, 2 ;
0,8; -0.998562, 3.338150, -0.724915 / -0.998562, 3.338150, -0.724915 / -0.998562, 3.338150, -0.724915; 1, 17, 1, 0; 0.016354041998; 1, 0, 1; 1, 0, 0; 3, 1, 2 ;
1,9; -0.607129, 1.55786, -2.10695 / -0.607129, 1.55786, -2.10695 / -0.607129, 1.55786, -2.10695; 1, 4, 1, 0; 0.730169521714; 1, 0, 1; 0, 1, 0; 4, 1, 2 ;
0,9; -0.586902, 1.554268, -2.106098 / -0.586902, 1.554268, -2.106098 / -0.586902, 1.554268, -2.106098; 1, 4, 1, 0; 0.730168002515; 1, 0, 1; 1, 0, 0; 2, 1, 2 ;
0,9; -2.659429, 2.205499, -2.418727 / -2.659429, 2.205499, -2.418727 / -2.659429, 2.205499, -2.418727; 1, 6, 1, 0; 0.175277504139; 1, 0, 1; 1, 0, 0; 2, 1, 2 ;
