1,0; 0.158458, -1.94096, -1.81473 / 0.158458, -1.94096, -1.81473 / 0.158458, -1.94096, -1.81473; 1, 8, 1, 0; 0.228720291149; 1, 0, 1; 1, 0, 0; 2, 1, 2 ;
0,0; 0.155554, -1.938281, -1.813591 / 0.155554, -1.938281, -1.813591 / 0.155554, -1.938281, -1.813591; 1, 8, 1, 0; 0.228720858761; 1, 0, 1; 1, 0, 0; 3, 1, 2 ;
0,0; -0.184008, -1.404311, 1.154187 / -0.184008, -1.404311, 1.154187 / -0.184008, -1.404311, 1.154187; 1, 23, 1, 0; 0.360018903368; 1, 0, 1; 0, 1, 0; 1, 1, 2 ;
0,0; -0.171551, -1.421810, 1.116535 / -0.171551, -1.421810, 1.116535 / -0.171551, -1.421810, 1.116535; 1, 23, 1, 0; 0.359971674507; 1, 0, 1; 1, 0, 0; 2, 1, 2 ;
0,0; -0.357671, -1.141252, 2.695649 / -0.357031, -1.141042, 2.696706 / -0.358312, -1.141461, 2.694591; 1, 34, 1, 0; 0.554224559644; 2, 1, 2; 2, 1, 0; 1, 2, 1 / 1, 10, 0 / 2, 1, 2 / 2, 3, 0 / 2, 5, 0 / 2, 7, 0 / 2, 9, 2 / 4, 9, 0 ;
0,0; -0.353022, -1.153423, 2.625181 / -0.353022, -1.153423, 2.625181 / -0.353022, -1.153423, 2.625181; 1, 34, 1, 0; 0.554094629418; 1, 0, 1; 1, 0, 0; 2, 1, 2 ;
0,0; -0.357722, -1.141052, 2.696859 / -0.357132, -1.141042, 2.697011 / -0.358312, -1.141062, 2.696706; 1, 34, 1, 0; 0.554224659427; 1, 0, 1; 2, 0, 0; 1, 2, 0 / 2, 1, 2 / 2, 4, 2 / 4, 1, 0 ;
1,1; -1.99332, -1.28694, -1.43979 / -1.99332, -1.28694, -1.43979 / -1.99332, -1.28694, -1.43979; 1, 6, 1, 0; 0.895120691903; 0, 1, 0; 0, 1, 0; 1, 1, 1 ;
0,1; -2.587296, -0.482387, -1.422641 / -2.587296, -0.482387, -1.422641 / -2.587296, -0.482387, -1.422641; 1, 6, 1, 0; 0.968419909410; 1, 0, 1; 0, 1, 0; 1, 1, 2 / 2, 2, 0 / 3, 4, 0 ;
0,1; -2.593387, -0.480262, -1.419162 / -2.593387, -0.480262, -1.419162 / -2.593387, -0.480262, -1.419162; 1, 6, 1, 0; 0.968420860203; 1, 0, 1; 0, 1, 0; 1, 1, 2 ;
0,1; -2.591129, -0.480063, -1.419014 / -2.591129, -0.480063, -1.419014 / -2.591129, -0.480063, -1.419014; 1, 6, 1, 0; 0.968420811193; 0, 1, 0; 1, 0, 0; 2, 1, 1 ;
0,1; -2.440578, -0.539266, -1.370300 / -2.440578, -0.539266, -1.370300 / -2.440578, -0.539266, -1.370300; 1, 6, 1, 0; 0.969065277333; 1, 0, 1; 1, 0, 0; 3, 1, 2 ;
0,1; -1.033686, -2.226567, -1.157632 / -1.033632, -2.225985, -1.156848 / -1.033740, -2.227149, -1.158416; 1, 9, 1, 0; 0.381978165051; 1, 0, 2; 0, 2, 0; 1, 1, 2 / 1, 4, 2 ;
0,1; -1.718608, -1.656241, -1.490562 / -1.717988, -1.655942, -1.490331 / -1.719228, -1.656540, -1.490792; 1, 9, 1, 0; 0.136346560606; 1, 0, 2; 2, 0, 0; 2, 7, 2 / 3, 1, 2 / 4, 3, 0 / 4, 4, 0 ;
0,1; -1.055246, -2.278798, -1.120462 / -1.055246, -2.278798, -1.120462 / -1.055246, -2.278798, -1.120462; 1, 9, 1, 0; 0.380791689916; 1, 0, 1; 1, 0, 0; 2, 1, 2 ;
0,1; -1.218481, 1.858351, 0.085562 / -1.218481, 1.858351, 0.085562 / -1.218481, 1.858351, 0.085562; 1, 17, 1, 0; 0.601056684493; 1, 0, 1; 1, 0, 0; 2, 1, 2 ;
1,2; 3.2985, -0.389885, -0.133091 / 3.2985, -0.389885, -0.133091 / 3.2985, -0.389885, -0.133091; 1, 19, 1, 0; 0.056740027421; 1, 0, 1; 0, 1, 0; 1, 1, 2 ;
0,2; 3.235460, 0.435377, 0.857727 / 3.236472, 0.435811, 0.857825 / 3.234448, 0.434943, 0.857629; 1, 20, 1, 0; 0.879900650232; 1, 0, 2; 2, 0, 0; 2, 1, 2 / 3, 10, 2 ;
0,2; 3.124834, 1.873288, 2.580568 / 3.124834, 1.873288, 2.580568 / 3.124834, 1.873288, 2.580568; 1, 38, 1, 0; 0.630939308217; 1, 0, 1; 1, 0, 0; 3, 1, 2 ;
1,3; -0.597566, 3.43919, -0.166027 / -0.597303, 3.43925, -0.165528 / -0.597828, 3.43912, -0.166526; 1, 17, 1, 0; 0.254959952462; 1, 0, 2; 0, 2, 1; 1, 5, 2 / 4, 1, 2 ;
0,3; -0.597274, 3.438779, -0.166881 / -0.597246, 3.439123, -0.166526 / -0.597303, 3.438436, -0.167236; 1, 17, 1, 0; 0.254959980360; 0, 1, 0; 1, 1, 0; 1, 1, 2 / 2, 10, 1 ;
0,3; -0.480798, 3.610690, -0.020720 / -0.480798, 3.610690, -0.020720 / -0.480798, 3.610690, -0.020720; 1, 17, 1, 0; 0.257024834774; 1, 0, 1; 1, 0, 0; 2, 1, 2 ;
0,3; -0.479279, 3.609149, -0.016411 / -0.479279, 3.609149, -0.016411 / -0.479279, 3.609149, -0.016411; 1, 17, 1, 0; 0.257025964642; 1, 0, 1; 1, 0, 0; 3, 1, 2 ;
1,4; 0.65127, -0.899064, 2.5598 / 0.65127, -0.899064, 2.5598 / 0.65127, -0.899064, 2.5598; 1, 34, 1, 0; 0.672781557067; 1, 0, 1; 0, 1, 0; 1, 1, 2 ;
0,4; 0.568888, -0.208832, 3.607488 / 0.568888, -0.208832, 3.607488 / 0.568888, -0.208832, 3.607488; 1, 44, 1, 0; 0.518856294993; 1, 0, 1; 1, 0, 0; 3, 1, 2 ;
0,4; 0.554480, -0.053905, 3.852192 / 0.554480, -0.053905, 3.852192 / 0.554480, -0.053905, 3.852192; 1, 46, 1, 0; 0.178303174055; 1, 0, 1; 1, 0, 0; 2, 1, 2 ;
1,5; -0.0682323, 2.26933, -2.88595 / -0.0682323, 2.26933, -2.88595 / -0.0682323, 2.26933, -2.88595; 1, 2, 1, 0; 0.756280064488; 1, 0, 1; 1, 0, 0; 3, 1, 2 ;
0,5; -0.289509, 2.042669, -2.715958 / -0.289509, 2.042669, -2.715958 / -0.289509, 2.042669, -2.715958; 1, 4, 1, 0; 0.100990614812; 1, 0, 1; 1, 0, 0; 2, 1, 2 ;
0,5; -3.631435, -1.446866, -0.152096 / -3.630782, -1.446091, -0.151774 / -3.632088, -1.447641, -0.152417; 1, 10, 1, 0; 0.845537303894; 1, 0, 1; 2, 0, 0; 1, 6, 0 / 2, 7, 0 / 3, 1, 2 / 3, 10, 3 ;
0,5; -1.972652, 0.276105, -1.418258 / -1.972652, 0.276105, -1.418258 / -1.972652, 0.276105, -1.418258; 1, 10, 1, 0; 0.054934750356; 1, 0, 1; 1, 0, 0; 3, 1, 2 ;
0,5; -3.620596, -1.465409, -0.167406 / -3.620596, -1.465409, -0.167406 / -3.620596, -1.465409, -0.167406; 1, 10, 1, 0; 0.845524997945; 1, 0, 1; 1, 0, 0; 2, 1, 2 ;
0,5; -3.631407, -1.461336, -0.154558 / -3.631407, -1.461336, -0.154558 / -3.631407, -1.461336, -0.154558; 1, 10, 1, 0; 0.845535735913; 1, 0, 1; 1, 0, 0; 3, 1, 2 ;
0,5; -3.626420, -1.456223, -0.155077 / -3.626420, -1.456223, -0.155077 / -3.626420, -1.456223, -0.155077; 1, 10, 1, 0; 0.845536211714; 1, 0, 1; 1, 0, 0; 3, 1, 2 ;
1,6; -0.90312, -3.59779, -0.761944 / -0.90312, -3.59779, -0.761944 / -0.90312, -3.59779, -0.761944; 1, 9, 1, 0; 0.686083485806; 1, 0, 1; 0, 1, 0; 4, 1, 2 ;
0,6; -0.829530, -3.443307, -0.773997 / -0.829530, -3.443307, -0.773997 / -0.829530, -3.443307, -0.773997; 1, 9, 1, 0; 0.687119164407; 0, 1, 0; 0, 1, 0; 1, 1, 1 ;
0,6; -1.153413, -4.241231, -0.759731 / -1.152722, -4.241093, -0.759229 / -1.154104, -4.241370, -0.760233; 1, 9, 1, 0; 0.751509252170; 1, 0, 2; 2, 0, 0; 2, 1, 2 / 3, 8, 2 ;
0,6; 1.417582, 2.358649, -0.812729 / 1.417582, 2.358649, -0.812729 / 1.417582, 2.358649, -0.812729; 1, 12, 1, 0; 0.250060462184; 0, 1, 0; 0, 1, 0; 4, 1, 1 ;
0,6; 0.853870, 0.920969, -0.804348 / 0.853870, 0.920969, -0.804348 / 0.853870, 0.920969, -0.804348; 1, 13, 1, 0; 0.347103009443; 1, 0, 1; 0, 1, 0; 1, 1, 2 ;
0,6; 1.607681, 2.856569, -0.825020 / 1.607681, 2.856569, -0.825020 / 1.607681, 2.856569, -0.825020; 1, 13, 1, 0; 0.282845214398; 1, 0, 1; 1, 0, 0; 3, 1, 2 ;
0,6; 0.869520, 0.925780, -0.798354 / 0.869520, 0.925780, -0.798354 / 0.869520, 0.925780, -0.798354; 1, 13, 1, 0; 0.347081602230; 1, 0, 1; 1, 0, 0; 3, 1, 2 ;
0,6; 0.523549, 0.064215, -0.794068 / 0.523549, 0.064215, -0.794068 / 0.523549, 0.064215, -0.794068; 1, 16, 1, 0; 0.088824672646; 0, 1, 0; 0, 1, 0; 1, 1, 1 ;
0,6; 0.519711, 0.061511, -0.799644 / 0.519711, 0.061511, -0.799644 / 0.519711, 0.061511, -0.799644; 1, 16, 1, 0; 0.088823393500; 1, 0, 1; 1, 0, 0; 3, 1, 2 ;
1,7; 2.26958, 1.80636, -1.36898 / 2.26958, 1.80636, -1.36898 / 2.26958, 1.80636, -1.36898; 1, 11, 1, 0; 0.246584553220; 1, 0, 1; 1, 0, 0; 3, 1, 2 ;
0,7; -2.378202, -3.849433, 0.032938 / -2.378202, -3.849433, 0.032938 / -2.378202, -3.849433, 0.032938; 1, 18, 1, 0; 0.085957060837; 1, 0, 1; 1, 0, 0; 3, 1, 2 ;
1,8; -0.275401, -3.8492, -0.815376 / -0.274851, -3.84907, -0.814754 / -0.27595, -3.84932, -0.815999; 1, 9, 1, 0; 0.718104213436; 2, 1, 2; 1, 2, 1; 1, 2, 0 / 1, 5, 1 / 3, 1, 2 / 4, 3, 2 ;
0,8; -0.301461, -3.851068, -0.809407 / -0.301354, -3.850780, -0.809296 / -0.301568, -3.851356, -0.809519; 1, 9, 1, 0; 0.718107387246; 2, 1, 1; 1, 1, 0; 3, 1, 2 / 4, 2, 1 ;
0,8; -0.276191, -3.848581, -0.814181 / -0.275907, -3.848088, -0.813495 / -0.276475, -3.849074, -0.814867; 1, 9, 1, 0; 0.718104170181; 1, 0, 1; 1, 1, 0; 1, 10, 0 / 3, 9, 2 / 4, 1, 2 ;
0,8; -0.298298, -3.853877, -0.806480 / -0.298298, -3.853877, -0.806480 / -0.298298, -3.853877, -0.806480; 1, 9, 1, 0; 0.718116595080; 1, 0, 1; 0, 1, 0; 1, 1, 2 ;
1,9; -0.848606, 1.63247, 2.66133 / -0.848606, 1.63247, 2.66133 / -0.848606, 1.63247, 2.66133; 1, 38, 1, 0; 0.738093079716; 1, 0, 1; 1, 0, 0; 3, 1, 2 ;
0,9; -1.057682, 1.403448, 3.147391 / -1.057682, 1.403448, 3.147391 / -1.057682, 1.403448, 3.147391; 1, 42, 1, 0; 0.601783492509; 1, 0, 1; 0, 1, 0; 4, 1, 2 ;
0,9; -1.057404, 1.400140, 3.145870 / -1.057404, 1.400140, 3.145870 / -1.057404, 1.400140, 3.145870; 1, 42, 1, 0; 0.601783805435; 0, 1, 0; 1, 0, 0; 3, 1, 1 ;
0,9; -1.342377, 1.067167, 3.828269 / -1.342377, 1.067167, 3.828269 / -1.342377, 1.067167, 3.828269; 1, 46, 1, 0; 0.334599530041; 1, 0, 1; 1, 0, 0; 3, 1, 2 ;
0,9; -1.340707, 1.070170, 3.829436 / -1.340707, 1.070170, 3.829436 / -1.340707, 1.070170, 3.829436; 1, 46, 1, 0; 0.334600345328; 1, 0, 1; 1, 0, 0; 2, 1, 2 ;
