1,0; 2.95023, 1.28104, -3.03777 / 2.95023, 1.28104, -3.03777 / 2.95023, 1.28104, -3.03777; 1, 3, 1, 0; 0.234693738238; 1, 0, 1; 0, 1, 0; 1, 1, 2 ;
0,0; 1.411994, 1.324963, -2.084437 / 1.412328, 1.324995, -2.084204 / 1.411660, 1.324931, -2.084671; 1, 4, 1, 0; 0.715722808545; 2, 1, 1; 1, 1, 0; 1, 2, 2 / 2, 1, 1 ;
0,0; -2.378541, 1.434815, 0.262201 / -2.378541, 1.434815, 0.262201 / -2.378541, 1.434815, 0.262201; 1, 14, 1, 0; 0.751002470631; 0, 1, 0; 1, 0, 0; 2, 1, 1 ;
0,0; -2.288600, 1.245865, 0.416523 / -2.288556, 1.245912, 0.416716 / -2.288645, 1.245818, 0.416329; 1, 17, 1, 0; 0.911943037922; 0, 2, 0; 1, 1, 0; 3, 1, 1 / 4, 1, 1 ;
0,0; -2.297603, 1.240937, 0.423865 / -2.297603, 1.240937, 0.423865 / -2.297603, 1.240937, 0.423865; 1, 17, 1, 0; 0.911944649030; 0, 0, 0; 0, 1, 0; 1, 1, 3 ;
0,0; -2.301293, 1.243144, 0.419591 / -2.301293, 1.243144, 0.419591 / -2.301293, 1.243144, 0.419591; 1, 17, 1, 0; 0.911945039601; 1, 0, 1; 0, 1, 0; 4, 1, 2 ;
0,0; -2.302872, 1.262593, 0.391978 / -2.302867, 1.263178, 0.392055 / -2.302878, 1.262008, 0.391901; 1, 17, 1, 0; 0.911911038948; 1, 0, 2; 2, 0, 0; 2, 1, 2 / 2, 4, 2 / 4, 8, 0 ;
0,0; -2.283282, 1.245495, 0.409231 / -2.282356, 1.245654, 0.409580 / -2.284208, 1.245336, 0.408883; 1, 17, 1, 0; 0.911930030492; 2, 1, 1; 2, 0, 0; 1, 5, 0 / 3, 1, 1 / 3, 8, 2 ;
0,0; -2.282974, 1.245368, 0.405295 / -2.282970, 1.245375, 0.405302 / -2.282977, 1.245360, 0.405287; 1, 17, 1, 0; 0.911930225778; 2, 1, 1; 2, 0, 0; 3, 1, 1 / 3, 2, 2 ;
0,0; -2.298549, 1.264023, 0.391668 / -2.298549, 1.264023, 0.391668 / -2.298549, 1.264023, 0.391668; 1, 17, 1, 0; 0.911912203689; 1, 0, 1; 1, 0, 0; 2, 1, 2 ;
0,0; -2.309337, 1.248041, 0.433356 / -2.309337, 1.248041, 0.433356 / -2.309337, 1.248041, 0.433356; 1, 17, 1, 0; 0.911958570117; 1, 0, 1; 1, 0, 0; 3, 1, 2 ;
1,1; -1.10882, 1.4459, -1.57281 / -1.10882, 1.4459, -1.57281 / -1.10882, 1.4459, -1.57281; 1, 6, 1, 0; 0.665017521057; 1, 0, 1; 0, 1, 0; 1, 1, 2 / 2, 4, 0 ;
0,1; -1.726631, -0.320535, -1.317099 / -1.726631, -0.320535, -1.317099 / -1.726631, -0.320535, -1.317099; 1, 6, 1, 0; 0.974880587257; 0, 1, 0; 1, 0, 0; 2, 1, 1 ;
0,1; -0.756880, 2.453111, -1.717294 / -0.756417, 2.453337, -1.717121 / -0.757342, 2.452885, -1.717467; 1, 7, 1, 0; 0.075832870551; 1, 0, 2; 1, 1, 0; 1, 1, 2 / 3, 4, 2 ;
0,1; -2.390917, -2.218113, -1.041787 / -2.390661, -2.217514, -1.041231 / -2.391173, -2.218712, -1.042342; 1, 9, 1, 0; 0.372925414920; 2, 1, 1; 1, 1, 0; 2, 7, 2 / 4, 1, 1 ;
0,1; -2.638037, -2.908033, -0.939218 / -2.638037, -2.908033, -0.939218 / -2.638037, -2.908033, -0.939218; 1, 9, 1, 0; 0.329968997227; 1, 0, 1; 1, 0, 0; 2, 1, 2 ;
1,2; -4.1163, -0.879989, 0.398038 / -4.1163, -0.879989, 0.398038 / -4.1163, -0.879989, 0.398038; 1, 21, 1, 0; 0.108801731364; 0, 1, 0; 1, 0, 0; 2, 1, 1 ;
1,3; -0.837946, 4.12502, -1.71819 / -0.837946, 4.12502, -1.71819 / -0.837946, 4.12502, -1.71819; 1, 7, 1, 0; 0.183623832944; 1, 0, 1; 0, 1, 0; 1, 1, 2 ;
0,3; -0.826951, 4.121060, -1.720183 / -0.826951, 4.121060, -1.720183 / -0.826951, 4.121060, -1.720183; 1, 7, 1, 0; 0.183616423310; 1, 0, 1; 1, 0, 0; 2, 1, 2 ;
1,4; -1.15389, -0.270499, -2.41822 / -1.15326, -0.27039, -2.41798 / -1.15453, -0.270608, -2.41846; 1, 5, 1, 0; 0.399836027410; 2, 1, 1; 1, 1, 0; 1, 1, 0 / 2, 1, 1 / 4, 5, 2 ;
0,4; -1.180484, -0.274311, -2.455400 / -1.180484, -0.274311, -2.455400 / -1.180484, -0.274311, -2.455400; 1, 5, 1, 0; 0.399608979015; 1, 0, 1; 1, 0, 0; 3, 1, 2 ;
0,4; -1.156875, -0.269037, -2.417389 / -1.156875, -0.269037, -2.417389 / -1.156875, -0.269037, -2.417389; 1, 5, 1, 0; 0.399835978400; 0, 1, 0; 1, 0, 0; 2, 1, 1 ;
0,4; -1.157181, -0.265175, -2.420040 / -1.157181, -0.265175, -2.420040 / -1.157181, -0.265175, -2.420040; 1, 5, 1, 0; 0.399836502807; 1, 0, 1; 1, 0, 0; 2, 1, 2 ;
0,4; -0.503649, -0.184580, -1.371875 / -0.503649, -0.184580, -1.371875 / -0.503649, -0.184580, -1.371875; 1, 11, 1, 0; 0.426767644864; 1, 0, 1; 1, 0, 0; 2, 1, 2 ;
0,4; -0.132810, -0.145733, -0.799473 / -0.132489, -0.145163, -0.799106 / -0.133131, -0.146304, -0.799841; 1, 16, 1, 0; 0.073940954363; 1, 0, 2; 2, 0, 0; 2, 1, 2 / 2, 3, 0 / 2, 6, 2 / 2, 7, 0 ;
0,4; -0.132344, -0.146984, -0.800675 / -0.132199, -0.146304, -0.799841 / -0.132489, -0.147665, -0.801510; 1, 16, 1, 0; 0.073940987849; 0, 1, 0; 2, 0, 0; 2, 1, 2 / 2, 2, 0 / 3, 7, 1 ;
0,4; 1.981421, 0.109673, 2.567874 / 1.981421, 0.109673, 2.567874 / 1.981421, 0.109673, 2.567874; 1, 34, 1, 0; 0.956147382312; 1, 0, 1; 1, 0, 0; 2, 1, 2 ;
1,5; 3.93817, 0.0518398, 2.35497 / 3.93827, 0.0520499, 2.35524 / 3.93806, 0.0516296, 2.35469; 1, 28, 1, 0; 0.950330613139; 2, 1, 1; 2, 0, 0; 3, 1, 2 / 3, 2, 1 / 3, 3, 0 ;
0,5; 3.936634, 0.044222, 2.347811 / 3.936828, 0.044526, 2.348182 / 3.936440, 0.043919, 2.347439; 1, 28, 1, 0; 0.950332528510; 1, 0, 2; 2, 0, 0; 2, 1, 2 / 3, 3, 2 ;
0,5; 3.936876, 0.053041, 2.352739 / 3.936876, 0.053041, 2.352739 / 3.936876, 0.053041, 2.352739; 1, 28, 1, 0; 0.950330484220; 0, 1, 0; 1, 0, 0; 2, 1, 1 / 4, 4, 0 ;
0,5; 1.362312, -2.918727, 2.500127 / 1.362353, -2.918259, 2.500182 / 1.362271, -2.919194, 2.500071; 1, 33, 1, 0; 0.894419099506; 2, 1, 1; 1, 1, 0; 2, 3, 2 / 4, 1, 1 ;
1,6; 1.9867, -1.92096, 1.31724 / 1.9871, -1.92055, 1.3175 / 1.9863, -1.92137, 1.31697; 1, 22, 1, 0; 0.402986405783; 1, 0, 2; 2, 0, 0; 3, 1, 2 / 3, 4, 2 ;
0,6; 1.093050, -2.296467, 1.348993 / 1.093050, -2.296467, 1.348993 / 1.093050, -2.296467, 1.348993; 1, 22, 1, 0; 0.447604510451; 1, 0, 1; 1, 0, 0; 3, 1, 2 / 3, 2, 0 / 3, 3, 0 ;
0,6; 1.098015, -2.294242, 1.351155 / 1.098015, -2.294242, 1.351155 / 1.098015, -2.294242, 1.351155; 1, 22, 1, 0; 0.447604874244; 1, 0, 1; 1, 0, 0; 3, 1, 2 ;
1,7; -1.6892, 3.42362, 0.371347 / -1.68916, 3.42391, 0.371631 / -1.68923, 3.42334, 0.371062; 1, 25, 1, 0; 0.211713745660; 2, 1, 1; 2, 0, 0; 2, 1, 2 / 3, 5, 1 ;
0,7; 0.262012, 0.396918, 2.964958 / 0.262092, 0.397535, 2.965021 / 0.261933, 0.396302, 2.964895; 1, 39, 1, 0; 0.138242778564; 2, 1, 1; 1, 1, 0; 1, 1, 2 / 3, 1, 1 ;
0,7; 0.813634, -0.556371, 3.779476 / 0.813634, -0.556371, 3.779476 / 0.813634, -0.556371, 3.779476; 1, 46, 1, 0; 0.124091075710; 1, 0, 1; 1, 0, 0; 2, 1, 2 / 3, 8, 0 ;
1,8; -3.50305, -0.560833, -1.45719 / -3.5028, -0.560719, -1.45712 / -3.50331, -0.560948, -1.45726; 1, 6, 1, 0; 0.961024641223; 2, 1, 1; 2, 0, 0; 2, 1, 2 / 2, 2, 1 ;
0,8; -3.035251, 0.064366, -0.527692 / -3.035251, 0.064366, -0.527692 / -3.035251, 0.064366, -0.527692; 1, 10, 1, 0; 0.677351517590; 1, 0, 1; 0, 1, 0; 4, 1, 2 ;
0,8; -3.099262, -0.027951, -0.678666 / -3.099262, -0.027951, -0.678666 / -3.099262, -0.027951, -0.678666; 1, 10, 1, 0; 0.364667523109; 0, 1, 0; 1, 0, 0; 3, 1, 1 ;
0,8; -3.027626, 0.061119, -0.527230 / -3.027626, 0.061119, -0.527230 / -3.027626, 0.061119, -0.527230; 1, 10, 1, 0; 0.677353063943; 1, 0, 1; 1, 0, 0; 2, 1, 2 ;
1,9; 3.85771, -0.185172, 2.04382 / 3.85818, -0.185041, 2.04458 / 3.85725, -0.185302, 2.04306; 1, 28, 1, 0; 0.807932578972; 2, 1, 1; 2, 0, 0; 3, 1, 2 / 3, 8, 1 ;
0,9; 3.623085, -0.103229, 1.976003 / 3.623085, -0.103229, 1.976003 / 3.623085, -0.103229, 1.976003; 1, 28, 1, 0; 0.802649822460; 1, 0, 1; 1, 0, 0; 1, 1, 0 / 3, 1, 2 / 4, 1, 0 ;
