1,0; 2.8637, -1.77005, -1.95309 / 2.8637, -1.77005, -1.95309 / 2.8637, -1.77005, -1.95309; 1, 8, 1, 0; 0.075216464628; 1, 0, 1; 0, 1, 0; 1, 1, 2 ;
0,0; 2.894886, -1.685388, -1.834667 / 2.894886, -1.685388, -1.834667 / 2.894886, -1.685388, -1.834667; 1, 8, 1, 0; 0.193166716269; 0, 0, 0; 0, 1, 0; 1, 1, 3 ;
0,0; 2.890667, -1.690570, -1.834747 / 2.890667, -1.690570, -1.834747 / 2.890667, -1.690570, -1.834747; 1, 8, 1, 0; 0.193166900359; 1, 0, 1; 0, 1, 0; 4, 1, 2 ;
0,0; 2.886485, -1.687326, -1.837108 / 2.886485, -1.687326, -1.837108 / 2.886485, -1.687326, -1.837108; 1, 8, 1, 0; 0.193176396351; 1, 0, 1; 1, 0, 0; 2, 1, 2 ;
0,0; 2.908029, -1.656212, -1.798869 / 2.908029, -1.656212, -1.798869 / 2.908029, -1.656212, -1.798869; 1, 8, 1, 0; 0.194037581013; 1, 0, 1; 1, 0, 0; 2, 1, 2 ;
0,0; 3.022872, -1.399598, -1.417331 / 3.022872, -1.399598, -1.417331 / 3.022872, -1.399598, -1.417331; 1, 8, 1, 0; 0.698033900229; 1, 0, 1; 1, 0, 0; 2, 1, 2 ;
0,0; 2.765971, -0.320692, -1.317061 / 2.766324, -0.320081, -1.316858 / 2.765619, -0.321303, -1.317264; 1, 11, 1, 0; 0.463566204575; 2, 1, 1; 0, 2, 0; 4, 1, 1 / 4, 3, 2 ;
0,0; 2.700532, -0.264453, -1.402415 / 2.700845, -0.263631, -1.402299 / 2.700218, -0.265276, -1.402530; 1, 11, 1, 0; 0.449690330857; 1, 0, 2; 1, 1, 0; 1, 6, 2 / 2, 1, 2 ;
0,0; 2.763371, -0.320012, -1.312089 / 2.763371, -0.320012, -1.312089 / 2.763371, -0.320012, -1.312089; 1, 11, 1, 0; 0.463565615230; 0, 1, 0; 0, 1, 0; 1, 1, 1 ;
0,0; 2.758059, -0.317018, -1.296525 / 2.758059, -0.317018, -1.296525 / 2.758059, -0.317018, -1.296525; 1, 11, 1, 0; 0.463585704444; 1, 0, 1; 0, 1, 0; 1, 1, 2 ;
0,0; 2.764858, -0.313106, -1.299463 / 2.765453, -0.312514, -1.298940 / 2.764263, -0.313698, -1.299986; 1, 11, 1, 0; 0.463576017449; 2, 1, 2; 3, 0, 0; 2, 1, 2 / 2, 5, 1 / 3, 4, 2 / 4, 10, 0 ;
0,0; 2.763903, -0.318675, -1.305913 / 2.763903, -0.318675, -1.305913 / 2.763903, -0.318675, -1.305913; 1, 11, 1, 0; 0.463575737081; 0, 1, 0; 1, 0, 0; 1, 4, 0 / 3, 1, 1 ;
0,0; 2.760827, -0.316535, -1.296318 / 2.760827, -0.316535, -1.296318 / 2.760827, -0.316535, -1.296318; 1, 11, 1, 0; 0.463585813158; 0, 1, 0; 1, 0, 0; 2, 1, 1 ;
0,0; 3.111064, -1.151599, -1.068333 / 3.111064, -1.151599, -1.068333 / 3.111064, -1.151599, -1.068333; 1, 11, 1, 0; 0.575532092391; 1, 0, 1; 1, 0, 0; 3, 1, 2 ;
0,0; 3.108048, -1.149264, -1.069149 / 3.108048, -1.149264, -1.069149 / 3.108048, -1.149264, -1.069149; 1, 11, 1, 0; 0.575541991092; 1, 0, 1; 1, 0, 0; 3, 1, 2 ;
0,0; 3.151809, -1.046734, -0.913999 / 3.151809, -1.046734, -0.913999 / 3.151809, -1.046734, -0.913999; 1, 12, 1, 0; 0.543856282300; 0, 1, 0; 0, 1, 0; 4, 1, 1 ;
0,0; 3.359576, -0.530746, -0.170673 / 3.360184, -0.530007, -0.170342 / 3.358968, -0.531486, -0.171003; 1, 19, 1, 0; 0.057421295372; 2, 1, 1; 1, 1, 0; 3, 8, 2 / 4, 1, 1 ;
0,0; 3.357130, -0.532519, -0.179482 / 3.357130, -0.532519, -0.179482 / 3.357130, -0.532519, -0.179482; 1, 19, 1, 0; 0.057421714783; 1, 0, 1; 0, 1, 0; 4, 1, 2 ;
0,0; 3.382661, -0.471091, -0.088644 / 3.382661, -0.471091, -0.088644 / 3.382661, -0.471091, -0.088644; 1, 19, 1, 0; 0.057578545541; 1, 0, 1; 0, 1, 0; 4, 1, 2 ;
0,0; 3.852980, 0.720005, 1.627021 / 3.852980, 0.720005, 1.627021 / 3.852980, 0.720005, 1.627021; 1, 27, 1, 0; 0.463698929603; 1, 0, 1; 0, 1, 0; 4, 1, 2 / 4, 3, 0 ;
0,0; 3.796088, 0.574355, 1.413464 / 3.796088, 0.574355, 1.413464 / 3.796088, 0.574355, 1.413464; 1, 27, 1, 0; 0.349967696546; 1, 0, 1; 1, 0, 0; 3, 1, 2 ;
0,0; 3.978489, 1.028588, 2.073048 / 3.978489, 1.028588, 2.073048 / 3.978489, 1.028588, 2.073048; 1, 28, 1, 0; 0.663079509960; 1, 0, 1; 1, 0, 0; 2, 1, 2 ;
1,1; 2.28929, -1.26677, 2.70907 / 2.28929, -1.26677, 2.70907 / 2.28929, -1.26677, 2.70907; 1, 34, 1, 0; 0.470477624860; 0, 1, 0; 0, 1, 0; 1, 1, 1 ;
0,1; 2.539491, -1.189298, 2.627556 / 2.539491, -1.189298, 2.627556 / 2.539491, -1.189298, 2.627556; 1, 34, 1, 0; 0.604992990229; 0, 1, 0; 0, 1, 0; 1, 1, 1 ;
0,1; 2.919823, -1.069262, 2.507275 / 2.919823, -1.069262, 2.507275 / 2.919823, -1.069262, 2.507275; 1, 34, 1, 0; 0.608683073523; 1, 0, 1; 0, 1, 0; 1, 1, 2 ;
0,1; 2.909853, -1.067257, 2.508831 / 2.909853, -1.067257, 2.508831 / 2.909853, -1.067257, 2.508831; 1, 34, 1, 0; 0.608704077891; 1, 0, 1; 0, 1, 0; 1, 1, 2 ;
0,1; 2.912280, -1.069764, 2.506885 / 2.912280, -1.069764, 2.506885 / 2.912280, -1.069764, 2.506885; 1, 34, 1, 0; 0.608705799151; 1, 0, 1; 0, 1, 0; 1, 1, 2 ;
0,1; 2.541588, -1.187896, 2.630088 / 2.541588, -1.187896, 2.630088 / 2.541588, -1.187896, 2.630088; 1, 34, 1, 0; 0.605014630715; 1, 0, 1; 1, 0, 0; 3, 1, 2 ;
0,1; 2.915752, -1.072600, 2.495438 / 2.915752, -1.072600, 2.495438 / 2.915752, -1.072600, 2.495438; 1, 34, 1, 0; 0.608685131552; 1, 0, 1; 1, 0, 0; 2, 1, 2 ;
0,1; 2.907472, -1.065938, 2.509020 / 2.907472, -1.065938, 2.509020 / 2.907472, -1.065938, 2.509020; 1, 34, 1, 0; 0.608703940689; 1, 0, 1; 1, 0, 0; 3, 1, 2 ;
0,1; 1.947245, -1.370342, 2.813825 / 1.947284, -1.370118, 2.813908 / 1.947207, -1.370566, 2.813742; 1, 35, 1, 0; 0.415615056822; 0, 2, 0; 0, 2, 0; 3, 9, 0 / 4, 1, 1 / 4, 2, 1 / 4, 9, 0 ;
0,1; 1.969965, -1.364904, 2.809833 / 1.969996, -1.364809, 2.810116 / 1.969933, -1.364999, 2.809551; 1, 35, 1, 0; 0.415566891584; 2, 1, 1; 1, 1, 0; 1, 1, 1 / 2, 1, 2 ;
0,1; 1.715967, -1.445353, 2.885420 / 1.715967, -1.445353, 2.885420 / 1.715967, -1.445353, 2.885420; 1, 35, 1, 0; 0.413659527545; 1, 0, 1; 1, 0, 0; 2, 1, 2 ;
0,1; 1.949417, -1.365554, 2.817598 / 1.949417, -1.365554, 2.817598 / 1.949417, -1.365554, 2.817598; 1, 35, 1, 0; 0.415614412729; 1, 0, 1; 1, 0, 0; 2, 1, 2 ;
0,1; 1.939688, -1.374408, 2.815992 / 1.939688, -1.374408, 2.815992 / 1.939688, -1.374408, 2.815992; 1, 35, 1, 0; 0.415615868378; 1, 0, 1; 1, 0, 0; 2, 1, 2 ;
0,1; 0.539251, -1.809776, 3.266193 / 0.539528, -1.809594, 3.266365 / 0.538974, -1.809959, 3.266020; 1, 40, 1, 0; 0.535205217665; 1, 0, 2; 0, 2, 1; 1, 1, 2 / 3, 4, 0 / 4, 4, 2 ;
0,1; 0.989421, -1.670458, 3.119788 / 0.989671, -1.669995, 3.120274 / 0.989170, -1.670921, 3.119302; 1, 40, 1, 0; 0.547102640264; 2, 1, 1; 1, 1, 0; 2, 1, 1 / 3, 3, 0 / 4, 8, 2 ;
0,1; 0.535136, -1.808446, 3.270461 / 0.535136, -1.808446, 3.270461 / 0.535136, -1.808446, 3.270461; 1, 40, 1, 0; 0.535204761905; 1, 0, 1; 0, 1, 0; 1, 1, 2 ;
0,1; 1.015841, -1.662425, 3.110651 / 1.015841, -1.662425, 3.110651 / 1.015841, -1.662425, 3.110651; 1, 40, 1, 0; 0.547041977055; 1, 0, 1; 0, 1, 0; 4, 1, 2 ;
0,1; 0.539496, -1.808258, 3.265686 / 0.539496, -1.808258, 3.265686 / 0.539496, -1.808258, 3.265686; 1, 40, 1, 0; 0.535203363193; 0, 1, 0; 1, 0, 0; 2, 1, 1 / 2, 6, 0 / 3, 6, 0 ;
0,1; 1.004601, -1.667447, 3.114565 / 1.004601, -1.667447, 3.114565 / 1.004601, -1.667447, 3.114565; 1, 40, 1, 0; 0.547071711457; 0, 1, 0; 1, 0, 0; 2, 1, 1 ;
0,1; 0.932875, -1.686495, 3.146700 / 0.932875, -1.686495, 3.146700 / 0.932875, -1.686495, 3.146700; 1, 40, 1, 0; 0.547158101524; 1, 0, 1; 1, 0, 0; 2, 1, 2 ;
0,1; -0.796388, -2.223417, 3.684610 / -0.796388, -2.223417, 3.684610 / -0.796388, -2.223417, 3.684610; 1, 43, 1, 0; 0.814206355810; 1, 0, 1; 0, 1, 0; 4, 1, 2 ;
0,1; -0.636752, -2.173486, 3.629917 / -0.636752, -2.173486, 3.629917 / -0.636752, -2.173486, 3.629917; 1, 43, 1, 0; 0.815035598398; 0, 1, 0; 1, 0, 0; 2, 1, 1 ;
0,1; -0.800274, -2.078342, 3.795637 / -0.800274, -2.078342, 3.795637 / -0.800274, -2.078342, 3.795637; 1, 45, 1, 0; 0.890002917044; 1, 0, 1; 0, 1, 0; 1, 1, 2 ;
0,1; -0.799858, -2.080997, 3.793346 / -0.799858, -2.080997, 3.793346 / -0.799858, -2.080997, 3.793346; 1, 45, 1, 0; 0.890003120559; 1, 0, 1; 0, 1, 0; 4, 1, 2 ;
0,1; -0.801250, -2.081659, 3.804845 / -0.801250, -2.081659, 3.804845 / -0.801250, -2.081659, 3.804845; 1, 45, 1, 0; 0.890029475712; 1, 0, 1; 1, 0, 0; 3, 1, 2 ;
1,2; -1.30862, 0.100988, -0.463531 / -1.3086, 0.101248, -0.462637 / -1.30863, 0.100727, -0.464425; 1, 10, 1, 0; 0.689737903836; 1, 0, 2; 1, 1, 0; 3, 9, 2 / 4, 1, 2 ;
0,2; -2.962053, -1.273528, -0.717850 / -2.962053, -1.273528, -0.717850 / -2.962053, -1.273528, -0.717850; 1, 10, 1, 0; 0.463099504085; 1, 0, 1; 0, 1, 0; 4, 1, 2 ;
0,2; -2.327101, -0.741855, -0.614228 / -2.327101, -0.741855, -0.614228 / -2.327101, -0.741855, -0.614228; 1, 10, 1, 0; 0.596419158135; 0, 1, 0; 0, 1, 0; 1, 1, 1 ;
0,2; -2.961821, -1.271621, -0.706973 / -2.961821, -1.271621, -0.706973 / -2.961821, -1.271621, -0.706973; 1, 10, 1, 0; 0.463109252603; 1, 0, 1; 1, 0, 0; 2, 1, 2 ;
0,2; -3.996087, -2.134039, -0.850000 / -3.996087, -2.134039, -0.850000 / -3.996087, -2.134039, -0.850000; 1, 10, 1, 0; 0.479714313830; 1, 0, 1; 1, 0, 0; 3, 1, 2 ;
0,2; -3.958906, -2.102388, -0.849470 / -3.958906, -2.102388, -0.849470 / -3.958906, -2.102388, -0.849470; 1, 10, 1, 0; 0.480095030473; 1, 0, 1; 1, 0, 0; 3, 1, 2 ;
0,2; -1.680785, -0.203716, -0.525795 / -1.680785, -0.203716, -0.525795 / -1.680785, -0.203716, -0.525795; 1, 10, 1, 0; 0.643795644473; 0, 1, 0; 1, 0, 0; 3, 1, 1 ;
0,2; -1.293356, 0.110806, -0.463187 / -1.293356, 0.110806, -0.463187 / -1.293356, 0.110806, -0.463187; 1, 10, 1, 0; 0.689739579954; 1, 0, 1; 1, 0, 0; 2, 1, 2 ;
0,2; -1.289806, 0.110970, -0.463965 / -1.289806, 0.110970, -0.463965 / -1.289806, 0.110970, -0.463965; 1, 10, 1, 0; 0.689740277435; 1, 0, 1; 1, 0, 0; 2, 1, 2 ;
0,2; -1.245876, 0.128665, -0.464072 / -1.245876, 0.128665, -0.464072 / -1.245876, 0.128665, -0.464072; 1, 10, 1, 0; 0.689795172997; 1, 0, 1; 1, 0, 0; 2, 1, 2 ;
0,2; -1.257035, 0.147858, -0.451904 / -1.257035, 0.147858, -0.451904 / -1.257035, 0.147858, -0.451904; 1, 10, 1, 0; 0.689802109962; 1, 0, 1; 1, 0, 0; 2, 1, 2 ;
0,2; 0.711221, 1.788242, -0.176664 / 0.711221, 1.788242, -0.176664 / 0.711221, 1.788242, -0.176664; 1, 13, 1, 0; 0.808295892252; 0, 1, 0; 0, 1, 0; 3, 2, 0 / 4, 1, 1 ;
0,2; 0.108129, 1.283965, -0.266851 / 0.108129, 1.283965, -0.266851 / 0.108129, 1.283965, -0.266851; 1, 13, 1, 0; 0.831105456685; 0, 1, 0; 0, 1, 0; 4, 1, 1 ;
0,2; -0.881293, 0.458734, -0.407927 / -0.880927, 0.459204, -0.407586 / -0.881660, 0.458264, -0.408268; 1, 13, 1, 0; 0.363920037472; 1, 0, 2; 2, 0, 0; 2, 1, 2 / 3, 5, 2 ;
0,2; -0.879945, 0.466788, -0.404787 / -0.879945, 0.466788, -0.404787 / -0.879945, 0.466788, -0.404787; 1, 13, 1, 0; 0.363919545069; 1, 0, 1; 1, 0, 0; 2, 1, 2 ;
0,2; -0.512305, 0.767723, -0.354298 / -0.512305, 0.767723, -0.354298 / -0.512305, 0.767723, -0.354298; 1, 13, 1, 0; 0.390644290651; 1, 0, 1; 1, 0, 0; 3, 1, 2 ;
0,2; -0.513169, 0.776071, -0.354265 / -0.513169, 0.776071, -0.354265 / -0.513169, 0.776071, -0.354265; 1, 13, 1, 0; 0.390655511280; 1, 0, 1; 1, 0, 0; 2, 1, 2 ;
0,2; 0.937309, 1.982779, -0.142177 / 0.937309, 1.982779, -0.142177 / 0.937309, 1.982779, -0.142177; 1, 13, 1, 0; 0.754924028397; 1, 0, 1; 1, 0, 0; 3, 1, 2 ;
0,2; 0.112302, 1.288855, -0.262965 / 0.112302, 1.288855, -0.262965 / 0.112302, 1.288855, -0.262965; 1, 13, 1, 0; 0.831105678266; 1, 0, 1; 1, 0, 0; 2, 1, 2 ;
0,2; -0.788257, 0.645354, -0.300531 / -0.788257, 0.645354, -0.300531 / -0.788257, 0.645354, -0.300531; 1, 13, 1, 0; 0.911701818074; 1, 0, 1; 1, 0, 0; 2, 1, 2 ;
0,2; -1.127479, 0.258042, -0.450607 / -1.127479, 0.258042, -0.450607 / -1.127479, 0.258042, -0.450607; 1, 16, 1, 0; 0.129513844242; 1, 0, 1; 1, 0, 0; 2, 1, 2 ;
0,2; -1.145895, 0.244082, -0.440035 / -1.145895, 0.244082, -0.440035 / -1.145895, 0.244082, -0.440035; 1, 16, 1, 0; 0.129517420492; 1, 0, 1; 1, 0, 0; 2, 1, 2 ;
0,2; -1.100096, 0.279733, -0.437863 / -1.100096, 0.279733, -0.437863 / -1.100096, 0.279733, -0.437863; 1, 16, 1, 0; 0.130405221326; 0, 1, 0; 1, 0, 0; 3, 1, 1 ;
0,2; 1.285502, 2.268933, -0.094365 / 1.285674, 2.269979, -0.094200 / 1.285330, 2.267887, -0.094530; 1, 20, 1, 0; 0.031792099455; 1, 0, 2; 1, 1, 0; 3, 1, 2 / 4, 9, 2 ;
0,2; 2.665885, 3.420884, 0.104855 / 2.666139, 3.421200, 0.105099 / 2.665631, 3.420569, 0.104612; 1, 20, 1, 0; 0.178638245069; 2, 1, 1; 1, 1, 0; 1, 7, 2 / 3, 1, 1 ;
0,2; 2.478968, 3.264454, 0.077617 / 2.478968, 3.264454, 0.077617 / 2.478968, 3.264454, 0.077617; 1, 20, 1, 0; 0.190436143965; 0, 1, 0; 0, 1, 0; 1, 1, 1 ;
0,2; 2.314339, 3.133271, 0.055958 / 2.314339, 3.133271, 0.055958 / 2.314339, 3.133271, 0.055958; 1, 20, 1, 0; 0.194171800835; 1, 0, 1; 0, 1, 0; 4, 1, 2 ;
0,2; 1.518632, 2.462158, -0.060429 / 1.519112, 2.462308, -0.060321 / 1.518153, 2.462009, -0.060536; 1, 20, 1, 0; 0.033733046398; 2, 1, 1; 2, 0, 0; 2, 5, 1 / 3, 1, 2 ;
0,2; 2.656516, 3.414542, 0.099318 / 2.656516, 3.414542, 0.099318 / 2.656516, 3.414542, 0.099318; 1, 20, 1, 0; 0.178627767027; 1, 0, 1; 1, 0, 0; 2, 1, 2 ;
0,2; 2.495074, 3.281347, 0.078368 / 2.495074, 3.281347, 0.078368 / 2.495074, 3.281347, 0.078368; 1, 20, 1, 0; 0.190440837028; 1, 0, 1; 1, 0, 0; 1, 9, 0 / 2, 1, 2 ;
0,2; 2.339377, 3.155514, 0.062662 / 2.339377, 3.155514, 0.062662 / 2.339377, 3.155514, 0.062662; 1, 20, 1, 0; 0.194141169375; 1, 0, 1; 1, 0, 0; 2, 1, 2 ;
0,2; 2.322249, 3.135368, 0.056887 / 2.322249, 3.135368, 0.056887 / 2.322249, 3.135368, 0.056887; 1, 20, 1, 0; 0.194158661703; 1, 0, 1; 1, 0, 0; 2, 1, 2 ;
0,2; 2.329249, 3.133946, 0.056711 / 2.329249, 3.133946, 0.056711 / 2.329249, 3.133946, 0.056711; 1, 20, 1, 0; 0.194158900334; 1, 0, 1; 1, 0, 0; 3, 1, 2 ;
1,3; -1.29375, 0.889406, -3.8796 / -1.29375, 0.889406, -3.8796 / -1.29375, 0.889406, -3.8796; 1, 1, 1, 0; 0.536087166842; 1, 0, 1; 1, 0, 0; 3, 1, 2 ;
0,3; -1.476716, 0.763593, -3.487810 / -1.476716, 0.763593, -3.487810 / -1.476716, 0.763593, -3.487810; 1, 1, 1, 0; 0.676810759456; 1, 0, 1; 1, 0, 0; 3, 1, 2 ;
0,3; -1.772024, 0.574492, -2.880837 / -1.772024, 0.574492, -2.880837 / -1.772024, 0.574492, -2.880837; 1, 2, 1, 0; 0.593296010809; 1, 0, 1; 1, 0, 0; 3, 1, 2 ;
0,3; -2.160138, 0.328705, -2.079245 / -2.159741, 0.329335, -2.078384 / -2.160534, 0.328076, -2.080106; 1, 6, 1, 0; 0.368312410986; 2, 1, 2; 0, 3, 1; 1, 1, 1 / 4, 2, 2 / 4, 4, 2 ;
0,3; -2.153090, 0.333314, -2.097142 / -2.152325, 0.333423, -2.096397 / -2.153855, 0.333205, -2.097886; 1, 6, 1, 0; 0.368295737801; 2, 2, 2; 3, 1, 0; 2, 1, 1 / 2, 3, 1 / 2, 5, 2 / 4, 7, 2 ;
0,3; -2.390466, 0.182814, -1.611033 / -2.390466, 0.182814, -1.611033 / -2.390466, 0.182814, -1.611033; 1, 6, 1, 0; 0.762218881377; 1, 0, 1; 0, 1, 0; 1, 1, 2 ;
0,3; -2.148850, 0.336450, -2.094588 / -2.148850, 0.336450, -2.094588 / -2.148850, 0.336450, -2.094588; 1, 6, 1, 0; 0.368296629782; 1, 0, 1; 1, 0, 0; 2, 1, 2 ;
0,3; -2.160088, 0.327459, -2.078717 / -2.159741, 0.328076, -2.078384 / -2.160435, 0.326843, -2.079049; 1, 6, 1, 0; 0.368312366877; 1, 0, 1; 1, 1, 0; 1, 10, 1 / 2, 1, 2 ;
0,3; -2.390073, 0.182874, -1.605401 / -2.390073, 0.182874, -1.605401 / -2.390073, 0.182874, -1.605401; 1, 6, 1, 0; 0.762218224644; 1, 0, 1; 1, 0, 0; 2, 1, 2 ;
0,3; -2.970456, -0.187572, -0.421903 / -2.970456, -0.187572, -0.421903 / -2.970456, -0.187572, -0.421903; 1, 10, 1, 0; 0.653294014854; 1, 0, 1; 1, 0, 0; 3, 1, 2 ;
0,3; -2.969625, -0.181923, -0.419836 / -2.969625, -0.181923, -0.419836 / -2.969625, -0.181923, -0.419836; 1, 10, 1, 0; 0.653294815065; 1, 0, 1; 1, 0, 0; 2, 1, 2 ;
0,3; -3.374335, -0.445149, 0.401824 / -3.374335, -0.445149, 0.401824 / -3.374335, -0.445149, 0.401824; 1, 21, 1, 0; 0.089781855170; 0, 1, 0; 0, 1, 0; 4, 1, 1 ;
0,3; -3.426064, -0.477144, 0.510022 / -3.426064, -0.477144, 0.510022 / -3.426064, -0.477144, 0.510022; 1, 21, 1, 0; 0.094957297978; 0, 1, 0; 0, 1, 0; 1, 1, 1 ;
0,3; -3.526972, -0.541027, 0.713002 / -3.526972, -0.541027, 0.713002 / -3.526972, -0.541027, 0.713002; 1, 21, 1, 0; 0.384854490079; 0, 1, 0; 0, 1, 0; 4, 1, 1 ;
0,3; -3.381337, -0.447941, 0.397929 / -3.381337, -0.447941, 0.397929 / -3.381337, -0.447941, 0.397929; 1, 21, 1, 0; 0.089770322932; 1, 0, 1; 1, 0, 0; 3, 1, 2 ;
0,3; -3.416830, -0.472011, 0.487556 / -3.416830, -0.472011, 0.487556 / -3.416830, -0.472011, 0.487556; 1, 21, 1, 0; 0.094932974779; 1, 0, 1; 1, 0, 0; 1, 2, 0 / 2, 1, 2 / 4, 5, 0 ;
0,3; -3.429965, -0.479626, 0.518009 / -3.429965, -0.479626, 0.518009 / -3.429965, -0.479626, 0.518009; 1, 21, 1, 0; 0.094956490358; 0, 1, 0; 1, 0, 0; 3, 1, 1 ;
0,3; -3.637455, -0.607854, 0.933656 / -3.637455, -0.607854, 0.933656 / -3.637455, -0.607854, 0.933656; 1, 21, 1, 0; 0.565451503484; 1, 0, 1; 1, 0, 0; 3, 1, 2 ;
0,3; -4.014791, -0.850820, 1.714457 / -4.014791, -0.850820, 1.714457 / -4.014791, -0.850820, 1.714457; 1, 24, 1, 0; 0.727645562586; 0, 1, 0; 1, 0, 0; 3, 1, 1 ;
1,4; 3.2156, -0.491402, -2.88776 / 3.2162, -0.491182, -2.88703 / 3.21501, -0.491622, -2.8885; 1, 3, 1, 0; 0.302284783423; 1, 0, 2; 1, 1, 0; 1, 7, 2 / 3, 1, 2 ;
0,4; 2.018255, -1.198515, -2.727737 / 2.018377, -1.198188, -2.727419 / 2.018133, -1.198843, -2.728055; 1, 3, 1, 0; 0.612471419303; 2, 1, 1; 1, 1, 0; 3, 1, 1 / 4, 2, 2 ;
0,4; 3.211966, -0.492561, -2.886809 / 3.211966, -0.492561, -2.886809 / 3.211966, -0.492561, -2.886809; 1, 3, 1, 0; 0.302284851928; 1, 0, 1; 0, 1, 0; 1, 1, 2 ;
0,4; 3.215809, -0.492947, -2.884346 / 3.215809, -0.492947, -2.884346 / 3.215809, -0.492947, -2.884346; 1, 3, 1, 0; 0.302291859589; 1, 0, 1; 0, 1, 0; 1, 1, 2 ;
0,4; 0.560860, -2.057185, -2.573264 / 0.560860, -2.057185, -2.573264 / 0.560860, -2.057185, -2.573264; 1, 3, 1, 0; 0.553407387259; 1, 0, 1; 0, 1, 0; 1, 1, 2 ;
0,4; 0.551514, -2.060397, -2.571360 / 0.551514, -2.060397, -2.571360 / 0.551514, -2.060397, -2.571360; 1, 3, 1, 0; 0.553414112840; 1, 0, 1; 0, 1, 0; 4, 1, 2 ;
0,4; 0.094600, -2.334180, -2.515523 / 0.094955, -2.333732, -2.515511 / 0.094244, -2.334627, -2.515536; 1, 3, 1, 0; 0.520705851538; 1, 0, 2; 2, 0, 0; 1, 7, 0 / 2, 1, 2 / 2, 4, 2 ;
0,4; 0.586300, -2.042619, -2.573149 / 0.586365, -2.042234, -2.572941 / 0.586235, -2.043004, -2.573357; 1, 3, 1, 0; 0.553451705976; 1, 0, 2; 2, 0, 0; 2, 1, 2 / 2, 3, 0 / 3, 2, 2 ;
0,4; 3.212840, -0.495347, -2.888074 / 3.212840, -0.495347, -2.888074 / 3.212840, -0.495347, -2.888074; 1, 3, 1, 0; 0.302284380453; 1, 0, 1; 1, 0, 0; 2, 1, 2 ;
0,4; 3.217139, -0.494141, -2.884083 / 3.217139, -0.494141, -2.884083 / 3.217139, -0.494141, -2.884083; 1, 3, 1, 0; 0.302291388113; 0, 1, 0; 1, 0, 0; 2, 1, 1 ;
0,4; 3.210995, -0.496126, -2.882865 / 3.210995, -0.496126, -2.882865 / 3.210995, -0.496126, -2.882865; 1, 3, 1, 0; 0.302291762876; 1, 0, 1; 1, 0, 0; 2, 1, 0 / 3, 1, 2 ;
0,4; 2.790447, -0.737292, -2.978732 / 2.790447, -0.737292, -2.978732 / 2.790447, -0.737292, -2.978732; 1, 3, 1, 0; 0.318112658519; 1, 0, 1; 1, 0, 0; 2, 1, 2 ;
0,4; 0.587111, -2.043794, -2.567502 / 0.587111, -2.043794, -2.567502 / 0.587111, -2.043794, -2.567502; 1, 3, 1, 0; 0.553451605234; 1, 0, 1; 1, 0, 0; 2, 1, 2 / 3, 2, 0 ;
0,4; 1.724658, -1.377606, -2.713514 / 1.724658, -1.377606, -2.713514 / 1.724658, -1.377606, -2.713514; 1, 3, 1, 0; 0.588051539953; 1, 0, 1; 1, 0, 0; 2, 1, 2 ;
0,4; 1.727686, -1.359567, -2.701407 / 1.727686, -1.359567, -2.701407 / 1.727686, -1.359567, -2.701407; 1, 3, 1, 0; 0.588055267432; 1, 0, 1; 1, 0, 0; 2, 1, 2 ;
0,4; -1.325408, -3.180625, -2.344247 / -1.325408, -3.180625, -2.344247 / -1.325408, -3.180625, -2.344247; 1, 5, 1, 0; 0.591437064853; 1, 0, 1; 0, 1, 0; 1, 1, 2 ;
0,4; -0.793372, -2.869917, -2.409922 / -0.793372, -2.869917, -2.409922 / -0.793372, -2.869917, -2.409922; 1, 5, 1, 0; 0.570572960622; 1, 0, 1; 1, 0, 0; 3, 1, 2 ;
0,4; -1.017642, -2.991896, -2.380137 / -1.017642, -2.991896, -2.380137 / -1.017642, -2.991896, -2.380137; 1, 5, 1, 0; 0.573144282352; 1, 0, 1; 1, 0, 0; 3, 1, 2 ;
0,4; -1.331882, -3.178214, -2.353645 / -1.331882, -3.178214, -2.353645 / -1.331882, -3.178214, -2.353645; 1, 5, 1, 0; 0.591426909991; 1, 0, 1; 1, 0, 0; 3, 1, 2 ;
1,5; 0.0863821, -2.90183, -2.76706 / 0.0863821, -2.90183, -2.76706 / 0.0863821, -2.90183, -2.76706; 1, 3, 1, 0; 0.487275684345; 1, 0, 1; 0, 1, 0; 2, 6, 0 / 2, 7, 0 / 4, 1, 2 ;
0,5; 0.086124, -2.913071, -2.776057 / 0.086124, -2.913071, -2.776057 / 0.086124, -2.913071, -2.776057; 1, 3, 1, 0; 0.487281434737; 0, 1, 0; 0, 1, 0; 1, 1, 1 ;
0,5; 0.017476, -3.231738, -2.979448 / 0.017548, -3.231710, -2.978524 / 0.017405, -3.231766, -2.980373; 1, 3, 1, 0; 0.448024484500; 1, 0, 2; 2, 0, 0; 3, 1, 2 / 3, 8, 2 / 4, 2, 0 / 4, 9, 0 ;
0,5; 0.089114, -2.898442, -2.766418 / 0.089568, -2.898377, -2.766196 / 0.088660, -2.898507, -2.766639; 1, 3, 1, 0; 0.487275744791; 2, 1, 1; 2, 0, 0; 2, 1, 1 / 3, 4, 2 ;
0,5; 0.024676, -3.210733, -2.965957 / 0.024676, -3.210733, -2.965957 / 0.024676, -3.210733, -2.965957; 1, 3, 1, 0; 0.448035751561; 1, 0, 1; 1, 0, 0; 2, 1, 2 ;
0,5; 0.089535, -2.905028, -2.776017 / 0.089535, -2.905028, -2.776017 / 0.089535, -2.905028, -2.776017; 1, 3, 1, 0; 0.487274995265; 1, 0, 1; 1, 0, 0; 2, 1, 2 ;
0,5; 0.087611, -2.905041, -2.767097 / 0.087611, -2.905041, -2.767097 / 0.087611, -2.905041, -2.767097; 1, 3, 1, 0; 0.487275631959; 1, 0, 1; 1, 0, 0; 1, 5, 0 / 2, 1, 2 / 2, 9, 0 / 3, 6, 0 ;
0,5; 0.437136, -1.295620, -1.754554 / 0.437136, -1.295620, -1.754554 / 0.437136, -1.295620, -1.754554; 1, 8, 1, 0; 0.161757627731; 1, 0, 1; 0, 1, 0; 1, 1, 2 ;
0,5; 0.434883, -1.307871, -1.762921 / 0.434883, -1.307871, -1.762921 / 0.434883, -1.307871, -1.762921; 1, 8, 1, 0; 0.161759627156; 0, 0, 0; 0, 1, 0; 1, 1, 3 ;
0,5; 0.423328, -1.345884, -1.799174 / 0.423328, -1.345884, -1.799174 / 0.423328, -1.345884, -1.799174; 1, 8, 1, 0; 0.161508855255; 1, 0, 1; 1, 0, 0; 3, 1, 2 ;
0,5; 0.435862, -1.303189, -1.760094 / 0.435862, -1.303189, -1.760094 / 0.435862, -1.303189, -1.760094; 1, 8, 1, 0; 0.161759105567; 1, 0, 1; 1, 0, 0; 2, 1, 2 ;
0,5; 0.432548, -1.309915, -1.762452 / 0.432548, -1.309915, -1.762452 / 0.432548, -1.309915, -1.762452; 1, 8, 1, 0; 0.161759555565; 1, 0, 1; 1, 0, 0; 3, 1, 2 ;
0,5; 0.736331, -0.167173, -1.010453 / 0.736910, -0.166672, -1.010057 / 0.735753, -0.167674, -1.010849; 1, 11, 1, 0; 0.701082259925; 2, 2, 2; 2, 2, 1; 1, 5, 0 / 1, 6, 1 / 2, 5, 2 / 3, 4, 2 / 4, 1, 1 ;
0,5; 0.687933, -0.142551, -1.028747 / 0.688102, -0.141991, -1.028132 / 0.687764, -0.143110, -1.029363; 1, 11, 1, 0; 0.699968387095; 1, 0, 3; 2, 1, 0; 1, 2, 2 / 2, 5, 2 / 3, 1, 2 / 3, 2, 0 ;
0,5; 0.691673, -0.149993, -1.027722 / 0.691673, -0.149993, -1.027722 / 0.691673, -0.149993, -1.027722; 1, 11, 1, 0; 0.699958688657; 1, 0, 1; 0, 1, 0; 4, 1, 2 ;
0,5; 0.698938, -0.093682, -0.995838 / 0.698938, -0.093682, -0.995838 / 0.698938, -0.093682, -0.995838; 1, 11, 1, 0; 0.700582673038; 1, 0, 1; 0, 1, 0; 1, 1, 2 ;
0,5; 0.735997, -0.169926, -1.011352 / 0.735997, -0.169926, -1.011352 / 0.735997, -0.169926, -1.011352; 1, 11, 1, 0; 0.701081579032; 1, 0, 1; 0, 1, 0; 2, 1, 0 / 4, 1, 2 ;
0,5; 0.735626, -0.167667, -1.009881 / 0.735753, -0.167393, -1.008962 / 0.735498, -0.167941, -1.010801; 1, 11, 1, 0; 0.701082208429; 1, 0, 1; 0, 2, 0; 1, 5, 0 / 4, 1, 2 / 4, 10, 1 ;
0,5; 0.742904, -0.167151, -1.000261 / 0.742904, -0.167151, -1.000261 / 0.742904, -0.167151, -1.000261; 1, 11, 1, 0; 0.701092805189; 1, 0, 1; 0, 1, 0; 1, 1, 2 / 4, 9, 0 ;
0,5; 0.688041, -0.148597, -1.029819 / 0.688818, -0.147876, -1.029727 / 0.687265, -0.149318, -1.029910; 1, 11, 1, 0; 0.699957927658; 2, 1, 2; 3, 0, 0; 3, 1, 2 / 3, 9, 1 / 3, 10, 2 ;
0,5; 0.737781, -0.171490, -1.012718 / 0.737805, -0.171464, -1.012709 / 0.737757, -0.171517, -1.012726; 1, 11, 1, 0; 0.701081641971; 1, 0, 2; 2, 0, 0; 3, 1, 2 / 3, 2, 2 / 4, 2, 0 ;
0,5; 0.563997, -0.690330, -1.369520 / 0.563997, -0.690330, -1.369520 / 0.563997, -0.690330, -1.369520; 1, 11, 1, 0; 0.501258456810; 1, 0, 1; 1, 0, 0; 2, 1, 2 ;
0,5; 0.661682, -0.261971, -1.109110 / 0.661682, -0.261971, -1.109110 / 0.661682, -0.261971, -1.109110; 1, 11, 1, 0; 0.699845631755; 1, 0, 1; 1, 0, 0; 3, 1, 2 ;
0,5; 0.698579, -0.092065, -0.994907 / 0.698579, -0.092065, -0.994907 / 0.698579, -0.092065, -0.994907; 1, 11, 1, 0; 0.700582604377; 1, 0, 1; 1, 0, 0; 3, 1, 2 ;
0,5; 0.737597, -0.168929, -1.017079 / 0.737597, -0.168929, -1.017079 / 0.737597, -0.168929, -1.017079; 1, 11, 1, 0; 0.701071829097; 1, 0, 1; 1, 0, 0; 3, 1, 2 ;
0,5; 0.750194, -0.171141, -0.995666 / 0.750194, -0.171141, -0.995666 / 0.750194, -0.171141, -0.995666; 1, 11, 1, 0; 0.701093795059; 1, 0, 1; 1, 0, 0; 1, 2, 0 / 3, 1, 2 ;
0,5; 0.972765, 1.155194, -0.208086 / 0.972767, 1.155471, -0.207727 / 0.972764, 1.154917, -0.208446; 1, 13, 1, 0; 0.893995904439; 2, 1, 1; 1, 1, 0; 3, 4, 2 / 4, 1, 1 ;
0,5; 0.918495, 0.908290, -0.362583 / 0.918495, 0.908290, -0.362583 / 0.918495, 0.908290, -0.362583; 1, 13, 1, 0; 0.381197991489; 1, 0, 1; 0, 1, 0; 1, 1, 2 ;
0,5; 0.999849, 1.284864, -0.124663 / 0.999849, 1.284864, -0.124663 / 0.999849, 1.284864, -0.124663; 1, 13, 1, 0; 0.839050025666; 1, 0, 1; 0, 1, 0; 4, 1, 2 ;
0,5; 1.090346, 1.686119, 0.132061 / 1.090346, 1.686119, 0.132061 / 1.090346, 1.686119, 0.132061; 1, 17, 1, 0; 0.626684047103; 1, 0, 1; 1, 0, 0; 2, 1, 2 ;
0,5; 1.304874, 2.690214, 0.761275 / 1.304874, 2.690214, 0.761275 / 1.304874, 2.690214, 0.761275; 1, 20, 1, 0; 0.660781167293; 0, 1, 0; 1, 0, 0; 3, 1, 1 ;
0,5; 1.167767, 2.110687, 0.431460 / 1.167767, 2.110687, 0.431460 / 1.167767, 2.110687, 0.431460; 1, 26, 1, 0; 0.001828117097; 1, 0, 1; 0, 1, 0; 1, 7, 0 / 4, 1, 2 / 4, 9, 0 ;
0,5; 1.227342, 2.299985, 0.507548 / 1.227342, 2.299985, 0.507548 / 1.227342, 2.299985, 0.507548; 1, 26, 1, 0; 0.006411109682; 1, 0, 1; 1, 0, 0; 3, 1, 2 ;
0,5; 1.209137, 2.300612, 0.517207 / 1.209137, 2.300612, 0.517207 / 1.209137, 2.300612, 0.517207; 1, 26, 1, 0; 0.006420393468; 1, 0, 1; 1, 0, 0; 2, 1, 2 ;
0,5; 1.224697, 2.302140, 0.527018 / 1.224697, 2.302140, 0.527018 / 1.224697, 2.302140, 0.527018; 1, 26, 1, 0; 0.006440606918; 1, 0, 1; 1, 0, 0; 2, 1, 2 ;
1,6; -1.40932, 4.31874, 0.468999 / -1.40932, 4.31874, 0.468999 / -1.40932, 4.31874, 0.468999; 1, 25, 1, 0; 0.297792482105; 1, 0, 1; 1, 0, 0; 2, 1, 2 ;
0,6; -1.598898, 4.104061, 0.762763 / -1.598898, 4.104061, 0.762763 / -1.598898, 4.104061, 0.762763; 1, 25, 1, 0; 0.351724058120; 1, 0, 1; 1, 0, 0; 3, 1, 2 ;
0,6; -1.987723, 3.594637, 1.386688 / -1.987723, 3.594637, 1.386688 / -1.987723, 3.594637, 1.386688; 1, 29, 1, 0; 0.107575406891; 1, 0, 1; 1, 0, 0; 3, 1, 2 ;
0,6; -1.984002, 3.599089, 1.381502 / -1.984002, 3.599089, 1.381502 / -1.984002, 3.599089, 1.381502; 1, 29, 1, 0; 0.107576858335; 1, 0, 1; 1, 0, 0; 2, 1, 2 ;
0,6; -1.956954, 3.630986, 1.337247 / -1.956954, 3.630986, 1.337247 / -1.956954, 3.630986, 1.337247; 1, 29, 1, 0; 0.109388133619; 1, 0, 1; 1, 0, 0; 2, 1, 2 / 4, 6, 0 ;
0,6; -2.776919, 2.584290, 2.659854 / -2.776919, 2.584290, 2.659854 / -2.776919, 2.584290, 2.659854; 1, 37, 1, 0; 0.390458785674; 0, 1, 0; 0, 1, 0; 1, 1, 1 ;
0,6; -2.559667, 2.844027, 2.313624 / -2.559667, 2.844027, 2.313624 / -2.559667, 2.844027, 2.313624; 1, 37, 1, 0; 0.287477314058; 1, 0, 1; 1, 0, 0; 2, 1, 2 ;
0,6; -2.766314, 2.597850, 2.642344 / -2.766314, 2.597850, 2.642344 / -2.766314, 2.597850, 2.642344; 1, 37, 1, 0; 0.390467036500; 1, 0, 1; 1, 0, 0; 2, 1, 2 ;
1,7; -0.532018, -3.61304, -1.73112 / -0.531046, -3.61231, -1.73062 / -0.53299, -3.61377, -1.73161; 1, 8, 1, 0; 0.391856755245; 2, 1, 2; 0, 3, 0; 4, 1, 2 / 4, 9, 2 / 4, 10, 1 ;
0,7; -0.592365, -2.307125, -1.427532 / -0.591901, -2.306561, -1.426811 / -0.592830, -2.307688, -1.428253; 1, 8, 1, 0; 0.588065313194; 2, 1, 2; 2, 1, 0; 1, 7, 0 / 2, 5, 2 / 3, 1, 1 / 4, 4, 2 ;
0,7; -0.605845, -2.022927, -1.361079 / -0.605637, -2.022174, -1.360870 / -0.606054, -2.023681, -1.361287; 1, 8, 1, 0; 0.648891382631; 1, 0, 2; 1, 1, 0; 2, 7, 2 / 4, 1, 2 ;
0,7; -0.538219, -3.467121, -1.700031 / -0.538219, -3.467121, -1.700031 / -0.538219, -3.467121, -1.700031; 1, 8, 1, 0; 0.391718324451; 0, 0, 0; 0, 1, 0; 4, 1, 3 ;
0,7; -0.510151, -4.158118, -1.853581 / -0.510151, -4.158118, -1.853581 / -0.510151, -4.158118, -1.853581; 1, 8, 1, 0; 0.425273302508; 1, 0, 1; 1, 0, 0; 3, 1, 2 ;
0,7; -0.586906, -2.447663, -1.459425 / -0.586906, -2.447663, -1.459425 / -0.586906, -2.447663, -1.459425; 1, 8, 1, 0; 0.588190213350; 1, 0, 1; 1, 0, 0; 3, 1, 2 ;
0,7; -0.577402, -2.424777, -1.454982 / -0.577402, -2.424777, -1.454982 / -0.577402, -2.424777, -1.454982; 1, 8, 1, 0; 0.588555284875; 1, 0, 1; 1, 0, 0; 3, 1, 2 ;
0,7; -0.601787, -2.093743, -1.376794 / -0.601787, -2.093743, -1.376794 / -0.601787, -2.093743, -1.376794; 1, 8, 1, 0; 0.648839433370; 0, 1, 0; 1, 0, 0; 2, 1, 1 ;
0,7; -0.604779, -2.039545, -1.361800 / -0.604779, -2.039545, -1.361800 / -0.604779, -2.039545, -1.361800; 1, 8, 1, 0; 0.648882137207; 1, 0, 1; 1, 0, 0; 3, 1, 2 ;
0,7; -0.601684, -2.011749, -1.358238 / -0.601684, -2.011749, -1.358238 / -0.601684, -2.011749, -1.358238; 1, 8, 1, 0; 0.648899687149; 1, 0, 1; 1, 0, 0; 2, 1, 2 ;
0,7; -0.722405, 0.438191, -0.785689 / -0.722405, 0.438191, -0.785689 / -0.722405, 0.438191, -0.785689; 1, 13, 1, 0; 0.362421704871; 1, 0, 1; 0, 1, 0; 1, 1, 2 ;
0,7; -0.782756, 1.846340, -0.447165 / -0.782756, 1.846340, -0.447165 / -0.782756, 1.846340, -0.447165; 1, 13, 1, 0; 0.427930178508; 1, 0, 1; 1, 0, 0; 2, 1, 2 ;
0,7; -0.810123, 2.371280, -0.323410 / -0.810123, 2.371280, -0.323410 / -0.810123, 2.371280, -0.323410; 1, 13, 1, 0; 0.480084490172; 1, 0, 1; 1, 0, 0; 2, 1, 2 ;
0,7; -0.811320, 2.393526, -0.318438 / -0.811320, 2.393526, -0.318438 / -0.811320, 2.393526, -0.318438; 1, 13, 1, 0; 0.480105940471; 0, 0, 0; 1, 0, 0; 2, 1, 3 ;
0,7; -0.704819, 0.204087, -0.834397 / -0.704819, 0.204087, -0.834397 / -0.704819, 0.204087, -0.834397; 1, 16, 1, 0; 0.100766563263; 1, 0, 1; 1, 0, 0; 3, 1, 2 ;
0,7; -0.710747, 0.247727, -0.826084 / -0.710747, 0.247727, -0.826084 / -0.710747, 0.247727, -0.826084; 1, 16, 1, 0; 0.100968541051; 0, 1, 0; 1, 0, 0; 3, 1, 1 ;
0,7; -0.905827, 4.411307, 0.161725 / -0.905646, 4.411637, 0.162343 / -0.906007, 4.410977, 0.161106; 1, 17, 1, 0; 0.367217777145; 1, 0, 1; 1, 1, 0; 1, 5, 2 / 2, 1, 3 / 3, 2, 0 ;
0,7; -0.908741, 4.446122, 0.168582 / -0.908708, 4.446146, 0.168600 / -0.908773, 4.446098, 0.168564; 1, 17, 1, 0; 0.367254714060; 2, 1, 1; 1, 1, 0; 1, 1, 1 / 2, 1, 2 ;
0,7; -0.897666, 4.209809, 0.112215 / -0.897666, 4.209809, 0.112215 / -0.897666, 4.209809, 0.112215; 1, 17, 1, 0; 0.405599743618; 0, 1, 0; 0, 1, 0; 4, 1, 1 ;
0,7; -0.922475, 4.469670, 0.171450 / -0.921926, 4.469790, 0.171847 / -0.923024, 4.469550, 0.171052; 1, 17, 1, 0; 0.367277471830; 2, 1, 2; 3, 0, 0; 2, 2, 2 / 3, 1, 2 / 3, 5, 1 / 4, 4, 0 / 4, 5, 0 ;
0,7; -0.816853, 2.496857, -0.281942 / -0.816853, 2.496857, -0.281942 / -0.816853, 2.496857, -0.281942; 1, 17, 1, 0; 0.183998895240; 1, 0, 1; 1, 0, 0; 2, 1, 2 ;
0,7; -0.822046, 2.510295, -0.290334 / -0.822046, 2.510295, -0.290334 / -0.822046, 2.510295, -0.290334; 1, 17, 1, 0; 0.184008840867; 1, 0, 1; 1, 0, 0; 1, 6, 0 / 2, 1, 2 ;
0,7; -0.825061, 2.680479, -0.248467 / -0.825061, 2.680479, -0.248467 / -0.825061, 2.680479, -0.248467; 1, 17, 1, 0; 0.184791518459; 1, 0, 1; 1, 0, 0; 2, 1, 2 ;
0,7; -0.837502, 3.021971, -0.169619 / -0.837502, 3.021971, -0.169619 / -0.837502, 3.021971, -0.169619; 1, 17, 1, 0; 0.199933463338; 1, 0, 1; 1, 0, 0; 3, 1, 2 ;
0,7; -0.930487, 4.465735, 0.179665 / -0.930487, 4.465735, 0.179665 / -0.930487, 4.465735, 0.179665; 1, 17, 1, 0; 0.366150875020; 1, 0, 1; 1, 0, 0; 3, 1, 2 ;
0,7; -0.909338, 4.386736, 0.161809 / -0.909338, 4.386736, 0.161809 / -0.909338, 4.386736, 0.161809; 1, 17, 1, 0; 0.367191880853; 1, 0, 1; 1, 0, 0; 2, 1, 2 ;
0,7; -0.921612, 4.464378, 0.172727 / -0.921612, 4.464378, 0.172727 / -0.921612, 4.464378, 0.172727; 1, 17, 1, 0; 0.367264715483; 0, 1, 0; 1, 0, 0; 3, 1, 1 ;
0,7; -0.906966, 4.466845, 0.169341 / -0.906966, 4.466845, 0.169341 / -0.906966, 4.466845, 0.169341; 1, 17, 1, 0; 0.367267519229; 1, 0, 1; 1, 0, 0; 2, 1, 2 ;
0,7; -0.920480, 4.468490, 0.176468 / -0.920480, 4.468490, 0.176468 / -0.920480, 4.468490, 0.176468; 1, 17, 1, 0; 0.367276725559; 1, 0, 1; 1, 0, 0; 3, 1, 2 ;
0,7; -0.920100, 4.467699, 0.172333 / -0.920100, 4.467699, 0.172333 / -0.920100, 4.467699, 0.172333; 1, 17, 1, 0; 0.367277569473; 1, 0, 1; 1, 0, 0; 2, 1, 2 / 2, 10, 0 ;
0,7; -0.906443, 4.363018, 0.148358 / -0.906443, 4.363018, 0.148358 / -0.906443, 4.363018, 0.148358; 1, 17, 1, 0; 0.367385785705; 1, 0, 1; 1, 0, 0; 3, 1, 2 ;
0,7; -0.894322, 4.192206, 0.110333 / -0.894322, 4.192206, 0.110333 / -0.894322, 4.192206, 0.110333; 1, 17, 1, 0; 0.405601982430; 1, 0, 1; 1, 0, 0; 2, 1, 2 / 3, 6, 0 ;
1,8; -1.18399, 3.88881, 1.26767 / -1.18399, 3.88881, 1.26767 / -1.18399, 3.88881, 1.26767; 1, 29, 1, 0; 0.066405903577; 1, 0, 1; 0, 1, 0; 1, 1, 2 ;
0,8; -1.079601, 3.014895, 1.608445 / -1.079601, 3.014895, 1.608445 / -1.079601, 3.014895, 1.608445; 1, 29, 1, 0; 0.419178190546; 1, 0, 1; 1, 0, 0; 3, 1, 2 ;
0,8; -1.106250, 3.128854, 1.568580 / -1.106250, 3.128854, 1.568580 / -1.106250, 3.128854, 1.568580; 1, 29, 1, 0; 0.447053013743; 1, 0, 1; 1, 0, 0; 3, 1, 2 ;
0,8; -0.908368, 1.265437, 2.301429 / -0.908368, 1.265437, 2.301429 / -0.908368, 1.265437, 2.301429; 1, 31, 1, 0; 0.673701536041; 0, 1, 0; 0, 1, 0; 1, 1, 1 ;
0,8; -0.873475, 1.018772, 2.397696 / -0.873475, 1.018772, 2.397696 / -0.873475, 1.018772, 2.397696; 1, 31, 1, 0; 0.697939188445; 1, 0, 1; 0, 1, 0; 1, 1, 2 ;
0,8; -0.886727, 1.093996, 2.372823 / -0.886727, 1.093996, 2.372823 / -0.886727, 1.093996, 2.372823; 1, 31, 1, 0; 0.698063237232; 1, 0, 1; 0, 1, 0; 1, 1, 2 ;
0,8; -0.910256, 1.267080, 2.301351 / -0.910256, 1.267080, 2.301351 / -0.910256, 1.267080, 2.301351; 1, 31, 1, 0; 0.673700269226; 1, 0, 1; 1, 0, 0; 2, 1, 2 ;
0,8; -0.904901, 1.245522, 2.310106 / -0.904901, 1.245522, 2.310106 / -0.904901, 1.245522, 2.310106; 1, 31, 1, 0; 0.673729218716; 1, 0, 1; 1, 0, 0; 3, 1, 2 ;
0,8; -0.799027, 0.303117, 2.672823 / -0.799027, 0.303117, 2.672823 / -0.799027, 0.303117, 2.672823; 1, 34, 1, 0; 0.909550027565; 1, 0, 1; 1, 0, 0; 3, 1, 2 ;
0,8; -0.806826, 0.294356, 2.682534 / -0.806826, 0.294356, 2.682534 / -0.806826, 0.294356, 2.682534; 1, 34, 1, 0; 0.909568574771; 0, 1, 0; 1, 0, 0; 2, 1, 1 ;
0,8; -0.809035, 0.301683, 2.688554 / -0.809035, 0.301683, 2.688554 / -0.809035, 0.301683, 2.688554; 1, 34, 1, 0; 0.909593208754; 1, 0, 1; 1, 0, 0; 3, 1, 2 ;
0,8; -0.740526, -0.339057, 2.928684 / -0.740526, -0.339057, 2.928684 / -0.740526, -0.339057, 2.928684; 1, 36, 1, 0; 0.950574517639; 1, 0, 1; 1, 0, 0; 2, 1, 2 ;
0,8; -0.776970, 0.002001, 2.800187 / -0.776970, 0.002001, 2.800187 / -0.776970, 0.002001, 2.800187; 1, 37, 1, 0; 0.975198004494; 1, 0, 1; 0, 1, 0; 1, 1, 2 ;
0,8; -0.754846, -0.135712, 2.848402 / -0.754846, -0.135712, 2.848402 / -0.754846, -0.135712, 2.848402; 1, 37, 1, 0; 0.850690834390; 1, 0, 1; 1, 0, 0; 3, 1, 2 ;
0,8; -0.765586, -0.136216, 2.848588 / -0.765586, -0.136216, 2.848588 / -0.765586, -0.136216, 2.848588; 1, 37, 1, 0; 0.850693635690; 1, 0, 1; 1, 0, 0; 3, 1, 2 ;
0,8; -0.759743, -0.105567, 2.837995 / -0.759743, -0.105567, 2.837995 / -0.759743, -0.105567, 2.837995; 1, 37, 1, 0; 0.853471530827; 1, 0, 1; 1, 0, 0; 2, 1, 2 ;
0,8; -0.764684, -0.102014, 2.842182 / -0.764684, -0.102014, 2.842182 / -0.764684, -0.102014, 2.842182; 1, 37, 1, 0; 0.853496451686; 0, 1, 0; 1, 0, 0; 3, 1, 1 ;
0,8; -0.764695, -0.100812, 2.832850 / -0.764695, -0.100812, 2.832850 / -0.764695, -0.100812, 2.832850; 1, 37, 1, 0; 0.853500783752; 1, 0, 1; 1, 0, 0; 2, 1, 2 ;
0,8; -0.643897, -1.251872, 3.297057 / -0.643863, -1.251800, 3.297422 / -0.643931, -1.251945, 3.296693; 1, 40, 1, 0; 0.419867468175; 2, 1, 1; 0, 2, 1; 1, 1, 2 / 4, 6, 1 ;
0,8; -0.658546, -1.138568, 3.252186 / -0.658237, -1.138297, 3.252436 / -0.658854, -1.138839, 3.251935; 1, 41, 1, 0; 0.068384382054; 1, 0, 2; 1, 1, 0; 1, 2, 2 / 2, 1, 2 ;
0,8; -0.659829, -1.100417, 3.237470 / -0.659829, -1.100417, 3.237470 / -0.659829, -1.100417, 3.237470; 1, 41, 1, 0; 0.068902212598; 0, 1, 0; 1, 0, 0; 2, 1, 1 ;
0,8; -0.664952, -1.108119, 3.231571 / -0.664952, -1.108119, 3.231571 / -0.664952, -1.108119, 3.231571; 1, 41, 1, 0; 0.068906718738; 1, 0, 1; 1, 0, 0; 2, 1, 2 ;
0,8; -0.555916, -2.081255, 3.623739 / -0.555602, -2.080502, 3.624196 / -0.556230, -2.082008, 3.623283; 1, 43, 1, 0; 0.734102234953; 1, 0, 2; 1, 1, 0; 1, 8, 2 / 2, 1, 2 ;
0,8; -0.560494, -2.045442, 3.611723 / -0.560402, -2.045442, 3.612147 / -0.560587, -2.045442, 3.611300; 1, 43, 1, 0; 0.734197223444; 1, 0, 2; 1, 1, 0; 1, 1, 2 / 2, 3, 2 / 3, 8, 0 / 3, 9, 0 ;
0,8; -0.598531, -1.686240, 3.469018 / -0.598531, -1.686240, 3.469018 / -0.598531, -1.686240, 3.469018; 1, 43, 1, 0; 0.580480310936; 1, 0, 1; 0, 1, 0; 4, 1, 2 ;
0,8; -0.588213, -1.846123, 3.530338 / -0.588213, -1.846123, 3.530338 / -0.588213, -1.846123, 3.530338; 1, 43, 1, 0; 0.581255135718; 1, 0, 1; 1, 0, 0; 2, 1, 2 ;
0,8; -0.588527, -1.848967, 3.536440 / -0.588527, -1.848967, 3.536440 / -0.588527, -1.848967, 3.536440; 1, 43, 1, 0; 0.581291625561; 1, 0, 1; 1, 0, 0; 3, 1, 2 ;
0,8; -0.556363, -2.079654, 3.624609 / -0.555602, -2.078806, 3.625022 / -0.557125, -2.080502, 3.624196; 1, 43, 1, 0; 0.734102373623; 0, 1, 0; 1, 1, 0; 1, 1, 2 / 2, 7, 1 ;
0,8; -0.558684, -2.080195, 3.627264 / -0.558684, -2.080195, 3.627264 / -0.558684, -2.080195, 3.627264; 1, 43, 1, 0; 0.734105741306; 0, 1, 0; 1, 0, 0; 2, 1, 1 ;
0,8; -0.560313, -2.044523, 3.610663 / -0.560224, -2.043604, 3.611300 / -0.560402, -2.045442, 3.610026; 1, 43, 1, 0; 0.734197263064; 1, 0, 1; 2, 0, 0; 2, 1, 2 / 2, 10, 2 / 3, 6, 0 / 3, 7, 0 ;
0,8; -0.563009, -2.031779, 3.603324 / -0.563009, -2.031779, 3.603324 / -0.563009, -2.031779, 3.603324; 1, 43, 1, 0; 0.734231217239; 1, 0, 1; 1, 0, 0; 3, 1, 2 ;
0,8; -0.561017, -2.029735, 3.608210 / -0.561017, -2.029735, 3.608210 / -0.561017, -2.029735, 3.608210; 1, 43, 1, 0; 0.734233138800; 1, 0, 1; 1, 0, 0; 3, 1, 2 ;
0,8; -0.522382, -2.410988, 3.756291 / -0.522194, -2.410475, 3.756805 / -0.522570, -2.411501, 3.755777; 1, 45, 1, 0; 0.980707637567; 0, 3, 0; 2, 1, 0; 2, 7, 1 / 3, 2, 0 / 3, 3, 1 / 4, 1, 1 ;
1,9; -0.577608, -0.0978673, -1.67975 / -0.577608, -0.0978673, -1.67975 / -0.577608, -0.0978673, -1.67975; 1, 4, 1, 0; 0.915256547266; 1, 0, 1; 0, 1, 0; 1, 1, 2 ;
0,9; 0.078224, -0.476737, -1.597657 / 0.078224, -0.476737, -1.597657 / 0.078224, -0.476737, -1.597657; 1, 4, 1, 0; 0.965152016667; 1, 0, 1; 0, 1, 0; 4, 1, 2 ;
0,9; -0.185915, -0.323685, -1.631443 / -0.185915, -0.323685, -1.631443 / -0.185915, -0.323685, -1.631443; 1, 4, 1, 0; 0.967379678994; 0, 1, 0; 0, 1, 0; 1, 1, 1 ;
0,9; -0.353138, -0.225068, -1.654242 / -0.353138, -0.225068, -1.654242 / -0.353138, -0.225068, -1.654242; 1, 4, 1, 0; 0.915796229806; 1, 0, 1; 1, 0, 0; 2, 1, 2 ;
0,9; 0.095775, -0.485526, -1.593582 / 0.095775, -0.485526, -1.593582 / 0.095775, -0.485526, -1.593582; 1, 4, 1, 0; 0.965150070318; 1, 0, 1; 1, 0, 0; 2, 1, 2 ;
0,9; -2.495841, 1.049101, -1.924418 / -2.495658, 1.049598, -1.923977 / -2.496025, 1.048604, -1.924860; 1, 6, 1, 0; 0.415337129644; 2, 1, 1; 1, 1, 0; 2, 5, 2 / 4, 1, 1 ;
0,9; -3.077836, 1.336282, -1.970568 / -3.077423, 1.336823, -1.969959 / -3.078249, 1.335740, -1.971178; 1, 6, 1, 0; 0.430615315021; 2, 1, 1; 1, 1, 0; 2, 8, 1 / 4, 1, 2 ;
0,9; -3.703231, 1.719864, -2.055828 / -3.702604, 1.720516, -2.055248 / -3.703858, 1.719213, -2.056409; 1, 6, 1, 0; 0.461735854013; 0, 2, 0; 1, 1, 0; 3, 3, 0 / 3, 8, 1 / 4, 1, 1 ;
0,9; -3.498841, 1.587132, -2.037567 / -3.498800, 1.587502, -2.036372 / -3.498882, 1.586761, -2.038762; 1, 6, 1, 0; 0.462088421791; 1, 0, 2; 1, 1, 0; 1, 1, 2 / 3, 9, 2 ;
0,9; -2.506198, 1.049645, -1.924521 / -2.506198, 1.049645, -1.924521 / -2.506198, 1.049645, -1.924521; 1, 6, 1, 0; 0.415338163754; 1, 0, 1; 0, 1, 0; 4, 1, 2 ;
0,9; -2.509050, 1.051753, -1.925641 / -2.509050, 1.051753, -1.925641 / -2.509050, 1.051753, -1.925641; 1, 6, 1, 0; 0.415338781279; 1, 0, 1; 0, 1, 0; 1, 1, 2 ;
0,9; -3.689895, 1.715847, -2.055788 / -3.689895, 1.715847, -2.055788 / -3.689895, 1.715847, -2.055788; 1, 6, 1, 0; 0.461733859308; 0, 1, 0; 0, 1, 0; 1, 1, 1 ;
0,9; -1.046327, 0.172423, -1.736832 / -1.046327, 0.172423, -1.736832 / -1.046327, 0.172423, -1.736832; 1, 6, 1, 0; 0.752653477109; 0, 1, 0; 0, 1, 0; 4, 1, 1 ;
0,9; -2.492297, 1.046508, -1.923873 / -2.492297, 1.046508, -1.923873 / -2.492297, 1.046508, -1.923873; 1, 6, 1, 0; 0.415336595436; 1, 0, 1; 1, 0, 0; 3, 1, 2 ;
0,9; -2.486104, 1.053326, -1.920798 / -2.486104, 1.053326, -1.920798 / -2.486104, 1.053326, -1.920798; 1, 6, 1, 0; 0.415344299800; 1, 0, 1; 1, 0, 0; 3, 1, 2 ;
0,9; -3.065236, 1.340222, -1.979384 / -3.065236, 1.340222, -1.979384 / -3.065236, 1.340222, -1.979384; 1, 6, 1, 0; 0.430613638881; 1, 0, 1; 1, 0, 0; 2, 1, 2 ;
0,9; -3.522929, 1.713927, -2.033076 / -3.522929, 1.713927, -2.033076 / -3.522929, 1.713927, -2.033076; 1, 6, 1, 0; 0.461602630266; 1, 0, 1; 1, 0, 0; 3, 1, 2 ;
0,9; -3.696021, 1.710475, -2.074217 / -3.696021, 1.710475, -2.074217 / -3.696021, 1.710475, -2.074217; 1, 6, 1, 0; 0.461717171420; 1, 0, 1; 1, 0, 0; 2, 1, 2 ;
0,9; -3.703791, 1.717611, -2.057575 / -3.703791, 1.717611, -2.057575 / -3.703791, 1.717611, -2.057575; 1, 6, 1, 0; 0.461726787172; 0, 1, 0; 1, 0, 0; 3, 1, 1 ;
0,9; -3.608307, 1.646415, -2.051282 / -3.608307, 1.646415, -2.051282 / -3.608307, 1.646415, -2.051282; 1, 6, 1, 0; 0.462875506885; 0, 1, 0; 1, 0, 0; 3, 1, 1 / 4, 2, 0 ;
0,9; -3.413672, 1.681985, -2.011634 / -3.413672, 1.681985, -2.011634 / -3.413672, 1.681985, -2.011634; 1, 6, 1, 0; 0.463098325722; 1, 0, 1; 1, 0, 0; 2, 1, 2 ;
0,9; -0.976971, 0.128656, -1.717922 / -0.976971, 0.128656, -1.717922 / -0.976971, 0.128656, -1.717922; 1, 6, 1, 0; 0.754233851957; 1, 0, 1; 1, 0, 0; 2, 1, 2 ;
0,9; 1.120826, -1.068737, -1.449225 / 1.121342, -1.068317, -1.449216 / 1.120310, -1.069156, -1.449234; 1, 8, 1, 0; 0.737566372224; 2, 1, 1; 0, 2, 0; 1, 1, 1 / 1, 2, 2 ;
0,9; 2.470579, -1.866290, -1.326622 / 2.470790, -1.865933, -1.326479 / 2.470368, -1.866646, -1.326766; 1, 8, 1, 0; 0.631205249437; 0, 1, 0; 1, 1, 0; 2, 2, 1 / 2, 3, 0 / 3, 1, 0 / 4, 1, 3 ;
0,9; 1.121710, -1.066930, -1.449510 / 1.121921, -1.066848, -1.449133 / 1.121498, -1.067012, -1.449887; 1, 8, 1, 0; 0.737565753476; 2, 1, 1; 1, 1, 0; 1, 4, 1 / 1, 5, 0 / 1, 6, 0 / 3, 1, 2 ;
0,9; 3.489678, -2.459863, -1.213088 / 3.490310, -2.459802, -1.212811 / 3.489046, -2.459925, -1.213366; 1, 8, 1, 0; 0.826899684081; 2, 1, 1; 1, 1, 0; 1, 5, 2 / 3, 1, 1 ;
0,9; 3.465089, -2.455715, -1.232198 / 3.465104, -2.455357, -1.231903 / 3.465074, -2.456074, -1.232494; 1, 8, 1, 0; 0.826921687985; 2, 1, 1; 1, 1, 0; 1, 2, 1 / 2, 1, 2 ;
0,9; 2.583845, -1.920312, -1.324665 / 2.583845, -1.920312, -1.324665 / 2.583845, -1.920312, -1.324665; 1, 8, 1, 0; 0.628212928048; 1, 0, 1; 0, 1, 0; 1, 8, 0 / 4, 1, 2 ;
0,9; 2.470690, -1.866518, -1.327725 / 2.470790, -1.865933, -1.326766 / 2.470590, -1.867102, -1.328684; 1, 8, 1, 0; 0.631205254551; 1, 0, 1; 1, 1, 0; 1, 10, 2 / 2, 1, 1 / 2, 2, 0 ;
0,9; 1.473386, -1.262666, -1.413316 / 1.473386, -1.262666, -1.413316 / 1.473386, -1.262666, -1.413316; 1, 8, 1, 0; 0.709194098679; 0, 1, 0; 0, 1, 0; 1, 1, 1 / 1, 9, 0 / 2, 7, 0 / 4, 4, 0 ;
0,9; 1.474801, -1.271222, -1.421441 / 1.474801, -1.271222, -1.421441 / 1.474801, -1.271222, -1.421441; 1, 8, 1, 0; 0.709195198107; 1, 0, 1; 0, 1, 0; 1, 1, 2 ;
0,9; 3.498907, -2.463031, -1.211152 / 3.498907, -2.463031, -1.211152 / 3.498907, -2.463031, -1.211152; 1, 8, 1, 0; 0.826890617633; 1, 0, 1; 0, 1, 0; 1, 1, 2 ;
0,9; 3.467631, -2.453073, -1.226452 / 3.467631, -2.453073, -1.226452 / 3.467631, -2.453073, -1.226452; 1, 8, 1, 0; 0.826912902787; 1, 0, 1; 0, 1, 0; 4, 1, 2 ;
0,9; 3.471796, -2.448263, -1.216765 / 3.471796, -2.448263, -1.216765 / 3.471796, -2.448263, -1.216765; 1, 8, 1, 0; 0.826914922667; 1, 0, 1; 0, 1, 0; 1, 1, 2 / 4, 4, 0 ;
0,9; 3.464623, -2.457144, -1.233284 / 3.464798, -2.457011, -1.232752 / 3.464447, -2.457278, -1.233816; 1, 8, 1, 0; 0.826921621508; 0, 3, 0; 3, 0, 0; 1, 2, 0 / 1, 7, 0 / 2, 2, 0 / 2, 4, 1 / 2, 5, 1 / 3, 1, 1 / 3, 8, 0 / 3, 10, 0 / 4, 9, 0 ;
0,9; 2.197344, -1.707461, -1.356541 / 2.197533, -1.707130, -1.356434 / 2.197156, -1.707791, -1.356649; 1, 8, 1, 0; 0.674928736598; 1, 0, 2; 2, 0, 0; 2, 5, 2 / 3, 1, 2 ;
0,9; 1.104683, -1.071262, -1.479296 / 1.104823, -1.071245, -1.478947 / 1.104543, -1.071279, -1.479644; 1, 8, 1, 0; 0.737540226288; 2, 1, 1; 2, 0, 0; 2, 1, 1 / 2, 2, 2 ;
0,9; 2.577885, -1.919263, -1.319824 / 2.577885, -1.919263, -1.319824 / 2.577885, -1.919263, -1.319824; 1, 8, 1, 0; 0.628213372933; 1, 0, 1; 1, 0, 0; 2, 1, 2 ;
0,9; 2.582498, -1.921874, -1.321440 / 2.582498, -1.921874, -1.321440 / 2.582498, -1.921874, -1.321440; 1, 8, 1, 0; 0.628213490546; 0, 1, 0; 1, 0, 0; 2, 1, 1 ;
0,9; 2.186429, -1.701498, -1.355588 / 2.186429, -1.701498, -1.355588 / 2.186429, -1.701498, -1.355588; 1, 8, 1, 0; 0.674929503641; 1, 0, 1; 1, 0, 0; 2, 1, 2 ;
0,9; 1.888472, -1.534663, -1.394350 / 1.888472, -1.534663, -1.394350 / 1.888472, -1.534663, -1.394350; 1, 8, 1, 0; 0.703205073529; 1, 0, 1; 1, 0, 0; 1, 1, 0 / 1, 3, 0 / 2, 4, 0 / 3, 1, 2 ;
0,9; 1.886196, -1.537909, -1.393900 / 1.886196, -1.537909, -1.393900 / 1.886196, -1.537909, -1.393900; 1, 8, 1, 0; 0.703205687163; 0, 1, 0; 1, 0, 0; 3, 1, 1 / 4, 2, 0 ;
0,9; 1.884790, -1.539643, -1.401078 / 1.884790, -1.539643, -1.401078 / 1.884790, -1.539643, -1.401078; 1, 8, 1, 0; 0.703205988867; 1, 0, 1; 1, 0, 0; 2, 1, 2 ;
0,9; 1.480318, -1.268904, -1.417526 / 1.480318, -1.268904, -1.417526 / 1.480318, -1.268904, -1.417526; 1, 8, 1, 0; 0.709185727683; 1, 0, 1; 1, 0, 0; 3, 1, 2 ;
0,9; 1.122515, -1.066523, -1.473082 / 1.122515, -1.066523, -1.473082 / 1.122515, -1.066523, -1.473082; 1, 8, 1, 0; 0.737547380242; 1, 0, 1; 1, 0, 0; 2, 1, 2 ;
0,9; 1.101823, -1.071776, -1.475573 / 1.101823, -1.071776, -1.475573 / 1.101823, -1.071776, -1.475573; 1, 8, 1, 0; 0.737549778529; 1, 0, 1; 1, 0, 0; 2, 1, 2 ;
0,9; 3.506573, -2.466781, -1.214167 / 3.506573, -2.466781, -1.214167 / 3.506573, -2.466781, -1.214167; 1, 8, 1, 0; 0.826891215927; 1, 0, 1; 1, 0, 0; 2, 1, 2 ;
0,9; 3.468749, -2.459556, -1.229508 / 3.468749, -2.459556, -1.229508 / 3.468749, -2.459556, -1.229508; 1, 8, 1, 0; 0.826912053926; 1, 0, 1; 1, 0, 0; 3, 1, 2 ;
0,9; 3.464548, -2.444979, -1.216652 / 3.464548, -2.444979, -1.216652 / 3.464548, -2.444979, -1.216652; 1, 8, 1, 0; 0.826915096530; 1, 0, 1; 1, 0, 0; 3, 1, 2 ;
0,9; 3.460092, -2.450558, -1.224783 / 3.460092, -2.450558, -1.224783 / 3.460092, -2.450558, -1.224783; 1, 8, 1, 0; 0.826922587982; 1, 0, 1; 1, 0, 0; 3, 1, 2 ;
0,9; 0.325707, -0.253198, -1.065324 / 0.325968, -0.252667, -1.065152 / 0.325447, -0.253729, -1.065497; 1, 11, 1, 0; 0.696870654298; 2, 2, 1; 1, 2, 1; 1, 5, 1 / 1, 6, 0 / 2, 5, 2 / 4, 1, 1 ;
0,9; 0.335880, -0.214809, -1.053624 / 0.336125, -0.214235, -1.053182 / 0.335635, -0.215383, -1.054065; 1, 11, 1, 0; 0.696905477129; 2, 1, 2; 1, 2, 1; 1, 4, 1 / 3, 3, 2 / 4, 1, 2 ;
0,9; 0.324532, -0.258543, -1.068419 / 0.324532, -0.258543, -1.068419 / 0.324532, -0.258543, -1.068419; 1, 11, 1, 0; 0.696870482645; 0, 1, 0; 0, 1, 0; 4, 1, 1 ;
0,9; 0.322115, -0.303084, -1.177545 / 0.322115, -0.303084, -1.177545 / 0.322115, -0.303084, -1.177545; 1, 11, 1, 0; 0.696963810805; 1, 0, 1; 0, 1, 0; 4, 1, 2 ;
0,9; 0.525048, -0.695387, -1.427985 / 0.525170, -0.694673, -1.426909 / 0.524926, -0.696100, -1.429062; 1, 11, 1, 0; 0.501156414358; 2, 1, 1; 2, 0, 0; 1, 10, 0 / 2, 1, 2 / 2, 10, 1 ;
0,9; 0.524664, -0.695351, -1.429700 / 0.524926, -0.694601, -1.429062 / 0.524402, -0.696100, -1.430338; 1, 11, 1, 0; 0.501156465855; 0, 1, 0; 2, 0, 0; 1, 1, 0 / 2, 1, 1 / 2, 3, 1 ;
0,9; 0.531258, -0.698456, -1.431608 / 0.531258, -0.698456, -1.431608 / 0.531258, -0.698456, -1.431608; 1, 11, 1, 0; 0.501157404229; 0, 1, 0; 1, 0, 0; 3, 1, 1 / 3, 2, 0 ;
0,9; 0.329055, -0.257641, -1.067970 / 0.329055, -0.257641, -1.067970 / 0.329055, -0.257641, -1.067970; 1, 11, 1, 0; 0.696871243643; 1, 0, 1; 1, 0, 0; 3, 1, 2 ;
0,9; 0.339821, -0.216778, -1.056776 / 0.339821, -0.216778, -1.056776 / 0.339821, -0.216778, -1.056776; 1, 11, 1, 0; 0.696904653191; 0, 1, 0; 1, 0, 0; 2, 1, 1 ;
0,9; 0.336450, -0.208681, -1.056369 / 0.336450, -0.208681, -1.056369 / 0.336450, -0.208681, -1.056369; 1, 11, 1, 0; 0.696904939280; 1, 0, 1; 1, 0, 0; 2, 1, 2 ;
0,9; 0.330883, -0.213449, -1.048600 / 0.330883, -0.213449, -1.048600 / 0.330883, -0.213449, -1.048600; 1, 11, 1, 0; 0.696906466999; 1, 0, 1; 1, 0, 0; 3, 1, 2 ;
