1,0; 1.68, -3.40394, -0.995638 / 1.68, -3.40394, -0.995638 / 1.68, -3.40394, -0.995638; 1, 8, 1, 0; 0.941263023110; 1, 0, 1; 0, 1, 0; 1, 1, 2 ;
0,0; 1.926527, -3.297975, -0.714922 / 1.926527, -3.297975, -0.714922 / 1.926527, -3.297975, -0.714922; 1, 15, 1, 0; 0.032290226791; 0, 1, 0; 1, 0, 0; 2, 1, 1 ;
1,1; 1.60532, 3.32182, -2.66172 / 1.60532, 3.32182, -2.66172 / 1.60532, 3.32182, -2.66172; 1, 4, 1, 0; 0.197273915304; 0, 1, 0; 1, 0, 0; 2, 1, 1 ;
1,2; -1.20523, -3.54431, -1.15047 / -1.20523, -3.54431, -1.15047 / -1.20523, -3.54431, -1.15047; 1, 9, 1, 0; 0.305241463694; 1, 0, 1; 1, 0, 0; 2, 1, 2 ;
1,3; 0.541431, 1.75518, -1.73184 / 0.541431, 1.75518, -1.73184 / 0.541431, 1.75518, -1.73184; 1, 7, 1, 0; 0.031405314687; 1, 0, 1; 0, 1, 0; 1, 1, 2 ;
0,3; 0.627881, 1.734474, -1.709270 / 0.627881, 1.734474, -1.709270 / 0.627881, 1.734474, -1.709270; 1, 7, 1, 0; 0.028425726211; 1, 0, 1; 1, 0, 0; 3, 1, 2 ;
1,4; -1.6676, -3.41321, -1.42567 / -1.66703, -3.41288, -1.42512 / -1.66816, -3.41354, -1.42623; 1, 9, 1, 0; 0.254479208570; 1, 0, 2; 2, 0, 0; 2, 1, 2 / 2, 6, 2 / 3, 5, 0 ;
1,5; 2.43399, 3.80743, -0.464427 / 2.43399, 3.80743, -0.464427 / 2.43399, 3.80743, -0.464427; 1, 13, 1, 0; 0.670306933155; 1, 0, 1; 1, 0, 0; 2, 1, 2 ;
0,5; 0.290599, 4.163494, 1.412265 / 0.290599, 4.163494, 1.412265 / 0.290599, 4.163494, 1.412265; 1, 31, 1, 0; 0.078308514763; 0, 0, 0; 0, 1, 0; 4, 1, 3 ;
0,5; 0.286366, 4.162737, 1.413512 / 0.286753, 4.162929, 1.413974 / 0.285979, 4.162545, 1.413051; 1, 31, 1, 0; 0.078307071695; 0, 3, 0; 3, 0, 0; 2, 5, 1 / 3, 1, 1 / 3, 9, 1 ;
0,5; 0.291116, 4.161588, 1.414734 / 0.291116, 4.161588, 1.414734 / 0.291116, 4.161588, 1.414734; 1, 31, 1, 0; 0.078308646953; 1, 0, 1; 1, 0, 0; 2, 1, 2 ;
1,6; 2.10435, -0.642094, 0.136493 / 2.10435, -0.642094, 0.136493 / 2.10435, -0.642094, 0.136493; 1, 16, 1, 0; 0.815152988513; 1, 0, 1; 1, 0, 0; 3, 1, 2 ;
1,7; 0.764249, -0.0931078, -4.04271 / 0.764735, -0.0927817, -4.04221 / 0.763762, -0.0934339, -4.04322; 1, 1, 1, 0; 0.196105464214; 0, 3, 0; 2, 1, 0; 2, 7, 1 / 3, 3, 1 / 4, 1, 1 ;
0,7; 0.748423, -0.132041, -3.989827 / 0.748423, -0.132041, -3.989827 / 0.748423, -0.132041, -3.989827; 1, 1, 1, 0; 0.461484590813; 0, 1, 0; 1, 0, 0; 2, 1, 1 ;
0,7; 0.328702, -1.075282, -2.736599 / 0.328730, -1.075051, -2.735753 / 0.328675, -1.075512, -2.737445; 1, 3, 1, 0; 0.603543651801; 1, 0, 2; 2, 0, 0; 3, 1, 2 / 3, 8, 2 ;
0,7; -0.025527, -1.876753, -1.679626 / -0.025527, -1.876753, -1.679626 / -0.025527, -1.876753, -1.679626; 1, 8, 1, 0; 0.227702742230; 1, 0, 1; 1, 0, 0; 2, 1, 2 ;
0,7; -0.289490, -2.471554, -0.882453 / -0.289490, -2.471554, -0.882453 / -0.289490, -2.471554, -0.882453; 1, 9, 1, 0; 0.532441492675; 1, 0, 1; 0, 1, 0; 1, 1, 2 ;
1,8; -0.768061, -2.22287, -3.92093 / -0.768061, -2.22287, -3.92093 / -0.768061, -2.22287, -3.92093; 1, 1, 1, 0; 0.307982594161; 1, 0, 1; 0, 1, 0; 1, 1, 2 ;
0,8; -0.841057, -2.227209, -3.821696 / -0.841057, -2.227209, -3.821696 / -0.841057, -2.227209, -3.821696; 1, 1, 1, 0; 0.308051915331; 0, 1, 0; 0, 1, 0; 2, 6, 0 / 4, 1, 1 ;
0,8; -0.842296, -2.225504, -3.822199 / -0.842296, -2.225504, -3.822199 / -0.842296, -2.225504, -3.822199; 1, 1, 1, 0; 0.308052378105; 0, 1, 0; 0, 1, 0; 1, 1, 1 ;
0,8; -0.848054, -2.228302, -3.810473 / -0.848054, -2.228302, -3.810473 / -0.848054, -2.228302, -3.810473; 1, 1, 1, 0; 0.308059347402; 1, 0, 1; 0, 1, 0; 4, 1, 2 ;
0,8; -3.064419, -2.306845, -0.845553 / -3.064419, -2.306845, -0.845553 / -3.064419, -2.306845, -0.845553; 1, 9, 1, 0; 0.552948118206; 1, 0, 1; 1, 0, 0; 1, 5, 0 / 3, 1, 2 ;
0,8; -3.371701, -2.321830, -0.433848 / -3.371701, -2.321830, -0.433848 / -3.371701, -2.321830, -0.433848; 1, 9, 1, 0; 0.995738091994; 1, 0, 1; 1, 0, 0; 2, 1, 2 ;
0,8; -3.373561, -2.321358, -0.431306 / -3.373561, -2.321358, -0.431306 / -3.373561, -2.321358, -0.431306; 1, 9, 1, 0; 0.995738740814; 1, 0, 1; 1, 0, 0; 2, 1, 2 ;
1,9; -0.171915, 0.825518, 1.52513 / -0.171607, 0.826178, 1.52566 / -0.172223, 0.824857, 1.52461; 1, 26, 1, 0; 0.875906819253; 2, 1, 1; 1, 1, 0; 2, 7, 1 / 4, 1, 2 ;
