1,0; -0.12431, 1.71448, -0.872371 / -0.12431, 1.71448, -0.872371 / -0.12431, 1.71448, -0.872371; 1, 7, 1, 0; 0.937105343630; 0, 1, 0; 1, 0, 0; 3, 1, 1 / 4, 2, 0 ;
0,0; -0.215670, 1.742593, -0.905600 / -0.215670, 1.742593, -0.905600 / -0.215670, 1.742593, -0.905600; 1, 7, 1, 0; 0.937216186447; 1, 0, 1; 1, 0, 0; 3, 1, 2 ;
0,0; 2.001593, 1.050006, -0.064888 / 2.001593, 1.050006, -0.064888 / 2.001593, 1.050006, -0.064888; 1, 13, 1, 0; 0.887341904836; 0, 1, 0; 1, 0, 0; 2, 1, 1 ;
0,0; 3.398788, 0.608336, 0.466027 / 3.399181, 0.608438, 0.466902 / 3.398395, 0.608234, 0.465151; 1, 19, 1, 0; 0.671670144885; 2, 1, 2; 2, 1, 0; 1, 1, 0 / 1, 6, 0 / 2, 1, 1 / 3, 10, 2 / 4, 4, 2 ;
0,0; 3.398600, 0.608284, 0.467672 / 3.399181, 0.608374, 0.468442 / 3.398019, 0.608194, 0.466902; 1, 19, 1, 0; 0.671670094266; 0, 1, 0; 1, 1, 0; 1, 1, 1 / 1, 4, 0 / 1, 8, 0 / 2, 8, 1 ;
0,0; 3.393509, 0.607118, 0.471544 / 3.393509, 0.607118, 0.471544 / 3.393509, 0.607118, 0.471544; 1, 19, 1, 0; 0.671669920717; 1, 0, 1; 1, 0, 0; 2, 1, 2 ;
0,0; 3.398241, 0.608247, 0.465779 / 3.398453, 0.608438, 0.466406 / 3.398030, 0.608056, 0.465151; 1, 19, 1, 0; 0.671670166578; 0, 1, 0; 2, 1, 0; 1, 3, 0 / 3, 7, 2 / 3, 8, 1 / 4, 1, 2 ;
0,0; 3.391419, 0.610835, 0.474249 / 3.391419, 0.610835, 0.474249 / 3.391419, 0.610835, 0.474249; 1, 19, 1, 0; 0.671682343957; 1, 0, 1; 1, 0, 0; 2, 1, 2 ;
1,1; -0.510525, 0.411211, -2.97597 / -0.510525, 0.411211, -2.97597 / -0.510525, 0.411211, -2.97597; 1, 2, 1, 0; 0.600072259982; 1, 0, 1; 1, 0, 0; 2, 1, 2 ;
0,1; -1.591542, -0.528561, -2.331919 / -1.591542, -0.528561, -2.331919 / -1.591542, -0.528561, -2.331919; 1, 5, 1, 0; 0.406909417850; 1, 0, 1; 0, 1, 0; 1, 1, 2 ;
0,1; -1.630108, -0.555272, -2.312107 / -1.630108, -0.555272, -2.312107 / -1.630108, -0.555272, -2.312107; 1, 5, 1, 0; 0.405978145483; 1, 0, 1; 1, 0, 0; 1, 10, 0 / 2, 1, 2 ;
0,1; -1.625925, -0.557710, -2.312529 / -1.625925, -0.557710, -2.312529 / -1.625925, -0.557710, -2.312529; 1, 5, 1, 0; 0.405978792414; 1, 0, 1; 1, 0, 0; 3, 1, 2 ;
0,1; -3.685539, -2.292559, -1.144903 / -3.685539, -2.292559, -1.144903 / -3.685539, -2.292559, -1.144903; 1, 9, 1, 0; 0.362588634191; 1, 0, 1; 1, 0, 0; 3, 1, 2 ;
0,1; -3.820110, -2.410051, -1.070328 / -3.820110, -2.410051, -1.070328 / -3.820110, -2.410051, -1.070328; 1, 10, 1, 0; 0.076326555329; 1, 0, 1; 1, 0, 0; 2, 1, 2 ;
1,2; 2.61234, 1.52305, -1.69397 / 2.61234, 1.52305, -1.69397 / 2.61234, 1.52305, -1.69397; 1, 11, 1, 0; 0.133237676403; 1, 0, 1; 1, 0, 0; 2, 1, 2 ;
0,2; 2.848590, 1.148186, -0.822692 / 2.848590, 1.148186, -0.822692 / 2.848590, 1.148186, -0.822692; 1, 12, 1, 0; 0.350489362043; 1, 0, 1; 1, 0, 0; 3, 1, 2 ;
0,2; 3.413361, 0.190756, 1.314181 / 3.413361, 0.190756, 1.314181 / 3.413361, 0.190756, 1.314181; 1, 26, 1, 0; 0.923939231066; 1, 0, 1; 0, 1, 0; 4, 1, 2 ;
1,3; 2.20718, 0.730494, 2.39024 / 2.20718, 0.730494, 2.39024 / 2.20718, 0.730494, 2.39024; 1, 31, 1, 0; 0.786766007041; 1, 0, 1; 1, 0, 0; 2, 1, 2 ;
1,4; 2.63797, -0.443913, 3.47805 / 2.63797, -0.443913, 3.47805 / 2.63797, -0.443913, 3.47805; 1, 44, 1, 0; 0.428664693600; 1, 0, 1; 1, 0, 0; 2, 1, 2 ;
0,4; 2.404949, -0.680013, 3.854125 / 2.404949, -0.680013, 3.854125 / 2.404949, -0.680013, 3.854125; 1, 46, 1, 0; 0.108597264935; 1, 0, 1; 1, 0, 0; 2, 1, 2 ;
1,5; 2.5172, 1.32522, 2.39047 / 2.5172, 1.32522, 2.39047 / 2.5172, 1.32522, 2.39047; 1, 31, 1, 0; 0.623175036462; 1, 0, 1; 1, 0, 0; 3, 1, 2 ;
1,6; -2.83271, 1.02477, 0.210073 / -2.83271, 1.02477, 0.210073 / -2.83271, 1.02477, 0.210073; 1, 14, 1, 0; 0.782622032811; 1, 0, 1; 1, 0, 0; 2, 1, 2 ;
0,6; -0.332338, 1.822861, 0.196267 / -0.332338, 1.822861, 0.196267 / -0.332338, 1.822861, 0.196267; 1, 17, 1, 0; 0.641949503277; 0, 1, 0; 1, 0, 0; 1, 3, 0 / 1, 4, 0 / 2, 1, 1 / 4, 6, 0 ;
0,6; 3.228919, 2.967225, 0.337372 / 3.228919, 2.967225, 0.337372 / 3.228919, 2.967225, 0.337372; 1, 20, 1, 0; 0.518528598039; 1, 0, 1; 0, 1, 0; 1, 1, 2 ;
0,6; 1.354645, 2.356428, 0.300361 / 1.354645, 2.356428, 0.300361 / 1.354645, 2.356428, 0.300361; 1, 20, 1, 0; 0.257263437781; 1, 0, 1; 1, 0, 0; 3, 1, 2 ;
1,7; -0.514147, -2.60229, -0.592259 / -0.513929, -2.60153, -0.591716 / -0.514365, -2.60306, -0.592802; 1, 9, 1, 0; 0.968011329475; 2, 1, 1; 2, 1, 0; 1, 1, 2 / 2, 2, 1 / 3, 1, 3 / 4, 1, 0 ;
0,7; 0.121813, -3.540667, 0.640229 / 0.121813, -3.540667, 0.640229 / 0.121813, -3.540667, 0.640229; 1, 18, 1, 0; 0.719069944399; 1, 0, 1; 1, 0, 0; 2, 1, 2 ;
1,8; -1.20714, -1.40095, -3.52228 / -1.20714, -1.40095, -3.52228 / -1.20714, -1.40095, -3.52228; 1, 1, 1, 0; 0.860976876331; 1, 0, 1; 1, 0, 0; 3, 1, 2 ;
0,8; -1.132998, -1.464485, -2.614506 / -1.132758, -1.464142, -2.614219 / -1.133237, -1.464829, -2.614793; 1, 5, 1, 0; 0.354804616933; 1, 0, 1; 2, 0, 0; 3, 1, 3 / 3, 5, 2 ;
0,8; -1.067679, -1.522407, -1.793757 / -1.067679, -1.522407, -1.793757 / -1.067679, -1.522407, -1.793757; 1, 6, 1, 0; 0.886115613492; 1, 0, 1; 1, 0, 0; 2, 1, 2 ;
0,8; -1.066849, -1.522049, -1.743822 / -1.066849, -1.522049, -1.743822 / -1.066849, -1.522049, -1.743822; 1, 6, 1, 0; 0.886150792834; 1, 0, 1; 1, 0, 0; 3, 1, 2 ;
0,8; -0.919821, -1.667619, 0.145916 / -0.919821, -1.667619, 0.145916 / -0.919821, -1.667619, 0.145916; 1, 15, 1, 0; 0.636659869112; 1, 0, 1; 1, 0, 0; 2, 1, 2 ;
1,9; -1.18632, -1.33555, -3.5366 / -1.18632, -1.33555, -3.5366 / -1.18632, -1.33555, -3.5366; 1, 1, 1, 0; 0.861450681741; 1, 0, 1; 0, 1, 0; 4, 1, 2 ;
0,9; -1.339488, -0.878467, -2.689752 / -1.339488, -0.878467, -2.689752 / -1.339488, -0.878467, -2.689752; 1, 2, 1, 0; 0.983644665521; 1, 0, 1; 0, 1, 0; 1, 1, 2 ;
0,9; -1.300411, -0.986463, -2.893922 / -1.300411, -0.986463, -2.893922 / -1.300411, -0.986463, -2.893922; 1, 5, 1, 0; 0.105047402424; 1, 0, 1; 1, 0, 0; 2, 1, 2 ;
0,9; -1.561051, -0.161374, -1.379644 / -1.561051, -0.161374, -1.379644 / -1.561051, -0.161374, -1.379644; 1, 6, 1, 0; 0.982856584144; 0, 1, 0; 1, 0, 0; 1, 10, 0 / 2, 1, 1 / 2, 9, 0 ;
0,9; -2.231930, 1.828144, 2.281713 / -2.231930, 1.828144, 2.281713 / -2.231930, 1.828144, 2.281713; 1, 37, 1, 0; 0.129448572408; 1, 0, 1; 0, 1, 0; 1, 1, 2 ;
0,9; -2.231674, 1.839990, 2.289497 / -2.231674, 1.839990, 2.289497 / -2.231674, 1.839990, 2.289497; 1, 37, 1, 0; 0.129452414629; 1, 0, 1; 0, 1, 0; 1, 1, 2 ;
0,9; -2.239611, 1.843482, 2.289305 / -2.239611, 1.843482, 2.289305 / -2.239611, 1.843482, 2.289305; 1, 37, 1, 0; 0.129481422632; 1, 0, 1; 0, 1, 0; 4, 1, 2 ;
0,9; -2.227877, 1.829368, 2.282508 / -2.227877, 1.829368, 2.282508 / -2.227877, 1.829368, 2.282508; 1, 37, 1, 0; 0.129448817331; 1, 0, 1; 1, 0, 0; 2, 1, 2 ;
