1,0; -0.458371, -3.58961, -1.41344 / -0.458228, -3.58924, -1.41305 / -0.458513, -3.58999, -1.41383; 1, 8, 1, 0; 0.472496724727; 0, 2, 0; 1, 1, 0; 2, 3, 1 / 4, 1, 1 ;
0,0; -0.642652, -3.117095, -1.656359 / -0.642652, -3.117095, -1.656359 / -0.642652, -3.117095, -1.656359; 1, 8, 1, 0; 0.347026292186; 1, 0, 1; 0, 1, 0; 1, 1, 2 ;
0,0; -0.646886, -3.108705, -1.655886 / -0.646886, -3.108705, -1.655886 / -0.646886, -3.108705, -1.655886; 1, 8, 1, 0; 0.347027754681; 1, 0, 1; 0, 1, 0; 4, 1, 2 ;
0,0; -0.649521, -3.105184, -1.656774 / -0.649180, -3.105044, -1.656562 / -0.649862, -3.105325, -1.656986; 1, 8, 1, 0; 0.347028266043; 2, 1, 1; 2, 0, 0; 2, 1, 2 / 3, 2, 1 / 4, 2, 0 ;
0,0; -0.635611, -3.120184, -1.654102 / -0.635611, -3.120184, -1.654102 / -0.635611, -3.120184, -1.654102; 1, 8, 1, 0; 0.347024850145; 1, 0, 1; 1, 0, 0; 3, 1, 2 ;
0,0; -0.643982, -3.108253, -1.655215 / -0.643982, -3.108253, -1.655215 / -0.643982, -3.108253, -1.655215; 1, 8, 1, 0; 0.347028414338; 0, 1, 0; 1, 0, 0; 2, 1, 1 ;
0,0; -0.535672, -3.502351, -1.476491 / -0.535672, -3.502351, -1.476491 / -0.535672, -3.502351, -1.476491; 1, 8, 1, 0; 0.471720727852; 1, 0, 1; 1, 0, 0; 2, 1, 2 ;
0,0; -0.453979, -3.593603, -1.408289 / -0.453979, -3.593603, -1.408289 / -0.453979, -3.593603, -1.408289; 1, 8, 1, 0; 0.472496423023; 1, 0, 1; 1, 0, 0; 3, 1, 2 ;
0,0; -0.461713, -3.589650, -1.417083 / -0.461713, -3.589650, -1.417083 / -0.461713, -3.589650, -1.417083; 1, 8, 1, 0; 0.472497425293; 0, 1, 0; 1, 0, 0; 2, 1, 1 ;
0,0; -0.458925, -3.651494, -1.168628 / -0.458925, -3.651494, -1.168628 / -0.458925, -3.651494, -1.168628; 1, 8, 1, 0; 0.924717099228; 1, 0, 1; 1, 0, 0; 3, 1, 2 ;
0,0; -0.474586, -3.648806, -1.168292 / -0.474586, -3.648806, -1.168292 / -0.474586, -3.648806, -1.168292; 1, 8, 1, 0; 0.924735073600; 1, 0, 1; 1, 0, 0; 2, 1, 2 ;
0,0; -0.670070, -3.412018, -0.799520 / -0.670070, -3.412018, -0.799520 / -0.670070, -3.412018, -0.799520; 1, 9, 1, 0; 0.687917656117; 1, 0, 1; 1, 0, 0; 3, 1, 2 ;
1,1; 3.6937, 0.738048, -2.00898 / 3.6937, 0.738048, -2.00898 / 3.6937, 0.738048, -2.00898; 1, 4, 1, 0; 0.649148164267; 1, 0, 1; 1, 0, 0; 2, 1, 2 ;
0,1; 4.386911, -0.236251, -0.788201 / 4.386911, -0.236251, -0.788201 / 4.386911, -0.236251, -0.788201; 1, 12, 1, 0; 0.476558467567; 1, 0, 1; 0, 1, 0; 4, 1, 2 ;
0,1; 4.212659, 0.013648, -1.096557 / 4.212659, 0.013648, -1.096557 / 4.212659, 0.013648, -1.096557; 1, 12, 1, 0; 0.170496891922; 1, 0, 1; 1, 0, 0; 3, 1, 2 ;
0,1; 4.386303, -0.236163, -0.794653 / 4.386303, -0.236163, -0.794653 / 4.386303, -0.236163, -0.794653; 1, 12, 1, 0; 0.476548071069; 1, 0, 1; 1, 0, 0; 2, 1, 2 ;
1,2; 0.204063, 2.84534, 2.02742 / 0.204063, 2.84534, 2.02742 / 0.204063, 2.84534, 2.02742; 1, 30, 1, 0; 0.976356690864; 1, 0, 1; 1, 0, 0; 3, 1, 2 ;
0,2; -0.663185, -1.284694, 2.971809 / -0.663185, -1.284694, 2.971809 / -0.663185, -1.284694, 2.971809; 1, 35, 1, 0; 0.368968730597; 1, 0, 1; 1, 0, 0; 2, 1, 2 ;
1,3; 1.61078, 3.20553, 1.14615 / 1.61151, 3.20609, 1.14659 / 1.61004, 3.20498, 1.1457; 1, 26, 1, 0; 0.466786764391; 2, 2, 1; 2, 1, 0; 3, 1, 1 / 3, 9, 1 / 4, 2, 2 ;
0,3; 1.880214, 3.720212, 0.674885 / 1.880214, 3.720212, 0.674885 / 1.880214, 3.720212, 0.674885; 1, 26, 1, 0; 0.047812481248; 0, 1, 0; 0, 1, 0; 1, 1, 1 ;
0,3; 1.004163, 2.045139, 2.199070 / 1.004163, 2.045139, 2.199070 / 1.004163, 2.045139, 2.199070; 1, 31, 1, 0; 0.486267597721; 0, 1, 0; 1, 0, 0; 3, 1, 1 ;
0,3; -0.222846, -0.289059, 4.339056 / -0.222846, -0.289059, 4.339056 / -0.222846, -0.289059, 4.339056; 1, 46, 1, 0; 0.917432972711; 1, 0, 1; 0, 1, 0; 1, 1, 2 ;
0,3; -0.225338, -0.287513, 4.341309 / -0.225338, -0.287513, 4.341309 / -0.225338, -0.287513, 4.341309; 1, 46, 1, 0; 0.917433118072; 1, 0, 1; 0, 1, 0; 1, 1, 2 ;
0,3; -0.096041, -0.047432, 4.114047 / -0.096041, -0.047432, 4.114047 / -0.096041, -0.047432, 4.114047; 1, 46, 1, 0; 0.690453943901; 0, 1, 0; 1, 0, 0; 2, 1, 1 ;
0,3; -0.099907, -0.057920, 4.123307 / -0.099907, -0.057920, 4.123307 / -0.099907, -0.057920, 4.123307; 1, 46, 1, 0; 0.690457704330; 1, 0, 1; 1, 0, 0; 2, 1, 2 ;
0,3; -0.165999, -0.180544, 4.238787 / -0.165999, -0.180544, 4.238787 / -0.165999, -0.180544, 4.238787; 1, 46, 1, 0; 0.691268693127; 1, 0, 1; 1, 0, 0; 3, 1, 2 ;
0,3; -0.226010, -0.299008, 4.348927 / -0.226010, -0.299008, 4.348927 / -0.226010, -0.299008, 4.348927; 1, 46, 1, 0; 0.917430248770; 1, 0, 1; 1, 0, 0; 2, 1, 2 ;
1,4; -3.27961, -1.69632, 0.608995 / -3.27961, -1.69632, 0.608995 / -3.27961, -1.69632, 0.608995; 1, 21, 1, 0; 0.224874185831; 1, 0, 1; 0, 1, 0; 1, 1, 2 ;
0,4; -4.280851, -1.634966, 0.114448 / -4.280536, -1.634871, 0.114695 / -4.281166, -1.635061, 0.114201; 1, 21, 1, 0; 0.010507556708; 1, 0, 2; 2, 0, 0; 1, 5, 0 / 2, 1, 2 / 3, 1, 2 ;
0,4; -3.277259, -1.694715, 0.606080 / -3.277259, -1.694715, 0.606080 / -3.277259, -1.694715, 0.606080; 1, 21, 1, 0; 0.224874331348; 1, 0, 1; 1, 0, 0; 3, 1, 2 ;
0,4; -2.374578, -1.751772, 1.055448 / -2.374578, -1.751772, 1.055448 / -2.374578, -1.751772, 1.055448; 1, 21, 1, 0; 0.681009285452; 1, 0, 1; 1, 0, 0; 3, 1, 2 ;
1,5; 1.30176, -1.8216, -3.3818 / 1.30176, -1.8216, -3.3818 / 1.30176, -1.8216, -3.3818; 1, 3, 1, 0; 0.111466527239; 0, 1, 0; 0, 1, 0; 4, 1, 1 ;
0,5; 1.299380, -1.823427, -3.385261 / 1.299773, -1.823393, -3.385035 / 1.298987, -1.823461, -3.385487; 1, 3, 1, 0; 0.111465983228; 2, 1, 1; 2, 0, 0; 2, 1, 1 / 3, 1, 2 / 4, 4, 0 ;
0,5; 1.295273, -1.824383, -3.377809 / 1.295332, -1.823753, -3.377638 / 1.295214, -1.825013, -3.377981; 1, 3, 1, 0; 0.111473986226; 1, 0, 2; 2, 0, 0; 2, 1, 2 / 2, 10, 2 ;
0,5; 1.301788, -1.829405, -3.386354 / 1.301788, -1.829405, -3.386354 / 1.301788, -1.829405, -3.386354; 1, 3, 1, 0; 0.111465874426; 1, 0, 1; 1, 0, 0; 2, 1, 2 ;
0,5; 1.300195, -1.826522, -3.382022 / 1.300195, -1.826522, -3.382022 / 1.300195, -1.826522, -3.382022; 1, 3, 1, 0; 0.111466418437; 1, 0, 1; 1, 0, 0; 2, 1, 2 / 3, 3, 0 ;
0,5; 1.297202, -1.825206, -3.389097 / 1.297202, -1.825206, -3.389097 / 1.297202, -1.825206, -3.389097; 1, 3, 1, 0; 0.111472869998; 1, 0, 1; 1, 0, 0; 1, 8, 0 / 2, 1, 2 ;
0,5; 1.296715, -1.825155, -3.383435 / 1.296715, -1.825155, -3.383435 / 1.296715, -1.825155, -3.383435; 1, 3, 1, 0; 0.111473438186; 1, 0, 1; 1, 0, 0; 3, 1, 2 ;
0,5; 0.861045, -0.680234, -2.353253 / 0.861045, -0.680234, -2.353253 / 0.861045, -0.680234, -2.353253; 1, 3, 1, 0; 0.809405759257; 0, 0, 0; 1, 0, 0; 2, 1, 3 ;
0,5; 0.858109, -0.675516, -2.352581 / 0.858109, -0.675516, -2.352581 / 0.858109, -0.675516, -2.352581; 1, 3, 1, 0; 0.809406335505; 1, 0, 1; 1, 0, 0; 3, 1, 2 ;
0,5; 0.035221, 1.421007, -0.498437 / 0.035221, 1.421007, -0.498437 / 0.035221, 1.421007, -0.498437; 1, 13, 1, 0; 0.415397670688; 1, 0, 1; 0, 1, 0; 4, 1, 2 ;
0,5; -0.100441, 1.767819, -0.190306 / -0.100441, 1.767819, -0.190306 / -0.100441, 1.767819, -0.190306; 1, 13, 1, 0; 0.815864031573; 1, 0, 1; 0, 1, 0; 1, 1, 2 ;
0,5; 0.024403, 1.430961, -0.490647 / 0.024403, 1.430961, -0.490647 / 0.024403, 1.430961, -0.490647; 1, 13, 1, 0; 0.415407032497; 1, 0, 1; 1, 0, 0; 2, 1, 2 ;
0,5; -0.101952, 1.765683, -0.190403 / -0.101952, 1.765683, -0.190403 / -0.101952, 1.765683, -0.190403; 1, 13, 1, 0; 0.815863286814; 1, 0, 1; 1, 0, 0; 2, 1, 2 ;
0,5; -0.554622, 2.921366, 0.829537 / -0.554622, 2.921366, 0.829537 / -0.554622, 2.921366, 0.829537; 1, 25, 1, 0; 0.528633269041; 1, 0, 1; 0, 1, 0; 4, 1, 2 ;
0,5; -0.552009, 2.921522, 0.830874 / -0.552009, 2.921522, 0.830874 / -0.552009, 2.921522, 0.830874; 1, 25, 1, 0; 0.528634366294; 1, 0, 1; 1, 0, 0; 2, 1, 2 ;
1,6; 0.0807327, 1.65085, 2.38625 / 0.0807327, 1.65085, 2.38625 / 0.0807327, 1.65085, 2.38625; 1, 31, 1, 0; 0.554559434582; 0, 1, 0; 0, 1, 0; 1, 1, 1 ;
0,6; 0.280822, 0.904802, 2.400681 / 0.280822, 0.904802, 2.400681 / 0.280822, 0.904802, 2.400681; 1, 31, 1, 0; 0.808374047685; 0, 1, 0; 0, 1, 0; 1, 1, 1 / 2, 1, 0 ;
1,7; 3.76918, 0.683645, -2.29328 / 3.76918, 0.683645, -2.29328 / 3.76918, 0.683645, -2.29328; 1, 4, 1, 0; 0.455307502911; 1, 0, 1; 0, 1, 0; 1, 1, 2 / 4, 5, 0 ;
0,7; 3.766850, 0.682560, -2.292087 / 3.766879, 0.682716, -2.291443 / 3.766822, 0.682405, -2.292730; 1, 4, 1, 0; 0.455307023376; 1, 0, 2; 2, 0, 0; 2, 6, 2 / 3, 1, 2 ;
0,7; 3.767155, 0.687218, -2.288811 / 3.767155, 0.687218, -2.288811 / 3.767155, 0.687218, -2.288811; 1, 4, 1, 0; 0.455307132178; 0, 0, 0; 1, 0, 0; 2, 1, 3 / 2, 3, 0 ;
0,7; 3.769576, 0.683012, -2.296018 / 3.769576, 0.683012, -2.296018 / 3.769576, 0.683012, -2.296018; 1, 4, 1, 0; 0.455307458585; 1, 0, 1; 1, 0, 0; 3, 1, 2 / 3, 9, 0 ;
0,7; 3.774181, 0.681092, -2.293818 / 3.774181, 0.681092, -2.293818 / 3.774181, 0.681092, -2.293818; 1, 4, 1, 0; 0.455308179902; 1, 0, 1; 1, 0, 0; 2, 4, 0 / 2, 6, 0 / 3, 1, 2 / 4, 10, 0 ;
0,7; 2.986095, 0.519946, -1.390715 / 2.986095, 0.519946, -1.390715 / 2.986095, 0.519946, -1.390715; 1, 11, 1, 0; 0.379825187789; 1, 0, 1; 1, 0, 0; 2, 1, 2 ;
0,7; 0.005734, -0.119242, 1.996451 / 0.005734, -0.119242, 1.996451 / 0.005734, -0.119242, 1.996451; 1, 30, 1, 0; 0.628530388753; 1, 0, 1; 1, 0, 0; 3, 1, 2 ;
0,7; -0.562916, -0.235898, 2.632400 / -0.562916, -0.235898, 2.632400 / -0.562916, -0.235898, 2.632400; 1, 34, 1, 0; 0.874848005209; 1, 0, 1; 1, 0, 0; 2, 1, 2 ;
0,7; -1.626820, -0.470802, 3.846668 / -1.626820, -0.470802, 3.846668 / -1.626820, -0.470802, 3.846668; 1, 46, 1, 0; 0.146912017322; 1, 0, 1; 1, 0, 0; 3, 1, 2 ;
1,8; -0.775184, -2.68769, -2.69865 / -0.775184, -2.68769, -2.69865 / -0.775184, -2.68769, -2.69865; 1, 5, 1, 0; 0.273810004107; 1, 0, 1; 1, 0, 0; 3, 1, 2 ;
1,9; -0.340037, 2.46612, -1.31431 / -0.340037, 2.46612, -1.31431 / -0.340037, 2.46612, -1.31431; 1, 7, 1, 0; 0.392600183477; 0, 1, 0; 1, 0, 0; 2, 1, 1 ;
0,9; -0.158728, 1.959147, -0.819914 / -0.158728, 1.959147, -0.819914 / -0.158728, 1.959147, -0.819914; 1, 7, 1, 0; 0.914759491133; 1, 0, 1; 1, 0, 0; 3, 1, 2 ;
0,9; 0.833239, -0.817060, 1.948333 / 0.833239, -0.817060, 1.948333 / 0.833239, -0.817060, 1.948333; 1, 30, 1, 0; 0.490422584466; 1, 0, 1; 0, 1, 0; 1, 1, 2 ;
0,9; 0.967885, -1.186680, 2.317943 / 0.967885, -1.186680, 2.317943 / 0.967885, -1.186680, 2.317943; 1, 33, 1, 0; 0.351032581716; 1, 0, 1; 1, 0, 0; 3, 1, 2 ;
0,9; 1.057015, -1.445848, 2.573822 / 1.057015, -1.445848, 2.573822 / 1.057015, -1.445848, 2.573822; 1, 34, 1, 0; 0.490541910200; 1, 0, 1; 0, 1, 0; 4, 1, 2 ;
