1,0; -0.561707, -1.6686, -3.39886 / -0.561707, -1.6686, -3.39886 / -0.561707, -1.6686, -3.39886; 1, 5, 1, 0; 0.037564102564; 1, 0, 1; 1, 0, 0; 3, 1, 2 ;
0,0; -1.040318, -1.289154, -1.751666 / -1.040318, -1.289154, -1.751666 / -1.040318, -1.289154, -1.751666; 1, 6, 1, 0; 0.886787044906; 1, 0, 1; 1, 0, 0; 2, 1, 2 ;
0,0; -1.042418, -1.300225, -1.753354 / -1.042418, -1.300225, -1.753354 / -1.042418, -1.300225, -1.753354; 1, 6, 1, 0; 0.886788505402; 1, 0, 1; 1, 0, 0; 2, 1, 2 ;
0,0; -2.036573, -0.557228, 1.597304 / -2.036573, -0.557228, 1.597304 / -2.036573, -0.557228, 1.597304; 1, 24, 1, 0; 0.750174926360; 1, 0, 1; 1, 0, 0; 2, 1, 2 ;
1,1; 2.41634, -2.70506, 2.08553 / 2.41634, -2.70506, 2.08553 / 2.41634, -2.70506, 2.08553; 1, 33, 1, 0; 0.078042078584; 1, 0, 1; 1, 0, 0; 3, 1, 2 ;
1,2; -1.50374, -2.25051, -2.93635 / -1.50374, -2.25051, -2.93635 / -1.50374, -2.25051, -2.93635; 1, 5, 1, 0; 0.179661076592; 0, 1, 0; 0, 1, 0; 1, 1, 1 ;
0,2; -1.425481, -2.247552, -3.041148 / -1.425481, -2.247552, -3.041148 / -1.425481, -2.247552, -3.041148; 1, 5, 1, 0; 0.179736390182; 0, 0, 0; 1, 0, 0; 3, 1, 3 ;
0,2; -3.785118, -2.341641, 0.118922 / -3.785118, -2.341641, 0.118922 / -3.785118, -2.341641, 0.118922; 1, 21, 1, 0; 0.002459699012; 1, 0, 1; 1, 0, 0; 2, 1, 2 ;
0,2; -3.785840, -2.336909, 0.119859 / -3.785840, -2.336909, 0.119859 / -3.785840, -2.336909, 0.119859; 1, 21, 1, 0; 0.002460630322; 0, 0, 0; 1, 0, 0; 2, 1, 3 ;
0,2; -3.806329, -2.337125, 0.146547 / -3.806329, -2.337125, 0.146547 / -3.806329, -2.337125, 0.146547; 1, 21, 1, 0; 0.002478761765; 0, 1, 0; 1, 0, 0; 3, 1, 1 ;
1,3; 2.92796, -1.09911, -1.90382 / 2.92796, -1.09911, -1.90382 / 2.92796, -1.09911, -1.90382; 1, 8, 1, 0; 0.108146220882; 0, 1, 0; 0, 1, 0; 4, 1, 1 ;
0,3; 2.520419, 1.757552, -1.140076 / 2.520419, 1.757552, -1.140076 / 2.520419, 1.757552, -1.140076; 1, 11, 1, 0; 0.894173452713; 1, 0, 1; 1, 0, 0; 3, 1, 2 ;
0,3; 2.286522, 3.392160, -0.695059 / 2.286839, 3.392512, -0.694660 / 2.286205, 3.391807, -0.695459; 1, 13, 1, 0; 0.234770811098; 1, 0, 2; 2, 0, 0; 3, 1, 2 / 3, 6, 2 ;
0,3; 2.359877, 2.887893, -0.827593 / 2.359877, 2.887893, -0.827593 / 2.359877, 2.887893, -0.827593; 1, 13, 1, 0; 0.289010953501; 1, 0, 1; 1, 0, 0; 2, 1, 2 ;
1,4; -2.66245, 0.520211, -3.66129 / -2.66245, 0.520211, -3.66129 / -2.66245, 0.520211, -3.66129; 1, 1, 1, 0; 0.686999780875; 1, 0, 1; 1, 0, 0; 2, 1, 2 ;
0,4; -2.303742, 0.442047, -2.661473 / -2.303742, 0.442047, -2.661473 / -2.303742, 0.442047, -2.661473; 1, 2, 1, 0; 0.865466701632; 1, 0, 1; 1, 0, 0; 2, 1, 2 ;
0,4; -2.308832, 0.442002, -2.661531 / -2.308832, 0.442002, -2.661531 / -2.308832, 0.442002, -2.661531; 1, 2, 1, 0; 0.865466784694; 1, 0, 1; 1, 0, 0; 3, 1, 2 ;
0,4; -2.011577, 0.373423, -1.813914 / -2.010982, 0.373612, -1.813060 / -2.012172, 0.373233, -1.814768; 1, 6, 1, 0; 0.744900504901; 1, 0, 2; 1, 1, 0; 3, 9, 2 / 4, 1, 2 ;
0,4; -2.074504, 0.387350, -1.987077 / -2.074504, 0.387350, -1.987077 / -2.074504, 0.387350, -1.987077; 1, 6, 1, 0; 0.369358876339; 1, 0, 1; 1, 0, 0; 3, 1, 2 ;
0,4; -1.219355, 0.193912, 0.437770 / -1.219355, 0.193912, 0.437770 / -1.219355, 0.193912, 0.437770; 1, 17, 1, 0; 0.698522349065; 1, 0, 1; 0, 1, 0; 1, 1, 2 ;
0,4; -1.222917, 0.190644, 0.435891 / -1.222917, 0.190644, 0.435891 / -1.222917, 0.190644, 0.435891; 1, 17, 1, 0; 0.698521512126; 1, 0, 1; 1, 0, 0; 2, 1, 2 ;
0,4; -0.863445, 0.111855, 1.455807 / -0.863445, 0.111855, 1.455807 / -0.863445, 0.111855, 1.455807; 1, 23, 1, 0; 0.693938470202; 1, 0, 1; 1, 0, 0; 3, 1, 2 ;
0,4; -0.560648, 0.043481, 2.319419 / -0.560648, 0.043481, 2.319419 / -0.560648, 0.043481, 2.319419; 1, 31, 1, 0; 0.898804236231; 1, 0, 1; 1, 0, 0; 2, 1, 2 ;
1,5; -0.701708, 0.588167, 1.36727 / -0.701705, 0.588181, 1.36728 / -0.701711, 0.588153, 1.36727; 1, 23, 1, 0; 0.654993526446; 0, 2, 0; 1, 1, 0; 3, 1, 1 / 4, 1, 1 ;
0,5; -0.695334, 0.593050, 1.370465 / -0.695334, 0.593050, 1.370465 / -0.695334, 0.593050, 1.370465; 1, 23, 1, 0; 0.654979633431; 1, 0, 1; 0, 1, 0; 1, 1, 2 ;
0,5; -0.688074, 0.573607, 1.364936 / -0.688074, 0.573607, 1.364936 / -0.688074, 0.573607, 1.364936; 1, 23, 1, 0; 0.653615376316; 1, 0, 1; 1, 0, 0; 2, 1, 2 ;
0,5; -0.697750, 0.586018, 1.365777 / -0.697750, 0.586018, 1.365777 / -0.697750, 0.586018, 1.365777; 1, 23, 1, 0; 0.654980749306; 1, 0, 1; 1, 0, 0; 2, 1, 2 ;
0,5; -0.707716, 0.591489, 1.370469 / -0.707716, 0.591489, 1.370469 / -0.707716, 0.591489, 1.370469; 1, 23, 1, 0; 0.654992913084; 1, 0, 1; 1, 0, 0; 2, 1, 2 ;
0,5; -0.703907, 0.583159, 1.368687 / -0.703907, 0.583159, 1.368687 / -0.703907, 0.583159, 1.368687; 1, 23, 1, 0; 0.654993326919; 1, 0, 1; 1, 0, 0; 2, 1, 2 ;
0,5; -0.707849, 0.592312, 1.366302 / -0.707849, 0.592312, 1.366302 / -0.707849, 0.592312, 1.366302; 1, 23, 1, 0; 0.654993799873; 1, 0, 1; 1, 0, 0; 3, 1, 2 ;
0,5; -0.708570, 0.584248, 1.365518 / -0.708570, 0.584248, 1.365518 / -0.708570, 0.584248, 1.365518; 1, 23, 1, 0; 0.654994080689; 1, 0, 1; 1, 0, 0; 3, 1, 2 ;
0,5; -0.326995, 2.439570, 1.102310 / -0.326995, 2.439570, 1.102310 / -0.326995, 2.439570, 1.102310; 1, 25, 1, 0; 0.890800402897; 1, 0, 1; 1, 0, 0; 3, 1, 2 ;
0,5; -0.532312, 1.416413, 1.241743 / -0.532312, 1.416413, 1.241743 / -0.532312, 1.416413, 1.241743; 1, 26, 1, 0; 0.752943902962; 1, 0, 1; 0, 1, 0; 4, 1, 2 ;
0,5; -1.092238, -1.279992, 1.646386 / -1.092238, -1.279992, 1.646386 / -1.092238, -1.279992, 1.646386; 1, 30, 1, 0; 0.275062821217; 1, 0, 1; 1, 0, 0; 2, 1, 2 ;
1,6; 1.3251, 3.97175, -1.33194 / 1.3251, 3.97175, -1.33194 / 1.3251, 3.97175, -1.33194; 1, 7, 1, 0; 0.209553509426; 0, 1, 0; 0, 1, 0; 4, 1, 1 ;
1,7; 3.51284, 0.521066, 1.60996 / 3.51284, 0.521066, 1.60996 / 3.51284, 0.521066, 1.60996; 1, 27, 1, 0; 0.572089862167; 1, 0, 1; 0, 1, 0; 1, 1, 2 ;
0,7; 3.925483, 0.064972, 1.069197 / 3.925483, 0.064972, 1.069197 / 3.925483, 0.064972, 1.069197; 1, 27, 1, 0; 0.079181483159; 1, 0, 1; 1, 0, 0; 3, 1, 2 ;
0,7; 4.080964, 0.012332, 0.961747 / 4.080964, 0.012332, 0.961747 / 4.080964, 0.012332, 0.961747; 1, 27, 1, 0; 0.082847796219; 1, 0, 1; 1, 0, 0; 2, 1, 2 ;
0,7; 3.556935, 0.491986, 1.572786 / 3.556935, 0.491986, 1.572786 / 3.556935, 0.491986, 1.572786; 1, 27, 1, 0; 0.570453242869; 1, 0, 1; 1, 0, 0; 2, 1, 2 ;
1,8; 1.9317, 1.71579, 0.651272 / 1.93183, 1.71599, 0.651506 / 1.93158, 1.71559, 0.651038; 1, 20, 1, 0; 0.760927223529; 0, 2, 0; 0, 2, 1; 1, 1, 1 / 4, 4, 1 ;
0,8; 1.346932, 2.336419, 1.568392 / 1.346932, 2.336419, 1.568392 / 1.346932, 2.336419, 1.568392; 1, 28, 1, 0; 0.320507306032; 1, 0, 1; 1, 0, 0; 2, 3, 0 / 3, 1, 2 ;
1,9; 0.519083, -2.20913, -1.76898 / 0.519083, -2.20913, -1.76898 / 0.519083, -2.20913, -1.76898; 1, 8, 1, 0; 0.276666768939; 1, 0, 1; 1, 0, 0; 2, 1, 2 ;
0,9; 0.215257, -1.783140, -1.429367 / 0.215257, -1.783140, -1.429367 / 0.215257, -1.783140, -1.429367; 1, 8, 1, 0; 0.660004730098; 1, 0, 1; 1, 0, 0; 2, 1, 2 ;
0,9; -1.805290, 1.057369, 0.841222 / -1.804654, 1.058134, 0.841563 / -1.805927, 1.056605, 0.840882; 1, 25, 1, 0; 0.710443658652; 1, 0, 2; 1, 1, 0; 2, 8, 2 / 4, 1, 2 / 4, 4, 0 ;
0,9; -2.968251, 2.696244, 2.159944 / -2.968251, 2.696244, 2.159944 / -2.968251, 2.696244, 2.159944; 1, 29, 1, 0; 0.685455714403; 1, 0, 1; 1, 0, 0; 3, 1, 2 ;
0,9; -2.969046, 2.698552, 2.153353 / -2.969046, 2.698552, 2.153353 / -2.969046, 2.698552, 2.153353; 1, 29, 1, 0; 0.685456279394; 1, 0, 1; 1, 0, 0; 2, 1, 2 / 2, 5, 0 ;
