1,1; 2.38164, 3.1633, -2.33623 / 2.38208, 3.1642, -2.33534 / 2.38119, 3.16239, -2.33713; 1, 4, 1, 0; 0.258582353107; 2, 2, 2; 2, 2, 0; 1, 8, 1 / 1, 9, 1 / 2, 8, 0 / 2, 9, 0 / 3, 1, 2 / 3, 9, 2 ;
0,1; 2.138228, 3.075811, -2.249219 / 2.138696, 3.075819, -2.249125 / 2.137759, 3.075804, -2.249313; 1, 4, 1, 0; 0.264937209106; 0, 3, 0; 2, 1, 0; 3, 1, 1 / 3, 2, 1 / 4, 1, 1 ;
0,1; 2.376261, 3.160510, -2.336110 / 2.376261, 3.160510, -2.336110 / 2.376261, 3.160510, -2.336110; 1, 4, 1, 0; 0.258581833275; 1, 0, 1; 0, 1, 0; 1, 9, 0 / 4, 1, 2 ;
0,1; 2.412518, 3.179101, -2.353746 / 2.412518, 3.179101, -2.353746 / 2.412518, 3.179101, -2.353746; 1, 4, 1, 0; 0.259344233691; 1, 0, 1; 0, 1, 0; 4, 1, 2 ;
0,1; 2.413181, 3.180258, -2.351148 / 2.413670, 3.181094, -2.350992 / 2.412693, 3.179421, -2.351305; 1, 4, 1, 0; 0.259344298166; 0, 3, 0; 3, 0, 0; 1, 2, 0 / 1, 6, 0 / 3, 1, 1 / 3, 2, 1 / 3, 5, 1 ;
0,1; 2.384298, 3.164311, -2.339642 / 2.384537, 3.164438, -2.339365 / 2.384059, 3.164185, -2.339918; 1, 4, 1, 0; 0.258575446189; 1, 0, 2; 2, 0, 0; 2, 1, 2 / 3, 1, 2 ;
0,1; 2.388651, 3.161077, -2.335073 / 2.388679, 3.161869, -2.334877 / 2.388623, 3.160286, -2.335268; 1, 4, 1, 0; 0.258582993831; 1, 0, 2; 2, 0, 0; 2, 1, 2 / 2, 9, 2 ;
0,1; 2.384548, 3.166987, -2.343012 / 2.384548, 3.166987, -2.343012 / 2.384548, 3.166987, -2.343012; 1, 4, 1, 0; 0.258575518724; 1, 0, 1; 1, 0, 0; 2, 1, 2 ;
0,1; 2.377407, 3.160278, -2.335092 / 2.377407, 3.160278, -2.335092 / 2.377407, 3.160278, -2.335092; 1, 4, 1, 0; 0.258581889691; 0, 1, 0; 1, 0, 0; 2, 1, 1 / 3, 4, 0 / 4, 5, 0 ;
0,1; 2.379608, 3.157428, -2.330588 / 2.379608, 3.157428, -2.330588 / 2.379608, 3.157428, -2.330588; 1, 4, 1, 0; 0.258582038790; 1, 0, 1; 1, 0, 0; 3, 1, 2 ;
0,1; 2.366676, 3.146660, -2.326338 / 2.366676, 3.146660, -2.326338 / 2.366676, 3.146660, -2.326338; 1, 4, 1, 0; 0.258587720677; 1, 0, 1; 1, 0, 0; 2, 1, 2 ;
0,1; 2.373072, 3.151705, -2.323208 / 2.373072, 3.151705, -2.323208 / 2.373072, 3.151705, -2.323208; 1, 4, 1, 0; 0.258588006786; 1, 0, 1; 1, 0, 0; 2, 1, 2 ;
0,1; 2.427272, 3.184793, -2.355027 / 2.427272, 3.184793, -2.355027 / 2.427272, 3.184793, -2.355027; 1, 4, 1, 0; 0.259341904520; 1, 0, 1; 1, 0, 0; 1, 3, 0 / 2, 1, 2 / 2, 3, 0 ;
0,1; 2.427499, 3.182146, -2.356872 / 2.427499, 3.182146, -2.356872 / 2.427499, 3.182146, -2.356872; 1, 4, 1, 0; 0.259342347788; 1, 0, 1; 1, 0, 0; 3, 1, 2 ;
0,1; 2.134590, 3.076479, -2.250962 / 2.134590, 3.076479, -2.250962 / 2.134590, 3.076479, -2.250962; 1, 4, 1, 0; 0.264937084185; 1, 0, 1; 1, 0, 0; 3, 1, 2 ;
1,2; 2.59185, 2.15334, 2.41083 / 2.59231, 2.15374, 2.41169 / 2.59138, 2.15295, 2.40997; 1, 31, 1, 0; 0.466921461839; 2, 2, 2; 3, 1, 0; 1, 1, 0 / 2, 1, 1 / 3, 3, 0 / 3, 4, 1 / 3, 5, 2 / 4, 3, 2 ;
0,2; 2.593299, 2.154800, 2.414805 / 2.594018, 2.154986, 2.415556 / 2.592579, 2.154613, 2.414054; 1, 31, 1, 0; 0.466941631747; 2, 2, 1; 2, 1, 0; 2, 1, 2 / 2, 9, 0 / 3, 8, 1 / 4, 5, 0 / 4, 6, 1 / 4, 7, 0 ;
0,2; 2.595929, 2.155552, 2.424198 / 2.595929, 2.155552, 2.424198 / 2.595929, 2.155552, 2.424198; 1, 31, 1, 0; 0.466942468946; 1, 0, 1; 1, 0, 0; 3, 1, 2 ;
1,3; 0.866216, -2.22726, 3.61815 / 0.866799, -2.22724, 3.61872 / 0.865633, -2.22729, 3.61759; 1, 43, 1, 0; 0.853208134739; 0, 3, 0; 2, 1, 0; 1, 1, 1 / 2, 1, 1 / 2, 4, 0 / 2, 5, 1 ;
0,3; 0.687357, -2.260219, 3.495127 / 0.688048, -2.260145, 3.495690 / 0.686667, -2.260293, 3.494564; 1, 43, 1, 0; 0.852081743589; 0, 2, 0; 1, 1, 0; 2, 5, 0 / 3, 6, 0 / 3, 7, 1 / 4, 1, 1 ;
0,3; 0.861362, -2.226997, 3.613233 / 0.861569, -2.226880, 3.613640 / 0.861155, -2.227114, 3.612826; 1, 43, 1, 0; 0.853209897821; 2, 1, 1; 2, 0, 0; 1, 3, 0 / 1, 4, 0 / 2, 1, 2 / 2, 3, 1 ;
0,3; 0.686405, -2.260313, 3.494359 / 0.686667, -2.260293, 3.494564 / 0.686142, -2.260333, 3.494155; 1, 43, 1, 0; 0.852081862448; 0, 1, 0; 2, 0, 0; 2, 5, 1 / 3, 1, 1 ;
0,3; 0.859414, -2.230401, 3.608112 / 0.859414, -2.230401, 3.608112 / 0.859414, -2.230401, 3.608112; 1, 43, 1, 0; 0.853173447597; 1, 0, 1; 1, 0, 0; 3, 1, 2 ;
0,3; 0.856222, -2.227505, 3.606588 / 0.856222, -2.227505, 3.606588 / 0.856222, -2.227505, 3.606588; 1, 43, 1, 0; 0.853176022884; 1, 0, 1; 1, 0, 0; 2, 10, 0 / 3, 1, 2 ;
0,3; 0.871213, -2.228689, 3.625860 / 0.871213, -2.228689, 3.625860 / 0.871213, -2.228689, 3.625860; 1, 43, 1, 0; 0.853239969255; 1, 0, 1; 1, 0, 0; 1, 6, 0 / 2, 1, 2 ;
0,3; 1.184424, -2.205244, 3.884651 / 1.184772, -2.204725, 3.885241 / 1.184076, -2.205764, 3.884061; 1, 45, 1, 0; 0.946162866030; 2, 1, 1; 0, 2, 1; 1, 1, 1 / 3, 5, 0 / 4, 7, 2 ;
0,3; 1.168375, -2.209199, 3.876298 / 1.168375, -2.209199, 3.876298 / 1.168375, -2.209199, 3.876298; 1, 45, 1, 0; 0.946158371747; 1, 0, 1; 0, 1, 0; 1, 1, 2 ;
0,3; 1.061524, -2.206374, 3.806167 / 1.061524, -2.206374, 3.806167 / 1.061524, -2.206374, 3.806167; 1, 45, 1, 0; 0.946540148362; 1, 0, 1; 0, 1, 0; 4, 1, 2 ;
0,3; 1.057165, -2.204638, 3.805471 / 1.057906, -2.204528, 3.805903 / 1.056423, -2.204749, 3.805038; 1, 45, 1, 0; 0.946539758292; 2, 2, 1; 3, 0, 0; 1, 5, 0 / 2, 1, 1 / 2, 5, 1 / 3, 3, 0 / 3, 8, 2 ;
0,3; 1.167959, -2.209961, 3.865347 / 1.167959, -2.209961, 3.865347 / 1.167959, -2.209961, 3.865347; 1, 45, 1, 0; 0.946127776704; 1, 0, 1; 1, 0, 0; 3, 1, 2 ;
0,3; 1.172361, -2.209507, 3.875674 / 1.172361, -2.209507, 3.875674 / 1.172361, -2.209507, 3.875674; 1, 45, 1, 0; 0.946158846614; 1, 0, 1; 1, 0, 0; 3, 1, 2 ;
0,3; 1.180479, -2.209929, 3.884505 / 1.180479, -2.209929, 3.884505 / 1.180479, -2.209929, 3.884505; 1, 45, 1, 0; 0.946160559530; 1, 0, 1; 1, 0, 0; 2, 1, 2 ;
0,3; 1.180429, -2.204545, 3.881800 / 1.180429, -2.204545, 3.881800 / 1.180429, -2.204545, 3.881800; 1, 45, 1, 0; 0.946161034397; 1, 0, 1; 1, 0, 0; 3, 1, 2 ;
0,3; 1.183865, -2.206722, 3.885338 / 1.184076, -2.205764, 3.885435 / 1.183655, -2.207680, 3.885241; 1, 45, 1, 0; 0.946162781232; 1, 0, 1; 1, 1, 0; 1, 6, 1 / 3, 1, 2 / 3, 10, 0 ;
0,3; 1.184878, -2.203926, 3.880072 / 1.184878, -2.203926, 3.880072 / 1.184878, -2.203926, 3.880072; 1, 45, 1, 0; 0.946163290019; 1, 0, 1; 1, 0, 0; 2, 1, 2 ;
0,3; 1.054967, -2.213886, 3.803388 / 1.054967, -2.213886, 3.803388 / 1.054967, -2.213886, 3.803388; 1, 45, 1, 0; 0.946538859436; 1, 0, 1; 1, 0, 0; 2, 1, 2 ;
0,3; 1.055721, -2.204788, 3.804382 / 1.056423, -2.204749, 3.805038 / 1.055018, -2.204827, 3.803725; 1, 45, 1, 0; 0.946539656535; 0, 1, 0; 2, 0, 0; 2, 1, 1 / 2, 7, 1 / 3, 9, 0 / 4, 4, 0 ;
0,3; 1.118346, -2.196281, 3.850641 / 1.118346, -2.196281, 3.850641 / 1.118346, -2.196281, 3.850641; 1, 45, 1, 0; 0.949318361435; 1, 0, 1; 1, 0, 0; 2, 1, 2 ;
0,3; 1.114298, -2.200186, 3.843093 / 1.114298, -2.200186, 3.843093 / 1.114298, -2.200186, 3.843093; 1, 45, 1, 0; 0.949320583137; 1, 0, 1; 1, 0, 0; 2, 1, 2 ;
0,3; 1.215218, -2.200659, 3.909056 / 1.215218, -2.200659, 3.909056 / 1.215218, -2.200659, 3.909056; 1, 45, 1, 0; 0.949488499724; 1, 0, 1; 1, 0, 0; 3, 1, 2 ;
1,4; -2.33615, -0.94328, 3.25245 / -2.3359, -0.943257, 3.25291 / -2.33641, -0.943303, 3.25199; 1, 41, 1, 0; 0.025603572367; 0, 2, 0; 1, 1, 0; 3, 2, 0 / 3, 3, 0 / 3, 4, 1 / 4, 1, 1 ;
0,4; -2.354660, -0.940852, 3.288625 / -2.354660, -0.940852, 3.288625 / -2.354660, -0.940852, 3.288625; 1, 41, 1, 0; 0.025701330563; 0, 1, 0; 0, 1, 0; 1, 1, 1 ;
0,4; -2.310068, -0.939369, 3.216776 / -2.310068, -0.939369, 3.216776 / -2.310068, -0.939369, 3.216776; 1, 41, 1, 0; 0.026206831808; 0, 1, 0; 0, 1, 0; 1, 1, 1 ;
0,4; -2.310647, -0.937840, 3.226122 / -2.310647, -0.937840, 3.226122 / -2.310647, -0.937840, 3.226122; 1, 41, 1, 0; 0.026212860856; 0, 1, 0; 0, 1, 0; 1, 1, 1 ;
0,4; -2.309602, -0.937832, 3.221681 / -2.309602, -0.937832, 3.221681 / -2.309602, -0.937832, 3.221681; 1, 41, 1, 0; 0.026210169690; 0, 1, 0; 1, 0, 0; 2, 1, 1 / 4, 5, 0 ;
0,4; -2.725465, -1.003565, 3.509701 / -2.725371, -1.003200, 3.509844 / -2.725560, -1.003929, 3.509559; 1, 43, 1, 0; 0.356311534515; 2, 1, 1; 1, 1, 0; 1, 2, 1 / 2, 1, 2 ;
0,4; -2.606119, -1.011355, 3.472934 / -2.606119, -1.011355, 3.472934 / -2.606119, -1.011355, 3.472934; 1, 43, 1, 0; 0.356579780427; 1, 0, 1; 0, 1, 0; 1, 1, 2 ;
0,4; -2.728681, -1.004370, 3.510934 / -2.728681, -1.004370, 3.510934 / -2.728681, -1.004370, 3.510934; 1, 43, 1, 0; 0.356309038467; 1, 0, 1; 1, 0, 0; 2, 1, 2 ;
1,5; 3.85386, -0.838059, 0.391391 / 3.85388, -0.838022, 0.391411 / 3.85384, -0.838096, 0.39137; 1, 19, 1, 0; 0.529774414777; 0, 2, 0; 1, 1, 0; 3, 1, 1 / 4, 2, 1 ;
0,5; 4.453092, -0.945050, 0.541016 / 4.453092, -0.945050, 0.541016 / 4.453092, -0.945050, 0.541016; 1, 19, 1, 0; 0.459867784324; 1, 0, 1; 0, 1, 0; 1, 1, 2 / 4, 4, 0 / 4, 5, 0 ;
0,5; 4.456916, -0.941600, 0.539159 / 4.456916, -0.941600, 0.539159 / 4.456916, -0.941600, 0.539159; 1, 19, 1, 0; 0.459868601453; 1, 0, 1; 0, 1, 0; 1, 1, 2 ;
0,5; 4.448388, -0.944930, 0.544361 / 4.448388, -0.944930, 0.544361 / 4.448388, -0.944930, 0.544361; 1, 19, 1, 0; 0.459880301571; 1, 0, 1; 0, 1, 0; 3, 10, 0 / 4, 1, 2 ;
0,5; 4.450831, -0.945163, 0.545195 / 4.450831, -0.945163, 0.545195 / 4.450831, -0.945163, 0.545195; 1, 19, 1, 0; 0.459880417270; 1, 0, 1; 0, 1, 0; 4, 1, 2 ;
0,5; 3.861049, -0.850623, 0.399292 / 3.861124, -0.850499, 0.399344 / 3.860974, -0.850747, 0.399239; 1, 19, 1, 0; 0.529772599740; 0, 1, 0; 2, 0, 0; 1, 2, 0 / 2, 1, 1 / 2, 2, 3 ;
0,5; 4.476520, -0.943597, 0.526753 / 4.476520, -0.943597, 0.526753 / 4.476520, -0.943597, 0.526753; 1, 19, 1, 0; 0.459860632645; 1, 0, 1; 1, 0, 0; 3, 1, 2 ;
0,5; 4.470063, -0.948548, 0.534414 / 4.470063, -0.948548, 0.534414 / 4.470063, -0.948548, 0.534414; 1, 19, 1, 0; 0.459861283455; 1, 0, 1; 1, 0, 0; 3, 1, 2 ;
0,5; 4.446519, -0.949629, 0.545915 / 4.446519, -0.949629, 0.545915 / 4.446519, -0.949629, 0.545915; 1, 19, 1, 0; 0.459880070172; 1, 0, 1; 1, 0, 0; 2, 1, 2 ;
0,5; 4.455427, -0.934934, 0.546723 / 4.455427, -0.934934, 0.546723 / 4.455427, -0.934934, 0.546723; 1, 19, 1, 0; 0.459882420319; 1, 0, 1; 1, 0, 0; 2, 1, 2 ;
0,5; 3.783406, -0.718708, 0.396600 / 3.783406, -0.718708, 0.396600 / 3.783406, -0.718708, 0.396600; 1, 19, 1, 0; 0.528815106313; 0, 1, 0; 1, 0, 0; 1, 6, 0 / 3, 1, 1 ;
0,5; 3.755149, -0.703151, 0.411242 / 3.755149, -0.703151, 0.411242 / 3.755149, -0.703151, 0.411242; 1, 19, 1, 0; 0.528834710158; 0, 1, 0; 1, 0, 0; 3, 1, 1 ;
1,6; 1.49628, -0.643181, -4.2163 / 1.49643, -0.64281, -4.21528 / 1.49614, -0.643552, -4.21731; 1, 1, 1, 0; 0.234783837085; 0, 3, 0; 2, 1, 0; 1, 1, 1 / 1, 5, 0 / 2, 2, 0 / 2, 3, 0 / 2, 4, 1 / 2, 5, 1 ;
0,6; 1.492419, -0.633467, -4.191957 / 1.492608, -0.633031, -4.190907 / 1.492230, -0.633903, -4.193007; 1, 1, 1, 0; 0.234787060681; 0, 3, 0; 2, 1, 0; 2, 5, 1 / 3, 1, 1 / 3, 6, 0 / 4, 7, 1 ;
0,6; 1.491038, -0.629543, -4.203340 / 1.491038, -0.629543, -4.203340 / 1.491038, -0.629543, -4.203340; 1, 1, 1, 0; 0.234785478548; 0, 1, 0; 0, 1, 0; 1, 1, 1 ;
0,6; 1.490683, -0.630419, -4.184219 / 1.490683, -0.630419, -4.184219 / 1.490683, -0.630419, -4.184219; 1, 1, 1, 0; 0.234787404795; 1, 0, 1; 0, 1, 0; 4, 1, 2 ;
0,6; 1.499266, -0.628793, -4.187319 / 1.499266, -0.628793, -4.187319 / 1.499266, -0.628793, -4.187319; 1, 1, 1, 0; 0.234779743315; 1, 0, 1; 1, 0, 0; 2, 7, 0 / 3, 1, 2 ;
0,6; 1.495781, -0.646378, -4.214864 / 1.495781, -0.646378, -4.214864 / 1.495781, -0.646378, -4.214864; 1, 1, 1, 0; 0.234783346623; 1, 0, 1; 1, 0, 0; 2, 1, 2 ;
0,6; 1.495143, -0.639994, -4.207679 / 1.495143, -0.639994, -4.207679 / 1.495143, -0.639994, -4.207679; 1, 1, 1, 0; 0.234783595809; 0, 1, 0; 1, 0, 0; 3, 1, 1 ;
1,7; -2.06057, -2.65495, 3.03926 / -2.0603, -2.65396, 3.03956 / -2.06083, -2.65595, 3.03896; 1, 35, 1, 0; 0.768371721247; 2, 4, 1; 2, 3, 1; 1, 4, 1 / 1, 5, 0 / 1, 6, 0 / 2, 5, 2 / 3, 8, 1 / 4, 1, 1 / 4, 2, 1 ;
0,7; -2.072000, -2.593749, 3.021912 / -2.071295, -2.592679, 3.022593 / -2.072705, -2.594820, 3.021231; 1, 35, 1, 0; 0.768480985101; 0, 4, 0; 2, 2, 1; 1, 8, 1 / 2, 5, 0 / 2, 6, 1 / 2, 9, 0 / 3, 1, 1 / 3, 2, 0 / 3, 9, 0 / 4, 4, 0 / 4, 10, 1 ;
0,7; -2.059258, -2.666083, 3.043991 / -2.058973, -2.665718, 3.044200 / -2.059544, -2.666449, 3.043782; 1, 35, 1, 0; 0.768350157030; 1, 0, 2; 0, 2, 1; 1, 7, 2 / 4, 1, 2 ;
0,7; -2.071815, -2.607970, 3.025303 / -2.071261, -2.607058, 3.026328 / -2.072368, -2.608882, 3.024277; 1, 35, 1, 0; 0.768458081171; 2, 3, 1; 2, 2, 0; 1, 1, 1 / 1, 5, 1 / 3, 3, 1 / 3, 10, 2 / 4, 4, 0 / 4, 8, 0 ;
0,7; -2.071118, -2.546948, 3.011114 / -2.070648, -2.545754, 3.011198 / -2.071589, -2.548143, 3.011030; 1, 35, 1, 0; 0.768343329649; 2, 2, 1; 1, 2, 0; 1, 1, 1 / 1, 6, 2 / 2, 1, 1 / 3, 4, 0 ;
0,7; -2.064357, -2.640803, 3.034798 / -2.064088, -2.639979, 3.035082 / -2.064626, -2.641627, 3.034515; 1, 35, 1, 0; 0.768392950536; 2, 5, 1; 5, 1, 0; 1, 1, 2 / 1, 6, 0 / 2, 1, 1 / 2, 2, 1 / 2, 3, 1 / 2, 4, 0 / 2, 5, 1 / 2, 6, 1 ;
0,7; -2.072269, -2.590125, 3.020700 / -2.072251, -2.588970, 3.020946 / -2.072286, -2.591281, 3.020455; 1, 35, 1, 0; 0.768480791873; 0, 6, 0; 5, 1, 0; 1, 1, 1 / 2, 8, 1 / 2, 9, 1 / 3, 4, 0 / 3, 5, 1 / 3, 6, 1 / 3, 10, 1 ;
0,7; -2.070541, -2.373677, 2.989738 / -2.070029, -2.372750, 2.990831 / -2.071052, -2.374605, 2.988644; 1, 35, 1, 0; 0.746841937121; 2, 2, 3; 4, 1, 0; 1, 7, 0 / 2, 7, 1 / 3, 1, 2 / 3, 5, 2 / 3, 9, 2 / 4, 5, 1 ;
0,7; -2.070908, -2.610931, 3.025485 / -2.070872, -2.610724, 3.025543 / -2.070944, -2.611139, 3.025426; 1, 35, 1, 0; 0.768435808452; 0, 3, 0; 2, 1, 0; 1, 1, 0 / 1, 2, 1 / 2, 1, 1 / 2, 2, 1 ;
0,7; -2.072338, -2.600346, 3.022641 / -2.072298, -2.599923, 3.022816 / -2.072379, -2.600770, 3.022466; 1, 35, 1, 0; 0.768457565897; 2, 1, 1; 1, 1, 0; 3, 1, 2 / 4, 3, 1 / 4, 5, 0 ;
0,7; -2.178977, -2.039147, 3.008128 / -2.178977, -2.039147, 3.008128 / -2.178977, -2.039147, 3.008128; 1, 35, 1, 0; 0.567061173330; 0, 1, 0; 0, 1, 0; 1, 1, 1 / 1, 2, 0 ;
0,7; -2.058947, -2.653958, 3.038006 / -2.058947, -2.653958, 3.038006 / -2.058947, -2.653958, 3.038006; 1, 35, 1, 0; 0.768371553783; 1, 0, 1; 0, 1, 0; 4, 1, 2 ;
0,7; -2.070984, -2.582040, 3.022584 / -2.070984, -2.582040, 3.022584 / -2.070984, -2.582040, 3.022584; 1, 35, 1, 0; 0.768504211077; 1, 0, 1; 0, 1, 0; 4, 1, 2 ;
0,7; -2.072560, -2.513375, 3.001987 / -2.072340, -2.512856, 3.002840 / -2.072781, -2.513893, 3.001134; 1, 35, 1, 0; 0.768331929212; 2, 3, 1; 4, 0, 0; 2, 1, 2 / 2, 7, 1 / 2, 8, 1 / 3, 7, 1 ;
0,7; -2.072443, -2.392899, 2.991385 / -2.072347, -2.392778, 2.991414 / -2.072540, -2.393019, 2.991356; 1, 35, 1, 0; 0.746853195858; 1, 0, 2; 2, 0, 0; 3, 1, 2 / 3, 2, 2 ;
0,7; -2.070166, -2.539116, 3.012685 / -2.069888, -2.538865, 3.012793 / -2.070445, -2.539368, 3.012577; 1, 35, 1, 0; 0.768342891666; 1, 0, 2; 2, 0, 0; 2, 1, 2 / 2, 3, 2 ;
0,7; -2.072280, -2.591094, 3.020903 / -2.072265, -2.589915, 3.021150 / -2.072296, -2.592272, 3.020655; 1, 35, 1, 0; 0.768480843400; 0, 2, 0; 7, 0, 0; 2, 4, 1 / 2, 5, 1 / 3, 1, 1 / 3, 2, 1 / 3, 6, 1 / 3, 7, 0 / 3, 8, 1 / 3, 10, 1 ;
0,7; -2.072801, -2.578201, 3.020799 / -2.072715, -2.577133, 3.021082 / -2.072887, -2.579269, 3.020516; 1, 35, 1, 0; 0.768503940558; 1, 0, 2; 2, 0, 0; 2, 1, 2 / 2, 3, 0 / 3, 9, 2 ;
0,7; -2.078613, -2.387144, 2.989981 / -2.078613, -2.387144, 2.989981 / -2.078613, -2.387144, 2.989981; 1, 35, 1, 0; 0.746832958471; 1, 0, 1; 1, 0, 0; 3, 1, 2 ;
0,7; -2.070541, -2.374112, 2.991406 / -2.070029, -2.373619, 2.992488 / -2.071052, -2.374605, 2.990323; 1, 35, 1, 0; 0.746842014412; 1, 0, 1; 3, 0, 0; 1, 1, 0 / 2, 1, 1 / 2, 9, 2 / 3, 3, 2 ;
0,7; -2.068642, -2.391784, 2.991316 / -2.068642, -2.391784, 2.991316 / -2.068642, -2.391784, 2.991316; 1, 35, 1, 0; 0.746851611391; 1, 0, 1; 1, 0, 0; 2, 1, 2 ;
0,7; -2.071225, -2.545730, 3.012287 / -2.070862, -2.545397, 3.013429 / -2.071589, -2.546062, 3.011144; 1, 35, 1, 0; 0.768343239476; 1, 0, 1; 2, 1, 0; 1, 8, 1 / 2, 8, 1 / 3, 1, 2 ;
0,7; -2.071154, -2.547957, 3.010460 / -2.070648, -2.547771, 3.011030 / -2.071659, -2.548143, 3.009890; 1, 35, 1, 0; 0.768343394058; 1, 0, 1; 1, 1, 0; 1, 1, 2 / 3, 6, 2 / 4, 9, 0 ;
0,7; -2.074051, -2.547565, 3.010554 / -2.074051, -2.547565, 3.010554 / -2.074051, -2.547565, 3.010554; 1, 35, 1, 0; 0.768344978526; 1, 0, 1; 1, 0, 0; 3, 1, 2 ;
0,7; -2.064658, -2.661162, 3.039939 / -2.064658, -2.661162, 3.039939 / -2.064658, -2.661162, 3.039939; 1, 35, 1, 0; 0.768349190891; 1, 0, 1; 1, 0, 0; 3, 1, 2 ;
0,7; -2.062055, -2.657410, 3.041679 / -2.062055, -2.657410, 3.041679 / -2.062055, -2.657410, 3.041679; 1, 35, 1, 0; 0.768349435646; 1, 0, 1; 1, 0, 0; 3, 1, 2 ;
0,7; -2.062749, -2.647435, 3.034034 / -2.062749, -2.647435, 3.034034 / -2.062749, -2.647435, 3.034034; 1, 35, 1, 0; 0.768370214071; 1, 0, 1; 1, 0, 0; 2, 1, 2 / 4, 3, 0 ;
0,7; -2.066218, -2.637454, 3.032520 / -2.066218, -2.637454, 3.032520 / -2.066218, -2.637454, 3.032520; 1, 35, 1, 0; 0.768391597942; 1, 0, 1; 1, 0, 0; 3, 1, 2 ;
0,7; -2.063233, -2.643114, 3.033685 / -2.063233, -2.643114, 3.033685 / -2.063233, -2.643114, 3.033685; 1, 35, 1, 0; 0.768392821718; 1, 0, 1; 1, 0, 0; 1, 1, 0 / 2, 1, 2 ;
0,7; -2.064788, -2.637037, 3.034691 / -2.064788, -2.637037, 3.034691 / -2.064788, -2.637037, 3.034691; 1, 35, 1, 0; 0.768393169528; 1, 0, 1; 1, 0, 0; 2, 1, 2 ;
0,7; -2.063006, -2.635282, 3.034182 / -2.063006, -2.635282, 3.034182 / -2.063006, -2.635282, 3.034182; 1, 35, 1, 0; 0.768393298346; 1, 0, 1; 1, 0, 0; 2, 1, 2 ;
0,7; -2.064592, -2.632509, 3.026185 / -2.064592, -2.632509, 3.026185 / -2.064592, -2.632509, 3.026185; 1, 35, 1, 0; 0.768413896425; 1, 0, 1; 1, 0, 0; 3, 1, 2 ;
0,7; -2.070571, -2.615888, 3.030630 / -2.070571, -2.615888, 3.030630 / -2.070571, -2.615888, 3.030630; 1, 35, 1, 0; 0.768435447760; 1, 0, 1; 1, 0, 0; 2, 1, 2 ;
0,7; -2.065065, -2.618512, 3.030403 / -2.065065, -2.618512, 3.030403 / -2.065065, -2.618512, 3.030403; 1, 35, 1, 0; 0.768437431565; 1, 0, 1; 1, 0, 0; 3, 1, 2 ;
0,7; -2.072561, -2.604532, 3.021560 / -2.072561, -2.604532, 3.021560 / -2.072561, -2.604532, 3.021560; 1, 35, 1, 0; 0.768457836416; 1, 0, 1; 1, 0, 0; 2, 1, 2 ;
0,7; -2.072694, -2.589700, 3.020695 / -2.072251, -2.588517, 3.020935 / -2.073136, -2.590883, 3.020455; 1, 35, 1, 0; 0.768480766109; 1, 0, 1; 4, 1, 0; 1, 3, 1 / 2, 1, 2 / 2, 10, 1 / 3, 1, 0 / 3, 6, 0 / 3, 7, 1 / 3, 8, 1 ;
1,8; -2.61981, 1.10194, 2.92621 / -2.61967, 1.10212, 2.92633 / -2.61995, 1.10176, 2.92609; 1, 39, 1, 0; 0.373547776206; 0, 2, 0; 1, 1, 0; 1, 1, 1 / 2, 2, 1 ;
0,8; -2.614063, 1.066981, 2.901314 / -2.614063, 1.066981, 2.901314 / -2.614063, 1.066981, 2.901314; 1, 39, 1, 0; 0.378788998900; 1, 0, 1; 1, 0, 0; 2, 1, 2 ;
0,8; -2.966118, 1.169558, 3.192440 / -2.965268, 1.169936, 3.192818 / -2.966969, 1.169180, 3.192062; 1, 42, 1, 0; 0.314786584221; 2, 4, 1; 2, 3, 1; 1, 1, 1 / 1, 2, 1 / 2, 2, 1 / 3, 3, 2 / 3, 4, 0 / 4, 4, 1 ;
0,8; -2.950789, 1.167142, 3.184285 / -2.949957, 1.167747, 3.184868 / -2.951620, 1.166537, 3.183701; 1, 42, 1, 0; 0.314716071481; 2, 5, 1; 3, 3, 0; 2, 6, 2 / 3, 1, 1 / 3, 3, 1 / 4, 1, 1 / 4, 2, 1 / 4, 3, 1 ;
0,8; -3.034100, 1.160809, 3.225843 / -3.033302, 1.161007, 3.226211 / -3.034898, 1.160611, 3.225475; 1, 42, 1, 0; 0.313358617783; 2, 3, 1; 3, 1, 0; 1, 2, 2 / 2, 2, 1 / 3, 1, 1 / 3, 4, 0 / 3, 5, 1 / 4, 3, 0 ;
0,8; -3.038918, 1.159840, 3.228029 / -3.038565, 1.159883, 3.228107 / -3.039271, 1.159798, 3.227952; 1, 42, 1, 0; 0.313355905755; 2, 1, 1; 1, 1, 0; 2, 2, 0 / 2, 3, 0 / 3, 1, 1 / 3, 2, 0 / 4, 2, 2 / 4, 4, 0 ;
0,8; -3.050976, 1.156131, 3.234655 / -3.050976, 1.156131, 3.234655 / -3.050976, 1.156131, 3.234655; 1, 42, 1, 0; 0.313390014728; 0, 0, 0; 0, 1, 0; 1, 1, 3 ;
0,8; -2.962424, 1.171287, 3.189220 / -2.962277, 1.171697, 3.189340 / -2.962570, 1.170878, 3.189100; 1, 42, 1, 0; 0.314750618551; 1, 0, 2; 2, 0, 0; 2, 5, 2 / 3, 1, 2 ;
0,8; -3.040005, 1.153245, 3.220508 / -3.040005, 1.153245, 3.220508 / -3.040005, 1.153245, 3.220508; 1, 42, 1, 0; 0.313354633188; 1, 0, 1; 1, 0, 0; 1, 10, 0 / 2, 1, 2 / 4, 4, 0 ;
0,8; -3.045846, 1.155726, 3.231856 / -3.045846, 1.155726, 3.231856 / -3.045846, 1.155726, 3.231856; 1, 42, 1, 0; 0.313390911784; 1, 0, 1; 1, 0, 0; 2, 1, 2 ;
0,8; -3.043974, 1.155538, 3.231737 / -3.043974, 1.155538, 3.231737 / -3.043974, 1.155538, 3.231737; 1, 42, 1, 0; 0.313391203849; 1, 0, 1; 1, 0, 0; 3, 1, 2 ;
0,8; -2.911825, 1.152606, 3.151321 / -2.911825, 1.152606, 3.151321 / -2.911825, 1.152606, 3.151321; 1, 42, 1, 0; 0.313561102001; 1, 0, 1; 1, 0, 0; 1, 5, 0 / 2, 6, 0 / 3, 1, 2 ;
0,8; -2.933400, 1.165170, 3.183793 / -2.933400, 1.165170, 3.183793 / -2.933400, 1.165170, 3.183793; 1, 42, 1, 0; 0.314679187894; 1, 0, 1; 1, 0, 0; 2, 1, 2 ;
0,8; -2.950152, 1.166719, 3.184285 / -2.949430, 1.167639, 3.184868 / -2.950875, 1.165798, 3.183701; 1, 42, 1, 0; 0.314716092342; 1, 0, 1; 3, 2, 0; 2, 5, 2 / 3, 2, 1 / 3, 10, 2 / 4, 1, 1 / 4, 2, 1 ;
0,8; -2.942943, 1.169756, 3.180347 / -2.942943, 1.169756, 3.180347 / -2.942943, 1.169756, 3.180347; 1, 42, 1, 0; 0.314717761283; 1, 0, 1; 1, 0, 0; 2, 1, 2 ;
0,8; -2.942926, 1.171331, 3.180450 / -2.942926, 1.171331, 3.180450 / -2.942926, 1.171331, 3.180450; 1, 42, 1, 0; 0.314717990762; 1, 0, 1; 1, 0, 0; 2, 1, 2 ;
0,8; -2.953453, 1.169397, 3.194821 / -2.953453, 1.169397, 3.194821 / -2.953453, 1.169397, 3.194821; 1, 42, 1, 0; 0.314748845302; 1, 0, 1; 1, 0, 0; 2, 1, 2 ;
0,8; -2.963465, 1.168640, 3.188056 / -2.963465, 1.168640, 3.188056 / -2.963465, 1.168640, 3.188056; 1, 42, 1, 0; 0.314750910616; 1, 0, 1; 1, 0, 0; 3, 1, 2 / 4, 7, 0 ;
0,8; -2.973429, 1.175467, 3.194184 / -2.973429, 1.175467, 3.194184 / -2.973429, 1.175467, 3.194184; 1, 42, 1, 0; 0.314784310289; 1, 0, 1; 1, 0, 0; 3, 1, 2 ;
0,8; -2.972621, 1.171476, 3.198968 / -2.972621, 1.171476, 3.198968 / -2.972621, 1.171476, 3.198968; 1, 42, 1, 0; 0.314784852695; 1, 0, 1; 1, 0, 0; 2, 1, 2 ;
1,9; 1.44576, -3.18929, -2.68173 / 1.44602, -3.18879, -2.68083 / 1.4455, -3.18978, -2.68263; 1, 3, 1, 0; 0.476018738138; 2, 2, 1; 0, 3, 1; 1, 5, 1 / 3, 1, 0 / 3, 2, 0 / 4, 1, 1 / 4, 4, 0 / 4, 9, 1 ;
0,9; 1.448677, -3.200638, -2.700813 / 1.448738, -3.200415, -2.700422 / 1.448617, -3.200860, -2.701204; 1, 3, 1, 0; 0.476010702902; 2, 2, 1; 2, 1, 0; 1, 3, 0 / 2, 3, 1 / 3, 1, 2 / 3, 2, 0 / 4, 2, 1 ;
0,9; 1.446119, -3.190807, -2.685111 / 1.446480, -3.190663, -2.684237 / 1.445758, -3.190951, -2.685984; 1, 3, 1, 0; 0.476018669633; 2, 1, 1; 1, 1, 0; 3, 1, 2 / 4, 10, 1 ;
0,9; 1.284853, -3.217691, -3.066016 / 1.284853, -3.217691, -3.066016 / 1.284853, -3.217691, -3.066016; 1, 3, 1, 0; 0.454819908364; 1, 0, 1; 1, 0, 0; 3, 1, 2 ;
0,9; 1.448366, -3.191788, -2.683005 / 1.448366, -3.191788, -2.683005 / 1.448366, -3.191788, -2.683005; 1, 3, 1, 0; 0.476018242484; 1, 0, 1; 1, 0, 0; 3, 1, 2 ;
0,9; 1.445103, -3.191409, -2.686467 / 1.445758, -3.190951, -2.685984 / 1.444447, -3.191867, -2.686949; 1, 3, 1, 0; 0.476018641425; 1, 0, 1; 2, 0, 0; 1, 3, 0 / 2, 1, 2 / 3, 8, 2 ;
0,9; 1.445547, -3.188876, -2.680986 / 1.445784, -3.188420, -2.680159 / 1.445310, -3.189332, -2.681813; 1, 3, 1, 0; 0.476018754256; 0, 1, 0; 1, 2, 1; 1, 1, 1 / 2, 9, 1 / 4, 5, 1 ;
