1,1; 2.70617, -2.80601, -2.35148 / 2.70637, -2.8054, -2.35026 / 2.70596, -2.80663, -2.35269; 1, 3, 1, 0; 0.957161514686; 2, 2, 3; 1, 4, 1; 1, 1, 2 / 1, 2, 2 / 1, 7, 1 / 1, 8, 0 / 2, 4, 0 / 3, 5, 1 / 3, 7, 0 / 4, 5, 2 / 4, 10, 0 ;
0,1; 2.719192, -2.808216, -2.359036 / 2.719924, -2.807700, -2.358587 / 2.718459, -2.808732, -2.359484; 1, 3, 1, 0; 0.957154466729; 2, 3, 1; 1, 3, 1; 1, 1, 0 / 1, 5, 2 / 1, 6, 1 / 2, 2, 0 / 3, 10, 1 / 4, 1, 1 / 4, 2, 0 / 4, 3, 0 ;
0,1; 2.672133, -2.799253, -2.333678 / 2.672949, -2.798502, -2.333476 / 2.671316, -2.800003, -2.333880; 1, 3, 1, 0; 0.957179656427; 2, 1, 2; 1, 2, 1; 1, 1, 1 / 2, 5, 2 / 4, 3, 2 ;
0,1; 2.598053, -2.796982, -2.299787 / 2.598742, -2.796252, -2.299377 / 2.597364, -2.797713, -2.300197; 1, 3, 1, 0; 0.957094335441; 2, 3, 2; 3, 2, 0; 1, 4, 0 / 2, 5, 1 / 2, 6, 1 / 2, 7, 2 / 3, 1, 0 / 3, 2, 0 / 3, 3, 0 / 3, 4, 0 / 4, 1, 1 / 4, 7, 0 / 4, 10, 2 ;
0,1; 2.716725, -2.807682, -2.357643 / 2.717461, -2.806933, -2.356863 / 2.715990, -2.808432, -2.358423; 1, 3, 1, 0; 0.957154422402; 0, 5, 0; 3, 2, 0; 2, 1, 1 / 2, 2, 0 / 2, 8, 0 / 3, 4, 1 / 3, 5, 0 / 3, 6, 1 / 3, 8, 0 / 4, 1, 1 / 4, 3, 1 / 4, 7, 0 ;
0,1; 2.614427, -2.797992, -2.308597 / 2.614839, -2.797397, -2.308338 / 2.614016, -2.798587, -2.308855; 1, 3, 1, 0; 0.957089515911; 0, 4, 0; 4, 1, 0; 1, 1, 1 / 1, 3, 0 / 1, 7, 0 / 2, 5, 0 / 2, 6, 0 / 3, 3, 3 / 3, 4, 1 / 3, 5, 1 / 3, 6, 1 / 3, 7, 0 / 3, 8, 0 / 4, 8, 0 / 4, 9, 0 ;
0,1; 2.617646, -2.796466, -2.309479 / 2.618019, -2.795278, -2.308755 / 2.617273, -2.797653, -2.310204; 1, 3, 1, 0; 0.957089447406; 2, 2, 1; 2, 1, 0; 2, 1, 2 / 2, 5, 0 / 3, 9, 1 / 4, 1, 1 ;
0,1; 2.712634, -2.807678, -2.355501 / 2.712926, -2.807571, -2.355341 / 2.712342, -2.807784, -2.355660; 1, 3, 1, 0; 0.957161369617; 0, 3, 0; 2, 1, 0; 1, 2, 1 / 2, 1, 1 / 2, 2, 1 ;
0,1; 2.603528, -2.795494, -2.305578 / 2.603827, -2.795028, -2.305388 / 2.603230, -2.795959, -2.305769; 1, 3, 1, 0; 0.957087924177; 1, 0, 2; 1, 1, 0; 1, 1, 2 / 2, 4, 2 ;
0,1; 2.593669, -2.795708, -2.300747 / 2.593813, -2.795509, -2.299775 / 2.593525, -2.795908, -2.301718; 1, 3, 1, 0; 0.957094258876; 2, 1, 1; 1, 1, 0; 2, 6, 0 / 3, 6, 2 / 4, 1, 1 / 4, 7, 0 / 4, 10, 0 ;
0,1; 2.720943, -2.808753, -2.359899 / 2.721963, -2.808448, -2.359205 / 2.719924, -2.809058, -2.360592; 1, 3, 1, 0; 0.957154502996; 0, 2, 0; 2, 1, 0; 2, 5, 0 / 2, 6, 0 / 3, 1, 1 / 3, 2, 0 / 3, 10, 1 / 4, 7, 1 / 4, 10, 0 ;
0,1; 2.723498, -2.805030, -2.358962 / 2.724214, -2.805006, -2.358810 / 2.722783, -2.805054, -2.359113; 1, 3, 1, 0; 0.957154676273; 2, 1, 1; 1, 1, 0; 2, 1, 2 / 4, 1, 1 ;
0,1; 2.704239, -2.806683, -2.352948 / 2.704243, -2.806150, -2.352229 / 2.704234, -2.807216, -2.353667; 1, 3, 1, 0; 0.957161559013; 2, 1, 1; 1, 1, 0; 1, 1, 0 / 1, 8, 1 / 2, 1, 2 / 4, 2, 0 ;
0,1; 2.597234, -2.796461, -2.304053 / 2.597234, -2.796461, -2.304053 / 2.597234, -2.796461, -2.304053; 1, 3, 1, 0; 0.957087283454; 1, 0, 1; 0, 1, 0; 1, 1, 2 / 1, 4, 0 / 3, 8, 0 ;
0,1; 2.612620, -2.800682, -2.305243 / 2.612620, -2.800682, -2.305243 / 2.612620, -2.800682, -2.305243; 1, 3, 1, 0; 0.957089596505; 1, 0, 1; 0, 1, 0; 4, 1, 2 ;
0,1; 2.689920, -2.800677, -2.337335 / 2.689920, -2.800677, -2.337335 / 2.689920, -2.800677, -2.337335; 1, 3, 1, 0; 0.957172326390; 1, 0, 1; 0, 1, 0; 4, 1, 2 ;
0,1; 2.680543, -2.804502, -2.332402 / 2.680543, -2.804502, -2.332402 / 2.680543, -2.804502, -2.332402; 1, 3, 1, 0; 0.957180119843; 1, 0, 1; 0, 1, 0; 1, 1, 2 ;
0,1; 2.653449, -2.801284, -2.329727 / 2.653449, -2.801284, -2.329727 / 2.653449, -2.801284, -2.329727; 1, 3, 1, 0; 0.957194469630; 1, 0, 1; 0, 1, 0; 4, 1, 2 ;
0,1; 2.590509, -2.794699, -2.296361 / 2.590900, -2.794339, -2.295765 / 2.590117, -2.795059, -2.296956; 1, 3, 1, 0; 0.957094162163; 1, 0, 3; 3, 0, 0; 2, 2, 2 / 2, 4, 0 / 2, 6, 2 / 3, 1, 2 / 4, 8, 0 ;
0,1; 2.596488, -2.796321, -2.300722 / 2.597364, -2.796077, -2.300058 / 2.595612, -2.796566, -2.301386; 1, 3, 1, 0; 0.957094299174; 2, 2, 1; 3, 1, 0; 2, 2, 0 / 2, 6, 1 / 3, 1, 1 / 3, 8, 2 / 3, 9, 0 / 3, 10, 0 / 4, 4, 0 / 4, 9, 0 / 4, 10, 1 ;
0,1; 2.698138, -2.810007, -2.345371 / 2.698442, -2.809647, -2.345198 / 2.697833, -2.810367, -2.345545; 1, 3, 1, 0; 0.957167502831; 1, 0, 3; 3, 0, 0; 2, 1, 2 / 2, 2, 2 / 3, 4, 2 ;
0,1; 2.607051, -2.792885, -2.302939 / 2.607472, -2.792059, -2.302229 / 2.606629, -2.793712, -2.303650; 1, 3, 1, 0; 0.957088460128; 1, 0, 2; 2, 0, 0; 2, 9, 2 / 3, 1, 2 / 3, 10, 0 ;
0,1; 2.678483, -2.799578, -2.336350 / 2.679214, -2.799434, -2.336244 / 2.677752, -2.799722, -2.336456; 1, 3, 1, 0; 0.957179523447; 1, 0, 2; 2, 0, 0; 2, 1, 2 / 3, 6, 0 / 3, 7, 2 ;
0,1; 2.622205, -2.796507, -2.318687 / 2.622205, -2.796507, -2.318687 / 2.622205, -2.796507, -2.318687; 1, 3, 1, 0; 0.957082649291; 1, 0, 1; 1, 0, 0; 2, 1, 2 ;
0,1; 2.598369, -2.800322, -2.307541 / 2.598369, -2.800322, -2.307541 / 2.598369, -2.800322, -2.307541; 1, 3, 1, 0; 0.957086731384; 1, 0, 1; 1, 0, 0; 2, 1, 2 ;
0,1; 2.603847, -2.794441, -2.304398 / 2.603867, -2.793853, -2.303407 / 2.603827, -2.795028, -2.305388; 1, 3, 1, 0; 0.957087936266; 1, 0, 1; 2, 0, 0; 2, 1, 2 / 2, 10, 2 ;
0,1; 2.612292, -2.795402, -2.309458 / 2.612292, -2.795402, -2.309458 / 2.612292, -2.795402, -2.309458; 1, 3, 1, 0; 0.957089028317; 1, 0, 1; 1, 0, 0; 3, 1, 2 / 3, 9, 0 ;
0,1; 2.621682, -2.797155, -2.307035 / 2.621682, -2.797155, -2.307035 / 2.621682, -2.797155, -2.307035; 1, 3, 1, 0; 0.957089914852; 1, 0, 1; 1, 0, 0; 3, 1, 2 / 4, 10, 0 ;
0,1; 2.619629, -2.802697, -2.308078 / 2.619629, -2.802697, -2.308078 / 2.619629, -2.802697, -2.308078; 1, 3, 1, 0; 0.957090076041; 1, 0, 1; 1, 0, 0; 2, 1, 2 / 2, 4, 0 / 4, 1, 0 ;
0,1; 2.590617, -2.795170, -2.297912 / 2.590979, -2.795059, -2.296956 / 2.590254, -2.795281, -2.298868; 1, 3, 1, 0; 0.957094182312; 1, 0, 1; 2, 0, 0; 1, 8, 0 / 2, 1, 2 / 2, 9, 2 / 4, 3, 0 ;
0,1; 2.593460, -2.791642, -2.299065 / 2.593460, -2.791642, -2.299065 / 2.593460, -2.791642, -2.299065; 1, 3, 1, 0; 0.957094746471; 1, 0, 1; 1, 0, 0; 2, 1, 2 ;
0,1; 2.722248, -2.808610, -2.360422 / 2.722534, -2.808161, -2.360251 / 2.721963, -2.809058, -2.360592; 1, 3, 1, 0; 0.957154539263; 1, 0, 1; 2, 0, 0; 1, 4, 0 / 2, 4, 0 / 3, 1, 1 / 3, 3, 0 / 3, 6, 0 / 3, 10, 2 / 4, 1, 0 / 4, 7, 0 ;
0,1; 2.712224, -2.811555, -2.351404 / 2.712224, -2.811555, -2.351404 / 2.712224, -2.811555, -2.351404; 1, 3, 1, 0; 0.957160865903; 1, 0, 1; 1, 0, 0; 2, 1, 2 ;
0,1; 2.704558, -2.808609, -2.351455 / 2.704558, -2.808609, -2.351455 / 2.704558, -2.808609, -2.351455; 1, 3, 1, 0; 0.957161075448; 1, 0, 1; 1, 0, 0; 1, 1, 0 / 3, 1, 2 ;
0,1; 2.710770, -2.804150, -2.358891 / 2.710770, -2.804150, -2.358891 / 2.710770, -2.804150, -2.358891; 1, 3, 1, 0; 0.957161921687; 1, 0, 1; 1, 0, 0; 3, 1, 2 ;
0,1; 2.711602, -2.801254, -2.356486 / 2.711602, -2.801254, -2.356486 / 2.711602, -2.801254, -2.356486; 1, 3, 1, 0; 0.957162026459; 1, 0, 1; 1, 0, 0; 2, 7, 0 / 3, 1, 2 / 3, 5, 0 ;
0,1; 2.701923, -2.812398, -2.340768 / 2.701923, -2.812398, -2.340768 / 2.701923, -2.812398, -2.340768; 1, 3, 1, 0; 0.957166930612; 1, 0, 1; 1, 0, 0; 2, 1, 2 ;
0,1; 2.693075, -2.798318, -2.349600 / 2.693075, -2.798318, -2.349600 / 2.693075, -2.798318, -2.349600; 1, 3, 1, 0; 0.957169932744; 1, 0, 1; 1, 0, 0; 2, 1, 2 ;
0,1; 2.682782, -2.807757, -2.332629 / 2.682782, -2.807757, -2.332629 / 2.682782, -2.807757, -2.332629; 1, 3, 1, 0; 0.957173180688; 1, 0, 1; 1, 0, 0; 3, 1, 2 ;
0,1; 2.683430, -2.807896, -2.337210 / 2.683430, -2.807896, -2.337210 / 2.683430, -2.807896, -2.337210; 1, 3, 1, 0; 0.957173599778; 1, 0, 1; 1, 0, 0; 3, 1, 2 ;
0,1; 2.685826, -2.810406, -2.341267 / 2.685826, -2.810406, -2.341267 / 2.685826, -2.810406, -2.341267; 1, 3, 1, 0; 0.957174244531; 1, 0, 1; 1, 0, 0; 2, 1, 2 ;
0,1; 2.674835, -2.804109, -2.336407 / 2.674835, -2.804109, -2.336407 / 2.674835, -2.804109, -2.336407; 1, 3, 1, 0; 0.957180277002; 0, 1, 0; 1, 0, 0; 2, 1, 1 / 3, 5, 0 / 4, 3, 0 ;
0,1; 2.673597, -2.810105, -2.341068 / 2.673597, -2.810105, -2.341068 / 2.673597, -2.810105, -2.341068; 1, 3, 1, 0; 0.957181469795; 1, 0, 1; 1, 0, 0; 2, 1, 2 ;
0,1; 2.667063, -2.802500, -2.329611 / 2.667063, -2.802500, -2.329611 / 2.667063, -2.802500, -2.329611; 1, 3, 1, 0; 0.957187264514; 1, 0, 1; 1, 0, 0; 2, 1, 2 / 2, 4, 0 / 2, 7, 0 ;
0,1; 2.655690, -2.796508, -2.332019 / 2.655690, -2.796508, -2.332019 / 2.655690, -2.796508, -2.332019; 1, 3, 1, 0; 0.957193889352; 1, 0, 1; 1, 0, 0; 3, 1, 2 ;
0,1; 2.459048, -2.785401, -2.243527 / 2.459048, -2.785401, -2.243527 / 2.459048, -2.785401, -2.243527; 1, 3, 1, 0; 0.958956281709; 1, 0, 1; 1, 0, 0; 2, 1, 2 ;
0,1; 1.915540, -2.576184, -2.005822 / 1.916215, -2.575587, -2.005158 / 1.914865, -2.576782, -2.006485; 1, 8, 1, 0; 0.033448267045; 2, 2, 1; 2, 1, 0; 1, 5, 0 / 1, 10, 0 / 2, 5, 0 / 2, 6, 1 / 2, 7, 0 / 2, 8, 1 / 2, 9, 0 / 3, 1, 0 / 4, 1, 2 ;
0,1; 1.691393, -2.521852, -1.867634 / 1.691393, -2.521852, -1.867634 / 1.691393, -2.521852, -1.867634; 1, 8, 1, 0; 0.036641737772; 0, 1, 0; 0, 1, 0; 1, 1, 1 ;
0,1; 1.904083, -2.570794, -1.998890 / 1.904881, -2.570435, -1.998425 / 1.903286, -2.571153, -1.999355; 1, 8, 1, 0; 0.033450527265; 0, 2, 0; 2, 0, 0; 1, 9, 0 / 2, 1, 1 / 2, 2, 0 / 2, 8, 1 ;
0,1; 1.925872, -2.577954, -2.015788 / 1.925872, -2.577954, -2.015788 / 1.925872, -2.577954, -2.015788; 1, 8, 1, 0; 0.033438530714; 1, 0, 1; 1, 0, 0; 2, 1, 2 ;
0,1; 1.914411, -2.577612, -2.011012 / 1.914411, -2.577612, -2.011012 / 1.914411, -2.577612, -2.011012; 1, 8, 1, 0; 0.033439277302; 1, 0, 1; 1, 0, 0; 3, 1, 2 ;
0,1; 1.910913, -2.575177, -2.002780 / 1.910913, -2.575177, -2.002780 / 1.910913, -2.575177, -2.002780; 1, 8, 1, 0; 0.033448972725; 1, 0, 1; 1, 0, 0; 2, 1, 2 ;
0,1; 1.905113, -2.566045, -1.997409 / 1.905113, -2.566045, -1.997409 / 1.905113, -2.566045, -1.997409; 1, 8, 1, 0; 0.033451432376; 1, 0, 1; 1, 0, 0; 3, 1, 2 ;
0,1; 1.902323, -2.563918, -1.993975 / 1.902323, -2.563918, -1.993975 / 1.902323, -2.563918, -1.993975; 1, 8, 1, 0; 0.033451529535; 1, 0, 1; 1, 0, 0; 3, 1, 2 ;
0,1; 1.812055, -2.534547, -1.937633 / 1.812055, -2.534547, -1.937633 / 1.812055, -2.534547, -1.937633; 1, 8, 1, 0; 0.035866917029; 0, 1, 0; 1, 0, 0; 3, 1, 1 ;
1,2; -2.68134, 0.406205, 2.69876 / -2.68059, 0.406609, 2.69973 / -2.68209, 0.405801, 2.69779; 1, 36, 1, 0; 0.380748925010; 2, 4, 1; 2, 3, 1; 1, 1, 0 / 1, 6, 1 / 2, 3, 2 / 3, 1, 0 / 3, 10, 1 / 4, 1, 1 / 4, 9, 1 / 4, 10, 0 ;
0,2; -2.775943, 0.184629, 2.260936 / -2.775796, 0.184748, 2.261237 / -2.776090, 0.184511, 2.260634; 1, 36, 1, 0; 0.290093187305; 0, 3, 0; 1, 2, 0; 3, 2, 1 / 4, 1, 1 / 4, 2, 1 ;
0,2; -2.713354, 0.358282, 2.557589 / -2.713201, 0.358876, 2.558570 / -2.713507, 0.357688, 2.556608; 1, 36, 1, 0; 0.378810554358; 0, 5, 0; 5, 1, 0; 1, 1, 3 / 2, 1, 1 / 2, 6, 0 / 3, 6, 1 / 3, 7, 1 / 3, 8, 1 / 3, 9, 1 / 4, 1, 0 ;
0,2; -2.692156, 0.395415, 2.662295 / -2.691813, 0.395832, 2.663109 / -2.692500, 0.394998, 2.661481; 1, 36, 1, 0; 0.380687105010; 2, 2, 1; 2, 1, 0; 1, 1, 1 / 2, 7, 2 / 2, 8, 0 / 3, 5, 0 / 3, 6, 1 / 3, 10, 0 ;
0,2; -2.713761, 0.365263, 2.566289 / -2.713419, 0.365621, 2.566625 / -2.714103, 0.364906, 2.565952; 1, 36, 1, 0; 0.378832067047; 1, 0, 2; 1, 1, 0; 3, 1, 2 / 4, 3, 2 ;
0,2; -2.711458, 0.370053, 2.580505 / -2.711409, 0.370311, 2.580723 / -2.711507, 0.369794, 2.580286; 1, 36, 1, 0; 0.378854700458; 1, 0, 2; 1, 1, 0; 1, 2, 2 / 2, 1, 2 ;
0,2; -2.697213, 0.390575, 2.646877 / -2.697130, 0.390662, 2.647171 / -2.697295, 0.390487, 2.646583; 1, 36, 1, 0; 0.380665489266; 0, 2, 0; 1, 1, 0; 1, 1, 1 / 2, 1, 1 / 4, 3, 0 ;
0,2; -2.723833, 0.323252, 2.499685 / -2.722800, 0.323569, 2.500005 / -2.724867, 0.322935, 2.499365; 1, 36, 1, 0; 0.378192457419; 1, 0, 2; 2, 0, 0; 3, 1, 2 / 3, 10, 2 ;
0,2; -2.681238, 0.406302, 2.699575 / -2.680381, 0.406803, 2.700374 / -2.682094, 0.405801, 2.698776; 1, 36, 1, 0; 0.380748950773; 0, 2, 0; 4, 2, 1; 1, 4, 1 / 2, 1, 2 / 2, 9, 1 / 2, 10, 1 / 3, 8, 1 / 3, 9, 0 / 3, 10, 0 / 4, 7, 1 / 4, 8, 0 ;
0,2; -2.765078, 0.194727, 2.286557 / -2.765078, 0.194727, 2.286557 / -2.765078, 0.194727, 2.286557; 1, 36, 1, 0; 0.290143529575; 0, 1, 0; 1, 0, 0; 3, 1, 1 ;
0,2; -2.728434, 0.319046, 2.480678 / -2.728434, 0.319046, 2.480678 / -2.728434, 0.319046, 2.480678; 1, 36, 1, 0; 0.378199181745; 1, 0, 1; 1, 0, 0; 3, 1, 2 ;
0,2; -2.715824, 0.360202, 2.564435 / -2.715824, 0.360202, 2.564435 / -2.715824, 0.360202, 2.564435; 1, 36, 1, 0; 0.378810155020; 1, 0, 1; 1, 0, 0; 3, 1, 2 ;
0,2; -2.714231, 0.358288, 2.556016 / -2.713473, 0.358887, 2.556792 / -2.714989, 0.357688, 2.555240; 1, 36, 1, 0; 0.378810644530; 1, 0, 1; 3, 0, 0; 1, 7, 0 / 2, 6, 0 / 3, 1, 1 / 3, 2, 1 / 3, 6, 0 / 3, 10, 2 ;
0,2; -2.712856, 0.370916, 2.586315 / -2.712856, 0.370916, 2.586315 / -2.712856, 0.370916, 2.586315; 1, 36, 1, 0; 0.378854223830; 1, 0, 1; 1, 0, 0; 3, 1, 2 ;
0,2; -2.712181, 0.371308, 2.582540 / -2.712181, 0.371308, 2.582540 / -2.712181, 0.371308, 2.582540; 1, 36, 1, 0; 0.378854455703; 0, 1, 0; 1, 0, 0; 3, 1, 1 / 3, 5, 0 ;
0,2; -2.711135, 0.371362, 2.594882 / -2.711135, 0.371362, 2.594882 / -2.711135, 0.371362, 2.594882; 1, 36, 1, 0; 0.378877591506; 1, 0, 1; 1, 0, 0; 3, 1, 2 ;
0,2; -2.691809, 0.392561, 2.653969 / -2.691809, 0.392561, 2.653969 / -2.691809, 0.392561, 2.653969; 1, 36, 1, 0; 0.380664304135; 1, 0, 1; 1, 0, 0; 3, 1, 2 ;
0,2; -2.696085, 0.388002, 2.646090 / -2.696085, 0.388002, 2.646090 / -2.696085, 0.388002, 2.646090; 1, 36, 1, 0; 0.380665270274; 1, 0, 1; 1, 0, 0; 3, 1, 2 ;
0,2; -2.688570, 0.395373, 2.660364 / -2.688570, 0.395373, 2.660364 / -2.688570, 0.395373, 2.660364; 1, 36, 1, 0; 0.380685481897; 1, 0, 1; 1, 0, 0; 3, 1, 2 ;
0,2; -2.691808, 0.395648, 2.663694 / -2.691512, 0.395928, 2.664649 / -2.692104, 0.395367, 2.662739; 1, 36, 1, 0; 0.380687169420; 0, 1, 0; 3, 0, 0; 1, 8, 0 / 2, 2, 2 / 2, 3, 0 / 3, 1, 1 / 3, 5, 0 / 3, 7, 1 ;
0,2; -2.695997, 0.397222, 2.662104 / -2.695997, 0.397222, 2.662104 / -2.695997, 0.397222, 2.662104; 1, 36, 1, 0; 0.380689320689; 1, 0, 1; 1, 0, 0; 3, 1, 2 ;
0,2; -2.697934, 0.396415, 2.667241 / -2.697934, 0.396415, 2.667241 / -2.697934, 0.396415, 2.667241; 1, 36, 1, 0; 0.380689629853; 1, 0, 1; 1, 0, 0; 3, 1, 2 ;
0,2; -2.680967, 0.397614, 2.680634 / -2.680967, 0.397614, 2.680634 / -2.680967, 0.397614, 2.680634; 1, 36, 1, 0; 0.380729164251; 1, 0, 1; 1, 0, 0; 2, 1, 2 ;
0,2; -2.685084, 0.398327, 2.684747 / -2.685084, 0.398327, 2.684747 / -2.685084, 0.398327, 2.684747; 1, 36, 1, 0; 0.380729473416; 1, 0, 1; 1, 0, 0; 2, 1, 2 ;
0,2; -2.678388, 0.411491, 2.700102 / -2.678388, 0.411491, 2.700102 / -2.678388, 0.411491, 2.700102; 1, 36, 1, 0; 0.380747701234; 1, 0, 1; 1, 0, 0; 3, 1, 2 ;
0,2; -2.682801, 0.406208, 2.692239 / -2.682801, 0.406208, 2.692239 / -2.682801, 0.406208, 2.692239; 1, 36, 1, 0; 0.380748577200; 1, 0, 1; 1, 0, 0; 2, 1, 2 ;
0,2; -2.682373, 0.401347, 2.697698 / -2.682373, 0.401347, 2.697698 / -2.682373, 0.401347, 2.697698; 1, 36, 1, 0; 0.380751050515; 1, 0, 1; 1, 0, 0; 2, 1, 2 ;
0,2; -2.637146, 0.484275, 3.122774 / -2.636901, 0.484522, 3.124171 / -2.637391, 0.484028, 3.121376; 1, 41, 1, 0; 0.973774434333; 0, 4, 0; 2, 2, 1; 1, 1, 0 / 1, 3, 1 / 2, 1, 1 / 2, 9, 0 / 3, 9, 1 / 4, 2, 0 / 4, 8, 0 / 4, 9, 1 ;
0,2; -2.635832, 0.483175, 3.096631 / -2.635418, 0.483270, 3.097667 / -2.636246, 0.483080, 3.095595; 1, 41, 1, 0; 0.973790643919; 0, 5, 0; 3, 2, 0; 1, 6, 0 / 2, 1, 1 / 3, 2, 1 / 3, 3, 1 / 4, 1, 1 / 4, 2, 1 ;
0,2; -2.636529, 0.483123, 3.119537 / -2.635970, 0.483549, 3.120481 / -2.637087, 0.482697, 3.118594; 1, 41, 1, 0; 0.973776749989; 2, 1, 3; 3, 1, 0; 2, 6, 2 / 3, 1, 2 / 3, 5, 0 / 3, 8, 2 / 4, 9, 1 ;
0,2; -2.666484, 0.522166, 3.376996 / -2.666014, 0.522557, 3.377735 / -2.666954, 0.521775, 3.376256; 1, 41, 1, 0; 0.981213236368; 2, 2, 2; 3, 1, 0; 1, 2, 0 / 2, 1, 2 / 2, 2, 1 / 3, 4, 1 / 4, 5, 0 / 4, 8, 2 ;
0,2; -2.665433, 0.522308, 3.373005 / -2.665132, 0.522511, 3.373184 / -2.665735, 0.522106, 3.372827; 1, 41, 1, 0; 0.981215990120; 1, 0, 2; 1, 1, 0; 3, 2, 2 / 4, 1, 2 / 4, 10, 0 ;
0,2; -2.635399, 0.483924, 3.096438 / -2.635301, 0.484728, 3.096832 / -2.635497, 0.483119, 3.096043; 1, 41, 1, 0; 0.973790685643; 1, 0, 1; 1, 1, 0; 1, 4, 0 / 1, 10, 2 / 3, 1, 1 ;
0,2; -2.633195, 0.483380, 3.102981 / -2.632989, 0.483824, 3.103219 / -2.633401, 0.482935, 3.102742; 1, 41, 1, 0; 0.973788516020; 1, 0, 2; 2, 0, 0; 2, 1, 2 / 3, 1, 2 ;
0,2; -2.636324, 0.492559, 3.122601 / -2.636324, 0.492559, 3.122601 / -2.636324, 0.492559, 3.122601; 1, 41, 1, 0; 0.973770825249; 1, 0, 1; 1, 0, 0; 2, 1, 2 ;
0,2; -2.635021, 0.480409, 3.127773 / -2.635021, 0.480409, 3.127773 / -2.635021, 0.480409, 3.127773; 1, 41, 1, 0; 0.973775164495; 1, 0, 1; 1, 0, 0; 2, 1, 2 ;
0,2; -2.632207, 0.478867, 3.112420 / -2.632207, 0.478867, 3.112420 / -2.632207, 0.478867, 3.112420; 1, 41, 1, 0; 0.973782424387; 1, 0, 1; 1, 0, 0; 2, 1, 2 ;
0,2; -2.634013, 0.480476, 3.105045 / -2.634013, 0.480476, 3.105045 / -2.634013, 0.480476, 3.105045; 1, 41, 1, 0; 0.973785991747; 1, 0, 1; 1, 0, 0; 3, 1, 2 ;
0,2; -2.636032, 0.483467, 3.106712 / -2.636032, 0.483467, 3.106712 / -2.636032, 0.483467, 3.106712; 1, 41, 1, 0; 0.973786346397; 0, 1, 0; 1, 0, 0; 1, 4, 0 / 2, 4, 0 / 3, 1, 1 ;
0,2; -2.639194, 0.482080, 3.106886 / -2.639194, 0.482080, 3.106886 / -2.639194, 0.482080, 3.106886; 1, 41, 1, 0; 0.973786638462; 1, 0, 1; 1, 0, 0; 3, 1, 2 ;
0,2; -2.635847, 0.479751, 3.098907 / -2.635847, 0.479751, 3.098907 / -2.635847, 0.479751, 3.098907; 1, 41, 1, 0; 0.973787931891; 1, 0, 1; 1, 0, 0; 1, 3, 0 / 1, 5, 0 / 2, 10, 0 / 3, 1, 2 ;
0,2; -2.636850, 0.489923, 3.103783 / -2.636850, 0.489923, 3.103783 / -2.636850, 0.489923, 3.103783; 1, 41, 1, 0; 0.973792479754; 1, 0, 1; 1, 0, 0; 3, 1, 2 ;
0,2; -2.640653, 0.489025, 3.127120 / -2.640653, 0.489025, 3.127120 / -2.640653, 0.489025, 3.127120; 1, 41, 1, 0; 0.973810066215; 1, 0, 1; 1, 0, 0; 3, 1, 2 ;
0,2; -2.640095, 0.487289, 3.125263 / -2.640095, 0.487289, 3.125263 / -2.640095, 0.487289, 3.125263; 1, 41, 1, 0; 0.973810420865; 1, 0, 1; 1, 0, 0; 3, 1, 2 ;
0,2; -2.668203, 0.513534, 3.375962 / -2.668203, 0.513534, 3.375962 / -2.668203, 0.513534, 3.375962; 1, 41, 1, 0; 0.981175497449; 1, 0, 1; 1, 0, 0; 3, 1, 2 ;
0,2; -2.668073, 0.524098, 3.393524 / -2.668073, 0.524098, 3.393524 / -2.668073, 0.524098, 3.393524; 1, 41, 1, 0; 0.981206685776; 1, 0, 1; 1, 0, 0; 2, 1, 2 / 3, 1, 0 / 3, 2, 0 ;
0,2; -2.667272, 0.522684, 3.376254 / -2.666883, 0.523592, 3.376385 / -2.667662, 0.521775, 3.376122; 1, 41, 1, 0; 0.981213132059; 0, 1, 0; 4, 0, 0; 1, 7, 0 / 2, 5, 0 / 2, 6, 2 / 2, 7, 1 / 3, 1, 1 / 3, 9, 1 / 4, 10, 0 ;
0,2; -2.666076, 0.523902, 3.373783 / -2.666076, 0.523902, 3.373783 / -2.666076, 0.523902, 3.373783; 1, 41, 1, 0; 0.981215760641; 0, 1, 0; 1, 0, 0; 3, 1, 1 / 4, 2, 0 ;
0,2; -2.692151, 0.541965, 3.462901 / -2.692045, 0.542468, 3.463187 / -2.692257, 0.541462, 3.462614; 1, 44, 1, 0; 0.936657098483; 2, 2, 2; 1, 3, 1; 1, 3, 1 / 1, 4, 3 / 2, 1, 2 / 3, 2, 0 / 3, 5, 0 / 3, 6, 0 / 4, 8, 2 ;
0,2; -2.687770, 0.538156, 3.448369 / -2.687594, 0.538212, 3.448930 / -2.687946, 0.538101, 3.447808; 1, 44, 1, 0; 0.936651551710; 0, 2, 0; 0, 2, 1; 1, 1, 1 / 4, 7, 1 ;
0,2; -2.688073, 0.537454, 3.449510 / -2.687705, 0.538212, 3.450089 / -2.688442, 0.536696, 3.448930; 1, 44, 1, 0; 0.936651670569; 2, 1, 1; 1, 2, 1; 1, 6, 0 / 1, 9, 2 / 1, 10, 0 / 2, 6, 1 / 2, 9, 0 / 2, 10, 0 / 4, 1, 1 ;
0,2; -2.702383, 0.555388, 3.524869 / -2.701227, 0.555677, 3.524947 / -2.703540, 0.555098, 3.524791; 1, 44, 1, 0; 0.937594740867; 1, 0, 2; 1, 1, 0; 3, 1, 2 / 4, 10, 2 ;
0,2; -2.685226, 0.538263, 3.460161 / -2.685226, 0.538263, 3.460161 / -2.685226, 0.538263, 3.460161; 1, 44, 1, 0; 0.936620806739; 1, 0, 1; 0, 1, 0; 4, 1, 2 ;
0,2; -2.689628, 0.540525, 3.458323 / -2.689628, 0.540525, 3.458323 / -2.689628, 0.540525, 3.458323; 1, 44, 1, 0; 0.936654859964; 0, 1, 0; 0, 1, 0; 1, 5, 0 / 2, 8, 0 / 2, 9, 0 / 4, 1, 1 ;
0,2; -2.687127, 0.536995, 3.452556 / -2.686950, 0.537308, 3.452907 / -2.687303, 0.536682, 3.452206; 1, 44, 1, 0; 0.936652126197; 1, 0, 2; 2, 0, 0; 2, 1, 2 / 2, 7, 2 / 2, 10, 0 ;
0,2; -2.683181, 0.531152, 3.447649 / -2.683181, 0.531152, 3.447649 / -2.683181, 0.531152, 3.447649; 1, 44, 1, 0; 0.936612486579; 1, 0, 1; 1, 0, 0; 2, 1, 2 ;
0,2; -2.682355, 0.534319, 3.447868 / -2.682355, 0.534319, 3.447868 / -2.682355, 0.534319, 3.447868; 1, 44, 1, 0; 0.936615002437; 1, 0, 1; 1, 0, 0; 2, 1, 2 ;
0,2; -2.684280, 0.540931, 3.457753 / -2.684280, 0.540931, 3.457753 / -2.684280, 0.540931, 3.457753; 1, 44, 1, 0; 0.936618627649; 1, 0, 1; 1, 0, 0; 3, 1, 2 ;
0,2; -2.685850, 0.532187, 3.448268 / -2.685850, 0.532187, 3.448268 / -2.685850, 0.532187, 3.448268; 1, 44, 1, 0; 0.936649154711; 1, 0, 1; 1, 0, 0; 1, 6, 0 / 2, 1, 2 / 3, 1, 0 ;
0,2; -2.688923, 0.537259, 3.454388 / -2.688923, 0.537259, 3.454388 / -2.688923, 0.537259, 3.454388; 1, 44, 1, 0; 0.936652482775; 0, 1, 0; 1, 0, 0; 3, 1, 1 ;
0,2; -2.697271, 0.539718, 3.461919 / -2.697271, 0.539718, 3.461919 / -2.697271, 0.539718, 3.461919; 1, 44, 1, 0; 0.936656464566; 1, 0, 1; 1, 0, 0; 2, 1, 2 ;
0,2; -2.695888, 0.542116, 3.461718 / -2.695888, 0.542116, 3.461718 / -2.695888, 0.542116, 3.461718; 1, 44, 1, 0; 0.936656682475; 1, 0, 1; 1, 0, 0; 3, 1, 2 / 4, 4, 0 ;
0,2; -2.691976, 0.541671, 3.463175 / -2.691696, 0.541879, 3.463607 / -2.692257, 0.541462, 3.462743; 1, 44, 1, 0; 0.936657138103; 0, 1, 0; 1, 3, 1; 1, 1, 1 / 1, 2, 3 / 1, 10, 0 / 2, 10, 1 / 3, 3, 0 / 3, 4, 0 / 4, 6, 2 ;
0,2; -2.704839, 0.553881, 3.527471 / -2.704839, 0.553881, 3.527471 / -2.704839, 0.553881, 3.527471; 1, 44, 1, 0; 0.937594503148; 1, 0, 1; 1, 0, 0; 2, 1, 2 ;
0,2; -2.706018, 0.556649, 3.532104 / -2.706018, 0.556649, 3.532104 / -2.706018, 0.556649, 3.532104; 1, 44, 1, 0; 0.937596543568; 1, 0, 1; 1, 0, 0; 3, 1, 2 ;
0,2; -2.707290, 0.557209, 3.553805 / -2.707290, 0.557209, 3.553805 / -2.707290, 0.557209, 3.553805; 1, 44, 1, 0; 0.937667958272; 1, 0, 1; 1, 0, 0; 3, 1, 2 ;
0,2; -2.707024, 0.557964, 3.552958 / -2.707024, 0.557964, 3.552958 / -2.707024, 0.557964, 3.552958; 1, 44, 1, 0; 0.937668156371; 1, 0, 1; 1, 0, 0; 3, 1, 2 ;
1,3; -2.28628, 3.87932, -1.12976 / -2.28595, 3.88035, -1.12929 / -2.28662, 3.87828, -1.13023; 1, 7, 1, 0; 0.798313257263; 0, 6, 0; 3, 3, 0; 1, 3, 0 / 2, 5, 1 / 3, 1, 1 / 3, 8, 1 / 4, 1, 1 / 4, 2, 1 / 4, 3, 0 / 4, 8, 1 / 4, 10, 0 ;
0,3; -2.295751, 3.822548, -1.143584 / -2.295529, 3.823081, -1.143173 / -2.295973, 3.822014, -1.143995; 1, 7, 1, 0; 0.799772167796; 2, 3, 1; 2, 2, 0; 1, 1, 1 / 1, 2, 2 / 2, 1, 1 / 3, 3, 1 ;
0,3; -2.298535, 3.814313, -1.145541 / -2.297774, 3.815177, -1.145109 / -2.299296, 3.813450, -1.145973; 1, 7, 1, 0; 0.799771901888; 2, 2, 2; 3, 1, 0; 2, 9, 2 / 3, 1, 1 / 3, 8, 2 / 4, 1, 0 / 4, 2, 0 / 4, 3, 1 ;
0,3; -2.108976, 2.810696, -1.221050 / -2.108902, 2.811012, -1.221048 / -2.109050, 2.810380, -1.221052; 1, 7, 1, 0; 0.724971200095; 0, 2, 0; 1, 1, 0; 1, 1, 0 / 3, 1, 1 / 4, 1, 1 / 4, 2, 0 ;
0,3; -2.329650, 3.586900, -1.209688 / -2.329521, 3.587248, -1.209669 / -2.329778, 3.586551, -1.209708; 1, 7, 1, 0; 0.794013490751; 0, 2, 0; 1, 1, 0; 3, 2, 1 / 3, 8, 0 / 4, 1, 1 / 4, 10, 0 ;
0,3; -2.307813, 3.732931, -1.164016 / -2.307631, 3.733594, -1.163686 / -2.307995, 3.732268, -1.164346; 1, 7, 1, 0; 0.798753805811; 1, 0, 2; 1, 1, 0; 1, 5, 2 / 2, 1, 2 ;
0,3; -2.300526, 3.798986, -1.150818 / -2.299952, 3.799236, -1.150811 / -2.301100, 3.798735, -1.150826; 1, 7, 1, 0; 0.799777879709; 1, 0, 2; 1, 1, 0; 1, 1, 2 / 1, 5, 0 / 2, 4, 2 / 2, 5, 0 / 4, 8, 0 ;
0,3; -2.103987, 2.795380, -1.220227 / -2.103987, 2.795380, -1.220227 / -2.103987, 2.795380, -1.220227; 1, 7, 1, 0; 0.724967252381; 1, 0, 1; 0, 1, 0; 1, 7, 0 / 4, 1, 2 ;
0,3; -2.114687, 2.811227, -1.219769 / -2.114687, 2.811227, -1.219769 / -2.114687, 2.811227, -1.219769; 1, 7, 1, 0; 0.724971312595; 1, 0, 1; 0, 1, 0; 4, 1, 2 ;
0,3; -2.328898, 3.576333, -1.210926 / -2.328898, 3.576333, -1.210926 / -2.328898, 3.576333, -1.210926; 1, 7, 1, 0; 0.794006065775; 1, 0, 1; 0, 1, 0; 4, 1, 2 ;
0,3; -2.330034, 3.573270, -1.215487 / -2.330034, 3.573270, -1.215487 / -2.330034, 3.573270, -1.215487; 1, 7, 1, 0; 0.794006950432; 1, 0, 1; 0, 1, 0; 1, 1, 2 / 1, 7, 0 ;
0,3; -2.329431, 3.589349, -1.211611 / -2.329431, 3.589349, -1.211611 / -2.329431, 3.589349, -1.211611; 1, 7, 1, 0; 0.794012856662; 1, 0, 1; 0, 1, 0; 1, 1, 2 / 2, 2, 0 / 3, 6, 0 ;
0,3; -2.327500, 3.615314, -1.197439 / -2.327500, 3.615314, -1.197439 / -2.327500, 3.615314, -1.197439; 1, 7, 1, 0; 0.794889152070; 1, 0, 1; 0, 1, 0; 4, 1, 2 ;
0,3; -2.294813, 3.822848, -1.141430 / -2.294813, 3.822848, -1.141430 / -2.294813, 3.822848, -1.141430; 1, 7, 1, 0; 0.799772827453; 1, 0, 1; 0, 1, 0; 2, 6, 0 / 3, 2, 0 / 4, 1, 2 ;
0,3; -2.294956, 3.821496, -1.139836 / -2.294956, 3.821496, -1.139836 / -2.294956, 3.821496, -1.139836; 1, 7, 1, 0; 0.799772878589; 1, 0, 1; 0, 1, 0; 1, 1, 2 / 1, 3, 0 / 2, 2, 0 ;
0,3; -2.301425, 3.789421, -1.147740 / -2.301425, 3.789421, -1.147740 / -2.301425, 3.789421, -1.147740; 1, 7, 1, 0; 0.799777429711; 1, 0, 1; 0, 1, 0; 4, 1, 2 ;
0,3; -2.299540, 3.793016, -1.150646 / -2.299540, 3.793016, -1.150646 / -2.299540, 3.793016, -1.150646; 1, 7, 1, 0; 0.799777649596; 0, 1, 0; 0, 1, 0; 1, 1, 1 ;
0,3; -2.299708, 3.797038, -1.150394 / -2.299708, 3.797038, -1.150394 / -2.299708, 3.797038, -1.150394; 1, 7, 1, 0; 0.799777813232; 1, 0, 1; 0, 1, 0; 1, 1, 2 ;
0,3; -2.307561, 3.738112, -1.162982 / -2.306761, 3.738802, -1.162592 / -2.308361, 3.737423, -1.163371; 1, 7, 1, 0; 0.798754445014; 1, 0, 3; 3, 0, 0; 2, 1, 2 / 3, 4, 2 / 3, 10, 2 ;
0,3; -2.105157, 2.786203, -1.221601 / -2.104772, 2.786578, -1.221415 / -2.105542, 2.785827, -1.221788; 1, 7, 1, 0; 0.724967584766; 1, 0, 2; 2, 0, 0; 2, 6, 2 / 3, 1, 2 / 3, 4, 0 ;
0,3; -2.329036, 3.595024, -1.211749 / -2.328714, 3.595046, -1.211674 / -2.329358, 3.595001, -1.211824; 1, 7, 1, 0; 0.794012647004; 1, 0, 2; 2, 0, 0; 3, 1, 2 / 3, 2, 2 / 4, 7, 0 ;
0,3; -2.331795, 3.585069, -1.203058 / -2.331465, 3.585137, -1.202540 / -2.332126, 3.585001, -1.203576; 1, 7, 1, 0; 0.794014094158; 1, 0, 2; 2, 0, 0; 2, 1, 2 / 3, 1, 2 / 3, 10, 0 / 4, 10, 0 ;
0,3; -2.322873, 3.624458, -1.192881 / -2.322458, 3.624600, -1.191800 / -2.323288, 3.624315, -1.193962; 1, 7, 1, 0; 0.794880612325; 1, 0, 2; 2, 0, 0; 2, 1, 2 / 3, 10, 2 ;
0,3; -2.327686, 3.630975, -1.192674 / -2.326970, 3.631098, -1.192236 / -2.328402, 3.630851, -1.193112; 1, 7, 1, 0; 0.794890691269; 2, 1, 1; 2, 0, 0; 2, 1, 2 / 2, 9, 1 ;
0,3; -2.280841, 3.883449, -1.128851 / -2.280749, 3.883693, -1.128598 / -2.280934, 3.883205, -1.129105; 1, 7, 1, 0; 0.798312479993; 1, 0, 2; 2, 0, 0; 1, 6, 0 / 2, 1, 2 / 2, 3, 2 / 3, 5, 0 ;
0,3; -2.035802, 2.656077, -1.272295 / -2.035802, 2.656077, -1.272295 / -2.035802, 2.656077, -1.272295; 1, 7, 1, 0; 0.357624887373; 1, 0, 1; 1, 0, 0; 2, 1, 2 ;
0,3; -2.101865, 2.811665, -1.219850 / -2.101865, 2.811665, -1.219850 / -2.101865, 2.811665, -1.219850; 1, 7, 1, 0; 0.724962138761; 1, 0, 1; 1, 0, 0; 2, 1, 2 ;
0,3; -2.106851, 2.786127, -1.217897 / -2.106851, 2.786127, -1.217897 / -2.106851, 2.786127, -1.217897; 1, 7, 1, 0; 0.724966935336; 1, 0, 1; 1, 0, 0; 3, 1, 2 ;
0,3; -2.104355, 2.786626, -1.221636 / -2.103938, 2.786674, -1.221483 / -2.104772, 2.786578, -1.221788; 1, 7, 1, 0; 0.724967610334; 0, 1, 0; 2, 0, 0; 2, 1, 2 / 2, 7, 0 / 3, 7, 1 ;
0,3; -2.106432, 2.813838, -1.223001 / -2.106432, 2.813838, -1.223001 / -2.106432, 2.813838, -1.223001; 1, 7, 1, 0; 0.724971041573; 1, 0, 1; 1, 0, 0; 3, 1, 2 ;
0,3; -2.318777, 3.582391, -1.204781 / -2.318777, 3.582391, -1.204781 / -2.318777, 3.582391, -1.204781; 1, 7, 1, 0; 0.794005037938; 1, 0, 1; 1, 0, 0; 3, 1, 2 ;
0,3; -2.331414, 3.590469, -1.204747 / -2.331414, 3.590469, -1.204747 / -2.331414, 3.590469, -1.204747; 1, 7, 1, 0; 0.794013368024; 1, 0, 1; 1, 0, 0; 2, 1, 2 ;
0,3; -2.332374, 3.576147, -1.209173 / -2.332374, 3.576147, -1.209173 / -2.332374, 3.576147, -1.209173; 1, 7, 1, 0; 0.794015014610; 0, 1, 0; 1, 0, 0; 2, 1, 1 ;
0,3; -2.336177, 3.565519, -1.217580 / -2.336177, 3.565519, -1.217580 / -2.336177, 3.565519, -1.217580; 1, 7, 1, 0; 0.794016415741; 1, 0, 1; 1, 0, 0; 2, 1, 2 / 2, 8, 0 / 4, 4, 0 ;
0,3; -2.336878, 3.566405, -1.221991 / -2.336878, 3.566405, -1.221991 / -2.336878, 3.566405, -1.221991; 1, 7, 1, 0; 0.794017095853; 1, 0, 1; 1, 0, 0; 3, 1, 2 ;
0,3; -2.322620, 3.625265, -1.194319 / -2.322458, 3.625930, -1.193962 / -2.322781, 3.624600, -1.194676; 1, 7, 1, 0; 0.794880658348; 1, 0, 1; 2, 0, 0; 1, 8, 0 / 3, 1, 2 / 3, 5, 2 ;
0,3; -2.328223, 3.612884, -1.197646 / -2.328223, 3.612884, -1.197646 / -2.328223, 3.612884, -1.197646; 1, 7, 1, 0; 0.794889065138; 1, 0, 1; 1, 0, 0; 2, 1, 2 ;
0,3; -2.332483, 3.629786, -1.194838 / -2.332483, 3.629786, -1.194838 / -2.332483, 3.629786, -1.194838; 1, 7, 1, 0; 0.794890537861; 1, 0, 1; 1, 0, 0; 3, 1, 2 ;
0,3; -2.330483, 3.630764, -1.194404 / -2.330483, 3.630764, -1.194404 / -2.330483, 3.630764, -1.194404; 1, 7, 1, 0; 0.794890599224; 1, 0, 1; 1, 0, 0; 2, 1, 2 ;
0,3; -2.290210, 3.886280, -1.125533 / -2.290210, 3.886280, -1.125533 / -2.290210, 3.886280, -1.125533; 1, 7, 1, 0; 0.798312786810; 1, 0, 1; 1, 0, 0; 2, 1, 2 ;
0,3; -2.295121, 3.874890, -1.125414 / -2.295121, 3.874890, -1.125414 / -2.295121, 3.874890, -1.125414; 1, 7, 1, 0; 0.798313993624; 1, 0, 1; 1, 0, 0; 2, 1, 2 ;
0,3; -2.309101, 3.722229, -1.169746 / -2.309101, 3.722229, -1.169746 / -2.309101, 3.722229, -1.169746; 1, 7, 1, 0; 0.798743563231; 1, 0, 1; 1, 0, 0; 3, 1, 2 ;
0,3; -2.309402, 3.726453, -1.169409 / -2.309402, 3.726453, -1.169409 / -2.309402, 3.726453, -1.169409; 1, 7, 1, 0; 0.798744151298; 1, 0, 1; 1, 0, 0; 2, 4, 0 / 2, 6, 0 / 3, 1, 2 ;
0,3; -2.306387, 3.733740, -1.163376 / -2.306387, 3.733740, -1.163376 / -2.306387, 3.733740, -1.163376; 1, 7, 1, 0; 0.798753877402; 1, 0, 1; 1, 0, 0; 2, 1, 2 ;
0,3; -2.309078, 3.739173, -1.162137 / -2.308361, 3.739545, -1.161683 / -2.309795, 3.738802, -1.162592; 1, 7, 1, 0; 0.798754409218; 1, 0, 1; 2, 0, 0; 2, 5, 0 / 2, 6, 0 / 2, 8, 2 / 3, 1, 2 ;
0,3; -2.308892, 3.741760, -1.156166 / -2.308892, 3.741760, -1.156166 / -2.308892, 3.741760, -1.156166; 1, 7, 1, 0; 0.798754910353; 1, 0, 1; 1, 0, 0; 3, 1, 2 ;
0,3; -2.300526, 3.742313, -1.162090 / -2.300526, 3.742313, -1.162090 / -2.300526, 3.742313, -1.162090; 1, 7, 1, 0; 0.798755339897; 1, 0, 1; 1, 0, 0; 2, 1, 2 ;
0,3; -2.297872, 3.809181, -1.153702 / -2.297872, 3.809181, -1.153702 / -2.297872, 3.809181, -1.153702; 1, 7, 1, 0; 0.799770439393; 1, 0, 1; 1, 0, 0; 2, 1, 2 ;
0,3; -2.297520, 3.812273, -1.150788 / -2.297520, 3.812273, -1.150788 / -2.297520, 3.812273, -1.150788; 1, 7, 1, 0; 0.799771042800; 1, 0, 1; 1, 0, 0; 2, 8, 0 / 3, 1, 2 / 3, 2, 0 ;
0,3; -2.294300, 3.813229, -1.145891 / -2.294300, 3.813229, -1.145891 / -2.294300, 3.813229, -1.145891; 1, 7, 1, 0; 0.799771830297; 1, 0, 1; 1, 0, 0; 2, 1, 2 ;
0,3; -2.300118, 3.818903, -1.144856 / -2.300118, 3.818903, -1.144856 / -2.300118, 3.818903, -1.144856; 1, 7, 1, 0; 0.799772039956; 1, 0, 1; 1, 0, 0; 2, 1, 2 ;
0,3; -2.300783, 3.818273, -1.141407 / -2.300783, 3.818273, -1.141407 / -2.300783, 3.818273, -1.141407; 1, 7, 1, 0; 0.799772643363; 0, 1, 0; 1, 0, 0; 2, 1, 1 / 3, 1, 0 ;
0,3; -2.299725, 3.797477, -1.140783 / -2.299725, 3.797477, -1.140783 / -2.299725, 3.797477, -1.140783; 1, 7, 1, 0; 0.799776391646; 1, 0, 1; 1, 0, 0; 2, 1, 2 ;
0,3; -2.299925, 3.790669, -1.148583 / -2.299925, 3.790669, -1.148583 / -2.299925, 3.790669, -1.148583; 1, 7, 1, 0; 0.799777531983; 1, 0, 1; 1, 0, 0; 3, 1, 2 ;
0,3; -2.304921, 3.802719, -1.150785 / -2.304921, 3.802719, -1.150785 / -2.304921, 3.802719, -1.150785; 1, 7, 1, 0; 0.799778610957; 1, 0, 1; 1, 0, 0; 3, 1, 2 ;
1,4; 3.85464, -1.72991, -0.12018 / 3.85473, -1.72912, -0.119296 / 3.85454, -1.7307, -0.121063; 1, 15, 1, 0; 0.587587223008; 2, 3, 1; 2, 2, 1; 1, 6, 1 / 2, 1, 1 / 3, 2, 0 / 3, 4, 2 / 4, 3, 1 / 4, 9, 0 ;
0,4; 3.764882, -2.157172, 0.019172 / 3.765129, -2.156332, 0.019526 / 3.764636, -2.158012, 0.018817; 1, 15, 1, 0; 0.682426358707; 2, 3, 1; 2, 2, 1; 1, 1, 1 / 2, 3, 2 / 3, 5, 1 / 3, 8, 0 / 4, 7, 1 ;
0,4; 3.786610, -2.462843, 0.005530 / 3.786980, -2.462276, 0.005867 / 3.786240, -2.463410, 0.005193; 1, 15, 1, 0; 0.688086029585; 2, 2, 1; 1, 2, 1; 1, 1, 1 / 1, 6, 0 / 1, 7, 0 / 2, 1, 2 / 3, 6, 0 / 4, 6, 3 ;
0,4; 3.790308, -1.979543, -0.053570 / 3.790744, -1.979073, -0.053110 / 3.789873, -1.980012, -0.054030; 1, 15, 1, 0; 0.498951622841; 2, 4, 1; 3, 2, 0; 3, 1, 2 / 3, 3, 1 / 3, 4, 1 / 4, 1, 0 / 4, 3, 1 / 4, 4, 1 ;
0,4; 3.842493, -1.553355, -0.146528 / 3.842933, -1.552326, -0.146277 / 3.842053, -1.554383, -0.146779; 1, 15, 1, 0; 0.587774527453; 2, 4, 1; 3, 2, 0; 2, 4, 2 / 2, 5, 1 / 3, 1, 1 / 4, 1, 1 / 4, 10, 1 ;
0,4; 3.795150, -1.951723, -0.066455 / 3.795826, -1.951172, -0.066358 / 3.794474, -1.952273, -0.066552; 1, 15, 1, 0; 0.498977587491; 2, 2, 1; 1, 2, 0; 1, 2, 0 / 2, 4, 1 / 4, 1, 1 / 4, 9, 2 ;
0,4; 3.855005, -1.734481, -0.121303 / 3.855118, -1.733511, -0.121246 / 3.854891, -1.735450, -0.121360; 1, 15, 1, 0; 0.587588113722; 0, 4, 0; 3, 1, 0; 2, 5, 1 / 2, 6, 0 / 3, 5, 1 / 3, 6, 1 / 3, 7, 0 / 4, 1, 1 / 4, 4, 0 ;
0,4; 3.852648, -1.728777, -0.121332 / 3.853044, -1.728115, -0.121235 / 3.852252, -1.729439, -0.121429; 1, 15, 1, 0; 0.587587149340; 2, 1, 1; 1, 1, 0; 1, 7, 2 / 2, 1, 1 / 4, 7, 0 ;
0,4; 3.792133, -2.464358, 0.006763 / 3.792729, -2.463558, 0.007056 / 3.791537, -2.465158, 0.006471; 1, 15, 1, 0; 0.688073773895; 1, 0, 2; 1, 1, 0; 2, 1, 2 / 4, 9, 2 ;
0,4; 3.794591, -1.966151, -0.061246 / 3.794591, -1.966151, -0.061246 / 3.794591, -1.966151, -0.061246; 1, 15, 1, 0; 0.498964749153; 1, 0, 1; 0, 1, 0; 1, 1, 2 ;
0,4; 3.828141, -1.867452, -0.095202 / 3.828141, -1.867452, -0.095202 / 3.828141, -1.867452, -0.095202; 1, 15, 1, 0; 0.499752267637; 1, 0, 1; 0, 1, 0; 1, 1, 2 / 2, 4, 0 / 2, 10, 0 / 4, 8, 0 ;
0,4; 3.856097, -1.720887, -0.123507 / 3.856097, -1.720887, -0.123507 / 3.856097, -1.720887, -0.123507; 1, 15, 1, 0; 0.587586097896; 1, 0, 1; 0, 1, 0; 4, 1, 2 ;
0,4; 3.855202, -1.731479, -0.121044 / 3.855821, -1.730696, -0.121025 / 3.854583, -1.732262, -0.121063; 1, 15, 1, 0; 0.587587256494; 1, 0, 1; 0, 2, 0; 1, 1, 1 / 1, 10, 2 / 4, 4, 0 ;
0,4; 3.857025, -1.732694, -0.123228 / 3.857025, -1.732694, -0.123228 / 3.857025, -1.732694, -0.123228; 1, 15, 1, 0; 0.587587390435; 1, 0, 1; 0, 1, 0; 1, 1, 2 ;
0,4; 3.839737, -1.555749, -0.146651 / 3.839737, -1.555749, -0.146651 / 3.839737, -1.555749, -0.146651; 1, 15, 1, 0; 0.587773763984; 1, 0, 1; 0, 1, 0; 1, 1, 2 ;
0,4; 3.843260, -1.582749, -0.136529 / 3.843260, -1.582749, -0.136529 / 3.843260, -1.582749, -0.136529; 1, 15, 1, 0; 0.587780380717; 1, 0, 1; 0, 1, 0; 1, 1, 2 ;
0,4; 3.766855, -2.142284, 0.013047 / 3.766855, -2.142284, 0.013047 / 3.766855, -2.142284, 0.013047; 1, 15, 1, 0; 0.682418569982; 0, 1, 0; 0, 1, 0; 1, 1, 1 / 1, 3, 0 / 2, 4, 0 / 4, 10, 0 ;
0,4; 3.771382, -2.136309, 0.015151 / 3.771382, -2.136309, 0.015151 / 3.771382, -2.136309, 0.015151; 1, 15, 1, 0; 0.682419500879; 1, 0, 1; 0, 1, 0; 1, 1, 2 ;
0,4; 3.762989, -2.161476, 0.019875 / 3.762989, -2.161476, 0.019875 / 3.762989, -2.161476, 0.019875; 1, 15, 1, 0; 0.682426244857; 0, 1, 0; 0, 1, 0; 3, 3, 0 / 4, 1, 1 / 4, 4, 0 ;
0,4; 3.758119, -2.163286, 0.015446 / 3.758119, -2.163286, 0.015446 / 3.758119, -2.163286, 0.015446; 1, 15, 1, 0; 0.682426907869; 1, 0, 1; 0, 1, 0; 1, 1, 2 ;
0,4; 3.783961, -2.462483, 0.003001 / 3.783961, -2.462483, 0.003001 / 3.783961, -2.462483, 0.003001; 1, 15, 1, 0; 0.688086786357; 0, 1, 0; 0, 1, 0; 4, 1, 1 ;
0,4; 3.781404, -2.444635, 0.006953 / 3.781404, -2.444635, 0.006953 / 3.781404, -2.444635, 0.006953; 1, 15, 1, 0; 0.688088822275; 0, 1, 0; 0, 1, 0; 4, 1, 1 ;
0,4; 3.785542, -2.449544, 0.008274 / 3.785975, -2.449197, 0.009339 / 3.785108, -2.449891, 0.007208; 1, 15, 1, 0; 0.688088105686; 1, 0, 3; 3, 0, 0; 2, 2, 0 / 2, 8, 0 / 3, 1, 2 / 3, 3, 0 / 3, 6, 0 / 3, 7, 2 / 3, 10, 2 / 4, 7, 0 ;
0,4; 3.792669, -1.948538, -0.066811 / 3.792992, -1.948453, -0.066406 / 3.792345, -1.948623, -0.067216; 1, 15, 1, 0; 0.498977373184; 1, 0, 2; 2, 0, 0; 2, 1, 2 / 3, 1, 2 ;
0,4; 3.842784, -1.555261, -0.145993 / 3.843242, -1.554383, -0.145685 / 3.842326, -1.556138, -0.146301; 1, 15, 1, 0; 0.587774587727; 2, 1, 1; 2, 1, 0; 2, 4, 2 / 2, 7, 1 / 4, 1, 1 ;
0,4; 3.764867, -2.158689, 0.019439 / 3.765075, -2.157636, 0.020060 / 3.764659, -2.159742, 0.018817; 1, 15, 1, 0; 0.682426318525; 0, 2, 0; 3, 1, 0; 1, 7, 1 / 2, 4, 0 / 2, 5, 0 / 2, 6, 0 / 2, 9, 2 / 3, 1, 1 / 3, 3, 1 ;
0,4; 3.763066, -2.154856, 0.017809 / 3.763863, -2.154485, 0.018064 / 3.762268, -2.155226, 0.017553; 1, 15, 1, 0; 0.682426439072; 1, 0, 2; 2, 0, 0; 2, 1, 2 / 3, 8, 2 ;
0,4; 3.791142, -2.463375, 0.007609 / 3.791537, -2.463192, 0.008162 / 3.790746, -2.463558, 0.007056; 1, 15, 1, 0; 0.688073740410; 1, 0, 2; 3, 0, 0; 2, 2, 2 / 2, 6, 2 / 3, 1, 2 ;
0,4; 3.810323, -1.895867, -0.093088 / 3.810323, -1.895867, -0.093088 / 3.810323, -1.895867, -0.093088; 1, 15, 1, 0; 0.498878088702; 1, 0, 1; 1, 0, 0; 3, 1, 2 ;
0,4; 3.811452, -1.916402, -0.085962 / 3.811452, -1.916402, -0.085962 / 3.811452, -1.916402, -0.085962; 1, 15, 1, 0; 0.498881544404; 1, 0, 1; 1, 0, 0; 2, 1, 2 ;
0,4; 3.803521, -1.923942, -0.079324 / 3.803521, -1.923942, -0.079324 / 3.803521, -1.923942, -0.079324; 1, 15, 1, 0; 0.498883727658; 1, 0, 1; 1, 0, 0; 3, 1, 2 ;
0,4; 3.789893, -1.991030, -0.052160 / 3.789893, -1.991030, -0.052160 / 3.789893, -1.991030, -0.052160; 1, 15, 1, 0; 0.498939527881; 1, 0, 1; 1, 0, 0; 3, 1, 2 ;
0,4; 3.792182, -1.980159, -0.056350 / 3.792182, -1.980159, -0.056350 / 3.792182, -1.980159, -0.056350; 1, 15, 1, 0; 0.498951763480; 1, 0, 1; 1, 0, 0; 3, 1, 2 ;
0,4; 3.793405, -1.970152, -0.061373 / 3.793405, -1.970152, -0.061373 / 3.793405, -1.970152, -0.061373; 1, 15, 1, 0; 0.498952379613; 1, 0, 1; 1, 0, 0; 1, 3, 0 / 1, 7, 0 / 2, 7, 0 / 3, 1, 2 ;
0,4; 3.790428, -1.972463, -0.063479 / 3.790428, -1.972463, -0.063479 / 3.790428, -1.972463, -0.063479; 1, 15, 1, 0; 0.498952500161; 1, 0, 1; 1, 0, 0; 2, 1, 2 ;
0,4; 3.795843, -1.965615, -0.057527 / 3.795843, -1.965615, -0.057527 / 3.795843, -1.965615, -0.057527; 1, 15, 1, 0; 0.498964019170; 1, 0, 1; 1, 0, 0; 2, 1, 2 ;
0,4; 3.795278, -1.956907, -0.063727 / 3.795278, -1.956907, -0.063727 / 3.795278, -1.956907, -0.063727; 1, 15, 1, 0; 0.498965191162; 1, 0, 1; 1, 0, 0; 1, 4, 0 / 3, 1, 2 / 4, 1, 0 ;
0,4; 3.795261, -1.964093, -0.067825 / 3.795261, -1.964093, -0.067825 / 3.795261, -1.964093, -0.067825; 1, 15, 1, 0; 0.498965592988; 1, 0, 1; 1, 0, 0; 2, 1, 2 ;
0,4; 3.795058, -1.951723, -0.067101 / 3.795653, -1.951172, -0.066358 / 3.794462, -1.952273, -0.067844; 1, 15, 1, 0; 0.498977574097; 1, 0, 1; 2, 1, 0; 1, 4, 0 / 2, 1, 2 / 2, 6, 1 / 4, 3, 1 ;
0,4; 3.826909, -1.879440, -0.096696 / 3.826909, -1.879440, -0.096696 / 3.826909, -1.879440, -0.096696; 1, 15, 1, 0; 0.499751122434; 1, 0, 1; 1, 0, 0; 2, 1, 2 ;
0,4; 3.830576, -1.863729, -0.095565 / 3.830576, -1.863729, -0.095565 / 3.830576, -1.863729, -0.095565; 1, 15, 1, 0; 0.499753151654; 1, 0, 1; 1, 0, 0; 2, 1, 2 ;
0,4; 3.844302, -1.714946, -0.124657 / 3.844302, -1.714946, -0.124657 / 3.844302, -1.714946, -0.124657; 1, 15, 1, 0; 0.587583988310; 1, 0, 1; 1, 0, 0; 3, 1, 2 ;
0,4; 3.851577, -1.728062, -0.121888 / 3.852252, -1.728009, -0.121235 / 3.850903, -1.728115, -0.122542; 1, 15, 1, 0; 0.587587109157; 1, 0, 1; 2, 0, 0; 2, 1, 2 / 2, 7, 1 ;
0,4; 3.855876, -1.717616, -0.118932 / 3.855876, -1.717616, -0.118932 / 3.855876, -1.717616, -0.118932; 1, 15, 1, 0; 0.587597590116; 1, 0, 1; 1, 0, 0; 3, 1, 2 ;
0,4; 3.853020, -1.727765, -0.117054 / 3.853020, -1.727765, -0.117054 / 3.853020, -1.727765, -0.117054; 1, 15, 1, 0; 0.587598889353; 1, 0, 1; 1, 0, 0; 2, 1, 2 / 2, 5, 0 ;
0,4; 3.840855, -1.556744, -0.145114 / 3.840855, -1.556744, -0.145114 / 3.840855, -1.556744, -0.145114; 1, 15, 1, 0; 0.587773844349; 1, 0, 1; 1, 0, 0; 2, 1, 2 ;
0,4; 3.840193, -1.557639, -0.142628 / 3.840193, -1.557639, -0.142628 / 3.840193, -1.557639, -0.142628; 1, 15, 1, 0; 0.587773911320; 1, 0, 1; 1, 0, 0; 3, 1, 2 ;
0,4; 3.842494, -1.548365, -0.144029 / 3.842494, -1.548365, -0.144029 / 3.842494, -1.548365, -0.144029; 1, 15, 1, 0; 0.587774406905; 1, 0, 1; 1, 0, 0; 3, 1, 2 ;
0,4; 3.847528, -1.576050, -0.140951 / 3.847528, -1.576050, -0.140951 / 3.847528, -1.576050, -0.140951; 1, 15, 1, 0; 0.587779670824; 1, 0, 1; 1, 0, 0; 1, 4, 0 / 1, 5, 0 / 3, 1, 2 ;
0,4; 3.765098, -2.143004, 0.010393 / 3.765098, -2.143004, 0.010393 / 3.765098, -2.143004, 0.010393; 1, 15, 1, 0; 0.682417833301; 1, 0, 1; 1, 0, 0; 3, 1, 2 ;
0,4; 3.770561, -2.141747, 0.013130 / 3.770561, -2.141747, 0.013130 / 3.770561, -2.141747, 0.013130; 1, 15, 1, 0; 0.682418482920; 1, 0, 1; 1, 0, 0; 3, 1, 2 ;
0,4; 3.764473, -2.140733, 0.012294 / 3.764473, -2.140733, 0.012294 / 3.764473, -2.140733, 0.012294; 1, 15, 1, 0; 0.682418643650; 1, 0, 1; 1, 0, 0; 2, 1, 2 ;
0,4; 3.761001, -2.151681, 0.024774 / 3.761001, -2.151681, 0.024774 / 3.761001, -2.151681, 0.024774; 1, 15, 1, 0; 0.682424577279; 1, 0, 1; 1, 0, 0; 2, 1, 2 ;
0,4; 3.763791, -2.155716, 0.021613 / 3.763791, -2.155716, 0.021613 / 3.763791, -2.155716, 0.021613; 1, 15, 1, 0; 0.682425615329; 1, 0, 1; 1, 0, 0; 3, 1, 2 / 3, 9, 0 ;
0,4; 3.790860, -2.445614, 0.007101 / 3.790860, -2.445614, 0.007101 / 3.790860, -2.445614, 0.007101; 1, 15, 1, 0; 0.688076646950; 1, 0, 1; 1, 0, 0; 2, 1, 2 ;
0,4; 3.783704, -2.465151, 0.004309 / 3.783704, -2.465151, 0.004309 / 3.783704, -2.465151, 0.004309; 1, 15, 1, 0; 0.688085949220; 1, 0, 1; 1, 0, 0; 2, 1, 2 / 3, 8, 0 / 3, 10, 0 ;
0,4; 3.786907, -2.456777, 0.004897 / 3.786907, -2.456777, 0.004897 / 3.786907, -2.456777, 0.004897; 1, 15, 1, 0; 0.688087087727; 0, 1, 0; 1, 0, 0; 2, 1, 1 ;
0,4; 3.786068, -2.454499, 0.005934 / 3.786068, -2.454499, 0.005934 / 3.786068, -2.454499, 0.005934; 1, 15, 1, 0; 0.688087201577; 1, 0, 1; 1, 0, 0; 3, 1, 2 ;
0,4; 3.782671, -2.441894, 0.024674 / 3.782671, -2.441894, 0.024674 / 3.782671, -2.441894, 0.024674; 1, 15, 1, 0; 0.688091045712; 1, 0, 1; 1, 0, 0; 3, 1, 2 ;
0,4; 3.865887, -1.444064, -0.201708 / 3.865887, -1.444064, -0.201708 / 3.865887, -1.444064, -0.201708; 1, 19, 1, 0; 0.008294942772; 1, 0, 1; 1, 0, 0; 3, 1, 2 ;
1,5; 1.32405, -3.14308, 1.45698 / 1.32486, -3.14213, 1.45766 / 1.32324, -3.14403, 1.4563; 1, 22, 1, 0; 0.582111752842; 2, 1, 3; 2, 2, 1; 1, 9, 2 / 3, 1, 1 / 3, 2, 0 / 3, 8, 2 / 4, 1, 0 / 4, 5, 2 ;
0,5; 1.910311, -3.821186, 1.352035 / 1.910553, -3.821105, 1.352981 / 1.910070, -3.821267, 1.351090; 1, 22, 1, 0; 0.664824579019; 2, 1, 1; 1, 1, 0; 1, 8, 1 / 2, 1, 2 / 2, 7, 0 ;
0,5; 1.478140, -3.318959, 1.455382 / 1.478140, -3.318959, 1.455382 / 1.478140, -3.318959, 1.455382; 1, 22, 1, 0; 0.582549868743; 1, 0, 1; 0, 1, 0; 1, 1, 2 ;
0,5; 1.980769, -3.917578, 1.333767 / 1.980769, -3.917578, 1.333767 / 1.980769, -3.917578, 1.333767; 1, 22, 1, 0; 0.665778036798; 1, 0, 1; 0, 1, 0; 4, 1, 2 ;
0,5; 1.337020, -3.154720, 1.461836 / 1.337157, -3.154226, 1.462807 / 1.336883, -3.155214, 1.460866; 1, 22, 1, 0; 0.582118221081; 1, 0, 3; 3, 0, 0; 1, 3, 0 / 3, 1, 2 / 3, 9, 2 / 3, 10, 2 ;
0,5; 1.980841, -3.935907, 1.330207 / 1.980923, -3.935805, 1.330370 / 1.980759, -3.936009, 1.330043; 1, 22, 1, 0; 0.665784323141; 1, 0, 2; 2, 0, 0; 2, 2, 2 / 3, 1, 2 ;
0,5; 1.215968, -2.978863, 1.427088 / 1.215968, -2.978863, 1.427088 / 1.215968, -2.978863, 1.427088; 1, 22, 1, 0; 0.539383676463; 1, 0, 1; 1, 0, 0; 2, 1, 2 ;
0,5; 1.212066, -2.974543, 1.420945 / 1.212066, -2.974543, 1.420945 / 1.212066, -2.974543, 1.420945; 1, 22, 1, 0; 0.539384185773; 1, 0, 1; 1, 0, 0; 3, 1, 2 ;
0,5; 1.208458, -2.966073, 1.430616 / 1.208458, -2.966073, 1.430616 / 1.208458, -2.966073, 1.430616; 1, 22, 1, 0; 0.539385684600; 1, 0, 1; 1, 0, 0; 1, 1, 0 / 3, 1, 2 ;
0,5; 1.203850, -2.955041, 1.430282 / 1.203850, -2.955041, 1.430282 / 1.203850, -2.955041, 1.430282; 1, 22, 1, 0; 0.539387176151; 1, 0, 1; 1, 0, 0; 3, 1, 2 ;
0,5; 1.324627, -3.144331, 1.455405 / 1.324863, -3.144028, 1.456505 / 1.324391, -3.144634, 1.454305; 1, 22, 1, 0; 0.582111687359; 1, 0, 1; 2, 0, 0; 2, 1, 2 / 3, 10, 1 / 4, 10, 0 ;
0,5; 1.318840, -3.138803, 1.456369 / 1.318840, -3.138803, 1.456369 / 1.318840, -3.138803, 1.456369; 1, 22, 1, 0; 0.582112029325; 1, 0, 1; 1, 0, 0; 2, 1, 2 ;
0,5; 1.641302, -3.475727, 1.423166 / 1.641302, -3.475727, 1.423166 / 1.641302, -3.475727, 1.423166; 1, 22, 1, 0; 0.609858593664; 1, 0, 1; 1, 0, 0; 2, 1, 2 / 3, 9, 0 / 4, 5, 0 ;
0,5; 1.636704, -3.475238, 1.423335 / 1.636704, -3.475238, 1.423335 / 1.636704, -3.475238, 1.423335; 1, 22, 1, 0; 0.609859539525; 1, 0, 1; 1, 0, 0; 3, 1, 2 ;
0,5; 1.637143, -3.475323, 1.435263 / 1.637143, -3.475323, 1.435263 / 1.637143, -3.475323, 1.435263; 1, 22, 1, 0; 0.609872606970; 1, 0, 1; 1, 0, 0; 2, 10, 0 / 3, 1, 2 ;
0,5; 1.635765, -3.474187, 1.434801 / 1.635765, -3.474187, 1.434801 / 1.635765, -3.474187, 1.434801; 1, 22, 1, 0; 0.609872687004; 1, 0, 1; 1, 0, 0; 1, 3, 0 / 2, 1, 2 / 3, 3, 0 / 4, 3, 0 ;
0,5; 1.627521, -3.465974, 1.434909 / 1.627521, -3.465974, 1.434909 / 1.627521, -3.465974, 1.434909; 1, 22, 1, 0; 0.609873931176; 1, 0, 1; 1, 0, 0; 2, 1, 2 ;
0,5; 1.623848, -3.465398, 1.438313 / 1.623848, -3.465398, 1.438313 / 1.623848, -3.465398, 1.438313; 1, 22, 1, 0; 0.609874716969; 0, 1, 0; 1, 0, 0; 3, 1, 1 / 4, 9, 0 ;
0,5; 1.634404, -3.472514, 1.445911 / 1.634404, -3.472514, 1.445911 / 1.634404, -3.472514, 1.445911; 1, 22, 1, 0; 0.609885863586; 1, 0, 1; 1, 0, 0; 3, 1, 2 ;
0,5; 1.842748, -3.724691, 1.392422 / 1.842748, -3.724691, 1.392422 / 1.842748, -3.724691, 1.392422; 1, 22, 1, 0; 0.663470097671; 1, 0, 1; 1, 0, 0; 3, 1, 2 ;
0,5; 2.003893, -3.972274, 1.308522 / 2.003893, -3.972274, 1.308522 / 2.003893, -3.972274, 1.308522; 1, 22, 1, 0; 0.664503924599; 1, 0, 1; 1, 0, 0; 2, 1, 2 ;
0,5; 2.003000, -3.974825, 1.306591 / 2.003000, -3.974825, 1.306591 / 2.003000, -3.974825, 1.306591; 1, 22, 1, 0; 0.664504775874; 1, 0, 1; 1, 0, 0; 2, 4, 0 / 3, 1, 2 / 4, 10, 0 ;
0,5; 1.901208, -3.812533, 1.356912 / 1.901208, -3.812533, 1.356912 / 1.901208, -3.812533, 1.356912; 1, 22, 1, 0; 0.664825786811; 0, 1, 0; 1, 0, 0; 3, 1, 1 ;
0,5; 1.899181, -3.812504, 1.359815 / 1.899181, -3.812504, 1.359815 / 1.899181, -3.812504, 1.359815; 1, 22, 1, 0; 0.664839174394; 1, 0, 1; 1, 0, 0; 1, 1, 0 / 1, 7, 0 / 3, 1, 2 ;
0,5; 1.897404, -3.809284, 1.361337 / 1.897404, -3.809284, 1.361337 / 1.897404, -3.809284, 1.361337; 1, 22, 1, 0; 0.664840134807; 1, 0, 1; 1, 0, 0; 2, 1, 2 / 3, 7, 0 ;
0,5; 1.982295, -3.941488, 1.330749 / 1.982295, -3.941488, 1.330749 / 1.982295, -3.941488, 1.330749; 1, 22, 1, 0; 0.665784133969; 1, 0, 1; 1, 0, 0; 3, 1, 2 ;
1,6; -3.15595, 3.35241, -0.114961 / -3.15512, 3.35293, -0.113931 / -3.15678, 3.35188, -0.115992; 1, 14, 1, 0; 0.591447295047; 2, 3, 2; 3, 2, 1; 1, 6, 1 / 2, 4, 1 / 2, 8, 1 / 3, 1, 2 / 3, 9, 0 / 4, 5, 0 / 4, 9, 2 ;
0,6; -2.234762, 3.186781, 0.135093 / -2.234037, 3.187446, 0.136100 / -2.235487, 3.186117, 0.134086; 1, 14, 1, 0; 0.631125922178; 2, 4, 2; 3, 3, 0; 2, 1, 2 / 2, 7, 1 / 2, 9, 0 / 3, 3, 0 / 3, 4, 1 / 3, 7, 0 / 4, 2, 2 / 4, 3, 1 / 4, 4, 0 / 4, 7, 1 ;
0,6; -2.136659, 3.162145, 0.180714 / -2.135747, 3.162230, 0.181246 / -2.137571, 3.162060, 0.180182; 1, 14, 1, 0; 0.626935487842; 2, 4, 1; 3, 2, 0; 2, 1, 1 / 2, 3, 0 / 2, 4, 1 / 2, 5, 0 / 3, 9, 1 / 4, 6, 0 / 4, 8, 0 / 4, 9, 1 / 4, 10, 2 ;
0,6; -2.149157, 3.161815, 0.171932 / -2.148375, 3.161953, 0.172313 / -2.149938, 3.161677, 0.171551; 1, 14, 1, 0; 0.626931948697; 0, 3, 0; 1, 2, 0; 1, 1, 1 / 1, 4, 1 / 2, 3, 1 / 4, 5, 0 ;
0,6; -2.286241, 3.196876, 0.108277 / -2.285233, 3.196912, 0.108319 / -2.287248, 3.196839, 0.108236; 1, 14, 1, 0; 0.631048122530; 1, 0, 2; 0, 2, 0; 1, 1, 2 / 1, 7, 2 ;
0,6; -3.141215, 3.349555, -0.111789 / -3.140347, 3.349747, -0.111562 / -3.142083, 3.349363, -0.112016; 1, 14, 1, 0; 0.591450969603; 0, 5, 0; 4, 1, 0; 1, 10, 0 / 3, 1, 1 / 3, 2, 1 / 3, 3, 0 / 3, 4, 1 / 3, 5, 1 / 4, 1, 0 / 4, 5, 1 / 4, 6, 0 ;
0,6; -2.696183, 3.290312, -0.041310 / -2.695814, 3.290930, -0.040996 / -2.696551, 3.289695, -0.041624; 1, 14, 1, 0; 0.596956888900; 2, 1, 2; 2, 1, 0; 2, 1, 2 / 2, 2, 0 / 2, 8, 0 / 3, 1, 1 / 4, 2, 0 / 4, 5, 2 ;
0,6; -3.157674, 3.353435, -0.114162 / -3.156907, 3.353697, -0.114014 / -3.158440, 3.353173, -0.114311; 1, 14, 1, 0; 0.591447362752; 2, 1, 1; 1, 1, 0; 2, 1, 2 / 4, 8, 1 ;
0,6; -2.227751, 3.184266, 0.138045 / -2.227738, 3.184575, 0.138483 / -2.227764, 3.183957, 0.137606; 1, 14, 1, 0; 0.631125195884; 2, 1, 1; 1, 1, 0; 2, 4, 2 / 4, 1, 1 ;
0,6; -2.208073, 3.179062, 0.143312 / -2.207708, 3.179179, 0.144000 / -2.208438, 3.178945, 0.142623; 1, 14, 1, 0; 0.631132304950; 1, 0, 2; 1, 1, 0; 1, 6, 2 / 2, 8, 0 / 3, 1, 2 ;
0,6; -3.147217, 3.359620, -0.122914 / -3.147217, 3.359620, -0.122914 / -3.147217, 3.359620, -0.122914; 1, 14, 1, 0; 0.591438240989; 1, 0, 1; 0, 1, 0; 4, 1, 2 ;
0,6; -3.158017, 3.350930, -0.115373 / -3.158017, 3.350930, -0.115373 / -3.158017, 3.350930, -0.115373; 1, 14, 1, 0; 0.591446587217; 0, 1, 0; 0, 1, 0; 2, 9, 0 / 3, 5, 0 / 3, 6, 0 / 4, 1, 1 ;
0,6; -3.144366, 3.353191, -0.111605 / -3.144366, 3.353191, -0.111605 / -3.144366, 3.353191, -0.111605; 1, 14, 1, 0; 0.591450230998; 1, 0, 1; 0, 1, 0; 4, 1, 2 ;
0,6; -3.134833, 3.348348, -0.105830 / -3.134833, 3.348348, -0.105830 / -3.134833, 3.348348, -0.105830; 1, 14, 1, 0; 0.591462645705; 1, 0, 1; 0, 1, 0; 1, 1, 2 ;
0,6; -2.135666, 3.162117, 0.181300 / -2.135149, 3.162141, 0.181643 / -2.136184, 3.162093, 0.180957; 1, 14, 1, 0; 0.626935457067; 0, 1, 0; 2, 1, 0; 2, 6, 1 / 2, 8, 0 / 2, 9, 1 / 2, 10, 0 / 4, 1, 1 ;
0,6; -3.164282, 3.354579, -0.119018 / -3.164059, 3.355192, -0.118916 / -3.164506, 3.353966, -0.119121; 1, 14, 1, 0; 0.591446894969; 2, 1, 1; 2, 0, 0; 2, 1, 1 / 2, 2, 2 ;
0,6; -3.138021, 3.350866, -0.109635 / -3.137409, 3.351006, -0.109529 / -3.138632, 3.350726, -0.109741; 1, 14, 1, 0; 0.591451086548; 1, 0, 2; 2, 0, 0; 2, 1, 2 / 3, 6, 2 ;
0,6; -2.206774, 3.178493, 0.146643 / -2.205974, 3.178729, 0.147534 / -2.207573, 3.178257, 0.145753; 1, 14, 1, 0; 0.631132206469; 2, 1, 1; 2, 0, 0; 3, 1, 2 / 3, 9, 1 ;
0,6; -3.159928, 3.351413, -0.113945 / -3.159928, 3.351413, -0.113945 / -3.159928, 3.351413, -0.113945; 1, 14, 1, 0; 0.591446661078; 1, 0, 1; 1, 0, 0; 2, 1, 0 / 3, 1, 2 ;
0,6; -3.151455, 3.354611, -0.117436 / -3.151455, 3.354611, -0.117436 / -3.151455, 3.354611, -0.117436; 1, 14, 1, 0; 0.591448310627; 1, 0, 1; 1, 0, 0; 2, 1, 2 ;
0,6; -3.151525, 3.356162, -0.112348 / -3.151525, 3.356162, -0.112348 / -3.151525, 3.356162, -0.112348; 1, 14, 1, 0; 0.591448446038; 1, 0, 1; 1, 0, 0; 2, 2, 0 / 3, 1, 2 ;
0,6; -3.143313, 3.353133, -0.114268 / -3.143313, 3.353133, -0.114268 / -3.143313, 3.353133, -0.114268; 1, 14, 1, 0; 0.591450169448; 1, 0, 1; 1, 0, 0; 1, 7, 0 / 2, 1, 2 / 4, 10, 0 ;
0,6; -3.141293, 3.345669, -0.112011 / -3.141293, 3.345669, -0.112011 / -3.141293, 3.345669, -0.112011; 1, 14, 1, 0; 0.591452015959; 1, 0, 1; 1, 0, 0; 2, 1, 2 ;
0,6; -3.140087, 3.351587, -0.105708 / -3.140087, 3.351587, -0.105708 / -3.140087, 3.351587, -0.105708; 1, 14, 1, 0; 0.591461839395; 1, 0, 1; 1, 0, 0; 2, 1, 2 ;
0,6; -2.700429, 3.286693, -0.052609 / -2.700429, 3.286693, -0.052609 / -2.700429, 3.286693, -0.052609; 1, 14, 1, 0; 0.596947219340; 1, 0, 1; 1, 0, 0; 3, 1, 2 ;
0,6; -2.675774, 3.290075, -0.048211 / -2.675774, 3.290075, -0.048211 / -2.675774, 3.290075, -0.048211; 1, 14, 1, 0; 0.596954100669; 1, 0, 1; 1, 0, 0; 3, 1, 2 ;
0,6; -2.677618, 3.290030, -0.044030 / -2.677618, 3.290030, -0.044030 / -2.677618, 3.290030, -0.044030; 1, 14, 1, 0; 0.596954888514; 1, 0, 1; 1, 0, 0; 3, 1, 2 ;
0,6; -2.684005, 3.288141, -0.043767 / -2.684005, 3.288141, -0.043767 / -2.684005, 3.288141, -0.043767; 1, 14, 1, 0; 0.596955196266; 1, 0, 1; 1, 0, 0; 3, 1, 2 ;
0,6; -2.691478, 3.295728, -0.047908 / -2.691478, 3.295728, -0.047908 / -2.691478, 3.295728, -0.047908; 1, 14, 1, 0; 0.596956347257; 1, 0, 1; 1, 0, 0; 2, 1, 2 / 2, 4, 0 / 3, 4, 0 / 3, 9, 0 ;
0,6; -2.695679, 3.290317, -0.040964 / -2.695510, 3.290939, -0.040453 / -2.695848, 3.289695, -0.041475; 1, 14, 1, 0; 0.596956845815; 1, 0, 1; 3, 0, 0; 2, 8, 2 / 2, 9, 0 / 3, 1, 2 / 3, 8, 1 / 4, 9, 0 ;
0,6; -2.702988, 3.290558, -0.049014 / -2.702988, 3.290558, -0.049014 / -2.702988, 3.290558, -0.049014; 1, 14, 1, 0; 0.596957898326; 1, 0, 1; 1, 0, 0; 2, 1, 2 ;
0,6; -2.654498, 3.291426, -0.032146 / -2.654498, 3.291426, -0.032146 / -2.654498, 3.291426, -0.032146; 1, 14, 1, 0; 0.597569856575; 1, 0, 1; 1, 0, 0; 1, 3, 0 / 2, 1, 2 / 3, 10, 0 ;
0,6; -2.654116, 3.283173, -0.034129 / -2.654116, 3.283173, -0.034129 / -2.654116, 3.283173, -0.034129; 1, 14, 1, 0; 0.597570096622; 1, 0, 1; 1, 0, 0; 1, 7, 0 / 2, 1, 2 ;
0,6; -2.647914, 3.287844, -0.025010 / -2.647914, 3.287844, -0.025010 / -2.647914, 3.287844, -0.025010; 1, 14, 1, 0; 0.597571456885; 1, 0, 1; 1, 0, 0; 3, 1, 2 ;
0,6; -2.154324, 3.164306, 0.171900 / -2.154324, 3.164306, 0.171900 / -2.154324, 3.164306, 0.171900; 1, 14, 1, 0; 0.626931006976; 1, 0, 1; 1, 0, 0; 2, 1, 2 ;
0,6; -2.139351, 3.162717, 0.190334 / -2.139351, 3.162717, 0.190334 / -2.139351, 3.162717, 0.190334; 1, 14, 1, 0; 0.626937106616; 1, 0, 1; 1, 0, 0; 2, 1, 2 ;
0,6; -2.276014, 3.196267, 0.106696 / -2.276014, 3.196267, 0.106696 / -2.276014, 3.196267, 0.106696; 1, 14, 1, 0; 0.631037037311; 1, 0, 1; 1, 0, 0; 2, 1, 2 ;
0,6; -2.295750, 3.204456, 0.096821 / -2.295750, 3.204456, 0.096821 / -2.295750, 3.204456, 0.096821; 1, 14, 1, 0; 0.631058118307; 1, 0, 1; 1, 0, 0; 3, 1, 2 ;
0,6; -2.295204, 3.194048, 0.099380 / -2.295204, 3.194048, 0.099380 / -2.295204, 3.194048, 0.099380; 1, 14, 1, 0; 0.631058758431; 1, 0, 1; 1, 0, 0; 2, 1, 2 ;
0,6; -2.312363, 3.202563, 0.092298 / -2.312363, 3.202563, 0.092298 / -2.312363, 3.202563, 0.092298; 1, 14, 1, 0; 0.631068298736; 1, 0, 1; 1, 0, 0; 3, 1, 2 ;
0,6; -2.328040, 3.198726, 0.089421 / -2.328040, 3.198726, 0.089421 / -2.328040, 3.198726, 0.089421; 1, 14, 1, 0; 0.631089865980; 1, 0, 1; 1, 0, 0; 3, 1, 2 ;
0,6; -2.234718, 3.187150, 0.135093 / -2.234037, 3.187827, 0.136100 / -2.235400, 3.186473, 0.134086; 1, 14, 1, 0; 0.631125940643; 1, 0, 1; 3, 1, 0; 2, 4, 1 / 2, 6, 0 / 3, 1, 1 / 3, 4, 0 / 3, 10, 2 / 4, 1, 0 / 4, 4, 1 ;
0,6; -2.221914, 3.176745, 0.144546 / -2.221914, 3.176745, 0.144546 / -2.221914, 3.176745, 0.144546; 1, 14, 1, 0; 0.631134286871; 1, 0, 1; 1, 0, 0; 2, 1, 2 ;
0,6; -1.801905, 2.932392, 0.542671 / -1.801900, 2.932398, 0.542686 / -1.801909, 2.932387, 0.542655; 1, 25, 1, 0; 0.128655256954; 0, 2, 0; 1, 1, 0; 3, 1, 1 / 4, 1, 1 ;
0,6; -1.797879, 2.930213, 0.534816 / -1.797879, 2.930213, 0.534816 / -1.797879, 2.930213, 0.534816; 1, 25, 1, 0; 0.128653473919; 0, 1, 0; 0, 1, 0; 4, 1, 1 ;
0,6; -1.799757, 2.929623, 0.535582 / -1.799757, 2.929623, 0.535582 / -1.799757, 2.929623, 0.535582; 1, 25, 1, 0; 0.128654468304; 1, 0, 1; 1, 0, 0; 3, 1, 2 ;
1,7; -1.47687, -1.99117, 2.81444 / -1.47676, -1.99055, 2.8152 / -1.47699, -1.9918, 2.81368; 1, 35, 1, 0; 0.579573275829; 0, 2, 0; 0, 2, 1; 1, 1, 0 / 1, 2, 1 / 1, 3, 0 / 1, 6, 0 / 4, 1, 1 ;
0,7; -1.739965, -2.954990, 3.037086 / -1.738923, -2.954168, 3.037572 / -1.741007, -2.955812, 3.036599; 1, 35, 1, 0; 0.917235207127; 0, 5, 0; 2, 3, 0; 1, 2, 0 / 1, 9, 0 / 1, 10, 0 / 3, 1, 1 / 3, 3, 1 / 4, 1, 1 / 4, 2, 0 / 4, 6, 1 / 4, 7, 1 ;
0,7; -1.738022, -2.951564, 3.036053 / -1.737496, -2.950439, 3.036267 / -1.738549, -2.952689, 3.035839; 1, 35, 1, 0; 0.917236881768; 0, 5, 0; 4, 1, 0; 1, 7, 0 / 1, 10, 1 / 2, 6, 1 / 2, 7, 1 / 2, 8, 1 / 3, 1, 1 / 3, 7, 0 / 4, 1, 0 ;
0,7; -1.474124, -1.982729, 2.813405 / -1.473756, -1.981761, 2.813895 / -1.474492, -1.983697, 2.812916; 1, 35, 1, 0; 0.579570892686; 0, 4, 0; 3, 1, 0; 1, 3, 1 / 2, 1, 1 / 2, 2, 1 / 3, 3, 1 ;
0,7; -1.609476, -2.525028, 2.953593 / -1.609157, -2.524339, 2.953886 / -1.609795, -2.525717, 2.953299; 1, 35, 1, 0; 0.773310777214; 0, 4, 0; 3, 1, 0; 2, 1, 1 / 3, 1, 1 / 3, 2, 1 / 4, 1, 1 ;
0,7; -1.736570, -2.950965, 3.035393 / -1.736285, -2.950258, 3.035847 / -1.736855, -2.951672, 3.034939; 1, 35, 1, 0; 0.917237049232; 2, 2, 2; 3, 1, 0; 1, 7, 2 / 2, 1, 1 / 2, 3, 1 / 2, 5, 0 / 2, 6, 2 / 3, 4, 0 / 4, 1, 0 / 4, 2, 0 ;
0,7; -1.476288, -1.976575, 2.810832 / -1.476253, -1.976025, 2.811506 / -1.476322, -1.977126, 2.810157; 1, 35, 1, 0; 0.579591516529; 1, 0, 2; 1, 1, 0; 2, 1, 2 / 4, 8, 2 ;
0,7; -1.525030, -2.154911, 2.862232 / -1.524945, -2.154601, 2.862876 / -1.525115, -2.155221, 2.861589; 1, 35, 1, 0; 0.580069922683; 1, 0, 1; 1, 1, 0; 1, 7, 3 / 1, 9, 0 / 1, 10, 0 / 2, 8, 0 / 2, 10, 0 / 3, 1, 2 / 3, 2, 0 ;
0,7; -1.520953, -2.136642, 2.862937 / -1.520953, -2.136642, 2.862937 / -1.520953, -2.136642, 2.862937; 1, 35, 1, 0; 0.580084659520; 1, 0, 1; 0, 1, 0; 4, 1, 2 ;
0,7; -1.626898, -2.579902, 2.969688 / -1.626898, -2.579902, 2.969688 / -1.626898, -2.579902, 2.969688; 1, 35, 1, 0; 0.773220256452; 1, 0, 1; 0, 1, 0; 4, 1, 2 ;
0,7; -1.611011, -2.540209, 2.955714 / -1.611011, -2.540209, 2.955714 / -1.611011, -2.540209, 2.955714; 1, 35, 1, 0; 0.773327755492; 1, 0, 1; 0, 1, 0; 4, 1, 2 ;
0,7; -1.612305, -2.535351, 2.955509 / -1.612305, -2.535351, 2.955509 / -1.612305, -2.535351, 2.955509; 1, 35, 1, 0; 0.773329520306; 0, 1, 0; 0, 1, 0; 1, 2, 0 / 2, 8, 0 / 4, 1, 1 ;
0,7; -1.736388, -2.966360, 3.040666 / -1.736071, -2.966312, 3.040964 / -1.736704, -2.966408, 3.040369; 1, 35, 1, 0; 0.917232463293; 1, 0, 2; 2, 0, 0; 2, 1, 2 / 2, 3, 2 ;
0,7; -1.428251, -1.828844, 2.787996 / -1.428251, -1.828844, 2.787996 / -1.428251, -1.828844, 2.787996; 1, 35, 1, 0; 0.520164114772; 1, 0, 1; 1, 0, 0; 3, 1, 2 ;
0,7; -1.471679, -1.994716, 2.817702 / -1.471679, -1.994716, 2.817702 / -1.471679, -1.994716, 2.817702; 1, 35, 1, 0; 0.579573675166; 1, 0, 1; 1, 0, 0; 2, 1, 2 ;
0,7; -1.525604, -2.137657, 2.856227 / -1.525604, -2.137657, 2.856227 / -1.525604, -2.137657, 2.856227; 1, 35, 1, 0; 0.580059990777; 1, 0, 1; 1, 0, 0; 3, 1, 2 ;
0,7; -1.524784, -2.130696, 2.856197 / -1.524784, -2.130696, 2.856197 / -1.524784, -2.130696, 2.856197; 1, 35, 1, 0; 0.580060377232; 1, 0, 1; 1, 0, 0; 3, 1, 2 ;
0,7; -1.522871, -2.140424, 2.854557 / -1.522871, -2.140424, 2.854557 / -1.522871, -2.140424, 2.854557; 1, 35, 1, 0; 0.580062064754; 1, 0, 1; 1, 0, 0; 2, 1, 2 ;
0,7; -1.518807, -2.149443, 2.859531 / -1.518807, -2.149443, 2.859531 / -1.518807, -2.149443, 2.859531; 1, 35, 1, 0; 0.580066109655; 1, 0, 1; 1, 0, 0; 2, 1, 2 ;
0,7; -1.525201, -2.155964, 2.863052 / -1.524945, -2.155221, 2.863229 / -1.525457, -2.156707, 2.862876; 1, 35, 1, 0; 0.580069999974; 1, 0, 1; 1, 1, 0; 1, 1, 3 / 1, 3, 0 / 1, 4, 0 / 2, 2, 0 / 2, 4, 0 / 2, 10, 0 / 3, 6, 2 ;
0,7; -1.529796, -2.155390, 2.862181 / -1.529796, -2.155390, 2.862181 / -1.529796, -2.155390, 2.862181; 1, 35, 1, 0; 0.580071545796; 1, 0, 1; 1, 0, 0; 3, 1, 2 / 3, 6, 0 / 4, 8, 0 ;
0,7; -1.522270, -2.139961, 2.864578 / -1.522270, -2.139961, 2.864578 / -1.522270, -2.139961, 2.864578; 1, 35, 1, 0; 0.580085045975; 1, 0, 1; 1, 0, 0; 3, 1, 2 ;
0,7; -1.520753, -2.158236, 2.865558 / -1.520753, -2.158236, 2.865558 / -1.520753, -2.158236, 2.865558; 1, 35, 1, 0; 0.580092130993; 1, 0, 1; 1, 0, 0; 3, 1, 2 ;
0,7; -1.544086, -2.301261, 2.899411 / -1.544086, -2.301261, 2.899411 / -1.544086, -2.301261, 2.899411; 1, 35, 1, 0; 0.732760425925; 1, 0, 1; 1, 0, 0; 3, 1, 2 ;
0,7; -1.540752, -2.294346, 2.895715 / -1.540752, -2.294346, 2.895715 / -1.540752, -2.294346, 2.895715; 1, 35, 1, 0; 0.732761327655; 1, 0, 1; 1, 0, 0; 2, 1, 2 ;
0,7; -1.623489, -2.562422, 2.967368 / -1.623489, -2.562422, 2.967368 / -1.623489, -2.562422, 2.967368; 1, 35, 1, 0; 0.773216417661; 1, 0, 1; 1, 0, 0; 3, 1, 2 ;
0,7; -1.611587, -2.533808, 2.952116 / -1.611587, -2.533808, 2.952116 / -1.611587, -2.533808, 2.952116; 1, 35, 1, 0; 0.773306977068; 0, 1, 0; 1, 0, 0; 1, 7, 0 / 3, 1, 1 ;
0,7; -1.609941, -2.528921, 2.948674 / -1.609941, -2.528921, 2.948674 / -1.609941, -2.528921, 2.948674; 1, 35, 1, 0; 0.773308947991; 1, 0, 1; 1, 0, 0; 1, 5, 0 / 2, 1, 2 / 2, 4, 0 ;
0,7; -1.609643, -2.528056, 2.952990 / -1.609643, -2.528056, 2.952990 / -1.609643, -2.528056, 2.952990; 1, 35, 1, 0; 0.773309141219; 0, 1, 0; 1, 0, 0; 1, 5, 0 / 2, 4, 0 / 2, 9, 0 / 3, 1, 1 / 3, 3, 0 / 3, 8, 0 / 4, 7, 0 ;
0,7; -1.607962, -2.525478, 2.951092 / -1.607962, -2.525478, 2.951092 / -1.607962, -2.525478, 2.951092; 1, 35, 1, 0; 0.773310635513; 1, 0, 1; 1, 0, 0; 2, 1, 2 / 3, 6, 0 ;
0,7; -1.611482, -2.523614, 2.955157 / -1.611482, -2.523614, 2.955157 / -1.611482, -2.523614, 2.955157; 1, 35, 1, 0; 0.773310918914; 1, 0, 1; 1, 0, 0; 3, 1, 2 / 3, 5, 0 / 3, 6, 0 ;
0,7; -1.604462, -2.521182, 2.956351 / -1.604462, -2.521182, 2.956351 / -1.604462, -2.521182, 2.956351; 1, 35, 1, 0; 0.773313108828; 1, 0, 1; 1, 0, 0; 3, 1, 2 ;
0,7; -1.609131, -2.537592, 2.956604 / -1.609131, -2.537592, 2.956604 / -1.609131, -2.537592, 2.956604; 1, 35, 1, 0; 0.773328038893; 1, 0, 1; 1, 0, 0; 1, 6, 0 / 2, 1, 2 / 2, 2, 0 ;
0,7; -1.617131, -2.539712, 2.959234 / -1.617131, -2.539712, 2.959234 / -1.617131, -2.539712, 2.959234; 1, 35, 1, 0; 0.773329133850; 1, 0, 1; 1, 0, 0; 3, 1, 2 ;
0,7; -1.602530, -2.513688, 2.962557 / -1.602530, -2.513688, 2.962557 / -1.602530, -2.513688, 2.962557; 1, 35, 1, 0; 0.773336888724; 1, 0, 1; 1, 0, 0; 2, 1, 2 ;
0,7; -1.747718, -2.977283, 3.036229 / -1.747718, -2.977283, 3.036229 / -1.747718, -2.977283, 3.036229; 1, 35, 1, 0; 0.915889221241; 1, 0, 1; 1, 0, 0; 2, 1, 2 ;
0,7; -1.739547, -2.971559, 3.038118 / -1.739547, -2.971559, 3.038118 / -1.739547, -2.971559, 3.038118; 1, 35, 1, 0; 0.917231226636; 1, 0, 1; 1, 0, 0; 3, 1, 2 ;
0,7; -1.739035, -2.967729, 3.040060 / -1.739035, -2.967729, 3.040060 / -1.739035, -2.967729, 3.040060; 1, 35, 1, 0; 0.917232630757; 1, 0, 1; 1, 0, 0; 2, 1, 2 / 2, 2, 0 / 2, 3, 0 ;
0,7; -1.737813, -2.961005, 3.032146 / -1.737813, -2.961005, 3.032146 / -1.737813, -2.961005, 3.032146; 1, 35, 1, 0; 0.917233828769; 1, 0, 1; 1, 0, 0; 3, 1, 2 ;
0,7; -1.740520, -2.954990, 3.038201 / -1.740032, -2.954168, 3.039017 / -1.741007, -2.955812, 3.037385; 1, 35, 1, 0; 0.917235129836; 0, 1, 0; 3, 1, 0; 1, 6, 0 / 1, 8, 0 / 2, 1, 1 / 3, 4, 0 / 3, 7, 1 / 3, 9, 1 / 4, 5, 0 / 4, 7, 1 / 4, 8, 0 ;
0,7; -1.737460, -2.955496, 3.033215 / -1.737460, -2.955496, 3.033215 / -1.737460, -2.955496, 3.033215; 1, 35, 1, 0; 0.917235477646; 1, 0, 1; 1, 0, 0; 3, 1, 2 ;
1,8; -2.66577, 2.9251, 1.48149 / -2.66558, 2.92643, 1.48262 / -2.66595, 2.92378, 1.48036; 1, 24, 1, 0; 0.435266627648; 0, 5, 0; 3, 2, 1; 1, 10, 3 / 2, 5, 1 / 2, 10, 1 / 3, 6, 1 / 3, 7, 0 / 4, 1, 1 / 4, 2, 0 ;
0,8; -2.653780, 2.619453, 1.768266 / -2.653702, 2.619807, 1.768429 / -2.653857, 2.619099, 1.768103; 1, 24, 1, 0; 0.990100317914; 0, 2, 0; 1, 1, 0; 1, 6, 0 / 2, 6, 1 / 4, 1, 1 ;
0,8; -2.622170, 3.046862, 1.332877 / -2.622170, 3.046862, 1.332877 / -2.622170, 3.046862, 1.332877; 1, 24, 1, 0; 0.434346481446; 1, 0, 1; 0, 1, 0; 1, 1, 2 ;
0,8; -2.625968, 3.047551, 1.331531 / -2.625360, 3.048329, 1.331955 / -2.626577, 3.046774, 1.331107; 1, 24, 1, 0; 0.434359435944; 2, 2, 1; 3, 0, 0; 2, 1, 2 / 2, 7, 1 / 3, 2, 1 / 4, 2, 0 ;
0,8; -2.622411, 3.040772, 1.338283 / -2.622411, 3.040772, 1.338283 / -2.622411, 3.040772, 1.338283; 1, 24, 1, 0; 0.434348631908; 1, 0, 1; 1, 0, 0; 3, 1, 2 ;
0,8; -2.624145, 3.042055, 1.343547 / -2.624145, 3.042055, 1.343547 / -2.624145, 3.042055, 1.343547; 1, 24, 1, 0; 0.434348816655; 1, 0, 1; 1, 0, 0; 3, 1, 2 ;
0,8; -2.621991, 3.029424, 1.346088 / -2.621991, 3.029424, 1.346088 / -2.621991, 3.029424, 1.346088; 1, 24, 1, 0; 0.434350324195; 1, 0, 1; 1, 0, 0; 2, 1, 2 ;
0,8; -2.625834, 3.031818, 1.338353 / -2.625834, 3.031818, 1.338353 / -2.625834, 3.031818, 1.338353; 1, 24, 1, 0; 0.434350900607; 1, 0, 1; 1, 0, 0; 3, 1, 2 ;
0,8; -2.625460, 3.049676, 1.319403 / -2.625460, 3.049676, 1.319403 / -2.625460, 3.049676, 1.319403; 1, 24, 1, 0; 0.434358039252; 1, 0, 1; 1, 0, 0; 2, 1, 2 ;
0,8; -2.624713, 3.050127, 1.323133 / -2.624713, 3.050127, 1.323133 / -2.624713, 3.050127, 1.323133; 1, 24, 1, 0; 0.434358224000; 1, 0, 1; 1, 0, 0; 3, 1, 2 ;
0,8; -2.632216, 3.033516, 1.337981 / -2.632216, 3.033516, 1.337981 / -2.632216, 3.033516, 1.337981; 1, 24, 1, 0; 0.434363951173; 1, 0, 1; 1, 0, 0; 2, 1, 2 ;
0,8; -2.668539, 2.923241, 1.477647 / -2.668539, 2.923241, 1.477647 / -2.668539, 2.923241, 1.477647; 1, 24, 1, 0; 0.435265888658; 1, 0, 1; 1, 0, 0; 2, 1, 2 / 4, 3, 0 ;
0,8; -2.665995, 2.925707, 1.480780 / -2.665582, 2.926427, 1.481591 / -2.666408, 2.924988, 1.479968; 1, 24, 1, 0; 0.435266657208; 1, 0, 1; 4, 1, 0; 1, 6, 3 / 2, 1, 1 / 2, 6, 1 / 3, 2, 1 / 3, 3, 0 / 3, 8, 0 / 3, 10, 2 ;
0,8; -2.654093, 2.620813, 1.767636 / -2.653857, 2.621819, 1.768103 / -2.654329, 2.619807, 1.767169; 1, 24, 1, 0; 0.990100354863; 0, 1, 0; 2, 0, 0; 1, 1, 0 / 2, 1, 1 / 3, 7, 0 / 3, 8, 0 / 3, 9, 1 / 3, 10, 0 ;
0,8; -2.565542, 3.634892, 1.086989 / -2.564911, 3.635864, 1.087202 / -2.566173, 3.633920, 1.086776; 1, 29, 1, 0; 0.002022270409; 2, 1, 2; 1, 2, 1; 1, 8, 2 / 2, 4, 2 / 3, 1, 0 / 3, 4, 0 / 4, 1, 1 ;
0,8; -2.565875, 3.630583, 1.088350 / -2.564861, 3.631148, 1.089119 / -2.566888, 3.630019, 1.087580; 1, 29, 1, 0; 0.002022065843; 2, 3, 1; 1, 3, 0; 1, 4, 0 / 1, 5, 0 / 1, 9, 0 / 2, 2, 0 / 3, 2, 0 / 3, 3, 1 / 3, 5, 0 / 3, 6, 0 / 4, 1, 1 / 4, 2, 0 / 4, 3, 1 / 4, 5, 0 / 4, 8, 2 / 4, 10, 0 ;
0,8; -2.554892, 3.697117, 1.065986 / -2.554368, 3.698122, 1.066381 / -2.555415, 3.696111, 1.065592; 1, 29, 1, 0; 0.003890746217; 2, 1, 3; 2, 2, 0; 2, 5, 2 / 3, 1, 1 / 4, 1, 2 / 4, 3, 0 / 4, 4, 2 ;
0,8; -2.567151, 3.632455, 1.091476 / -2.566880, 3.632520, 1.091677 / -2.567422, 3.632390, 1.091275; 1, 29, 1, 0; 0.002038986366; 2, 1, 1; 1, 1, 0; 3, 1, 2 / 4, 1, 1 / 4, 10, 0 ;
0,8; -2.568315, 3.634125, 1.088688 / -2.568315, 3.634125, 1.088688 / -2.568315, 3.634125, 1.088688; 1, 29, 1, 0; 0.002021062496; 1, 0, 1; 0, 1, 0; 4, 1, 2 / 4, 3, 0 ;
0,8; -2.565263, 3.636315, 1.082667 / -2.565263, 3.636315, 1.082667 / -2.565263, 3.636315, 1.082667; 1, 29, 1, 0; 0.002022523681; 0, 1, 0; 0, 1, 0; 4, 1, 1 ;
0,8; -2.569129, 3.609410, 1.095423 / -2.569129, 3.609410, 1.095423 / -2.569129, 3.609410, 1.095423; 1, 29, 1, 0; 0.002030784247; 1, 0, 1; 0, 1, 0; 1, 1, 2 / 2, 10, 0 / 3, 1, 0 / 3, 2, 0 / 3, 6, 0 ;
0,8; -2.574581, 3.621494, 1.095349 / -2.574581, 3.621494, 1.095349 / -2.574581, 3.621494, 1.095349; 1, 29, 1, 0; 0.002035255474; 1, 0, 1; 0, 1, 0; 1, 1, 2 ;
0,8; -2.553415, 3.698236, 1.066574 / -2.552388, 3.698586, 1.067556 / -2.554441, 3.697885, 1.065592; 1, 29, 1, 0; 0.003890658546; 1, 0, 1; 1, 2, 0; 3, 10, 1 / 4, 1, 2 / 4, 10, 2 ;
0,8; -2.556413, 3.688764, 1.067980 / -2.556413, 3.688764, 1.067980 / -2.556413, 3.688764, 1.067980; 1, 29, 1, 0; 0.003893580917; 0, 1, 0; 0, 1, 0; 1, 1, 1 ;
0,8; -2.569751, 3.606267, 1.095387 / -2.569724, 3.606877, 1.095400 / -2.569778, 3.605657, 1.095375; 1, 29, 1, 0; 0.002030881660; 0, 2, 0; 2, 0, 0; 1, 1, 0 / 2, 1, 1 / 3, 1, 0 / 3, 3, 0 / 3, 5, 1 / 4, 3, 0 ;
0,8; -2.567764, 3.604359, 1.098577 / -2.567550, 3.604792, 1.098800 / -2.567977, 3.603926, 1.098354; 1, 29, 1, 0; 0.002047646323; 1, 0, 2; 2, 0, 0; 1, 7, 0 / 1, 8, 0 / 2, 1, 2 / 3, 5, 2 ;
0,8; -2.568203, 3.635827, 1.085739 / -2.568203, 3.635827, 1.085739 / -2.568203, 3.635827, 1.085739; 1, 29, 1, 0; 0.002021198873; 1, 0, 1; 1, 0, 0; 2, 1, 2 ;
0,8; -2.565371, 3.635255, 1.086474 / -2.564568, 3.635864, 1.087202 / -2.566173, 3.634646, 1.085745; 1, 29, 1, 0; 0.002022299633; 1, 0, 1; 2, 1, 0; 1, 5, 2 / 2, 1, 2 / 2, 9, 2 / 3, 1, 0 / 3, 10, 0 ;
0,8; -2.563668, 3.634071, 1.081833 / -2.563668, 3.634071, 1.081833 / -2.563668, 3.634071, 1.081833; 1, 29, 1, 0; 0.002022728247; 1, 0, 1; 1, 0, 0; 2, 1, 2 ;
0,8; -2.565723, 3.609350, 1.095044 / -2.565723, 3.609350, 1.095044 / -2.565723, 3.609350, 1.095044; 1, 29, 1, 0; 0.002029605558; 1, 0, 1; 1, 0, 0; 2, 1, 2 ;
0,8; -2.566537, 3.605120, 1.095451 / -2.566537, 3.605120, 1.095451 / -2.566537, 3.605120, 1.095451; 1, 29, 1, 0; 0.002029761418; 1, 0, 1; 1, 0, 0; 2, 6, 0 / 3, 1, 2 / 4, 9, 0 ;
0,8; -2.566876, 3.602691, 1.093133 / -2.566876, 3.602691, 1.093133 / -2.566876, 3.602691, 1.093133; 1, 29, 1, 0; 0.002029888054; 1, 0, 1; 1, 0, 0; 2, 1, 2 ;
0,8; -2.567653, 3.602213, 1.089061 / -2.567653, 3.602213, 1.089061 / -2.567653, 3.602213, 1.089061; 1, 29, 1, 0; 0.002030043913; 1, 0, 1; 1, 0, 0; 1, 10, 0 / 2, 1, 2 ;
0,8; -2.573234, 3.605572, 1.087763 / -2.573234, 3.605572, 1.087763 / -2.573234, 3.605572, 1.087763; 1, 29, 1, 0; 0.002031583028; 1, 0, 1; 1, 0, 0; 3, 1, 2 ;
0,8; -2.574116, 3.613205, 1.094857 / -2.574116, 3.613205, 1.094857 / -2.574116, 3.613205, 1.094857; 1, 29, 1, 0; 0.002032420775; 0, 1, 0; 1, 0, 0; 3, 1, 1 ;
0,8; -2.576264, 3.621370, 1.091362 / -2.576264, 3.621370, 1.091362 / -2.576264, 3.621370, 1.091362; 1, 29, 1, 0; 0.002035099614; 1, 0, 1; 1, 0, 0; 3, 1, 2 ;
0,8; -2.569963, 3.627614, 1.094070 / -2.569963, 3.627614, 1.094070 / -2.569963, 3.627614, 1.094070; 1, 29, 1, 0; 0.002038021984; 1, 0, 1; 1, 0, 0; 3, 1, 2 ;
0,8; -2.568452, 3.635272, 1.093812 / -2.568452, 3.635272, 1.093812 / -2.568452, 3.635272, 1.093812; 1, 29, 1, 0; 0.002038849989; 1, 0, 1; 1, 0, 0; 3, 1, 2 ;
0,8; -2.570584, 3.602248, 1.103874 / -2.570584, 3.602248, 1.103874 / -2.570584, 3.602248, 1.103874; 1, 29, 1, 0; 0.002048620446; 1, 0, 1; 1, 0, 0; 3, 1, 2 ;
0,8; -2.574444, 3.608575, 1.099420 / -2.574444, 3.608575, 1.099420 / -2.574444, 3.608575, 1.099420; 1, 29, 1, 0; 0.002049282850; 1, 0, 1; 1, 0, 0; 2, 1, 2 ;
0,8; -2.546766, 3.703498, 1.056845 / -2.546766, 3.703498, 1.056845 / -2.546766, 3.703498, 1.056845; 1, 29, 1, 0; 0.003869490845; 1, 0, 1; 1, 0, 0; 2, 1, 2 ;
0,8; -2.547549, 3.705010, 1.061209 / -2.547549, 3.705010, 1.061209 / -2.547549, 3.705010, 1.061209; 1, 29, 1, 0; 0.003870737723; 1, 0, 1; 1, 0, 0; 3, 1, 2 ;
0,8; -2.546940, 3.707718, 1.060795 / -2.546940, 3.707718, 1.060795 / -2.546940, 3.707718, 1.060795; 1, 29, 1, 0; 0.003870844877; 1, 0, 1; 1, 0, 0; 2, 1, 2 / 3, 1, 0 ;
0,8; -2.552172, 3.685511, 1.068998 / -2.552172, 3.685511, 1.068998 / -2.552172, 3.685511, 1.068998; 1, 29, 1, 0; 0.003876621428; 1, 0, 1; 1, 0, 0; 3, 1, 2 ;
0,8; -2.553650, 3.701791, 1.066140 / -2.553650, 3.701791, 1.066140 / -2.553650, 3.701791, 1.066140; 1, 29, 1, 0; 0.003889460375; 1, 0, 1; 1, 0, 0; 3, 1, 2 / 3, 9, 0 / 4, 10, 0 ;
0,8; -2.558776, 3.695912, 1.066357 / -2.558776, 3.695912, 1.066357 / -2.558776, 3.695912, 1.066357; 1, 29, 1, 0; 0.003890921560; 1, 0, 1; 1, 0, 0; 2, 1, 2 / 4, 3, 0 ;
0,8; -2.555942, 3.690956, 1.068837 / -2.555942, 3.690956, 1.068837 / -2.555942, 3.690956, 1.068837; 1, 29, 1, 0; 0.003892402227; 1, 0, 1; 1, 0, 0; 2, 1, 2 / 3, 8, 0 ;
0,8; -2.556737, 3.685790, 1.072967 / -2.556737, 3.685790, 1.072967 / -2.556737, 3.685790, 1.072967; 1, 29, 1, 0; 0.003893308162; 0, 1, 0; 1, 0, 0; 3, 1, 1 ;
0,8; -2.558911, 3.682232, 1.072197 / -2.558911, 3.682232, 1.072197 / -2.558911, 3.682232, 1.072197; 1, 29, 1, 0; 0.003894438145; 1, 0, 1; 1, 0, 0; 2, 1, 2 / 2, 2, 0 / 4, 6, 0 ;
0,8; -2.556285, 3.682647, 1.069034 / -2.556285, 3.682647, 1.069034 / -2.556285, 3.682647, 1.069034; 1, 29, 1, 0; 0.003894730382; 1, 0, 1; 1, 0, 0; 1, 4, 0 / 3, 1, 2 / 4, 1, 0 / 4, 2, 0 / 4, 8, 0 / 4, 9, 0 ;
1,9; -0.485041, -0.422447, 4.29749 / -0.484526, -0.421947, 4.29856 / -0.485555, -0.422946, 4.29642; 1, 46, 1, 0; 0.731553752656; 2, 6, 1; 4, 3, 1; 1, 1, 1 / 1, 8, 1 / 2, 1, 1 / 2, 8, 2 / 3, 4, 1 / 3, 5, 1 / 4, 5, 1 / 4, 8, 0 ;
0,9; -0.497253, -0.426319, 4.315727 / -0.496578, -0.425466, 4.316644 / -0.497928, -0.427172, 4.314809; 1, 46, 1, 0; 0.731549821585; 2, 5, 3; 6, 2, 1; 1, 3, 1 / 1, 8, 0 / 2, 3, 1 / 2, 4, 0 / 2, 5, 2 / 2, 7, 1 / 2, 8, 1 / 2, 9, 2 / 3, 2, 0 / 3, 6, 0 / 3, 8, 2 / 4, 1, 1 ;
0,9; -0.501570, -0.427026, 4.321857 / -0.501174, -0.426519, 4.322395 / -0.501966, -0.427532, 4.321318; 1, 46, 1, 0; 0.731549252781; 0, 5, 0; 3, 2, 1; 1, 1, 3 / 2, 1, 1 / 2, 2, 1 / 2, 3, 0 / 3, 5, 1 / 4, 5, 1 / 4, 9, 0 ;
0,9; -0.490527, -0.425013, 4.305152 / -0.489804, -0.423855, 4.305645 / -0.491250, -0.426170, 4.304659; 1, 46, 1, 0; 0.731552728808; 2, 2, 2; 2, 2, 1; 1, 5, 0 / 1, 9, 1 / 2, 8, 1 / 3, 4, 2 / 4, 1, 2 ;
0,9; 0.325979, -0.925129, 4.113044 / 0.326304, -0.924614, 4.113545 / 0.325654, -0.925644, 4.112542; 1, 46, 1, 0; 0.761816053685; 0, 2, 0; 0, 2, 1; 1, 1, 1 / 4, 4, 1 ;
0,9; -0.598906, -0.455732, 4.459197 / -0.598227, -0.455195, 4.459819 / -0.599585, -0.456268, 4.458574; 1, 46, 1, 0; 0.901067993624; 2, 3, 2; 2, 3, 0; 1, 2, 0 / 2, 1, 2 / 2, 6, 1 / 2, 9, 0 / 3, 4, 0 / 4, 4, 1 / 4, 5, 1 / 4, 7, 2 ;
0,9; -0.221701, -0.520190, 4.176546 / -0.220891, -0.519197, 4.177096 / -0.222512, -0.521184, 4.175995; 1, 46, 1, 0; 0.728296171440; 2, 3, 1; 3, 2, 0; 1, 1, 2 / 1, 8, 3 / 2, 3, 1 / 2, 5, 1 / 2, 7, 1 / 3, 3, 0 / 3, 4, 0 / 3, 8, 0 ;
0,9; -0.525250, -0.433032, 4.356295 / -0.524802, -0.432695, 4.356426 / -0.525699, -0.433369, 4.356165; 1, 46, 1, 0; 0.900956741787; 2, 1, 2; 1, 2, 0; 1, 8, 0 / 3, 4, 2 / 4, 1, 2 / 4, 2, 1 ;
0,9; -0.499421, -0.425642, 4.316908 / -0.498563, -0.425053, 4.317625 / -0.500278, -0.426231, 4.316191; 1, 46, 1, 0; 0.731549897426; 2, 2, 2; 3, 1, 0; 1, 1, 0 / 2, 2, 2 / 2, 8, 2 / 3, 1, 1 / 4, 1, 1 ;
0,9; -0.499050, -0.425897, 4.320026 / -0.497928, -0.425122, 4.320413 / -0.500172, -0.426673, 4.319639; 1, 46, 1, 0; 0.731549157980; 2, 2, 1; 2, 1, 0; 1, 10, 1 / 2, 3, 0 / 2, 10, 1 / 3, 1, 2 / 3, 7, 0 ;
0,9; -0.023734, -0.643577, 4.196447 / -0.023014, -0.643197, 4.196451 / -0.024453, -0.643956, 4.196442; 1, 46, 1, 0; 0.758634483709; 0, 3, 0; 2, 1, 0; 2, 1, 1 / 3, 1, 1 / 4, 1, 1 ;
0,9; -0.228911, -0.514975, 4.176036 / -0.228486, -0.514712, 4.176091 / -0.229336, -0.515237, 4.175982; 1, 46, 1, 0; 0.728296506403; 0, 2, 0; 1, 1, 0; 3, 2, 1 / 3, 6, 0 / 4, 1, 1 / 4, 3, 0 ;
0,9; -0.201877, -0.532078, 4.179458 / -0.201852, -0.532062, 4.179461 / -0.201903, -0.532095, 4.179454; 1, 46, 1, 0; 0.728301511882; 0, 2, 0; 1, 1, 0; 1, 1, 1 / 2, 1, 1 ;
0,9; -0.414033, -0.406625, 4.204008 / -0.413692, -0.406580, 4.204489 / -0.414374, -0.406669, 4.203526; 1, 46, 1, 0; 0.730553358285; 2, 1, 1; 1, 1, 0; 2, 1, 2 / 4, 4, 1 / 4, 5, 0 ;
0,9; -0.020458, -0.644921, 4.197003 / -0.020143, -0.644806, 4.197582 / -0.020772, -0.645037, 4.196425; 1, 46, 1, 0; 0.758633415620; 1, 0, 1; 1, 1, 0; 1, 1, 3 / 1, 2, 0 / 2, 2, 0 / 3, 3, 0 / 3, 5, 2 ;
0,9; 0.265932, -0.844508, 4.192275 / 0.265943, -0.844500, 4.192279 / 0.265920, -0.844515, 4.192271; 1, 46, 1, 0; 0.760676706698; 0, 2, 0; 1, 1, 0; 3, 1, 1 / 4, 1, 1 / 4, 2, 0 ;
0,9; 0.239492, -0.827022, 4.198072 / 0.240326, -0.826457, 4.198192 / 0.238658, -0.827588, 4.197951; 1, 46, 1, 0; 0.760681579456; 0, 2, 0; 1, 1, 0; 1, 7, 1 / 2, 1, 1 / 3, 2, 0 / 3, 3, 0 ;
0,9; -0.516644, -0.433000, 4.341220 / -0.516470, -0.432725, 4.341529 / -0.516818, -0.433275, 4.340911; 1, 46, 1, 0; 0.900942648076; 1, 0, 2; 1, 1, 0; 1, 6, 0 / 2, 8, 0 / 3, 2, 2 / 3, 10, 0 / 4, 1, 2 ;
0,9; -0.522478, -0.430128, 4.350763 / -0.522233, -0.429503, 4.351300 / -0.522723, -0.430753, 4.350227; 1, 46, 1, 0; 0.900955585218; 2, 1, 1; 1, 1, 0; 2, 1, 2 / 3, 8, 0 / 4, 7, 1 ;
0,9; -0.586276, -0.450706, 4.442722 / -0.585617, -0.450671, 4.443207 / -0.586935, -0.450741, 4.442238; 1, 46, 1, 0; 0.901055600007; 1, 0, 2; 1, 1, 0; 1, 1, 2 / 2, 3, 2 / 3, 5, 0 / 3, 8, 0 ;
0,9; -0.207097, -0.527108, 4.181411 / -0.207097, -0.527108, 4.181411 / -0.207097, -0.527108, 4.181411; 1, 46, 1, 0; 0.728301063159; 0, 1, 0; 0, 1, 0; 1, 1, 1 / 4, 3, 0 ;
0,9; -0.208437, -0.529778, 4.179503 / -0.208437, -0.529778, 4.179503 / -0.208437, -0.529778, 4.179503; 1, 46, 1, 0; 0.728301758364; 1, 0, 1; 0, 1, 0; 1, 1, 2 ;
0,9; -0.410261, -0.408579, 4.203978 / -0.410261, -0.408579, 4.203978 / -0.410261, -0.408579, 4.203978; 1, 46, 1, 0; 0.730552555639; 1, 0, 1; 0, 1, 0; 1, 7, 0 / 3, 2, 0 / 4, 1, 2 / 4, 2, 0 ;
0,9; -0.503495, -0.428665, 4.317426 / -0.503495, -0.428665, 4.317426 / -0.503495, -0.428665, 4.317426; 1, 46, 1, 0; 0.731550061747; 1, 0, 1; 0, 1, 0; 4, 1, 2 ;
0,9; -0.494764, -0.425608, 4.310146 / -0.494764, -0.425608, 4.310146 / -0.494764, -0.425608, 4.310146; 1, 46, 1, 0; 0.731550895993; 1, 0, 1; 0, 1, 0; 1, 1, 2 ;
0,9; -0.015865, -0.646536, 4.198502 / -0.015865, -0.646536, 4.198502 / -0.015865, -0.646536, 4.198502; 1, 46, 1, 0; 0.758632714095; 1, 0, 1; 0, 1, 0; 4, 1, 2 ;
0,9; -0.531508, -0.432859, 4.365505 / -0.531508, -0.432859, 4.365505 / -0.531508, -0.432859, 4.365505; 1, 46, 1, 0; 0.900957929956; 1, 0, 1; 0, 1, 0; 4, 1, 2 ;
0,9; -0.588653, -0.451913, 4.450448 / -0.588653, -0.451913, 4.450448 / -0.588653, -0.451913, 4.450448; 1, 46, 1, 0; 0.901067184658; 1, 0, 1; 0, 1, 0; 1, 1, 2 / 4, 5, 0 ;
0,9; -0.400443, -0.413706, 4.201373 / -0.399810, -0.412826, 4.201583 / -0.401076, -0.414585, 4.201162; 1, 46, 1, 0; 0.730550672264; 2, 2, 2; 4, 0, 0; 2, 4, 0 / 2, 5, 1 / 2, 6, 0 / 2, 7, 0 / 3, 1, 2 / 3, 7, 2 / 3, 8, 1 / 4, 7, 0 ;
0,9; -0.513005, -0.429220, 4.336793 / -0.512005, -0.428390, 4.337069 / -0.514004, -0.430050, 4.336517; 1, 46, 1, 0; 0.900942837677; 2, 2, 2; 4, 0, 0; 2, 10, 1 / 3, 1, 2 / 3, 3, 0 / 3, 4, 2 / 3, 7, 1 ;
0,9; -0.510767, -0.431878, 4.335172 / -0.510319, -0.431624, 4.335500 / -0.511215, -0.432131, 4.334845; 1, 46, 1, 0; 0.900942142472; 2, 1, 2; 3, 0, 0; 2, 3, 1 / 3, 1, 2 / 3, 4, 2 ;
0,9; 0.322580, -0.920076, 4.118192 / 0.322675, -0.919962, 4.118317 / 0.322484, -0.920190, 4.118068; 1, 46, 1, 0; 0.761827859538; 0, 2, 0; 2, 0, 0; 2, 1, 1 / 3, 5, 1 / 4, 5, 0 ;
0,9; -0.516654, -0.431206, 4.339160 / -0.516398, -0.431164, 4.339762 / -0.516911, -0.431248, 4.338558; 1, 46, 1, 0; 0.900942711276; 2, 1, 1; 2, 0, 0; 2, 1, 1 / 2, 6, 2 ;
0,9; -0.528161, -0.434219, 4.355317 / -0.527578, -0.434198, 4.355636 / -0.528745, -0.434240, 4.354998; 1, 46, 1, 0; 0.900956817627; 1, 0, 2; 2, 0, 0; 1, 1, 0 / 1, 8, 0 / 2, 5, 2 / 3, 1, 2 ;
0,9; -0.288048, -0.485345, 4.183660 / -0.288048, -0.485345, 4.183660 / -0.288048, -0.485345, 4.183660; 1, 46, 1, 0; 0.726907498486; 1, 0, 1; 1, 0, 0; 3, 1, 2 ;
0,9; -0.287336, -0.488635, 4.183387 / -0.287336, -0.488635, 4.183387 / -0.287336, -0.488635, 4.183387; 1, 46, 1, 0; 0.726907612247; 1, 0, 1; 1, 0, 0; 2, 1, 2 ;
0,9; -0.224504, -0.521995, 4.177973 / -0.224504, -0.521995, 4.177973 / -0.224504, -0.521995, 4.177973; 1, 46, 1, 0; 0.728295482555; 1, 0, 1; 1, 0, 0; 3, 1, 2 ;
0,9; -0.222229, -0.520451, 4.174826 / -0.221945, -0.520053, 4.175995 / -0.222512, -0.520850, 4.173657; 1, 46, 1, 0; 0.728296120880; 0, 1, 0; 1, 1, 0; 1, 9, 2 / 3, 1, 1 ;
0,9; -0.218871, -0.516956, 4.174936 / -0.218871, -0.516956, 4.174936 / -0.218871, -0.516956, 4.174936; 1, 46, 1, 0; 0.728297214248; 1, 0, 1; 1, 0, 0; 3, 1, 2 ;
0,9; -0.201422, -0.533072, 4.181511 / -0.201422, -0.533072, 4.181511 / -0.201422, -0.533072, 4.181511; 1, 46, 1, 0; 0.728301436042; 1, 0, 1; 1, 0, 0; 2, 3, 0 / 3, 1, 2 / 3, 9, 0 / 4, 7, 0 / 4, 9, 0 ;
0,9; -0.207324, -0.530931, 4.177304 / -0.207324, -0.530931, 4.177304 / -0.207324, -0.530931, 4.177304; 1, 46, 1, 0; 0.728301688844; 1, 0, 1; 1, 0, 0; 2, 1, 2 ;
0,9; -0.389042, -0.412867, 4.196908 / -0.389042, -0.412867, 4.196908 / -0.389042, -0.412867, 4.196908; 1, 46, 1, 0; 0.730549724256; 1, 0, 1; 1, 0, 0; 3, 1, 2 ;
0,9; -0.402804, -0.414612, 4.204001 / -0.402804, -0.414612, 4.204001 / -0.402804, -0.414612, 4.204001; 1, 46, 1, 0; 0.730562433876; 1, 0, 1; 1, 0, 0; 1, 5, 0 / 3, 1, 2 / 3, 3, 0 / 3, 4, 0 ;
0,9; -0.402400, -0.411707, 4.205272 / -0.402400, -0.411707, 4.205272 / -0.402400, -0.411707, 4.205272; 1, 46, 1, 0; 0.730562509717; 1, 0, 1; 1, 0, 0; 2, 1, 2 ;
0,9; -0.481774, -0.435780, 4.306899 / -0.481774, -0.435780, 4.306899 / -0.481774, -0.435780, 4.306899; 1, 46, 1, 0; 0.731543305614; 1, 0, 1; 1, 0, 0; 2, 1, 2 ;
0,9; -0.501416, -0.432049, 4.321307 / -0.501416, -0.432049, 4.321307 / -0.501416, -0.432049, 4.321307; 1, 46, 1, 0; 0.731549398142; 1, 0, 1; 1, 0, 0; 3, 1, 2 ;
0,9; -0.501308, -0.425608, 4.317709 / -0.500278, -0.425053, 4.317927 / -0.502339, -0.426164, 4.317492; 1, 46, 1, 0; 0.731549941666; 1, 0, 1; 2, 0, 0; 2, 1, 2 / 3, 9, 2 ;
0,9; -0.490636, -0.426215, 4.305058 / -0.490022, -0.425398, 4.305457 / -0.491250, -0.427031, 4.304659; 1, 46, 1, 0; 0.731552709848; 1, 0, 1; 2, 1, 0; 1, 8, 0 / 2, 1, 2 / 3, 7, 2 / 4, 4, 2 ;
0,9; -0.489698, -0.424562, 4.305079 / -0.489320, -0.423726, 4.305645 / -0.490076, -0.425398, 4.304514; 1, 46, 1, 0; 0.731552747768; 1, 0, 1; 3, 1, 0; 1, 2, 0 / 1, 6, 1 / 2, 5, 1 / 2, 8, 2 / 3, 1, 2 ;
0,9; -0.489499, -0.422305, 4.302094 / -0.489499, -0.422305, 4.302094 / -0.489499, -0.422305, 4.302094; 1, 46, 1, 0; 0.731552867849; 1, 0, 1; 1, 0, 0; 1, 3, 0 / 2, 1, 2 ;
0,9; -0.486729, -0.428357, 4.304782 / -0.486729, -0.428357, 4.304782 / -0.486729, -0.428357, 4.304782; 1, 46, 1, 0; 0.731553442974; 1, 0, 1; 1, 0, 0; 3, 1, 2 ;
0,9; -0.495000, -0.422239, 4.320319 / -0.495000, -0.422239, 4.320319 / -0.495000, -0.422239, 4.320319; 1, 46, 1, 0; 0.731560123266; 1, 0, 1; 1, 0, 0; 2, 1, 2 ;
0,9; -0.486698, -0.417368, 4.302235 / -0.486698, -0.417368, 4.302235 / -0.486698, -0.417368, 4.302235; 1, 46, 1, 0; 0.731564705302; 1, 0, 1; 1, 0, 0; 3, 1, 2 ;
0,9; -0.481822, -0.416832, 4.298265 / -0.481822, -0.416832, 4.298265 / -0.481822, -0.416832, 4.298265; 1, 46, 1, 0; 0.731565495309; 1, 0, 1; 1, 0, 0; 2, 1, 2 ;
0,9; -0.029480, -0.641582, 4.190209 / -0.029480, -0.641582, 4.190209 / -0.029480, -0.641582, 4.190209; 1, 46, 1, 0; 0.758624125147; 1, 0, 1; 1, 0, 0; 3, 1, 2 ;
0,9; -0.010402, -0.634642, 4.194423 / -0.010402, -0.634642, 4.194423 / -0.010402, -0.634642, 4.194423; 1, 46, 1, 0; 0.758629693111; 1, 0, 1; 1, 0, 0; 2, 1, 2 ;
0,9; -0.009922, -0.649843, 4.190737 / -0.009922, -0.649843, 4.190737 / -0.009922, -0.649843, 4.190737; 1, 46, 1, 0; 0.758632176891; 0, 1, 0; 1, 0, 0; 2, 1, 1 ;
0,9; -0.011315, -0.648510, 4.189904 / -0.011315, -0.648510, 4.189904 / -0.011315, -0.648510, 4.189904; 1, 46, 1, 0; 0.758632240091; 1, 0, 1; 1, 0, 0; 3, 1, 2 ;
0,9; -0.019306, -0.644689, 4.193473 / -0.019306, -0.644689, 4.193473 / -0.019306, -0.644689, 4.193473; 1, 46, 1, 0; 0.758633339780; 1, 0, 1; 1, 0, 0; 2, 1, 2 ;
0,9; -0.026802, -0.641186, 4.194872 / -0.026802, -0.641186, 4.194872 / -0.026802, -0.641186, 4.194872; 1, 46, 1, 0; 0.758635191554; 0, 1, 0; 1, 0, 0; 2, 1, 1 ;
0,9; -0.007642, -0.648484, 4.202682 / -0.007642, -0.648484, 4.202682 / -0.007642, -0.648484, 4.202682; 1, 46, 1, 0; 0.758643426579; 1, 0, 1; 1, 0, 0; 3, 1, 2 ;
0,9; 0.259336, -0.839734, 4.194254 / 0.259336, -0.839734, 4.194254 / 0.259336, -0.839734, 4.194254; 1, 46, 1, 0; 0.760676251654; 0, 1, 0; 1, 0, 0; 2, 1, 1 ;
0,9; 0.267406, -0.845093, 4.194908 / 0.267406, -0.845093, 4.194908 / 0.267406, -0.845093, 4.194908; 1, 46, 1, 0; 0.760676599257; 1, 0, 1; 1, 0, 0; 2, 1, 2 ;
0,9; 0.322113, -0.919519, 4.118804 / 0.322484, -0.919076, 4.119292 / 0.321743, -0.919962, 4.118317; 1, 46, 1, 0; 0.761827884818; 0, 1, 0; 2, 0, 0; 3, 1, 1 / 3, 10, 1 / 4, 1, 0 / 4, 10, 0 ;
0,9; -0.509979, -0.431782, 4.335566 / -0.509119, -0.431624, 4.336287 / -0.510840, -0.431939, 4.334845; 1, 46, 1, 0; 0.900942155112; 0, 1, 0; 3, 0, 0; 2, 1, 1 / 2, 9, 1 / 3, 2, 2 ;
0,9; -0.526233, -0.435138, 4.344026 / -0.526233, -0.435138, 4.344026 / -0.526233, -0.435138, 4.344026; 1, 46, 1, 0; 0.900953872484; 1, 0, 1; 1, 0, 0; 2, 1, 2 ;
0,9; -0.522168, -0.428446, 4.349925 / -0.522103, -0.427390, 4.350227 / -0.522233, -0.429503, 4.349624; 1, 46, 1, 0; 0.900955534657; 1, 0, 1; 2, 0, 0; 2, 9, 2 / 3, 1, 2 ;
0,9; -0.528144, -0.432195, 4.351099 / -0.528144, -0.432195, 4.351099 / -0.528144, -0.432195, 4.351099; 1, 46, 1, 0; 0.900955762179; 1, 0, 1; 1, 0, 0; 2, 1, 2 ;
0,9; -0.538517, -0.435817, 4.366029 / -0.538517, -0.435817, 4.366029 / -0.538517, -0.435817, 4.366029; 1, 46, 1, 0; 0.900969520928; 1, 0, 1; 1, 0, 0; 3, 1, 2 ;
0,9; -0.585222, -0.446919, 4.431987 / -0.585222, -0.446919, 4.431987 / -0.585222, -0.446919, 4.431987; 1, 46, 1, 0; 0.901043446551; 1, 0, 1; 1, 0, 0; 1, 5, 0 / 3, 1, 2 / 4, 4, 0 ;
0,9; -0.584415, -0.447403, 4.427271 / -0.584415, -0.447403, 4.427271 / -0.584415, -0.447403, 4.427271; 1, 46, 1, 0; 0.901043566632; 1, 0, 1; 1, 0, 0; 3, 1, 2 ;
0,9; -0.585893, -0.447813, 4.438054 / -0.585893, -0.447813, 4.438054 / -0.585893, -0.447813, 4.438054; 1, 46, 1, 0; 0.901054961682; 1, 0, 1; 1, 0, 0; 1, 1, 0 / 3, 1, 2 / 4, 5, 0 ;
0,9; -0.588384, -0.450853, 4.439217 / -0.588384, -0.450853, 4.439217 / -0.588384, -0.450853, 4.439217; 1, 46, 1, 0; 0.901055808568; 1, 0, 1; 1, 0, 0; 3, 1, 2 ;
0,9; -0.598685, -0.455856, 4.446830 / -0.598685, -0.455856, 4.446830 / -0.598685, -0.455856, 4.446830; 1, 46, 1, 0; 0.901056674415; 1, 0, 1; 1, 0, 0; 2, 1, 2 ;
0,9; -0.592247, -0.445970, 4.457001 / -0.592247, -0.445970, 4.457001 / -0.592247, -0.445970, 4.457001; 1, 46, 1, 0; 0.901066698014; 1, 0, 1; 1, 0, 0; 2, 1, 2 ;
0,9; -0.598628, -0.454229, 4.460402 / -0.598289, -0.453263, 4.460984 / -0.598966, -0.455195, 4.459819; 1, 46, 1, 0; 0.901067943064; 1, 0, 1; 2, 0, 0; 1, 8, 0 / 1, 10, 0 / 2, 9, 2 / 3, 1, 2 ;
0,9; -0.598649, -0.456761, 4.456301 / -0.598649, -0.456761, 4.456301 / -0.598649, -0.456761, 4.456301; 1, 46, 1, 0; 0.901068094745; 1, 0, 1; 1, 0, 0; 3, 1, 2 ;
0,9; -0.601717, -0.455423, 4.459104 / -0.601717, -0.455423, 4.459104 / -0.601717, -0.455423, 4.459104; 1, 46, 1, 0; 0.901068777311; 1, 0, 1; 1, 0, 0; 2, 1, 2 ;
0,9; -0.599190, -0.456513, 4.470764 / -0.599190, -0.456513, 4.470764 / -0.599190, -0.456513, 4.470764; 1, 46, 1, 0; 0.901079388674; 1, 0, 1; 1, 0, 0; 3, 1, 2 / 3, 2, 0 ;
0,9; -0.599483, -0.453254, 4.464013 / -0.599483, -0.453254, 4.464013 / -0.599483, -0.453254, 4.464013; 1, 46, 1, 0; 0.901079597236; 1, 0, 1; 1, 0, 0; 2, 1, 2 ;
0,9; -0.632739, -0.471749, 4.496619 / -0.632739, -0.471749, 4.496619 / -0.632739, -0.471749, 4.496619; 1, 46, 1, 0; 0.905506842718; 1, 0, 1; 1, 0, 0; 3, 1, 2 ;
0,9; -0.649645, -0.476278, 4.520488 / -0.649645, -0.476278, 4.520488 / -0.649645, -0.476278, 4.520488; 1, 46, 1, 0; 0.905527578802; 1, 0, 1; 1, 0, 0; 3, 1, 2 ;
0,9; -0.637696, -0.472829, 4.519568 / -0.637696, -0.472829, 4.519568 / -0.637696, -0.472829, 4.519568; 1, 46, 1, 0; 0.905528729051; 1, 0, 1; 1, 0, 0; 3, 1, 2 ;
0,9; -0.650866, -0.476846, 4.533630 / -0.650866, -0.476846, 4.533630 / -0.650866, -0.476846, 4.533630; 1, 46, 1, 0; 0.905538847450; 1, 0, 1; 1, 0, 0; 2, 1, 2 ;
0,9; -0.647802, -0.476120, 4.532051 / -0.647802, -0.476120, 4.532051 / -0.647802, -0.476120, 4.532051; 1, 46, 1, 0; 0.905539024412; 1, 0, 1; 1, 0, 0; 3, 1, 2 ;
