1,1; 3.52563, -2.27398, 0.908126 / 3.52582, -2.27338, 0.908238 / 3.52544, -2.27457, 0.908014; 1, 19, 1, 0; 0.919854804280; 1, 0, 2; 2, 0, 0; 2, 5, 2 / 3, 1, 2 ;
0,1; 3.549193, -2.289454, 0.904008 / 3.549193, -2.289454, 0.904008 / 3.549193, -2.289454, 0.904008; 1, 19, 1, 0; 0.919834499006; 1, 0, 1; 1, 0, 0; 2, 1, 2 ;
0,1; 3.548246, -2.295522, 0.909020 / 3.548246, -2.295522, 0.909020 / 3.548246, -2.295522, 0.909020; 1, 19, 1, 0; 0.919834961805; 1, 0, 1; 1, 0, 0; 2, 1, 2 ;
0,1; 3.545018, -2.295513, 0.911129 / 3.545018, -2.295513, 0.911129 / 3.545018, -2.295513, 0.911129; 1, 19, 1, 0; 0.919835164279; 1, 0, 1; 1, 0, 0; 3, 1, 2 ;
0,1; 3.541855, -2.289038, 0.911131 / 3.541855, -2.289038, 0.911131 / 3.541855, -2.289038, 0.911131; 1, 19, 1, 0; 0.919835475221; 1, 0, 1; 1, 0, 0; 2, 1, 2 ;
0,1; 3.541526, -2.286261, 0.915473 / 3.541526, -2.286261, 0.915473 / 3.541526, -2.286261, 0.915473; 1, 19, 1, 0; 0.919836451437; 1, 0, 1; 1, 0, 0; 3, 1, 2 ;
0,1; 3.526171, -2.283411, 0.912191 / 3.526171, -2.283411, 0.912191 / 3.526171, -2.283411, 0.912191; 1, 19, 1, 0; 0.919840710627; 1, 0, 1; 1, 0, 0; 3, 1, 2 ;
0,1; 3.518036, -2.275988, 0.914620 / 3.518036, -2.275988, 0.914620 / 3.518036, -2.275988, 0.914620; 1, 19, 1, 0; 0.919854204088; 1, 0, 1; 1, 0, 0; 2, 1, 2 ;
0,1; 3.517432, -2.262983, 0.913807 / 3.517432, -2.262983, 0.913807 / 3.517432, -2.262983, 0.913807; 1, 19, 1, 0; 0.919867176902; 1, 0, 1; 1, 0, 0; 2, 1, 2 ;
0,1; 3.521254, -2.263053, 0.902351 / 3.521254, -2.263053, 0.902351 / 3.521254, -2.263053, 0.902351; 1, 19, 1, 0; 0.919868456828; 1, 0, 1; 1, 0, 0; 2, 1, 2 ;
0,1; 3.769150, -2.464810, 0.932595 / 3.770026, -2.464221, 0.933258 / 3.768274, -2.465398, 0.931932; 1, 22, 1, 0; 0.219785354858; 2, 3, 1; 2, 2, 1; 1, 2, 0 / 1, 6, 1 / 2, 1, 2 / 2, 6, 1 / 4, 9, 1 ;
0,1; 3.096261, -1.991286, 1.014344 / 3.096454, -1.991211, 1.014520 / 3.096067, -1.991361, 1.014169; 1, 22, 1, 0; 0.228662835199; 0, 3, 0; 2, 2, 0; 1, 1, 3 / 1, 2, 1 / 2, 1, 1 / 2, 2, 1 / 4, 5, 0 ;
0,1; 3.110495, -1.997892, 1.007421 / 3.111079, -1.996684, 1.008020 / 3.109911, -1.999100, 1.006822; 1, 22, 1, 0; 0.228647170273; 2, 3, 1; 3, 1, 0; 2, 1, 1 / 3, 1, 1 / 3, 9, 2 / 4, 1, 1 ;
0,1; 3.103599, -1.993529, 1.010367 / 3.103599, -1.993529, 1.010367 / 3.103599, -1.993529, 1.010367; 1, 22, 1, 0; 0.228648487203; 1, 0, 1; 0, 1, 0; 1, 1, 2 ;
0,1; 2.838967, -2.058751, 1.127259 / 2.838967, -2.058751, 1.127259 / 2.838967, -2.058751, 1.127259; 1, 22, 1, 0; 0.232608257519; 0, 1, 0; 0, 1, 0; 1, 1, 1 ;
0,1; 2.842266, -2.057621, 1.128405 / 2.842266, -2.057621, 1.128405 / 2.842266, -2.057621, 1.128405; 1, 22, 1, 0; 0.232609094243; 1, 0, 1; 0, 1, 0; 4, 1, 2 ;
0,1; 2.914304, -2.018802, 1.106882 / 2.914304, -2.018802, 1.106882 / 2.914304, -2.018802, 1.106882; 1, 22, 1, 0; 0.234041310877; 0, 1, 0; 0, 1, 0; 1, 1, 1 / 3, 3, 0 / 4, 3, 0 ;
0,1; 3.768151, -2.464793, 0.932628 / 3.769130, -2.464221, 0.933324 / 3.767172, -2.465366, 0.931932; 1, 22, 1, 0; 0.219785333031; 1, 0, 1; 3, 1, 0; 1, 5, 0 / 1, 9, 1 / 2, 1, 2 / 2, 4, 2 / 2, 9, 1 ;
0,1; 3.770786, -2.464729, 0.932394 / 3.771546, -2.464059, 0.932628 / 3.770026, -2.465398, 0.932160; 1, 22, 1, 0; 0.219785413065; 1, 0, 1; 1, 1, 0; 3, 8, 2 / 4, 1, 1 / 4, 3, 0 ;
0,1; 3.112475, -1.999820, 1.011443 / 3.112475, -1.999820, 1.011443 / 3.112475, -1.999820, 1.011443; 1, 22, 1, 0; 0.228659786614; 1, 0, 1; 1, 0, 0; 3, 1, 2 / 3, 9, 0 ;
0,1; 3.106311, -1.998322, 1.011512 / 3.106311, -1.998322, 1.011512 / 3.106311, -1.998322, 1.011512; 1, 22, 1, 0; 0.228660907096; 1, 0, 1; 1, 0, 0; 3, 1, 2 ;
0,1; 3.101524, -1.993304, 1.011806 / 3.101524, -1.993304, 1.011806 / 3.101524, -1.993304, 1.011806; 1, 22, 1, 0; 0.228661983923; 0, 1, 0; 1, 0, 0; 3, 1, 1 ;
0,1; 2.818399, -2.065949, 1.115072 / 2.818399, -2.065949, 1.115072 / 2.818399, -2.065949, 1.115072; 1, 22, 1, 0; 0.231867094778; 1, 0, 1; 1, 0, 0; 3, 1, 2 ;
0,1; 3.011483, -1.961161, 1.060031 / 3.011483, -1.961161, 1.060031 / 3.011483, -1.961161, 1.060031; 1, 22, 1, 0; 0.232970537133; 1, 0, 1; 1, 0, 0; 2, 1, 2 ;
0,1; 3.001612, -1.965052, 1.068694 / 3.001612, -1.965052, 1.068694 / 3.001612, -1.965052, 1.068694; 1, 22, 1, 0; 0.232971497547; 1, 0, 1; 1, 0, 0; 3, 1, 2 ;
1,2; 3.65825, -1.91936, -0.444043 / 3.6589, -1.91841, -0.443366 / 3.65761, -1.9203, -0.44472; 1, 12, 1, 0; 0.634753316351; 2, 5, 1; 4, 2, 0; 1, 3, 1 / 1, 4, 0 / 1, 7, 1 / 2, 4, 0 / 2, 5, 1 / 2, 6, 1 / 2, 7, 1 / 3, 1, 2 / 3, 2, 0 ;
0,2; 3.694602, -1.865855, -0.454371 / 3.694609, -1.865776, -0.453268 / 3.694596, -1.865934, -0.455474; 1, 12, 1, 0; 0.635844908520; 1, 0, 2; 1, 1, 0; 1, 1, 2 / 2, 6, 2 ;
0,2; 3.653490, -1.926259, -0.441161 / 3.653490, -1.926259, -0.441161 / 3.653490, -1.926259, -0.441161; 1, 12, 1, 0; 0.634754266169; 0, 1, 0; 0, 1, 0; 1, 1, 1 ;
0,2; 3.634883, -1.946214, -0.438666 / 3.634883, -1.946214, -0.438666 / 3.634883, -1.946214, -0.438666; 1, 12, 1, 0; 0.634705527938; 1, 0, 1; 1, 0, 0; 2, 1, 2 ;
0,2; 3.654235, -1.928828, -0.444295 / 3.654235, -1.928828, -0.444295 / 3.654235, -1.928828, -0.444295; 1, 12, 1, 0; 0.634754374883; 1, 0, 1; 1, 0, 0; 2, 1, 2 ;
0,2; 3.662058, -1.905007, -0.438836 / 3.662058, -1.905007, -0.438836 / 3.662058, -1.905007, -0.438836; 1, 12, 1, 0; 0.634760096675; 1, 0, 1; 1, 0, 0; 2, 1, 2 ;
0,2; 3.705126, -1.866165, -0.456811 / 3.705126, -1.866165, -0.456811 / 3.705126, -1.866165, -0.456811; 1, 12, 1, 0; 0.635835965358; 1, 0, 1; 1, 0, 0; 2, 1, 2 ;
0,2; 3.687075, -1.878243, -0.452948 / 3.687075, -1.878243, -0.452948 / 3.687075, -1.878243, -0.452948; 1, 12, 1, 0; 0.635841624211; 0, 1, 0; 1, 0, 0; 3, 1, 1 ;
0,2; 3.682165, -1.881672, -0.447584 / 3.682165, -1.881672, -0.447584 / 3.682165, -1.881672, -0.447584; 1, 12, 1, 0; 0.635851643070; 1, 0, 1; 1, 0, 0; 3, 1, 2 ;
1,3; 3.92807, -1.08949, 0.133472 / 3.92895, -1.08882, 0.134173 / 3.92718, -1.09016, 0.132772; 1, 19, 1, 0; 0.229455177989; 2, 4, 1; 3, 2, 1; 1, 8, 1 / 2, 4, 2 / 2, 8, 1 / 3, 5, 1 / 4, 1, 1 ;
0,3; 3.948616, -1.104035, 0.118335 / 3.948841, -1.103848, 0.118495 / 3.948390, -1.104222, 0.118176; 1, 19, 1, 0; 0.229438444940; 0, 3, 0; 1, 2, 1; 1, 6, 1 / 2, 6, 1 / 4, 1, 1 ;
0,3; 3.935787, -1.094815, 0.128674 / 3.935901, -1.094081, 0.129017 / 3.935673, -1.095549, 0.128330; 1, 19, 1, 0; 0.229441106030; 1, 0, 2; 0, 2, 1; 1, 1, 2 / 4, 7, 2 ;
0,3; 4.154486, -1.305219, -0.007333 / 4.155251, -1.304486, -0.006949 / 4.153720, -1.305952, -0.007718; 1, 19, 1, 0; 0.011914198650; 0, 6, 0; 3, 3, 0; 3, 1, 1 / 3, 2, 1 / 3, 3, 1 / 3, 4, 0 / 4, 1, 1 / 4, 2, 1 / 4, 3, 0 / 4, 5, 1 / 4, 8, 0 ;
0,3; 3.932209, -1.090857, 0.130647 / 3.933347, -1.089836, 0.131140 / 3.931070, -1.091879, 0.130155; 1, 19, 1, 0; 0.229454433173; 2, 1, 2; 1, 2, 0; 1, 1, 2 / 1, 4, 0 / 1, 5, 0 / 1, 9, 2 / 2, 4, 1 ;
0,3; 4.152156, -1.302033, -0.006756 / 4.152525, -1.301519, -0.005940 / 4.151786, -1.302548, -0.007572; 1, 19, 1, 0; 0.011927648725; 2, 1, 1; 1, 1, 0; 1, 1, 1 / 2, 1, 0 / 2, 7, 2 ;
0,3; 3.899053, -1.065322, 0.152441 / 3.899606, -1.063980, 0.152541 / 3.898500, -1.066665, 0.152341; 1, 19, 1, 0; 0.227100952207; 1, 0, 2; 1, 1, 0; 1, 10, 2 / 3, 1, 2 ;
0,3; 4.081022, -1.226049, 0.033493 / 4.081056, -1.225696, 0.033643 / 4.080989, -1.226401, 0.033343; 1, 19, 1, 0; 0.230702571134; 1, 0, 2; 1, 1, 0; 1, 3, 2 / 2, 1, 2 ;
0,3; 3.955922, -1.112711, 0.114184 / 3.955922, -1.112711, 0.114184 / 3.955922, -1.112711, 0.114184; 1, 19, 1, 0; 0.229424900860; 1, 0, 1; 0, 1, 0; 1, 10, 0 / 4, 1, 2 ;
0,3; 3.948647, -1.106142, 0.116401 / 3.948647, -1.106142, 0.116401 / 3.948647, -1.106142, 0.116401; 1, 19, 1, 0; 0.229438343703; 1, 0, 1; 0, 1, 0; 1, 1, 2 ;
0,3; 3.947867, -1.100492, 0.118464 / 3.947867, -1.100492, 0.118464 / 3.947867, -1.100492, 0.118464; 1, 19, 1, 0; 0.229439377768; 1, 0, 1; 0, 1, 0; 1, 1, 2 ;
0,3; 4.084676, -1.229781, 0.032972 / 4.084676, -1.229781, 0.032972 / 4.084676, -1.229781, 0.032972; 1, 19, 1, 0; 0.230703576273; 1, 0, 1; 0, 1, 0; 4, 1, 2 ;
0,3; 4.150455, -1.306161, -0.008612 / 4.150872, -1.305579, -0.007924 / 4.150039, -1.306743, -0.009301; 1, 19, 1, 0; 0.011915015779; 2, 1, 1; 2, 0, 0; 2, 1, 1 / 2, 9, 2 ;
0,3; 3.925245, -1.091233, 0.132812 / 3.925475, -1.090642, 0.132846 / 3.925014, -1.091823, 0.132777; 1, 19, 1, 0; 0.229455076752; 1, 0, 2; 2, 0, 0; 2, 7, 2 / 3, 1, 2 ;
0,3; 4.308678, -1.432942, -0.123809 / 4.308678, -1.432942, -0.123809 / 4.308678, -1.432942, -0.123809; 1, 19, 1, 0; 0.011534870402; 1, 0, 1; 1, 0, 0; 2, 1, 2 ;
0,3; 4.166692, -1.320842, -0.011455 / 4.166692, -1.320842, -0.011455 / 4.166692, -1.320842, -0.011455; 1, 19, 1, 0; 0.011899222788; 1, 0, 1; 1, 0, 0; 2, 1, 2 ;
0,3; 4.167013, -1.317595, -0.021143 / 4.167013, -1.317595, -0.021143 / 4.167013, -1.317595, -0.021143; 1, 19, 1, 0; 0.011911313393; 1, 0, 1; 1, 0, 0; 2, 1, 2 ;
0,3; 4.163460, -1.313862, -0.006950 / 4.163460, -1.313862, -0.006950 / 4.163460, -1.313862, -0.006950; 1, 19, 1, 0; 0.011913374291; 1, 0, 1; 1, 0, 0; 2, 1, 2 ;
0,3; 4.142282, -1.303137, -0.010411 / 4.142282, -1.303137, -0.010411 / 4.142282, -1.303137, -0.010411; 1, 19, 1, 0; 0.011916425867; 1, 0, 1; 1, 0, 0; 3, 1, 2 ;
0,3; 4.160993, -1.303956, -0.012712 / 4.160993, -1.303956, -0.012712 / 4.160993, -1.303956, -0.012712; 1, 19, 1, 0; 0.011925551670; 1, 0, 1; 1, 0, 0; 2, 1, 2 ;
0,3; 4.149911, -1.297363, -0.001272 / 4.149911, -1.297363, -0.001272 / 4.149911, -1.297363, -0.001272; 1, 19, 1, 0; 0.011928321228; 1, 0, 1; 1, 0, 0; 2, 1, 2 ;
0,3; 4.149334, -1.298813, -0.002084 / 4.149334, -1.298813, -0.002084 / 4.149334, -1.298813, -0.002084; 1, 19, 1, 0; 0.011928422465; 0, 1, 0; 1, 0, 0; 2, 1, 1 ;
0,3; 4.147945, -1.298947, -0.004085 / 4.147945, -1.298947, -0.004085 / 4.147945, -1.298947, -0.004085; 1, 19, 1, 0; 0.011928552627; 0, 1, 0; 1, 0, 0; 2, 1, 1 ;
0,3; 3.948852, -1.108832, 0.116283 / 3.948852, -1.108832, 0.116283 / 3.948852, -1.108832, 0.116283; 1, 19, 1, 0; 0.229438220772; 1, 0, 1; 1, 0, 0; 3, 1, 2 ;
0,3; 3.948454, -1.103938, 0.119204 / 3.948548, -1.103848, 0.120024 / 3.948359, -1.104027, 0.118383; 1, 19, 1, 0; 0.229438481096; 0, 1, 0; 2, 1, 0; 1, 1, 1 / 2, 1, 1 / 2, 9, 1 / 3, 6, 0 ;
0,3; 3.944176, -1.090573, 0.130165 / 3.944176, -1.090573, 0.130165 / 3.944176, -1.090573, 0.130165; 1, 19, 1, 0; 0.229441460360; 1, 0, 1; 1, 0, 0; 2, 1, 2 ;
0,3; 3.933633, -1.094779, 0.126490 / 3.933633, -1.094779, 0.126490 / 3.933633, -1.094779, 0.126490; 1, 19, 1, 0; 0.229453594352; 1, 0, 1; 1, 0, 0; 2, 1, 2 ;
0,3; 3.932209, -1.092376, 0.130385 / 3.933347, -1.091701, 0.131122 / 3.931070, -1.093051, 0.129649; 1, 19, 1, 0; 0.229454454867; 0, 1, 0; 2, 1, 0; 1, 1, 0 / 1, 2, 0 / 1, 6, 2 / 2, 1, 1 / 3, 9, 1 / 4, 9, 0 ;
0,3; 4.053678, -1.210281, 0.048495 / 4.053678, -1.210281, 0.048495 / 4.053678, -1.210281, 0.048495; 1, 19, 1, 0; 0.230500031817; 1, 0, 1; 1, 0, 0; 3, 1, 2 ;
1,4; -0.476441, 4.45607, 0.252603 / -0.476229, 4.45697, 0.253056 / -0.476652, 4.45518, 0.25215; 1, 17, 1, 0; 0.372342753083; 2, 2, 1; 1, 2, 1; 1, 1, 2 / 1, 3, 0 / 3, 8, 1 / 4, 8, 1 ;
0,4; -0.454812, 4.104584, 0.093405 / -0.454371, 4.105397, 0.093954 / -0.455253, 4.103772, 0.092857; 1, 17, 1, 0; 0.404442005697; 2, 2, 1; 1, 2, 1; 1, 7, 0 / 1, 8, 2 / 3, 1, 1 / 3, 2, 0 / 4, 1, 1 ;
0,4; -0.453926, 4.037778, 0.073307 / -0.453743, 4.038413, 0.073573 / -0.454109, 4.037143, 0.073041; 1, 17, 1, 0; 0.403033778864; 2, 2, 1; 1, 2, 1; 1, 1, 1 / 2, 9, 2 / 3, 5, 0 / 4, 5, 1 ;
0,4; -0.475016, 4.491600, 0.281810 / -0.474743, 4.492712, 0.281889 / -0.475288, 4.490487, 0.281732; 1, 17, 1, 0; 0.372358836264; 2, 3, 1; 2, 2, 0; 2, 5, 1 / 3, 1, 1 / 3, 2, 0 / 4, 1, 1 / 4, 7, 2 ;
0,4; -0.474590, 4.460507, 0.255427 / -0.474257, 4.460713, 0.255890 / -0.474922, 4.460301, 0.254964; 1, 17, 1, 0; 0.372354714339; 2, 1, 1; 0, 2, 0; 1, 1, 2 / 1, 3, 1 / 3, 10, 0 / 4, 8, 0 ;
0,4; -0.453770, 4.102159, 0.093485 / -0.453411, 4.102979, 0.094240 / -0.454130, 4.101339, 0.092729; 1, 17, 1, 0; 0.404441922003; 1, 0, 2; 0, 2, 0; 3, 1, 0 / 4, 1, 2 / 4, 7, 2 ;
0,4; -0.475411, 4.452250, 0.250769 / -0.474609, 4.452794, 0.251786 / -0.476213, 4.451706, 0.249751; 1, 17, 1, 0; 0.372343687665; 2, 4, 2; 5, 1, 0; 1, 2, 1 / 2, 2, 2 / 3, 1, 2 / 3, 2, 0 / 3, 6, 1 / 3, 7, 1 / 3, 10, 1 / 4, 6, 0 ;
0,4; -0.475027, 4.450808, 0.247805 / -0.474207, 4.451260, 0.248618 / -0.475847, 4.450357, 0.246992; 1, 17, 1, 0; 0.372343785308; 1, 0, 4; 3, 1, 0; 2, 3, 2 / 2, 5, 0 / 2, 8, 2 / 3, 3, 0 / 3, 6, 0 / 3, 10, 2 / 4, 1, 2 ;
0,4; -0.476313, 4.458989, 0.255247 / -0.476146, 4.459409, 0.255659 / -0.476480, 4.458570, 0.254836; 1, 17, 1, 0; 0.372354811982; 0, 4, 0; 3, 1, 0; 3, 1, 1 / 3, 2, 1 / 3, 4, 1 / 4, 1, 1 ;
0,4; -0.473674, 4.304291, 0.160566 / -0.473255, 4.304883, 0.161345 / -0.474092, 4.303698, 0.159786; 1, 17, 1, 0; 0.405011026673; 2, 2, 2; 3, 1, 0; 1, 7, 2 / 2, 1, 2 / 2, 2, 0 / 2, 8, 1 / 3, 5, 1 / 4, 5, 0 ;
0,4; -0.476604, 4.469464, 0.262745 / -0.475747, 4.469719, 0.263204 / -0.477462, 4.469208, 0.262285; 1, 17, 1, 0; 0.372353207848; 2, 2, 1; 2, 1, 0; 1, 5, 1 / 2, 1, 2 / 2, 5, 1 ;
0,4; -0.505810, 3.900905, 0.017856 / -0.505307, 3.901194, 0.018581 / -0.506313, 3.900617, 0.017131; 1, 17, 1, 0; 0.438011202430; 2, 2, 1; 2, 1, 0; 1, 1, 1 / 2, 1, 1 / 3, 3, 2 ;
0,4; -0.440188, 3.550676, -0.178668 / -0.439543, 3.551081, -0.178187 / -0.440832, 3.550271, -0.179150; 1, 17, 1, 0; 0.256848505645; 0, 2, 0; 1, 1, 0; 1, 8, 1 / 2, 1, 1 / 2, 2, 0 / 3, 4, 0 / 3, 5, 0 ;
0,4; -0.476416, 4.524888, 0.302926 / -0.475838, 4.524961, 0.302944 / -0.476994, 4.524814, 0.302908; 1, 17, 1, 0; 0.372399609149; 1, 0, 2; 1, 1, 0; 1, 1, 2 / 3, 8, 2 ;
0,4; -0.455346, 4.036288, 0.073995 / -0.455038, 4.036411, 0.074291 / -0.455654, 4.036165, 0.073700; 1, 17, 1, 0; 0.403033702145; 2, 1, 1; 1, 1, 0; 1, 2, 2 / 3, 1, 1 ;
0,4; -0.451497, 4.052089, 0.077574 / -0.451487, 4.052734, 0.077731 / -0.451507, 4.051444, 0.077416; 1, 17, 1, 0; 0.403035738696; 0, 2, 0; 1, 1, 0; 1, 4, 0 / 2, 3, 1 / 4, 1, 1 ;
0,4; -0.455623, 4.121604, 0.098997 / -0.455621, 4.121881, 0.099087 / -0.455624, 4.121327, 0.098906; 1, 17, 1, 0; 0.404437200271; 0, 2, 0; 1, 1, 0; 1, 1, 1 / 2, 1, 1 ;
0,4; -0.473893, 4.300878, 0.158102 / -0.473889, 4.301005, 0.158170 / -0.473898, 4.300750, 0.158035; 1, 17, 1, 0; 0.405011996128; 0, 2, 0; 1, 1, 0; 1, 1, 1 / 2, 1, 1 / 3, 8, 0 ;
0,4; -0.475313, 4.311574, 0.166608 / -0.474432, 4.311836, 0.167003 / -0.476195, 4.311312, 0.166213; 1, 17, 1, 0; 0.405022820541; 1, 0, 2; 1, 1, 0; 2, 1, 2 / 4, 6, 0 / 4, 10, 2 ;
0,4; -0.485116, 4.475595, 0.260727 / -0.485116, 4.475595, 0.260727 / -0.485116, 4.475595, 0.260727; 1, 17, 1, 0; 0.372351994286; 1, 0, 1; 0, 1, 0; 1, 1, 2 ;
0,4; -0.477489, 4.459202, 0.256949 / -0.477489, 4.459202, 0.256949 / -0.477489, 4.459202, 0.256949; 1, 17, 1, 0; 0.372354923574; 0, 1, 0; 0, 1, 0; 1, 1, 1 / 1, 5, 0 / 2, 6, 0 / 3, 9, 0 / 4, 9, 0 ;
0,4; -0.477590, 4.456426, 0.254744 / -0.477590, 4.456426, 0.254744 / -0.477590, 4.456426, 0.254744; 1, 17, 1, 0; 0.372355718666; 1, 0, 1; 0, 1, 0; 1, 1, 2 / 1, 5, 0 ;
0,4; -0.474343, 4.492666, 0.284533 / -0.474343, 4.492666, 0.284533 / -0.474343, 4.492666, 0.284533; 1, 17, 1, 0; 0.372359666229; 0, 1, 0; 0, 1, 0; 1, 8, 0 / 4, 1, 1 ;
0,4; -0.472527, 4.497270, 0.286258 / -0.472527, 4.497270, 0.286258 / -0.472527, 4.497270, 0.286258; 1, 17, 1, 0; 0.372372513245; 0, 1, 0; 0, 1, 0; 4, 1, 1 ;
0,4; -0.455182, 4.195665, 0.118311 / -0.455182, 4.195665, 0.118311 / -0.455182, 4.195665, 0.118311; 1, 17, 1, 0; 0.402436978482; 1, 0, 1; 0, 1, 0; 1, 1, 2 ;
0,4; -0.453611, 4.038397, 0.073396 / -0.453370, 4.039003, 0.073573 / -0.453853, 4.037791, 0.073219; 1, 17, 1, 0; 0.403033806762; 0, 1, 0; 1, 2, 0; 2, 5, 2 / 3, 1, 0 / 4, 1, 1 / 4, 10, 1 ;
0,4; -0.452054, 4.040457, 0.073793 / -0.452054, 4.040457, 0.073793 / -0.452054, 4.040457, 0.073793; 1, 17, 1, 0; 0.403033967175; 1, 0, 1; 0, 1, 0; 1, 1, 2 / 1, 9, 0 / 3, 2, 0 / 4, 5, 0 ;
0,4; -0.451046, 4.052016, 0.077253 / -0.450605, 4.052734, 0.077731 / -0.451487, 4.051298, 0.076775; 1, 17, 1, 0; 0.403035752645; 0, 1, 0; 1, 1, 0; 1, 2, 0 / 2, 1, 1 / 4, 9, 1 ;
0,4; -0.474783, 4.318977, 0.165994 / -0.474783, 4.318977, 0.165994 / -0.474783, 4.318977, 0.165994; 1, 17, 1, 0; 0.405021669749; 0, 1, 0; 0, 1, 0; 4, 1, 1 ;
0,4; -0.473084, 4.318626, 0.170549 / -0.473084, 4.318626, 0.170549 / -0.473084, 4.318626, 0.170549; 1, 17, 1, 0; 0.405022339301; 1, 0, 1; 0, 1, 0; 1, 1, 2 ;
0,4; -0.473020, 4.514893, 0.298999 / -0.472536, 4.515968, 0.299318 / -0.473504, 4.513818, 0.298680; 1, 17, 1, 0; 0.372386064684; 2, 2, 2; 4, 0, 0; 2, 6, 2 / 3, 1, 2 / 3, 9, 1 / 3, 10, 1 ;
0,4; -0.476662, 4.450040, 0.245111 / -0.476365, 4.450413, 0.245675 / -0.476959, 4.449667, 0.244547; 1, 17, 1, 0; 0.372343980594; 1, 0, 3; 3, 0, 0; 1, 2, 0 / 2, 1, 2 / 2, 2, 0 / 2, 9, 2 / 3, 6, 2 / 4, 5, 0 ;
0,4; -0.472993, 4.315645, 0.167031 / -0.472906, 4.316413, 0.167055 / -0.473079, 4.314877, 0.167007; 1, 17, 1, 0; 0.405022576433; 1, 0, 2; 2, 0, 0; 2, 1, 2 / 2, 10, 2 / 3, 9, 0 / 4, 6, 0 ;
0,4; -0.473296, 4.313191, 0.166667 / -0.473103, 4.313671, 0.166876 / -0.473490, 4.312711, 0.166458; 1, 17, 1, 0; 0.405022695000; 1, 0, 2; 2, 0, 0; 1, 6, 0 / 1, 8, 0 / 2, 1, 2 / 2, 6, 0 / 2, 9, 2 / 3, 5, 0 / 4, 3, 0 / 4, 4, 0 / 4, 6, 0 / 4, 8, 0 / 4, 10, 0 ;
0,4; -0.503304, 3.907427, 0.022514 / -0.503027, 3.908329, 0.023050 / -0.503582, 3.906524, 0.021977; 1, 17, 1, 0; 0.438012255579; 0, 2, 0; 2, 0, 0; 2, 1, 1 / 2, 8, 1 / 4, 1, 0 ;
0,4; -0.475630, 4.455459, 0.251665 / -0.475031, 4.455742, 0.252156 / -0.476230, 4.455176, 0.251174; 1, 17, 1, 0; 0.372342801905; 0, 1, 0; 2, 1, 0; 1, 7, 0 / 2, 9, 0 / 3, 1, 1 / 3, 4, 1 / 4, 1, 1 ;
0,4; -0.480898, 4.457099, 0.257616 / -0.480898, 4.457099, 0.257616 / -0.480898, 4.457099, 0.257616; 1, 17, 1, 0; 0.372355837232; 1, 0, 1; 1, 0, 0; 2, 1, 2 ;
0,4; -0.475016, 4.490536, 0.281815 / -0.474743, 4.491308, 0.281899 / -0.475288, 4.489764, 0.281732; 1, 17, 1, 0; 0.372358864162; 0, 1, 0; 2, 1, 0; 2, 1, 1 / 2, 7, 0 / 2, 8, 1 / 4, 3, 2 ;
0,4; -0.472226, 4.489900, 0.284344 / -0.472226, 4.489900, 0.284344 / -0.472226, 4.489900, 0.284344; 1, 17, 1, 0; 0.372359763872; 1, 0, 1; 1, 0, 0; 2, 1, 2 ;
0,4; -0.479117, 4.504715, 0.287992 / -0.479117, 4.504715, 0.287992 / -0.479117, 4.504715, 0.287992; 1, 17, 1, 0; 0.372372025030; 1, 0, 1; 1, 0, 0; 3, 1, 2 ;
0,4; -0.474130, 4.510007, 0.291186 / -0.474130, 4.510007, 0.291186 / -0.474130, 4.510007, 0.291186; 1, 17, 1, 0; 0.372385262618; 1, 0, 1; 1, 0, 0; 2, 1, 2 ;
0,4; -0.473314, 4.513770, 0.298792 / -0.473064, 4.514647, 0.299318 / -0.473564, 4.512894, 0.298266; 1, 17, 1, 0; 0.372386099557; 0, 1, 0; 4, 0, 0; 2, 1, 2 / 3, 4, 1 / 3, 5, 1 / 3, 7, 0 / 3, 8, 0 / 3, 9, 1 ;
0,4; -0.474305, 4.514556, 0.302061 / -0.474305, 4.514556, 0.302061 / -0.474305, 4.514556, 0.302061; 1, 17, 1, 0; 0.372386964394; 1, 0, 1; 1, 0, 0; 1, 5, 0 / 1, 9, 0 / 3, 1, 2 / 4, 1, 0 ;
0,4; -0.454349, 4.191458, 0.115510 / -0.454349, 4.191458, 0.115510 / -0.454349, 4.191458, 0.115510; 1, 17, 1, 0; 0.402436218263; 1, 0, 1; 1, 0, 0; 3, 1, 2 ;
0,4; -0.450998, 4.050524, 0.070173 / -0.450998, 4.050524, 0.070173 / -0.450998, 4.050524, 0.070173; 1, 17, 1, 0; 0.403022968400; 1, 0, 1; 1, 0, 0; 2, 1, 2 ;
0,4; -0.451691, 4.043305, 0.074760 / -0.451691, 4.043305, 0.074760 / -0.451691, 4.043305, 0.074760; 1, 17, 1, 0; 0.403034085742; 0, 1, 0; 1, 0, 0; 1, 1, 0 / 2, 1, 1 / 4, 8, 0 ;
0,4; -0.453796, 4.048052, 0.077268 / -0.453796, 4.048052, 0.077268 / -0.453796, 4.048052, 0.077268; 1, 17, 1, 0; 0.403034825038; 1, 0, 1; 1, 0, 0; 3, 1, 2 ;
0,4; -0.447577, 4.047161, 0.083574 / -0.447577, 4.047161, 0.083574 / -0.447577, 4.047161, 0.083574; 1, 17, 1, 0; 0.403035341150; 1, 0, 1; 1, 0, 0; 3, 1, 2 ;
0,4; -0.453111, 4.051551, 0.080109 / -0.453111, 4.051551, 0.080109 / -0.453111, 4.051551, 0.080109; 1, 17, 1, 0; 0.403035578283; 1, 0, 1; 1, 0, 0; 2, 1, 2 ;
0,4; -0.456018, 4.106865, 0.096859 / -0.456018, 4.106865, 0.096859 / -0.456018, 4.106865, 0.096859; 1, 17, 1, 0; 0.404441259426; 1, 0, 1; 1, 0, 0; 3, 1, 2 / 4, 4, 0 ;
0,4; -0.463069, 4.102217, 0.090959 / -0.463069, 4.102217, 0.090959 / -0.463069, 4.102217, 0.090959; 1, 17, 1, 0; 0.404442417192; 1, 0, 1; 1, 0, 0; 3, 1, 2 ;
0,4; -0.460409, 4.112051, 0.087009 / -0.460409, 4.112051, 0.087009 / -0.460409, 4.112051, 0.087009; 1, 17, 1, 0; 0.404444258458; 1, 0, 1; 1, 0, 0; 3, 1, 2 ;
0,4; -0.471981, 4.318971, 0.158989 / -0.471981, 4.318971, 0.158989 / -0.471981, 4.318971, 0.158989; 1, 17, 1, 0; 0.405009806137; 1, 0, 1; 1, 0, 0; 2, 1, 2 ;
0,4; -0.474192, 4.301474, 0.160785 / -0.474192, 4.301474, 0.160785 / -0.474192, 4.301474, 0.160785; 1, 17, 1, 0; 0.405011898485; 1, 0, 1; 1, 0, 0; 2, 1, 2 / 2, 2, 0 / 2, 3, 0 / 2, 7, 0 / 2, 8, 0 / 3, 2, 0 / 3, 5, 0 / 3, 9, 0 / 4, 9, 0 / 4, 10, 0 ;
0,4; -0.474535, 4.321363, 0.171937 / -0.474535, 4.321363, 0.171937 / -0.474535, 4.321363, 0.171937; 1, 17, 1, 0; 0.405021446566; 1, 0, 1; 1, 0, 0; 2, 1, 2 ;
0,4; -0.472004, 4.318435, 0.168193 / -0.472004, 4.318435, 0.168193 / -0.472004, 4.318435, 0.168193; 1, 17, 1, 0; 0.405022450893; 1, 0, 1; 1, 0, 0; 2, 1, 2 ;
0,4; -0.473167, 4.321629, 0.181016 / -0.473167, 4.321629, 0.181016 / -0.473167, 4.321629, 0.181016; 1, 17, 1, 0; 0.405034070398; 1, 0, 1; 1, 0, 0; 3, 1, 2 ;
0,4; -0.503812, 3.894684, 0.008657 / -0.503812, 3.894684, 0.008657 / -0.503812, 3.894684, 0.008657; 1, 17, 1, 0; 0.438009151930; 1, 0, 1; 1, 0, 0; 2, 1, 2 ;
0,4; -0.508807, 3.888672, 0.011662 / -0.508807, 3.888672, 0.011662 / -0.508807, 3.888672, 0.011662; 1, 17, 1, 0; 0.438020220450; 0, 1, 0; 1, 0, 0; 2, 1, 1 / 2, 2, 0 ;
0,4; -0.471292, 4.521664, 0.320664 / -0.471292, 4.521664, 0.320664 / -0.471292, 4.521664, 0.320664; 1, 25, 1, 0; 0.309233209035; 1, 0, 1; 1, 0, 0; 3, 1, 2 ;
1,5; 2.31114, -1.11459, -3.45303 / 2.31156, -1.11357, -3.45217 / 2.31071, -1.1156, -3.45389; 1, 3, 1, 0; 0.049326760881; 2, 3, 2; 3, 2, 1; 1, 8, 2 / 1, 10, 0 / 2, 8, 1 / 3, 1, 2 / 3, 7, 1 / 4, 7, 3 ;
0,5; 2.308202, -1.076455, -3.429184 / 2.308410, -1.075453, -3.428887 / 2.307994, -1.077457, -3.429481; 1, 3, 1, 0; 0.049328679022; 2, 3, 1; 2, 2, 0; 1, 4, 1 / 1, 5, 1 / 2, 1, 2 / 2, 3, 0 / 2, 5, 1 / 2, 6, 0 / 2, 7, 0 / 3, 2, 0 / 3, 3, 0 ;
0,5; 2.307289, -1.060703, -3.417152 / 2.308452, -1.059912, -3.416708 / 2.306126, -1.061494, -3.417596; 1, 3, 1, 0; 0.049337052753; 2, 3, 1; 2, 2, 0; 1, 9, 1 / 1, 10, 1 / 2, 8, 1 / 2, 9, 0 / 2, 10, 0 / 3, 1, 2 ;
0,5; 2.308456, -1.051645, -3.410315 / 2.308501, -1.051294, -3.409978 / 2.308411, -1.051997, -3.410652; 1, 3, 1, 0; 0.049344898592; 2, 3, 1; 2, 2, 0; 2, 1, 0 / 2, 2, 0 / 2, 3, 0 / 3, 1, 1 / 3, 2, 1 / 4, 1, 2 / 4, 2, 1 / 4, 10, 0 ;
0,5; 2.308204, -1.057416, -3.414105 / 2.309231, -1.056741, -3.413549 / 2.307176, -1.058091, -3.414661; 1, 3, 1, 0; 0.049344511741; 1, 0, 3; 3, 1, 0; 1, 7, 0 / 2, 1, 2 / 2, 2, 0 / 2, 5, 3 / 2, 7, 0 / 2, 10, 2 / 4, 5, 2 ;
0,5; 2.367917, -1.322468, -3.574201 / 2.368242, -1.321660, -3.573683 / 2.367591, -1.323277, -3.574719; 1, 3, 1, 0; 0.053819203166; 0, 3, 0; 2, 1, 0; 1, 1, 1 / 2, 3, 0 / 2, 8, 1 / 2, 9, 0 / 3, 5, 1 ;
0,5; 2.377650, -1.346623, -3.589827 / 2.377862, -1.346112, -3.589497 / 2.377438, -1.347135, -3.590157; 1, 3, 1, 0; 0.053810091998; 0, 2, 0; 1, 1, 0; 2, 6, 0 / 3, 2, 0 / 3, 3, 0 / 3, 4, 0 / 3, 5, 1 / 4, 1, 1 ;
0,5; 2.308028, -1.102593, -3.448687 / 2.308028, -1.102593, -3.448687 / 2.308028, -1.102593, -3.448687; 1, 3, 1, 0; 0.049325918672; 1, 0, 1; 0, 1, 0; 4, 1, 2 ;
0,5; 2.303570, -1.073886, -3.433891 / 2.303570, -1.073886, -3.433891 / 2.303570, -1.073886, -3.433891; 1, 3, 1, 0; 0.049335505345; 1, 0, 1; 0, 1, 0; 1, 1, 2 ;
0,5; 2.308717, -1.059414, -3.420544 / 2.308717, -1.059414, -3.420544 / 2.308717, -1.059414, -3.420544; 1, 3, 1, 0; 0.049343991908; 1, 0, 1; 0, 1, 0; 1, 1, 2 ;
0,5; 2.308271, -1.058021, -3.418269 / 2.308271, -1.058021, -3.418269 / 2.308271, -1.058021, -3.418269; 1, 3, 1, 0; 0.049344040265; 1, 0, 1; 0, 1, 0; 1, 1, 2 ;
0,5; 2.376583, -1.343679, -3.591502 / 2.376583, -1.343679, -3.591502 / 2.376583, -1.343679, -3.591502; 1, 3, 1, 0; 0.053810200800; 1, 0, 1; 0, 1, 0; 2, 6, 0 / 4, 1, 2 ;
0,5; 2.370062, -1.327713, -3.576745 / 2.370062, -1.327713, -3.576745 / 2.370062, -1.327713, -3.576745; 1, 3, 1, 0; 0.053818763928; 1, 0, 1; 0, 1, 0; 1, 1, 2 / 3, 6, 0 / 4, 4, 0 ;
0,5; 2.368415, -1.323270, -3.574496 / 2.368867, -1.322582, -3.574274 / 2.367962, -1.323958, -3.574719; 1, 3, 1, 0; 0.053819219285; 1, 0, 1; 2, 1, 0; 2, 4, 1 / 2, 5, 0 / 3, 1, 1 / 4, 7, 2 ;
0,5; 2.372405, -1.337478, -3.580675 / 2.373506, -1.336929, -3.580334 / 2.371305, -1.338027, -3.581016; 1, 3, 1, 0; 0.053810579593; 1, 0, 3; 3, 0, 0; 1, 9, 0 / 2, 1, 2 / 2, 10, 2 / 3, 8, 2 ;
0,5; 2.372510, -1.333934, -3.581588 / 2.372595, -1.333722, -3.581451 / 2.372425, -1.334146, -3.581726; 1, 3, 1, 0; 0.053811047039; 0, 3, 0; 3, 0, 0; 1, 1, 0 / 1, 2, 0 / 1, 4, 0 / 2, 1, 1 / 2, 2, 1 / 3, 2, 1 / 3, 7, 0 / 4, 3, 0 / 4, 8, 0 ;
0,5; 2.311027, -1.054953, -3.413431 / 2.311283, -1.054293, -3.412802 / 2.310770, -1.055613, -3.414060; 1, 3, 1, 0; 0.049344455325; 1, 0, 2; 2, 0, 0; 3, 1, 2 / 3, 3, 0 / 3, 7, 2 / 4, 2, 0 ;
0,5; 2.307723, -1.043063, -3.409304 / 2.308014, -1.042914, -3.409300 / 2.307431, -1.043213, -3.409308; 1, 3, 1, 0; 0.049352256837; 1, 0, 2; 2, 0, 0; 2, 1, 2 / 3, 6, 2 ;
0,5; 2.311028, -1.113508, -3.461867 / 2.311028, -1.113508, -3.461867 / 2.311028, -1.113508, -3.461867; 1, 3, 1, 0; 0.049319479201; 1, 0, 1; 1, 0, 0; 2, 1, 2 ;
0,5; 2.307678, -1.116019, -3.460264 / 2.307678, -1.116019, -3.460264 / 2.307678, -1.116019, -3.460264; 1, 3, 1, 0; 0.049319934558; 1, 0, 1; 1, 0, 0; 2, 1, 2 ;
0,5; 2.311162, -1.101110, -3.451907 / 2.311162, -1.101110, -3.451907 / 2.311162, -1.101110, -3.451907; 1, 3, 1, 0; 0.049325995237; 1, 0, 1; 1, 0, 0; 2, 1, 2 ;
0,5; 2.310551, -1.112924, -3.449125 / 2.310551, -1.112924, -3.449125 / 2.310551, -1.112924, -3.449125; 1, 3, 1, 0; 0.049326700436; 1, 0, 1; 1, 0, 0; 3, 1, 2 ;
0,5; 2.309715, -1.078525, -3.430639 / 2.309715, -1.078525, -3.430639 / 2.309715, -1.078525, -3.430639; 1, 3, 1, 0; 0.049328739467; 1, 0, 1; 1, 0, 0; 2, 1, 2 ;
0,5; 2.306026, -1.076007, -3.424689 / 2.306026, -1.076007, -3.424689 / 2.306026, -1.076007, -3.424689; 1, 3, 1, 0; 0.049329102141; 1, 0, 1; 1, 0, 0; 3, 1, 2 ;
0,5; 2.308042, -1.075733, -3.427049 / 2.308042, -1.075733, -3.427049 / 2.308042, -1.075733, -3.427049; 1, 3, 1, 0; 0.049329150497; 0, 1, 0; 1, 0, 0; 2, 1, 1 ;
0,5; 2.306366, -1.072171, -3.426017 / 2.306366, -1.072171, -3.426017 / 2.306366, -1.072171, -3.426017; 1, 3, 1, 0; 0.049336142039; 1, 0, 1; 1, 0, 0; 2, 1, 2 / 2, 4, 0 / 3, 2, 0 / 4, 4, 0 ;
0,5; 2.306423, -1.044749, -3.414904 / 2.306423, -1.044749, -3.414904 / 2.306423, -1.044749, -3.414904; 1, 3, 1, 0; 0.049351793421; 1, 0, 1; 1, 0, 0; 3, 1, 2 ;
0,5; 2.371156, -1.338792, -3.593411 / 2.371156, -1.338792, -3.593411 / 2.371156, -1.338792, -3.593411; 1, 3, 1, 0; 0.053803394625; 1, 0, 1; 1, 0, 0; 2, 1, 2 ;
0,5; 2.383026, -1.347242, -3.586638 / 2.383026, -1.347242, -3.586638 / 2.383026, -1.347242, -3.586638; 1, 3, 1, 0; 0.053809503661; 1, 0, 1; 1, 0, 0; 2, 4, 0 / 3, 1, 2 / 3, 9, 0 ;
0,5; 2.370633, -1.321656, -3.578546 / 2.370633, -1.321656, -3.578546 / 2.370633, -1.321656, -3.578546; 1, 3, 1, 0; 0.053812324456; 1, 0, 1; 1, 0, 0; 3, 1, 2 ;
0,5; 2.376856, -1.336126, -3.573329 / 2.376856, -1.336126, -3.573329 / 2.376856, -1.336126, -3.573329; 1, 3, 1, 0; 0.053817708144; 1, 0, 1; 1, 0, 0; 2, 1, 2 ;
0,5; 2.373419, -1.335248, -3.576926 / 2.373419, -1.335248, -3.576926 / 2.373419, -1.335248, -3.576926; 1, 3, 1, 0; 0.053818123204; 1, 0, 1; 1, 0, 0; 3, 1, 2 ;
0,5; 2.372180, -1.324989, -3.574917 / 2.372180, -1.324989, -3.574917 / 2.372180, -1.324989, -3.574917; 1, 3, 1, 0; 0.053819303908; 1, 0, 1; 1, 0, 0; 2, 1, 2 / 2, 3, 0 / 3, 1, 0 ;
0,5; 2.368288, -1.319677, -3.569883 / 2.368288, -1.319677, -3.569883 / 2.368288, -1.319677, -3.569883; 1, 3, 1, 0; 0.053819634344; 1, 0, 1; 1, 0, 0; 2, 1, 2 ;
0,5; 2.310099, -1.047628, -3.397378 / 2.310099, -1.047628, -3.397378 / 2.310099, -1.047628, -3.397378; 1, 3, 1, 0; 0.152203439758; 1, 0, 1; 1, 0, 0; 3, 1, 2 ;
1,6; -2.13637, 1.72392, 2.84145 / -2.1362, 1.72452, 2.84152 / -2.13653, 1.72333, 2.84138; 1, 39, 1, 0; 0.673842448531; 0, 4, 0; 2, 3, 0; 3, 1, 1 / 3, 2, 1 / 4, 1, 1 / 4, 2, 1 / 4, 3, 3 ;
0,6; -2.063939, 1.494822, 2.901091 / -2.063509, 1.495611, 2.901676 / -2.064368, 1.494032, 2.900506; 1, 39, 1, 0; 0.623811488292; 0, 3, 0; 1, 2, 0; 1, 1, 1 / 1, 6, 1 / 2, 1, 1 / 2, 2, 0 / 3, 3, 0 ;
0,6; -2.134105, 1.718010, 2.841241 / -2.134055, 1.718136, 2.841247 / -2.134154, 1.717885, 2.841236; 1, 39, 1, 0; 0.673843925821; 0, 2, 0; 1, 1, 0; 1, 2, 1 / 1, 10, 0 / 2, 1, 1 / 4, 6, 0 ;
0,6; -2.134410, 1.723276, 2.839890 / -2.134410, 1.723276, 2.839890 / -2.134410, 1.723276, 2.839890; 1, 39, 1, 0; 0.673842149929; 0, 1, 0; 0, 1, 0; 4, 1, 1 ;
0,6; -2.242942, 1.917298, 2.920205 / -2.242942, 1.917298, 2.920205 / -2.242942, 1.917298, 2.920205; 1, 39, 1, 0; 0.901782398240; 1, 0, 1; 0, 1, 0; 4, 1, 2 ;
0,6; -2.057634, 1.483585, 2.909812 / -2.057443, 1.483909, 2.910041 / -2.057824, 1.483261, 2.909584; 1, 39, 1, 0; 0.623815244382; 0, 2, 0; 2, 0, 0; 2, 1, 1 / 2, 2, 1 / 3, 1, 0 ;
0,6; -2.144048, 1.741562, 2.842949 / -2.143958, 1.741776, 2.842965 / -2.144139, 1.741348, 2.842933; 1, 39, 1, 0; 0.673835957882; 0, 2, 0; 2, 0, 0; 1, 5, 0 / 2, 1, 1 / 3, 2, 1 ;
0,6; -2.021305, 1.537294, 3.007872 / -2.021305, 1.537294, 3.007872 / -2.021305, 1.537294, 3.007872; 1, 39, 1, 0; 0.626094373723; 1, 0, 1; 1, 0, 0; 2, 1, 2 ;
0,6; -2.140436, 1.737675, 2.836455 / -2.140436, 1.737675, 2.836455 / -2.140436, 1.737675, 2.836455; 1, 39, 1, 0; 0.673837057992; 1, 0, 1; 1, 0, 0; 3, 1, 2 ;
0,6; -2.135904, 1.718920, 2.839651 / -2.135904, 1.718920, 2.839651 / -2.135904, 1.718920, 2.839651; 1, 39, 1, 0; 0.673844130127; 1, 0, 1; 1, 0, 0; 3, 1, 2 ;
0,6; -2.134467, 1.713872, 2.842206 / -2.134467, 1.713872, 2.842206 / -2.134467, 1.713872, 2.842206; 1, 39, 1, 0; 0.673845906019; 1, 0, 1; 1, 0, 0; 3, 1, 2 ;
0,6; -2.116267, 1.595851, 2.868398 / -2.116267, 1.595851, 2.868398 / -2.116267, 1.595851, 2.868398; 1, 39, 1, 0; 0.675490224737; 1, 0, 1; 1, 0, 0; 2, 1, 2 ;
1,7; 0.754359, 3.85805, 0.846355 / 0.754785, 3.85818, 0.847165 / 0.753933, 3.85792, 0.845546; 1, 25, 1, 0; 0.384896909691; 0, 3, 0; 2, 2, 1; 1, 1, 1 / 2, 1, 1 / 2, 5, 0 / 3, 1, 3 / 4, 1, 1 ;
0,7; 0.703062, 3.885727, 0.651815 / 0.703063, 3.885738, 0.651840 / 0.703061, 3.885716, 0.651790; 1, 25, 1, 0; 0.382028048519; 0, 2, 0; 1, 1, 0; 1, 1, 1 / 2, 1, 1 ;
0,7; 0.751791, 3.858380, 0.840833 / 0.751991, 3.858389, 0.841294 / 0.751591, 3.858370, 0.840373; 1, 25, 1, 0; 0.384881085251; 0, 2, 0; 1, 1, 0; 2, 3, 1 / 2, 4, 0 / 4, 1, 1 ;
0,7; 0.703051, 3.888159, 0.645561 / 0.703051, 3.888159, 0.645561 / 0.703051, 3.888159, 0.645561; 1, 25, 1, 0; 0.382027791351; 0, 1, 0; 0, 1, 0; 1, 9, 0 / 3, 2, 0 / 3, 3, 0 / 4, 1, 1 ;
0,7; 0.748630, 3.858555, 0.833027 / 0.748798, 3.858579, 0.833485 / 0.748462, 3.858532, 0.832569; 1, 25, 1, 0; 0.384880339463; 0, 2, 0; 2, 0, 0; 2, 1, 1 / 2, 2, 1 ;
0,7; 0.666449, 3.935742, 0.493190 / 0.666449, 3.935742, 0.493190 / 0.666449, 3.935742, 0.493190; 1, 25, 1, 0; 0.267002443101; 0, 1, 0; 1, 0, 0; 2, 1, 1 ;
0,7; 0.760991, 3.850585, 0.868915 / 0.760991, 3.850585, 0.868915 / 0.760991, 3.850585, 0.868915; 1, 25, 1, 0; 0.384913317046; 1, 0, 1; 1, 0, 0; 3, 1, 2 ;
0,7; 1.050017, 3.845380, 1.122547 / 1.050159, 3.845474, 1.122649 / 1.049875, 3.845286, 1.122445; 1, 26, 1, 0; 0.566664677896; 0, 2, 0; 0, 2, 0; 1, 1, 1 / 1, 2, 1 / 1, 3, 0 ;
0,7; 1.060660, 3.852232, 1.130092 / 1.060660, 3.852232, 1.130092 / 1.060660, 3.852232, 1.130092; 1, 26, 1, 0; 0.566683391196; 0, 1, 0; 0, 1, 0; 1, 1, 1 / 1, 3, 0 / 2, 2, 0 / 2, 4, 0 ;
0,7; 1.043199, 3.838563, 1.113802 / 1.043199, 3.838563, 1.113802 / 1.043199, 3.838563, 1.113802; 1, 26, 1, 0; 0.566663769234; 1, 0, 1; 1, 0, 0; 2, 1, 2 ;
0,7; 1.050658, 3.844961, 1.121410 / 1.051442, 3.845286, 1.122445 / 1.049875, 3.844636, 1.120376; 1, 26, 1, 0; 0.566664600746; 1, 0, 1; 1, 1, 0; 1, 10, 1 / 2, 1, 2 ;
0,7; 1.052323, 3.840369, 1.128398 / 1.052323, 3.840369, 1.128398 / 1.052323, 3.840369, 1.128398; 1, 26, 1, 0; 0.566678376409; 1, 0, 1; 1, 0, 0; 3, 1, 2 ;
1,8; 0.390866, 3.34995, 2.28843 / 0.391101, 3.34996, 2.28849 / 0.390632, 3.34995, 2.28837; 1, 38, 1, 0; 0.081650624246; 0, 2, 0; 1, 1, 0; 1, 10, 0 / 2, 1, 1 / 4, 6, 1 ;
0,8; 0.386904, 3.343112, 2.289750 / 0.386904, 3.343112, 2.289750 / 0.386904, 3.343112, 2.289750; 1, 38, 1, 0; 0.081649828248; 1, 0, 1; 1, 0, 0; 3, 1, 2 ;
0,8; -0.082280, 3.313696, 2.909153 / -0.081637, 3.314055, 2.909819 / -0.082924, 3.313338, 2.908486; 1, 40, 1, 0; 0.276515731573; 2, 4, 2; 4, 2, 0; 1, 3, 2 / 1, 6, 1 / 2, 4, 0 / 2, 5, 1 / 2, 6, 0 / 2, 8, 0 / 3, 1, 2 / 3, 2, 1 / 3, 4, 1 / 3, 9, 0 / 4, 1, 0 / 4, 9, 0 ;
0,8; -0.094185, 3.320882, 2.919381 / -0.093806, 3.321220, 2.919821 / -0.094564, 3.320544, 2.918941; 1, 40, 1, 0; 0.276537325161; 2, 3, 1; 2, 2, 0; 1, 1, 2 / 1, 3, 1 / 2, 3, 1 / 2, 4, 1 / 2, 10, 0 / 3, 2, 0 ;
0,8; -0.095029, 3.324933, 2.919649 / -0.094920, 3.325152, 2.919800 / -0.095138, 3.324713, 2.919498; 1, 40, 1, 0; 0.276537592331; 2, 1, 1; 1, 1, 0; 1, 1, 2 / 2, 1, 1 ;
0,8; -0.087152, 3.316890, 2.913165 / -0.086567, 3.317239, 2.913657 / -0.087737, 3.316540, 2.912674; 1, 40, 1, 0; 0.276541364136; 0, 2, 0; 1, 1, 0; 1, 1, 1 / 2, 3, 0 / 2, 10, 0 / 3, 4, 1 ;
0,8; -0.083962, 3.313126, 2.908595 / -0.082924, 3.313710, 2.908662 / -0.085000, 3.312543, 2.908528; 1, 40, 1, 0; 0.276515590130; 1, 0, 1; 1, 1, 0; 1, 1, 2 / 3, 10, 2 / 4, 10, 0 ;
0,8; -0.080351, 3.308825, 2.901367 / -0.080123, 3.308891, 2.901893 / -0.080580, 3.308759, 2.900841; 1, 40, 1, 0; 0.276517350306; 1, 0, 2; 2, 0, 0; 2, 1, 2 / 2, 5, 2 ;
0,8; -0.199438, 3.353197, 3.005941 / -0.199260, 3.353355, 3.006779 / -0.199616, 3.353038, 3.005103; 1, 40, 1, 0; 0.277371460003; 1, 0, 2; 2, 0, 0; 2, 1, 2 / 2, 8, 2 ;
0,8; -0.078307, 3.318881, 2.904176 / -0.078307, 3.318881, 2.904176 / -0.078307, 3.318881, 2.904176; 1, 40, 1, 0; 0.276514442873; 1, 0, 1; 1, 0, 0; 3, 1, 2 ;
0,8; -0.079747, 3.317399, 2.901740 / -0.079747, 3.317399, 2.901740 / -0.079747, 3.317399, 2.901740; 1, 40, 1, 0; 0.276514631463; 1, 0, 1; 1, 0, 0; 3, 1, 2 ;
0,8; -0.094490, 3.317819, 2.917352 / -0.094490, 3.317819, 2.917352 / -0.094490, 3.317819, 2.917352; 1, 40, 1, 0; 0.276537105139; 1, 0, 1; 1, 0, 0; 3, 1, 2 / 3, 8, 0 / 4, 10, 0 ;
0,8; -0.092179, 3.320363, 2.910454 / -0.092179, 3.320363, 2.910454 / -0.092179, 3.320363, 2.910454; 1, 40, 1, 0; 0.276538488135; 1, 0, 1; 1, 0, 0; 3, 1, 2 ;
0,8; -0.091031, 3.319705, 2.919614 / -0.091031, 3.319705, 2.919614 / -0.091031, 3.319705, 2.919614; 1, 40, 1, 0; 0.276539195348; 1, 0, 1; 1, 0, 0; 2, 1, 2 / 2, 6, 0 ;
0,8; -0.086773, 3.316237, 2.920671 / -0.086773, 3.316237, 2.920671 / -0.086773, 3.316237, 2.920671; 1, 40, 1, 0; 0.276541882760; 1, 0, 1; 1, 0, 0; 3, 1, 2 ;
0,8; -0.199514, 3.352805, 3.002913 / -0.199514, 3.352805, 3.002913 / -0.199514, 3.352805, 3.002913; 1, 40, 1, 0; 0.277371805752; 1, 0, 1; 1, 0, 0; 2, 1, 2 ;
1,9; -3.88506, 0.205518, 0.594702 / -3.8849, 0.205701, 0.595134 / -3.88522, 0.205335, 0.59427; 1, 17, 1, 0; 0.727438122299; 1, 0, 2; 1, 1, 0; 1, 3, 2 / 2, 1, 2 ;
0,9; -3.882708, 0.206953, 0.597926 / -3.882537, 0.206999, 0.597940 / -3.882879, 0.206908, 0.597912; 1, 17, 1, 0; 0.727439015034; 0, 2, 0; 1, 1, 0; 3, 1, 1 / 4, 1, 1 ;
0,9; -3.897154, 0.203151, 0.596329 / -3.897154, 0.203151, 0.596329 / -3.897154, 0.203151, 0.596329; 1, 17, 1, 0; 0.727434851262; 0, 0, 0; 0, 1, 0; 1, 1, 3 ;
0,9; -3.901954, 0.201364, 0.588345 / -3.901954, 0.201364, 0.588345 / -3.901954, 0.201364, 0.588345; 1, 17, 1, 0; 0.727435458043; 1, 0, 1; 1, 0, 0; 2, 1, 2 ;
0,9; -3.526265, 0.341011, 0.733426 / -3.525930, 0.341019, 0.733531 / -3.526599, 0.341003, 0.733321; 1, 23, 1, 0; 0.195108328567; 0, 2, 0; 0, 2, 0; 1, 1, 1 / 1, 2, 1 ;
