1,2; -3.10052, 0.447303, 3.33056 / -3.10052, 0.447303, 3.33056 / -3.10052, 0.447303, 3.33056; 1, 41, 1, 0; 0.998013313974; 1, 0, 1; 0, 1, 0; 1, 1, 2 ;
0,2; -3.101474, 0.443515, 3.330953 / -3.101474, 0.443515, 3.330953 / -3.101474, 0.443515, 3.330953; 1, 41, 1, 0; 0.998015608767; 1, 0, 1; 1, 0, 0; 2, 1, 2 ;
1,3; 4.3207, -1.55617, -0.713385 / 4.32092, -1.55614, -0.713335 / 4.32048, -1.55621, -0.713434; 1, 12, 1, 0; 0.592197534594; 2, 1, 1; 1, 1, 0; 1, 1, 1 / 2, 1, 2 ;
0,3; 4.203858, -1.510756, -0.782603 / 4.203858, -1.510756, -0.782603 / 4.203858, -1.510756, -0.782603; 1, 12, 1, 0; 0.587980281558; 1, 0, 1; 1, 0, 0; 2, 1, 2 ;
0,3; 4.240126, -1.499983, -0.762115 / 4.240126, -1.499983, -0.762115 / 4.240126, -1.499983, -0.762115; 1, 12, 1, 0; 0.588050659608; 1, 0, 1; 1, 0, 0; 2, 1, 2 ;
1,4; -3.69557, 1.73548, 1.94091 / -3.69557, 1.73548, 1.94091 / -3.69557, 1.73548, 1.94091; 1, 29, 1, 0; 0.863981407881; 1, 0, 1; 1, 0, 0; 3, 1, 2 ;
0,4; -3.687571, 1.720492, 1.968222 / -3.687571, 1.720492, 1.968222 / -3.687571, 1.720492, 1.968222; 1, 29, 1, 0; 0.864023246480; 1, 0, 1; 1, 0, 0; 2, 1, 2 ;
0,4; -3.683241, 1.717374, 1.971600 / -3.683241, 1.717374, 1.971600 / -3.683241, 1.717374, 1.971600; 1, 29, 1, 0; 0.864023499753; 1, 0, 1; 1, 0, 0; 3, 1, 2 ;
0,4; -3.684433, 1.722916, 1.983208 / -3.684433, 1.722916, 1.983208 / -3.684433, 1.722916, 1.983208; 1, 29, 1, 0; 0.864039650718; 1, 0, 1; 1, 0, 0; 3, 1, 2 ;
0,4; -3.686893, 1.720338, 1.981806 / -3.686893, 1.720338, 1.981806 / -3.686893, 1.720338, 1.981806; 1, 29, 1, 0; 0.864040770960; 0, 1, 0; 1, 0, 0; 2, 1, 1 ;
0,4; -3.684671, 1.722724, 1.994502 / -3.684671, 1.722724, 1.994502 / -3.684671, 1.722724, 1.994502; 1, 29, 1, 0; 0.864057077786; 0, 1, 0; 1, 0, 0; 2, 1, 1 ;
1,5; -4.0863, -0.0083299, -2.0273 / -4.08588, -0.00830706, -2.02702 / -4.08672, -0.00835274, -2.02758; 1, 6, 1, 0; 0.338746286271; 2, 1, 1; 2, 0, 0; 2, 1, 1 / 3, 1, 2 ;
0,5; -4.075725, -0.011714, -2.028887 / -4.075725, -0.011714, -2.028887 / -4.075725, -0.011714, -2.028887; 1, 6, 1, 0; 0.338737660520; 1, 0, 1; 1, 0, 0; 3, 1, 2 ;
0,5; -4.094800, -0.009351, -2.021891 / -4.094800, -0.009351, -2.021891 / -4.094800, -0.009351, -2.021891; 1, 6, 1, 0; 0.338746742064; 1, 0, 1; 1, 0, 0; 2, 1, 2 ;
1,7; 2.25457, 0.265828, 3.9248 / 2.25457, 0.265828, 3.9248 / 2.25457, 0.265828, 3.9248; 1, 46, 1, 0; 0.197331087188; 0, 1, 0; 0, 1, 0; 4, 1, 1 / 4, 2, 0 ;
0,7; 2.282321, 0.282888, 3.948003 / 2.282321, 0.282888, 3.948003 / 2.282321, 0.282888, 3.948003; 1, 46, 1, 0; 0.198178460512; 1, 0, 1; 1, 0, 0; 2, 1, 2 ;
0,7; 2.306642, 0.287050, 3.964075 / 2.306642, 0.287050, 3.964075 / 2.306642, 0.287050, 3.964075; 1, 46, 1, 0; 0.198185709609; 1, 0, 1; 1, 0, 0; 2, 1, 2 ;
0,7; 2.298642, 0.283563, 3.960037 / 2.298642, 0.283563, 3.960037 / 2.298642, 0.283563, 3.960037; 1, 46, 1, 0; 0.198187403382; 1, 0, 1; 1, 0, 0; 3, 1, 2 ;
0,7; 2.306783, 0.287942, 3.968202 / 2.306783, 0.287942, 3.968202 / 2.306783, 0.287942, 3.968202; 1, 46, 1, 0; 0.198196731776; 1, 0, 1; 1, 0, 0; 3, 1, 2 ;
1,9; -4.15905, -1.28118, -1.46184 / -4.15809, -1.28043, -1.46145 / -4.16002, -1.28192, -1.46222; 1, 6, 1, 0; 0.909679886611; 2, 1, 3; 0, 4, 0; 2, 2, 0 / 4, 1, 1 / 4, 3, 2 / 4, 4, 2 / 4, 7, 2 ;
0,9; -4.164572, -1.356768, -1.428602 / -4.164572, -1.356768, -1.428602 / -4.164572, -1.356768, -1.428602; 1, 6, 1, 0; 0.908574687733; 1, 0, 1; 1, 0, 0; 2, 1, 2 ;
0,9; -4.152111, -1.351045, -1.405479 / -4.152111, -1.351045, -1.405479 / -4.152111, -1.351045, -1.405479; 1, 6, 1, 0; 0.908593228197; 1, 0, 1; 1, 0, 0; 3, 1, 2 ;
1,11; -0.674584, -3.94425, -2.27351 / -0.674584, -3.94425, -2.27351 / -0.674584, -3.94425, -2.27351; 1, 5, 1, 0; 0.612767655589; 1, 0, 1; 0, 1, 0; 1, 1, 2 ;
0,11; -0.672127, -3.937611, -2.266749 / -0.672127, -3.937611, -2.266749 / -0.672127, -3.937611, -2.266749; 1, 5, 1, 0; 0.612776085301; 1, 0, 1; 1, 0, 0; 2, 1, 2 ;
1,15; -2.78795, -2.35188, 2.71309 / -2.78795, -2.35188, 2.71309 / -2.78795, -2.35188, 2.71309; 1, 36, 1, 0; 0.698230806687; 1, 0, 1; 0, 1, 0; 4, 1, 2 ;
0,15; -2.795231, -2.355692, 2.707356 / -2.795231, -2.355692, 2.707356 / -2.795231, -2.355692, 2.707356; 1, 36, 1, 0; 0.698233202711; 0, 1, 0; 0, 1, 0; 4, 1, 1 ;
0,15; -2.791125, -2.349404, 2.702058 / -2.791125, -2.349404, 2.702058 / -2.791125, -2.349404, 2.702058; 1, 36, 1, 0; 0.698207503420; 1, 0, 1; 1, 0, 0; 3, 1, 2 ;
0,15; -2.787470, -2.351965, 2.709012 / -2.787470, -2.351965, 2.709012 / -2.787470, -2.351965, 2.709012; 1, 36, 1, 0; 0.698231012797; 1, 0, 1; 1, 0, 0; 2, 1, 2 ;
1,25; -1.2514, 1.35828, 4.26581 / -1.2514, 1.35828, 4.26581 / -1.2514, 1.35828, 4.26581; 1, 46, 1, 0; 0.538286786166; 1, 0, 1; 0, 1, 0; 4, 1, 2 ;
1,42; 0.96046, -4.16337, 1.29696 / 0.961365, -4.16272, 1.29748 / 0.959555, -4.16401, 1.29644; 1, 22, 1, 0; 0.669990243072; 2, 2, 2; 1, 3, 0; 2, 10, 2 / 3, 2, 0 / 4, 1, 2 / 4, 2, 1 / 4, 3, 1 ;
0,42; 0.962387, -4.160582, 1.308800 / 0.962387, -4.160582, 1.308800 / 0.962387, -4.160582, 1.308800; 1, 22, 1, 0; 0.670002444689; 0, 1, 0; 0, 1, 0; 2, 9, 0 / 4, 1, 1 ;
0,42; 0.960486, -4.160411, 1.295430 / 0.960486, -4.160411, 1.295430 / 0.960486, -4.160411, 1.295430; 1, 22, 1, 0; 0.669989435451; 0, 1, 0; 1, 0, 0; 3, 1, 1 ;
0,42; 0.959379, -4.159357, 1.293585 / 0.959379, -4.159357, 1.293585 / 0.959379, -4.159357, 1.293585; 1, 22, 1, 0; 0.669989508210; 0, 1, 0; 1, 0, 0; 3, 1, 1 ;
0,42; 0.955525, -4.154139, 1.308545 / 0.955525, -4.154139, 1.308545 / 0.955525, -4.154139, 1.308545; 1, 22, 1, 0; 0.670001913551; 1, 0, 1; 1, 0, 0; 1, 1, 0 / 2, 1, 2 ;
0,42; 1.034167, -4.266475, 1.300537 / 1.034167, -4.266475, 1.300537 / 1.034167, -4.266475, 1.300537; 1, 22, 1, 0; 0.670726232676; 1, 0, 1; 1, 0, 0; 3, 1, 2 ;
1,51; -4.47841, -0.336919, -1.10349 / -4.47818, -0.336712, -1.10288 / -4.47864, -0.337125, -1.10409; 1, 10, 1, 0; 0.155880334921; 0, 2, 0; 0, 2, 1; 1, 4, 1 / 2, 5, 0 / 4, 1, 1 ;
0,51; -4.483449, -0.369898, -1.132038 / -4.483449, -0.369898, -1.132038 / -4.483449, -0.369898, -1.132038; 1, 10, 1, 0; 0.154948813525; 1, 0, 1; 0, 1, 0; 4, 1, 2 ;
0,51; -4.476480, -0.338363, -1.102095 / -4.476480, -0.338363, -1.102095 / -4.476480, -0.338363, -1.102095; 1, 10, 1, 0; 0.155880232191; 0, 1, 0; 0, 1, 0; 4, 1, 1 ;
0,51; -4.482385, -0.373483, -1.133529 / -4.482385, -0.373483, -1.133529 / -4.482385, -0.373483, -1.133529; 1, 10, 1, 0; 0.154949489379; 1, 0, 1; 1, 0, 0; 3, 1, 2 / 3, 9, 0 / 3, 10, 0 / 4, 8, 0 ;
0,51; -4.474765, -0.376339, -1.137996 / -4.474765, -0.376339, -1.137996 / -4.474765, -0.376339, -1.137996; 1, 10, 1, 0; 0.154949992214; 1, 0, 1; 1, 0, 0; 3, 1, 2 ;
0,51; -4.473975, -0.324489, -1.099508 / -4.473975, -0.324489, -1.099508 / -4.473975, -0.324489, -1.099508; 1, 10, 1, 0; 0.155877777489; 1, 0, 1; 1, 0, 0; 3, 1, 2 ;
1,53; 3.15086, -2.76959, 1.8852 / 3.15086, -2.76959, 1.8852 / 3.15086, -2.76959, 1.8852; 1, 33, 1, 0; 0.059306793491; 0, 1, 0; 0, 1, 0; 4, 1, 1 ;
0,53; 3.153880, -2.771430, 1.888755 / 3.153880, -2.771430, 1.888755 / 3.153880, -2.771430, 1.888755; 1, 33, 1, 0; 0.059307092841; 0, 1, 0; 1, 0, 0; 3, 1, 1 / 4, 1, 0 ;
1,56; -1.72405, -2.04776, 3.67017 / -1.72405, -2.04776, 3.67017 / -1.72405, -2.04776, 3.67017; 1, 43, 1, 0; 0.771905851449; 1, 0, 1; 1, 0, 0; 2, 1, 2 ;
1,63; -0.0660806, -1.90497, 4.23289 / -0.0651067, -1.90446, 4.23325 / -0.0670545, -1.90548, 4.23253; 1, 46, 1, 0; 0.856655966822; 2, 1, 1; 2, 0, 0; 2, 1, 1 / 3, 6, 0 / 3, 8, 2 ;
0,63; -0.065143, -1.904944, 4.230309 / -0.065143, -1.904944, 4.230309 / -0.065143, -1.904944, 4.230309; 1, 46, 1, 0; 0.856645014176; 1, 0, 1; 1, 0, 0; 2, 1, 2 ;
0,63; -0.055641, -1.895303, 4.226645 / -0.055641, -1.895303, 4.226645 / -0.055641, -1.895303, 4.226645; 1, 46, 1, 0; 0.856646372987; 1, 0, 1; 1, 0, 0; 2, 1, 2 ;
1,64; -2.02196, -2.62037, 3.08013 / -2.02196, -2.62037, 3.08013 / -2.02196, -2.62037, 3.08013; 1, 35, 1, 0; 0.769715710447; 1, 0, 1; 1, 0, 0; 2, 1, 2 ;
1,65; 2.29837, 3.6822, -1.66465 / 2.29837, 3.6822, -1.66465 / 2.29837, 3.6822, -1.66465; 1, 13, 1, 0; 0.031077894436; 1, 0, 1; 1, 0, 0; 2, 1, 2 ;
0,65; 2.302172, 3.681695, -1.662853 / 2.302172, 3.681695, -1.662853 / 2.302172, 3.681695, -1.662853; 1, 13, 1, 0; 0.031088450322; 1, 0, 1; 1, 0, 0; 2, 1, 2 ;
1,69; -3.00788, 0.944047, -3.39814 / -3.00788, 0.944047, -3.39814 / -3.00788, 0.944047, -3.39814; 1, 2, 1, 0; 0.310742265741; 1, 0, 1; 0, 1, 0; 4, 1, 2 ;
0,69; -3.007367, 0.948114, -3.396182 / -3.007367, 0.948114, -3.396182 / -3.007367, 0.948114, -3.396182; 1, 2, 1, 0; 0.310742400223; 1, 0, 1; 1, 0, 0; 1, 9, 0 / 2, 1, 2 ;
0,69; -3.009301, 0.948409, -3.392617 / -3.009301, 0.948409, -3.392617 / -3.009301, 0.948409, -3.392617; 1, 2, 1, 0; 0.310742538659; 1, 0, 1; 1, 0, 0; 3, 1, 2 ;
1,73; -4.24275, -1.34524, 1.17622 / -4.24275, -1.34524, 1.17622 / -4.24275, -1.34524, 1.17622; 1, 21, 1, 0; 0.640850766294; 0, 1, 0; 0, 1, 0; 1, 1, 1 ;
1,85; -0.597097, 3.17165, -3.21472 / -0.597097, 3.17165, -3.21472 / -0.597097, 3.17165, -3.21472; 1, 2, 1, 0; 0.149525324416; 1, 0, 1; 0, 1, 0; 1, 1, 2 ;
0,85; -0.599649, 3.172591, -3.240223 / -0.599649, 3.172591, -3.240223 / -0.599649, 3.172591, -3.240223; 1, 2, 1, 0; 0.149529085938; 0, 1, 0; 1, 0, 0; 2, 1, 1 ;
1,88; 2.25672, 1.02962, -3.87598 / 2.25672, 1.02962, -3.87598 / 2.25672, 1.02962, -3.87598; 1, 3, 1, 0; 0.013078083633; 1, 0, 1; 1, 0, 0; 2, 1, 2 ;
1,89; -4.55222, 0.806976, 0.259953 / -4.55127, 0.807302, 0.260042 / -4.55318, 0.806651, 0.259864; 1, 14, 1, 0; 0.818878423277; 2, 1, 1; 1, 1, 0; 1, 1, 2 / 3, 2, 1 ;
0,89; -4.546122, 0.800795, 0.264465 / -4.546122, 0.800795, 0.264465 / -4.546122, 0.800795, 0.264465; 1, 14, 1, 0; 0.818877198425; 1, 0, 1; 0, 1, 0; 1, 1, 2 ;
0,89; -4.552569, 0.804459, 0.260748 / -4.552569, 0.804459, 0.260748 / -4.552569, 0.804459, 0.260748; 1, 14, 1, 0; 0.818878361727; 1, 0, 1; 1, 0, 0; 2, 1, 2 ;
1,94; -0.451883, 2.81106, -3.66284 / -0.45157, 2.81183, -3.6622 / -0.452195, 2.81029, -3.66347; 1, 2, 1, 0; 0.148015660746; 2, 1, 1; 1, 1, 0; 1, 1, 1 / 2, 8, 2 / 4, 6, 0 ;
0,94; -0.453614, 2.802968, -3.652762 / -0.453614, 2.802968, -3.652762 / -0.453614, 2.802968, -3.652762; 1, 2, 1, 0; 0.148022206823; 0, 1, 0; 0, 1, 0; 4, 1, 1 ;
1,97; 1.03185, -3.01082, -3.28453 / 1.03185, -3.01082, -3.28453 / 1.03185, -3.01082, -3.28453; 1, 1, 1, 0; 0.980946507283; 1, 0, 1; 0, 1, 0; 1, 1, 2 ;
1,98; 4.49355, 0.792616, -0.801599 / 4.49355, 0.792616, -0.801599 / 4.49355, 0.792616, -0.801599; 1, 12, 1, 0; 0.361718414560; 1, 0, 1; 1, 0, 0; 3, 1, 2 ;
0,98; 4.508265, 0.806281, -0.794489 / 4.508265, 0.806281, -0.794489 / 4.508265, 0.806281, -0.794489; 1, 12, 1, 0; 0.361720794826; 0, 1, 0; 1, 0, 0; 3, 1, 1 ;
1,102; -0.0704229, -4.53842, -0.802348 / -0.0704229, -4.53842, -0.802348 / -0.0704229, -4.53842, -0.802348; 1, 9, 1, 0; 0.763113113081; 1, 0, 1; 1, 0, 0; 3, 1, 2 ;
0,102; -0.070953, -4.523114, -0.803503 / -0.070953, -4.523114, -0.803503 / -0.070953, -4.523114, -0.803503; 1, 9, 1, 0; 0.763293955378; 1, 0, 1; 1, 0, 0; 3, 1, 2 ;
0,102; -0.120863, -4.525065, -0.795741 / -0.120863, -4.525065, -0.795741 / -0.120863, -4.525065, -0.795741; 1, 9, 1, 0; 0.763331932964; 0, 1, 0; 1, 0, 0; 3, 1, 1 / 4, 6, 0 ;
1,104; -3.33413, 2.37639, -1.97531 / -3.33413, 2.37639, -1.97531 / -3.33413, 2.37639, -1.97531; 1, 6, 1, 0; 0.497770316830; 1, 0, 1; 1, 0, 0; 2, 1, 2 ;
1,111; 1.97715, -3.88819, 1.14004 / 1.97758, -3.88751, 1.14053 / 1.97672, -3.88886, 1.13954; 1, 22, 1, 0; 0.045806041583; 0, 2, 0; 0, 2, 1; 1, 2, 1 / 1, 5, 0 / 3, 1, 0 / 3, 2, 0 / 4, 1, 1 ;
0,111; 1.973065, -3.882206, 1.140965 / 1.973402, -3.881911, 1.141500 / 1.972729, -3.882500, 1.140430; 1, 22, 1, 0; 0.045806718238; 1, 0, 2; 1, 1, 0; 1, 1, 2 / 3, 6, 2 ;
0,111; 1.974863, -3.884239, 1.139181 / 1.975344, -3.884041, 1.139603 / 1.974382, -3.884436, 1.138760; 1, 22, 1, 0; 0.045806805548; 1, 0, 2; 1, 1, 0; 1, 6, 2 / 2, 1, 0 / 3, 1, 2 / 3, 2, 0 ;
0,111; 1.979197, -3.892908, 1.139530 / 1.979197, -3.892908, 1.139530 / 1.979197, -3.892908, 1.139530; 1, 22, 1, 0; 0.045804841066; 1, 0, 1; 0, 1, 0; 1, 1, 2 ;
0,111; 1.975628, -3.885986, 1.136369 / 1.975856, -3.885695, 1.136492 / 1.975400, -3.886278, 1.136246; 1, 22, 1, 0; 0.045793367035; 1, 0, 2; 2, 0, 0; 2, 1, 2 / 3, 1, 2 ;
0,111; 1.975520, -3.878954, 1.141053 / 1.975520, -3.878954, 1.141053 / 1.975520, -3.878954, 1.141053; 1, 22, 1, 0; 0.045807736858; 1, 0, 1; 1, 0, 0; 2, 1, 2 ;
0,111; 1.998359, -3.902816, 1.147679 / 1.998359, -3.902816, 1.147679 / 1.998359, -3.902816, 1.147679; 1, 22, 1, 0; 0.045814256029; 1, 0, 1; 1, 0, 0; 2, 1, 2 ;
1,112; -1.73068, -4.16479, 0.904576 / -1.73027, -4.16437, 0.904771 / -1.73109, -4.16521, 0.904381; 1, 18, 1, 0; 0.819113297847; 1, 0, 2; 1, 1, 0; 2, 4, 2 / 2, 9, 0 / 4, 1, 2 / 4, 9, 0 / 4, 10, 0 ;
0,112; -1.754921, -4.181122, 0.866598 / -1.754921, -4.181122, 0.866598 / -1.754921, -4.181122, 0.866598; 1, 18, 1, 0; 0.818389631440; 1, 0, 1; 0, 1, 0; 1, 1, 2 ;
0,112; -1.732756, -4.168020, 0.907976 / -1.732756, -4.168020, 0.907976 / -1.732756, -4.168020, 0.907976; 1, 18, 1, 0; 0.819112384189; 1, 0, 1; 0, 1, 0; 4, 1, 2 ;
0,112; -1.732763, -4.164480, 0.908570 / -1.732763, -4.164480, 0.908570 / -1.732763, -4.164480, 0.908570; 1, 18, 1, 0; 0.819112474857; 1, 0, 1; 0, 1, 0; 1, 1, 2 ;
0,112; -1.754612, -4.179713, 0.878139 / -1.754612, -4.179713, 0.878139 / -1.754612, -4.179713, 0.878139; 1, 18, 1, 0; 0.818392553752; 1, 0, 1; 1, 0, 0; 3, 1, 2 ;
0,112; -1.731802, -4.167673, 0.912573 / -1.731802, -4.167673, 0.912573 / -1.731802, -4.167673, 0.912573; 1, 18, 1, 0; 0.819111198525; 1, 0, 1; 1, 0, 0; 3, 1, 2 ;
0,112; -1.716257, -4.157210, 0.905810 / -1.716257, -4.157210, 0.905810 / -1.716257, -4.157210, 0.905810; 1, 18, 1, 0; 0.819117601109; 1, 0, 1; 1, 0, 0; 2, 1, 2 ;
0,112; -1.731180, -4.151750, 0.915366 / -1.731180, -4.151750, 0.915366 / -1.731180, -4.151750, 0.915366; 1, 18, 1, 0; 0.819122957520; 1, 0, 1; 1, 0, 0; 2, 1, 2 ;
1,115; -0.0279529, 2.76139, 3.58378 / -0.0279529, 2.76139, 3.58378 / -0.0279529, 2.76139, 3.58378; 1, 45, 1, 0; 0.683244719642; 1, 0, 1; 0, 1, 0; 4, 1, 2 ;
0,115; -0.021087, 2.775741, 3.616309 / -0.021087, 2.775741, 3.616309 / -0.021087, 2.775741, 3.616309; 1, 45, 1, 0; 0.683343271634; 1, 0, 1; 1, 0, 0; 3, 1, 2 ;
0,115; -0.017630, 2.773156, 3.620565 / -0.017630, 2.773156, 3.620565 / -0.017630, 2.773156, 3.620565; 1, 45, 1, 0; 0.683345713811; 1, 0, 1; 1, 0, 0; 3, 1, 2 ;
1,117; 3.83074, 1.93615, -1.45101 / 3.83074, 1.93615, -1.45101 / 3.83074, 1.93615, -1.45101; 1, 12, 1, 0; 0.052703747316; 1, 0, 1; 0, 1, 0; 4, 1, 2 ;
0,117; 3.895723, 1.994678, -1.429770 / 3.896228, 1.994862, -1.429600 / 3.895218, 1.994494, -1.429940; 1, 12, 1, 0; 0.052946900619; 2, 1, 1; 2, 0, 0; 3, 1, 1 / 3, 5, 2 ;
0,117; 3.836128, 1.904044, -1.475369 / 3.836128, 1.904044, -1.475369 / 3.836128, 1.904044, -1.475369; 1, 12, 1, 0; 0.051717825215; 1, 0, 1; 1, 0, 0; 2, 1, 2 ;
0,117; 3.835692, 1.901789, -1.476835 / 3.835692, 1.901789, -1.476835 / 3.835692, 1.901789, -1.476835; 1, 12, 1, 0; 0.051718506109; 1, 0, 1; 1, 0, 0; 2, 1, 2 ;
0,117; 3.828981, 1.917821, -1.474349 / 3.828981, 1.917821, -1.474349 / 3.828981, 1.917821, -1.474349; 1, 12, 1, 0; 0.051727197512; 1, 0, 1; 1, 0, 0; 3, 1, 2 ;
0,117; 3.900591, 1.994452, -1.425368 / 3.900591, 1.994452, -1.425368 / 3.900591, 1.994452, -1.425368; 1, 12, 1, 0; 0.052937082023; 1, 0, 1; 1, 0, 0; 3, 1, 2 ;
0,117; 3.892601, 1.995263, -1.430353 / 3.892601, 1.995263, -1.430353 / 3.892601, 1.995263, -1.430353; 1, 12, 1, 0; 0.052946831958; 1, 0, 1; 1, 0, 0; 2, 1, 2 ;
1,121; 2.2836, -0.426137, 4.01125 / 2.2836, -0.426137, 4.01125 / 2.2836, -0.426137, 4.01125; 1, 46, 1, 0; 0.112246278439; 1, 0, 1; 1, 0, 0; 3, 1, 2 ;
1,130; -0.102841, -3.26398, -3.27069 / -0.102394, -3.26366, -3.27031 / -0.103287, -3.2643, -3.27107; 1, 1, 1, 0; 0.974507477953; 2, 1, 2; 2, 1, 0; 1, 1, 2 / 1, 8, 0 / 2, 2, 1 / 2, 3, 2 / 4, 3, 0 ;
0,130; -0.062657, -3.318422, -3.256585 / -0.062657, -3.318422, -3.256585 / -0.062657, -3.318422, -3.256585; 1, 1, 1, 0; 0.974370492898; 1, 0, 1; 1, 0, 0; 3, 1, 2 ;
0,130; -0.063491, -3.303661, -3.253493 / -0.063491, -3.303661, -3.253493 / -0.063491, -3.303661, -3.253493; 1, 1, 1, 0; 0.974372233244; 1, 0, 1; 1, 0, 0; 3, 1, 2 ;
0,130; -0.062692, -3.304626, -3.250894 / -0.062692, -3.304626, -3.250894 / -0.062692, -3.304626, -3.250894; 1, 1, 1, 0; 0.974372276753; 1, 0, 1; 1, 0, 0; 2, 1, 2 ;
0,130; -0.097157, -3.269428, -3.264577 / -0.097157, -3.269428, -3.264577 / -0.097157, -3.269428, -3.264577; 1, 1, 1, 0; 0.974501643836; 1, 0, 1; 1, 0, 0; 3, 1, 2 ;
0,130; -0.105829, -3.264067, -3.274713 / -0.105829, -3.264067, -3.274713 / -0.105829, -3.264067, -3.274713; 1, 1, 1, 0; 0.974507046822; 1, 0, 1; 1, 0, 0; 3, 1, 2 ;
1,134; -1.51646, -4.16143, -1.17322 / -1.51646, -4.16143, -1.17322 / -1.51646, -4.16143, -1.17322; 1, 9, 1, 0; 0.277699052507; 1, 0, 1; 1, 0, 0; 3, 1, 2 ;
1,135; 3.22393, -3.09541, 0.564433 / 3.22471, -3.0948, 0.564951 / 3.22315, -3.09601, 0.563915; 1, 19, 1, 0; 0.291184589975; 2, 3, 1; 3, 1, 0; 2, 1, 2 / 2, 3, 1 / 2, 5, 1 / 4, 4, 1 ;
0,135; 3.227152, -3.100175, 0.569450 / 3.227152, -3.100175, 0.569450 / 3.227152, -3.100175, 0.569450; 1, 19, 1, 0; 0.291185226323; 1, 0, 1; 0, 1, 0; 1, 1, 2 / 2, 5, 0 ;
0,135; 3.226383, -3.095378, 0.564725 / 3.226383, -3.095378, 0.564725 / 3.226383, -3.095378, 0.564725; 1, 19, 1, 0; 0.291185493878; 1, 0, 1; 0, 1, 0; 1, 1, 2 ;
0,135; 3.231314, -3.101928, 0.561704 / 3.231314, -3.101928, 0.561704 / 3.231314, -3.101928, 0.561704; 1, 19, 1, 0; 0.291185956676; 1, 0, 1; 1, 0, 0; 3, 1, 2 ;
0,135; 3.232589, -3.108335, 0.563750 / 3.232589, -3.108335, 0.563750 / 3.232589, -3.108335, 0.563750; 1, 19, 1, 0; 0.291187070285; 1, 0, 1; 1, 0, 0; 2, 1, 2 ;
1,139; 2.38503, 3.9681, -0.223501 / 2.38503, 3.9681, -0.223501 / 2.38503, 3.9681, -0.223501; 1, 20, 1, 0; 0.133553907319; 1, 0, 1; 1, 0, 0; 2, 1, 2 ;
1,142; 3.05117, -1.30463, -3.25699 / 3.05117, -1.30463, -3.25699 / 3.05117, -1.30463, -3.25699; 1, 3, 1, 0; 0.120529334252; 1, 0, 1; 1, 0, 0; 2, 1, 2 ;
1,149; -0.0999706, -4.2842, 1.71819 / -0.0999461, -4.28367, 1.71867 / -0.0999952, -4.28473, 1.71771; 1, 22, 1, 0; 0.698400162106; 2, 1, 2; 2, 1, 0; 3, 1, 2 / 3, 10, 2 / 4, 2, 1 ;
0,149; -0.098278, -4.289492, 1.719982 / -0.098278, -4.289492, 1.719982 / -0.098278, -4.289492, 1.719982; 1, 22, 1, 0; 0.698399885623; 1, 0, 1; 0, 1, 0; 1, 1, 2 ;
0,149; -0.099207, -4.269852, 1.701961 / -0.099187, -4.269810, 1.702018 / -0.099227, -4.269894, 1.701905; 1, 22, 1, 0; 0.698377490527; 0, 1, 0; 2, 0, 0; 1, 3, 0 / 2, 1, 0 / 2, 2, 0 / 3, 1, 1 / 3, 2, 3 / 3, 7, 0 / 4, 9, 0 ;
0,149; -0.100805, -4.277397, 1.697056 / -0.100805, -4.277397, 1.697056 / -0.100805, -4.277397, 1.697056; 1, 22, 1, 0; 0.698375227734; 1, 0, 1; 1, 0, 0; 3, 1, 2 ;
0,149; -0.104643, -4.263127, 1.697104 / -0.104643, -4.263127, 1.697104 / -0.104643, -4.263127, 1.697104; 1, 22, 1, 0; 0.698378108975; 0, 1, 0; 1, 0, 0; 1, 9, 0 / 3, 1, 1 ;
0,149; -0.093562, -4.287221, 1.716597 / -0.093562, -4.287221, 1.716597 / -0.093562, -4.287221, 1.716597; 1, 22, 1, 0; 0.698398983417; 1, 0, 1; 1, 0, 0; 2, 1, 2 ;
1,153; 2.26639, -3.88475, -0.990079 / 2.26727, -3.88431, -0.989554 / 2.26551, -3.8852, -0.990603; 1, 8, 1, 0; 0.949265638216; 0, 3, 0; 4, 1, 0; 2, 7, 3 / 3, 1, 1 / 3, 3, 1 / 3, 4, 3 / 4, 3, 1 ;
0,153; 2.248209, -3.863761, -0.988177 / 2.248803, -3.863376, -0.987999 / 2.247616, -3.864146, -0.988354; 1, 8, 1, 0; 0.949280968847; 2, 1, 1; 1, 1, 0; 3, 4, 2 / 4, 1, 1 ;
0,153; 2.252749, -3.868328, -0.988754 / 2.253071, -3.867672, -0.988728 / 2.252427, -3.868985, -0.988780; 1, 8, 1, 0; 0.949281439300; 1, 0, 1; 2, 0, 0; 2, 1, 3 / 2, 6, 2 ;
0,153; 2.265907, -3.892167, -0.990723 / 2.265907, -3.892167, -0.990723 / 2.265907, -3.892167, -0.990723; 1, 8, 1, 0; 0.949265464352; 1, 0, 1; 1, 0, 0; 3, 1, 2 ;
0,153; 2.265678, -3.888760, -0.986905 / 2.265678, -3.888760, -0.986905 / 2.265678, -3.888760, -0.986905; 1, 8, 1, 0; 0.949266170032; 1, 0, 1; 1, 0, 0; 2, 1, 2 ;
0,153; 2.250533, -3.864891, -0.987153 / 2.250533, -3.864891, -0.987153 / 2.250533, -3.864891, -0.987153; 1, 8, 1, 0; 0.949280912597; 1, 0, 1; 1, 0, 0; 3, 1, 2 ;
0,153; 2.252189, -3.867420, -0.988812 / 2.252427, -3.867168, -0.988728 / 2.251952, -3.867672, -0.988895; 1, 8, 1, 0; 0.949281464868; 0, 1, 0; 2, 0, 0; 2, 1, 2 / 3, 6, 1 ;
0,153; 2.242306, -3.853164, -0.915899 / 2.242306, -3.853164, -0.915899 / 2.242306, -3.853164, -0.915899; 1, 15, 1, 0; 0.003020243989; 1, 0, 1; 1, 0, 0; 3, 1, 2 ;
1,154; 2.57622, -1.03631, 3.6586 / 2.57622, -1.03631, 3.6586 / 2.57622, -1.03631, 3.6586; 1, 44, 1, 0; 0.122968890527; 0, 1, 0; 0, 1, 0; 1, 1, 1 ;
0,154; 2.567340, -0.995596, 3.585586 / 2.567546, -0.995550, 3.586100 / 2.567134, -0.995642, 3.585072; 1, 44, 1, 0; 0.122640739464; 2, 1, 1; 2, 0, 0; 2, 5, 0 / 3, 1, 2 / 3, 3, 1 ;
0,154; 2.579769, -1.035510, 3.660813 / 2.579908, -1.035263, 3.660917 / 2.579629, -1.035756, 3.660708; 1, 44, 1, 0; 0.122969207485; 1, 0, 2; 2, 0, 0; 2, 1, 2 / 2, 2, 2 ;
0,154; 2.562764, -0.989983, 3.579262 / 2.562764, -0.989983, 3.579262 / 2.562764, -0.989983, 3.579262; 1, 44, 1, 0; 0.122609281336; 1, 0, 1; 1, 0, 0; 3, 1, 2 / 4, 2, 0 ;
0,154; 2.569950, -0.999916, 3.592577 / 2.569950, -0.999916, 3.592577 / 2.569950, -0.999916, 3.592577; 1, 44, 1, 0; 0.122639867828; 1, 0, 1; 1, 0, 0; 3, 1, 2 ;
0,154; 2.574794, -1.042048, 3.660711 / 2.574794, -1.042048, 3.660711 / 2.574794, -1.042048, 3.660711; 1, 44, 1, 0; 0.122970851707; 1, 0, 1; 1, 0, 0; 2, 1, 2 ;
1,156; -2.41325, -2.67371, -2.873 / -2.41325, -2.67371, -2.873 / -2.41325, -2.67371, -2.873; 1, 5, 1, 0; 0.200346451337; 1, 0, 1; 0, 1, 0; 4, 1, 2 ;
1,158; -0.516616, -0.0526845, 4.50397 / -0.516321, -0.0518582, 4.50492 / -0.516912, -0.0535109, 4.50302; 1, 46, 1, 0; 0.915787389731; 2, 1, 2; 2, 1, 0; 2, 9, 0 / 2, 10, 2 / 3, 2, 1 / 4, 1, 2 / 4, 6, 0 ;
0,158; -0.519435, -0.060217, 4.490697 / -0.519435, -0.060217, 4.490697 / -0.519435, -0.060217, 4.490697; 1, 46, 1, 0; 0.915777884376; 1, 0, 1; 1, 0, 0; 3, 1, 2 ;
0,158; -0.514817, -0.057716, 4.511427 / -0.514817, -0.057716, 4.511427 / -0.514817, -0.057716, 4.511427; 1, 46, 1, 0; 0.915799644308; 1, 0, 1; 1, 0, 0; 2, 1, 2 ;
0,158; -0.510490, -0.054740, 4.523213 / -0.510490, -0.054740, 4.523213 / -0.510490, -0.054740, 4.523213; 1, 46, 1, 0; 0.915810710715; 1, 0, 1; 1, 0, 0; 3, 1, 2 ;
1,161; -3.02809, 3.42826, 0.0342775 / -3.02805, 3.42857, 0.0345061 / -3.02813, 3.42794, 0.0340489; 1, 14, 1, 0; 0.619343756270; 2, 1, 1; 1, 1, 0; 2, 4, 1 / 4, 1, 2 ;
0,161; -3.022446, 3.413118, 0.016729 / -3.022446, 3.413118, 0.016729 / -3.022446, 3.413118, 0.016729; 1, 14, 1, 0; 0.619336056321; 1, 0, 1; 0, 1, 0; 4, 1, 2 ;
1,174; 3.21716, 2.95471, 1.54023 / 3.21755, 2.95539, 1.54077 / 3.21677, 2.95404, 1.53968; 1, 28, 1, 0; 0.093216348421; 0, 3, 0; 1, 2, 0; 1, 1, 1 / 1, 8, 1 / 3, 4, 1 ;
1,183; -2.3313, 1.8355, 3.55713 / -2.33104, 1.83557, 3.55725 / -2.33156, 1.83543, 3.55702; 1, 45, 1, 0; 0.459665506633; 2, 1, 1; 1, 1, 0; 3, 1, 2 / 4, 1, 1 ;
0,183; -2.331882, 1.831125, 3.558174 / -2.331882, 1.831125, 3.558174 / -2.331882, 1.831125, 3.558174; 1, 45, 1, 0; 0.459667660497; 1, 0, 1; 1, 0, 0; 2, 1, 2 / 4, 6, 0 ;
1,191; -2.25793, -2.6578, -2.97716 / -2.2578, -2.65771, -2.97676 / -2.25806, -2.6579, -2.97757; 1, 5, 1, 0; 0.201249361645; 2, 2, 1; 1, 2, 1; 1, 5, 1 / 2, 5, 1 / 4, 1, 2 / 4, 2, 0 ;
0,191; -2.233384, -2.644903, -2.965472 / -2.233384, -2.644903, -2.965472 / -2.233384, -2.644903, -2.965472; 1, 5, 1, 0; 0.201233918610; 1, 0, 1; 0, 1, 0; 3, 3, 0 / 4, 1, 2 ;
0,191; -2.230326, -2.644592, -2.963042 / -2.230326, -2.644592, -2.963042 / -2.230326, -2.644592, -2.963042; 1, 5, 1, 0; 0.201234443017; 1, 0, 1; 0, 1, 0; 1, 1, 2 ;
0,191; -2.232658, -2.647814, -2.968477 / -2.232658, -2.647814, -2.968477 / -2.232658, -2.647814, -2.968477; 1, 5, 1, 0; 0.201233075639; 1, 0, 1; 1, 0, 0; 3, 1, 2 ;
0,191; -2.235590, -2.647453, -2.970059 / -2.235590, -2.647453, -2.970059 / -2.235590, -2.647453, -2.970059; 1, 5, 1, 0; 0.201233134451; 1, 0, 1; 1, 0, 0; 2, 1, 2 ;
0,191; -2.238093, -2.641508, -2.964782 / -2.238093, -2.641508, -2.964782 / -2.238093, -2.641508, -2.964782; 1, 5, 1, 0; 0.201234050937; 1, 0, 1; 1, 0, 0; 2, 1, 2 ;
0,191; -2.232664, -2.645939, -2.962082 / -2.232664, -2.645939, -2.962082 / -2.232664, -2.645939, -2.962082; 1, 5, 1, 0; 0.201234496928; 1, 0, 1; 1, 0, 0; 2, 1, 2 ;
0,191; -2.240072, -2.642231, -2.967844 / -2.240072, -2.642231, -2.967844 / -2.240072, -2.642231, -2.967844; 1, 5, 1, 0; 0.201242475747; 1, 0, 1; 1, 0, 0; 3, 1, 2 ;
0,191; -2.252217, -2.648006, -2.971159 / -2.252217, -2.648006, -2.971159 / -2.252217, -2.648006, -2.971159; 1, 5, 1, 0; 0.201250528082; 1, 0, 1; 1, 0, 0; 2, 1, 2 ;
1,192; 1.40808, 2.99132, 3.14738 / 1.40808, 2.99132, 3.14738 / 1.40808, 2.99132, 3.14738; 1, 43, 1, 0; 0.314576266150; 1, 0, 1; 0, 1, 0; 1, 1, 2 ;
0,192; 1.413118, 2.993341, 3.143588 / 1.413118, 2.993341, 3.143588 / 1.413118, 2.993341, 3.143588; 1, 43, 1, 0; 0.314579138586; 1, 0, 1; 0, 1, 0; 1, 1, 2 ;
0,192; 1.413901, 2.988079, 3.143956 / 1.413901, 2.988079, 3.143956 / 1.413901, 2.988079, 3.143956; 1, 43, 1, 0; 0.314578227331; 1, 0, 1; 1, 0, 0; 3, 1, 2 ;
0,192; 1.413275, 2.993460, 3.138431 / 1.413275, 2.993460, 3.138431 / 1.413275, 2.993460, 3.138431; 1, 43, 1, 0; 0.314581198816; 1, 0, 1; 1, 0, 0; 3, 1, 2 ;
0,192; 1.380570, 2.999195, 3.163095 / 1.380570, 2.999195, 3.163095 / 1.380570, 2.999195, 3.163095; 1, 43, 1, 0; 0.314673275251; 1, 0, 1; 1, 0, 0; 3, 1, 2 ;
1,198; 2.87993, -2.31197, 2.73551 / 2.87993, -2.31197, 2.73551 / 2.87993, -2.31197, 2.73551; 1, 34, 1, 0; 0.273128540745; 1, 0, 1; 1, 0, 0; 2, 1, 2 ;
0,198; 2.917802, -2.267097, 2.774859 / 2.917802, -2.267097, 2.774859 / 2.917802, -2.267097, 2.774859; 1, 34, 1, 0; 0.274473394051; 1, 0, 1; 1, 0, 0; 2, 1, 2 ;
0,198; 2.901834, -2.264598, 2.764969 / 2.901834, -2.264598, 2.764969 / 2.901834, -2.264598, 2.764969; 1, 34, 1, 0; 0.274480416296; 0, 1, 0; 1, 0, 0; 3, 1, 1 ;
