1,0; -0.672621, -0.826337, -1.71049 / -0.672621, -0.826337, -1.71049 / -0.672621, -0.826337, -1.71049; 1, 4, 1, 0; 0.972175034353; 0, 1, 0; 1, 0, 0; 1, 3, 0 / 2, 1, 1 / 2, 2, 0 ;
0,0; -0.445639, -2.307222, -2.082386 / -0.445639, -2.307222, -2.082386 / -0.445639, -2.307222, -2.082386; 1, 5, 1, 0; 0.781735354112; 1, 0, 1; 0, 1, 0; 4, 1, 2 ;
0,0; -0.445937, -2.290586, -2.083644 / -0.445937, -2.290586, -2.083644 / -0.445937, -2.290586, -2.083644; 1, 5, 1, 0; 0.781728973016; 1, 0, 1; 1, 0, 0; 3, 1, 2 ;
1,2; 1.43954, -0.657208, -4.2351 / 1.43954, -0.657208, -4.2351 / 1.43954, -0.657208, -4.2351; 1, 1, 1, 0; 0.234134098453; 0, 1, 0; 0, 1, 0; 4, 1, 1 ;
0,2; 1.332105, -0.749566, -4.063322 / 1.332105, -0.749566, -4.063322 / 1.332105, -0.749566, -4.063322; 1, 1, 1, 0; 0.234271150749; 0, 0, 0; 1, 0, 0; 3, 1, 3 / 3, 3, 0 ;
0,2; 0.742341, -1.214906, -3.064176 / 0.742341, -1.214906, -3.064176 / 0.742341, -1.214906, -3.064176; 1, 3, 1, 0; 0.335363100779; 1, 0, 1; 1, 0, 0; 2, 1, 2 ;
0,2; -1.213315, -2.289909, 0.753425 / -1.213315, -2.289909, 0.753425 / -1.213315, -2.289909, 0.753425; 1, 18, 1, 0; 0.538760611691; 1, 0, 1; 1, 0, 0; 3, 1, 2 ;
0,2; -1.209086, -2.290177, 0.747867 / -1.209086, -2.290177, 0.747867 / -1.209086, -2.290177, 0.747867; 1, 18, 1, 0; 0.538761260319; 1, 0, 1; 1, 0, 0; 2, 1, 2 ;
0,2; -1.761058, -2.520208, 1.723915 / -1.760871, -2.520201, 1.724002 / -1.761246, -2.520214, 1.723828; 1, 32, 1, 0; 0.114916610486; 2, 1, 1; 1, 1, 0; 1, 1, 2 / 2, 1, 1 ;
0,2; -1.770021, -2.525010, 1.740687 / -1.770021, -2.525010, 1.740687 / -1.770021, -2.525010, 1.740687; 1, 32, 1, 0; 0.114933453626; 0, 1, 0; 0, 1, 0; 4, 1, 1 ;
1,3; -0.819716, 4.42483, 0.425902 / -0.819716, 4.42483, 0.425902 / -0.819716, 4.42483, 0.425902; 1, 25, 1, 0; 0.307794393725; 1, 0, 1; 0, 1, 0; 4, 1, 2 ;
1,4; 0.74726, 0.792969, 3.09277 / 0.74726, 0.792969, 3.09277 / 0.74726, 0.792969, 3.09277; 1, 39, 1, 0; 0.272421703599; 1, 0, 1; 0, 1, 0; 4, 1, 2 ;
0,4; 0.747019, 0.796114, 3.090813 / 0.747249, 0.797000, 3.091435 / 0.746789, 0.795228, 3.090191; 1, 39, 1, 0; 0.272421404998; 1, 0, 2; 2, 0, 0; 2, 1, 2 / 2, 10, 2 ;
0,4; 0.743966, 0.795458, 3.098612 / 0.743966, 0.795458, 3.098612 / 0.743966, 0.795458, 3.098612; 1, 42, 1, 0; 0.195105018087; 1, 0, 1; 0, 1, 0; 1, 1, 2 ;
1,5; -2.2661, -1.40443, -0.494512 / -2.2661, -1.40443, -0.494512 / -2.2661, -1.40443, -0.494512; 1, 10, 1, 0; 0.550013906371; 1, 0, 1; 1, 0, 0; 3, 1, 2 ;
1,6; -2.0454, 0.230503, 4.07828 / -2.04502, 0.231186, 4.07875 / -2.04578, 0.229819, 4.07781; 1, 46, 1, 0; 0.671457030613; 2, 2, 1; 2, 1, 0; 1, 1, 1 / 2, 2, 0 / 3, 2, 2 / 3, 6, 1 ;
0,6; -2.041674, 0.230217, 4.079340 / -2.041674, 0.230217, 4.079340 / -2.041674, 0.230217, 4.079340; 1, 46, 1, 0; 0.671446185408; 1, 0, 1; 0, 1, 0; 1, 1, 2 ;
1,7; 1.55136, 2.80038, -1.76926 / 1.55136, 2.80038, -1.76926 / 1.55136, 2.80038, -1.76926; 1, 13, 1, 0; 0.000413119827; 0, 1, 0; 0, 1, 0; 1, 1, 1 ;
0,7; 1.552792, 2.798222, -1.774302 / 1.552792, 2.798222, -1.774302 / 1.552792, 2.798222, -1.774302; 1, 13, 1, 0; 0.000401683772; 1, 0, 1; 1, 0, 0; 2, 1, 2 ;
0,7; 1.670288, 3.701247, 0.232421 / 1.670288, 3.701247, 0.232421 / 1.670288, 3.701247, 0.232421; 1, 20, 1, 0; 0.171525166101; 0, 1, 0; 0, 1, 0; 4, 1, 1 ;
0,7; 1.674799, 3.703013, 0.238874 / 1.674799, 3.703013, 0.238874 / 1.674799, 3.703013, 0.238874; 1, 20, 1, 0; 0.171539129592; 1, 0, 1; 1, 0, 0; 2, 1, 2 ;
0,7; 1.677086, 3.739049, 0.314157 / 1.677086, 3.739049, 0.314157 / 1.677086, 3.739049, 0.314157; 1, 20, 1, 0; 0.583392000243; 1, 0, 1; 1, 0, 0; 2, 1, 2 ;
1,8; 2.92115, 2.42728, -1.44053 / 2.92115, 2.42728, -1.44053 / 2.92115, 2.42728, -1.44053; 1, 11, 1, 0; 0.222246307155; 1, 0, 1; 0, 1, 0; 4, 1, 2 ;
0,8; 2.923304, 2.425469, -1.437534 / 2.923304, 2.425469, -1.437534 / 2.923304, 2.425469, -1.437534; 1, 11, 1, 0; 0.222247068153; 1, 0, 1; 1, 0, 0; 2, 1, 2 ;
0,8; 3.146968, 1.614132, -0.442167 / 3.146968, 1.614132, -0.442167 / 3.146968, 1.614132, -0.442167; 1, 12, 1, 0; 0.976588667188; 0, 1, 0; 0, 1, 0; 1, 1, 1 ;
0,8; 3.147909, 0.790298, 0.827139 / 3.147909, 0.790298, 0.827139 / 3.147909, 0.790298, 0.827139; 1, 20, 1, 0; 0.850877646266; 1, 0, 1; 1, 0, 0; 2, 1, 2 ;
0,8; 2.913127, 0.247939, 1.958115 / 2.913127, 0.247939, 1.958115 / 2.913127, 0.247939, 1.958115; 1, 28, 1, 0; 0.752228643623; 1, 0, 1; 1, 0, 0; 3, 1, 2 ;
0,8; 2.817107, 0.028120, 2.298551 / 2.817107, 0.028120, 2.298551 / 2.817107, 0.028120, 2.298551; 1, 28, 1, 0; 0.938174431282; 1, 0, 1; 1, 0, 0; 3, 1, 2 ;
1,10; 1.05936, -3.90543, -1.3637 / 1.05936, -3.90543, -1.3637 / 1.05936, -3.90543, -1.3637; 1, 8, 1, 0; 0.455166003430; 1, 0, 1; 1, 0, 0; 3, 1, 2 ;
1,11; 4.11905, 1.44546, 0.263341 / 4.11905, 1.44546, 0.263341 / 4.11905, 1.44546, 0.263341; 1, 20, 1, 0; 0.345515788652; 1, 0, 1; 0, 1, 0; 1, 1, 2 ;
1,13; -1.75832, -2.36446, 0.760612 / -1.75832, -2.36446, 0.760612 / -1.75832, -2.36446, 0.760612; 1, 18, 1, 0; 0.546305074083; 1, 0, 1; 0, 1, 0; 1, 1, 2 ;
1,14; -2.02989, 3.39801, -1.00991 / -2.02989, 3.39801, -1.00991 / -2.02989, 3.39801, -1.00991; 1, 7, 1, 0; 0.743857044676; 0, 1, 0; 0, 1, 0; 1, 1, 1 ;
0,14; -2.027567, 3.397500, -1.009416 / -2.027567, 3.397500, -1.009416 / -2.027567, 3.397500, -1.009416; 1, 7, 1, 0; 0.743857100925; 1, 0, 1; 0, 1, 0; 4, 1, 2 ;
0,14; -2.012219, 3.007816, -0.870331 / -2.012219, 3.007816, -0.870331 / -2.012219, 3.007816, -0.870331; 1, 14, 1, 0; 0.129088500793; 1, 0, 1; 1, 0, 0; 2, 1, 2 ;
0,14; -2.010960, 3.006404, -0.866444 / -2.010960, 3.006404, -0.866444 / -2.010960, 3.006404, -0.866444; 1, 14, 1, 0; 0.129089510219; 1, 0, 1; 1, 0, 0; 3, 1, 2 ;
0,14; -2.019305, 3.121749, -0.908682 / -2.019305, 3.121749, -0.908682 / -2.019305, 3.121749, -0.908682; 1, 14, 1, 0; 0.149301268060; 1, 0, 1; 1, 0, 0; 2, 1, 2 / 4, 2, 0 ;
0,14; -1.721451, -0.375985, 0.416519 / -1.721451, -0.375985, 0.416519 / -1.721451, -0.375985, 0.416519; 1, 21, 1, 0; 0.075822455923; 1, 0, 1; 0, 1, 0; 4, 1, 2 ;
0,14; -1.517205, -1.980354, 0.968351 / -1.517205, -1.980354, 0.968351 / -1.517205, -1.980354, 0.968351; 1, 21, 1, 0; 0.725529908150; 1, 0, 1; 1, 0, 0; 3, 1, 2 ;
1,17; -1.38029, 0.260983, -1.14164 / -1.38029, 0.260983, -1.14164 / -1.38029, 0.260983, -1.14164; 1, 10, 1, 0; 0.228340562267; 1, 0, 1; 0, 1, 0; 1, 1, 2 ;
0,17; -0.762034, 0.284737, -0.803876 / -0.762034, 0.284737, -0.803876 / -0.762034, 0.284737, -0.803876; 1, 16, 1, 0; 0.102160155748; 1, 0, 1; 1, 0, 0; 2, 1, 2 ;
0,17; 1.352885, 0.203838, 0.680971 / 1.352885, 0.203838, 0.680971 / 1.352885, 0.203838, 0.680971; 1, 20, 1, 0; 0.900169564941; 1, 0, 1; 0, 1, 0; 1, 1, 2 ;
1,18; -2.56641, -0.947767, -2.94874 / -2.56641, -0.947767, -2.94874 / -2.56641, -0.947767, -2.94874; 1, 5, 1, 0; 0.097601060967; 1, 0, 1; 0, 1, 0; 1, 1, 2 ;
0,18; -2.525895, -1.127490, -3.185440 / -2.525895, -1.127490, -3.185440 / -2.525895, -1.127490, -3.185440; 1, 5, 1, 0; 0.088873045606; 0, 1, 0; 1, 0, 0; 2, 1, 1 ;
0,18; -3.264422, 1.356581, 0.181078 / -3.264282, 1.356746, 0.181361 / -3.264561, 1.356415, 0.180795; 1, 14, 1, 0; 0.759350366779; 1, 0, 2; 2, 0, 0; 2, 2, 2 / 3, 1, 2 ;
1,19; 3.29969, 1.92302, 1.35087 / 3.29986, 1.9232, 1.35093 / 3.29953, 1.92284, 1.35082; 1, 28, 1, 0; 0.165085280012; 2, 1, 1; 1, 1, 0; 1, 8, 0 / 2, 1, 1 / 3, 2, 0 / 4, 5, 2 ;
0,19; 3.258799, 2.041813, 1.295086 / 3.258799, 2.041813, 1.295086 / 3.258799, 2.041813, 1.295086; 1, 28, 1, 0; 0.164074084306; 1, 0, 1; 1, 0, 0; 2, 1, 2 ;
1,22; 2.82642, -1.80053, 2.26291 / 2.82643, -1.80013, 2.26319 / 2.82642, -1.80093, 2.26263; 1, 33, 1, 0; 0.477927851742; 1, 0, 2; 1, 1, 0; 1, 1, 2 / 3, 7, 2 ;
0,22; 2.719845, -1.292229, 2.021170 / 2.719845, -1.292229, 2.021170 / 2.719845, -1.292229, 2.021170; 1, 33, 1, 0; 0.219658940951; 1, 0, 1; 0, 1, 0; 4, 1, 2 ;
0,22; 2.721912, -1.448688, 2.068793 / 2.721912, -1.448688, 2.068793 / 2.721912, -1.448688, 2.068793; 1, 33, 1, 0; 0.220883630313; 1, 0, 1; 0, 1, 0; 1, 1, 2 ;
0,22; 2.675409, -1.100636, 1.973619 / 2.675409, -1.100636, 1.973619 / 2.675409, -1.100636, 1.973619; 1, 33, 1, 0; 0.279394627671; 1, 0, 1; 0, 1, 0; 1, 1, 2 / 1, 2, 0 ;
0,22; 2.720772, -1.451065, 2.070893 / 2.720772, -1.451065, 2.070893 / 2.720772, -1.451065, 2.070893; 1, 33, 1, 0; 0.220882220875; 0, 0, 0; 1, 0, 0; 3, 1, 3 ;
0,22; 2.594438, -0.899452, 1.882220 / 2.594438, -0.899452, 1.882220 / 2.594438, -0.899452, 1.882220; 1, 34, 1, 0; 0.027466703586; 1, 0, 1; 1, 0, 0; 3, 1, 2 ;
1,23; -1.16895, 1.7371, -3.79936 / -1.16895, 1.7371, -3.79936 / -1.16895, 1.7371, -3.79936; 1, 2, 1, 0; 0.050992970582; 1, 0, 1; 1, 0, 0; 2, 1, 2 ;
0,23; 2.832810, 0.367758, 2.254439 / 2.832810, 0.367758, 2.254439 / 2.832810, 0.367758, 2.254439; 1, 28, 1, 0; 0.966110445029; 1, 0, 1; 1, 0, 0; 3, 1, 2 ;
1,25; 3.0363, 1.68694, -2.32973 / 3.0366, 1.68734, -2.32903 / 3.03599, 1.68654, -2.33043; 1, 4, 1, 0; 0.355196802830; 1, 0, 2; 1, 1, 0; 1, 4, 2 / 2, 1, 2 ;
0,25; 2.629647, 0.991820, -2.111341 / 2.629958, 0.992226, -2.111078 / 2.629336, 0.991413, -2.111605; 1, 4, 1, 0; 0.692816640272; 2, 1, 1; 2, 0, 0; 2, 1, 2 / 2, 2, 0 / 2, 4, 1 ;
0,25; 2.618698, 0.992603, -2.101454 / 2.618726, 0.992887, -2.101365 / 2.618670, 0.992318, -2.101543; 1, 4, 1, 0; 0.692824957587; 2, 1, 1; 2, 0, 0; 2, 1, 2 / 3, 4, 0 / 3, 5, 1 ;
0,25; 2.619855, 0.994883, -2.101274 / 2.619855, 0.994883, -2.101274 / 2.619855, 0.994883, -2.101274; 1, 4, 1, 0; 0.692824893112; 1, 0, 1; 1, 0, 0; 1, 5, 0 / 3, 1, 2 ;
0,25; 2.319996, 0.360265, -1.811154 / 2.319996, 0.360265, -1.811154 / 2.319996, 0.360265, -1.811154; 1, 11, 1, 0; 0.029846346979; 0, 1, 0; 1, 0, 0; 2, 1, 1 ;
0,25; 0.571851, -3.001956, 0.452608 / 0.571851, -3.001956, 0.452608 / 0.571851, -3.001956, 0.452608; 1, 18, 1, 0; 0.303915550050; 1, 0, 1; 1, 0, 0; 3, 1, 2 ;
1,26; 1.29529, 1.39181, 0.844857 / 1.29529, 1.39181, 0.844857 / 1.29529, 1.39181, 0.844857; 1, 20, 1, 0; 0.771103658131; 1, 0, 1; 1, 0, 0; 3, 1, 2 ;
0,26; 1.189019, 0.898906, 1.072567 / 1.189019, 0.898906, 1.072567 / 1.189019, 0.898906, 1.072567; 1, 23, 1, 0; 0.576582244431; 1, 0, 1; 1, 0, 0; 2, 1, 2 ;
0,26; 0.604709, -0.781237, 1.787904 / 0.604709, -0.781237, 1.787904 / 0.604709, -0.781237, 1.787904; 1, 27, 1, 0; 0.784294646541; 0, 1, 0; 1, 0, 0; 2, 1, 1 ;
1,27; -1.84624, -2.03985, -1.36885 / -1.84601, -2.03963, -1.36879 / -1.84648, -2.04007, -1.3689; 1, 9, 1, 0; 0.165448037104; 1, 0, 2; 0, 2, 0; 4, 1, 2 / 4, 2, 2 ;
0,27; -2.420048, -2.288680, -1.342280 / -2.420048, -2.288680, -1.342280 / -2.420048, -2.288680, -1.342280; 1, 9, 1, 0; 0.182088037277; 0, 1, 0; 1, 0, 0; 3, 1, 1 / 3, 2, 0 ;
0,27; 0.583802, -0.951121, -1.076131 / 0.583802, -0.951121, -1.076131 / 0.583802, -0.951121, -1.076131; 1, 11, 1, 0; 0.599434286355; 1, 0, 1; 1, 0, 0; 3, 1, 2 ;
0,27; 3.035986, -1.577498, 0.143011 / 3.035986, -1.577498, 0.143011 / 3.035986, -1.577498, 0.143011; 1, 15, 1, 0; 0.604926211371; 0, 1, 0; 0, 1, 0; 4, 1, 1 ;
0,27; 3.037788, -1.562696, 0.137847 / 3.037788, -1.562696, 0.137847 / 3.037788, -1.562696, 0.137847; 1, 15, 1, 0; 0.604923626291; 1, 0, 1; 1, 0, 0; 2, 1, 2 / 4, 4, 0 ;
0,27; 2.849983, -2.144311, 0.320355 / 2.850850, -2.143642, 0.320740 / 2.849116, -2.144980, 0.319969; 1, 19, 1, 0; 0.371800089956; 2, 1, 3; 3, 1, 0; 1, 2, 1 / 2, 4, 2 / 2, 5, 0 / 3, 1, 2 / 3, 5, 0 / 3, 9, 2 ;
0,27; 2.861464, -2.140800, 0.320704 / 2.861537, -2.140514, 0.320834 / 2.861391, -2.141087, 0.320574; 1, 19, 1, 0; 0.371788057202; 2, 1, 1; 1, 1, 0; 3, 3, 2 / 4, 1, 1 ;
0,27; 2.857818, -2.144374, 0.316673 / 2.858509, -2.144210, 0.316949 / 2.857127, -2.144538, 0.316396; 1, 19, 1, 0; 0.371799764551; 2, 1, 1; 1, 1, 0; 2, 1, 2 / 4, 1, 1 ;
0,27; 3.039072, -2.056102, 0.442982 / 3.039072, -2.056102, 0.442982 / 3.039072, -2.056102, 0.442982; 1, 19, 1, 0; 0.373368860330; 0, 1, 0; 0, 1, 0; 4, 1, 1 ;
0,27; 2.862106, -2.143249, 0.319492 / 2.862106, -2.143249, 0.319492 / 2.862106, -2.143249, 0.319492; 1, 19, 1, 0; 0.371787182224; 1, 0, 1; 1, 0, 0; 2, 1, 2 / 2, 2, 0 / 3, 3, 0 ;
0,27; 2.855757, -2.148766, 0.321042 / 2.855757, -2.148766, 0.321042 / 2.855757, -2.148766, 0.321042; 1, 19, 1, 0; 0.371798730487; 1, 0, 1; 1, 0, 0; 3, 1, 2 ;
0,27; 3.006733, -2.069916, 0.393036 / 3.006733, -2.069916, 0.393036 / 3.006733, -2.069916, 0.393036; 1, 19, 1, 0; 0.373255807395; 0, 1, 0; 1, 0, 0; 2, 1, 1 / 2, 4, 0 / 3, 2, 0 ;
0,27; 3.000591, -2.069285, 0.394805 / 3.000591, -2.069285, 0.394805 / 3.000591, -2.069285, 0.394805; 1, 19, 1, 0; 0.373256017100; 1, 0, 1; 1, 0, 0; 3, 1, 2 / 4, 3, 0 ;
0,27; 3.024948, -2.070378, 0.432218 / 3.024948, -2.070378, 0.432218 / 3.024948, -2.070378, 0.432218; 1, 19, 1, 0; 0.373365157944; 1, 0, 1; 1, 0, 0; 3, 1, 2 ;
1,28; 0.0787115, 0.880421, -0.450562 / 0.0787115, 0.880421, -0.450562 / 0.0787115, 0.880421, -0.450562; 1, 13, 1, 0; 0.385344922034; 1, 0, 1; 1, 0, 0; 2, 1, 2 ;
0,28; -0.758670, -1.617960, 3.184114 / -0.758670, -1.617960, 3.184114 / -0.758670, -1.617960, 3.184114; 1, 40, 1, 0; 0.510363193462; 1, 0, 1; 1, 0, 0; 3, 1, 2 ;
1,32; -1.45638, -0.206908, -1.95634 / -1.45638, -0.206908, -1.95634 / -1.45638, -0.206908, -1.95634; 1, 5, 1, 0; 0.997238735308; 0, 1, 0; 0, 1, 0; 4, 1, 1 ;
0,32; -1.029059, -1.023873, 0.130063 / -1.029059, -1.023873, 0.130063 / -1.029059, -1.023873, 0.130063; 1, 16, 1, 0; 0.862157530485; 1, 0, 1; 1, 0, 0; 2, 1, 2 ;
0,32; -0.388233, -1.939538, 2.261074 / -0.388233, -1.939538, 2.261074 / -0.388233, -1.939538, 2.261074; 1, 33, 1, 0; 0.552744437709; 1, 0, 1; 1, 0, 0; 2, 1, 2 ;
1,33; 1.92959, 3.41211, -1.51519 / 1.92959, 3.41211, -1.51519 / 1.92959, 3.41211, -1.51519; 1, 13, 1, 0; 0.044921941840; 1, 0, 1; 0, 1, 0; 4, 1, 2 ;
0,33; 2.764286, 2.931132, 0.847853 / 2.764286, 2.931132, 0.847853 / 2.764286, 2.931132, 0.847853; 1, 20, 1, 0; 0.646548689269; 1, 0, 1; 0, 1, 0; 4, 1, 2 ;
1,34; -3.49804, -0.393914, -2.3594 / -3.49804, -0.393914, -2.3594 / -3.49804, -0.393914, -2.3594; 1, 5, 1, 0; 0.418869614909; 1, 0, 1; 1, 0, 0; 1, 7, 0 / 2, 1, 2 ;
0,34; -2.298440, -0.343000, -2.034275 / -2.298440, -0.343000, -2.034275 / -2.298440, -0.343000, -2.034275; 1, 5, 1, 0; 0.972889430612; 1, 0, 1; 1, 0, 0; 2, 1, 2 ;
1,35; 0.726719, -3.95704, -0.578002 / 0.726719, -3.95704, -0.578002 / 0.726719, -3.95704, -0.578002; 1, 9, 1, 0; 0.819527778138; 1, 0, 1; 0, 1, 0; 4, 1, 2 ;
0,35; 0.388411, 1.564173, -0.587431 / 0.388411, 1.564173, -0.587431 / 0.388411, 1.564173, -0.587431; 1, 13, 1, 0; 0.436565539433; 0, 0, 0; 0, 1, 0; 1, 1, 3 ;
0,35; 0.471371, 0.386868, -0.525000 / 0.471371, 0.386868, -0.525000 / 0.471371, 0.386868, -0.525000; 1, 13, 1, 0; 0.375199312359; 1, 0, 1; 1, 0, 0; 2, 1, 2 ;
0,35; 0.444474, 0.708111, -0.541455 / 0.444474, 0.708111, -0.541455 / 0.444474, 0.708111, -0.541455; 1, 13, 1, 0; 0.383056972240; 1, 0, 1; 1, 0, 0; 3, 1, 2 ;
0,35; 0.567437, -1.562933, -0.495997 / 0.567629, -1.562733, -0.495197 / 0.567245, -1.563132, -0.496797; 1, 15, 1, 0; 0.087873329744; 2, 1, 1; 1, 1, 0; 2, 1, 1 / 4, 3, 2 ;
0,35; 0.554770, -0.993496, -0.485247 / 0.554964, -0.993214, -0.484909 / 0.554577, -0.993779, -0.485584; 1, 16, 1, 0; 0.223029224797; 2, 1, 1; 1, 1, 0; 2, 1, 2 / 4, 4, 1 ;
0,35; 0.565789, -1.459829, -0.495554 / 0.565789, -1.459829, -0.495554 / 0.565789, -1.459829, -0.495554; 1, 16, 1, 0; 0.232146962464; 1, 0, 1; 0, 1, 0; 1, 1, 2 ;
0,35; 0.562900, -1.461552, -0.497132 / 0.562900, -1.461552, -0.497132 / 0.562900, -1.461552, -0.497132; 1, 16, 1, 0; 0.232147719236; 1, 0, 1; 0, 1, 0; 4, 1, 2 ;
0,35; 0.519541, -0.498875, -0.474468 / 0.519541, -0.498875, -0.474468 / 0.519541, -0.498875, -0.474468; 1, 16, 1, 0; 0.184101684722; 1, 0, 1; 1, 0, 0; 3, 1, 2 ;
0,35; 0.553900, -0.991550, -0.487825 / 0.553900, -0.991550, -0.487825 / 0.553900, -0.991550, -0.487825; 1, 16, 1, 0; 0.223017685697; 1, 0, 1; 1, 0, 0; 3, 1, 2 ;
1,36; 0.0957105, -1.10402, -2.52158 / 0.0957105, -1.10402, -2.52158 / 0.0957105, -1.10402, -2.52158; 1, 3, 1, 0; 0.602756907925; 1, 0, 1; 1, 0, 0; 2, 1, 2 ;
0,36; 0.983298, -0.845167, -1.628357 / 0.983468, -0.844859, -1.628055 / 0.983129, -0.845475, -1.628659; 1, 4, 1, 0; 0.981809950958; 2, 1, 1; 0, 2, 0; 4, 1, 1 / 4, 2, 2 / 4, 8, 0 ;
1,37; 1.68454, -2.11659, -2.71262 / 1.68454, -2.11659, -2.71262 / 1.68454, -2.11659, -2.71262; 1, 3, 1, 0; 0.545817994254; 1, 0, 1; 1, 0, 0; 2, 1, 2 ;
0,37; 1.685367, -2.120513, -2.714552 / 1.685367, -2.120513, -2.714552 / 1.685367, -2.120513, -2.714552; 1, 3, 1, 0; 0.545818510056; 1, 0, 1; 1, 0, 0; 3, 1, 2 ;
1,38; -2.53296, 0.697682, 1.09416 / -2.53296, 0.697682, 1.09416 / -2.53296, 0.697682, 1.09416; 1, 23, 1, 0; 0.613569928421; 1, 0, 1; 1, 0, 0; 3, 1, 2 / 3, 4, 0 ;
1,39; 2.19506, 1.4137, -0.524838 / 2.19558, 1.41402, -0.523886 / 2.19454, 1.41339, -0.52579; 1, 12, 1, 0; 0.951672399903; 2, 1, 2; 1, 2, 1; 1, 2, 2 / 3, 1, 2 / 4, 10, 1 ;
0,39; 2.192602, 1.410560, -0.541555 / 2.192602, 1.410560, -0.541555 / 2.192602, 1.410560, -0.541555; 1, 12, 1, 0; 0.951652842815; 1, 0, 1; 0, 1, 0; 1, 4, 0 / 2, 3, 0 / 4, 1, 2 ;
0,39; 2.190800, 1.411649, -0.548918 / 2.190800, 1.411649, -0.548918 / 2.190800, 1.411649, -0.548918; 1, 12, 1, 0; 0.951652659718; 1, 0, 1; 1, 0, 0; 2, 1, 2 ;
1,40; 2.34535, -1.35771, -0.258577 / 2.34535, -1.35771, -0.258577 / 2.34535, -1.35771, -0.258577; 1, 16, 1, 0; 0.284101718208; 1, 0, 1; 0, 1, 0; 4, 1, 2 ;
0,40; 2.349215, -1.353171, -0.256941 / 2.349215, -1.353171, -0.256941 / 2.349215, -1.353171, -0.256941; 1, 16, 1, 0; 0.284102515162; 1, 0, 1; 1, 0, 0; 3, 1, 2 ;
0,40; -1.152584, -4.075070, 0.780459 / -1.152584, -4.075070, 0.780459 / -1.152584, -4.075070, 0.780459; 1, 18, 1, 0; 0.812387403787; 1, 0, 1; 0, 1, 0; 1, 1, 2 ;
1,41; 2.8885, 1.60032, -1.1693 / 2.88857, 1.60054, -1.16919 / 2.88844, 1.60009, -1.16942; 1, 11, 1, 0; 0.896398017056; 2, 1, 1; 1, 1, 0; 1, 1, 1 / 2, 1, 2 ;
0,41; 2.888466, 1.597259, -1.170339 / 2.888466, 1.597259, -1.170339 / 2.888466, 1.597259, -1.170339; 1, 11, 1, 0; 0.896398743723; 1, 0, 1; 1, 0, 0; 3, 1, 2 ;
1,42; 3.76386, 0.398355, -0.413682 / 3.76386, 0.398355, -0.413682 / 3.76386, 0.398355, -0.413682; 1, 12, 1, 0; 0.860098592210; 1, 0, 1; 0, 1, 0; 1, 1, 2 ;
0,42; 3.764418, 0.398714, -0.412648 / 3.764418, 0.398714, -0.412648 / 3.764418, 0.398714, -0.412648; 1, 12, 1, 0; 0.860098655150; 1, 0, 1; 0, 1, 0; 1, 1, 2 ;
0,42; 3.828907, 0.167524, -0.632298 / 3.828907, 0.167524, -0.632298 / 3.828907, 0.167524, -0.632298; 1, 12, 1, 0; 0.426843899196; 0, 0, 0; 1, 0, 0; 3, 1, 3 ;
0,42; 3.765616, 0.349025, -0.428987 / 3.765616, 0.349025, -0.428987 / 3.765616, 0.349025, -0.428987; 1, 12, 1, 0; 0.860090112513; 1, 0, 1; 1, 0, 0; 2, 1, 2 ;
0,42; 3.128851, 2.500107, 1.281034 / 3.128851, 2.500107, 1.281034 / 3.128851, 2.500107, 1.281034; 1, 28, 1, 0; 0.098216247127; 0, 1, 0; 0, 1, 0; 4, 1, 1 ;
1,43; -1.94929, -0.572337, 0.714208 / -1.94929, -0.572337, 0.714208 / -1.94929, -0.572337, 0.714208; 1, 21, 1, 0; 0.398938030046; 1, 0, 1; 1, 0, 0; 2, 1, 2 ;
1,45; 1.2582, -1.06558, 0.100378 / 1.2582, -1.06558, 0.100378 / 1.2582, -1.06558, 0.100378; 1, 16, 1, 0; 0.838323307777; 1, 0, 1; 1, 0, 0; 2, 1, 2 ;
0,45; 1.418399, -0.996944, 0.090297 / 1.418399, -0.996944, 0.090297 / 1.418399, -0.996944, 0.090297; 1, 16, 1, 0; 0.839631324740; 0, 1, 0; 1, 0, 0; 2, 1, 1 ;
0,45; 3.105624, -1.062316, 0.684667 / 3.105624, -1.062316, 0.684667 / 3.105624, -1.062316, 0.684667; 1, 19, 1, 0; 0.788583193771; 0, 1, 0; 1, 0, 0; 2, 1, 1 ;
1,46; 0.547983, -0.0650422, -2.64476 / 0.547983, -0.0650422, -2.64476 / 0.547983, -0.0650422, -2.64476; 1, 2, 1, 0; 0.937091489230; 1, 0, 1; 0, 1, 0; 1, 1, 2 ;
0,46; 0.452321, 0.488562, -1.514244 / 0.452321, 0.488562, -1.514244 / 0.452321, 0.488562, -1.514244; 1, 11, 1, 0; 0.359321732971; 1, 0, 1; 1, 0, 0; 2, 1, 2 ;
1,47; -0.45939, 2.41326, 1.96329 / -0.45939, 2.41326, 1.96329 / -0.45939, 2.41326, 1.96329; 1, 29, 1, 0; 0.729577318121; 0, 1, 0; 1, 0, 0; 2, 1, 1 / 4, 5, 0 ;
0,47; -0.458483, 2.411255, 1.964701 / -0.458483, 2.411255, 1.964701 / -0.458483, 2.411255, 1.964701; 1, 29, 1, 0; 0.729577415534; 1, 0, 1; 1, 0, 0; 2, 4, 0 / 3, 1, 2 ;
0,47; 0.135413, 2.392492, 2.217826 / 0.135413, 2.392492, 2.217826 / 0.135413, 2.392492, 2.217826; 1, 31, 1, 0; 0.403967115670; 0, 1, 0; 1, 0, 0; 2, 1, 1 ;
1,48; 0.937878, -1.0554, -0.819584 / 0.937878, -1.0554, -0.819584 / 0.937878, -1.0554, -0.819584; 1, 12, 1, 0; 0.560901102246; 1, 0, 1; 1, 0, 0; 2, 1, 2 ;
0,48; 0.933663, -1.059439, -0.816134 / 0.933663, -1.059439, -0.816134 / 0.933663, -1.059439, -0.816134; 1, 12, 1, 0; 0.560910880790; 0, 1, 0; 1, 0, 0; 2, 1, 1 / 4, 6, 0 ;
1,49; -1.18996, -0.25108, -2.63282 / -1.18964, -0.250772, -2.63202 / -1.19028, -0.251388, -2.63363; 1, 2, 1, 0; 0.928431888371; 2, 1, 1; 1, 1, 0; 1, 6, 1 / 2, 1, 2 / 4, 3, 0 ;
0,49; -0.490638, 2.653276, -1.862180 / -0.490316, 2.653741, -1.861584 / -0.490960, 2.652811, -1.862775; 1, 4, 1, 0; 0.825407145476; 2, 1, 3; 3, 1, 0; 1, 7, 2 / 2, 5, 2 / 2, 7, 1 / 3, 1, 2 ;
1,50; -0.283338, -1.37354, -2.36098 / -0.283338, -1.37354, -2.36098 / -0.283338, -1.37354, -2.36098; 1, 3, 1, 0; 0.851442131393; 1, 0, 1; 1, 0, 0; 2, 1, 2 ;
0,50; -1.097836, -3.229510, -2.496354 / -1.097836, -3.229510, -2.496354 / -1.097836, -3.229510, -2.496354; 1, 5, 1, 0; 0.240876802708; 1, 0, 1; 1, 0, 0; 3, 1, 2 ;
0,50; -1.100759, -3.224415, -2.499283 / -1.100759, -3.224415, -2.499283 / -1.100759, -3.224415, -2.499283; 1, 5, 1, 0; 0.240884850142; 0, 1, 0; 1, 0, 0; 3, 1, 1 ;
0,50; -0.590515, -1.848513, -2.366513 / -0.590515, -1.848513, -2.366513 / -0.590515, -1.848513, -2.366513; 1, 5, 1, 0; 0.484751102969; 0, 1, 0; 1, 0, 0; 2, 1, 1 ;
0,50; 3.128282, 2.808481, -1.499769 / 3.128282, 2.808481, -1.499769 / 3.128282, 2.808481, -1.499769; 1, 13, 1, 0; 0.063037374607; 0, 1, 0; 0, 1, 0; 4, 1, 1 ;
1,51; 0.417315, 1.9586, 2.07354 / 0.417315, 1.9586, 2.07354 / 0.417315, 1.9586, 2.07354; 1, 30, 1, 0; 0.936681414895; 0, 1, 0; 0, 1, 0; 4, 1, 1 ;
0,51; 0.623678, 2.644944, 2.277440 / 0.623678, 2.644944, 2.277440 / 0.623678, 2.644944, 2.277440; 1, 31, 1, 0; 0.341564957898; 1, 0, 1; 1, 0, 0; 3, 1, 2 ;
1,52; -1.51628, 0.934565, -1.7101 / -1.51628, 0.934565, -1.7101 / -1.51628, 0.934565, -1.7101; 1, 6, 1, 0; 0.703072624904; 0, 1, 0; 0, 1, 0; 1, 1, 1 / 1, 2, 0 / 4, 6, 0 ;
0,52; -1.527240, 0.930621, -1.716793 / -1.527240, 0.930621, -1.716793 / -1.527240, 0.930621, -1.716793; 1, 6, 1, 0; 0.703064538263; 1, 0, 1; 1, 0, 0; 3, 1, 2 / 4, 9, 0 ;
0,52; -1.514672, 0.940165, -1.703953 / -1.514672, 0.940165, -1.703953 / -1.514672, 0.940165, -1.703953; 1, 6, 1, 0; 0.703071806438; 1, 0, 1; 1, 0, 0; 3, 1, 2 ;
0,52; -1.997082, -0.246407, -0.555967 / -1.996403, -0.246041, -0.555129 / -1.997761, -0.246773, -0.556806; 1, 10, 1, 0; 0.645170125958; 1, 0, 2; 1, 1, 0; 1, 1, 2 / 1, 7, 0 / 2, 7, 2 ;
0,52; -1.997263, -0.248123, -0.554319 / -1.996969, -0.247616, -0.553939 / -1.997557, -0.248630, -0.554700; 1, 10, 1, 0; 0.645170774777; 0, 2, 0; 1, 1, 0; 1, 6, 1 / 3, 1, 1 ;
0,52; -1.993509, -0.247520, -0.549191 / -1.993509, -0.247520, -0.549191 / -1.993509, -0.247520, -0.549191; 1, 10, 1, 0; 0.645161377704; 1, 0, 1; 0, 1, 0; 4, 1, 2 ;
0,52; -2.034381, -0.344852, -0.434276 / -2.034381, -0.344852, -0.434276 / -2.034381, -0.344852, -0.434276; 1, 10, 1, 0; 0.635098469218; 1, 0, 1; 1, 0, 0; 2, 1, 2 ;
0,52; -1.991871, -0.249894, -0.554043 / -1.991871, -0.249894, -0.554043 / -1.991871, -0.249894, -0.554043; 1, 10, 1, 0; 0.645161269567; 1, 0, 1; 1, 0, 0; 3, 1, 2 ;
0,52; -1.997302, -0.245161, -0.549616 / -1.997302, -0.245161, -0.549616 / -1.997302, -0.245161, -0.549616; 1, 10, 1, 0; 0.645170639607; 0, 0, 0; 1, 0, 0; 2, 1, 3 ;
0,52; -1.999766, -0.249584, -0.555121 / -1.999766, -0.249584, -0.555121 / -1.999766, -0.249584, -0.555121; 1, 10, 1, 0; 0.645170855880; 0, 0, 0; 1, 0, 0; 2, 1, 3 ;
0,52; -2.876934, -1.808383, 1.062991 / -2.876630, -1.808239, 1.063636 / -2.877238, -1.808527, 1.062347; 1, 21, 1, 0; 0.686014276692; 2, 1, 1; 1, 1, 0; 2, 1, 1 / 4, 5, 2 ;
0,52; -2.606735, -1.461093, 0.724872 / -2.606735, -1.461093, 0.724872 / -2.606735, -1.461093, 0.724872; 1, 21, 1, 0; 0.292272891310; 0, 1, 0; 1, 0, 0; 2, 1, 1 ;
0,52; -2.882799, -1.805990, 1.055592 / -2.882799, -1.805990, 1.055592 / -2.882799, -1.805990, 1.055592; 1, 21, 1, 0; 0.686002642592; 1, 0, 1; 1, 0, 0; 3, 1, 2 ;
1,53; -1.69879, -0.0457096, 0.720354 / -1.6983, -0.0454702, 0.72065 / -1.69927, -0.0459491, 0.720057; 1, 21, 1, 0; 0.412225387221; 2, 1, 1; 0, 2, 1; 1, 3, 2 / 4, 1, 1 ;
0,53; -2.056611, 0.086144, 0.815734 / -2.056611, 0.086144, 0.815734 / -2.056611, 0.086144, 0.815734; 1, 21, 1, 0; 0.468114599158; 1, 0, 1; 1, 0, 0; 2, 1, 2 ;
0,53; -3.565263, 0.829804, 1.278409 / -3.565263, 0.829804, 1.278409 / -3.565263, 0.829804, 1.278409; 1, 24, 1, 0; 0.590733137353; 1, 0, 1; 0, 1, 0; 1, 1, 2 ;
1,54; -0.797339, 1.66251, -0.126447 / -0.797339, 1.66251, -0.126447 / -0.797339, 1.66251, -0.126447; 1, 13, 1, 0; 0.822014426172; 1, 0, 1; 1, 0, 0; 3, 1, 2 ;
1,55; -1.6877, -0.323643, -4.18994 / -1.6877, -0.323643, -4.18994 / -1.6877, -0.323643, -4.18994; 1, 1, 1, 0; 0.213024631442; 1, 0, 1; 0, 1, 0; 1, 1, 2 ;
0,55; 1.213075, -0.482126, -3.484593 / 1.213075, -0.482126, -3.484593 / 1.213075, -0.482126, -3.484593; 1, 1, 1, 0; 0.776466926295; 0, 1, 0; 0, 1, 0; 1, 1, 1 ;
0,55; -1.549255, -0.322333, -4.172058 / -1.549255, -0.322333, -4.172058 / -1.549255, -0.322333, -4.172058; 1, 1, 1, 0; 0.213028092359; 1, 0, 1; 1, 0, 0; 3, 1, 2 ;
0,55; 2.149747, -0.471366, -2.860097 / 2.149747, -0.471366, -2.860097 / 2.149747, -0.471366, -2.860097; 1, 3, 1, 0; 0.309017295502; 1, 0, 1; 1, 0, 0; 3, 1, 2 ;
1,58; -2.96515, 3.23293, -0.990817 / -2.96515, 3.23293, -0.990817 / -2.96515, 3.23293, -0.990817; 1, 7, 1, 0; 0.737202614900; 1, 0, 1; 1, 0, 0; 3, 1, 2 ;
1,60; 2.55865, 0.51912, -0.864755 / 2.55865, 0.51912, -0.864755 / 2.55865, 0.51912, -0.864755; 1, 12, 1, 0; 0.404037571580; 1, 0, 1; 1, 0, 0; 2, 1, 2 ;
0,60; 1.912180, -0.699070, -0.530514 / 1.912180, -0.699070, -0.530514 / 1.912180, -0.699070, -0.530514; 1, 12, 1, 0; 0.758244262186; 1, 0, 1; 1, 0, 0; 3, 1, 2 ;
0,60; 0.630758, -2.909243, 0.128499 / 0.630758, -2.909243, 0.128499 / 0.630758, -2.909243, 0.128499; 1, 15, 1, 0; 0.801420287118; 0, 1, 0; 0, 1, 0; 1, 1, 1 ;
1,61; 2.74305, 2.10237, 2.05653 / 2.74305, 2.10237, 2.05653 / 2.74305, 2.10237, 2.05653; 1, 28, 1, 0; 0.545024374926; 1, 0, 1; 1, 0, 0; 3, 1, 2 ;
0,61; -1.097457, 1.608552, 2.517312 / -1.097457, 1.608552, 2.517312 / -1.097457, 1.608552, 2.517312; 1, 38, 1, 0; 0.729229611737; 1, 0, 1; 0, 1, 0; 1, 1, 2 ;
0,61; -1.094241, 1.610305, 2.516022 / -1.094241, 1.610305, 2.516022 / -1.094241, 1.610305, 2.516022; 1, 38, 1, 0; 0.729229887274; 1, 0, 1; 1, 0, 0; 2, 1, 2 ;
1,63; 1.9876, -3.53563, 2.13567 / 1.9876, -3.53563, 2.13567 / 1.9876, -3.53563, 2.13567; 1, 33, 1, 0; 0.009868597971; 1, 0, 1; 0, 1, 0; 1, 1, 2 ;
0,63; 1.990964, -3.533350, 2.129386 / 1.990964, -3.533350, 2.129386 / 1.990964, -3.533350, 2.129386; 1, 33, 1, 0; 0.009869832788; 1, 0, 1; 0, 1, 0; 1, 1, 2 ;
0,63; 2.494225, -2.281931, 2.216991 / 2.494225, -2.281931, 2.216991 / 2.494225, -2.281931, 2.216991; 1, 33, 1, 0; 0.630027490277; 1, 0, 1; 1, 0, 0; 3, 1, 2 ;
1,64; 3.91728, 1.77495, 0.758075 / 3.91728, 1.77495, 0.758075 / 3.91728, 1.77495, 0.758075; 1, 20, 1, 0; 0.743817666166; 1, 0, 1; 1, 0, 0; 3, 1, 2 ;
1,65; 0.0074893, 3.50553, -1.37927 / 0.0075051, 3.50574, -1.37922 / 0.00747349, 3.50533, -1.37931; 1, 7, 1, 0; 0.254072440557; 2, 1, 1; 1, 1, 0; 2, 6, 2 / 4, 1, 1 ;
0,65; 0.691148, 2.019369, 0.019933 / 0.691148, 2.019369, 0.019933 / 0.691148, 2.019369, 0.019933; 1, 17, 1, 0; 0.618528647032; 0, 1, 0; 0, 1, 0; 4, 1, 1 ;
0,65; 1.839862, -1.091253, 2.981382 / 1.840319, -1.091079, 2.981611 / 1.839406, -1.091427, 2.981153; 1, 36, 1, 0; 0.812909340114; 0, 2, 0; 0, 2, 1; 1, 4, 3 / 4, 1, 1 ;
1,66; -2.52326, -1.76475, -2.31226 / -2.52326, -1.76475, -2.31226 / -2.52326, -1.76475, -2.31226; 1, 5, 1, 0; 0.500473490028; 1, 0, 1; 0, 1, 0; 4, 1, 2 ;
0,66; -3.356681, -1.336037, 1.012054 / -3.356681, -1.336037, 1.012054 / -3.356681, -1.336037, 1.012054; 1, 21, 1, 0; 0.649368018812; 1, 0, 1; 1, 0, 0; 2, 1, 2 / 2, 2, 0 / 4, 5, 0 ;
1,67; -1.24116, 1.36949, 3.34901 / -1.24116, 1.36949, 3.34901 / -1.24116, 1.36949, 3.34901; 1, 42, 1, 0; 0.617561260551; 0, 1, 0; 0, 1, 0; 1, 1, 1 / 3, 10, 0 ;
0,67; -1.242640, 1.372959, 3.343300 / -1.242640, 1.372959, 3.343300 / -1.242640, 1.372959, 3.343300; 1, 42, 1, 0; 0.617522311650; 1, 0, 1; 1, 0, 0; 3, 1, 2 ;
0,67; -1.239860, 1.374628, 3.352754 / -1.239860, 1.374628, 3.352754 / -1.239860, 1.374628, 3.352754; 1, 42, 1, 0; 0.617560134016; 1, 0, 1; 1, 0, 0; 3, 1, 2 / 4, 2, 0 ;
0,67; -1.247494, 1.366468, 3.352315 / -1.247494, 1.366468, 3.352315 / -1.247494, 1.366468, 3.352315; 1, 42, 1, 0; 0.617562574842; 1, 0, 1; 1, 0, 0; 3, 1, 2 ;
1,68; 3.21719, 2.15847, -2.54659 / 3.21719, 2.15847, -2.54659 / 3.21719, 2.15847, -2.54659; 1, 4, 1, 0; 0.121233606144; 1, 0, 1; 1, 0, 0; 2, 1, 2 ;
0,68; 1.418721, 2.198827, 2.857398 / 1.418721, 2.198827, 2.857398 / 1.418721, 2.198827, 2.857398; 1, 40, 1, 0; 0.008149740688; 1, 0, 1; 1, 0, 0; 2, 1, 2 ;
1,69; -0.179357, -1.01824, -0.317186 / -0.179357, -1.01824, -0.317186 / -0.179357, -1.01824, -0.317186; 1, 16, 1, 0; 0.218409010544; 1, 0, 1; 0, 1, 0; 1, 1, 2 ;
0,69; 0.693665, 1.266868, 0.945812 / 0.693789, 1.267992, 0.946442 / 0.693540, 1.265743, 0.945182; 1, 25, 1, 0; 0.804375749003; 1, 0, 2; 1, 1, 0; 1, 10, 2 / 3, 1, 2 / 3, 7, 0 ;
0,69; 0.700984, 1.258172, 0.940106 / 0.700984, 1.258172, 0.940106 / 0.700984, 1.258172, 0.940106; 1, 25, 1, 0; 0.804372988727; 1, 0, 1; 0, 1, 0; 1, 1, 2 ;
0,69; 0.698657, 1.261637, 0.942031 / 0.698657, 1.261637, 0.942031 / 0.698657, 1.261637, 0.942031; 1, 25, 1, 0; 0.804374103125; 1, 0, 1; 0, 1, 0; 1, 1, 2 / 1, 2, 0 ;
0,69; 0.692591, 1.268178, 0.948848 / 0.692591, 1.268178, 0.948848 / 0.692591, 1.268178, 0.948848; 1, 25, 1, 0; 0.804376863401; 1, 0, 1; 0, 1, 0; 4, 1, 2 / 4, 2, 0 ;
0,69; 0.691333, 1.264565, 0.956516 / 0.691333, 1.264565, 0.956516 / 0.691333, 1.264565, 0.956516; 1, 25, 1, 0; 0.804378414984; 1, 0, 1; 0, 1, 0; 1, 1, 2 ;
0,69; 0.712546, 1.272375, 0.946598 / 0.712546, 1.272375, 0.946598 / 0.712546, 1.272375, 0.946598; 1, 25, 1, 0; 0.804360807509; 0, 1, 0; 1, 0, 0; 3, 1, 1 ;
0,69; 0.693887, 1.272047, 0.946140 / 0.693887, 1.272047, 0.946140 / 0.693887, 1.272047, 0.946140; 1, 25, 1, 0; 0.804375963311; 1, 0, 1; 1, 0, 0; 2, 1, 2 ;
1,70; 2.13209, 0.916947, -2.53146 / 2.13209, 0.916947, -2.53146 / 2.13209, 0.916947, -2.53146; 1, 3, 1, 0; 0.687174200204; 1, 0, 1; 1, 0, 0; 2, 1, 2 ;
1,71; 0.607115, 0.297154, 2.9957 / 0.607115, 0.297154, 2.9957 / 0.607115, 0.297154, 2.9957; 1, 38, 1, 0; 0.999878487849; 1, 0, 1; 1, 0, 0; 3, 1, 2 ;
0,71; 0.744958, 0.301455, 4.532334 / 0.744958, 0.301455, 4.532334 / 0.744958, 0.301455, 4.532334; 1, 46, 1, 0; 0.935412952057; 1, 0, 1; 0, 1, 0; 4, 1, 2 ;
0,71; 0.746804, 0.300103, 4.545499 / 0.746804, 0.300103, 4.545499 / 0.746804, 0.300103, 4.545499; 1, 46, 1, 0; 0.935424410308; 1, 0, 1; 1, 0, 0; 2, 1, 2 ;
1,72; 1.6674, 2.01651, -2.49854 / 1.6674, 2.01651, -2.49854 / 1.6674, 2.01651, -2.49854; 1, 4, 1, 0; 0.112581587463; 1, 0, 1; 0, 1, 0; 1, 1, 2 ;
0,72; -0.367146, 1.792108, -1.727876 / -0.367146, 1.792108, -1.727876 / -0.367146, 1.792108, -1.727876; 1, 7, 1, 0; 0.037964810116; 1, 0, 1; 0, 1, 0; 1, 1, 2 ;
1,73; -1.42865, 2.70317, 1.51711 / -1.42865, 2.70317, 1.51711 / -1.42865, 2.70317, 1.51711; 1, 29, 1, 0; 0.193725593339; 1, 0, 1; 1, 0, 0; 3, 1, 2 ;
1,74; -1.27005, 2.90885, -1.61479 / -1.27001, 2.90887, -1.61456 / -1.27008, 2.90884, -1.61503; 1, 6, 1, 0; 0.585816902748; 2, 1, 1; 1, 1, 0; 1, 1, 2 / 3, 5, 1 ;
0,74; -0.957776, 1.840279, -1.348690 / -0.957057, 1.840465, -1.348358 / -0.958496, 1.840094, -1.349022; 1, 7, 1, 0; 0.461995114448; 1, 0, 2; 1, 1, 0; 3, 1, 2 / 4, 9, 2 ;
0,74; -0.948212, 1.829340, -1.349785 / -0.948212, 1.829340, -1.349785 / -0.948212, 1.829340, -1.349785; 1, 7, 1, 0; 0.461992823546; 0, 1, 0; 0, 1, 0; 2, 1, 0 / 2, 4, 0 / 2, 10, 0 / 3, 4, 0 / 4, 1, 1 ;
0,74; -0.791039, 1.558494, -1.224811 / -0.790684, 1.558746, -1.224618 / -0.791394, 1.558241, -1.225004; 1, 7, 1, 0; 0.568730845660; 2, 1, 1; 2, 0, 0; 2, 5, 2 / 3, 1, 1 / 3, 3, 0 ;
0,74; -0.948084, 1.829705, -1.346923 / -0.948084, 1.829705, -1.346923 / -0.948084, 1.829705, -1.346923; 1, 7, 1, 0; 0.461992884910; 1, 0, 1; 1, 0, 0; 3, 1, 2 ;
0,74; -0.951469, 1.831275, -1.346263 / -0.951469, 1.831275, -1.346263 / -0.951469, 1.831275, -1.346263; 1, 7, 1, 0; 0.461993764452; 1, 0, 1; 1, 0, 0; 1, 6, 0 / 3, 1, 2 ;
0,74; -0.960695, 1.845627, -1.346800 / -0.960695, 1.845627, -1.346800 / -0.960695, 1.845627, -1.346800; 1, 7, 1, 0; 0.461995687173; 1, 0, 1; 1, 0, 0; 2, 1, 2 ;
0,74; -0.790560, 1.557920, -1.231966 / -0.790560, 1.557920, -1.231966 / -0.790560, 1.557920, -1.231966; 1, 7, 1, 0; 0.568731326340; 1, 0, 1; 1, 0, 0; 1, 2, 0 / 3, 1, 2 ;
1,75; -3.27901, -0.802521, 0.167747 / -3.27901, -0.802521, 0.167747 / -3.27901, -0.802521, 0.167747; 1, 14, 1, 0; 0.936876313331; 1, 0, 1; 0, 1, 0; 1, 1, 2 ;
0,75; -3.279985, -0.791993, 0.168783 / -3.279985, -0.791993, 0.168783 / -3.279985, -0.791993, 0.168783; 1, 14, 1, 0; 0.936878892291; 1, 0, 1; 0, 1, 0; 4, 1, 2 ;
0,75; -3.754438, -0.223894, 0.467658 / -3.754438, -0.223894, 0.467658 / -3.754438, -0.223894, 0.467658; 1, 21, 1, 0; 0.045456443793; 1, 0, 1; 0, 1, 0; 1, 1, 2 ;
0,75; -3.753701, -0.226562, 0.470257 / -3.753701, -0.226562, 0.470257 / -3.753701, -0.226562, 0.470257; 1, 21, 1, 0; 0.045457229585; 0, 1, 0; 0, 1, 0; 4, 1, 1 ;
1,76; -0.996062, 3.22049, 1.97456 / -0.996062, 3.22049, 1.97456 / -0.996062, 3.22049, 1.97456; 1, 29, 1, 0; 0.623109372626; 0, 1, 0; 0, 1, 0; 1, 1, 1 ;
0,76; -0.996064, 3.220974, 1.976501 / -0.996064, 3.220974, 1.976501 / -0.996064, 3.220974, 1.976501; 1, 29, 1, 0; 0.623109275213; 1, 0, 1; 1, 0, 0; 2, 1, 2 / 4, 8, 0 ;
0,76; -0.989775, 3.219778, 1.970631 / -0.989775, 3.219778, 1.970631 / -0.989775, 3.219778, 1.970631; 1, 29, 1, 0; 0.623109820722; 1, 0, 1; 1, 0, 0; 3, 1, 2 ;
0,76; -1.019187, 2.237474, 2.915992 / -1.019187, 2.237474, 2.915992 / -1.019187, 2.237474, 2.915992; 1, 39, 1, 0; 0.955111158259; 0, 1, 0; 0, 1, 0; 1, 1, 1 ;
0,76; -1.018431, 2.211487, 2.943494 / -1.018431, 2.211487, 2.943494 / -1.018431, 2.211487, 2.943494; 1, 39, 1, 0; 0.955178579287; 1, 0, 1; 0, 1, 0; 4, 1, 2 ;
0,76; -1.021359, 2.211054, 2.942797 / -1.021359, 2.211054, 2.942797 / -1.021359, 2.211054, 2.942797; 1, 39, 1, 0; 0.955180402326; 1, 0, 1; 1, 0, 0; 1, 3, 0 / 2, 1, 2 ;
1,77; -1.47544, 2.69498, 0.0792436 / -1.47544, 2.69498, 0.0792436 / -1.47544, 2.69498, 0.0792436; 1, 17, 1, 0; 0.545542615546; 1, 0, 1; 0, 1, 0; 4, 1, 2 ;
0,77; 0.868053, 3.341486, 1.760359 / 0.868193, 3.341736, 1.760579 / 0.867913, 3.341236, 1.760139; 1, 30, 1, 0; 0.076577505153; 2, 2, 1; 1, 2, 0; 1, 1, 1 / 1, 2, 2 / 2, 1, 1 / 3, 2, 0 ;
1,78; 3.64936, -2.33934, -0.494531 / 3.64936, -2.33934, -0.494531 / 3.64936, -2.33934, -0.494531; 1, 12, 1, 0; 0.628138512013; 1, 0, 1; 1, 0, 0; 2, 1, 2 ;
0,78; -0.486442, -2.908830, 0.649946 / -0.486442, -2.908830, 0.649946 / -0.486442, -2.908830, 0.649946; 1, 18, 1, 0; 0.633267522018; 0, 1, 0; 0, 1, 0; 4, 1, 1 ;
0,78; -0.462812, -2.907324, 0.643486 / -0.462812, -2.907324, 0.643486 / -0.462812, -2.907324, 0.643486; 1, 18, 1, 0; 0.633241793114; 1, 0, 1; 1, 0, 0; 2, 1, 2 ;
0,78; -0.920258, -2.954641, 0.786443 / -0.920258, -2.954641, 0.786443 / -0.920258, -2.954641, 0.786443; 1, 18, 1, 0; 0.636509203541; 1, 0, 1; 1, 0, 0; 3, 1, 2 ;
1,81; -1.736, -0.492962, -1.01563 / -1.736, -0.492962, -1.01563 / -1.736, -0.492962, -1.01563; 1, 10, 1, 0; 0.176249891863; 1, 0, 1; 1, 0, 0; 3, 1, 2 ;
0,81; 2.270647, 0.869290, -1.689322 / 2.270647, 0.869290, -1.689322 / 2.270647, 0.869290, -1.689322; 1, 11, 1, 0; 0.081526723061; 0, 1, 0; 0, 1, 0; 1, 1, 1 ;
1,82; -1.28631, 2.88702, -1.08487 / -1.28631, 2.88702, -1.08487 / -1.28631, 2.88702, -1.08487; 1, 7, 1, 0; 0.721750376618; 0, 1, 0; 1, 0, 0; 3, 1, 1 ;
0,82; 0.744897, 0.820476, 2.216934 / 0.744897, 0.820476, 2.216934 / 0.744897, 0.820476, 2.216934; 1, 31, 1, 0; 0.796503203391; 1, 0, 1; 1, 0, 0; 2, 1, 2 ;
1,83; 1.24276, -1.67658, -1.41002 / 1.24276, -1.67658, -1.41002 / 1.24276, -1.67658, -1.41002; 1, 8, 1, 0; 0.668337884455; 1, 0, 1; 1, 0, 0; 1, 1, 0 / 2, 1, 2 ;
0,83; 2.995271, 1.015981, 0.099435 / 2.995647, 1.015983, 0.099624 / 2.994895, 1.015979, 0.099246; 1, 19, 1, 0; 0.115594623441; 2, 1, 1; 1, 1, 0; 1, 1, 1 / 3, 5, 2 ;
0,83; 2.994582, 1.013732, 0.092655 / 2.994582, 1.013732, 0.092655 / 2.994582, 1.013732, 0.092655; 1, 19, 1, 0; 0.115596756652; 1, 0, 1; 1, 0, 0; 3, 1, 2 ;
1,84; -0.18647, 1.72665, -3.42367 / -0.18647, 1.72665, -3.42367 / -0.18647, 1.72665, -3.42367; 1, 2, 1, 0; 0.075275595752; 1, 0, 1; 1, 0, 0; 3, 1, 2 ;
0,84; -3.340200, 1.759139, -0.781734 / -3.340200, 1.759139, -0.781734 / -3.340200, 1.759139, -0.781734; 1, 7, 1, 0; 0.959685517514; 0, 1, 0; 0, 1, 0; 1, 1, 1 ;
0,84; -3.927976, 1.926802, -0.247495 / -3.927976, 1.926802, -0.247495 / -3.927976, 1.926802, -0.247495; 1, 14, 1, 0; 0.512583317638; 1, 0, 1; 0, 1, 0; 1, 1, 2 ;
0,84; -3.911851, 1.918248, -0.260668 / -3.911851, 1.918248, -0.260668 / -3.911851, 1.918248, -0.260668; 1, 14, 1, 0; 0.512569708855; 1, 0, 1; 1, 0, 0; 2, 1, 2 ;
1,85; 1.29539, -0.202174, 1.44668 / 1.29539, -0.202174, 1.44668 / 1.29539, -0.202174, 1.44668; 1, 23, 1, 0; 0.775439617853; 1, 0, 1; 0, 1, 0; 1, 6, 0 / 4, 1, 2 ;
0,85; 1.291278, -0.195050, 1.444341 / 1.291278, -0.195050, 1.444341 / 1.291278, -0.195050, 1.444341; 1, 23, 1, 0; 0.775451811191; 1, 0, 1; 1, 0, 0; 3, 1, 2 ;
0,85; 2.522847, -1.334736, 1.025006 / 2.523117, -1.334581, 1.025085 / 2.522577, -1.334891, 1.024927; 1, 27, 1, 0; 0.204685483336; 2, 1, 1; 1, 1, 0; 1, 1, 1 / 2, 2, 2 ;
0,85; 2.524816, -1.336674, 1.027039 / 2.524816, -1.336674, 1.027039 / 2.524816, -1.336674, 1.027039; 1, 27, 1, 0; 0.204684451983; 1, 0, 1; 1, 0, 0; 3, 1, 2 / 3, 6, 0 ;
1,86; 1.27134, -1.5188, -3.87487 / 1.27134, -1.5188, -3.87487 / 1.27134, -1.5188, -3.87487; 1, 1, 1, 0; 0.359357171336; 1, 0, 1; 1, 0, 0; 3, 1, 2 ;
0,86; 1.610031, -1.632404, -0.516251 / 1.610031, -1.632404, -0.516251 / 1.610031, -1.632404, -0.516251; 1, 12, 1, 0; 0.661168184086; 0, 1, 0; 1, 0, 0; 2, 1, 1 / 2, 2, 0 ;
0,86; 1.630881, -1.635173, -0.372561 / 1.630881, -1.635173, -0.372561 / 1.630881, -1.635173, -0.372561; 1, 12, 1, 0; 0.661747486989; 1, 0, 1; 1, 0, 0; 3, 1, 2 ;
1,87; 2.56874, -2.34299, -0.350204 / 2.56874, -2.34299, -0.350204 / 2.56874, -2.34299, -0.350204; 1, 12, 1, 0; 0.620419950976; 1, 0, 1; 0, 1, 0; 1, 1, 2 / 1, 4, 0 ;
0,87; 2.568152, -2.341899, -0.354350 / 2.568152, -2.341899, -0.354350 / 2.568152, -2.341899, -0.354350; 1, 12, 1, 0; 0.620420042524; 1, 0, 1; 1, 0, 0; 1, 1, 0 / 2, 1, 2 / 2, 2, 0 ;
0,87; 2.628395, -2.112883, -0.263710 / 2.628395, -2.112883, -0.263710 / 2.628395, -2.112883, -0.263710; 1, 15, 1, 0; 0.509365570486; 1, 0, 1; 1, 0, 0; 2, 1, 2 ;
0,87; 2.627149, -2.103673, -0.265368 / 2.627149, -2.103673, -0.265368 / 2.627149, -2.103673, -0.265368; 1, 15, 1, 0; 0.509366822843; 1, 0, 1; 1, 0, 0; 3, 1, 2 ;
0,87; 2.920602, -1.013650, 0.044168 / 2.920602, -1.013650, 0.044168 / 2.920602, -1.013650, 0.044168; 1, 16, 1, 0; 0.825137933436; 0, 1, 0; 0, 1, 0; 4, 1, 1 ;
1,88; -2.25082, 2.69874, 0.734422 / -2.25071, 2.69881, 0.73444 / -2.25094, 2.69868, 0.734404; 1, 24, 1, 0; 0.104943430304; 2, 1, 1; 2, 0, 0; 1, 3, 0 / 3, 1, 1 / 3, 2, 2 ;
1,89; 1.43445, -3.26659, -1.09174 / 1.43445, -3.26659, -1.09174 / 1.43445, -3.26659, -1.09174; 1, 8, 1, 0; 0.906306483763; 1, 0, 1; 0, 1, 0; 4, 1, 2 ;
0,89; 0.182974, -1.996051, 0.689022 / 0.183094, -1.995971, 0.689154 / 0.182853, -1.996131, 0.688890; 1, 18, 1, 0; 0.500029132457; 0, 2, 0; 0, 2, 1; 1, 6, 1 / 4, 1, 1 ;
0,89; 0.750908, -2.758311, 0.650441 / 0.750954, -2.757321, 0.650971 / 0.750861, -2.759300, 0.649911; 1, 18, 1, 0; 0.607062908531; 0, 2, 0; 0, 2, 1; 1, 1, 1 / 1, 2, 0 / 4, 8, 1 ;
0,89; 0.216785, -1.940367, 0.720353 / 0.216785, -1.940367, 0.720353 / 0.216785, -1.940367, 0.720353; 1, 18, 1, 0; 0.501397430318; 1, 0, 1; 0, 1, 0; 4, 1, 2 ;
0,89; 0.265209, -1.922732, 0.752211 / 0.265209, -1.922732, 0.752211 / 0.265209, -1.922732, 0.752211; 1, 18, 1, 0; 0.501495414968; 1, 0, 1; 0, 1, 0; 1, 1, 2 ;
0,89; 0.756300, -2.749429, 0.639837 / 0.756300, -2.749429, 0.639837 / 0.756300, -2.749429, 0.639837; 1, 18, 1, 0; 0.607048896775; 1, 0, 1; 0, 1, 0; 1, 1, 2 ;
0,89; 0.753875, -2.766730, 0.646475 / 0.753875, -2.766730, 0.646475 / 0.753875, -2.766730, 0.646475; 1, 18, 1, 0; 0.607052000424; 1, 0, 1; 0, 1, 0; 1, 1, 2 ;
0,89; -0.081999, -3.432413, 1.068215 / -0.081999, -3.432413, 1.068215 / -0.081999, -3.432413, 1.068215; 1, 18, 1, 0; 0.946575544917; 1, 0, 1; 0, 1, 0; 1, 1, 2 ;
0,89; 0.176264, -2.003804, 0.667311 / 0.176264, -2.003804, 0.667311 / 0.176264, -2.003804, 0.667311; 1, 18, 1, 0; 0.500005621441; 1, 0, 1; 1, 0, 0; 2, 1, 2 ;
0,89; 0.187545, -1.991307, 0.700081 / 0.187545, -1.991307, 0.700081 / 0.187545, -1.991307, 0.700081; 1, 18, 1, 0; 0.500040466008; 1, 0, 1; 1, 0, 0; 2, 1, 2 ;
0,89; 0.211271, -1.955640, 0.706233 / 0.211271, -1.955640, 0.706233 / 0.211271, -1.955640, 0.706233; 1, 18, 1, 0; 0.501379973162; 1, 0, 1; 1, 0, 0; 2, 1, 2 ;
0,89; 0.211338, -1.955210, 0.708621 / 0.211338, -1.955210, 0.708621 / 0.211338, -1.955210, 0.708621; 1, 18, 1, 0; 0.501380042907; 1, 0, 1; 1, 0, 0; 2, 1, 2 ;
0,89; 0.214969, -1.940795, 0.714458 / 0.214969, -1.940795, 0.714458 / 0.214969, -1.940795, 0.714458; 1, 18, 1, 0; 0.501384269450; 1, 0, 1; 1, 0, 0; 3, 1, 2 ;
0,89; 0.221519, -1.943020, 0.713839 / 0.221519, -1.943020, 0.713839 / 0.221519, -1.943020, 0.713839; 1, 18, 1, 0; 0.501386271129; 1, 0, 1; 1, 0, 0; 2, 1, 2 ;
0,89; 0.490247, -2.115451, 0.659803 / 0.490247, -2.115451, 0.659803 / 0.490247, -2.115451, 0.659803; 1, 18, 1, 0; 0.503811462719; 1, 0, 1; 1, 0, 0; 3, 1, 2 ;
0,89; 0.476602, -2.101390, 0.659661 / 0.476602, -2.101390, 0.659661 / 0.476602, -2.101390, 0.659661; 1, 18, 1, 0; 0.503825251291; 1, 0, 1; 1, 0, 0; 3, 1, 2 ;
0,89; 0.753792, -2.757157, 0.648409 / 0.753792, -2.757157, 0.648409 / 0.753792, -2.757157, 0.648409; 1, 18, 1, 0; 0.607050075464; 1, 0, 1; 1, 0, 0; 2, 1, 2 ;
0,89; 0.761190, -2.766831, 0.649102 / 0.761190, -2.766831, 0.649102 / 0.761190, -2.766831, 0.649102; 1, 18, 1, 0; 0.607051686572; 1, 0, 1; 1, 0, 0; 3, 1, 2 / 4, 9, 0 ;
0,89; 0.741538, -2.760036, 0.650630 / 0.741538, -2.760036, 0.650630 / 0.741538, -2.760036, 0.650630; 1, 18, 1, 0; 0.607063452541; 1, 0, 1; 1, 0, 0; 2, 1, 2 ;
1,90; 3.33386, -2.38836, 0.51994 / 3.335, -2.38798, 0.520256 / 3.33273, -2.38873, 0.519625; 1, 19, 1, 0; 0.342779833855; 2, 1, 1; 1, 1, 0; 2, 10, 2 / 4, 1, 1 ;
0,90; 2.966117, -2.237720, 0.710500 / 2.966117, -2.237720, 0.710500 / 2.966117, -2.237720, 0.710500; 1, 19, 1, 0; 0.912730835091; 1, 0, 1; 0, 1, 0; 4, 1, 2 ;
0,90; 3.354371, -2.382947, 0.519732 / 3.354371, -2.382947, 0.519732 / 3.354371, -2.382947, 0.519732; 1, 19, 1, 0; 0.342774974474; 1, 0, 1; 1, 0, 0; 2, 1, 2 ;
0,90; 3.336619, -2.386402, 0.518848 / 3.336619, -2.386402, 0.518848 / 3.336619, -2.386402, 0.518848; 1, 19, 1, 0; 0.342779971249; 1, 0, 1; 1, 0, 0; 1, 6, 0 / 3, 1, 2 ;
0,90; 2.959274, -2.238089, 0.712793 / 2.959274, -2.238089, 0.712793 / 2.959274, -2.238089, 0.712793; 1, 19, 1, 0; 0.912743099244; 1, 0, 1; 1, 0, 0; 2, 1, 2 ;
1,91; 1.29632, 2.30878, -1.96643 / 1.29632, 2.30878, -1.96643 / 1.29632, 2.30878, -1.96643; 1, 4, 1, 0; 0.792099247654; 1, 0, 1; 1, 0, 0; 2, 1, 2 ;
0,91; 1.264156, 1.983989, -1.070219 / 1.264156, 1.983989, -1.070219 / 1.264156, 1.983989, -1.070219; 1, 7, 1, 0; 0.625025291962; 1, 0, 1; 0, 1, 0; 1, 1, 2 ;
0,91; 1.328255, 2.100442, -0.800218 / 1.328255, 2.100442, -0.800218 / 1.328255, 2.100442, -0.800218; 1, 7, 1, 0; 0.925321498372; 1, 0, 1; 0, 1, 0; 1, 1, 2 ;
0,91; 1.189531, 1.953926, -1.739807 / 1.189531, 1.953926, -1.739807 / 1.189531, 1.953926, -1.739807; 1, 7, 1, 0; 0.055779995725; 1, 0, 1; 1, 0, 0; 2, 1, 2 ;
0,91; 1.196099, 1.955881, -1.732776 / 1.196099, 1.955881, -1.732776 / 1.196099, 1.955881, -1.732776; 1, 7, 1, 0; 0.055780307656; 1, 0, 1; 1, 0, 0; 2, 1, 2 ;
0,91; 1.195913, 1.958871, -1.724661 / 1.195913, 1.958871, -1.724661 / 1.195913, 1.958871, -1.724661; 1, 7, 1, 0; 0.055788965014; 1, 0, 1; 1, 0, 0; 2, 1, 2 ;
0,91; 1.137191, 1.994182, -1.737808 / 1.137191, 1.994182, -1.737808 / 1.137191, 1.994182, -1.737808; 1, 7, 1, 0; 0.055977621778; 1, 0, 1; 1, 0, 0; 3, 1, 2 ;
0,91; 1.057754, 1.937186, -1.454982 / 1.057754, 1.937186, -1.454982 / 1.057754, 1.937186, -1.454982; 1, 7, 1, 0; 0.409349220326; 1, 0, 1; 1, 0, 0; 3, 1, 2 ;
0,91; 1.263015, 1.986749, -1.065650 / 1.263015, 1.986749, -1.065650 / 1.263015, 1.986749, -1.065650; 1, 7, 1, 0; 0.625025501621; 1, 0, 1; 1, 0, 0; 2, 1, 2 ;
0,91; 1.321598, 2.113030, -0.796334 / 1.321598, 2.113030, -0.796334 / 1.321598, 2.113030, -0.796334; 1, 7, 1, 0; 0.925323942682; 1, 0, 1; 1, 0, 0; 2, 1, 2 ;
0,91; 1.171371, 2.263912, -0.782813 / 1.171456, 2.263981, -0.782340 / 1.171285, 2.263843, -0.783286; 1, 12, 1, 0; 0.249323878643; 2, 1, 1; 0, 2, 1; 1, 1, 1 / 4, 4, 2 ;
0,91; 1.253779, 2.172404, -0.786034 / 1.253779, 2.172404, -0.786034 / 1.253779, 2.172404, -0.786034; 1, 12, 1, 0; 0.250422994969; 1, 0, 1; 0, 1, 0; 1, 1, 2 ;
0,91; 1.182620, 2.246713, -0.787140 / 1.182620, 2.246713, -0.787140 / 1.182620, 2.246713, -0.787140; 1, 12, 1, 0; 0.249320491342; 1, 0, 1; 1, 0, 0; 3, 1, 2 ;
0,91; 1.246869, 2.176558, -0.783517 / 1.246869, 2.176558, -0.783517 / 1.246869, 2.176558, -0.783517; 1, 12, 1, 0; 0.250424007727; 1, 0, 1; 1, 0, 0; 3, 1, 2 ;
0,91; 1.381370, 3.522011, -0.460391 / 1.381370, 3.522011, -0.460391 / 1.381370, 3.522011, -0.460391; 1, 13, 1, 0; 0.654889369392; 1, 0, 1; 1, 0, 0; 2, 1, 2 ;
1,92; -3.46411, -1.2884, 0.809726 / -3.46411, -1.2884, 0.809726 / -3.46411, -1.2884, 0.809726; 1, 21, 1, 0; 0.301000910938; 1, 0, 1; 1, 0, 0; 3, 1, 2 ;
1,95; -3.57548, -1.13802, 1.03657 / -3.57548, -1.13802, 1.03657 / -3.57548, -1.13802, 1.03657; 1, 21, 1, 0; 0.631816731276; 1, 0, 1; 1, 0, 0; 1, 4, 0 / 2, 6, 0 / 3, 1, 2 ;
0,95; -0.084671, -1.863873, 1.057862 / -0.084671, -1.863873, 1.057862 / -0.084671, -1.863873, 1.057862; 1, 22, 1, 0; 0.265248936269; 1, 0, 1; 1, 0, 0; 3, 1, 2 ;
0,95; -0.547872, -1.790834, 1.047545 / -0.547872, -1.790834, 1.047545 / -0.547872, -1.790834, 1.047545; 1, 22, 1, 0; 0.275723184091; 1, 0, 1; 1, 0, 0; 3, 1, 2 ;
1,96; -3.86721, -0.36335, -1.1515 / -3.86721, -0.36335, -1.1515 / -3.86721, -0.36335, -1.1515; 1, 10, 1, 0; 0.159540684245; 1, 0, 1; 1, 0, 0; 2, 1, 2 ;
0,96; -2.835265, 0.108377, -1.022384 / -2.835265, 0.108377, -1.022384 / -2.835265, 0.108377, -1.022384; 1, 10, 1, 0; 0.217311858479; 1, 0, 1; 1, 0, 0; 2, 1, 2 ;
0,96; 0.651245, 1.574228, -0.172861 / 0.651245, 1.574228, -0.172861 / 0.651245, 1.574228, -0.172861; 1, 13, 1, 0; 0.807239214224; 1, 0, 1; 1, 0, 0; 3, 1, 2 ;
0,96; 0.485120, 1.506956, -0.216438 / 0.485120, 1.506956, -0.216438 / 0.485120, 1.506956, -0.216438; 1, 13, 1, 0; 0.834339638552; 1, 0, 1; 1, 0, 0; 3, 1, 2 ;
0,96; 1.705857, 1.991082, 0.142116 / 1.705857, 1.991082, 0.142116 / 1.705857, 1.991082, 0.142116; 1, 20, 1, 0; 0.309263637363; 1, 0, 1; 1, 0, 0; 2, 1, 2 / 3, 3, 0 ;
1,97; 2.44429, -2.34389, 0.248983 / 2.44429, -2.34389, 0.248983 / 2.44429, -2.34389, 0.248983; 1, 15, 1, 0; 0.703927138250; 0, 1, 0; 0, 1, 0; 4, 1, 1 ;
1,98; -1.71572, -3.83332, -0.939254 / -1.71572, -3.83332, -0.939254 / -1.71572, -3.83332, -0.939254; 1, 9, 1, 0; 0.288685101800; 0, 1, 0; 0, 1, 0; 4, 1, 1 ;
0,98; -1.408272, -3.775601, -0.835688 / -1.408272, -3.775601, -0.835688 / -1.408272, -3.775601, -0.835688; 1, 9, 1, 0; 0.710016123172; 0, 1, 0; 1, 0, 0; 2, 1, 1 ;
1,100; -0.253963, -1.00676, 4.20646 / -0.253963, -1.00676, 4.20646 / -0.253963, -1.00676, 4.20646; 1, 46, 1, 0; 0.792027149670; 0, 1, 0; 1, 0, 0; 2, 1, 1 ;
0,100; -0.371716, -0.978993, 4.160574 / -0.371716, -0.978993, 4.160574 / -0.371716, -0.978993, 4.160574; 1, 46, 1, 0; 0.794925897415; 0, 0, 0; 1, 0, 0; 3, 1, 3 ;
1,101; 1.61495, -0.827719, -0.391303 / 1.61495, -0.827719, -0.391303 / 1.61495, -0.827719, -0.391303; 1, 12, 1, 0; 0.760588646590; 0, 1, 0; 1, 0, 0; 3, 1, 1 / 4, 10, 0 ;
0,101; 0.365544, 1.079842, 0.232577 / 0.365544, 1.079842, 0.232577 / 0.365544, 1.079842, 0.232577; 1, 16, 1, 0; 0.557897352235; 0, 1, 0; 0, 1, 0; 4, 1, 1 ;
0,101; 0.366353, 1.075337, 0.231889 / 0.366353, 1.075337, 0.231889 / 0.366353, 1.075337, 0.231889; 1, 16, 1, 0; 0.557897486177; 1, 0, 1; 1, 0, 0; 2, 1, 2 ;
1,102; -2.30283, 3.4128, -1.4752 / -2.30283, 3.4128, -1.4752 / -2.30283, 3.4128, -1.4752; 1, 7, 1, 0; 0.236930181707; 1, 0, 1; 1, 0, 0; 3, 1, 2 ;
0,102; -2.300993, 3.416142, -1.468255 / -2.300993, 3.416142, -1.468255 / -2.300993, 3.416142, -1.468255; 1, 7, 1, 0; 0.236930411820; 1, 0, 1; 1, 0, 0; 2, 1, 2 ;
1,104; -2.91362, 2.31341, -0.797361 / -2.91362, 2.31341, -0.797361 / -2.91362, 2.31341, -0.797361; 1, 7, 1, 0; 0.884630837580; 1, 0, 1; 1, 0, 0; 3, 1, 2 ;
0,104; -1.446632, 2.683387, 2.106006 / -1.446426, 2.683388, 2.106060 / -1.446838, 2.683386, 2.105952; 1, 29, 1, 0; 0.705111897553; 2, 1, 1; 0, 2, 0; 4, 1, 2 / 4, 2, 1 ;
0,104; -1.677722, 2.645966, 1.611295 / -1.677722, 2.645966, 1.611295 / -1.677722, 2.645966, 1.611295; 1, 29, 1, 0; 0.392586745688; 0, 1, 0; 0, 1, 0; 1, 1, 1 ;
1,105; 0.860586, 1.99502, -3.27532 / 0.860586, 1.99502, -3.27532 / 0.860586, 1.99502, -3.27532; 1, 2, 1, 0; 0.234552861446; 1, 0, 1; 0, 1, 0; 1, 1, 2 ;
0,105; -0.563795, -0.387553, -0.520358 / -0.563795, -0.387553, -0.520358 / -0.563795, -0.387553, -0.520358; 1, 16, 1, 0; 0.174421926568; 1, 0, 1; 0, 1, 0; 4, 1, 2 ;
0,105; -0.793421, -0.667316, -0.228760 / -0.793421, -0.667316, -0.228760 / -0.793421, -0.667316, -0.228760; 1, 16, 1, 0; 0.393660145032; 0, 1, 0; 1, 0, 0; 3, 1, 1 ;
1,107; -2.67031, -0.71914, -1.78478 / -2.66964, -0.718487, -1.78433 / -2.67099, -0.719794, -1.78522; 1, 6, 1, 0; 0.832546458982; 1, 0, 2; 1, 1, 0; 1, 8, 2 / 2, 1, 2 ;
0,107; -2.668853, -0.718729, -1.785589 / -2.668065, -0.718487, -1.785221 / -2.669640, -0.718971, -1.785957; 1, 6, 1, 0; 0.832546493289; 1, 0, 1; 1, 1, 0; 1, 1, 2 / 3, 7, 2 ;
1,108; 1.1513, 1.91945, 2.57753 / 1.1513, 1.91945, 2.57753 / 1.1513, 1.91945, 2.57753; 1, 38, 1, 0; 0.677002899270; 1, 0, 1; 0, 1, 0; 4, 1, 2 ;
0,108; 1.149980, 1.917904, 2.581533 / 1.149980, 1.917904, 2.581533 / 1.149980, 1.917904, 2.581533; 1, 38, 1, 0; 0.677003205423; 1, 0, 1; 1, 0, 0; 3, 1, 2 ;
1,109; 1.4329, -0.202544, 1.02643 / 1.4329, -0.202544, 1.02643 / 1.4329, -0.202544, 1.02643; 1, 23, 1, 0; 0.488059973485; 1, 0, 1; 0, 1, 0; 1, 1, 2 ;
0,109; 1.871144, -0.219812, 2.643695 / 1.871144, -0.219812, 2.643695 / 1.871144, -0.219812, 2.643695; 1, 34, 1, 0; 0.831340363061; 0, 1, 0; 0, 1, 0; 1, 1, 1 ;
1,110; -2.64417, -0.647627, -2.56545 / -2.64417, -0.647627, -2.56545 / -2.64417, -0.647627, -2.56545; 1, 2, 1, 0; 0.978045780609; 0, 1, 0; 0, 1, 0; 1, 1, 1 ;
1,111; -2.53832, -2.52939, 0.16631 / -2.53832, -2.52939, 0.16631 / -2.53832, -2.52939, 0.16631; 1, 18, 1, 0; 0.045904005870; 1, 0, 1; 1, 0, 0; 2, 1, 2 ;
1,112; 1.36826, -2.66948, 0.209586 / 1.36826, -2.66948, 0.209586 / 1.36826, -2.66948, 0.209586; 1, 15, 1, 0; 0.755227172271; 1, 0, 1; 1, 0, 0; 3, 1, 2 ;
0,112; 1.257405, -2.683118, 0.474460 / 1.257405, -2.683118, 0.474460 / 1.257405, -2.683118, 0.474460; 1, 18, 1, 0; 0.313987659332; 1, 0, 1; 0, 1, 0; 4, 1, 2 ;
0,112; 1.254696, -2.685747, 0.477955 / 1.254696, -2.685747, 0.477955 / 1.254696, -2.685747, 0.477955; 1, 18, 1, 0; 0.313974714673; 1, 0, 1; 1, 0, 0; 2, 1, 2 / 2, 8, 0 / 4, 6, 0 ;
0,112; 1.254275, -2.685867, 0.473335 / 1.254275, -2.685867, 0.473335 / 1.254275, -2.685867, 0.473335; 1, 18, 1, 0; 0.313974840214; 0, 1, 0; 1, 0, 0; 2, 1, 1 ;
0,112; 1.259203, -2.685857, 0.474353 / 1.259203, -2.685857, 0.474353 / 1.259203, -2.685857, 0.474353; 1, 18, 1, 0; 0.313975663205; 1, 0, 1; 1, 0, 0; 3, 1, 2 ;
0,112; 0.528640, -2.793273, 1.674546 / 0.528640, -2.793273, 1.674546 / 0.528640, -2.793273, 1.674546; 1, 22, 1, 0; 0.826990093189; 1, 0, 1; 1, 0, 0; 2, 6, 0 / 3, 1, 2 ;
0,112; -0.411506, -2.873621, 3.561294 / -0.411506, -2.873621, 3.561294 / -0.411506, -2.873621, 3.561294; 1, 43, 1, 0; 0.970490295128; 1, 0, 1; 1, 0, 0; 3, 1, 2 ;
1,113; -2.47989, -1.42727, -3.20489 / -2.47989, -1.42727, -3.20489 / -2.47989, -1.42727, -3.20489; 1, 5, 1, 0; 0.057721120642; 1, 0, 1; 1, 0, 0; 3, 1, 2 ;
1,114; -2.23793, 2.46835, -2.03265 / -2.23793, 2.46835, -2.03265 / -2.23793, 2.46835, -2.03265; 1, 6, 1, 0; 0.492591945117; 0, 1, 0; 1, 0, 0; 3, 1, 1 ;
0,114; -1.942537, 3.607657, -1.453146 / -1.942537, 3.607657, -1.453146 / -1.942537, 3.607657, -1.453146; 1, 7, 1, 0; 0.239630883603; 0, 1, 0; 1, 0, 0; 2, 1, 1 ;
1,116; -3.15248, 3.02154, -0.806053 / -3.15248, 3.02154, -0.806053 / -3.15248, 3.02154, -0.806053; 1, 14, 1, 0; 0.139691718892; 1, 0, 1; 1, 0, 0; 3, 1, 2 ;
0,116; 2.071203, -1.317127, 2.584890 / 2.071943, -1.316394, 2.585172 / 2.070464, -1.317861, 2.584609; 1, 34, 1, 0; 0.473397668565; 1, 0, 2; 1, 1, 0; 3, 1, 2 / 4, 7, 2 ;
0,116; 2.059614, -1.305477, 2.578802 / 2.059614, -1.305477, 2.578802 / 2.059614, -1.305477, 2.578802; 1, 34, 1, 0; 0.473785363797; 1, 0, 1; 0, 1, 0; 4, 1, 2 ;
0,116; 2.682124, -1.788537, 2.909450 / 2.682124, -1.788537, 2.909450 / 2.682124, -1.788537, 2.909450; 1, 35, 1, 0; 0.449541457659; 1, 0, 1; 1, 0, 0; 3, 1, 2 ;
1,117; -3.61123, 0.396941, -1.64196 / -3.61123, 0.396941, -1.64196 / -3.61123, 0.396941, -1.64196; 1, 6, 1, 0; 0.735288021674; 1, 0, 1; 1, 0, 0; 1, 5, 0 / 2, 1, 2 ;
0,117; -3.610362, 0.397742, -1.637703 / -3.610362, 0.397742, -1.637703 / -3.610362, 0.397742, -1.637703; 1, 6, 1, 0; 0.735296627821; 1, 0, 1; 1, 0, 0; 3, 1, 2 ;
0,117; -2.271584, 1.923432, -0.466575 / -2.271584, 1.923432, -0.466575 / -2.271584, 1.923432, -0.466575; 1, 14, 1, 0; 0.256591310567; 1, 0, 1; 1, 0, 0; 2, 1, 2 ;
0,117; -1.606478, 2.615080, 0.144097 / -1.606478, 2.615080, 0.144097 / -1.606478, 2.615080, 0.144097; 1, 14, 1, 0; 0.660026386637; 1, 0, 1; 1, 0, 0; 2, 1, 2 ;
1,119; -0.240847, -3.2305, -2.15212 / -0.240847, -3.2305, -2.15212 / -0.240847, -3.2305, -2.15212; 1, 5, 1, 0; 0.692439230112; 1, 0, 1; 0, 1, 0; 1, 1, 2 ;
0,119; -0.439739, -3.145468, -2.365466 / -0.439739, -3.145468, -2.365466 / -0.439739, -3.145468, -2.365466; 1, 5, 1, 0; 0.597823629853; 1, 0, 1; 1, 0, 0; 2, 1, 2 ;
0,119; 0.373235, -3.535108, -1.520292 / 0.373235, -3.535108, -1.520292 / 0.373235, -3.535108, -1.520292; 1, 8, 1, 0; 0.477366716064; 1, 0, 1; 1, 0, 0; 3, 1, 2 ;
0,119; 0.473139, -3.573511, -1.425122 / 0.473139, -3.573511, -1.425122 / 0.473139, -3.573511, -1.425122; 1, 8, 1, 0; 0.478998998753; 1, 0, 1; 1, 0, 0; 2, 1, 2 ;
1,120; -2.19686, 2.13961, -2.00659 / -2.19686, 2.13961, -2.00659 / -2.19686, 2.13961, -2.00659; 1, 6, 1, 0; 0.473943110230; 1, 0, 1; 1, 0, 0; 1, 6, 0 / 3, 1, 2 / 4, 1, 0 ;
0,120; -2.193641, 2.141252, -2.006906 / -2.193641, 2.141252, -2.006906 / -2.193641, 2.141252, -2.006906; 1, 6, 1, 0; 0.473943178844; 1, 0, 1; 1, 0, 0; 2, 1, 2 ;
1,121; 0.363479, -3.02731, 1.35107 / 0.363479, -3.02731, 1.35107 / 0.363479, -3.02731, 1.35107; 1, 22, 1, 0; 0.544238901403; 1, 0, 1; 0, 1, 0; 1, 1, 2 ;
0,121; 0.405441, -2.033273, 1.191885 / 0.405441, -2.033273, 1.191885 / 0.405441, -2.033273, 1.191885; 1, 22, 1, 0; 0.258064097415; 1, 0, 1; 1, 0, 0; 2, 1, 2 ;
0,121; 0.353176, -3.035609, 1.336178 / 0.353176, -3.035609, 1.336178 / 0.353176, -3.035609, 1.336178; 1, 22, 1, 0; 0.544223520236; 1, 0, 1; 1, 0, 0; 2, 1, 2 ;
0,121; 0.351548, -3.029215, 1.339174 / 0.351548, -3.029215, 1.339174 / 0.351548, -3.029215, 1.339174; 1, 22, 1, 0; 0.544224342408; 1, 0, 1; 1, 0, 0; 2, 4, 0 / 3, 1, 2 ;
0,121; 0.387154, -3.003493, 1.373250 / 0.387154, -3.003493, 1.373250 / 0.387154, -3.003493, 1.373250; 1, 22, 1, 0; 0.545215278142; 1, 0, 1; 1, 0, 0; 2, 1, 2 ;
0,121; 0.715857, -0.481711, 0.879685 / 0.715857, -0.481711, 0.879685 / 0.715857, -0.481711, 0.879685; 1, 23, 1, 0; 0.268378766448; 0, 1, 0; 0, 1, 0; 1, 1, 1 ;
0,121; 0.735681, -0.337166, 0.847678 / 0.735813, -0.337088, 0.848142 / 0.735549, -0.337243, 0.847215; 1, 23, 1, 0; 0.269330024135; 1, 0, 2; 2, 0, 0; 2, 5, 2 / 3, 1, 2 ;
1,122; -2.2096, -1.86941, -1.10212 / -2.2096, -1.86941, -1.10212 / -2.2096, -1.86941, -1.10212; 1, 9, 1, 0; 0.394331677761; 1, 0, 1; 0, 1, 0; 1, 1, 2 ;
0,122; 0.475864, 0.898395, -1.723423 / 0.475864, 0.898395, -1.723423 / 0.475864, 0.898395, -1.723423; 1, 11, 1, 0; 0.067863339559; 0, 1, 0; 1, 0, 0; 2, 1, 1 ;
0,122; 0.659617, 1.141632, -1.758150 / 0.659617, 1.141632, -1.758150 / 0.659617, 1.141632, -1.758150; 1, 11, 1, 0; 0.110193596856; 1, 0, 1; 1, 0, 0; 3, 1, 2 ;
1,123; 0.997064, -3.17941, -2.02405 / 0.997064, -3.17941, -2.02405 / 0.997064, -3.17941, -2.02405; 1, 5, 1, 0; 0.701484903465; 1, 0, 1; 1, 0, 0; 2, 1, 2 ;
1,125; -1.63227, -1.33199, 3.57826 / -1.63227, -1.33199, 3.57826 / -1.63227, -1.33199, 3.57826; 1, 43, 1, 0; 0.499955130567; 1, 0, 1; 0, 1, 0; 1, 1, 2 / 1, 2, 0 / 3, 3, 0 / 4, 4, 0 ;
0,125; -1.633172, -1.324989, 3.584712 / -1.633172, -1.324989, 3.584712 / -1.633172, -1.324989, 3.584712; 1, 43, 1, 0; 0.499984449225; 0, 1, 0; 0, 1, 0; 4, 1, 1 / 4, 9, 0 ;
0,125; -1.632676, -1.327101, 3.586581 / -1.632676, -1.327101, 3.586581 / -1.632676, -1.327101, 3.586581; 1, 43, 1, 0; 0.499987004703; 1, 0, 1; 1, 0, 0; 2, 1, 2 ;
0,125; -1.625567, -1.328095, 3.583135 / -1.625567, -1.328095, 3.583135 / -1.625567, -1.328095, 3.583135; 1, 43, 1, 0; 0.499989005503; 1, 0, 1; 1, 0, 0; 2, 1, 2 ;
0,125; -1.534403, -0.743163, 3.511256 / -1.534403, -0.743163, 3.511256 / -1.534403, -0.743163, 3.511256; 1, 44, 1, 0; 0.236063336226; 1, 0, 1; 0, 1, 0; 1, 1, 2 ;
0,125; -1.531138, -0.741403, 3.509607 / -1.531138, -0.741403, 3.509607 / -1.531138, -0.741403, 3.509607; 1, 44, 1, 0; 0.236066525620; 1, 0, 1; 0, 1, 0; 4, 1, 2 ;
0,125; -1.536294, -0.741786, 3.499295 / -1.536294, -0.741786, 3.499295 / -1.536294, -0.741786, 3.499295; 1, 44, 1, 0; 0.236027955737; 1, 0, 1; 1, 0, 0; 3, 1, 2 ;
1,126; 1.39882, -1.30121, -2.39379 / 1.39882, -1.30121, -2.39379 / 1.39882, -1.30121, -2.39379; 1, 3, 1, 0; 0.860784962745; 1, 0, 1; 1, 0, 0; 3, 1, 2 ;
0,126; 1.119435, -1.369085, -2.085069 / 1.119435, -1.369085, -2.085069 / 1.119435, -1.369085, -2.085069; 1, 5, 1, 0; 0.904393629295; 1, 0, 1; 1, 0, 0; 3, 1, 2 ;
0,126; 0.250820, -1.618849, -0.716167 / 0.250820, -1.618849, -0.716167 / 0.250820, -1.618849, -0.716167; 1, 9, 1, 0; 0.453053897461; 0, 0, 0; 1, 0, 0; 2, 1, 3 / 2, 4, 0 ;
1,128; -2.61445, -0.0455785, -3.01289 / -2.61408, -0.0452818, -3.0128 / -2.61482, -0.0458752, -3.01298; 1, 2, 1, 0; 0.531134128514; 0, 2, 0; 1, 1, 0; 1, 1, 0 / 2, 1, 1 / 4, 6, 1 ;
0,128; -1.499505, 1.397457, -2.563255 / -1.498717, 1.397790, -2.562703 / -1.500292, 1.397124, -2.563807; 1, 6, 1, 0; 0.021590235650; 1, 0, 2; 2, 0, 0; 2, 8, 2 / 3, 1, 2 ;
0,128; -1.481739, 1.401924, -2.564888 / -1.481739, 1.401924, -2.564888 / -1.481739, 1.401924, -2.564888; 1, 6, 1, 0; 0.021586922577; 1, 0, 1; 1, 0, 0; 3, 1, 2 ;
0,128; -1.484865, 1.397161, -2.563378 / -1.484865, 1.397161, -2.563378 / -1.484865, 1.397161, -2.563378; 1, 6, 1, 0; 0.021587417578; 1, 0, 1; 1, 0, 0; 3, 1, 2 ;
0,128; 0.787794, 3.961043, -1.751196 / 0.787794, 3.961043, -1.751196 / 0.787794, 3.961043, -1.751196; 1, 7, 1, 0; 0.163890354793; 1, 0, 1; 0, 1, 0; 1, 1, 2 ;
1,129; -0.325834, -1.11494, 2.72412 / -0.325834, -1.11494, 2.72412 / -0.325834, -1.11494, 2.72412; 1, 34, 1, 0; 0.554397109779; 0, 1, 0; 0, 1, 0; 4, 1, 1 ;
1,131; -2.9898, 3.01797, -0.869154 / -2.9898, 3.01797, -0.869154 / -2.9898, 3.01797, -0.869154; 1, 14, 1, 0; 0.136965906027; 1, 0, 1; 1, 0, 0; 3, 1, 2 ;
1,132; -0.122559, -0.406557, -3.6711 / -0.122559, -0.406557, -3.6711 / -0.122559, -0.406557, -3.6711; 1, 1, 1, 0; 0.782602731870; 1, 0, 1; 1, 0, 0; 3, 1, 2 ;
1,133; -0.278698, -0.283986, -2.66797 / -0.278698, -0.283986, -2.66797 / -0.278698, -0.283986, -2.66797; 1, 2, 1, 0; 0.933168593705; 1, 0, 1; 1, 0, 0; 2, 1, 2 ;
0,133; 0.512141, 1.449689, 1.652506 / 0.512141, 1.449689, 1.652506 / 0.512141, 1.449689, 1.652506; 1, 30, 1, 0; 0.142442351378; 1, 0, 1; 0, 1, 0; 4, 1, 2 ;
1,134; -1.01481, 2.7413, -2.69934 / -1.01481, 2.7413, -2.69934 / -1.01481, 2.7413, -2.69934; 1, 6, 1, 0; 0.086359908489; 0, 0, 0; 0, 1, 0; 1, 1, 3 ;
1,135; 0.52822, -2.48764, -0.476796 / 0.52822, -2.48764, -0.476796 / 0.52822, -2.48764, -0.476796; 1, 9, 1, 0; 0.963178314063; 1, 0, 1; 1, 0, 0; 3, 1, 2 ;
0,135; 0.524630, -2.490585, -0.480615 / 0.524630, -2.490585, -0.480615 / 0.524630, -2.490585, -0.480615; 1, 9, 1, 0; 0.963178460048; 1, 0, 1; 1, 0, 0; 3, 1, 2 / 4, 3, 0 ;
0,135; 1.887564, -2.153090, -0.165801 / 1.887564, -2.153090, -0.165801 / 1.887564, -2.153090, -0.165801; 1, 15, 1, 0; 0.514709198598; 1, 0, 1; 1, 0, 0; 2, 1, 2 / 4, 6, 0 ;
1,136; -0.212992, -3.18178, 0.546162 / -0.212992, -3.18178, 0.546162 / -0.212992, -3.18178, 0.546162; 1, 18, 1, 0; 0.232664856088; 1, 0, 1; 1, 0, 0; 3, 1, 2 ;
0,136; -2.757474, 1.878956, 2.566979 / -2.757474, 1.878956, 2.566979 / -2.757474, 1.878956, 2.566979; 1, 37, 1, 0; 0.462078366000; 1, 0, 1; 1, 0, 0; 3, 1, 2 ;
1,137; -4.49653, -0.761807, -0.017994 / -4.49653, -0.761807, -0.017994 / -4.49653, -0.761807, -0.017994; 1, 10, 1, 0; 0.802435777654; 1, 0, 1; 1, 0, 0; 3, 1, 2 ;
0,137; -2.397369, 2.103095, -0.094827 / -2.397369, 2.103095, -0.094827 / -2.397369, 2.103095, -0.094827; 1, 14, 1, 0; 0.526380211315; 1, 0, 1; 1, 0, 0; 2, 1, 2 ;
0,137; -0.593399, 4.516408, -0.210861 / -0.593399, 4.516408, -0.210861 / -0.593399, 4.516408, -0.210861; 1, 17, 1, 0; 0.355291185078; 1, 0, 1; 1, 0, 0; 3, 1, 2 ;
1,138; 0.749745, -3.09558, 0.245177 / 0.749745, -3.09558, 0.245177 / 0.749745, -3.09558, 0.245177; 1, 15, 1, 0; 0.835005464832; 0, 1, 0; 1, 0, 0; 2, 1, 1 ;
1,140; -3.01043, -1.80583, -0.238842 / -3.01043, -1.80583, -0.238842 / -3.01043, -1.80583, -0.238842; 1, 10, 1, 0; 0.860826601828; 0, 1, 0; 0, 1, 0; 1, 1, 1 / 3, 5, 0 / 4, 4, 0 ;
0,140; -3.009250, -2.041377, -0.367363 / -3.009250, -2.041377, -0.367363 / -3.009250, -2.041377, -0.367363; 1, 10, 1, 0; 0.510573307986; 1, 0, 1; 1, 0, 0; 3, 1, 2 / 3, 3, 0 ;
1,141; -1.36777, -2.47251, -0.568781 / -1.36777, -2.47251, -0.568781 / -1.36777, -2.47251, -0.568781; 1, 10, 1, 0; 0.495907985458; 0, 1, 0; 0, 1, 0; 4, 1, 1 ;
0,141; 1.983260, -3.470240, 0.412278 / 1.983260, -3.470240, 0.412278 / 1.983260, -3.470240, 0.412278; 1, 19, 1, 0; 0.268622148367; 1, 0, 1; 1, 0, 0; 2, 1, 2 ;
1,142; -1.9041, -2.22399, -3.265 / -1.9041, -2.22399, -3.265 / -1.9041, -2.22399, -3.265; 1, 5, 1, 0; 0.017681937187; 1, 0, 1; 0, 1, 0; 1, 1, 2 ;
0,142; -1.902129, -2.226066, -3.264040 / -1.902129, -2.226066, -3.264040 / -1.902129, -2.226066, -3.264040; 1, 5, 1, 0; 0.017681995999; 1, 0, 1; 0, 1, 0; 1, 1, 2 ;
0,142; -1.902634, -2.231974, -3.258945 / -1.902634, -2.231974, -3.258945 / -1.902634, -2.231974, -3.258945; 1, 5, 1, 0; 0.017691753880; 1, 0, 1; 0, 1, 0; 4, 1, 2 ;
0,142; -1.903505, -2.217562, -3.266815 / -1.903505, -2.217562, -3.266815 / -1.903505, -2.217562, -3.266815; 1, 5, 1, 0; 0.017681074612; 1, 0, 1; 1, 0, 0; 3, 1, 2 ;
0,142; -1.903946, -2.227503, -3.264253 / -1.903946, -2.227503, -3.264253 / -1.903946, -2.227503, -3.264253; 1, 5, 1, 0; 0.017682564514; 1, 0, 1; 1, 0, 0; 2, 1, 2 ;
0,142; -1.897133, -2.220355, -3.261337 / -1.897133, -2.220355, -3.261337 / -1.897133, -2.220355, -3.261337; 1, 5, 1, 0; 0.017690332591; 1, 0, 1; 1, 0, 0; 2, 1, 2 ;
0,142; -1.905388, -2.225507, -3.257864 / -1.905388, -2.225507, -3.257864 / -1.905388, -2.225507, -3.257864; 1, 5, 1, 0; 0.017691214770; 1, 0, 1; 1, 0, 0; 3, 1, 2 ;
0,142; -1.899976, -2.233173, -3.258250 / -1.899976, -2.233173, -3.258250 / -1.899976, -2.233173, -3.258250; 1, 5, 1, 0; 0.017691675464; 1, 0, 1; 1, 0, 0; 3, 1, 2 ;
0,142; 2.146165, -2.665140, -1.030923 / 2.146165, -2.665140, -1.030923 / 2.146165, -2.665140, -1.030923; 1, 8, 1, 0; 0.843315808959; 1, 0, 1; 0, 1, 0; 1, 1, 2 ;
1,143; -2.98677, 0.850084, 1.29875 / -2.98648, 0.85056, 1.29946 / -2.98706, 0.849608, 1.29804; 1, 24, 1, 0; 0.584507884286; 0, 1, 0; 1, 1, 0; 2, 1, 1 / 4, 9, 3 ;
0,143; -3.570472, 1.830192, 1.082136 / -3.570472, 1.830192, 1.082136 / -3.570472, 1.830192, 1.082136; 1, 24, 1, 0; 0.341359926633; 1, 0, 1; 0, 1, 0; 1, 1, 2 ;
0,143; -2.982144, 0.847058, 1.295951 / -2.982144, 0.847058, 1.295951 / -2.982144, 0.847058, 1.295951; 1, 24, 1, 0; 0.584494176019; 1, 0, 1; 1, 0, 0; 3, 1, 2 ;
0,143; -2.988075, 0.851762, 1.297066 / -2.988075, 0.851762, 1.297066 / -2.988075, 0.851762, 1.297066; 1, 24, 1, 0; 0.584507766048; 0, 1, 0; 1, 0, 0; 3, 1, 1 / 3, 2, 0 / 3, 7, 0 / 3, 9, 0 ;
0,143; -2.986734, 0.850672, 1.297897 / -2.986479, 0.850784, 1.298041 / -2.986988, 0.850560, 1.297752; 1, 24, 1, 0; 0.584507847336; 0, 1, 0; 2, 0, 0; 2, 6, 1 / 3, 1, 1 ;
0,143; -1.190736, -2.262155, 1.966282 / -1.190736, -2.262155, 1.966282 / -1.190736, -2.262155, 1.966282; 1, 32, 1, 0; 0.319643518090; 1, 0, 1; 0, 1, 0; 1, 1, 2 ;
0,143; -0.870700, -2.740831, 2.036093 / -0.870700, -2.740831, 2.036093 / -0.870700, -2.740831, 2.036093; 1, 32, 1, 0; 0.394170874698; 1, 0, 1; 1, 0, 0; 3, 1, 2 ;
0,143; -0.877884, -2.734256, 2.035435 / -0.877884, -2.734256, 2.035435 / -0.877884, -2.734256, 2.035435; 1, 32, 1, 0; 0.394173904039; 1, 0, 1; 1, 0, 0; 3, 1, 2 ;
0,143; -0.512125, -3.274037, 2.111191 / -0.512125, -3.274037, 2.111191 / -0.512125, -3.274037, 2.111191; 1, 32, 1, 0; 0.535570133115; 1, 0, 1; 1, 0, 0; 3, 1, 2 / 4, 3, 0 ;
1,144; 1.76652, 0.102443, 1.32761 / 1.76655, 0.102523, 1.32769 / 1.76648, 0.102362, 1.32753; 1, 26, 1, 0; 0.947934936351; 2, 1, 1; 1, 1, 0; 3, 1, 2 / 4, 2, 1 ;
0,144; 1.884348, -0.602076, 1.376369 / 1.884348, -0.602076, 1.376369 / 1.884348, -0.602076, 1.376369; 1, 26, 1, 0; 0.993357267155; 1, 0, 1; 1, 0, 0; 2, 1, 2 ;
1,145; 2.85367, -1.09478, 0.826566 / 2.85367, -1.09478, 0.826566 / 2.85367, -1.09478, 0.826566; 1, 19, 1, 0; 0.786437147659; 1, 0, 1; 1, 0, 0; 2, 1, 2 ;
0,145; 2.993979, -1.337374, 1.103185 / 2.993979, -1.337374, 1.103185 / 2.993979, -1.337374, 1.103185; 1, 27, 1, 0; 0.201156331035; 1, 0, 1; 0, 1, 0; 4, 1, 2 ;
0,145; 2.994910, -1.337432, 1.105302 / 2.994910, -1.337432, 1.105302 / 2.994910, -1.337432, 1.105302; 1, 27, 1, 0; 0.201156432329; 0, 1, 0; 1, 0, 0; 3, 1, 1 ;
0,145; 3.434993, -1.997369, 1.964900 / 3.434993, -1.997369, 1.964900 / 3.434993, -1.997369, 1.964900; 1, 33, 1, 0; 0.122189318705; 1, 0, 1; 1, 0, 0; 3, 1, 2 ;
1,146; -0.393941, 2.25336, -3.01149 / -0.393938, 2.25363, -3.01134 / -0.393944, 2.25309, -3.01164; 1, 2, 1, 0; 0.754498206652; 2, 1, 1; 1, 1, 0; 1, 6, 2 / 3, 1, 1 ;
0,146; -0.415546, 2.156141, -2.330061 / -0.415546, 2.156141, -2.330061 / -0.415546, 2.156141, -2.330061; 1, 4, 1, 0; 0.329828922819; 1, 0, 1; 1, 0, 0; 2, 1, 2 ;
0,146; -0.434333, 2.030439, -1.473490 / -0.433888, 2.030555, -1.472478 / -0.434779, 2.030324, -1.474502; 1, 7, 1, 0; 0.418675685046; 1, 0, 2; 1, 1, 0; 1, 1, 2 / 2, 9, 2 / 4, 5, 0 ;
0,146; -0.432520, 2.033533, -1.472906 / -0.432520, 2.033533, -1.472906 / -0.432520, 2.033533, -1.472906; 1, 7, 1, 0; 0.418675091866; 1, 0, 1; 0, 1, 0; 4, 1, 2 ;
0,146; -0.303500, 1.561937, 1.344195 / -0.303500, 1.561937, 1.344195 / -0.303500, 1.561937, 1.344195; 1, 26, 1, 0; 0.658772011487; 1, 0, 1; 0, 1, 0; 4, 1, 2 ;
1,147; 2.54013, -0.0951458, -2.29982 / 2.54013, -0.0951458, -2.29982 / 2.54013, -0.0951458, -2.29982; 1, 3, 1, 0; 0.771663648416; 0, 1, 0; 0, 1, 0; 4, 1, 1 / 4, 7, 0 ;
0,147; 2.387092, -0.541488, -2.999634 / 2.387092, -0.541488, -2.999634 / 2.387092, -0.541488, -2.999634; 1, 3, 1, 0; 0.307145561076; 1, 0, 1; 1, 0, 0; 3, 1, 2 ;
0,147; 2.643563, 0.264895, -1.776558 / 2.643644, 0.265496, -1.776412 / 2.643483, 0.264293, -1.776704; 1, 11, 1, 0; 0.015912442839; 2, 1, 1; 0, 2, 0; 1, 1, 1 / 1, 2, 2 ;
0,147; 2.640180, 0.260666, -1.776139 / 2.640180, 0.260666, -1.776139 / 2.640180, 0.260666, -1.776139; 1, 11, 1, 0; 0.015911658954; 1, 0, 1; 1, 0, 0; 3, 1, 2 ;
0,147; 2.628868, 0.271104, -1.759612 / 2.628868, 0.271104, -1.759612 / 2.628868, 0.271104, -1.759612; 1, 11, 1, 0; 0.015924424273; 1, 0, 1; 1, 0, 0; 3, 1, 2 ;
0,147; 2.973020, 0.943614, -0.787582 / 2.973020, 0.943614, -0.787582 / 2.973020, 0.943614, -0.787582; 1, 12, 1, 0; 0.350108479468; 1, 0, 1; 1, 0, 0; 3, 1, 2 ;
1,148; 1.41802, 0.806559, 1.90804 / 1.41802, 0.806559, 1.90804 / 1.41802, 0.806559, 1.90804; 1, 28, 1, 0; 0.695327417786; 1, 0, 1; 0, 1, 0; 1, 1, 2 / 1, 5, 0 / 3, 5, 0 / 3, 8, 0 ;
0,148; 1.422895, 0.807899, 1.908308 / 1.423225, 0.808230, 1.908446 / 1.422565, 0.807568, 1.908171; 1, 28, 1, 0; 0.695328734603; 2, 1, 1; 2, 0, 0; 2, 5, 1 / 3, 1, 2 / 3, 2, 0 ;
0,148; 1.423599, 0.807155, 1.908737 / 1.424632, 0.807568, 1.909029 / 1.422565, 0.806742, 1.908446; 1, 28, 1, 0; 0.695328771437; 1, 0, 1; 2, 0, 0; 2, 1, 1 / 3, 10, 2 ;
0,148; 1.599232, 1.554639, 2.809155 / 1.599232, 1.554639, 2.809155 / 1.599232, 1.554639, 2.809155; 1, 39, 1, 0; 0.754758242967; 1, 0, 1; 0, 1, 0; 4, 1, 2 ;
0,148; 1.725833, 2.066636, 3.467398 / 1.725833, 2.066636, 3.467398 / 1.725833, 2.066636, 3.467398; 1, 45, 1, 0; 0.549883386078; 0, 0, 0; 1, 0, 0; 3, 1, 3 ;
1,149; -2.8764, 0.447132, -1.43137 / -2.8764, 0.447132, -1.43137 / -2.8764, 0.447132, -1.43137; 1, 10, 1, 0; 0.036241732954; 1, 0, 1; 0, 1, 0; 4, 1, 2 ;
0,149; -2.878967, 0.445939, -1.429281 / -2.878967, 0.445939, -1.429281 / -2.878967, 0.445939, -1.429281; 1, 10, 1, 0; 0.036241651852; 1, 0, 1; 1, 0, 0; 2, 1, 2 ;
0,149; -4.312591, 0.368039, 0.781170 / -4.312591, 0.368039, 0.781170 / -4.312591, 0.368039, 0.781170; 1, 24, 1, 0; 0.251131127891; 1, 0, 1; 1, 0, 0; 2, 10, 0 / 3, 1, 2 ;
1,152; -0.0876212, -3.71833, -0.806836 / -0.0870364, -3.71814, -0.806646 / -0.088206, -3.71852, -0.807027; 1, 9, 1, 0; 0.720056523018; 2, 1, 1; 2, 1, 0; 2, 5, 1 / 2, 8, 0 / 3, 3, 2 / 4, 1, 3 ;
0,152; -0.121515, -3.697406, -0.851291 / -0.121515, -3.697406, -0.851291 / -0.121515, -3.697406, -0.851291; 1, 9, 1, 0; 0.681705374174; 0, 1, 0; 0, 1, 0; 1, 1, 1 ;
0,152; -0.130704, -3.701414, -0.853289 / -0.130704, -3.701414, -0.853289 / -0.130704, -3.701414, -0.853289; 1, 9, 1, 0; 0.681707526093; 1, 0, 1; 0, 1, 0; 4, 1, 2 ;
0,152; -0.122799, -3.696170, -0.842220 / -0.122799, -3.696170, -0.842220 / -0.122799, -3.696170, -0.842220; 1, 9, 1, 0; 0.681714976707; 1, 0, 1; 0, 1, 0; 4, 1, 2 ;
0,152; -0.089980, -3.718911, -0.808629 / -0.089980, -3.718911, -0.808629 / -0.089980, -3.718911, -0.808629; 1, 9, 1, 0; 0.720056431102; 0, 1, 0; 0, 1, 0; 3, 7, 0 / 4, 1, 1 ;
0,152; -0.122979, -3.394834, -0.574061 / -0.122979, -3.394834, -0.574061 / -0.122979, -3.394834, -0.574061; 1, 9, 1, 0; 0.890402749482; 1, 0, 1; 0, 1, 0; 4, 1, 2 ;
0,152; -0.118075, -3.695451, -0.847689 / -0.118075, -3.695451, -0.847689 / -0.118075, -3.695451, -0.847689; 1, 9, 1, 0; 0.681714744214; 1, 0, 1; 1, 0, 0; 2, 1, 2 ;
0,152; -0.119983, -3.695860, -0.847722 / -0.119983, -3.695860, -0.847722 / -0.119983, -3.695860, -0.847722; 1, 9, 1, 0; 0.681714809096; 1, 0, 1; 1, 0, 0; 3, 1, 2 ;
0,152; -0.116145, -3.700975, -0.846233 / -0.116145, -3.700975, -0.846233 / -0.116145, -3.700975, -0.846233; 1, 9, 1, 0; 0.681715365999; 1, 0, 1; 1, 0, 0; 2, 1, 2 ;
0,152; -0.119236, -3.385720, -0.564101 / -0.119236, -3.385720, -0.564101 / -0.119236, -3.385720, -0.564101; 1, 9, 1, 0; 0.890410962459; 1, 0, 1; 1, 0, 0; 1, 1, 0 / 2, 1, 2 ;
0,152; -0.084918, -0.403223, 2.041457 / -0.084918, -0.403223, 2.041457 / -0.084918, -0.403223, 2.041457; 1, 30, 1, 0; 0.605367205552; 1, 0, 1; 0, 1, 0; 2, 3, 0 / 3, 4, 0 / 4, 1, 2 ;
1,154; -0.903594, -2.59901, -0.560711 / -0.903588, -2.59901, -0.560704 / -0.9036, -2.59902, -0.560718; 1, 9, 1, 0; 0.970357115823; 2, 1, 1; 2, 0, 0; 2, 1, 1 / 2, 2, 2 / 4, 5, 0 ;
0,154; -0.900990, -2.607138, -0.558835 / -0.900990, -2.607138, -0.558835 / -0.900990, -2.607138, -0.558835; 1, 9, 1, 0; 0.970358727059; 1, 0, 1; 1, 0, 0; 2, 1, 2 ;
0,154; -1.033373, -2.556512, -0.479487 / -1.033373, -2.556512, -0.479487 / -1.033373, -2.556512, -0.479487; 1, 9, 1, 0; 0.973588400616; 0, 0, 0; 1, 0, 0; 2, 1, 3 ;
0,154; -3.039962, -1.344697, 1.984928 / -3.039962, -1.344697, 1.984928 / -3.039962, -1.344697, 1.984928; 1, 30, 1, 0; 0.406642060310; 1, 0, 1; 1, 0, 0; 3, 1, 2 ;
0,154; -3.037612, -1.345739, 1.989832 / -3.037612, -1.345739, 1.989832 / -3.037612, -1.345739, 1.989832; 1, 30, 1, 0; 0.406658727561; 1, 0, 1; 1, 0, 0; 3, 1, 2 ;
0,154; -3.227766, -1.235145, 2.238081 / -3.227766, -1.235145, 2.238081 / -3.227766, -1.235145, 2.238081; 1, 36, 1, 0; 0.126910777729; 1, 0, 1; 1, 0, 0; 2, 1, 2 ;
1,155; -1.6035, -1.46107, 2.65806 / -1.6035, -1.46107, 2.65806 / -1.6035, -1.46107, 2.65806; 1, 36, 1, 0; 0.594192011707; 1, 0, 1; 0, 1, 0; 1, 1, 2 ;
0,155; -2.030312, -1.449950, 2.559082 / -2.030312, -1.449950, 2.559082 / -2.030312, -1.449950, 2.559082; 1, 36, 1, 0; 0.599513607098; 1, 0, 1; 0, 1, 0; 1, 1, 2 ;
0,155; -2.840784, -1.435996, 2.360632 / -2.840784, -1.435996, 2.360632 / -2.840784, -1.435996, 2.360632; 1, 36, 1, 0; 0.075077200929; 1, 0, 1; 1, 0, 0; 2, 1, 2 ;
1,156; 2.93006, 1.82986, 0.804035 / 2.93015, 1.83015, 0.80417 / 2.92996, 1.82958, 0.803901; 1, 20, 1, 0; 0.754301225258; 0, 1, 0; 2, 0, 0; 2, 1, 1 / 3, 2, 3 ;
0,156; 1.577900, 1.602683, 2.043061 / 1.578950, 1.603367, 2.043167 / 1.576850, 1.601998, 2.042956; 1, 28, 1, 0; 0.566844934214; 2, 2, 2; 4, 1, 0; 1, 10, 3 / 2, 1, 2 / 2, 9, 1 / 2, 10, 1 / 3, 3, 2 ;
0,156; 1.577766, 1.598106, 2.044889 / 1.577766, 1.598106, 2.044889 / 1.577766, 1.598106, 2.044889; 1, 28, 1, 0; 0.566829215288; 1, 0, 1; 1, 0, 0; 3, 1, 2 ;
0,156; 1.576940, 1.602284, 2.042340 / 1.577719, 1.602570, 2.043167 / 1.576162, 1.601998, 2.041512; 1, 28, 1, 0; 0.566845007882; 1, 0, 1; 3, 1, 0; 1, 2, 3 / 1, 5, 0 / 2, 1, 1 / 2, 2, 1 / 3, 8, 2 / 4, 7, 0 ;
0,156; 1.601293, 1.595360, 2.006690 / 1.601293, 1.595360, 2.006690 / 1.601293, 1.595360, 2.006690; 1, 28, 1, 0; 0.567751263408; 1, 0, 1; 1, 0, 0; 3, 1, 2 ;
0,156; 0.684691, 1.420333, 2.702658 / 0.684691, 1.420333, 2.702658 / 0.684691, 1.420333, 2.702658; 1, 38, 1, 0; 0.788261341440; 1, 0, 1; 1, 0, 0; 2, 1, 2 ;
0,156; -0.805020, 1.152108, 4.065197 / -0.805020, 1.152108, 4.065197 / -0.805020, 1.152108, 4.065197; 1, 46, 1, 0; 0.548130756775; 1, 0, 1; 1, 0, 0; 3, 1, 2 ;
0,156; -0.835535, 1.146460, 4.093244 / -0.835535, 1.146460, 4.093244 / -0.835535, 1.146460, 4.093244; 1, 46, 1, 0; 0.548158116271; 1, 0, 1; 1, 0, 0; 3, 1, 2 ;
1,158; -3.79252, -1.48327, 0.413087 / -3.79252, -1.48327, 0.413087 / -3.79252, -1.48327, 0.413087; 1, 21, 1, 0; 0.176724364235; 0, 1, 0; 1, 0, 0; 2, 1, 1 / 3, 1, 0 ;
1,161; 0.591839, -3.57415, -0.707072 / 0.592369, -3.57295, -0.707018 / 0.591309, -3.57535, -0.707126; 1, 9, 1, 0; 0.678371829975; 2, 1, 1; 0, 2, 1; 1, 9, 1 / 4, 1, 2 ;
0,161; 0.599570, -3.572261, -0.718472 / 0.599570, -3.572261, -0.718472 / 0.599570, -3.572261, -0.718472; 1, 9, 1, 0; 0.678363076314; 0, 1, 0; 0, 1, 0; 3, 1, 0 / 4, 1, 1 ;
0,161; 0.596787, -3.573192, -0.711142 / 0.596787, -3.573192, -0.711142 / 0.596787, -3.573192, -0.711142; 1, 9, 1, 0; 0.678372646406; 1, 0, 1; 0, 1, 0; 1, 1, 2 ;
0,161; 0.600278, -3.566945, -0.726270 / 0.600278, -3.566945, -0.726270 / 0.600278, -3.566945, -0.726270; 1, 9, 1, 0; 0.678363411538; 1, 0, 1; 1, 0, 0; 3, 1, 2 ;
0,161; 0.606303, -3.568469, -0.726561 / 0.606303, -3.568469, -0.726561 / 0.606303, -3.568469, -0.726561; 1, 9, 1, 0; 0.678364233376; 1, 0, 1; 1, 0, 0; 2, 1, 2 ;
0,161; 0.597414, -3.573645, -0.708505 / 0.597414, -3.573645, -0.708505 / 0.597414, -3.573645, -0.708505; 1, 9, 1, 0; 0.678372705881; 1, 0, 1; 1, 0, 0; 2, 1, 2 / 4, 9, 0 ;
0,161; 0.598036, -3.571953, -0.706033 / 0.598036, -3.571953, -0.706033 / 0.598036, -3.571953, -0.706033; 1, 9, 1, 0; 0.678372770763; 1, 0, 1; 1, 0, 0; 2, 1, 2 ;
0,161; 0.574538, -3.470563, -0.436490 / 0.574538, -3.470563, -0.436490 / 0.574538, -3.470563, -0.436490; 1, 9, 1, 0; 0.870464192717; 1, 0, 1; 1, 0, 0; 2, 1, 2 ;
0,161; 0.554710, -3.616093, -0.166508 / 0.554880, -3.615438, -0.166494 / 0.554540, -3.616749, -0.166522; 1, 15, 1, 0; 0.300344887167; 1, 0, 2; 1, 1, 0; 2, 1, 2 / 4, 2, 2 ;
0,161; 0.115738, -3.791176, -0.025646 / 0.115738, -3.791176, -0.025646 / 0.115738, -3.791176, -0.025646; 1, 15, 1, 0; 0.278071811645; 1, 0, 1; 1, 0, 0; 2, 1, 2 ;
0,161; 0.557351, -3.614352, -0.168559 / 0.557351, -3.614352, -0.168559 / 0.557351, -3.614352, -0.168559; 1, 15, 1, 0; 0.300345637242; 1, 0, 1; 1, 0, 0; 2, 1, 2 ;
0,161; 0.555393, -3.611961, -0.164420 / 0.555393, -3.611961, -0.164420 / 0.555393, -3.611961, -0.164420; 1, 15, 1, 0; 0.300345777881; 1, 0, 1; 1, 0, 0; 2, 1, 2 ;
0,161; 0.553580, -3.623253, -0.162871 / 0.553580, -3.623253, -0.162871 / 0.553580, -3.623253, -0.162871; 1, 15, 1, 0; 0.300355495371; 1, 0, 1; 1, 0, 0; 2, 1, 2 ;
0,161; -0.759528, -3.996567, 1.040257 / -0.759528, -3.996567, 1.040257 / -0.759528, -3.996567, 1.040257; 1, 18, 1, 0; 0.903072522172; 0, 1, 0; 1, 0, 0; 2, 1, 1 / 2, 4, 0 / 3, 9, 0 ;
1,164; 0.105295, -3.48525, -0.978327 / 0.105295, -3.48525, -0.978327 / 0.105295, -3.48525, -0.978327; 1, 8, 1, 0; 0.929808689267; 1, 0, 1; 1, 0, 0; 3, 1, 2 ;
0,164; 0.106015, -3.485436, -0.974040 / 0.106015, -3.485436, -0.974040 / 0.106015, -3.485436, -0.974040; 1, 8, 1, 0; 0.929809359151; 1, 0, 1; 1, 0, 0; 2, 1, 2 ;
0,164; 0.136536, -3.534752, -0.960905 / 0.136536, -3.534752, -0.960905 / 0.136536, -3.534752, -0.960905; 1, 8, 1, 0; 0.930293843918; 1, 0, 1; 1, 0, 0; 3, 1, 2 ;
1,165; -0.24343, 0.324768, 4.3374 / -0.24343, 0.324768, 4.3374 / -0.24343, 0.324768, 4.3374; 1, 46, 1, 0; 0.960339058034; 1, 0, 1; 0, 1, 0; 1, 1, 2 ;
1,166; 3.24604, -0.836024, 0.101879 / 3.24604, -0.836024, 0.101879 / 3.24604, -0.836024, 0.101879; 1, 19, 1, 0; 0.219952968128; 1, 0, 1; 1, 0, 0; 2, 1, 0 / 3, 1, 2 ;
0,166; 2.954187, -1.152662, 2.269400 / 2.954187, -1.152662, 2.269400 / 2.954187, -1.152662, 2.269400; 1, 33, 1, 0; 0.321146072657; 1, 0, 1; 1, 0, 0; 3, 1, 2 ;
0,166; 2.952812, -1.157830, 2.260666 / 2.952812, -1.157830, 2.260666 / 2.952812, -1.157830, 2.260666; 1, 33, 1, 0; 0.321148317780; 1, 0, 1; 1, 0, 0; 2, 1, 2 ;
1,167; -2.34633, 2.75215, -1.98711 / -2.34633, 2.75215, -1.98711 / -2.34633, 2.75215, -1.98711; 1, 6, 1, 0; 0.507066342809; 0, 1, 0; 1, 0, 0; 2, 1, 1 ;
0,167; -2.032005, 2.657073, -1.891675 / -2.032005, 2.657073, -1.891675 / -2.032005, 2.657073, -1.891675; 1, 6, 1, 0; 0.509075574323; 1, 0, 1; 1, 0, 0; 3, 1, 2 ;
1,168; -1.62293, 0.142347, 2.60701 / -1.62293, 0.142347, 2.60701 / -1.62293, 0.142347, 2.60701; 1, 36, 1, 0; 0.436054456734; 0, 1, 0; 0, 1, 0; 4, 1, 1 ;
1,169; -2.69435, 0.494927, -2.82288 / -2.69328, 0.495053, -2.82259 / -2.69542, 0.494801, -2.82317; 1, 2, 1, 0; 0.588305701376; 2, 2, 1; 1, 2, 1; 1, 9, 1 / 3, 3, 2 / 4, 1, 1 ;
0,169; -2.694789, 0.494475, -2.823939 / -2.694161, 0.495053, -2.823171 / -2.695416, 0.493897, -2.824708; 1, 2, 1, 0; 0.588305733018; 2, 1, 1; 1, 2, 0; 1, 1, 1 / 1, 4, 1 / 3, 5, 2 ;
0,169; -2.690231, 0.484687, -2.823040 / -2.690231, 0.484687, -2.823040 / -2.690231, 0.484687, -2.823040; 1, 2, 1, 0; 0.588298067582; 1, 0, 1; 1, 0, 0; 3, 1, 2 ;
0,169; 0.494419, -4.216869, 0.746826 / 0.494948, -4.215782, 0.747780 / 0.493891, -4.217956, 0.745872; 1, 18, 1, 0; 0.798263232705; 2, 6, 2; 5, 3, 1; 1, 3, 2 / 1, 6, 2 / 1, 8, 0 / 2, 1, 1 / 2, 7, 1 / 2, 8, 0 / 2, 9, 1 / 3, 5, 0 / 3, 8, 1 / 3, 10, 1 / 4, 4, 1 / 4, 5, 0 ;
0,169; 0.496028, -4.216089, 0.746160 / 0.496608, -4.215113, 0.746569 / 0.495448, -4.217066, 0.745752; 1, 18, 1, 0; 0.798263330348; 2, 3, 2; 3, 2, 0; 1, 8, 0 / 2, 1, 1 / 3, 2, 1 / 3, 3, 2 / 4, 2, 0 / 4, 4, 2 / 4, 10, 1 ;
0,169; 0.490385, -4.216359, 0.750522 / 0.490638, -4.216178, 0.751095 / 0.490132, -4.216540, 0.749949; 1, 18, 1, 0; 0.798262284174; 0, 3, 0; 1, 2, 0; 3, 1, 1 / 4, 2, 1 / 4, 3, 1 ;
0,169; 0.513384, -4.263136, 0.759107 / 0.513514, -4.262916, 0.759445 / 0.513253, -4.263357, 0.758769; 1, 18, 1, 0; 0.796657488234; 2, 1, 1; 2, 0, 0; 2, 9, 0 / 3, 1, 1 / 3, 9, 2 ;
0,169; 0.494674, -4.216930, 0.746323 / 0.495192, -4.215905, 0.746773 / 0.494156, -4.217956, 0.745872; 1, 18, 1, 0; 0.798263253629; 2, 1, 1; 6, 2, 1; 1, 3, 2 / 1, 5, 0 / 2, 4, 1 / 2, 5, 0 / 2, 6, 1 / 2, 8, 0 / 3, 2, 0 / 3, 5, 1 / 3, 7, 1 / 3, 8, 1 / 3, 10, 2 / 4, 1, 1 / 4, 2, 0 / 4, 9, 0 ;
0,169; 0.513574, -4.263246, 0.758351 / 0.513635, -4.262916, 0.758769 / 0.513514, -4.263577, 0.757933; 1, 18, 1, 0; 0.796657544030; 1, 0, 1; 2, 0, 0; 2, 1, 0 / 3, 1, 2 / 3, 5, 0 / 3, 6, 2 ;
0,169; 0.493957, -4.207797, 0.752259 / 0.493957, -4.207797, 0.752259 / 0.493957, -4.207797, 0.752259; 1, 18, 1, 0; 0.798261963348; 1, 0, 1; 1, 0, 0; 1, 10, 0 / 2, 1, 2 ;
0,169; 0.489617, -4.212318, 0.751596 / 0.489617, -4.212318, 0.751596 / 0.489617, -4.212318, 0.751596; 1, 18, 1, 0; 0.798262172582; 1, 0, 1; 1, 0, 0; 2, 1, 2 ;
0,169; 0.493560, -4.216201, 0.746948 / 0.494408, -4.215782, 0.747780 / 0.492713, -4.216619, 0.746116; 1, 18, 1, 0; 0.798263190858; 1, 0, 1; 2, 2, 1; 1, 9, 2 / 2, 1, 2 / 2, 7, 1 / 4, 5, 0 / 4, 10, 1 ;
0,169; 0.496924, -4.214620, 0.744388 / 0.496924, -4.214620, 0.744388 / 0.496924, -4.214620, 0.744388; 1, 18, 1, 0; 0.798263490762; 1, 0, 1; 1, 0, 0; 2, 1, 2 ;
0,169; 0.486502, -4.212896, 0.748986 / 0.486502, -4.212896, 0.748986 / 0.486502, -4.212896, 0.748986; 1, 18, 1, 0; 0.798275096318; 1, 0, 1; 1, 0, 0; 2, 1, 2 ;
0,169; 2.553996, 2.337362, 0.340255 / 2.553996, 2.337362, 0.340255 / 2.553996, 2.337362, 0.340255; 1, 20, 1, 0; 0.475650419556; 1, 0, 1; 1, 0, 0; 3, 1, 2 ;
1,170; -2.96983, -2.89374, -0.561017 / -2.96983, -2.89374, -0.561017 / -2.96983, -2.89374, -0.561017; 1, 9, 1, 0; 0.920759919373; 0, 1, 0; 0, 1, 0; 1, 1, 1 ;
0,170; -3.211002, -0.300910, 0.665138 / -3.210858, -0.300135, 0.665382 / -3.211146, -0.301685, 0.664894; 1, 21, 1, 0; 0.426591012276; 2, 1, 1; 2, 0, 0; 2, 1, 2 / 3, 1, 1 / 3, 2, 0 ;
0,170; -3.215303, -0.127462, 0.679116 / -3.215303, -0.127462, 0.679116 / -3.215303, -0.127462, 0.679116; 1, 21, 1, 0; 0.425940084749; 1, 0, 1; 1, 0, 0; 3, 1, 2 ;
0,170; -3.211926, -0.302150, 0.664314 / -3.211926, -0.302150, 0.664314 / -3.211926, -0.302150, 0.664314; 1, 21, 1, 0; 0.426591085034; 1, 0, 1; 1, 0, 0; 2, 1, 2 / 4, 1, 0 ;
1,171; 1.60808, 3.88918, -1.23425 / 1.60808, 3.88918, -1.23425 / 1.60808, 3.88918, -1.23425; 1, 13, 1, 0; 0.122892946699; 1, 0, 1; 0, 1, 0; 1, 1, 2 ;
0,171; 1.432561, 0.681866, 2.542555 / 1.432561, 0.681866, 2.542555 / 1.432561, 0.681866, 2.542555; 1, 35, 1, 0; 0.105387782338; 0, 1, 0; 0, 1, 0; 1, 1, 1 ;
0,171; 1.528598, 1.202050, 2.954571 / 1.528598, 1.202050, 2.954571 / 1.528598, 1.202050, 2.954571; 1, 39, 1, 0; 0.466467609618; 1, 0, 1; 0, 1, 0; 1, 1, 2 ;
0,171; 1.524315, 1.201670, 2.955979 / 1.524315, 1.201670, 2.955979 / 1.524315, 1.201670, 2.955979; 1, 39, 1, 0; 0.466469605532; 1, 0, 1; 0, 1, 0; 4, 1, 2 ;
0,171; 1.529366, 1.203938, 2.950062 / 1.529366, 1.203938, 2.950062 / 1.529366, 1.203938, 2.950062; 1, 39, 1, 0; 0.466438912463; 1, 0, 1; 1, 0, 0; 3, 1, 2 ;
0,171; 1.525348, 1.202023, 2.958416 / 1.525348, 1.202023, 2.958416 / 1.525348, 1.202023, 2.958416; 1, 39, 1, 0; 0.466469306931; 1, 0, 1; 1, 0, 0; 2, 1, 2 ;
0,171; 1.513476, 1.209979, 2.986075 / 1.513476, 1.209979, 2.986075 / 1.513476, 1.209979, 2.986075; 1, 39, 1, 0; 0.466528461418; 1, 0, 1; 1, 0, 0; 2, 5, 0 / 3, 1, 2 ;
0,171; 1.600815, 1.130122, 2.938555 / 1.600815, 1.130122, 2.938555 / 1.600815, 1.130122, 2.938555; 1, 39, 1, 0; 0.469438896747; 1, 0, 1; 1, 0, 0; 3, 1, 2 ;
0,171; 1.595444, 1.141345, 2.933697 / 1.595444, 1.141345, 2.933697 / 1.595444, 1.141345, 2.933697; 1, 39, 1, 0; 0.469442841427; 1, 0, 1; 1, 0, 0; 3, 1, 2 ;
1,172; -1.20372, -1.06665, -3.33241 / -1.20372, -1.06665, -3.33241 / -1.20372, -1.06665, -3.33241; 1, 5, 1, 0; 0.077091063428; 1, 0, 1; 1, 0, 0; 2, 1, 2 ;
1,174; 3.5647, -1.46046, 1.6564 / 3.5647, -1.46046, 1.6564 / 3.5647, -1.46046, 1.6564; 1, 27, 1, 0; 0.948049232379; 0, 1, 0; 0, 1, 0; 2, 6, 0 / 4, 1, 1 ;
0,174; 3.350100, -1.462254, 1.977677 / 3.350199, -1.462154, 1.978818 / 3.350000, -1.462355, 1.976536; 1, 33, 1, 0; 0.210135979584; 2, 1, 1; 1, 1, 0; 1, 10, 1 / 2, 1, 2 ;
0,174; 3.354834, -1.455802, 2.002386 / 3.355052, -1.455425, 2.002459 / 3.354615, -1.456179, 2.002312; 1, 33, 1, 0; 0.210177177582; 2, 1, 1; 1, 1, 0; 3, 1, 2 / 4, 1, 1 ;
0,174; 3.347322, -1.467682, 1.997489 / 3.347322, -1.467682, 1.997489 / 3.347322, -1.467682, 1.997489; 1, 33, 1, 0; 0.210159054454; 0, 1, 0; 0, 1, 0; 4, 1, 1 ;
0,174; 3.347755, -1.465549, 1.987565 / 3.347755, -1.465549, 1.987565 / 3.347755, -1.465549, 1.987565; 1, 33, 1, 0; 0.210159703045; 1, 0, 1; 0, 1, 0; 1, 1, 2 / 3, 1, 0 ;
0,174; 3.356864, -1.459083, 1.998059 / 3.356864, -1.459083, 1.998059 / 3.356864, -1.459083, 1.998059; 1, 33, 1, 0; 0.210178387453; 1, 0, 1; 1, 0, 0; 3, 1, 2 ;
0,174; 3.352871, -1.457378, 2.002402 / 3.352871, -1.457378, 2.002402 / 3.352871, -1.457378, 2.002402; 1, 33, 1, 0; 0.210178686803; 1, 0, 1; 1, 0, 0; 2, 1, 2 ;
0,174; 3.349465, -1.462129, 2.002895 / 3.349465, -1.462129, 2.002895 / 3.349465, -1.462129, 2.002895; 1, 33, 1, 0; 0.210180794723; 0, 1, 0; 1, 0, 0; 3, 1, 1 ;
1,176; -2.87206, 3.18079, -1.15974 / -2.87206, 3.18079, -1.15974 / -2.87206, 3.18079, -1.15974; 1, 7, 1, 0; 0.736835508156; 1, 0, 1; 1, 0, 0; 2, 1, 2 / 2, 2, 0 ;
0,176; -0.560197, 0.827064, -1.097407 / -0.560197, 0.827064, -1.097407 / -0.560197, 0.827064, -1.097407; 1, 11, 1, 0; 0.823813723605; 1, 0, 1; 1, 0, 0; 1, 7, 0 / 2, 1, 2 ;
0,176; 1.877195, -3.057515, -0.162221 / 1.877195, -3.057515, -0.162221 / 1.877195, -3.057515, -0.162221; 1, 15, 1, 0; 0.389705769684; 0, 1, 0; 0, 1, 0; 4, 1, 1 ;
0,176; 1.993308, -3.276382, -0.112503 / 1.993355, -3.276273, -0.112050 / 1.993260, -3.276491, -0.112955; 1, 15, 1, 0; 0.337599840341; 1, 0, 1; 2, 0, 0; 2, 5, 2 / 3, 1, 3 ;
1,177; -0.472303, 0.171189, -3.69363 / -0.472303, 0.171189, -3.69363 / -0.472303, 0.171189, -3.69363; 1, 1, 1, 0; 0.726572941091; 0, 1, 0; 0, 1, 0; 1, 1, 0 / 4, 1, 1 ;
0,177; -2.071920, 1.029915, -3.223512 / -2.071903, 1.029994, -3.222438 / -2.071937, 1.029836, -3.224587; 1, 2, 1, 0; 0.306482557772; 2, 1, 1; 1, 1, 0; 3, 10, 1 / 4, 1, 2 ;
0,177; -2.912460, 1.384598, -2.963040 / -2.912460, 1.384598, -2.963040 / -2.912460, 1.384598, -2.963040; 1, 2, 1, 0; 0.689286620057; 1, 0, 1; 1, 0, 0; 2, 1, 2 ;
1,179; -1.2205, -3.52593, 0.415693 / -1.2205, -3.52593, 0.415693 / -1.2205, -3.52593, 0.415693; 1, 18, 1, 0; 0.189621047904; 1, 0, 1; 1, 0, 0; 2, 1, 2 ;
0,179; -0.797347, -3.255028, 0.824843 / -0.797347, -3.255028, 0.824843 / -0.797347, -3.255028, 0.824843; 1, 18, 1, 0; 0.685910715332; 1, 0, 1; 1, 0, 0; 3, 1, 2 ;
0,179; -0.053369, -2.699038, 1.730022 / -0.053279, -2.698498, 1.730137 / -0.053459, -2.699578, 1.729907; 1, 22, 1, 0; 0.888076691928; 2, 1, 1; 1, 1, 0; 1, 4, 1 / 2, 2, 0 / 2, 3, 0 / 3, 1, 2 ;
0,179; -0.055601, -2.704081, 1.729709 / -0.055184, -2.703997, 1.730355 / -0.056017, -2.704165, 1.729062; 1, 22, 1, 0; 0.888077412239; 0, 2, 0; 2, 0, 0; 2, 1, 1 / 2, 4, 1 / 4, 5, 0 ;
0,179; -0.053960, -2.700935, 1.726719 / -0.053960, -2.700935, 1.726719 / -0.053960, -2.700935, 1.726719; 1, 22, 1, 0; 0.888063937346; 0, 1, 0; 1, 0, 0; 3, 1, 1 ;
0,179; -0.056183, -2.698174, 1.733398 / -0.056183, -2.698174, 1.733398 / -0.056183, -2.698174, 1.733398; 1, 22, 1, 0; 0.888077674170; 1, 0, 1; 1, 0, 0; 3, 1, 2 ;
0,179; 1.116176, -1.844997, 2.886600 / 1.116429, -1.844735, 2.886927 / 1.115922, -1.845259, 2.886273; 1, 35, 1, 0; 0.476679252234; 2, 1, 1; 1, 1, 0; 1, 5, 0 / 2, 3, 2 / 4, 1, 1 / 4, 2, 0 / 4, 9, 0 ;
0,179; 1.117032, -1.845598, 2.886276 / 1.117634, -1.844735, 2.886927 / 1.116429, -1.846461, 2.885626; 1, 35, 1, 0; 0.476679277998; 0, 1, 0; 1, 1, 0; 1, 3, 0 / 2, 1, 2 / 4, 7, 0 / 4, 10, 1 ;
0,179; 1.119663, -1.847440, 2.883860 / 1.119663, -1.847440, 2.883860 / 1.119663, -1.847440, 2.883860; 1, 35, 1, 0; 0.476679574281; 1, 0, 1; 1, 0, 0; 2, 1, 2 ;
0,179; 1.901124, -1.329032, 3.578040 / 1.901124, -1.329032, 3.578040 / 1.901124, -1.329032, 3.578040; 1, 43, 1, 0; 0.398531452185; 1, 0, 1; 0, 1, 0; 1, 1, 2 ;
1,180; 1.37672, 1.94802, -3.61034 / 1.37672, 1.94802, -3.61034 / 1.37672, 1.94802, -3.61034; 1, 2, 1, 0; 0.106894129969; 1, 0, 1; 1, 0, 0; 2, 1, 2 ;
1,181; 0.75137, -2.47783, -0.372275 / 0.75137, -2.47783, -0.372275 / 0.75137, -2.47783, -0.372275; 1, 9, 1, 0; 0.960830721834; 1, 0, 1; 1, 0, 0; 2, 1, 2 ;
0,181; 2.082063, -0.842404, -0.509754 / 2.082063, -0.842404, -0.509754 / 2.082063, -0.842404, -0.509754; 1, 12, 1, 0; 0.758930751432; 1, 0, 1; 1, 0, 0; 3, 1, 2 ;
0,181; -0.540607, -3.920064, -0.118310 / -0.540607, -3.920064, -0.118310 / -0.540607, -3.920064, -0.118310; 1, 15, 1, 0; 0.283144923867; 1, 0, 1; 1, 0, 0; 3, 1, 2 ;
0,181; -1.141154, -4.454626, -0.068727 / -1.141154, -4.454626, -0.068727 / -1.141154, -4.454626, -0.068727; 1, 18, 1, 0; 0.001857970032; 1, 0, 1; 1, 0, 0; 3, 1, 2 ;
1,182; -1.77227, 1.87106, -0.900511 / -1.77227, 1.87106, -0.900511 / -1.77227, 1.87106, -0.900511; 1, 7, 1, 0; 0.902821066271; 0, 1, 0; 0, 1, 0; 1, 1, 1 ;
0,182; -0.523914, 2.863147, -1.058267 / -0.523914, 2.863147, -1.058267 / -0.523914, 2.863147, -1.058267; 1, 7, 1, 0; 0.715100482623; 1, 0, 1; 1, 0, 0; 2, 1, 2 ;
0,182; -0.132830, 3.233333, -1.118238 / -0.132830, 3.233333, -1.118238 / -0.132830, 3.233333, -1.118238; 1, 7, 1, 0; 0.756647147981; 1, 0, 1; 1, 0, 0; 3, 1, 2 ;
0,182; -1.773470, 1.870586, -0.897739 / -1.773470, 1.870586, -0.897739 / -1.773470, 1.870586, -0.897739; 1, 7, 1, 0; 0.902821122521; 1, 0, 1; 1, 0, 0; 3, 1, 2 ;
0,182; -3.682300, 0.461204, -0.738788 / -3.682300, 0.461204, -0.738788 / -3.682300, 0.461204, -0.738788; 1, 10, 1, 0; 0.309958967555; 1, 0, 1; 0, 1, 0; 4, 1, 2 ;
1,187; 1.07125, 1.11415, -3.73476 / 1.07125, 1.11415, -3.73476 / 1.07125, 1.11415, -3.73476; 1, 1, 1, 0; 0.561855719728; 0, 1, 0; 0, 1, 0; 1, 1, 1 ;
0,187; 1.181351, 0.902488, -3.591653 / 1.181351, 0.902488, -3.591653 / 1.181351, 0.902488, -3.591653; 1, 1, 1, 0; 0.664313433261; 1, 0, 1; 1, 0, 0; 3, 1, 2 ;
0,187; 1.719612, -1.680592, -1.409462 / 1.719612, -1.680592, -1.409462 / 1.719612, -1.680592, -1.409462; 1, 8, 1, 0; 0.670351469296; 0, 1, 0; 1, 0, 0; 3, 1, 1 / 4, 1, 0 ;
0,187; 2.043274, -3.416233, -0.163507 / 2.043274, -3.416233, -0.163507 / 2.043274, -3.416233, -0.163507; 1, 15, 1, 0; 0.315211353725; 0, 0, 0; 0, 1, 0; 4, 1, 3 ;
1,188; 2.01534, 2.83411, 0.991328 / 2.01534, 2.83411, 0.991328 / 2.01534, 2.83411, 0.991328; 1, 26, 1, 0; 0.426528172817; 1, 0, 1; 1, 0, 0; 3, 1, 2 / 4, 10, 0 ;
1,189; -0.140325, 0.755515, 1.06842 / -0.140325, 0.755515, 1.06842 / -0.140325, 0.755515, 1.06842; 1, 23, 1, 0; 0.588776853055; 1, 0, 1; 0, 1, 0; 1, 1, 2 ;
0,189; -0.138367, 0.754932, 1.070198 / -0.138367, 0.754932, 1.070198 / -0.138367, 0.754932, 1.070198; 1, 23, 1, 0; 0.588764024186; 0, 1, 0; 1, 0, 0; 3, 1, 1 ;
1,190; 0.784069, -2.59415, 3.23566 / 0.78407, -2.59387, 3.23573 / 0.784067, -2.59444, 3.23559; 1, 40, 1, 0; 0.840219299073; 2, 1, 1; 2, 0, 0; 2, 1, 2 / 2, 2, 1 ;
1,191; 1.49733, 1.64725, -3.89774 / 1.49738, 1.64763, -3.89731 / 1.49728, 1.64688, -3.89817; 1, 2, 1, 0; 0.064956989707; 0, 3, 0; 2, 1, 0; 1, 3, 1 / 1, 10, 0 / 2, 1, 1 / 2, 2, 1 ;
0,191; 1.498926, 1.643993, -3.897868 / 1.498926, 1.643993, -3.897868 / 1.498926, 1.643993, -3.897868; 1, 2, 1, 0; 0.064957468302; 1, 0, 1; 0, 1, 0; 1, 1, 2 ;
0,191; 0.911966, -2.810889, -2.276178 / 0.912277, -2.810370, -2.275494 / 0.911656, -2.811409, -2.276861; 1, 3, 1, 0; 0.967484471524; 2, 1, 1; 1, 1, 0; 2, 4, 0 / 3, 7, 2 / 4, 1, 1 ;
1,193; -3.58697, -0.0821869, -0.0133451 / -3.58697, -0.0821869, -0.0133451 / -3.58697, -0.0821869, -0.0133451; 1, 10, 1, 0; 0.745138658197; 1, 0, 1; 1, 0, 0; 3, 1, 2 ;
1,194; 2.57089, -3.31781, -0.125515 / 2.57089, -3.31781, -0.125515 / 2.57089, -3.31781, -0.125515; 1, 15, 1, 0; 0.331435871266; 1, 0, 1; 1, 0, 0; 2, 1, 2 ;
0,194; 0.823064, 0.752353, 0.123616 / 0.823064, 0.752353, 0.123616 / 0.823064, 0.752353, 0.123616; 1, 16, 1, 0; 0.590356560210; 1, 0, 1; 0, 1, 0; 4, 1, 2 ;
0,194; 0.822577, 0.754362, 0.123598 / 0.822577, 0.754362, 0.123598 / 0.822577, 0.754362, 0.123598; 1, 16, 1, 0; 0.590357397347; 0, 1, 0; 1, 0, 0; 3, 1, 1 ;
0,194; 0.569162, 1.325183, 0.187096 / 0.569162, 1.325183, 0.187096 / 0.569162, 1.325183, 0.187096; 1, 17, 1, 0; 0.670818017347; 1, 0, 1; 1, 0, 0; 2, 1, 2 ;
0,194; 0.565279, 1.322084, 0.183437 / 0.565279, 1.322084, 0.183437 / 0.565279, 1.322084, 0.183437; 1, 17, 1, 0; 0.670819077470; 1, 0, 1; 1, 0, 0; 3, 1, 2 ;
1,195; -1.71383, 2.73595, 1.64211 / -1.71383, 2.73595, 1.64211 / -1.71383, 2.73595, 1.64211; 1, 29, 1, 0; 0.394896431202; 1, 0, 1; 0, 1, 0; 2, 9, 0 / 4, 1, 2 ;
0,195; -1.707087, 2.742139, 1.639121 / -1.707087, 2.742139, 1.639121 / -1.707087, 2.742139, 1.639121; 1, 29, 1, 0; 0.394878156647; 1, 0, 1; 1, 0, 0; 2, 1, 2 ;
0,195; -1.716905, 2.736109, 1.641713 / -1.716905, 2.736109, 1.641713 / -1.716905, 2.736109, 1.641713; 1, 29, 1, 0; 0.394896548096; 1, 0, 1; 1, 0, 0; 2, 1, 2 ;
0,195; -1.040859, 1.961944, 2.249393 / -1.040859, 1.961944, 2.249393 / -1.040859, 1.961944, 2.249393; 1, 31, 1, 0; 0.521917826629; 1, 0, 1; 1, 0, 0; 2, 1, 2 ;
1,196; -0.77946, -2.85778, -0.528121 / -0.77946, -2.85778, -0.528121 / -0.77946, -2.85778, -0.528121; 1, 9, 1, 0; 0.937071081453; 1, 0, 1; 0, 1, 0; 4, 1, 2 ;
1,197; 0.809146, 1.4212, -1.18669 / 0.809708, 1.42155, -1.18661 / 0.808583, 1.42085, -1.18678; 1, 7, 1, 0; 0.546638613350; 2, 1, 1; 2, 0, 0; 3, 1, 1 / 3, 3, 2 ;
0,197; 0.811603, 1.422581, -1.188506 / 0.812271, 1.422583, -1.188291 / 0.810936, 1.422580, -1.188722; 1, 7, 1, 0; 0.546638679827; 2, 1, 1; 2, 0, 0; 2, 1, 1 / 2, 3, 2 ;
0,197; 0.811279, 1.425305, -1.194070 / 0.811279, 1.425305, -1.194070 / 0.811279, 1.425305, -1.194070; 1, 7, 1, 0; 0.546638199147; 1, 0, 1; 1, 0, 0; 3, 1, 2 ;
0,197; 0.804236, 1.429713, -1.185060 / 0.804236, 1.429713, -1.185060 / 0.804236, 1.429713, -1.185060; 1, 7, 1, 0; 0.546646672414; 1, 0, 1; 1, 0, 0; 3, 1, 2 ;
0,197; 1.035819, -0.747678, -0.365506 / 1.035819, -0.747678, -0.365506 / 1.035819, -0.747678, -0.365506; 1, 12, 1, 0; 0.766089549489; 1, 0, 1; 0, 1, 0; 4, 1, 2 ;
0,197; 1.030344, -0.743516, -0.363641 / 1.030344, -0.743516, -0.363641 / 1.030344, -0.743516, -0.363641; 1, 12, 1, 0; 0.766089887075; 1, 0, 1; 0, 1, 0; 4, 1, 2 ;
0,197; 0.908983, -2.329154, 0.235015 / 0.909371, -2.329135, 0.235835 / 0.908595, -2.329173, 0.234194; 1, 15, 1, 0; 0.718110252990; 2, 1, 1; 0, 2, 0; 4, 1, 1 / 4, 3, 2 ;
0,197; 0.904409, -2.332802, 0.238406 / 0.904409, -2.332802, 0.238406 / 0.904409, -2.332802, 0.238406; 1, 15, 1, 0; 0.718121691633; 1, 0, 1; 1, 0, 0; 3, 1, 2 ;
0,197; 0.725528, -3.142258, 0.525267 / 0.725615, -3.142245, 0.525425 / 0.725441, -3.142270, 0.525109; 1, 18, 1, 0; 0.223684910545; 2, 1, 1; 1, 1, 0; 3, 1, 1 / 4, 1, 2 ;
0,197; 0.701350, -3.231878, 0.554669 / 0.701350, -3.231878, 0.554669 / 0.701350, -3.231878, 0.554669; 1, 18, 1, 0; 0.223736877492; 1, 0, 1; 1, 0, 0; 3, 1, 2 ;
1,198; -1.89887, 1.64913, 2.28796 / -1.89887, 1.64913, 2.28796 / -1.89887, 1.64913, 2.28796; 1, 37, 1, 0; 0.121522361420; 1, 0, 1; 1, 0, 0; 2, 3, 0 / 3, 1, 2 ;
0,198; -1.329737, 2.055682, 2.563467 / -1.329737, 2.055682, 2.563467 / -1.329737, 2.055682, 2.563467; 1, 37, 1, 0; 0.438090033493; 1, 0, 1; 1, 0, 0; 3, 1, 2 / 4, 1, 0 / 4, 2, 0 ;
0,198; -0.553615, 2.534463, 2.895492 / -0.553615, 2.534463, 2.895492 / -0.553615, 2.534463, 2.895492; 1, 40, 1, 0; 0.102201713028; 0, 1, 0; 1, 0, 0; 2, 1, 1 ;
