1,0; 1.36102, 2.58038, 2.25737 / 1.36102, 2.58038, 2.25737 / 1.36102, 2.58038, 2.25737; 1, 31, 1, 0; 0.335101940101; 1, 0, 1; 1, 0, 0; 3, 1, 2 ;
0,0; 1.123013, 2.252071, 2.267926 / 1.123013, 2.252071, 2.267926 / 1.123013, 2.252071, 2.267926; 1, 31, 1, 0; 0.419103402997; 1, 0, 1; 1, 0, 0; 2, 1, 2 ;
0,0; -0.130046, 0.472713, 2.214027 / -0.130046, 0.472713, 2.214027 / -0.130046, 0.472713, 2.214027; 1, 31, 1, 0; 0.850474824518; 0, 1, 0; 1, 0, 0; 3, 1, 1 ;
0,0; -2.191703, -2.496594, 2.098128 / -2.191703, -2.496594, 2.098128 / -2.191703, -2.496594, 2.098128; 1, 32, 1, 0; 0.420523998995; 1, 0, 1; 1, 0, 0; 3, 1, 2 ;
1,1; -3.58861, 1.88244, 0.933741 / -3.58833, 1.8829, 0.933923 / -3.58888, 1.88199, 0.933559; 1, 24, 1, 0; 0.351693041225; 2, 1, 1; 2, 0, 0; 2, 1, 2 / 3, 3, 1 ;
0,1; -3.633215, 1.940650, 0.820062 / -3.633215, 1.940650, 0.820062 / -3.633215, 1.940650, 0.820062; 1, 24, 1, 0; 0.158841817679; 1, 0, 1; 1, 0, 0; 2, 1, 2 ;
1,3; -0.206548, -0.556752, -2.1035 / -0.206548, -0.556752, -2.1035 / -0.206548, -0.556752, -2.1035; 1, 4, 1, 0; 0.556094621550; 1, 0, 1; 1, 0, 0; 3, 1, 2 ;
0,3; -0.207311, -0.560044, -2.102333 / -0.207311, -0.560044, -2.102333 / -0.207311, -0.560044, -2.102333; 1, 4, 1, 0; 0.556095125263; 1, 0, 1; 1, 0, 0; 2, 1, 2 ;
0,3; -1.444536, 3.190506, 0.457924 / -1.444483, 3.190671, 0.458022 / -1.444590, 3.190340, 0.457826; 1, 25, 1, 0; 0.155097029703; 1, 0, 1; 2, 0, 0; 2, 1, 2 / 2, 2, 3 ;
1,6; -2.39049, 0.415658, -3.56257 / -2.39049, 0.415658, -3.56257 / -2.39049, 0.415658, -3.56257; 1, 1, 1, 0; 0.689017969870; 1, 0, 1; 0, 1, 0; 4, 1, 2 ;
0,6; -1.216756, 0.671731, -2.922519 / -1.216756, 0.671731, -2.922519 / -1.216756, 0.671731, -2.922519; 1, 2, 1, 0; 0.624347271137; 1, 0, 1; 0, 1, 0; 4, 1, 2 ;
0,6; -1.787976, 0.534143, -3.240078 / -1.787976, 0.534143, -3.240078 / -1.787976, 0.534143, -3.240078; 1, 2, 1, 0; 0.354728806534; 1, 0, 1; 1, 0, 0; 3, 1, 2 ;
0,6; 1.188958, 1.058067, -1.738463 / 1.188958, 1.058067, -1.738463 / 1.188958, 1.058067, -1.738463; 1, 11, 1, 0; 0.108709792963; 1, 0, 1; 0, 1, 0; 4, 1, 2 ;
0,6; 1.188659, 1.061206, -1.734201 / 1.188659, 1.061206, -1.734201 / 1.188659, 1.061206, -1.734201; 1, 11, 1, 0; 0.108710033278; 1, 0, 1; 0, 1, 0; 4, 1, 2 ;
0,6; 1.170740, 1.053197, -1.741479 / 1.170740, 1.053197, -1.741479 / 1.170740, 1.053197, -1.741479; 1, 11, 1, 0; 0.108719680220; 1, 0, 1; 0, 1, 0; 1, 1, 2 ;
0,6; 2.336389, 1.258602, -1.172018 / 2.336389, 1.258602, -1.172018 / 2.336389, 1.258602, -1.172018; 1, 11, 1, 0; 0.879178081643; 1, 0, 1; 1, 0, 0; 1, 1, 0 / 2, 1, 2 ;
1,7; -2.33625, -1.59361, 1.024 / -2.33625, -1.59361, 1.024 / -2.33625, -1.59361, 1.024; 1, 21, 1, 0; 0.680756092805; 1, 0, 1; 0, 1, 0; 1, 1, 2 ;
0,7; -2.337854, -1.592914, 1.020106 / -2.337854, -1.592914, 1.020106 / -2.337854, -1.592914, 1.020106; 1, 21, 1, 0; 0.680755263357; 1, 0, 1; 1, 0, 0; 2, 1, 2 ;
0,7; -3.315232, -1.107511, 2.104109 / -3.315232, -1.107511, 2.104109 / -3.315232, -1.107511, 2.104109; 1, 30, 1, 0; 0.432274003374; 1, 0, 1; 1, 0, 0; 2, 1, 2 ;
0,7; -3.284543, -1.244574, 2.341265 / -3.284543, -1.244574, 2.341265 / -3.284543, -1.244574, 2.341265; 1, 36, 1, 0; 0.070494134894; 1, 0, 1; 1, 0, 0; 2, 1, 2 ;
0,7; -3.258903, -1.250286, 2.377559 / -3.258903, -1.250286, 2.377559 / -3.258903, -1.250286, 2.377559; 1, 36, 1, 0; 0.070547504399; 1, 0, 1; 1, 0, 0; 2, 1, 2 ;
1,9; -0.57636, -2.11049, 0.148707 / -0.576206, -2.11047, 0.148838 / -0.576514, -2.1105, 0.148576; 1, 15, 1, 0; 0.643026365137; 2, 1, 1; 2, 0, 0; 1, 7, 0 / 2, 1, 1 / 2, 2, 2 / 3, 1, 0 / 4, 6, 0 ;
0,9; -0.614916, -2.077862, 0.183886 / -0.614916, -2.077862, 0.183886 / -0.614916, -2.077862, 0.183886; 1, 15, 1, 0; 0.642393368801; 1, 0, 1; 1, 0, 0; 2, 1, 2 ;
0,9; -0.473576, -1.573374, 1.797214 / -0.473576, -1.573374, 1.797214 / -0.473576, -1.573374, 1.797214; 1, 22, 1, 0; 0.993590520428; 1, 0, 1; 0, 1, 0; 1, 1, 2 / 1, 2, 0 / 1, 3, 0 / 4, 8, 0 ;
0,9; -0.216103, -1.587291, 1.723360 / -0.216103, -1.587291, 1.723360 / -0.216103, -1.587291, 1.723360; 1, 22, 1, 0; 0.995654630939; 1, 0, 1; 1, 0, 0; 2, 1, 2 ;
0,9; -0.213171, -1.585707, 1.729482 / -0.213171, -1.585707, 1.729482 / -0.213171, -1.585707, 1.729482; 1, 22, 1, 0; 0.995655322146; 1, 0, 1; 1, 0, 0; 3, 1, 2 ;
0,9; -1.117186, -1.733646, 1.456650 / -1.117186, -1.733646, 1.456650 / -1.117186, -1.733646, 1.456650; 1, 23, 1, 0; 0.974421895392; 1, 0, 1; 0, 1, 0; 4, 1, 2 ;
0,9; -1.118329, -1.730519, 1.483829 / -1.118329, -1.730519, 1.483829 / -1.118329, -1.730519, 1.483829; 1, 23, 1, 0; 0.974462081676; 0, 1, 0; 0, 1, 0; 1, 1, 1 ;
0,9; -1.165760, -1.745178, 1.151758 / -1.165760, -1.745178, 1.151758 / -1.165760, -1.745178, 1.151758; 1, 23, 1, 0; 0.345976435082; 1, 0, 1; 1, 0, 0; 2, 1, 2 ;
0,9; -1.120901, -1.729474, 1.448031 / -1.120901, -1.729474, 1.448031 / -1.120901, -1.729474, 1.448031; 1, 23, 1, 0; 0.974423225574; 0, 1, 0; 1, 0, 0; 1, 4, 0 / 1, 6, 0 / 1, 7, 0 / 1, 8, 0 / 3, 1, 1 ;
0,9; -1.120247, -1.732825, 1.462898 / -1.120247, -1.732825, 1.462898 / -1.120247, -1.732825, 1.462898; 1, 23, 1, 0; 0.974435389352; 0, 1, 0; 1, 0, 0; 3, 1, 1 / 4, 9, 0 ;
1,12; -0.45949, -0.0805533, -1.8112 / -0.45949, -0.0805533, -1.8112 / -0.45949, -0.0805533, -1.8112; 1, 4, 1, 0; 0.915282716184; 1, 0, 1; 0, 1, 0; 1, 1, 2 ;
0,12; 0.184486, -1.532326, -0.790494 / 0.184486, -1.532326, -0.790494 / 0.184486, -1.532326, -0.790494; 1, 11, 1, 0; 0.954478018017; 1, 0, 1; 0, 1, 0; 1, 1, 2 ;
0,12; 0.724846, -3.920008, 0.445613 / 0.724846, -3.920008, 0.445613 / 0.724846, -3.920008, 0.445613; 1, 18, 1, 0; 0.140968136332; 1, 0, 1; 1, 0, 0; 3, 1, 2 ;
0,12; 0.803815, -4.466119, 0.666544 / 0.803815, -4.466119, 0.666544 / 0.803815, -4.466119, 0.666544; 1, 18, 1, 0; 0.834322602379; 1, 0, 1; 1, 0, 0; 2, 1, 2 ;
1,13; 2.52518, 0.709886, -1.32467 / 2.5254, 0.710976, -1.32392 / 2.52495, 0.708797, -1.32543; 1, 11, 1, 0; 0.316406107670; 2, 1, 2; 1, 2, 0; 1, 3, 1 / 1, 9, 2 / 3, 1, 2 ;
0,13; 2.524306, 0.708482, -1.327349 / 2.524306, 0.708482, -1.327349 / 2.524306, 0.708482, -1.327349; 1, 11, 1, 0; 0.316406782842; 1, 0, 1; 1, 0, 0; 2, 1, 2 / 3, 3, 0 ;
0,13; 0.109095, 1.173683, 0.121995 / 0.109095, 1.173683, 0.121995 / 0.109095, 1.173683, 0.121995; 1, 16, 1, 0; 0.555603187551; 1, 0, 1; 1, 0, 0; 2, 1, 2 ;
0,13; -2.638218, 0.445572, 1.113468 / -2.638218, 0.445572, 1.113468 / -2.638218, 0.445572, 1.113468; 1, 23, 1, 0; 0.529248676099; 1, 0, 1; 1, 0, 0; 3, 1, 2 ;
0,13; -2.405846, 0.534581, 1.051289 / -2.405846, 0.534581, 1.051289 / -2.405846, 0.534581, 1.051289; 1, 23, 1, 0; 0.531052351541; 0, 1, 0; 1, 0, 0; 3, 1, 1 ;
1,14; -1.37483, 1.96202, -1.76779 / -1.37397, 1.96215, -1.76727 / -1.37569, 1.96189, -1.7683; 1, 6, 1, 0; 0.627232707084; 2, 1, 2; 1, 2, 0; 1, 6, 2 / 1, 8, 2 / 3, 1, 1 ;
0,14; -1.374952, 1.961301, -1.767329 / -1.374210, 1.961945, -1.766904 / -1.375693, 1.960657, -1.767755; 1, 6, 1, 0; 0.627232731589; 1, 0, 1; 1, 2, 0; 1, 1, 2 / 1, 3, 2 / 2, 8, 2 ;
0,14; 0.987480, -0.075889, -0.798754 / 0.987480, -0.075889, -0.798754 / 0.987480, -0.075889, -0.798754; 1, 12, 1, 0; 0.450023230478; 1, 0, 1; 1, 0, 0; 2, 1, 2 ;
1,15; 3.53673, -1.26549, 0.207884 / 3.53711, -1.26521, 0.208026 / 3.53635, -1.26578, 0.207743; 1, 19, 1, 0; 0.245126307767; 0, 1, 0; 2, 0, 0; 2, 1, 3 / 2, 5, 1 ;
0,15; 3.926976, 0.533857, 0.789229 / 3.926976, 0.533857, 0.789229 / 3.926976, 0.533857, 0.789229; 1, 20, 1, 0; 0.872678683513; 1, 0, 1; 1, 0, 0; 3, 1, 2 ;
1,16; -3.89773, 0.756229, -2.26759 / -3.89773, 0.756229, -2.26759 / -3.89773, 0.756229, -2.26759; 1, 6, 1, 0; 0.257458025428; 1, 0, 1; 1, 0, 0; 3, 1, 2 ;
0,16; -2.613599, 1.920820, 0.350811 / -2.613599, 1.920820, 0.350811 / -2.613599, 1.920820, 0.350811; 1, 17, 1, 0; 0.986073862669; 1, 0, 1; 1, 0, 0; 3, 1, 2 ;
0,16; -1.944117, 1.132938, 1.060879 / -1.944117, 1.132938, 1.060879 / -1.944117, 1.132938, 1.060879; 1, 24, 1, 0; 0.274239985575; 1, 0, 1; 0, 1, 0; 1, 1, 2 / 1, 9, 0 ;
0,16; -2.015431, 1.171128, 1.033834 / -2.015431, 1.171128, 1.033834 / -2.015431, 1.171128, 1.033834; 1, 24, 1, 0; 0.274489934215; 0, 1, 0; 0, 1, 0; 1, 1, 1 ;
0,16; -1.842854, 1.066697, 1.112061 / -1.842854, 1.066697, 1.112061 / -1.842854, 1.066697, 1.112061; 1, 25, 1, 0; 0.771414161416; 1, 0, 1; 0, 1, 0; 4, 1, 2 ;
0,16; -1.848234, 0.978996, 1.404519 / -1.848234, 0.978996, 1.404519 / -1.848234, 0.978996, 1.404519; 1, 29, 1, 0; 0.260787218332; 1, 0, 1; 1, 0, 0; 3, 1, 2 ;
0,16; -1.844992, 0.978332, 1.404826 / -1.844992, 0.978332, 1.404826 / -1.844992, 0.978332, 1.404826; 1, 29, 1, 0; 0.260787432639; 1, 0, 1; 1, 0, 0; 2, 1, 2 ;
1,17; -2.30961, -1.63372, 2.21514 / -2.30953, -1.63337, 2.21542 / -2.30969, -1.63407, 2.21487; 1, 36, 1, 0; 0.046098293670; 1, 0, 2; 1, 1, 0; 3, 1, 2 / 4, 2, 2 ;
0,17; -2.309107, -1.643059, 2.210728 / -2.309107, -1.643059, 2.210728 / -2.309107, -1.643059, 2.210728; 1, 36, 1, 0; 0.046094583697; 1, 0, 1; 0, 1, 0; 4, 1, 2 ;
1,18; -2.33252, -1.69916, 2.46737 / -2.33252, -1.69916, 2.46737 / -2.33252, -1.69916, 2.46737; 1, 36, 1, 0; 0.048406437833; 1, 0, 1; 1, 0, 0; 2, 1, 2 ;
1,19; 2.10792, 0.387666, -1.70337 / 2.10792, 0.387666, -1.70337 / 2.10792, 0.387666, -1.70337; 1, 11, 1, 0; 0.033312105482; 1, 0, 1; 1, 0, 0; 2, 1, 2 ;
0,19; 0.203807, 2.992195, 0.735398 / 0.203807, 2.992195, 0.735398 / 0.203807, 2.992195, 0.735398; 1, 25, 1, 0; 0.536272778706; 0, 1, 0; 0, 1, 0; 4, 1, 1 ;
1,21; 2.66804, -1.14343, -2.67748 / 2.66804, -1.14343, -2.67748 / 2.66804, -1.14343, -2.67748; 1, 3, 1, 0; 0.616567298122; 1, 0, 1; 1, 0, 0; 3, 1, 2 ;
0,21; 0.788305, -2.810658, -2.032126 / 0.788502, -2.810263, -2.031830 / 0.788108, -2.811053, -2.032422; 1, 5, 1, 0; 0.710934825588; 2, 1, 1; 1, 1, 0; 2, 1, 2 / 4, 3, 1 ;
1,22; 1.42526, 2.64172, -0.486756 / 1.42526, 2.64172, -0.486756 / 1.42526, 2.64172, -0.486756; 1, 13, 1, 0; 0.537939657263; 1, 0, 1; 1, 0, 0; 3, 1, 2 / 3, 3, 0 ;
0,22; 2.117990, 3.808578, -0.153396 / 2.117990, 3.808578, -0.153396 / 2.117990, 3.808578, -0.153396; 1, 20, 1, 0; 0.131065296495; 1, 0, 1; 0, 1, 0; 4, 1, 2 ;
0,22; 2.117623, 3.799237, -0.157295 / 2.117623, 3.799237, -0.157295 / 2.117623, 3.799237, -0.157295; 1, 20, 1, 0; 0.131054702753; 1, 0, 1; 1, 0, 0; 3, 1, 2 ;
0,22; 2.119788, 3.803065, -0.153031 / 2.119788, 3.803065, -0.153031 / 2.119788, 3.803065, -0.153031; 1, 20, 1, 0; 0.131066489646; 1, 0, 1; 1, 0, 0; 2, 1, 2 / 4, 4, 0 ;
1,23; -1.28079, 2.8672, -2.31605 / -1.28051, 2.86749, -2.316 / -1.28108, 2.8669, -2.3161; 1, 6, 1, 0; 0.140807022342; 0, 2, 0; 0, 2, 0; 1, 1, 1 / 1, 2, 1 ;
0,23; -1.107459, 2.987019, -2.199324 / -1.107459, 2.987019, -2.199324 / -1.107459, 2.987019, -2.199324; 1, 6, 1, 0; 0.139030298931; 0, 1, 0; 0, 1, 0; 4, 1, 1 ;
1,24; -2.0862, -2.28818, -0.614904 / -2.0862, -2.28818, -0.614904 / -2.0862, -2.28818, -0.614904; 1, 10, 1, 0; 0.490962956715; 1, 0, 1; 1, 0, 0; 2, 1, 2 ;
0,24; -0.799072, 0.279118, 2.728427 / -0.799072, 0.279118, 2.728427 / -0.799072, 0.279118, 2.728427; 1, 34, 1, 0; 0.909652205583; 0, 1, 0; 1, 0, 0; 3, 1, 1 ;
0,24; -0.470855, 1.011314, 3.819404 / -0.470855, 1.011314, 3.819404 / -0.470855, 1.011314, 3.819404; 1, 46, 1, 0; 0.342372944878; 1, 0, 1; 1, 0, 0; 3, 1, 2 ;
1,25; 3.94291, 1.61107, 0.775451 / 3.94291, 1.61107, 0.775451 / 3.94291, 1.61107, 0.775451; 1, 20, 1, 0; 0.743176625507; 1, 0, 1; 0, 1, 0; 1, 1, 2 ;
0,25; 0.623842, 1.115640, 1.635048 / 0.623842, 1.115640, 1.635048 / 0.623842, 1.115640, 1.635048; 1, 27, 1, 0; 0.410496707037; 1, 0, 1; 0, 1, 0; 1, 1, 2 ;
1,26; 4.10599, -0.978138, -0.470213 / 4.10599, -0.978138, -0.470213 / 4.10599, -0.978138, -0.470213; 1, 12, 1, 0; 0.734424708074; 1, 0, 1; 1, 0, 0; 2, 1, 2 ;
0,26; 4.108192, -0.978577, -0.468132 / 4.108192, -0.978577, -0.468132 / 4.108192, -0.978577, -0.468132; 1, 12, 1, 0; 0.734424776736; 1, 0, 1; 1, 0, 0; 2, 1, 2 ;
0,26; 2.838148, -1.046239, -0.082889 / 2.838148, -1.046239, -0.082889 / 2.838148, -1.046239, -0.082889; 1, 16, 1, 0; 0.356229453302; 1, 0, 1; 0, 1, 0; 4, 1, 2 ;
0,26; -2.541280, -2.217855, 0.483996 / -2.541280, -2.217855, 0.483996 / -2.541280, -2.217855, 0.483996; 1, 18, 1, 0; 0.374318689688; 0, 0, 0; 0, 1, 0; 1, 1, 3 ;
0,26; -3.188594, -2.540029, 0.405615 / -3.188482, -2.539423, 0.405851 / -3.188706, -2.540635, 0.405380; 1, 18, 1, 0; 0.359589781252; 2, 1, 1; 2, 0, 0; 2, 1, 1 / 2, 7, 2 / 3, 9, 0 ;
0,26; -2.528499, -2.232578, 0.463318 / -2.528499, -2.232578, 0.463318 / -2.528499, -2.232578, 0.463318; 1, 18, 1, 0; 0.374289871083; 1, 0, 1; 1, 0, 0; 2, 1, 2 ;
0,26; -2.536336, -2.216567, 0.486478 / -2.536336, -2.216567, 0.486478 / -2.536336, -2.216567, 0.486478; 1, 18, 1, 0; 0.374319680066; 1, 0, 1; 1, 0, 0; 3, 1, 2 ;
0,26; -2.060256, -2.068124, 0.446641 / -2.060256, -2.068124, 0.446641 / -2.060256, -2.068124, 0.446641; 1, 18, 1, 0; 0.448661204244; 1, 0, 1; 1, 0, 0; 3, 1, 2 ;
1,27; 1.60029, -0.419351, -2.33621 / 1.60029, -0.419351, -2.33621 / 1.60029, -0.419351, -2.33621; 1, 3, 1, 0; 0.792156654860; 1, 0, 1; 1, 0, 0; 3, 1, 2 ;
0,27; 1.245465, -0.427864, -2.399242 / 1.245465, -0.427864, -2.399242 / 1.245465, -0.427864, -2.399242; 1, 3, 1, 0; 0.793304710325; 1, 0, 1; 1, 0, 0; 3, 1, 2 ;
0,27; 1.259127, -0.422305, -2.393542 / 1.259127, -0.422305, -2.393542 / 1.259127, -0.422305, -2.393542; 1, 3, 1, 0; 0.793305786256; 1, 0, 1; 1, 0, 0; 1, 4, 0 / 2, 1, 2 ;
0,27; 1.744900, -0.057464, -1.776935 / 1.744900, -0.057464, -1.776935 / 1.744900, -0.057464, -1.776935; 1, 4, 1, 0; 0.927430550015; 0, 1, 0; 1, 0, 0; 3, 1, 1 ;
0,27; 0.668545, 0.062086, -1.711300 / 0.668545, 0.062086, -1.711300 / 0.668545, 0.062086, -1.711300; 1, 11, 1, 0; 0.000828950440; 1, 0, 1; 1, 0, 0; 2, 3, 0 / 3, 1, 2 ;
0,27; 1.257537, 0.471147, -1.781079 / 1.257537, 0.471147, -1.781079 / 1.257537, 0.471147, -1.781079; 1, 11, 1, 0; 0.036605535033; 1, 0, 1; 1, 0, 0; 3, 1, 2 ;
0,27; 1.253898, 0.471207, -1.780552 / 1.253898, 0.471207, -1.780552 / 1.253898, 0.471207, -1.780552; 1, 11, 1, 0; 0.036606221649; 1, 0, 1; 1, 0, 0; 2, 1, 0 / 3, 1, 2 / 3, 8, 0 ;
0,27; 1.370406, 0.432410, -1.685745 / 1.370406, 0.432410, -1.685745 / 1.370406, 0.432410, -1.685745; 1, 11, 1, 0; 0.038415252240; 0, 1, 0; 1, 0, 0; 3, 1, 1 / 4, 3, 0 ;
0,27; -0.474647, -1.338024, -0.006829 / -0.474647, -1.338024, -0.006829 / -0.474647, -1.338024, -0.006829; 1, 16, 1, 0; 0.312145616347; 1, 0, 1; 1, 0, 0; 3, 1, 2 ;
0,27; -0.935027, -1.886589, 0.775235 / -0.935027, -1.886589, 0.775235 / -0.935027, -1.886589, 0.775235; 1, 18, 1, 0; 0.491022279320; 1, 0, 1; 1, 0, 0; 2, 1, 2 ;
1,29; -3.50125, 1.30579, 0.163188 / -3.50125, 1.30579, 0.163188 / -3.50125, 1.30579, 0.163188; 1, 14, 1, 0; 0.760519128004; 1, 0, 1; 1, 0, 0; 3, 1, 2 ;
0,29; -3.522071, 1.281505, 0.359799 / -3.522071, 1.281505, 0.359799 / -3.522071, 1.281505, 0.359799; 1, 17, 1, 0; 0.923928180857; 1, 0, 1; 0, 1, 0; 1, 1, 2 / 4, 5, 0 ;
1,30; -2.51742, 1.19052, -0.0986113 / -2.51742, 1.19052, -0.0986113 / -2.51742, 1.19052, -0.0986113; 1, 14, 1, 0; 0.445247426272; 1, 0, 1; 1, 0, 0; 3, 1, 2 ;
1,31; -2.59764, -2.33025, -2.65401 / -2.59764, -2.33025, -2.65401 / -2.59764, -2.33025, -2.65401; 1, 5, 1, 0; 0.292745356062; 1, 0, 1; 1, 0, 0; 2, 1, 2 ;
0,31; -3.960428, 0.531505, -1.699691 / -3.960428, 0.531505, -1.699691 / -3.960428, 0.531505, -1.699691; 1, 6, 1, 0; 0.732678300649; 0, 1, 0; 0, 1, 0; 1, 1, 1 ;
1,32; 0.674489, -2.44751, -1.85162 / 0.674489, -2.44751, -1.85162 / 0.674489, -2.44751, -1.85162; 1, 8, 1, 0; 0.273776965394; 1, 0, 1; 1, 0, 0; 3, 1, 2 ;
0,32; 0.723003, -2.213167, -1.656602 / 0.723003, -2.213167, -1.656602 / 0.723003, -2.213167, -1.656602; 1, 8, 1, 0; 0.274613732523; 1, 0, 1; 1, 0, 0; 3, 1, 2 ;
0,32; 0.800721, -1.994948, -1.450154 / 0.800721, -1.994948, -1.450154 / 0.800721, -1.994948, -1.450154; 1, 8, 1, 0; 0.639953010950; 1, 0, 1; 1, 0, 0; 3, 1, 2 ;
1,33; -0.316409, -0.629573, -0.13505 / -0.316409, -0.629573, -0.13505 / -0.316409, -0.629573, -0.13505; 1, 16, 1, 0; 0.391956376441; 1, 0, 1; 1, 0, 0; 1, 8, 0 / 2, 1, 2 ;
0,33; -0.311830, -0.631400, -0.138532 / -0.311830, -0.631400, -0.138532 / -0.311830, -0.631400, -0.138532; 1, 16, 1, 0; 0.391957327429; 1, 0, 1; 1, 0, 0; 3, 1, 2 / 4, 5, 0 ;
1,34; -1.96151, 0.217706, 1.37418 / -1.96151, 0.217706, 1.37418 / -1.96151, 0.217706, 1.37418; 1, 23, 1, 0; 0.706846278224; 1, 0, 1; 1, 0, 0; 2, 1, 2 ;
0,34; -1.962551, 0.224085, 1.382604 / -1.962551, 0.224085, 1.382604 / -1.962551, 0.224085, 1.382604; 1, 23, 1, 0; 0.706846943315; 0, 1, 0; 1, 0, 0; 3, 1, 1 ;
0,34; -1.963799, 0.223747, 1.377693 / -1.963799, 0.223747, 1.377693 / -1.963799, 0.223747, 1.377693; 1, 23, 1, 0; 0.706847091113; 1, 0, 1; 1, 0, 0; 2, 1, 2 ;
0,34; -1.959569, 0.225156, 1.383635 / -1.959569, 0.225156, 1.383635 / -1.959569, 0.225156, 1.383635; 1, 23, 1, 0; 0.706847756204; 1, 0, 1; 1, 0, 0; 3, 1, 2 ;
0,34; -1.959497, 0.221936, 1.386689 / -1.959497, 0.221936, 1.386689 / -1.959497, 0.221936, 1.386689; 1, 23, 1, 0; 0.706860548124; 1, 0, 1; 1, 0, 0; 2, 1, 2 ;
0,34; -1.208524, -0.282932, 1.982094 / -1.208524, -0.282932, 1.982094 / -1.208524, -0.282932, 1.982094; 1, 30, 1, 0; 0.645323749907; 1, 0, 1; 1, 0, 0; 3, 1, 2 ;
1,35; -1.76454, -1.32443, -1.92281 / -1.76443, -1.32427, -1.92237 / -1.76466, -1.3246, -1.92325; 1, 5, 1, 0; 0.886986211541; 1, 0, 1; 1, 1, 0; 2, 1, 2 / 4, 6, 3 ;
0,35; -1.417591, -0.010212, -1.328914 / -1.417416, -0.009922, -1.328530 / -1.417766, -0.010503, -1.329297; 1, 6, 1, 0; 0.981108810911; 0, 2, 0; 0, 2, 1; 1, 5, 1 / 4, 1, 1 ;
0,35; -1.417106, -0.001494, -1.328104 / -1.417106, -0.001494, -1.328104 / -1.417106, -0.001494, -1.328104; 1, 6, 1, 0; 0.981109104970; 1, 0, 1; 1, 0, 0; 3, 1, 2 ;
1,36; -2.52996, 2.71398, -0.0927225 / -2.52996, 2.71398, -0.0927225 / -2.52996, 2.71398, -0.0927225; 1, 14, 1, 0; 0.562744524173; 1, 0, 1; 1, 0, 0; 2, 1, 2 ;
0,36; -2.532951, 2.716660, -0.091974 / -2.532951, 2.716660, -0.091974 / -2.532951, 2.716660, -0.091974; 1, 14, 1, 0; 0.562745201227; 1, 0, 1; 1, 0, 0; 1, 1, 0 / 1, 5, 0 / 2, 1, 2 ;
1,37; -1.54071, 1.01557, -1.06532 / -1.54071, 1.01557, -1.06532 / -1.54071, 1.01557, -1.06532; 1, 11, 1, 0; 0.832822531733; 1, 0, 1; 1, 0, 0; 2, 1, 2 ;
1,38; -2.3469, -3.8427, 0.59233 / -2.3469, -3.8427, 0.59233 / -2.3469, -3.8427, 0.59233; 1, 18, 1, 0; 0.171198008643; 1, 0, 1; 1, 0, 0; 3, 1, 2 ;
0,38; -2.289190, -3.538606, 0.756055 / -2.289190, -3.538606, 0.756055 / -2.289190, -3.538606, 0.756055; 1, 18, 1, 0; 0.742694253576; 0, 1, 0; 1, 0, 0; 3, 1, 1 ;
0,38; -2.285837, -3.540454, 0.757938 / -2.285837, -3.540454, 0.757938 / -2.285837, -3.540454, 0.757938; 1, 18, 1, 0; 0.742694400040; 0, 1, 0; 1, 0, 0; 3, 1, 1 ;
0,38; -2.103476, -2.353846, 1.448546 / -2.103476, -2.353846, 1.448546 / -2.103476, -2.353846, 1.448546; 1, 21, 1, 0; 0.911635438676; 1, 0, 1; 1, 0, 0; 3, 1, 2 ;
1,39; -3.18948, 2.73684, -1.76072 / -3.18948, 2.73684, -1.76072 / -3.18948, 2.73684, -1.76072; 1, 6, 1, 0; 0.604032435765; 1, 0, 1; 1, 0, 0; 2, 1, 2 / 4, 2, 0 ;
0,39; -2.292931, 1.247858, 0.121939 / -2.292646, 1.247989, 0.122118 / -2.293216, 1.247726, 0.121761; 1, 14, 1, 0; 0.749976709346; 1, 0, 2; 2, 0, 0; 1, 3, 0 / 2, 1, 2 / 3, 3, 2 / 3, 5, 0 ;
0,39; -0.560492, -1.097507, 2.706990 / -0.560492, -1.097507, 2.706990 / -0.560492, -1.097507, 2.706990; 1, 34, 1, 0; 0.552251982568; 1, 0, 1; 0, 1, 0; 1, 1, 2 ;
0,39; -0.242750, -1.452999, 3.011997 / -0.242750, -1.452999, 3.011997 / -0.242750, -1.452999, 3.011997; 1, 35, 1, 0; 0.379030795351; 1, 0, 1; 1, 0, 0; 3, 1, 2 ;
1,40; -3.37889, -0.585313, -2.08792 / -3.37889, -0.585313, -2.08792 / -3.37889, -0.585313, -2.08792; 1, 5, 1, 0; 0.977454065424; 1, 0, 1; 1, 0, 0; 3, 1, 2 ;
1,43; -0.262782, -3.48732, -1.45141 / -0.262782, -3.48732, -1.45141 / -0.262782, -3.48732, -1.45141; 1, 8, 1, 0; 0.473744217775; 1, 0, 1; 1, 0, 0; 3, 1, 2 ;
0,43; -0.229606, -3.318376, -1.379883 / -0.229606, -3.318376, -1.379883 / -0.229606, -3.318376, -1.379883; 1, 8, 1, 0; 0.517695920661; 1, 0, 1; 1, 0, 0; 3, 1, 2 ;
0,43; 1.007223, -1.717288, -0.681862 / 1.007775, -1.717171, -0.681031 / 1.006672, -1.717405, -0.682693; 1, 9, 1, 0; 0.446363294750; 2, 1, 1; 1, 1, 0; 3, 1, 2 / 4, 6, 1 ;
0,43; 0.991774, -1.687004, -0.699317 / 0.991774, -1.687004, -0.699317 / 0.991774, -1.687004, -0.699317; 1, 9, 1, 0; 0.445844163217; 1, 0, 1; 0, 1, 0; 4, 1, 2 ;
0,43; 0.985774, -1.668026, -0.704369 / 0.985774, -1.668026, -0.704369 / 0.985774, -1.668026, -0.704369; 1, 9, 1, 0; 0.445854209110; 1, 0, 1; 0, 1, 0; 4, 1, 2 ;
0,43; 0.984638, -1.672883, -0.702640 / 0.984638, -1.672883, -0.702640 / 0.984638, -1.672883, -0.702640; 1, 9, 1, 0; 0.445854755200; 1, 0, 1; 0, 1, 0; 1, 1, 2 ;
0,43; 0.566435, -1.587341, -0.743770 / 0.566435, -1.587341, -0.743770 / 0.566435, -1.587341, -0.743770; 1, 9, 1, 0; 0.450735956295; 1, 0, 1; 0, 1, 0; 4, 1, 2 ;
0,43; 0.993135, -1.686806, -0.699556 / 0.993135, -1.686806, -0.699556 / 0.993135, -1.686806, -0.699556; 1, 9, 1, 0; 0.445844109149; 1, 0, 1; 1, 0, 0; 3, 1, 2 ;
0,43; 1.010476, -1.719954, -0.680411 / 1.010476, -1.719954, -0.680411 / 1.010476, -1.719954, -0.680411; 1, 9, 1, 0; 0.446363408294; 1, 0, 1; 1, 0, 0; 2, 1, 2 ;
0,43; 1.006574, -1.701066, -0.668775 / 1.006574, -1.701066, -0.668775 / 1.006574, -1.701066, -0.668775; 1, 9, 1, 0; 0.446371913240; 1, 0, 1; 1, 0, 0; 2, 1, 2 ;
0,43; 0.597627, -1.579497, -0.724192 / 0.597627, -1.579497, -0.724192 / 0.597627, -1.579497, -0.724192; 1, 9, 1, 0; 0.451786249562; 1, 0, 1; 1, 0, 0; 3, 1, 2 ;
0,43; 0.594755, -1.580131, -0.732115 / 0.594755, -1.580131, -0.732115 / 0.594755, -1.580131, -0.732115; 1, 9, 1, 0; 0.451786563158; 1, 0, 1; 1, 0, 0; 2, 1, 2 ;
0,43; 0.165208, -1.428586, -0.786905 / 0.165208, -1.428586, -0.786905 / 0.165208, -1.428586, -0.786905; 1, 11, 1, 0; 0.955875754704; 0, 1, 0; 0, 1, 0; 1, 1, 1 ;
0,43; 0.251587, -1.465587, -0.786995 / 0.251587, -1.465587, -0.786995 / 0.251587, -1.465587, -0.786995; 1, 11, 1, 0; 0.955631863290; 0, 1, 0; 1, 0, 0; 3, 1, 1 ;
0,43; 0.162802, -1.427281, -0.785038 / 0.162802, -1.427281, -0.785038 / 0.162802, -1.427281, -0.785038; 1, 11, 1, 0; 0.955875628825; 1, 0, 1; 1, 0, 0; 3, 1, 2 ;
0,43; 0.162457, -1.432035, -0.796318 / 0.162457, -1.432035, -0.796318 / 0.162457, -1.432035, -0.796318; 1, 11, 1, 0; 0.955876635861; 1, 0, 1; 1, 0, 0; 2, 1, 2 ;
0,43; -0.767890, 1.623845, -0.219116 / -0.767890, 1.623845, -0.219116 / -0.767890, 1.623845, -0.219116; 1, 13, 1, 0; 0.821675209856; 1, 0, 1; 1, 0, 0; 2, 1, 2 ;
0,43; 0.330942, -1.515183, -0.791740 / 0.330942, -1.515183, -0.791740 / 0.330942, -1.515183, -0.791740; 1, 16, 1, 0; 0.000489095785; 1, 0, 1; 1, 0, 0; 2, 1, 2 / 2, 6, 0 ;
0,43; -1.129560, 2.577297, -0.153060 / -1.129212, 2.577606, -0.151918 / -1.129907, 2.576989, -0.154202; 1, 17, 1, 0; 0.188330578409; 0, 2, 0; 1, 1, 0; 2, 1, 1 / 4, 9, 1 ;
0,43; -1.774263, 4.243499, -0.060674 / -1.774263, 4.243499, -0.060674 / -1.774263, 4.243499, -0.060674; 1, 17, 1, 0; 0.312543451091; 0, 1, 0; 0, 1, 0; 4, 1, 1 ;
0,43; -1.017942, 2.312273, -0.173495 / -1.017751, 2.312293, -0.173086 / -1.018133, 2.312252, -0.173904; 1, 17, 1, 0; 0.144385993544; 2, 1, 1; 2, 0, 0; 2, 6, 1 / 3, 1, 2 ;
1,44; -2.30353, 2.80098, -2.05317 / -2.30353, 2.80098, -2.05317 / -2.30353, 2.80098, -2.05317; 1, 6, 1, 0; 0.524403029403; 0, 1, 0; 0, 1, 0; 4, 1, 1 ;
0,44; -0.878058, 1.376269, -1.341559 / -0.878058, 1.376269, -1.341559 / -0.878058, 1.376269, -1.341559; 1, 7, 1, 0; 0.495395886195; 1, 0, 1; 0, 1, 0; 1, 1, 2 ;
0,44; 0.611764, -2.040668, 0.192419 / 0.611833, -2.040646, 0.192437 / 0.611696, -2.040689, 0.192402; 1, 15, 1, 0; 0.652737626441; 2, 1, 1; 1, 1, 0; 3, 1, 2 / 4, 1, 1 ;
0,44; 0.599305, -2.021068, 0.185130 / 0.599305, -2.021068, 0.185130 / 0.599305, -2.021068, 0.185130; 1, 15, 1, 0; 0.652721258733; 1, 0, 1; 1, 0, 0; 3, 1, 2 ;
1,46; 1.74787, -0.568808, -3.54815 / 1.74811, -0.568788, -3.54786 / 1.74762, -0.568828, -3.54843; 1, 1, 1, 0; 0.772278465742; 2, 1, 1; 0, 2, 1; 1, 1, 2 / 2, 1, 0 / 4, 5, 1 ;
0,46; 1.748749, -0.570944, -3.545858 / 1.748749, -0.570944, -3.545858 / 1.748749, -0.570944, -3.545858; 1, 1, 1, 0; 0.772277951549; 1, 0, 1; 1, 0, 0; 2, 1, 2 / 3, 7, 0 ;
1,47; -2.96146, 1.46328, 3.06264 / -2.96146, 1.46328, 3.06264 / -2.96146, 1.46328, 3.06264; 1, 39, 1, 0; 0.645880496621; 0, 1, 0; 0, 1, 0; 4, 1, 1 ;
1,48; -2.34984, -0.081275, -3.42479 / -2.34984, -0.081275, -3.42479 / -2.34984, -0.081275, -3.42479; 1, 1, 1, 0; 0.746445357863; 0, 1, 0; 1, 0, 0; 3, 1, 1 ;
0,48; -0.432808, -1.364345, -2.122525 / -0.432808, -1.364345, -2.122525 / -0.432808, -1.364345, -2.122525; 1, 5, 1, 0; 0.893971536001; 1, 0, 1; 1, 0, 0; 3, 1, 2 ;
0,48; 1.484473, -2.369098, -1.061792 / 1.484473, -2.369098, -1.061792 / 1.484473, -2.369098, -1.061792; 1, 8, 1, 0; 0.812873404167; 1, 0, 1; 1, 0, 0; 2, 1, 2 ;
1,50; 0.819878, -1.48307, -1.76458 / 0.819878, -1.48307, -1.76458 / 0.819878, -1.48307, -1.76458; 1, 8, 1, 0; 0.163238618873; 1, 0, 1; 1, 0, 0; 2, 1, 2 ;
0,50; 0.757470, -1.776535, -1.762400 / 0.757470, -1.776535, -1.762400 / 0.757470, -1.776535, -1.762400; 1, 8, 1, 0; 0.209782701852; 1, 0, 1; 1, 0, 0; 2, 1, 2 ;
0,50; 0.662027, -2.250734, -1.731544 / 0.662027, -2.250734, -1.731544 / 0.662027, -2.250734, -1.731544; 1, 8, 1, 0; 0.274205200346; 1, 0, 1; 1, 0, 0; 3, 1, 2 ;
1,52; -1.97763, 2.16275, 0.751417 / -1.97763, 2.16275, 0.751417 / -1.97763, 2.16275, 0.751417; 1, 24, 1, 0; 0.144055422784; 1, 0, 1; 1, 0, 0; 3, 1, 2 / 4, 3, 0 ;
0,52; -2.281532, 2.837812, 1.615145 / -2.281416, 2.838076, 1.615882 / -2.281649, 2.837548, 1.614408; 1, 29, 1, 0; 0.402009752923; 1, 0, 2; 0, 2, 0; 4, 1, 2 / 4, 10, 2 ;
1,53; 0.544945, 3.69361, -2.04809 / 0.544945, 3.69361, -2.04809 / 0.544945, 3.69361, -2.04809; 1, 4, 1, 0; 0.878529491411; 1, 0, 1; 0, 1, 0; 4, 1, 2 ;
1,54; -1.24421, -0.188563, -1.30795 / -1.24421, -0.188563, -1.30795 / -1.24421, -0.188563, -1.30795; 1, 6, 1, 0; 0.980824347359; 1, 0, 1; 1, 0, 0; 2, 1, 2 ;
0,54; 2.855655, 0.531688, -0.496180 / 2.856180, 0.532123, -0.495876 / 2.855130, 0.531252, -0.496484; 1, 12, 1, 0; 0.867490267231; 1, 0, 2; 2, 0, 0; 2, 1, 2 / 2, 5, 2 ;
0,54; 3.746496, 0.640113, -0.266426 / 3.746684, 0.640312, -0.266124 / 3.746308, 0.639915, -0.266729; 1, 13, 1, 0; 0.950766111113; 0, 2, 0; 1, 1, 0; 1, 4, 1 / 3, 1, 1 ;
0,54; 4.386335, 0.691574, -0.125224 / 4.386335, 0.691574, -0.125224 / 4.386335, 0.691574, -0.125224; 1, 19, 1, 0; 0.093112636417; 1, 0, 1; 1, 0, 0; 3, 1, 2 ;
1,55; 0.0508538, 4.38189, 0.408639 / 0.0508538, 4.38189, 0.408639 / 0.0508538, 4.38189, 0.408639; 1, 25, 1, 0; 0.317555638421; 1, 0, 1; 0, 1, 0; 1, 1, 2 ;
0,55; 0.513206, 3.232849, 2.619224 / 0.513206, 3.232849, 2.619224 / 0.513206, 3.232849, 2.619224; 1, 38, 1, 0; 0.342903065817; 1, 0, 1; 1, 0, 0; 3, 1, 2 ;
1,56; 3.29289, -2.19343, -2.35196 / 3.29295, -2.1933, -2.35186 / 3.29282, -2.19357, -2.35207; 1, 3, 1, 0; 0.917866302381; 2, 1, 1; 1, 1, 0; 1, 1, 2 / 2, 1, 1 ;
0,56; 3.293045, -2.192110, -2.350896 / 3.293045, -2.192110, -2.350896 / 3.293045, -2.192110, -2.350896; 1, 3, 1, 0; 0.917866350738; 1, 0, 1; 1, 0, 0; 2, 1, 2 / 3, 4, 0 ;
0,56; 2.369357, -1.799094, -1.448257 / 2.369389, -1.798984, -1.447770 / 2.369326, -1.799205, -1.448745; 1, 8, 1, 0; 0.675177815891; 2, 1, 2; 2, 1, 0; 1, 1, 2 / 2, 3, 1 / 2, 4, 2 / 4, 10, 0 ;
0,56; 2.372276, -1.797688, -1.451691 / 2.372276, -1.797688, -1.451691 / 2.372276, -1.797688, -1.451691; 1, 8, 1, 0; 0.675168994898; 0, 1, 0; 0, 1, 0; 4, 1, 1 ;
0,56; 2.370215, -1.803795, -1.452695 / 2.370215, -1.803795, -1.452695 / 2.370215, -1.803795, -1.452695; 1, 8, 1, 0; 0.675168146037; 1, 0, 1; 1, 0, 0; 1, 7, 0 / 3, 1, 2 ;
0,56; 2.365275, -1.806208, -1.445562 / 2.365275, -1.806208, -1.445562 / 2.365275, -1.806208, -1.445562; 1, 8, 1, 0; 0.675177493733; 1, 0, 1; 1, 0, 0; 2, 1, 2 ;
0,56; 2.374815, -1.809039, -1.424777 / 2.374815, -1.809039, -1.424777 / 2.374815, -1.809039, -1.424777; 1, 8, 1, 0; 0.675194701063; 1, 0, 1; 1, 0, 0; 2, 1, 2 ;
0,56; 0.556243, -1.095730, 1.059328 / 0.556243, -1.095730, 1.059328 / 0.556243, -1.095730, 1.059328; 1, 23, 1, 0; 0.388068146716; 0, 1, 0; 0, 1, 0; 4, 1, 1 ;
0,56; -1.779042, -0.370358, 3.863876 / -1.778875, -0.370136, 3.863898 / -1.779209, -0.370580, 3.863854; 1, 46, 1, 0; 0.146333707480; 2, 2, 1; 1, 2, 1; 1, 4, 1 / 2, 5, 1 / 4, 1, 2 ;
0,56; -1.779193, -0.369915, 3.860867 / -1.779193, -0.369915, 3.860867 / -1.779193, -0.369915, 3.860867; 1, 46, 1, 0; 0.146333859161; 1, 0, 1; 0, 1, 0; 4, 1, 2 ;
0,56; -1.703714, -0.394964, 3.766537 / -1.703714, -0.394964, 3.766537 / -1.703714, -0.394964, 3.766537; 1, 46, 1, 0; 0.145953392160; 1, 0, 1; 1, 0, 0; 2, 1, 2 ;
1,57; -2.23247, 1.79347, 2.91856 / -2.23184, 1.79383, 2.91909 / -2.2331, 1.79312, 2.91804; 1, 39, 1, 0; 0.670043894389; 1, 0, 1; 2, 0, 0; 2, 8, 3 / 3, 1, 2 ;
0,57; -2.380280, 1.890397, 3.112298 / -2.380157, 1.891381, 3.112536 / -2.380403, 1.889413, 3.112060; 1, 42, 1, 0; 0.966364838759; 2, 1, 1; 2, 0, 0; 2, 1, 2 / 3, 8, 1 ;
1,60; 3.43274, 1.41352, -2.07294 / 3.43274, 1.41352, -2.07294 / 3.43274, 1.41352, -2.07294; 1, 4, 1, 0; 0.702716276390; 1, 0, 1; 0, 1, 0; 4, 1, 2 ;
0,60; 3.399696, 1.371289, -1.909844 / 3.399696, 1.371289, -1.909844 / 3.399696, 1.371289, -1.909844; 1, 4, 1, 0; 0.705614336892; 1, 0, 1; 1, 0, 0; 3, 1, 2 ;
0,60; 3.006901, 0.829264, 0.081634 / 3.006901, 0.829264, 0.081634 / 3.006901, 0.829264, 0.081634; 1, 16, 1, 0; 0.569503671349; 1, 0, 1; 0, 1, 0; 1, 1, 2 ;
1,61; 0.185109, -2.9785, -0.491324 / 0.185109, -2.9785, -0.491324 / 0.185109, -2.9785, -0.491324; 1, 9, 1, 0; 0.944525209893; 0, 1, 0; 0, 1, 0; 1, 1, 1 ;
0,61; 0.186290, -2.978011, -0.491162 / 0.186290, -2.978011, -0.491162 / 0.186290, -2.978011, -0.491162; 1, 9, 1, 0; 0.944525263962; 1, 0, 1; 0, 1, 0; 1, 1, 2 ;
0,61; -0.241246, 0.053710, 1.006914 / -0.241246, 0.053710, 1.006914 / -0.241246, 0.053710, 1.006914; 1, 23, 1, 0; 0.505711861827; 1, 0, 1; 0, 1, 0; 1, 1, 2 ;
0,61; -0.244032, 0.053850, 1.008329 / -0.244032, 0.053850, 1.008329 / -0.244032, 0.053850, 1.008329; 1, 23, 1, 0; 0.505712031794; 1, 0, 1; 0, 1, 0; 4, 1, 2 ;
0,61; -0.242435, 0.049058, 1.008304 / -0.242435, 0.049058, 1.008304 / -0.242435, 0.049058, 1.008304; 1, 23, 1, 0; 0.505712822514; 1, 0, 1; 0, 1, 0; 1, 1, 2 ;
0,61; -0.260878, 0.104629, 1.143487 / -0.260878, 0.104629, 1.143487 / -0.260878, 0.104629, 1.143487; 1, 23, 1, 0; 0.505844030216; 1, 0, 1; 0, 1, 0; 4, 1, 2 ;
0,61; -0.363626, -0.048194, 1.057463 / -0.363626, -0.048194, 1.057463 / -0.363626, -0.048194, 1.057463; 1, 23, 1, 0; 0.468664090547; 1, 0, 1; 1, 0, 0; 1, 5, 0 / 1, 10, 0 / 2, 1, 2 / 2, 3, 0 / 2, 10, 0 / 3, 2, 0 ;
0,61; -0.260598, 0.104029, 1.146913 / -0.260598, 0.104029, 1.146913 / -0.260598, 0.104029, 1.146913; 1, 23, 1, 0; 0.505842766543; 1, 0, 1; 1, 0, 0; 2, 1, 2 ;
0,61; -0.229779, 0.085836, 1.140018 / -0.229779, 0.085836, 1.140018 / -0.229779, 0.085836, 1.140018; 1, 23, 1, 0; 0.506817524117; 1, 0, 1; 1, 0, 0; 2, 1, 2 ;
0,61; -0.641557, 1.514600, 2.065494 / -0.641557, 1.514600, 2.065494 / -0.641557, 1.514600, 2.065494; 1, 29, 1, 0; 0.913153597827; 0, 1, 0; 0, 1, 0; 1, 1, 1 ;
1,62; 0.742736, -2.30027, -2.75865 / 0.742736, -2.30027, -2.75865 / 0.742736, -2.30027, -2.75865; 1, 3, 1, 0; 0.523154224946; 1, 0, 1; 1, 0, 0; 2, 1, 2 ;
1,63; 2.96975, -0.605942, -2.10089 / 2.96975, -0.605942, -2.10089 / 2.96975, -0.605942, -2.10089; 1, 4, 1, 0; 0.538836909698; 1, 0, 1; 0, 1, 0; 4, 1, 2 ;
1,64; 1.98238, 1.89907, -0.252569 / 1.9827, 1.89978, -0.252554 / 1.98205, 1.89836, -0.252584; 1, 13, 1, 0; 0.763207592113; 0, 2, 0; 0, 2, 1; 1, 1, 1 / 4, 7, 1 ;
0,64; 1.660649, 1.159675, -0.250283 / 1.660903, 1.159998, -0.249991 / 1.660395, 1.159352, -0.250575; 1, 13, 1, 0; 0.888913008421; 2, 1, 1; 1, 1, 0; 1, 1, 1 / 1, 10, 0 / 2, 3, 2 ;
1,65; 0.350802, -0.261793, 3.56627 / 0.350802, -0.261793, 3.56627 / 0.350802, -0.261793, 3.56627; 1, 44, 1, 0; 0.515538789773; 1, 0, 1; 1, 0, 0; 2, 1, 2 ;
0,65; -1.678809, 0.938319, 4.149748 / -1.678809, 0.938319, 4.149748 / -1.678809, 0.938319, 4.149748; 1, 46, 1, 0; 0.539521275184; 1, 0, 1; 1, 0, 0; 2, 1, 2 ;
1,67; 1.4601, -0.241919, -3.6098 / 1.4601, -0.241919, -3.6098 / 1.4601, -0.241919, -3.6098; 1, 1, 1, 0; 0.765534179616; 1, 0, 1; 1, 0, 0; 3, 1, 2 ;
0,67; 1.368047, 0.815571, -2.477820 / 1.368510, 0.816556, -2.477179 / 1.367584, 0.814586, -2.478460; 1, 3, 1, 0; 0.683540939808; 2, 1, 2; 2, 1, 0; 2, 1, 1 / 2, 10, 2 / 4, 4, 2 ;
0,67; 1.369207, 0.817997, -2.477491 / 1.369232, 0.818049, -2.477483 / 1.369182, 0.817945, -2.477498; 1, 3, 1, 0; 0.683540899511; 0, 2, 0; 1, 1, 0; 1, 10, 0 / 3, 1, 1 / 4, 1, 1 / 4, 6, 0 ;
0,67; 1.368632, 0.821825, -2.477265 / 1.368632, 0.821825, -2.477265 / 1.368632, 0.821825, -2.477265; 1, 3, 1, 0; 0.683540839066; 0, 1, 0; 0, 1, 0; 1, 1, 1 / 1, 3, 0 / 4, 7, 0 ;
0,67; 1.653326, 1.171424, -1.420834 / 1.653326, 1.171424, -1.420834 / 1.653326, 1.171424, -1.420834; 1, 11, 1, 0; 0.297506242476; 1, 0, 1; 0, 1, 0; 1, 1, 2 / 2, 1, 0 ;
0,67; 1.736296, 1.407265, -1.098071 / 1.736296, 1.407265, -1.098071 / 1.736296, 1.407265, -1.098071; 1, 11, 1, 0; 0.883569723477; 1, 0, 1; 0, 1, 0; 4, 1, 2 ;
0,67; 1.738767, 1.405467, -1.104690 / 1.738767, 1.405467, -1.104690 / 1.738767, 1.405467, -1.104690; 1, 11, 1, 0; 0.883569963792; 0, 1, 0; 0, 1, 0; 1, 1, 1 ;
0,67; 1.733366, 1.405639, -1.104786 / 1.733366, 1.405639, -1.104786 / 1.733366, 1.405639, -1.104786; 1, 11, 1, 0; 0.883570175499; 1, 0, 1; 0, 1, 0; 1, 1, 2 ;
0,67; 1.717023, 1.408983, -1.092865 / 1.717023, 1.408983, -1.092865 / 1.717023, 1.408983, -1.092865; 1, 11, 1, 0; 0.883572389833; 1, 0, 1; 1, 0, 0; 2, 1, 2 ;
0,67; 1.663091, 1.398796, -0.938105 / 1.663091, 1.398796, -0.938105 / 1.663091, 1.398796, -0.938105; 1, 11, 1, 0; 0.885581225425; 1, 0, 1; 1, 0, 0; 1, 2, 0 / 2, 1, 2 ;
0,67; 2.871316, 2.818825, -1.528821 / 2.871316, 2.818825, -1.528821 / 2.871316, 2.818825, -1.528821; 1, 13, 1, 0; 0.065794147300; 1, 0, 1; 0, 1, 0; 3, 8, 0 / 4, 1, 2 ;
1,68; 1.60487, 0.513906, -2.64186 / 1.60487, 0.513906, -2.64186 / 1.60487, 0.513906, -2.64186; 1, 3, 1, 0; 0.681044951382; 1, 0, 1; 1, 0, 0; 2, 1, 2 ;
0,68; 1.599711, 0.509316, -2.647418 / 1.599711, 0.509316, -2.647418 / 1.599711, 0.509316, -2.647418; 1, 3, 1, 0; 0.681045592105; 1, 0, 1; 1, 0, 0; 2, 1, 2 / 4, 4, 0 ;
0,68; 1.605877, 0.517737, -2.633589 / 1.605877, 0.517737, -2.633589 / 1.605877, 0.517737, -2.633589; 1, 3, 1, 0; 0.681052075904; 1, 0, 1; 1, 0, 0; 2, 1, 2 ;
0,68; -1.748774, -3.361619, 0.675077 / -1.748506, -3.361447, 0.675310 / -1.749041, -3.361790, 0.674843; 1, 18, 1, 0; 0.675481212111; 0, 3, 0; 1, 2, 0; 1, 1, 1 / 1, 2, 1 / 2, 1, 1 ;
0,68; -1.753346, -3.312733, 0.845387 / -1.753170, -3.312026, 0.845963 / -1.753522, -3.313440, 0.844812; 1, 18, 1, 0; 0.676560584630; 0, 3, 0; 2, 1, 0; 2, 8, 0 / 3, 1, 1 / 3, 7, 1 / 4, 7, 1 ;
0,68; -1.749285, -3.303272, 0.830356 / -1.749285, -3.303272, 0.830356 / -1.749285, -3.303272, 0.830356; 1, 18, 1, 0; 0.676546998318; 0, 1, 0; 0, 1, 0; 4, 1, 1 ;
1,69; -2.36774, 0.0828343, -1.64702 / -2.36774, 0.0828343, -1.64702 / -2.36774, 0.0828343, -1.64702; 1, 6, 1, 0; 0.762315298652; 1, 0, 1; 1, 0, 0; 2, 1, 2 ;
1,70; 0.824023, 2.23344, 2.91084 / 0.824023, 2.23344, 2.91084 / 0.824023, 2.23344, 2.91084; 1, 39, 1, 0; 0.995106962125; 1, 0, 1; 1, 0, 0; 2, 1, 2 ;
1,71; 1.67031, 0.43328, 0.799037 / 1.67031, 0.43328, 0.799037 / 1.67031, 0.43328, 0.799037; 1, 20, 1, 0; 0.895177497592; 1, 0, 1; 1, 0, 0; 2, 1, 2 ;
0,71; 1.724664, 1.375313, 1.973204 / 1.725463, 1.375468, 1.973607 / 1.723865, 1.375159, 1.972800; 1, 28, 1, 0; 0.624273669554; 0, 3, 0; 1, 2, 1; 1, 1, 1 / 3, 2, 1 / 4, 6, 1 ;
0,71; 1.726354, 1.372796, 2.002846 / 1.726389, 1.373397, 2.002986 / 1.726320, 1.372194, 2.002705; 1, 28, 1, 0; 0.624280658814; 2, 2, 1; 1, 2, 1; 1, 7, 2 / 3, 1, 1 / 4, 1, 1 ;
0,71; 1.725297, 1.378423, 1.974633 / 1.725955, 1.378793, 1.974923 / 1.724640, 1.378054, 1.974344; 1, 28, 1, 0; 0.624274811410; 2, 2, 1; 2, 1, 0; 2, 7, 2 / 3, 1, 1 / 4, 3, 1 ;
0,71; 1.731366, 1.372035, 1.998460 / 1.731955, 1.372116, 1.998620 / 1.730777, 1.371953, 1.998301; 1, 28, 1, 0; 0.624263604653; 0, 2, 0; 2, 0, 0; 1, 4, 0 / 2, 1, 1 / 3, 4, 1 ;
0,71; 1.720786, 1.329015, 1.935701 / 1.720786, 1.329015, 1.935701 / 1.720786, 1.329015, 1.935701; 1, 28, 1, 0; 0.623821034447; 1, 0, 1; 1, 0, 0; 2, 1, 2 ;
0,71; 1.738795, 1.369834, 2.000865 / 1.738795, 1.369834, 2.000865 / 1.738795, 1.369834, 2.000865; 1, 28, 1, 0; 0.624264368959; 1, 0, 1; 1, 0, 0; 2, 1, 2 ;
0,71; 1.725532, 1.371027, 1.978981 / 1.725532, 1.371027, 1.978981 / 1.725532, 1.371027, 1.978981; 1, 28, 1, 0; 0.624273338048; 1, 0, 1; 1, 0, 0; 3, 1, 2 ;
0,71; 1.726038, 1.375958, 1.972483 / 1.726613, 1.376449, 1.973347 / 1.725463, 1.375468, 1.971619; 1, 28, 1, 0; 0.624273715597; 1, 0, 1; 1, 1, 0; 2, 9, 2 / 3, 7, 0 / 4, 1, 1 / 4, 7, 0 ;
0,71; 1.723426, 1.356651, 1.999446 / 1.723426, 1.356651, 1.999446 / 1.723426, 1.356651, 1.999446; 1, 28, 1, 0; 0.624283375324; 1, 0, 1; 1, 0, 0; 2, 1, 2 ;
0,71; 1.685628, 2.333552, 3.126039 / 1.685628, 2.333552, 3.126039 / 1.685628, 2.333552, 3.126039; 1, 43, 1, 0; 0.092782677427; 1, 0, 1; 1, 0, 0; 3, 1, 2 ;
1,73; 1.67618, -2.48235, 3.35335 / 1.67618, -2.48235, 3.35335 / 1.67618, -2.48235, 3.35335; 1, 40, 1, 0; 0.826173927393; 0, 1, 0; 1, 0, 0; 3, 1, 1 ;
1,75; 0.836384, -1.81669, -3.62696 / 0.836384, -1.81669, -3.62696 / 0.836384, -1.81669, -3.62696; 1, 1, 1, 0; 0.886328204848; 1, 0, 1; 0, 1, 0; 1, 1, 2 ;
0,75; 0.262705, -1.904580, -2.571016 / 0.262705, -1.904580, -2.571016 / 0.262705, -1.904580, -2.571016; 1, 3, 1, 0; 0.554751649158; 1, 0, 1; 1, 0, 0; 2, 1, 2 ;
0,75; -1.400597, -1.113442, 0.843373 / -1.400597, -1.113442, 0.843373 / -1.400597, -1.113442, 0.843373; 1, 21, 1, 0; 0.339022968434; 1, 0, 1; 0, 1, 0; 4, 1, 2 ;
0,75; -1.400132, -1.114289, 0.840015 / -1.400132, -1.114289, 0.840015 / -1.400132, -1.114289, 0.840015; 1, 21, 1, 0; 0.339023063021; 1, 0, 1; 0, 1, 0; 4, 1, 2 ;
1,79; 1.09653, 2.22414, -0.569227 / 1.09661, 2.22421, -0.569169 / 1.09645, 2.22407, -0.569285; 1, 13, 1, 0; 0.494237114125; 0, 2, 0; 1, 1, 0; 1, 1, 1 / 2, 1, 1 ;
0,79; 1.094900, 2.226273, -0.568333 / 1.094900, 2.226273, -0.568333 / 1.094900, 2.226273, -0.568333; 1, 13, 1, 0; 0.494237895815; 1, 0, 1; 0, 1, 0; 1, 1, 2 ;
1,80; 0.982579, -1.19308, -2.28219 / 0.983858, -1.19237, -2.28161 / 0.9813, -1.19379, -2.28277; 1, 3, 1, 0; 0.843345406336; 2, 3, 1; 3, 1, 0; 2, 7, 1 / 3, 6, 1 / 3, 8, 2 / 4, 1, 1 ;
0,80; 0.677769, -1.003814, -2.630149 / 0.677769, -1.003814, -2.630149 / 0.677769, -1.003814, -2.630149; 1, 3, 1, 0; 0.605842793071; 0, 1, 0; 0, 1, 0; 1, 1, 1 ;
0,80; 0.985220, -1.193141, -2.281798 / 0.985220, -1.193141, -2.281798 / 0.985220, -1.193141, -2.281798; 1, 3, 1, 0; 0.843344934860; 1, 0, 1; 0, 1, 0; 4, 1, 2 ;
0,80; 0.986228, -1.189892, -2.283606 / 0.986388, -1.189688, -2.283524 / 0.986067, -1.190096, -2.283688; 1, 3, 1, 0; 0.843344874414; 1, 0, 1; 2, 0, 0; 2, 1, 2 / 2, 2, 3 / 3, 2, 0 / 3, 10, 0 ;
0,80; 0.675006, -1.003971, -2.629538 / 0.675006, -1.003971, -2.629538 / 0.675006, -1.003971, -2.629538; 1, 3, 1, 0; 0.605842273238; 1, 0, 1; 1, 0, 0; 2, 1, 2 ;
0,80; 0.677314, -1.004176, -2.625691 / 0.677314, -1.004176, -2.625691 / 0.677314, -1.004176, -2.625691; 1, 3, 1, 0; 0.605842700387; 1, 0, 1; 1, 0, 0; 1, 8, 0 / 2, 1, 2 / 3, 8, 0 ;
0,80; 0.676753, -1.003855, -2.628924 / 0.676753, -1.003855, -2.628924 / 0.676753, -1.003855, -2.628924; 1, 3, 1, 0; 0.605842752773; 0, 1, 0; 1, 0, 0; 1, 4, 0 / 2, 1, 1 / 3, 9, 0 ;
0,80; 1.306443, -1.366227, -1.947988 / 1.306443, -1.366227, -1.947988 / 1.306443, -1.366227, -1.947988; 1, 5, 1, 0; 0.907259069536; 0, 1, 0; 1, 0, 0; 2, 1, 1 ;
0,80; 2.964781, -2.310169, -0.206359 / 2.964781, -2.310169, -0.206359 / 2.964781, -2.310169, -0.206359; 1, 15, 1, 0; 0.483007010522; 1, 0, 1; 0, 1, 0; 4, 1, 2 ;
0,80; 3.530837, -2.600861, 0.318219 / 3.531341, -2.600703, 0.319094 / 3.530333, -2.601020, 0.317344; 1, 19, 1, 0; 0.331419799955; 2, 1, 1; 1, 1, 0; 2, 8, 0 / 2, 9, 2 / 4, 1, 1 ;
0,80; 3.527746, -2.605094, 0.313888 / 3.527746, -2.605094, 0.313888 / 3.527746, -2.605094, 0.313888; 1, 19, 1, 0; 0.331432172577; 1, 0, 1; 0, 1, 0; 4, 1, 2 ;
0,80; 3.528170, -2.609331, 0.319000 / 3.528170, -2.609331, 0.319000 / 3.528170, -2.609331, 0.319000; 1, 19, 1, 0; 0.331431189131; 1, 0, 1; 1, 0, 0; 2, 1, 2 ;
1,82; 1.67245, -2.93102, -0.60312 / 1.67245, -2.93102, -0.60312 / 1.67245, -2.93102, -0.60312; 1, 15, 1, 0; 0.145017325393; 1, 0, 1; 1, 0, 0; 2, 1, 2 ;
0,82; 0.632568, -1.781393, 0.185575 / 0.632568, -1.781393, 0.185575 / 0.632568, -1.781393, 0.185575; 1, 15, 1, 0; 0.622493577483; 0, 1, 0; 1, 0, 0; 3, 1, 1 ;
1,86; 1.99938, -0.0687175, -0.522958 / 2.00008, -0.0682183, -0.522587 / 1.99868, -0.0692168, -0.52333; 1, 12, 1, 0; 0.816899549352; 2, 2, 1; 1, 2, 1; 1, 1, 2 / 2, 9, 1 / 4, 5, 1 ;
0,86; 2.000781, -0.071750, -0.523808 / 2.000781, -0.071750, -0.523808 / 2.000781, -0.071750, -0.523808; 1, 12, 1, 0; 0.816899652344; 1, 0, 1; 1, 0, 0; 2, 1, 2 ;
0,86; 0.765623, 0.526853, -0.022441 / 0.765623, 0.526853, -0.022441 / 0.765623, 0.526853, -0.022441; 1, 13, 1, 0; 0.986628794733; 1, 0, 1; 1, 0, 0; 2, 1, 2 ;
0,86; 0.107576, 0.822692, 0.253018 / 0.107576, 0.822692, 0.253018 / 0.107576, 0.822692, 0.253018; 1, 16, 1, 0; 0.595560647583; 1, 0, 1; 1, 0, 0; 3, 1, 2 ;
0,86; -0.141790, 0.959165, 0.385486 / -0.141790, 0.959165, 0.385486 / -0.141790, 0.959165, 0.385486; 1, 17, 1, 0; 0.864574269980; 1, 0, 1; 1, 0, 0; 1, 7, 0 / 2, 1, 2 / 2, 9, 0 ;
0,86; -1.408750, 1.841318, 1.150707 / -1.408750, 1.841318, 1.150707 / -1.408750, 1.841318, 1.150707; 1, 25, 1, 0; 0.836052205221; 1, 0, 1; 0, 1, 0; 4, 1, 2 ;
0,86; -1.457230, 1.783974, 1.113620 / -1.456734, 1.784203, 1.114098 / -1.457726, 1.783745, 1.113141; 1, 25, 1, 0; 0.834889066049; 0, 2, 0; 2, 0, 0; 3, 1, 1 / 3, 5, 1 ;
0,86; -1.479726, 1.758038, 1.093313 / -1.479726, 1.758038, 1.093313 / -1.479726, 1.758038, 1.093313; 1, 25, 1, 0; 0.834251090823; 1, 0, 1; 1, 0, 0; 1, 6, 0 / 3, 1, 2 ;
0,86; -1.481092, 1.755508, 1.092709 / -1.481092, 1.755508, 1.092709 / -1.481092, 1.755508, 1.092709; 1, 25, 1, 0; 0.834252128070; 1, 0, 1; 1, 0, 0; 2, 1, 2 ;
0,86; -1.458282, 1.785745, 1.112769 / -1.458282, 1.785745, 1.112769 / -1.458282, 1.785745, 1.112769; 1, 25, 1, 0; 0.834889237495; 1, 0, 1; 1, 0, 0; 3, 1, 2 ;
0,86; -1.106991, 2.407844, 1.642687 / -1.106991, 2.407844, 1.642687 / -1.106991, 2.407844, 1.642687; 1, 29, 1, 0; 0.357714190250; 0, 1, 0; 0, 1, 0; 1, 1, 1 ;
0,86; -1.101204, 2.461395, 1.718889 / -1.101204, 2.461395, 1.718889 / -1.101204, 2.461395, 1.718889; 1, 29, 1, 0; 0.359079141680; 1, 0, 1; 0, 1, 0; 4, 1, 2 ;
0,86; -1.102528, 2.445521, 1.703494 / -1.102528, 2.445521, 1.703494 / -1.102528, 2.445521, 1.703494; 1, 29, 1, 0; 0.359067052809; 0, 1, 0; 1, 0, 0; 2, 1, 1 ;
0,86; -1.378384, 2.756878, 2.282559 / -1.378384, 2.756878, 2.282559 / -1.378384, 2.756878, 2.282559; 1, 31, 1, 0; 0.378319905088; 0, 1, 0; 1, 0, 0; 2, 1, 1 ;
0,86; -1.457482, 2.809169, 2.480598 / -1.457482, 2.809169, 2.480598 / -1.457482, 2.809169, 2.480598; 1, 37, 1, 0; 0.358431455390; 1, 0, 1; 1, 0, 0; 2, 1, 2 ;
0,86; -1.461919, 2.808309, 2.487007 / -1.461919, 2.808309, 2.487007 / -1.461919, 2.808309, 2.487007; 1, 37, 1, 0; 0.358459958241; 1, 0, 1; 1, 0, 0; 2, 1, 2 / 4, 1, 0 ;
0,86; -1.738770, 2.777094, 2.728038 / -1.738770, 2.777094, 2.728038 / -1.738770, 2.777094, 2.728038; 1, 37, 1, 0; 0.376141323316; 1, 0, 1; 1, 0, 0; 3, 1, 2 ;
0,86; -1.808907, 2.698931, 2.942951 / -1.808907, 2.698931, 2.942951 / -1.808907, 2.698931, 2.942951; 1, 40, 1, 0; 0.129448137671; 0, 1, 0; 1, 0, 0; 3, 1, 1 ;
0,86; -1.804753, 2.702014, 2.947211 / -1.804753, 2.702014, 2.947211 / -1.804753, 2.702014, 2.947211; 1, 40, 1, 0; 0.129477982084; 1, 0, 1; 1, 0, 0; 3, 1, 2 ;
0,86; -1.937984, 2.681802, 3.245747 / -1.937437, 2.681950, 3.245817 / -1.938532, 2.681654, 3.245676; 1, 43, 1, 0; 0.230979461091; 1, 0, 2; 2, 0, 0; 2, 1, 2 / 3, 4, 2 ;
0,86; -1.936054, 2.680158, 3.255529 / -1.936054, 2.680158, 3.255529 / -1.936054, 2.680158, 3.255529; 1, 43, 1, 0; 0.231015317018; 1, 0, 1; 1, 0, 0; 2, 1, 2 ;
0,86; -1.941393, 2.679027, 3.249892 / -1.941393, 2.679027, 3.249892 / -1.941393, 2.679027, 3.249892; 1, 43, 1, 0; 0.231016505612; 1, 0, 1; 1, 0, 0; 2, 1, 2 ;
1,88; 1.60818, -0.396126, -2.03474 / 1.60818, -0.396126, -2.03474 / 1.60818, -0.396126, -2.03474; 1, 4, 1, 0; 0.545999653445; 1, 0, 1; 1, 0, 0; 2, 1, 2 ;
0,88; 1.626564, -0.533280, -1.695694 / 1.626564, -0.533280, -1.695694 / 1.626564, -0.533280, -1.695694; 1, 4, 1, 0; 0.956680137977; 1, 0, 1; 1, 0, 0; 1, 6, 0 / 2, 1, 2 ;
1,89; 0.396664, -3.27361, -1.28665 / 0.396664, -3.27361, -1.28665 / 0.396664, -3.27361, -1.28665; 1, 8, 1, 0; 0.513252354055; 1, 0, 1; 1, 0, 0; 2, 1, 2 ;
1,90; 1.21554, -1.4323, -3.2186 / 1.21554, -1.4323, -3.2186 / 1.21554, -1.4323, -3.2186; 1, 3, 1, 0; 0.131214332056; 1, 0, 1; 1, 0, 0; 2, 1, 2 ;
0,90; 0.246677, -1.150166, -2.035557 / 0.246816, -1.149491, -2.034760 / 0.246537, -1.150842, -2.036354; 1, 5, 1, 0; 0.918329476250; 1, 0, 2; 1, 1, 0; 3, 1, 2 / 4, 6, 2 ;
0,90; 0.241960, -1.152534, -2.034707 / 0.241960, -1.152534, -2.034707 / 0.241960, -1.152534, -2.034707; 1, 5, 1, 0; 0.918329598775; 1, 0, 1; 1, 0, 0; 3, 1, 2 ;
0,90; 0.244053, -1.147032, -2.034728 / 0.244053, -1.147032, -2.034728 / 0.244053, -1.147032, -2.034728; 1, 5, 1, 0; 0.918330103578; 1, 0, 1; 1, 0, 0; 3, 1, 2 ;
0,90; 0.246999, -1.146983, -2.027972 / 0.246999, -1.146983, -2.027972 / 0.246999, -1.146983, -2.027972; 1, 5, 1, 0; 0.918338768537; 1, 0, 1; 1, 0, 0; 3, 1, 2 ;
0,90; -0.855581, -1.176612, -0.228951 / -0.855581, -1.176612, -0.228951 / -0.855581, -1.176612, -0.228951; 1, 16, 1, 0; 0.321937376773; 1, 0, 1; 1, 0, 0; 3, 1, 2 ;
1,91; -2.91291, 0.662948, -2.11112 / -2.91275, 0.663117, -2.11084 / -2.91306, 0.662779, -2.11139; 1, 6, 1, 0; 0.389371148431; 0, 2, 0; 1, 1, 0; 3, 1, 1 / 4, 3, 1 ;
0,91; -2.910771, 0.666028, -2.107814 / -2.910771, 0.666028, -2.107814 / -2.910771, 0.666028, -2.107814; 1, 6, 1, 0; 0.389370486796; 1, 0, 1; 1, 0, 0; 3, 1, 2 ;
1,92; -2.99603, -0.226156, 1.394 / -2.99603, -0.226156, 1.394 / -2.99603, -0.226156, 1.394; 1, 23, 1, 0; 0.732466823037; 1, 0, 1; 1, 0, 0; 2, 1, 2 ;
0,92; -4.191786, -0.630713, 1.500001 / -4.191786, -0.630713, 1.500001 / -4.191786, -0.630713, 1.500001; 1, 24, 1, 0; 0.626729746866; 1, 0, 1; 1, 0, 0; 3, 1, 2 ;
1,93; 1.62407, 1.48684, -1.06221 / 1.62408, 1.48688, -1.06218 / 1.62405, 1.48679, -1.06224; 1, 11, 1, 0; 0.884929553288; 2, 1, 1; 0, 2, 1; 1, 6, 1 / 4, 1, 2 ;
0,93; 1.640398, 1.476075, -1.065690 / 1.640890, 1.476251, -1.065667 / 1.639906, 1.475900, -1.065713; 1, 11, 1, 0; 0.884927127248; 2, 1, 1; 0, 2, 0; 1, 1, 1 / 1, 3, 2 ;
0,93; -1.726405, 3.588183, -0.340251 / -1.726405, 3.588183, -0.340251 / -1.726405, 3.588183, -0.340251; 1, 14, 1, 0; 0.177193248418; 0, 0, 0; 1, 0, 0; 2, 1, 3 / 2, 6, 0 ;
0,93; -1.724384, 3.589984, -0.339801 / -1.724384, 3.589984, -0.339801 / -1.724384, 3.589984, -0.339801; 1, 14, 1, 0; 0.177204666009; 0, 1, 0; 1, 0, 0; 3, 1, 1 / 4, 1, 0 ;
0,93; -1.721557, 3.592958, -0.343681 / -1.721557, 3.592958, -0.343681 / -1.721557, 3.592958, -0.343681; 1, 14, 1, 0; 0.177205373838; 1, 0, 1; 1, 0, 0; 1, 1, 0 / 2, 1, 2 ;
1,94; -1.30647, -0.364403, 0.791155 / -1.30589, -0.364065, 0.791319 / -1.30705, -0.364741, 0.790991; 1, 21, 1, 0; 0.405924827271; 2, 2, 1; 1, 2, 0; 1, 1, 1 / 1, 10, 2 / 3, 5, 1 ;
0,94; -1.302936, -0.362455, 0.789212 / -1.302936, -0.362455, 0.789212 / -1.302936, -0.362455, 0.789212; 1, 21, 1, 0; 0.405912349171; 0, 1, 0; 0, 1, 0; 1, 1, 1 / 4, 6, 0 ;
0,94; -1.299737, -0.360719, 0.787768 / -1.299737, -0.360719, 0.787768 / -1.299737, -0.360719, 0.787768; 1, 21, 1, 0; 0.405913156792; 0, 1, 0; 1, 0, 0; 2, 1, 1 ;
0,94; -1.292749, -0.355784, 0.782626 / -1.292749, -0.355784, 0.782626 / -1.292749, -0.355784, 0.782626; 1, 21, 1, 0; 0.405915113998; 1, 0, 1; 1, 0, 0; 2, 1, 2 ;
0,94; -1.300773, -0.363859, 0.797159 / -1.300773, -0.363859, 0.797159 / -1.300773, -0.363859, 0.797159; 1, 21, 1, 0; 0.405925241995; 1, 0, 1; 1, 0, 0; 2, 1, 2 ;
1,96; 2.99962, 0.42804, -2.64587 / 2.99962, 0.42804, -2.64587 / 2.99962, 0.42804, -2.64587; 1, 3, 1, 0; 0.674878524482; 1, 0, 1; 1, 0, 0; 2, 1, 2 ;
0,96; 2.996961, 0.431361, -2.650067 / 2.996961, 0.431361, -2.650067 / 2.996961, 0.431361, -2.650067; 1, 3, 1, 0; 0.674878725968; 1, 0, 1; 1, 0, 0; 2, 1, 2 ;
0,96; 2.086642, 0.439698, -2.331980 / 2.086642, 0.439698, -2.331980 / 2.086642, 0.439698, -2.331980; 1, 4, 1, 0; 0.468032539884; 1, 0, 1; 0, 1, 0; 4, 1, 2 ;
0,96; 2.090460, 0.444292, -2.333149 / 2.090460, 0.444292, -2.333149 / 2.090460, 0.444292, -2.333149; 1, 4, 1, 0; 0.468024903589; 1, 0, 1; 1, 0, 0; 2, 1, 2 ;
0,96; -1.536003, -0.165836, 0.181553 / -1.535068, -0.165462, 0.181837 / -1.536939, -0.166209, 0.181269; 1, 16, 1, 0; 0.696418237806; 1, 0, 2; 1, 1, 0; 2, 8, 2 / 4, 1, 2 ;
0,96; -1.533406, -0.167658, 0.184411 / -1.533406, -0.167658, 0.184411 / -1.533406, -0.167658, 0.184411; 1, 16, 1, 0; 0.696417400669; 1, 0, 1; 1, 0, 0; 2, 1, 2 ;
0,96; -3.761972, -0.827458, 2.061505 / -3.761972, -0.827458, 2.061505 / -3.761972, -0.827458, 2.061505; 1, 30, 1, 0; 0.552660759582; 1, 0, 1; 1, 0, 0; 2, 1, 2 ;
1,97; 2.31006, -0.0493526, -0.626058 / 2.31006, -0.0493526, -0.626058 / 2.31006, -0.0493526, -0.626058; 1, 12, 1, 0; 0.460903299415; 1, 0, 1; 1, 0, 0; 3, 1, 2 ;
0,97; 3.273276, 2.017858, -0.503249 / 3.273276, 2.017858, -0.503249 / 3.273276, 2.017858, -0.503249; 1, 13, 1, 0; 0.446534518055; 1, 0, 1; 0, 1, 0; 4, 1, 2 ;
0,97; 1.132741, -3.180683, -0.125481 / 1.132741, -3.180683, -0.125481 / 1.132741, -3.180683, -0.125481; 1, 15, 1, 0; 0.345161460342; 1, 0, 1; 1, 0, 0; 3, 1, 2 ;
1,100; 0.944584, 0.73439, -2.28604 / 0.944584, 0.73439, -2.28604 / 0.944584, 0.73439, -2.28604; 1, 4, 1, 0; 0.439538586459; 0, 0, 0; 0, 1, 0; 1, 1, 3 ;
1,102; -2.94399, 3.1217, -1.51512 / -2.94399, 3.1217, -1.51512 / -2.94399, 3.1217, -1.51512; 1, 7, 1, 0; 0.295398529937; 1, 0, 1; 1, 0, 0; 2, 1, 2 ;
0,102; -2.272112, 2.851654, -1.121416 / -2.272112, 2.851654, -1.121416 / -2.272112, 2.851654, -1.121416; 1, 7, 1, 0; 0.727248934066; 1, 0, 1; 1, 0, 0; 3, 1, 2 ;
0,102; 1.367905, 1.853669, 1.123999 / 1.367905, 1.853669, 1.123999 / 1.367905, 1.853669, 1.123999; 1, 26, 1, 0; 0.308745445973; 1, 0, 1; 1, 0, 0; 2, 1, 2 ;
0,102; 2.487582, 1.863708, 1.592602 / 2.487582, 1.863708, 1.592602 / 2.487582, 1.863708, 1.592602; 1, 28, 1, 0; 0.277909686616; 1, 0, 1; 1, 0, 0; 3, 1, 2 ;
0,102; 2.486138, 1.865553, 1.592692 / 2.486138, 1.865553, 1.592692 / 2.486138, 1.865553, 1.592692; 1, 28, 1, 0; 0.277909833952; 1, 0, 1; 1, 0, 0; 2, 1, 2 ;
0,102; 3.157987, 1.882351, 1.866275 / 3.157987, 1.882351, 1.866275 / 3.157987, 1.882351, 1.866275; 1, 28, 1, 0; 0.535965457037; 0, 1, 0; 1, 0, 0; 2, 1, 1 ;
1,103; 4.17894, 0.70698, -1.45848 / 4.17894, 0.70698, -1.45848 / 4.17894, 0.70698, -1.45848; 1, 12, 1, 0; 0.079373503751; 1, 0, 1; 1, 0, 0; 3, 1, 2 ;
1,105; 0.514473, -0.558713, 4.11707 / 0.51471, -0.558468, 4.11772 / 0.514235, -0.558957, 4.11643; 1, 46, 1, 0; 0.721857709134; 2, 1, 1; 1, 1, 0; 3, 1, 1 / 4, 3, 2 ;
0,105; 0.523631, -0.535522, 4.128254 / 0.523631, -0.535522, 4.128254 / 0.523631, -0.535522, 4.128254; 1, 46, 1, 0; 0.723013418730; 1, 0, 1; 0, 1, 0; 1, 1, 2 ;
0,105; 0.518447, -0.528243, 4.108486 / 0.518994, -0.528133, 4.108529 / 0.517901, -0.528353, 4.108443; 1, 46, 1, 0; 0.723016711476; 1, 0, 2; 2, 0, 0; 2, 5, 2 / 3, 1, 2 / 4, 4, 0 ;
0,105; 0.514594, -0.567013, 4.115574 / 0.514594, -0.567013, 4.115574 / 0.514594, -0.567013, 4.115574; 1, 46, 1, 0; 0.721856603125; 1, 0, 1; 1, 0, 0; 3, 1, 2 ;
0,105; 0.517344, -0.555333, 4.117614 / 0.517344, -0.555333, 4.117614 / 0.517344, -0.555333, 4.117614; 1, 46, 1, 0; 0.721858467540; 1, 0, 1; 1, 0, 0; 2, 1, 2 ;
0,105; 0.517713, -0.556976, 4.121490 / 0.517713, -0.556976, 4.121490 / 0.517713, -0.556976, 4.121490; 1, 46, 1, 0; 0.721869533947; 1, 0, 1; 1, 0, 0; 2, 1, 2 ;
0,105; 0.521340, -0.541855, 4.111150 / 0.521340, -0.541855, 4.111150 / 0.521340, -0.541855, 4.111150; 1, 46, 1, 0; 0.723015333705; 1, 0, 1; 1, 0, 0; 2, 1, 2 ;
0,105; 0.516770, -0.530701, 4.108439 / 0.516770, -0.530701, 4.108439 / 0.516770, -0.530701, 4.108439; 1, 46, 1, 0; 0.723016016270; 0, 1, 0; 1, 0, 0; 2, 1, 1 / 2, 9, 0 ;
0,105; 0.548150, -0.629655, 4.143266 / 0.548150, -0.629655, 4.143266 / 0.548150, -0.629655, 4.143266; 1, 46, 1, 0; 0.763903534551; 0, 1, 0; 1, 0, 0; 2, 1, 1 ;
1,106; 2.61373, 2.69473, -0.944826 / 2.61373, 2.69473, -0.944826 / 2.61373, 2.69473, -0.944826; 1, 11, 1, 0; 0.936599555760; 1, 0, 1; 1, 0, 0; 3, 1, 2 ;
1,107; 0.627909, 3.12114, -0.497517 / 0.627909, 3.12114, -0.497517 / 0.627909, 3.12114, -0.497517; 1, 13, 1, 0; 0.619235587677; 1, 0, 1; 1, 0, 0; 3, 1, 2 ;
0,107; 0.629121, 3.124653, -0.504267 / 0.629121, 3.124653, -0.504267 / 0.629121, 3.124653, -0.504267; 1, 13, 1, 0; 0.619236030839; 0, 1, 0; 1, 0, 0; 3, 1, 1 / 4, 7, 0 ;
0,107; 1.732338, -2.596067, 0.091142 / 1.732338, -2.596067, 0.091142 / 1.732338, -2.596067, 0.091142; 1, 15, 1, 0; 0.755729769406; 1, 0, 1; 0, 1, 0; 4, 1, 2 ;
0,107; 1.733442, -2.538135, 0.086799 / 1.733442, -2.538135, 0.086799 / 1.733442, -2.538135, 0.086799; 1, 15, 1, 0; 0.757245784846; 1, 0, 1; 1, 0, 0; 2, 1, 2 ;
0,107; 1.735500, -2.675404, 0.095709 / 1.735500, -2.675404, 0.095709 / 1.735500, -2.675404, 0.095709; 1, 15, 1, 0; 0.757644864933; 1, 0, 1; 1, 0, 0; 3, 1, 2 ;
0,107; 1.741897, -2.676934, 0.098724 / 1.741897, -2.676934, 0.098724 / 1.741897, -2.676934, 0.098724; 1, 15, 1, 0; 0.757645253365; 1, 0, 1; 1, 0, 0; 2, 1, 2 ;
0,107; 1.728159, -2.682664, 0.090677 / 1.728159, -2.682664, 0.090677 / 1.728159, -2.682664, 0.090677; 1, 15, 1, 0; 0.757655694141; 1, 0, 1; 1, 0, 0; 2, 1, 2 ;
0,107; 1.720263, -2.695163, 0.099616 / 1.720263, -2.695163, 0.099616 / 1.720263, -2.695163, 0.099616; 1, 15, 1, 0; 0.757660609811; 1, 0, 1; 1, 0, 0; 3, 1, 2 ;
0,107; 1.527119, 0.306791, -0.074391 / 1.527119, 0.306791, -0.074391 / 1.527119, 0.306791, -0.074391; 1, 16, 1, 0; 0.508491773284; 0, 1, 0; 0, 1, 0; 1, 1, 1 ;
0,107; 0.676565, 2.978468, -0.290524 / 0.676565, 2.978468, -0.290524 / 0.676565, 2.978468, -0.290524; 1, 17, 1, 0; 0.213222104121; 1, 0, 1; 1, 0, 0; 2, 1, 2 ;
1,109; 0.770671, 0.580134, -1.76331 / 0.770671, 0.580134, -1.76331 / 0.770671, 0.580134, -1.76331; 1, 11, 1, 0; 0.042622709566; 1, 0, 1; 1, 0, 0; 2, 1, 2 ;
1,111; 0.682009, -0.243536, 3.87671 / 0.682009, -0.243536, 3.87671 / 0.682009, -0.243536, 3.87671; 1, 46, 1, 0; 0.180565612862; 1, 0, 1; 0, 1, 0; 4, 1, 2 ;
0,111; 0.675114, -0.238751, 3.826686 / 0.675114, -0.238751, 3.826686 / 0.675114, -0.238751, 3.826686; 1, 46, 1, 0; 0.180519160495; 0, 1, 0; 1, 0, 0; 2, 1, 1 ;
0,111; 0.687233, -0.245294, 3.866080 / 0.687233, -0.245294, 3.866080 / 0.687233, -0.245294, 3.866080; 1, 46, 1, 0; 0.180555071018; 1, 0, 1; 1, 0, 0; 2, 1, 2 ;
1,113; -0.811172, -0.708921, -3.02939 / -0.811172, -0.708921, -3.02939 / -0.811172, -0.708921, -3.02939; 1, 2, 1, 0; 0.483983645488; 1, 0, 1; 1, 0, 0; 1, 6, 0 / 3, 1, 2 ;
0,113; -0.814592, -0.713071, -3.029420 / -0.814592, -0.713071, -3.029420 / -0.814592, -0.713071, -3.029420; 1, 2, 1, 0; 0.483984373270; 1, 0, 1; 1, 0, 0; 3, 1, 2 ;
0,113; 0.446320, 1.214064, -2.289624 / 0.446320, 1.214064, -2.289624 / 0.446320, 1.214064, -2.289624; 1, 4, 1, 0; 0.422055311758; 1, 0, 1; 1, 0, 0; 2, 1, 2 ;
0,113; 1.330070, 2.366125, -1.904154 / 1.330070, 2.366125, -1.904154 / 1.330070, 2.366125, -1.904154; 1, 4, 1, 0; 0.792537208300; 0, 0, 0; 1, 0, 0; 3, 1, 3 ;
0,113; 1.371340, 2.423387, -1.891175 / 1.371340, 2.423387, -1.891175 / 1.371340, 2.423387, -1.891175; 1, 4, 1, 0; 0.792975596094; 1, 0, 1; 1, 0, 0; 3, 1, 2 ;
0,113; 1.372067, 2.420034, -1.890613 / 1.372067, 2.420034, -1.890613 / 1.372067, 2.420034, -1.890613; 1, 4, 1, 0; 0.792975696837; 1, 0, 1; 1, 0, 0; 3, 1, 2 ;
0,113; -1.063222, -0.078866, -1.797594 / -1.063222, -0.078866, -1.797594 / -1.063222, -0.078866, -1.797594; 1, 6, 1, 0; 0.797156996513; 1, 0, 1; 0, 1, 0; 4, 1, 2 ;
0,113; -0.982033, 1.037796, 0.145712 / -0.981753, 1.037939, 0.146185 / -0.982312, 1.037653, 0.145239; 1, 16, 1, 0; 0.544666142954; 2, 1, 1; 2, 0, 0; 2, 1, 2 / 3, 4, 1 ;
0,113; -1.059207, 0.192505, -0.830343 / -1.059207, 0.192505, -0.830343 / -1.059207, 0.192505, -0.830343; 1, 16, 1, 0; 0.102319151558; 1, 0, 1; 1, 0, 0; 2, 1, 2 ;
0,113; -0.991506, 0.708904, -0.420408 / -0.991506, 0.708904, -0.420408 / -0.991506, 0.708904, -0.420408; 1, 16, 1, 0; 0.124267250386; 1, 0, 1; 1, 0, 0; 3, 1, 2 ;
0,113; -0.997676, 0.712678, -0.420045 / -0.997676, 0.712678, -0.420045 / -0.997676, 0.712678, -0.420045; 1, 16, 1, 0; 0.124268147797; 1, 0, 1; 1, 0, 0; 3, 1, 2 ;
0,113; -0.976967, 0.920229, -0.183265 / -0.976967, 0.920229, -0.183265 / -0.976967, 0.920229, -0.183265; 1, 16, 1, 0; 0.533897831747; 0, 1, 0; 1, 0, 0; 2, 1, 1 ;
0,113; -0.981517, 1.013239, 0.120971 / -0.981517, 1.013239, 0.120971 / -0.981517, 1.013239, 0.120971; 1, 16, 1, 0; 0.544646902190; 1, 0, 1; 1, 0, 0; 2, 1, 2 ;
0,113; -0.975460, 1.051364, 0.145340 / -0.975460, 1.051364, 0.145340 / -0.975460, 1.051364, 0.145340; 1, 16, 1, 0; 0.544848304027; 1, 0, 1; 1, 0, 0; 2, 1, 2 ;
0,113; -0.773461, 1.327997, 0.105509 / -0.773084, 1.328209, 0.106035 / -0.773837, 1.327785, 0.104983; 1, 17, 1, 0; 0.658889367804; 2, 1, 2; 1, 2, 1; 1, 6, 2 / 3, 1, 1 / 4, 1, 2 ;
0,113; -0.770395, 1.324543, 0.101013 / -0.770395, 1.324543, 0.101013 / -0.770395, 1.324543, 0.101013; 1, 17, 1, 0; 0.658878110973; 1, 0, 1; 1, 0, 0; 3, 1, 2 / 4, 6, 0 ;
1,114; 1.75866, 2.86135, 0.708237 / 1.75866, 2.86135, 0.708237 / 1.75866, 2.86135, 0.708237; 1, 20, 1, 0; 0.655474606838; 1, 0, 1; 1, 0, 0; 2, 1, 2 ;
1,115; 2.52896, 0.665336, 0.463998 / 2.52896, 0.665336, 0.463998 / 2.52896, 0.665336, 0.463998; 1, 19, 1, 0; 0.703510317509; 0, 0, 0; 0, 1, 0; 4, 1, 3 ;
0,115; 2.615014, 1.372404, 2.098452 / 2.615014, 1.372404, 2.098452 / 2.615014, 1.372404, 2.098452; 1, 28, 1, 0; 0.612700478474; 0, 1, 0; 0, 1, 0; 1, 1, 1 / 2, 2, 0 / 3, 2, 0 ;
0,115; 2.612960, 1.370740, 2.100119 / 2.612960, 1.370740, 2.100119 / 2.612960, 1.370740, 2.100119; 1, 28, 1, 0; 0.612700588976; 1, 0, 1; 1, 0, 0; 3, 1, 2 ;
0,115; 2.617439, 1.604948, 2.545693 / 2.618138, 1.605130, 2.546226 / 2.616740, 1.604766, 2.545160; 1, 35, 1, 0; 0.220236059906; 1, 0, 3; 2, 1, 0; 1, 8, 0 / 1, 9, 0 / 2, 3, 2 / 2, 9, 2 / 4, 1, 2 ;
0,115; 2.616327, 1.576085, 2.481933 / 2.616327, 1.576085, 2.481933 / 2.616327, 1.576085, 2.481933; 1, 35, 1, 0; 0.219572850728; 1, 0, 1; 1, 0, 0; 2, 1, 2 ;
0,115; 2.616623, 1.605626, 2.545911 / 2.616740, 1.606295, 2.546226 / 2.616507, 1.604958, 2.545595; 1, 35, 1, 0; 0.220235956851; 0, 1, 0; 1, 1, 0; 3, 1, 1 / 4, 9, 2 ;
1,116; -3.49929, 0.141055, -0.490457 / -3.49929, 0.141055, -0.490457 / -3.49929, 0.141055, -0.490457; 1, 10, 1, 0; 0.673857833850; 1, 0, 1; 0, 1, 0; 1, 1, 2 ;
0,116; -3.488452, 0.136457, -0.480864 / -3.488452, 0.136457, -0.480864 / -3.488452, 0.136457, -0.480864; 1, 10, 1, 0; 0.673849723603; 1, 0, 1; 1, 0, 0; 3, 1, 2 ;
0,116; -2.108643, -0.108411, 0.171777 / -2.108046, -0.107587, 0.172377 / -2.109239, -0.109236, 0.171177; 1, 14, 1, 0; 0.894057664066; 2, 4, 1; 3, 2, 0; 2, 1, 1 / 3, 3, 1 / 3, 10, 1 / 4, 9, 1 / 4, 10, 2 ;
0,116; -2.420967, -0.180552, 0.225998 / -2.420967, -0.180552, 0.225998 / -2.420967, -0.180552, 0.225998; 1, 14, 1, 0; 0.891309705383; 1, 0, 1; 0, 1, 0; 4, 1, 2 ;
0,116; -2.564062, -0.381402, 0.093590 / -2.564062, -0.381402, 0.093590 / -2.564062, -0.381402, 0.093590; 1, 14, 1, 0; 0.907408046847; 1, 0, 1; 0, 1, 0; 1, 1, 2 ;
0,116; -2.416848, -0.180568, 0.228307 / -2.416610, -0.180530, 0.228712 / -2.417086, -0.180605, 0.227902; 1, 14, 1, 0; 0.891309009864; 1, 0, 1; 2, 0, 0; 2, 1, 2 / 2, 4, 3 / 2, 6, 0 / 3, 4, 0 / 4, 7, 0 ;
0,116; -2.108238, -0.243683, 0.165182 / -2.108033, -0.243484, 0.165372 / -2.108443, -0.243881, 0.164992; 1, 14, 1, 0; 0.893865842384; 1, 0, 2; 2, 0, 0; 2, 1, 2 / 3, 2, 2 ;
0,116; -2.416113, -0.181531, 0.224531 / -2.416113, -0.181531, 0.224531 / -2.416113, -0.181531, 0.224531; 1, 14, 1, 0; 0.891308917539; 1, 0, 1; 1, 0, 0; 2, 1, 2 ;
0,116; -2.418308, -0.177083, 0.228698 / -2.418308, -0.177083, 0.228698 / -2.418308, -0.177083, 0.228698; 1, 14, 1, 0; 0.891320433610; 1, 0, 1; 1, 0, 0; 2, 1, 2 / 4, 6, 0 ;
0,116; -2.103831, -0.246626, 0.168044 / -2.103831, -0.246626, 0.168044 / -2.103831, -0.246626, 0.168044; 1, 14, 1, 0; 0.893866974911; 1, 0, 1; 1, 0, 0; 2, 1, 2 ;
0,116; -2.099394, -0.248612, 0.166375 / -2.099394, -0.248612, 0.166375 / -2.099394, -0.248612, 0.166375; 1, 14, 1, 0; 0.893867645810; 1, 0, 1; 1, 0, 0; 3, 1, 2 ;
0,116; -2.096530, -0.103961, 0.174454 / -2.096530, -0.103961, 0.174454 / -2.096530, -0.103961, 0.174454; 1, 14, 1, 0; 0.894056463834; 1, 0, 1; 1, 0, 0; 3, 1, 2 / 4, 9, 0 ;
0,116; -2.570067, -0.380786, 0.094311 / -2.570067, -0.380786, 0.094311 / -2.570067, -0.380786, 0.094311; 1, 14, 1, 0; 0.907419261322; 1, 0, 1; 1, 0, 0; 1, 3, 0 / 3, 1, 2 ;
1,118; -0.805909, 2.1759, 3.09912 / -0.805909, 2.1759, 3.09912 / -0.805909, 2.1759, 3.09912; 1, 43, 1, 0; 0.026801195726; 0, 1, 0; 0, 1, 0; 1, 1, 1 ;
0,118; -0.848523, 2.018686, 3.665624 / -0.848523, 2.018686, 3.665624 / -0.848523, 2.018686, 3.665624; 1, 45, 1, 0; 0.493684514906; 1, 0, 1; 1, 0, 0; 3, 1, 2 ;
1,119; -1.11239, -0.959441, -2.89873 / -1.11239, -0.959441, -2.89873 / -1.11239, -0.959441, -2.89873; 1, 5, 1, 0; 0.107915886183; 1, 0, 1; 0, 1, 0; 4, 1, 2 ;
0,119; -1.104676, -0.958627, -2.902179 / -1.104676, -0.958627, -2.902179 / -1.104676, -0.958627, -2.902179; 1, 5, 1, 0; 0.107906113599; 1, 0, 1; 1, 0, 0; 3, 1, 2 ;
0,119; -1.102914, -0.958198, -2.900293 / -1.102914, -0.958198, -2.900293 / -1.102914, -0.958198, -2.900293; 1, 5, 1, 0; 0.107914572717; 0, 1, 0; 1, 0, 0; 3, 1, 1 ;
0,119; -1.106942, -0.959061, -2.898455 / -1.106942, -0.959061, -2.898455 / -1.106942, -0.959061, -2.898455; 1, 5, 1, 0; 0.107915200044; 1, 0, 1; 1, 0, 0; 2, 1, 2 ;
1,121; -2.90185, 1.10671, -3.02593 / -2.90185, 1.10671, -3.02593 / -2.90185, 1.10671, -3.02593; 1, 2, 1, 0; 0.639276988821; 1, 0, 1; 1, 0, 0; 2, 1, 2 ;
0,121; 0.341592, 2.349061, 1.388762 / 0.341592, 2.349061, 1.388762 / 0.341592, 2.349061, 1.388762; 1, 30, 1, 0; 0.021097837056; 1, 0, 1; 0, 1, 0; 1, 1, 2 ;
0,121; 0.797135, 2.510822, 1.925791 / 0.797431, 2.510878, 1.926373 / 0.796839, 2.510766, 1.925210; 1, 30, 1, 0; 0.963728145542; 2, 2, 1; 3, 0, 0; 1, 9, 0 / 2, 4, 1 / 2, 6, 2 / 3, 1, 1 ;
0,121; 0.801397, 2.508281, 1.921671 / 0.801397, 2.508281, 1.921671 / 0.801397, 2.508281, 1.921671; 1, 30, 1, 0; 0.963729704139; 0, 1, 0; 1, 0, 0; 3, 1, 1 ;
0,121; 0.795775, 2.519421, 1.925091 / 0.795775, 2.519421, 1.925091 / 0.795775, 2.519421, 1.925091; 1, 30, 1, 0; 0.964013047409; 1, 0, 1; 1, 0, 0; 2, 1, 2 / 3, 6, 0 / 4, 8, 0 ;
0,121; 0.797294, 2.520017, 1.922711 / 0.797294, 2.520017, 1.922711 / 0.797294, 2.520017, 1.922711; 1, 30, 1, 0; 0.964013242233; 1, 0, 1; 1, 0, 0; 3, 1, 2 ;
0,121; 1.866264, 2.655524, 2.836029 / 1.866264, 2.655524, 2.836029 / 1.866264, 2.655524, 2.836029; 1, 40, 1, 0; 0.047161810467; 1, 0, 1; 1, 0, 0; 2, 1, 2 / 4, 2, 0 / 4, 6, 0 ;
1,122; 3.95648, 2.10314, -1.10635 / 3.95648, 2.10314, -1.10635 / 3.95648, 2.10314, -1.10635; 1, 12, 1, 0; 0.217238405359; 1, 0, 1; 1, 0, 0; 2, 1, 2 ;
0,122; 2.554255, 1.958066, 1.994026 / 2.554255, 1.958066, 1.994026 / 2.554255, 1.958066, 1.994026; 1, 28, 1, 0; 0.545508291343; 1, 0, 1; 1, 0, 0; 2, 1, 2 ;
0,122; 2.556056, 1.960848, 1.994467 / 2.556056, 1.960848, 1.994467 / 2.556056, 1.960848, 1.994467; 1, 28, 1, 0; 0.545509479240; 1, 0, 1; 1, 0, 0; 2, 1, 2 ;
1,123; -1.7185, -3.10977, -0.771844 / -1.71791, -3.1095, -0.771603 / -1.71908, -3.11004, -0.772085; 1, 9, 1, 0; 0.646543991064; 2, 1, 2; 1, 2, 0; 1, 1, 2 / 1, 3, 2 / 2, 1, 1 ;
1,124; 3.21086, 0.223676, -0.246925 / 3.21086, 0.223676, -0.246925 / 3.21086, 0.223676, -0.246925; 1, 19, 1, 0; 0.087282079873; 1, 0, 1; 1, 0, 0; 3, 1, 2 ;
0,124; 0.867629, -0.972187, 1.400772 / 0.867629, -0.972187, 1.400772 / 0.867629, -0.972187, 1.400772; 1, 23, 1, 0; 0.891900180166; 1, 0, 1; 1, 0, 0; 1, 1, 0 / 2, 1, 2 ;
1,125; 0.556669, -2.17924, 1.36138 / 0.556669, -2.17924, 1.36138 / 0.556669, -2.17924, 1.36138; 1, 22, 1, 0; 0.456592329206; 0, 1, 0; 0, 1, 0; 4, 1, 1 ;
0,125; 1.120528, -2.686297, 1.036955 / 1.120528, -2.686297, 1.036955 / 1.120528, -2.686297, 1.036955; 1, 22, 1, 0; 0.153369749012; 1, 0, 1; 1, 0, 0; 3, 1, 2 ;
1,126; -1.42249, -2.04319, -3.80062 / -1.42249, -2.04319, -3.80062 / -1.42249, -2.04319, -3.80062; 1, 1, 1, 0; 0.335309821251; 1, 0, 1; 0, 1, 0; 1, 1, 2 ;
0,126; -1.418339, -2.046740, -3.805155 / -1.418339, -2.046740, -3.805155 / -1.418339, -2.046740, -3.805155; 1, 1, 1, 0; 0.335302278430; 1, 0, 1; 1, 0, 0; 2, 1, 2 ;
0,126; -1.417725, -2.050379, -3.806681 / -1.417725, -2.050379, -3.806681 / -1.417725, -2.050379, -3.806681; 1, 1, 1, 0; 0.335302341715; 1, 0, 1; 1, 0, 0; 2, 1, 2 ;
0,126; -1.422418, -2.041766, -3.803879 / -1.422418, -2.041766, -3.803879 / -1.422418, -2.041766, -3.803879; 1, 1, 1, 0; 0.335302931060; 0, 1, 0; 1, 0, 0; 2, 1, 1 ;
0,126; -1.427976, -2.039631, -3.802870 / -1.427976, -2.039631, -3.802870 / -1.427976, -2.039631, -3.802870; 1, 1, 1, 0; 0.335303468985; 1, 0, 1; 1, 0, 0; 3, 1, 2 ;
0,126; -1.424879, -2.032613, -3.804942 / -1.424879, -2.032613, -3.804942 / -1.424879, -2.032613, -3.804942; 1, 1, 1, 0; 0.335304062285; 0, 1, 0; 1, 0, 0; 2, 1, 1 ;
0,126; -1.426369, -2.030615, -3.801534 / -1.426369, -2.030615, -3.801534 / -1.426369, -2.030615, -3.801534; 1, 1, 1, 0; 0.335304141392; 1, 0, 1; 1, 0, 0; 2, 1, 2 ;
0,126; -1.416416, -2.046202, -3.802215 / -1.416416, -2.046202, -3.802215 / -1.416416, -2.046202, -3.802215; 1, 1, 1, 0; 0.335309140933; 1, 0, 1; 1, 0, 0; 3, 1, 2 ;
0,126; 0.742293, -1.871681, -2.877270 / 0.742293, -1.871681, -2.877270 / 0.742293, -1.871681, -2.877270; 1, 3, 1, 0; 0.387884859182; 0, 0, 0; 0, 1, 0; 1, 1, 3 / 4, 4, 0 / 4, 6, 0 ;
1,127; 0.710444, -1.67435, -3.7753 / 0.710444, -1.67435, -3.7753 / 0.710444, -1.67435, -3.7753; 1, 1, 1, 0; 0.350046372327; 1, 0, 1; 1, 0, 0; 2, 2, 0 / 2, 3, 0 / 3, 1, 2 / 3, 2, 0 / 3, 3, 0 ;
1,128; -3.91164, 2.11599, -0.471119 / -3.91164, 2.11599, -0.471119 / -3.91164, 2.11599, -0.471119; 1, 14, 1, 0; 0.270444756710; 1, 0, 1; 0, 1, 0; 4, 1, 2 ;
0,128; -3.920319, 2.107990, -0.470888 / -3.919908, 2.107991, -0.470363 / -3.920731, 2.107989, -0.471412; 1, 14, 1, 0; 0.270445526089; 1, 0, 2; 2, 0, 0; 2, 1, 2 / 2, 6, 2 / 3, 1, 0 ;
0,128; -3.952545, 2.211043, -0.531536 / -3.952545, 2.211043, -0.531536 / -3.952545, 2.211043, -0.531536; 1, 14, 1, 0; 0.230607268112; 1, 0, 1; 1, 0, 0; 3, 1, 2 ;
0,128; -3.911468, 2.116113, -0.473765 / -3.911468, 2.116113, -0.473765 / -3.911468, 2.116113, -0.473765; 1, 14, 1, 0; 0.270444818260; 1, 0, 1; 1, 0, 0; 2, 1, 2 ;
0,128; -1.709772, -0.353992, 1.949836 / -1.709772, -0.353992, 1.949836 / -1.709772, -0.353992, 1.949836; 1, 30, 1, 0; 0.584978851781; 1, 0, 1; 1, 0, 0; 3, 1, 2 ;
0,128; 0.834111, -2.094756, 3.897767 / 0.834111, -2.094756, 3.897767 / 0.834111, -2.094756, 3.897767; 1, 45, 1, 0; 0.922901186830; 1, 0, 1; 1, 0, 0; 2, 1, 2 ;
1,130; 3.18084, 0.187727, -2.23335 / 3.18084, 0.187727, -2.23335 / 3.18084, 0.187727, -2.23335; 1, 4, 1, 0; 0.491678167450; 1, 0, 1; 1, 0, 0; 3, 1, 2 ;
1,132; 0.0191105, 3.40992, -0.214147 / 0.0191105, 3.40992, -0.214147 / 0.0191105, 3.40992, -0.214147; 1, 17, 1, 0; 0.260832677731; 1, 0, 1; 1, 0, 0; 3, 1, 2 ;
0,132; 0.373081, 4.155742, -0.091057 / 0.373081, 4.155742, -0.091057 / 0.373081, 4.155742, -0.091057; 1, 17, 1, 0; 0.332469828344; 1, 0, 1; 1, 0, 0; 3, 1, 2 ;
0,132; 0.048974, 3.926545, 0.409907 / 0.048974, 3.926545, 0.409907 / 0.048974, 3.926545, 0.409907; 1, 25, 1, 0; 0.259634640607; 1, 0, 1; 0, 1, 0; 4, 1, 2 ;
0,132; 0.045394, 3.933064, 0.405368 / 0.045394, 3.933064, 0.405368 / 0.045394, 3.933064, 0.405368; 1, 25, 1, 0; 0.259621053534; 1, 0, 1; 1, 0, 0; 3, 1, 2 ;
0,132; 0.049466, 3.933698, 0.403440 / 0.049466, 3.933698, 0.403440 / 0.049466, 3.933698, 0.403440; 1, 25, 1, 0; 0.259621953624; 1, 0, 1; 1, 0, 0; 2, 1, 2 ;
0,132; 0.175718, 3.980889, 0.402278 / 0.175718, 3.980889, 0.402278 / 0.175718, 3.980889, 0.402278; 1, 25, 1, 0; 0.260189370366; 1, 0, 1; 1, 0, 0; 2, 1, 2 ;
1,133; 1.41847, 3.33777, -1.77585 / 1.41847, 3.33777, -1.77585 / 1.41847, 3.33777, -1.77585; 1, 7, 1, 0; 0.127007985428; 1, 0, 1; 1, 0, 0; 2, 1, 2 ;
0,133; 1.409645, 3.341335, -1.778125 / 1.409645, 3.341335, -1.778125 / 1.409645, 3.341335, -1.778125; 1, 7, 1, 0; 0.127017895623; 1, 0, 1; 1, 0, 0; 1, 7, 0 / 1, 8, 0 / 2, 7, 0 / 3, 1, 2 / 4, 2, 0 ;
0,133; 1.411266, 3.347839, -1.775938 / 1.411266, 3.347839, -1.775938 / 1.411266, 3.347839, -1.775938; 1, 7, 1, 0; 0.127018151304; 0, 1, 0; 1, 0, 0; 2, 1, 1 ;
0,133; 0.434800, 2.523526, -1.497281 / 0.434800, 2.523526, -1.497281 / 0.434800, 2.523526, -1.497281; 1, 7, 1, 0; 0.339064995127; 1, 0, 1; 1, 0, 0; 2, 1, 2 ;
0,133; -1.674515, 1.129963, -0.871095 / -1.674455, 1.130613, -0.870407 / -1.674575, 1.129313, -0.871783; 1, 14, 1, 0; 0.069008128340; 0, 2, 0; 2, 0, 0; 3, 1, 1 / 3, 3, 0 / 3, 7, 1 ;
0,133; -1.671816, 1.127262, -0.870634 / -1.671816, 1.127262, -0.870634 / -1.671816, 1.127262, -0.870634; 1, 14, 1, 0; 0.069008239131; 1, 0, 1; 1, 0, 0; 2, 1, 2 ;
0,133; -1.674953, 1.129857, -0.873641 / -1.674953, 1.129857, -0.873641 / -1.674953, 1.129857, -0.873641; 1, 14, 1, 0; 0.069008885409; 1, 0, 1; 1, 0, 0; 3, 1, 2 ;
1,134; 1.93358, 0.707828, -1.3727 / 1.93358, 0.707828, -1.3727 / 1.93358, 0.707828, -1.3727; 1, 11, 1, 0; 0.321996161821; 1, 0, 1; 1, 0, 0; 3, 1, 2 ;
1,137; -1.42256, 0.743318, -3.53706 / -1.42256, 0.743318, -3.53706 / -1.42256, 0.743318, -3.53706; 1, 1, 1, 0; 0.677563435634; 0, 1, 0; 1, 0, 0; 2, 1, 1 ;
0,137; -0.093808, 0.208000, -0.156715 / -0.093436, 0.208396, -0.156054 / -0.094180, 0.207605, -0.157376; 1, 16, 1, 0; 0.492861335241; 2, 1, 1; 1, 1, 0; 2, 8, 2 / 4, 1, 1 ;
1,138; 0.14314, 1.36294, -0.145233 / 0.14314, 1.36294, -0.145233 / 0.14314, 1.36294, -0.145233; 1, 13, 1, 0; 0.832434101112; 1, 0, 1; 1, 0, 0; 2, 1, 2 ;
0,138; 0.573144, 0.707586, 0.151879 / 0.573144, 0.707586, 0.151879 / 0.573144, 0.707586, 0.151879; 1, 16, 1, 0; 0.592964644679; 1, 0, 1; 1, 0, 0; 3, 1, 2 ;
0,138; 1.711882, -0.634851, 1.065291 / 1.711882, -0.634851, 1.065291 / 1.711882, -0.634851, 1.065291; 1, 27, 1, 0; 0.148291885829; 1, 0, 1; 0, 1, 0; 1, 1, 2 ;
0,138; 1.709640, -0.631826, 1.064764 / 1.709640, -0.631826, 1.064764 / 1.709640, -0.631826, 1.064764; 1, 27, 1, 0; 0.148290854476; 0, 1, 0; 1, 0, 0; 3, 1, 1 ;
1,139; 0.225857, 0.840154, -2.91519 / 0.225857, 0.840154, -2.91519 / 0.225857, 0.840154, -2.91519; 1, 2, 1, 0; 0.618285889111; 1, 0, 1; 1, 0, 0; 2, 1, 2 ;
0,139; 0.232257, 0.838951, -2.912921 / 0.232257, 0.838951, -2.912921 / 0.232257, 0.838951, -2.912921; 1, 2, 1, 0; 0.618286336064; 1, 0, 1; 1, 0, 0; 2, 1, 2 ;
0,139; -0.247002, 0.652456, -3.075184 / -0.247002, 0.652456, -3.075184 / -0.247002, 0.652456, -3.075184; 1, 2, 1, 0; 0.619475859019; 1, 0, 1; 1, 0, 0; 2, 1, 2 ;
0,139; 2.698028, 2.068163, -1.979494 / 2.698028, 2.068163, -1.979494 / 2.698028, 2.068163, -1.979494; 1, 4, 1, 0; 0.759827617194; 0, 1, 0; 1, 0, 0; 2, 1, 1 ;
1,140; -2.01163, -0.744048, -0.273741 / -2.01137, -0.743857, -0.273487 / -2.0119, -0.744238, -0.273996; 1, 10, 1, 0; 0.782193151491; 2, 1, 2; 2, 1, 0; 2, 1, 2 / 3, 5, 2 / 4, 5, 1 ;
0,140; -2.013007, -0.742410, -0.273566 / -2.012908, -0.742243, -0.273257 / -2.013106, -0.742576, -0.273875; 1, 10, 1, 0; 0.782193081202; 0, 1, 0; 1, 1, 0; 1, 3, 3 / 2, 3, 0 / 3, 1, 1 / 3, 7, 0 / 3, 8, 0 / 4, 1, 0 / 4, 5, 0 ;
0,140; -1.645734, -0.360646, -0.841221 / -1.645734, -0.360646, -0.841221 / -1.645734, -0.360646, -0.841221; 1, 10, 1, 0; 0.381979489725; 0, 1, 0; 0, 1, 0; 3, 2, 0 / 4, 1, 1 ;
0,140; -2.010855, -0.745905, -0.274319 / -2.010855, -0.745905, -0.274319 / -2.010855, -0.745905, -0.274319; 1, 10, 1, 0; 0.782193259627; 1, 0, 1; 0, 1, 0; 1, 1, 2 ;
0,140; -1.637801, -0.354446, -0.848085 / -1.637383, -0.353862, -0.847415 / -1.638218, -0.355029, -0.848755; 1, 10, 1, 0; 0.381970173754; 2, 1, 2; 3, 0, 0; 1, 10, 0 / 2, 5, 2 / 3, 1, 1 / 3, 4, 2 ;
0,140; -1.649131, -0.357217, -0.849917 / -1.649131, -0.357217, -0.849917 / -1.649131, -0.357217, -0.849917; 1, 10, 1, 0; 0.381979257231; 1, 0, 1; 1, 0, 0; 2, 1, 2 ;
0,140; -3.701283, -0.736817, -0.530787 / -3.701283, -0.736817, -0.530787 / -3.701283, -0.736817, -0.530787; 1, 10, 1, 0; 0.605705332001; 1, 0, 1; 1, 0, 0; 3, 1, 2 ;
1,142; -2.36765, 1.02359, -0.798607 / -2.36765, 1.02359, -0.798607 / -2.36765, 1.02359, -0.798607; 1, 14, 1, 0; 0.074798084061; 0, 1, 0; 1, 0, 0; 3, 1, 1 ;
0,142; -3.615172, -1.974531, 0.943512 / -3.615172, -1.974531, 0.943512 / -3.615172, -1.974531, 0.943512; 1, 21, 1, 0; 0.703876883720; 1, 0, 1; 0, 1, 0; 1, 1, 2 ;
0,142; -3.610687, -1.977918, 0.936119 / -3.610687, -1.977918, 0.936119 / -3.610687, -1.977918, 0.936119; 1, 21, 1, 0; 0.703863074138; 1, 0, 1; 1, 0, 0; 3, 1, 2 / 4, 2, 0 ;
0,142; -3.614241, -1.974880, 0.939302 / -3.614241, -1.974880, 0.939302 / -3.614241, -1.974880, 0.939302; 1, 21, 1, 0; 0.703876687272; 1, 0, 1; 1, 0, 0; 3, 1, 2 ;
0,142; -2.927358, -1.987414, 1.594858 / -2.927358, -1.987414, 1.594858 / -2.927358, -1.987414, 1.594858; 1, 24, 1, 0; 0.642641764176; 1, 0, 1; 0, 1, 0; 4, 1, 2 ;
0,142; -2.071278, -1.617897, 1.762773 / -2.071278, -1.617897, 1.762773 / -2.071278, -1.617897, 1.762773; 1, 24, 1, 0; 0.657061413038; 1, 0, 1; 1, 0, 0; 3, 1, 2 ;
1,143; 3.6026, 0.918183, -0.177417 / 3.60272, 0.918289, -0.17719 / 3.60248, 0.918077, -0.177645; 1, 13, 1, 0; 0.950259477831; 1, 0, 2; 1, 1, 0; 1, 1, 2 / 2, 1, 2 ;
0,143; 3.599036, 0.920284, -0.177454 / 3.599036, 0.920284, -0.177454 / 3.599036, 0.920284, -0.177454; 1, 13, 1, 0; 0.950270267609; 1, 0, 1; 0, 1, 0; 1, 1, 2 ;
0,143; 3.597128, 0.918526, -0.171291 / 3.597128, 0.918526, -0.171291 / 3.597128, 0.918526, -0.171291; 1, 13, 1, 0; 0.950271289345; 1, 0, 1; 1, 0, 0; 2, 1, 2 ;
0,143; 2.359896, 0.282353, 0.759508 / 2.359896, 0.282353, 0.759508 / 2.359896, 0.282353, 0.759508; 1, 20, 1, 0; 0.910892115943; 0, 1, 0; 1, 0, 0; 3, 1, 1 ;
0,143; -2.317569, -1.191688, 3.148280 / -2.317569, -1.191688, 3.148280 / -2.317569, -1.191688, 3.148280; 1, 41, 1, 0; 0.020318287834; 1, 0, 1; 0, 1, 0; 1, 1, 2 ;
1,144; -3.33451, 0.523689, 0.0796187 / -3.33451, 0.523689, 0.0796187 / -3.33451, 0.523689, 0.0796187; 1, 14, 1, 0; 0.831314654032; 1, 0, 1; 1, 0, 0; 2, 1, 2 ;
1,145; 0.728034, 1.61503, -1.50064 / 0.728034, 1.61503, -1.50064 / 0.728034, 1.61503, -1.50064; 1, 7, 1, 0; 0.473567179154; 0, 1, 0; 1, 0, 0; 3, 1, 1 ;
0,145; -0.838773, 1.461620, -1.492627 / -0.838773, 1.461620, -1.492627 / -0.838773, 1.461620, -1.492627; 1, 7, 1, 0; 0.495578667411; 1, 0, 1; 1, 0, 0; 3, 1, 2 ;
0,145; 3.767360, 1.929534, -1.388546 / 3.767581, 1.929707, -1.388484 / 3.767140, 1.929360, -1.388607; 1, 12, 1, 0; 0.051811330752; 1, 0, 1; 1, 1, 0; 1, 1, 2 / 2, 1, 3 ;
0,145; 3.770371, 1.926302, -1.386420 / 3.771009, 1.926898, -1.386075 / 3.769733, 1.925706, -1.386765; 1, 12, 1, 0; 0.051811925818; 2, 1, 2; 3, 0, 0; 2, 1, 2 / 2, 5, 1 / 3, 2, 2 ;
1,146; 2.33046, -3.23263, 0.137067 / 2.33046, -3.23263, 0.137067 / 2.33046, -3.23263, 0.137067; 1, 15, 1, 0; 0.846681627984; 1, 0, 1; 1, 0, 0; 3, 1, 2 ;
1,147; -1.29624, -2.47755, 0.130352 / -1.29624, -2.47755, 0.130352 / -1.29624, -2.47755, 0.130352; 1, 16, 1, 0; 0.951512070850; 1, 0, 1; 1, 0, 0; 2, 1, 2 ;
1,148; -0.481661, -3.58613, 2.63159 / -0.481661, -3.58613, 2.63159 / -0.481661, -3.58613, 2.63159; 1, 33, 1, 0; 0.771547313462; 1, 0, 1; 1, 0, 0; 3, 1, 2 ;
1,149; 2.67422, 0.0512244, -2.0535 / 2.67422, 0.0512244, -2.0535 / 2.67422, 0.0512244, -2.0535; 1, 4, 1, 0; 0.598736908489; 1, 0, 1; 0, 1, 0; 1, 1, 2 ;
1,150; 2.07827, -0.395147, 0.129509 / 2.07843, -0.395136, 0.129523 / 2.07812, -0.395158, 0.129495; 1, 16, 1, 0; 0.748526169581; 2, 1, 1; 1, 1, 0; 3, 1, 2 / 4, 1, 1 ;
0,150; 2.079948, -0.396687, 0.124140 / 2.079948, -0.396687, 0.124140 / 2.079948, -0.396687, 0.124140; 1, 16, 1, 0; 0.748514375991; 1, 0, 1; 1, 0, 0; 2, 1, 2 ;
0,150; 2.069061, -0.391063, 0.126164 / 2.069061, -0.391063, 0.126164 / 2.069061, -0.391063, 0.126164; 1, 16, 1, 0; 0.748524046601; 1, 0, 1; 1, 0, 0; 2, 1, 2 ;
0,150; 2.073328, -0.393820, 0.128440 / 2.073328, -0.393820, 0.128440 / 2.073328, -0.393820, 0.128440; 1, 16, 1, 0; 0.748525004286; 1, 0, 1; 1, 0, 0; 3, 1, 2 / 3, 2, 0 ;
0,150; 2.081152, -0.398124, 0.128662 / 2.081152, -0.398124, 0.128662 / 2.081152, -0.398124, 0.128662; 1, 16, 1, 0; 0.748526953142; 1, 0, 1; 1, 0, 0; 2, 1, 2 ;
0,150; -1.402841, -3.816789, 0.366642 / -1.402650, -3.816640, 0.366676 / -1.403031, -3.816938, 0.366609; 1, 18, 1, 0; 0.161073311685; 2, 1, 1; 1, 1, 0; 1, 1, 1 / 2, 1, 2 ;
0,150; 3.702664, 1.685835, 0.212163 / 3.702664, 1.685835, 0.212163 / 3.702664, 1.685835, 0.212163; 1, 20, 1, 0; 0.336708680070; 1, 0, 1; 0, 1, 0; 1, 1, 2 ;
1,151; 1.22643, -2.02274, -0.700058 / 1.22645, -2.0226, -0.699955 / 1.2264, -2.02288, -0.70016; 1, 9, 1, 0; 0.517833206813; 0, 2, 0; 0, 2, 1; 1, 1, 1 / 4, 6, 1 ;
0,151; 1.229641, -2.037263, -0.710824 / 1.229642, -2.037262, -0.710822 / 1.229639, -2.037264, -0.710826; 1, 9, 1, 0; 0.517825280398; 2, 1, 1; 2, 0, 0; 2, 1, 1 / 2, 2, 2 ;
0,151; 1.490382, -2.056140, -0.763420 / 1.490427, -2.056037, -0.763100 / 1.490337, -2.056244, -0.763740; 1, 9, 1, 0; 0.520024584863; 1, 0, 2; 2, 0, 0; 3, 1, 2 / 3, 3, 2 ;
0,151; 1.477443, -2.076744, -0.759316 / 1.477443, -2.076744, -0.759316 / 1.477443, -2.076744, -0.759316; 1, 9, 1, 0; 0.520021805752; 1, 0, 1; 1, 0, 0; 3, 1, 2 ;
0,151; 1.482479, -2.064685, -0.757796 / 1.482479, -2.064685, -0.757796 / 1.482479, -2.064685, -0.757796; 1, 9, 1, 0; 0.520023352106; 0, 1, 0; 1, 0, 0; 2, 1, 1 ;
0,151; 1.936280, -0.518073, -0.740892 / 1.936280, -0.518073, -0.740892 / 1.936280, -0.518073, -0.740892; 1, 12, 1, 0; 0.499191876885; 1, 0, 1; 1, 0, 0; 3, 1, 2 ;
0,151; 1.297115, -1.623833, -0.527724 / 1.297115, -1.623833, -0.527724 / 1.297115, -1.623833, -0.527724; 1, 12, 1, 0; 0.658730351364; 1, 0, 1; 1, 0, 0; 2, 1, 2 ;
0,151; 1.462439, -1.333463, -0.466821 / 1.462439, -1.333463, -0.466821 / 1.462439, -1.333463, -0.466821; 1, 12, 1, 0; 0.705063649222; 1, 0, 1; 1, 0, 0; 2, 1, 2 ;
0,151; 1.465890, -1.331310, -0.464065 / 1.465890, -1.331310, -0.464065 / 1.465890, -1.331310, -0.464065; 1, 12, 1, 0; 0.705073542202; 1, 0, 1; 1, 0, 0; 1, 2, 0 / 2, 1, 2 ;
0,151; 1.500984, -1.288128, -0.440742 / 1.500984, -1.288128, -0.440742 / 1.500984, -1.288128, -0.440742; 1, 12, 1, 0; 0.705149064144; 1, 0, 1; 1, 0, 0; 3, 1, 2 ;
0,151; 1.729527, -0.963291, -0.490666 / 1.729527, -0.963291, -0.490666 / 1.729527, -0.963291, -0.490666; 1, 12, 1, 0; 0.715912162471; 0, 1, 0; 1, 0, 0; 2, 1, 1 ;
0,151; -0.658902, 1.184349, 0.128776 / -0.658902, 1.184349, 0.128776 / -0.658902, 1.184349, 0.128776; 1, 16, 1, 0; 0.546888621898; 1, 0, 1; 0, 1, 0; 4, 1, 2 ;
0,151; -0.738031, 1.227641, 0.145546 / -0.738031, 1.227641, 0.145546 / -0.738031, 1.227641, 0.145546; 1, 16, 1, 0; 0.548165182590; 1, 0, 1; 1, 0, 0; 2, 1, 2 ;
1,152; 0.181788, 1.55796, -0.199414 / 0.181788, 1.55796, -0.199414 / 0.181788, 1.55796, -0.199414; 1, 13, 1, 0; 0.812628883366; 1, 0, 1; 1, 0, 0; 3, 1, 2 ;
0,152; 0.178096, 1.556179, -0.200387 / 0.178096, 1.556179, -0.200387 / 0.178096, 1.556179, -0.200387; 1, 13, 1, 0; 0.812629585040; 1, 0, 1; 1, 0, 0; 3, 1, 2 ;
0,152; 0.473784, 0.804233, 0.144413 / 0.473860, 0.804389, 0.144442 / 0.473708, 0.804077, 0.144385; 1, 16, 1, 0; 0.591001658202; 2, 1, 1; 1, 1, 0; 3, 1, 2 / 4, 1, 1 ;
0,152; 1.541104, -1.885357, 1.745966 / 1.541104, -1.885357, 1.745966 / 1.541104, -1.885357, 1.745966; 1, 22, 1, 0; 0.965981884564; 1, 0, 1; 1, 0, 0; 3, 1, 2 ;
1,153; 3.23662, -0.952672, 1.13287 / 3.23662, -0.952672, 1.13287 / 3.23662, -0.952672, 1.13287; 1, 27, 1, 0; 0.171526264513; 0, 0, 0; 0, 1, 0; 4, 1, 3 ;
0,153; 3.238256, -0.953972, 1.140709 / 3.238256, -0.953972, 1.140709 / 3.238256, -0.953972, 1.140709; 1, 27, 1, 0; 0.171525923798; 1, 0, 1; 1, 0, 0; 3, 1, 2 ;
0,153; 2.611830, -0.992793, 2.250942 / 2.612124, -0.992790, 2.251156 / 2.611535, -0.992796, 2.250728; 1, 33, 1, 0; 0.325753400737; 2, 1, 1; 2, 0, 0; 2, 1, 2 / 3, 5, 1 ;
1,154; -1.40286, 0.449149, -0.742084 / -1.40286, 0.449149, -0.742084 / -1.40286, 0.449149, -0.742084; 1, 10, 1, 0; 0.327591829629; 1, 0, 1; 1, 0, 0; 3, 1, 2 ;
1,155; 0.245281, -0.21893, 2.91445 / 0.245731, -0.218596, 2.91454 / 0.244831, -0.219263, 2.91437; 1, 37, 1, 0; 0.835823153744; 1, 0, 1; 1, 1, 0; 1, 1, 2 / 3, 5, 3 ;
1,156; -1.67277, 2.71863, 0.104709 / -1.67277, 2.71863, 0.104709 / -1.67277, 2.71863, 0.104709; 1, 14, 1, 0; 0.659398259110; 1, 0, 1; 1, 0, 0; 3, 1, 2 ;
0,156; -1.845719, 0.323363, 0.691455 / -1.845719, 0.323363, 0.691455 / -1.845719, 0.323363, 0.691455; 1, 23, 1, 0; 0.176030440482; 1, 0, 1; 1, 0, 0; 3, 1, 2 ;
1,157; 3.12716, 0.646936, -2.70134 / 3.12795, 0.647111, -2.70095 / 3.12636, 0.646762, -2.70172; 1, 3, 1, 0; 0.692573902812; 1, 0, 2; 1, 1, 0; 3, 1, 2 / 4, 1, 0 / 4, 3, 2 ;
0,157; 2.824541, 0.401434, -2.575195 / 2.824541, 0.401434, -2.575195 / 2.824541, 0.401434, -2.575195; 1, 3, 1, 0; 0.674119899902; 1, 0, 1; 0, 1, 0; 4, 1, 2 ;
1,158; 0.74697, 3.05763, 2.01748 / 0.74697, 3.05763, 2.01748 / 0.74697, 3.05763, 2.01748; 1, 30, 1, 0; 0.970639424332; 1, 0, 1; 1, 0, 0; 2, 1, 2 ;
1,159; 0.642381, 2.66939, 0.723073 / 0.642429, 2.66942, 0.723167 / 0.642333, 2.66937, 0.722978; 1, 25, 1, 0; 0.545790570486; 2, 1, 1; 1, 1, 0; 3, 1, 2 / 4, 1, 1 ;
1,161; 2.177, 2.48445, -2.03051 / 2.1776, 2.48529, -2.02979 / 2.1764, 2.48361, -2.03122; 1, 4, 1, 0; 0.808845319697; 2, 3, 2; 3, 2, 0; 1, 9, 0 / 2, 1, 1 / 2, 6, 2 / 2, 10, 0 / 3, 5, 0 / 3, 6, 1 / 3, 10, 0 / 4, 6, 1 / 4, 10, 2 ;
0,161; 2.181696, 2.480313, -2.022997 / 2.182168, 2.480724, -2.022784 / 2.181223, 2.479903, -2.023209; 1, 4, 1, 0; 0.808844928815; 1, 0, 2; 1, 1, 0; 1, 7, 0 / 2, 3, 2 / 4, 1, 2 / 4, 3, 0 ;
0,161; 2.176573, 2.485936, -2.028949 / 2.176636, 2.485984, -2.028893 / 2.176510, 2.485888, -2.029006; 1, 4, 1, 0; 0.808845416410; 0, 2, 0; 1, 1, 0; 1, 3, 0 / 2, 3, 0 / 3, 1, 1 / 4, 1, 1 ;
0,161; 2.184820, 2.481536, -2.023307 / 2.184820, 2.481536, -2.023307 / 2.184820, 2.481536, -2.023307; 1, 4, 1, 0; 0.808844425102; 1, 0, 1; 0, 1, 0; 1, 1, 2 / 3, 9, 0 ;
0,161; 2.178450, 2.479743, -2.031843 / 2.178450, 2.479743, -2.031843 / 2.178450, 2.479743, -2.031843; 1, 4, 1, 0; 0.808845206865; 1, 0, 1; 0, 1, 0; 4, 1, 2 ;
0,161; 2.185566, 2.479012, -2.024376 / 2.185566, 2.479012, -2.024376 / 2.185566, 2.479012, -2.024376; 1, 4, 1, 0; 0.808844473458; 1, 0, 1; 1, 0, 0; 2, 1, 2 ;
0,161; 2.171800, 2.486430, -2.029755 / 2.171800, 2.486430, -2.029755 / 2.171800, 2.486430, -2.029755; 1, 4, 1, 0; 0.808845831470; 1, 0, 1; 1, 0, 0; 3, 1, 2 ;
0,161; 2.177081, 2.490240, -2.028756 / 2.177081, 2.490240, -2.028756 / 2.177081, 2.490240, -2.028756; 1, 4, 1, 0; 0.808845940272; 0, 1, 0; 1, 0, 0; 2, 1, 1 ;
0,161; 1.158088, 2.313741, -1.413630 / 1.158088, 2.313741, -1.413630 / 1.158088, 2.313741, -1.413630; 1, 7, 1, 0; 0.403032938869; 0, 1, 0; 0, 1, 0; 1, 1, 1 ;
0,161; 1.256447, 2.327308, -1.462131 / 1.256447, 2.327308, -1.462131 / 1.256447, 2.327308, -1.462131; 1, 7, 1, 0; 0.403656698177; 1, 0, 1; 0, 1, 0; 4, 1, 2 ;
0,161; -0.440509, 2.050981, -0.553335 / -0.440509, 2.050981, -0.553335 / -0.440509, 2.050981, -0.553335; 1, 13, 1, 0; 0.472605672727; 1, 0, 1; 1, 0, 0; 3, 1, 2 ;
0,161; -1.180939, 1.896267, -0.135738 / -1.180939, 1.896267, -0.135738 / -1.180939, 1.896267, -0.135738; 1, 17, 1, 0; 0.134179429989; 1, 0, 1; 1, 0, 0; 3, 1, 2 ;
0,161; -1.181435, 1.896758, -0.125144 / -1.181435, 1.896758, -0.125144 / -1.181435, 1.896758, -0.125144; 1, 17, 1, 0; 0.134191998025; 1, 0, 1; 1, 0, 0; 2, 1, 2 / 3, 10, 0 ;
1,162; 1.89754, 2.25164, -1.02009 / 1.89754, 2.25164, -1.02009 / 1.89754, 2.25164, -1.02009; 1, 11, 1, 0; 0.918349136925; 1, 0, 1; 0, 1, 0; 1, 1, 2 ;
1,163; 2.37288, -0.207454, 0.710077 / 2.37288, -0.207454, 0.710077 / 2.37288, -0.207454, 0.710077; 1, 20, 1, 0; 0.956093064390; 1, 0, 1; 1, 0, 0; 3, 1, 2 ;
0,163; 1.119879, 1.910505, 1.303211 / 1.119879, 1.910505, 1.303211 / 1.119879, 1.910505, 1.303211; 1, 31, 1, 0; 0.001338418221; 1, 0, 1; 1, 0, 0; 3, 1, 2 ;
1,164; -0.672389, 2.74441, 3.25225 / -0.672389, 2.74441, 3.25225 / -0.672389, 2.74441, 3.25225; 1, 43, 1, 0; 0.197583409601; 1, 0, 1; 1, 0, 0; 3, 1, 2 ;
0,164; -0.671890, 2.585550, 3.298995 / -0.671890, 2.585550, 3.298995 / -0.671890, 2.585550, 3.298995; 1, 43, 1, 0; 0.199526642340; 1, 0, 1; 1, 0, 0; 3, 1, 2 ;
1,165; -1.40119, -3.58867, -1.37163 / -1.40119, -3.58867, -1.37163 / -1.40119, -3.58867, -1.37163; 1, 9, 1, 0; 0.251895689241; 1, 0, 1; 1, 0, 0; 3, 1, 2 ;
1,166; 0.0953131, 1.05308, 2.7363 / 0.095321, 1.05318, 2.7366 / 0.0953053, 1.05299, 2.73599; 1, 38, 1, 0; 0.861094849281; 1, 0, 1; 1, 1, 0; 3, 1, 2 / 4, 2, 3 ;
1,167; 0.422777, 0.806145, -3.69182 / 0.422777, 0.806145, -3.69182 / 0.422777, 0.806145, -3.69182; 1, 1, 1, 0; 0.666188023884; 1, 0, 1; 1, 0, 0; 2, 1, 2 ;
0,167; 0.989392, 0.371685, -0.460294 / 0.989392, 0.371685, -0.460294 / 0.989392, 0.371685, -0.460294; 1, 12, 1, 0; 0.881909831413; 1, 0, 1; 1, 0, 0; 2, 1, 2 ;
0,167; 1.239612, 0.141010, 0.803250 / 1.239612, 0.141010, 0.803250 / 1.239612, 0.141010, 0.803250; 1, 20, 1, 0; 0.899200385858; 1, 0, 1; 0, 1, 0; 1, 1, 2 ;
1,168; -2.10324, -2.30358, -1.94411 / -2.10324, -2.30358, -1.94411 / -2.10324, -2.30358, -1.94411; 1, 5, 1, 0; 0.792905961668; 1, 0, 1; 1, 0, 0; 3, 1, 2 ;
1,169; 2.06977, -1.01052, 0.720727 / 2.06977, -1.01052, 0.720727 / 2.06977, -1.01052, 0.720727; 1, 19, 1, 0; 0.777521549044; 1, 0, 1; 0, 1, 0; 1, 1, 2 ;
0,169; 0.697411, 0.719495, 1.381246 / 0.697411, 0.719495, 1.381246 / 0.697411, 0.719495, 1.381246; 1, 26, 1, 0; 0.864182058206; 1, 0, 1; 1, 0, 0; 2, 1, 2 ;
0,169; 0.698866, 0.720185, 1.387025 / 0.698866, 0.720185, 1.387025 / 0.698866, 0.720185, 1.387025; 1, 26, 1, 0; 0.864197685483; 1, 0, 1; 1, 0, 0; 2, 1, 2 ;
0,169; -1.972756, 3.582209, 1.366707 / -1.972332, 3.582494, 1.366868 / -1.973179, 3.581923, 1.366546; 1, 29, 1, 0; 0.107562830958; 1, 0, 2; 1, 1, 0; 1, 5, 2 / 2, 1, 0 / 3, 1, 2 ;
0,169; -2.136722, 3.789685, 1.425712 / -2.136722, 3.789685, 1.425712 / -2.136722, 3.789685, 1.425712; 1, 29, 1, 0; 0.054201316236; 1, 0, 1; 0, 1, 0; 4, 1, 2 ;
0,169; -2.132460, 3.793690, 1.423119 / -2.132460, 3.793690, 1.423119 / -2.132460, 3.793690, 1.423119; 1, 29, 1, 0; 0.054218032193; 0, 1, 0; 1, 0, 0; 1, 3, 0 / 2, 3, 0 / 3, 1, 1 ;
1,170; 0.24488, -3.31299, -1.04355 / 0.24488, -3.31299, -1.04355 / 0.24488, -3.31299, -1.04355; 1, 8, 1, 0; 0.914832799983; 1, 0, 1; 0, 1, 0; 4, 1, 2 ;
0,170; -0.099713, -3.807224, 1.649869 / -0.099713, -3.807224, 1.649869 / -0.099713, -3.807224, 1.649869; 1, 22, 1, 0; 0.732935103696; 1, 0, 1; 0, 1, 0; 4, 1, 2 ;
1,171; -1.07907, 2.37542, -0.578624 / -1.0788, 2.376, -0.578566 / -1.07934, 2.37484, -0.578681; 1, 17, 1, 0; 0.098933760451; 2, 1, 1; 1, 1, 0; 2, 6, 1 / 2, 7, 0 / 4, 1, 2 / 4, 4, 0 ;
0,171; -1.073788, 2.376901, -0.572734 / -1.073788, 2.376901, -0.572734 / -1.073788, 2.376901, -0.572734; 1, 17, 1, 0; 0.098933167619; 1, 0, 1; 0, 1, 0; 4, 1, 2 ;
1,172; -3.70746, -1.8293, -1.46507 / -3.70746, -1.8293, -1.46507 / -3.70746, -1.8293, -1.46507; 1, 9, 1, 0; 0.149436456752; 1, 0, 1; 1, 0, 0; 2, 1, 2 ;
1,173; 1.96215, 3.51791, -0.99019 / 1.96254, 3.51827, -0.989921 / 1.96175, 3.51755, -0.990459; 1, 13, 1, 0; 0.111246437773; 1, 0, 2; 1, 1, 0; 3, 1, 0 / 3, 3, 2 / 4, 1, 2 ;
0,173; 0.745449, 1.432399, -0.288246 / 0.745449, 1.432399, -0.288246 / 0.745449, 1.432399, -0.288246; 1, 13, 1, 0; 0.835623788227; 1, 0, 1; 1, 0, 0; 2, 1, 2 ;
0,173; 0.064555, 0.054734, 0.098718 / 0.064555, 0.054734, 0.098718 / 0.064555, 0.054734, 0.098718; 1, 16, 1, 0; 0.679904606532; 1, 0, 1; 1, 0, 0; 3, 1, 2 ;
1,174; 4.15655, 0.49306, -0.896695 / 4.15655, 0.49306, -0.896695 / 4.15655, 0.49306, -0.896695; 1, 12, 1, 0; 0.415146483615; 1, 0, 1; 1, 0, 0; 2, 1, 2 ;
0,174; 3.149510, 1.654620, -0.391889 / 3.149510, 1.654620, -0.391889 / 3.149510, 1.654620, -0.391889; 1, 12, 1, 0; 0.976619633531; 1, 0, 1; 1, 0, 0; 1, 9, 0 / 3, 1, 2 ;
1,175; 3.69567, 0.608576, 0.851555 / 3.69567, 0.608576, 0.851555 / 3.69567, 0.608576, 0.851555; 1, 20, 1, 0; 0.877267827133; 1, 0, 1; 1, 0, 0; 3, 1, 2 ;
1,176; 3.32098, 2.08119, -0.777391 / 3.32098, 2.08119, -0.777391 / 3.32098, 2.08119, -0.777391; 1, 12, 1, 0; 0.277877575379; 1, 0, 1; 0, 1, 0; 1, 1, 2 ;
0,176; 3.317516, 2.082710, -0.775706 / 3.317516, 2.082710, -0.775706 / 3.317516, 2.082710, -0.775706; 1, 12, 1, 0; 0.277887359644; 1, 0, 1; 1, 0, 0; 3, 1, 2 ;
0,176; 2.913866, 2.336338, -0.034610 / 2.913866, 2.336338, -0.034610 / 2.913866, 2.336338, -0.034610; 1, 20, 1, 0; 0.017977991051; 1, 0, 1; 1, 0, 0; 3, 1, 2 ;
0,176; 2.886820, 2.351111, 0.011444 / 2.886820, 2.351111, 0.011444 / 2.886820, 2.351111, 0.011444; 1, 20, 1, 0; 0.270096934540; 1, 0, 1; 1, 0, 0; 3, 1, 2 ;
0,176; 1.672185, 2.907681, 1.795406 / 1.672185, 2.907681, 1.795406 / 1.672185, 2.907681, 1.795406; 1, 28, 1, 0; 0.370520151904; 1, 0, 1; 0, 1, 0; 1, 1, 2 ;
0,176; 1.672319, 2.910181, 1.797900 / 1.672319, 2.910181, 1.797900 / 1.672319, 2.910181, 1.797900; 1, 28, 1, 0; 0.370520271614; 1, 0, 1; 0, 1, 0; 1, 1, 2 ;
0,176; 1.558341, 2.969228, 1.963830 / 1.558604, 2.969403, 1.964644 / 1.558078, 2.969053, 1.963017; 1, 28, 1, 0; 0.457388779615; 1, 0, 2; 2, 0, 0; 2, 1, 2 / 3, 8, 2 ;
0,176; 1.692301, 2.907220, 1.770212 / 1.692301, 2.907220, 1.770212 / 1.692301, 2.907220, 1.770212; 1, 28, 1, 0; 0.370482249676; 1, 0, 1; 1, 0, 0; 3, 1, 2 ;
1,177; 1.66539, 1.37915, -2.29893 / 1.6656, 1.37934, -2.29829 / 1.66517, 1.37896, -2.29958; 1, 4, 1, 0; 0.391160668448; 0, 2, 0; 2, 0, 0; 2, 1, 1 / 2, 4, 1 ;
0,177; 1.665464, 1.377543, -2.305089 / 1.665464, 1.377543, -2.305089 / 1.665464, 1.377543, -2.305089; 1, 4, 1, 0; 0.391153294084; 1, 0, 1; 1, 0, 0; 2, 1, 2 ;
1,178; 3.53365, 0.901639, -1.67214 / 3.5339, 0.901791, -1.67143 / 3.53339, 0.901487, -1.67286; 1, 12, 1, 0; 0.016754913876; 0, 2, 0; 1, 1, 0; 1, 1, 1 / 3, 4, 1 ;
1,179; -2.24465, -3.64627, -1.68568 / -2.24465, -3.64627, -1.68568 / -2.24465, -3.64627, -1.68568; 1, 9, 1, 0; 0.009816037960; 1, 0, 1; 0, 1, 0; 1, 1, 2 ;
1,180; 3.24953, 0.672561, 2.85259 / 3.24953, 0.672561, 2.85259 / 3.24953, 0.672561, 2.85259; 1, 39, 1, 0; 0.215327015559; 1, 0, 1; 0, 1, 0; 1, 1, 2 ;
0,180; 3.248840, 0.672435, 2.850177 / 3.248840, 0.672435, 2.850177 / 3.248840, 0.672435, 2.850177; 1, 39, 1, 0; 0.215327298444; 1, 0, 1; 0, 1, 0; 1, 1, 2 ;
1,181; 1.35963, 2.65498, -0.94829 / 1.35963, 2.65498, -0.94829 / 1.35963, 2.65498, -0.94829; 1, 7, 1, 0; 0.700356301667; 1, 0, 1; 0, 1, 0; 1, 1, 2 ;
0,181; 1.642745, 2.646655, -0.909566 / 1.642745, 2.646655, -0.909566 / 1.642745, 2.646655, -0.909566; 1, 12, 1, 0; 0.240423275337; 1, 0, 1; 0, 1, 0; 1, 1, 2 ;
1,183; 3.86218, 0.880161, -1.14605 / 3.86218, 0.880161, -1.14605 / 3.86218, 0.880161, -1.14605; 1, 12, 1, 0; 0.188253548656; 1, 0, 1; 0, 1, 0; 1, 1, 2 ;
1,184; -2.87694, 0.0646917, -2.33375 / -2.87694, 0.0646917, -2.33375 / -2.87694, 0.0646917, -2.33375; 1, 6, 1, 0; 0.304097182810; 1, 0, 1; 1, 0, 0; 3, 1, 2 ;
0,184; 3.873640, -2.061034, 0.711701 / 3.873640, -2.061034, 0.711701 / 3.873640, -2.061034, 0.711701; 1, 19, 1, 0; 0.876377656390; 1, 0, 1; 0, 1, 0; 4, 1, 2 ;
0,184; 3.870826, -2.062528, 0.709473 / 3.870826, -2.062528, 0.709473 / 3.870826, -2.062528, 0.709473; 1, 19, 1, 0; 0.876390303798; 1, 0, 1; 0, 1, 0; 4, 1, 2 ;
0,184; 3.865908, -2.065728, 0.717840 / 3.865908, -2.065728, 0.717840 / 3.865908, -2.065728, 0.717840; 1, 19, 1, 0; 0.876392552708; 1, 0, 1; 1, 0, 0; 2, 1, 2 ;
0,184; 3.862021, -2.081024, 0.704628 / 3.862021, -2.081024, 0.704628 / 3.862021, -2.081024, 0.704628; 1, 19, 1, 0; 0.876398829410; 1, 0, 1; 1, 0, 0; 3, 1, 2 ;
0,184; 4.008174, -2.178191, 0.827554 / 4.008174, -2.178191, 0.827554 / 4.008174, -2.178191, 0.827554; 1, 19, 1, 0; 0.923255395215; 1, 0, 1; 1, 0, 0; 3, 1, 2 / 4, 2, 0 ;
1,185; -2.34303, -2.35545, 2.95102 / -2.34303, -2.35545, 2.95102 / -2.34303, -2.35545, 2.95102; 1, 35, 1, 0; 0.753130856411; 0, 1, 0; 1, 0, 0; 2, 1, 1 ;
0,185; -2.345334, -2.352366, 2.948598 / -2.345334, -2.352366, 2.948598 / -2.345334, -2.352366, 2.948598; 1, 35, 1, 0; 0.753132247651; 1, 0, 1; 1, 0, 0; 2, 1, 2 ;
1,186; -0.660232, 0.720727, -2.33148 / -0.660232, 0.720727, -2.33148 / -0.660232, 0.720727, -2.33148; 1, 4, 1, 0; 0.430295643484; 1, 0, 1; 1, 0, 0; 3, 1, 2 ;
0,186; -0.467830, 0.863359, -2.382366 / -0.467830, 0.863359, -2.382366 / -0.467830, 0.863359, -2.382366; 1, 4, 1, 0; 0.431731270929; 1, 0, 1; 1, 0, 0; 2, 1, 2 ;
0,186; -3.684190, -1.159814, -1.670189 / -3.684190, -1.159814, -1.670189 / -3.684190, -1.159814, -1.670189; 1, 6, 1, 0; 0.860949479563; 1, 0, 1; 1, 0, 0; 2, 1, 2 ;
0,186; -3.682245, -1.160495, -1.667676 / -3.682245, -1.160495, -1.667676 / -3.682245, -1.160495, -1.667676; 1, 6, 1, 0; 0.860949538375; 1, 0, 1; 1, 0, 0; 2, 1, 2 ;
1,187; 0.568911, -2.04209, -1.40016 / 0.568911, -2.04209, -1.40016 / 0.568911, -2.04209, -1.40016; 1, 8, 1, 0; 0.643788685810; 0, 1, 0; 0, 1, 0; 4, 1, 1 ;
1,188; 0.765263, -4.34728, 0.563255 / 0.765263, -4.34728, 0.563255 / 0.765263, -4.34728, 0.563255; 1, 15, 1, 0; 0.979906990699; 1, 0, 1; 0, 1, 0; 4, 1, 2 ;
0,188; -2.269009, -3.178906, 1.027038 / -2.269009, -3.178906, 1.027038 / -2.269009, -3.178906, 1.027038; 1, 18, 1, 0; 0.992519493708; 1, 0, 1; 0, 1, 0; 4, 1, 2 ;
0,188; -2.271737, -3.175438, 1.030569 / -2.271608, -3.175001, 1.030870 / -2.271866, -3.175875, 1.030269; 1, 18, 1, 0; 0.992520198131; 1, 0, 2; 2, 0, 0; 1, 4, 0 / 2, 3, 2 / 3, 1, 2 ;
0,188; -2.319556, -3.150911, 1.033215 / -2.319556, -3.150911, 1.033215 / -2.319556, -3.150911, 1.033215; 1, 18, 1, 0; 0.992786219239; 1, 0, 1; 1, 0, 0; 3, 1, 2 ;
1,189; 2.04948, 2.66288, -0.55922 / 2.04948, 2.66288, -0.55922 / 2.04948, 2.66288, -0.55922; 1, 13, 1, 0; 0.532648567169; 1, 0, 1; 1, 0, 0; 2, 1, 2 ;
1,190; -3.84839, -2.15133, 0.698071 / -3.84839, -2.15133, 0.698071 / -3.84839, -2.15133, 0.698071; 1, 21, 1, 0; 0.244521372111; 1, 0, 1; 0, 1, 0; 1, 1, 2 / 4, 2, 0 ;
0,190; -2.001094, -0.440543, 2.301805 / -2.001094, -0.440543, 2.301805 / -2.001094, -0.440543, 2.301805; 1, 36, 1, 0; 0.191433376359; 1, 0, 1; 1, 0, 0; 2, 1, 2 ;
1,191; -2.96177, 2.35345, -1.8576 / -2.96177, 2.35345, -1.8576 / -2.96177, 2.35345, -1.8576; 1, 6, 1, 0; 0.496605374823; 1, 0, 1; 1, 0, 0; 2, 1, 2 ;
0,191; -2.914335, 2.329818, -1.798525 / -2.914335, 2.329818, -1.798525 / -2.914335, 2.329818, -1.798525; 1, 6, 1, 0; 0.609159827328; 1, 0, 1; 1, 0, 0; 2, 1, 2 ;
0,191; 0.018997, -0.113095, 2.892036 / 0.018997, -0.113095, 2.892036 / 0.018997, -0.113095, 2.892036; 1, 37, 1, 0; 0.831766503181; 1, 0, 1; 0, 1, 0; 4, 1, 2 ;
1,193; -1.90252, 1.01522, -0.467426 / -1.90252, 1.01522, -0.467426 / -1.90252, 1.01522, -0.467426; 1, 14, 1, 0; 0.341315503427; 1, 0, 1; 0, 1, 0; 1, 1, 2 ;
0,193; -1.905157, 1.027249, -0.394871 / -1.905157, 1.027249, -0.394871 / -1.905157, 1.027249, -0.394871; 1, 14, 1, 0; 0.341379103408; 1, 0, 1; 1, 0, 0; 3, 1, 2 ;
0,193; -2.005162, 0.864696, 1.007746 / -2.004698, 0.864947, 1.008930 / -2.005626, 0.864444, 1.006562; 1, 23, 1, 0; 0.606768595579; 2, 1, 1; 0, 2, 1; 1, 1, 1 / 4, 8, 2 / 4, 10, 0 ;
0,193; -2.334409, 0.166515, 3.081626 / -2.334409, 0.166515, 3.081626 / -2.334409, 0.166515, 3.081626; 1, 37, 1, 0; 0.947158072950; 1, 0, 1; 0, 1, 0; 1, 1, 2 ;
1,197; 1.68068, 2.66783, -0.345314 / 1.68068, 2.66783, -0.345314 / 1.68068, 2.66783, -0.345314; 1, 13, 1, 0; 0.537518535889; 1, 0, 1; 1, 0, 0; 2, 1, 2 ;
0,197; 1.756538, 2.834323, -0.128561 / 1.756538, 2.834323, -0.128561 / 1.756538, 2.834323, -0.128561; 1, 20, 1, 0; 0.077551536924; 1, 0, 1; 1, 0, 0; 1, 3, 0 / 2, 1, 2 ;
1,199; -2.13328, -1.43228, -3.83283 / -2.13328, -1.43228, -3.83283 / -2.13328, -1.43228, -3.83283; 1, 1, 1, 0; 0.377733942138; 1, 0, 1; 0, 1, 0; 1, 1, 2 ;
0,199; -2.109211, -1.404401, -3.822177 / -2.109211, -1.404401, -3.822177 / -2.109211, -1.404401, -3.822177; 1, 1, 1, 0; 0.378150644403; 1, 0, 1; 1, 0, 0; 3, 1, 2 ;
0,199; -2.108983, -1.407991, -3.819494 / -2.108983, -1.407991, -3.819494 / -2.108983, -1.407991, -3.819494; 1, 1, 1, 0; 0.378150715599; 1, 0, 1; 1, 0, 0; 3, 1, 2 ;
0,199; 0.447751, 0.907165, -2.872665 / 0.447803, 0.907369, -2.872589 / 0.447699, 0.906960, -2.872742; 1, 2, 1, 0; 0.617306607938; 0, 2, 0; 0, 2, 0; 4, 1, 1 / 4, 2, 1 ;
0,199; 1.403383, 1.870533, -2.652137 / 1.403383, 1.870533, -2.652137 / 1.403383, 1.870533, -2.652137; 1, 4, 1, 0; 0.109815709410; 1, 0, 1; 1, 0, 0; 3, 1, 2 ;
