1,2; 2.22952, -1.68612, 2.70271 / 2.22952, -1.68612, 2.70271 / 2.22952, -1.68612, 2.70271; 1, 34, 1, 0; 0.425333600253; 1, 0, 1; 1, 0, 0; 2, 1, 2 / 3, 3, 0 / 4, 4, 0 ;
0,2; 0.569357, -1.864249, 3.219832 / 0.569357, -1.864249, 3.219832 / 0.569357, -1.864249, 3.219832; 1, 40, 1, 0; 0.639546974697; 1, 0, 1; 0, 1, 0; 4, 1, 2 ;
0,2; 0.569519, -1.863033, 3.218501 / 0.569519, -1.863033, 3.218501 / 0.569519, -1.863033, 3.218501; 1, 40, 1, 0; 0.639546770391; 1, 0, 1; 1, 0, 0; 2, 1, 2 ;
0,2; -0.609916, -2.413056, 3.269600 / -0.609916, -2.413056, 3.269600 / -0.609916, -2.413056, 3.269600; 1, 40, 1, 0; 0.747427832783; 1, 0, 1; 1, 0, 0; 2, 1, 2 ;
0,2; -0.789535, -2.490104, 3.261635 / -0.789535, -2.490104, 3.261635 / -0.789535, -2.490104, 3.261635; 1, 40, 1, 0; 0.879315998743; 0, 1, 0; 1, 0, 0; 3, 1, 1 ;
1,4; -0.0925455, 3.13468, -2.96048 / -0.0925455, 3.13468, -2.96048 / -0.0925455, 3.13468, -2.96048; 1, 2, 1, 0; 0.815886841081; 1, 0, 1; 1, 0, 0; 2, 1, 2 ;
1,5; 1.8871, 2.0233, 3.13838 / 1.8871, 2.0233, 3.13838 / 1.8871, 2.0233, 3.13838; 1, 42, 1, 0; 0.841350986553; 1, 0, 1; 1, 0, 0; 3, 1, 2 ;
0,5; 1.030148, 0.735173, 3.653018 / 1.030148, 0.735173, 3.653018 / 1.030148, 0.735173, 3.653018; 1, 45, 1, 0; 0.047535521795; 1, 0, 1; 1, 0, 0; 3, 1, 2 ;
0,5; -0.182849, -1.032660, 4.397993 / -0.182849, -1.032660, 4.397993 / -0.182849, -1.032660, 4.397993; 1, 46, 1, 0; 0.867160742884; 0, 1, 0; 1, 0, 0; 3, 1, 1 ;
1,7; 3.00268, -0.720603, 0.449092 / 3.00268, -0.720603, 0.449092 / 3.00268, -0.720603, 0.449092; 1, 19, 1, 0; 0.519885536976; 0, 1, 0; 1, 0, 0; 3, 1, 1 ;
0,7; 3.496626, 1.258841, 2.509383 / 3.496626, 1.258841, 2.509383 / 3.496626, 1.258841, 2.509383; 1, 35, 1, 0; 0.154099893596; 0, 1, 0; 0, 1, 0; 1, 1, 1 / 2, 1, 0 ;
0,7; 3.530795, 1.378651, 2.637432 / 3.530795, 1.378651, 2.637432 / 3.530795, 1.378651, 2.637432; 1, 35, 1, 0; 0.157513274747; 1, 0, 1; 1, 0, 0; 3, 1, 2 ;
1,8; 3.31764, 1.37487, -0.781382 / 3.31798, 1.37526, -0.781142 / 3.3173, 1.37449, -0.781623; 1, 12, 1, 0; 0.322327299131; 1, 0, 2; 1, 1, 0; 1, 5, 2 / 3, 1, 2 ;
0,8; 1.517927, 1.998672, 0.213696 / 1.517927, 1.998672, 0.213696 / 1.517927, 1.998672, 0.213696; 1, 20, 1, 0; 0.312178796320; 1, 0, 1; 1, 0, 0; 2, 1, 2 ;
1,11; -2.29209, -2.707, 1.63816 / -2.29209, -2.707, 1.63816 / -2.29209, -2.707, 1.63816; 1, 32, 1, 0; 0.124734189040; 1, 0, 1; 1, 0, 0; 2, 1, 2 ;
1,12; 1.32421, -0.211015, -1.94723 / 1.3243, -0.210717, -1.94716 / 1.32412, -0.211313, -1.94731; 1, 4, 1, 0; 0.573804494735; 2, 1, 1; 1, 1, 0; 3, 1, 2 / 4, 1, 1 ;
0,12; 1.322860, -0.215051, -1.951469 / 1.322860, -0.215051, -1.951469 / 1.322860, -0.215051, -1.951469; 1, 4, 1, 0; 0.573803938636; 1, 0, 1; 0, 1, 0; 4, 1, 2 ;
0,12; 1.336928, -0.210318, -1.942169 / 1.336928, -0.210318, -1.942169 / 1.336928, -0.210318, -1.942169; 1, 4, 1, 0; 0.573806428995; 1, 0, 1; 1, 0, 0; 3, 1, 2 ;
0,12; -0.063429, 0.559662, 2.975841 / -0.063429, 0.559662, 2.975841 / -0.063429, 0.559662, 2.975841; 1, 39, 1, 0; 0.130157441458; 1, 0, 1; 1, 0, 0; 2, 1, 2 ;
1,14; -0.436718, -3.9055, -2.03773 / -0.436718, -3.9055, -2.03773 / -0.436718, -3.9055, -2.03773; 1, 5, 1, 0; 0.637864729597; 0, 1, 0; 0, 1, 0; 1, 1, 1 ;
0,14; -0.426571, -3.896581, -2.048689 / -0.426571, -3.896581, -2.048689 / -0.426571, -3.896581, -2.048689; 1, 5, 1, 0; 0.637857402610; 1, 0, 1; 1, 0, 0; 3, 1, 2 ;
1,16; 0.0942935, 0.263997, -4.41794 / 0.0942935, 0.263997, -4.41794 / 0.0942935, 0.263997, -4.41794; 1, 1, 1, 0; 0.051350568302; 0, 1, 0; 0, 1, 0; 1, 1, 1 ;
0,16; 0.254329, 1.963977, -3.213760 / 0.254527, 1.964225, -3.213680 / 0.254131, 1.963730, -3.213841; 1, 2, 1, 0; 0.231106029826; 2, 1, 1; 1, 1, 0; 3, 2, 2 / 4, 1, 1 ;
0,16; 0.254837, 1.959162, -3.218584 / 0.254837, 1.959162, -3.218584 / 0.254837, 1.959162, -3.218584; 1, 2, 1, 0; 0.231099159413; 1, 0, 1; 1, 0, 0; 3, 1, 2 / 4, 4, 0 ;
0,16; 0.256506, 1.962780, -3.216776 / 0.256506, 1.962780, -3.216776 / 0.256506, 1.962780, -3.216776; 1, 2, 1, 0; 0.231099222698; 0, 1, 0; 1, 0, 0; 3, 1, 1 ;
0,16; 0.645832, 4.048530, -1.790503 / 0.646278, 4.049035, -1.789743 / 0.645386, 4.048026, -1.791263; 1, 7, 1, 0; 0.171694755779; 2, 2, 2; 2, 2, 1; 1, 6, 1 / 3, 1, 1 / 3, 4, 2 / 4, 2, 2 ;
0,16; 0.647317, 4.048456, -1.793560 / 0.647317, 4.048456, -1.793560 / 0.647317, 4.048456, -1.793560; 1, 7, 1, 0; 0.171685904103; 1, 0, 1; 1, 0, 0; 2, 1, 2 ;
1,17; 2.14346, -2.95309, -1.93877 / 2.14381, -2.95247, -1.93871 / 2.14311, -2.95372, -1.93884; 1, 8, 1, 0; 0.016864763173; 0, 2, 0; 2, 0, 0; 2, 9, 1 / 3, 1, 1 ;
0,17; 2.028683, -2.869534, -1.789729 / 2.028683, -2.869534, -1.789729 / 2.028683, -2.869534, -1.789729; 1, 8, 1, 0; 0.324149502803; 0, 0, 0; 1, 0, 0; 2, 1, 3 ;
0,17; 2.032634, -2.868476, -1.785117 / 2.032634, -2.868476, -1.785117 / 2.032634, -2.868476, -1.785117; 1, 8, 1, 0; 0.324149635757; 1, 0, 1; 1, 0, 0; 3, 1, 2 / 4, 1, 0 ;
0,17; 2.000872, -2.848481, -1.752786 / 2.000872, -2.848481, -1.752786 / 2.000872, -2.848481, -1.752786; 1, 8, 1, 0; 0.324429938810; 1, 0, 1; 1, 0, 0; 2, 1, 2 ;
1,19; -1.03786, 3.18629, -0.847829 / -1.03786, 3.18629, -0.847829 / -1.03786, 3.18629, -0.847829; 1, 17, 1, 0; 0.016833573256; 1, 0, 1; 1, 0, 0; 2, 1, 2 ;
1,20; -3.26657, 2.92942, -0.0561565 / -3.26657, 2.92942, -0.0561565 / -3.26657, 2.92942, -0.0561565; 1, 14, 1, 0; 0.587089092908; 1, 0, 1; 1, 0, 0; 2, 1, 2 ;
0,20; -2.675361, 2.251650, 2.349220 / -2.675361, 2.251650, 2.349220 / -2.675361, 2.251650, 2.349220; 1, 37, 1, 0; 0.218603299105; 0, 1, 0; 0, 1, 0; 1, 1, 1 ;
1,21; 0.520874, -0.877651, 1.35081 / 0.520874, -0.877651, 1.35081 / 0.520874, -0.877651, 1.35081; 1, 23, 1, 0; 0.872290315238; 1, 0, 1; 1, 0, 0; 2, 1, 2 ;
0,21; -0.124511, -0.593455, 1.670658 / -0.124511, -0.593455, 1.670658 / -0.124511, -0.593455, 1.670658; 1, 27, 1, 0; 0.762655209438; 1, 0, 1; 1, 0, 0; 2, 1, 2 ;
1,23; 0.939528, -1.06566, -1.47286 / 0.939528, -1.06566, -1.47286 / 0.939528, -1.06566, -1.47286; 1, 8, 1, 0; 0.737704997336; 0, 1, 0; 1, 0, 0; 2, 1, 1 ;
0,23; 3.097253, -2.301481, -0.165883 / 3.097253, -2.301481, -0.165883 / 3.097253, -2.301481, -0.165883; 1, 15, 1, 0; 0.486089738438; 1, 0, 1; 0, 1, 0; 1, 1, 2 ;
1,24; 4.17673, -1.05319, -0.893304 / 4.17673, -1.05319, -0.893304 / 4.17673, -1.05319, -0.893304; 1, 12, 1, 0; 0.536495722388; 1, 0, 1; 1, 0, 0; 3, 1, 2 ;
0,24; 4.177179, -1.056094, -0.893596 / 4.177179, -1.056094, -0.893596 / 4.177179, -1.056094, -0.893596; 1, 12, 1, 0; 0.536495831102; 1, 0, 1; 1, 0, 0; 2, 1, 2 ;
0,24; -0.762551, -0.749536, 3.191790 / -0.762551, -0.749536, 3.191790 / -0.762551, -0.749536, 3.191790; 1, 41, 1, 0; 0.283359619148; 1, 0, 1; 1, 0, 0; 2, 1, 2 ;
0,24; -1.145002, -0.683499, 3.618957 / -1.145002, -0.683499, 3.618957 / -1.145002, -0.683499, 3.618957; 1, 44, 1, 0; 0.231956406325; 1, 0, 1; 1, 0, 0; 2, 1, 2 ;
1,25; -0.901693, -2.69241, -2.30504 / -0.901693, -2.69241, -2.30504 / -0.901693, -2.69241, -2.30504; 1, 5, 1, 0; 0.563667399856; 0, 1, 0; 0, 1, 0; 4, 1, 1 ;
0,25; -0.907611, -2.714230, -2.303099 / -0.907611, -2.714230, -2.303099 / -0.907611, -2.714230, -2.303099; 1, 5, 1, 0; 0.563649148550; 1, 0, 1; 1, 0, 0; 3, 1, 2 ;
0,25; -0.900961, -2.697066, -2.302166 / -0.900961, -2.697066, -2.302166 / -0.900961, -2.697066, -2.302166; 1, 5, 1, 0; 0.563658886827; 1, 0, 1; 1, 0, 0; 2, 1, 2 ;
0,25; -0.901848, -2.692355, -2.304067 / -0.901848, -2.692355, -2.304067 / -0.901848, -2.692355, -2.304067; 1, 5, 1, 0; 0.563667448865; 1, 0, 1; 1, 0, 0; 3, 1, 2 ;
0,25; -0.895650, -2.684359, -2.305012 / -0.895650, -2.684359, -2.305012 / -0.895650, -2.684359, -2.305012; 1, 5, 1, 0; 0.563667801737; 0, 1, 0; 1, 0, 0; 3, 1, 1 ;
0,25; -0.479569, -0.949649, -1.901663 / -0.479569, -0.949649, -1.901663 / -0.479569, -0.949649, -1.901663; 1, 5, 1, 0; 0.922926148867; 1, 0, 1; 1, 0, 0; 2, 1, 2 ;
1,26; 3.15963, -1.66791, -0.0971096 / 3.15963, -1.66791, -0.0971096 / 3.15963, -1.66791, -0.0971096; 1, 15, 1, 0; 0.580657280014; 1, 0, 1; 1, 0, 0; 2, 1, 2 ;
1,27; 3.43632, -2.65362, -0.442283 / 3.43632, -2.65362, -0.442283 / 3.43632, -2.65362, -0.442283; 1, 15, 1, 0; 0.125390105975; 1, 0, 1; 1, 0, 0; 3, 1, 2 ;
0,27; 3.495757, -2.673983, -0.453074 / 3.495757, -2.673983, -0.453074 / 3.495757, -2.673983, -0.453074; 1, 15, 1, 0; 0.126872957385; 1, 0, 1; 1, 0, 0; 2, 1, 2 ;
1,28; 0.416535, -2.5411, -1.99102 / 0.416535, -2.5411, -1.99102 / 0.416535, -2.5411, -1.99102; 1, 5, 1, 0; 0.762140342932; 1, 0, 1; 1, 0, 0; 3, 1, 2 ;
0,28; 0.598576, -2.507090, -1.999620 / 0.598576, -2.507090, -1.999620 / 0.598576, -2.507090, -1.999620; 1, 5, 1, 0; 0.762923311191; 1, 0, 1; 1, 0, 0; 3, 1, 2 ;
0,28; 2.343608, -2.218818, -2.065704 / 2.343608, -2.218818, -2.065704 / 2.343608, -2.218818, -2.065704; 1, 8, 1, 0; 0.042414211362; 1, 0, 1; 0, 1, 0; 4, 1, 2 ;
0,28; 3.236750, -2.084237, -2.070904 / 3.236750, -2.084237, -2.070904 / 3.236750, -2.084237, -2.070904; 1, 8, 1, 0; 0.053591049529; 1, 0, 1; 1, 0, 0; 3, 1, 2 ;
1,33; 2.00436, -3.77162, -1.46042 / 2.00436, -3.77162, -1.46042 / 2.00436, -3.77162, -1.46042; 1, 8, 1, 0; 0.448077023383; 1, 0, 1; 1, 0, 0; 2, 1, 2 ;
0,33; 2.758777, -1.730495, -0.428120 / 2.758777, -1.730495, -0.428120 / 2.758777, -1.730495, -0.428120; 1, 12, 1, 0; 0.669321950399; 0, 0, 0; 0, 1, 0; 1, 1, 3 / 4, 4, 0 ;
0,33; 2.751445, -1.730931, -0.426687 / 2.751445, -1.730931, -0.426687 / 2.751445, -1.730931, -0.426687; 1, 12, 1, 0; 0.669322831555; 1, 0, 1; 1, 0, 0; 2, 1, 2 ;
0,33; 2.922083, -1.286925, -0.209237 / 2.922083, -1.286925, -0.209237 / 2.922083, -1.286925, -0.209237; 1, 16, 1, 0; 0.280015269384; 0, 1, 0; 1, 0, 0; 2, 1, 1 ;
1,34; -3.25662, -1.87098, 2.3583 / -3.25662, -1.87098, 2.3583 / -3.25662, -1.87098, 2.3583; 1, 36, 1, 0; 0.004951306606; 1, 0, 1; 1, 0, 0; 2, 1, 2 ;
1,35; 3.16101, -0.878777, -2.395 / 3.16101, -0.878777, -2.395 / 3.16101, -0.878777, -2.395; 1, 3, 1, 0; 0.822773308833; 1, 0, 1; 1, 0, 0; 2, 1, 2 ;
0,35; -0.245907, -1.684776, -1.821764 / -0.245907, -1.684776, -1.821764 / -0.245907, -1.684776, -1.821764; 1, 8, 1, 0; 0.214894183871; 1, 0, 1; 1, 0, 0; 3, 1, 2 ;
1,36; 3.70117, 1.0472, -0.980885 / 3.70141, 1.04722, -0.980421 / 3.70092, 1.04718, -0.981349; 1, 12, 1, 0; 0.198507613417; 1, 0, 2; 2, 0, 0; 2, 1, 2 / 3, 3, 2 ;
0,36; 1.551801, 2.279157, 2.663157 / 1.551801, 2.279157, 2.663157 / 1.551801, 2.279157, 2.663157; 1, 38, 1, 0; 0.598250656698; 1, 0, 1; 1, 0, 0; 2, 1, 2 ;
1,37; -1.66136, 2.64615, 0.43126 / -1.66136, 2.64615, 0.43126 / -1.66136, 2.64615, 0.43126; 1, 25, 1, 0; 0.065550092152; 1, 0, 1; 0, 1, 0; 1, 1, 2 ;
0,37; -1.636854, 2.679753, 0.491771 / -1.636854, 2.679753, 0.491771 / -1.636854, 2.679753, 0.491771; 1, 25, 1, 0; 0.067270901376; 0, 1, 0; 0, 1, 0; 1, 1, 1 ;
0,37; -1.647683, 2.580635, 0.390016 / -1.647683, 2.580635, 0.390016 / -1.647683, 2.580635, 0.390016; 1, 25, 1, 0; 0.067949577815; 1, 0, 1; 0, 1, 0; 4, 1, 2 ;
0,37; -0.797880, 3.430269, 0.325038 / -0.797880, 3.430269, 0.325038 / -0.797880, 3.430269, 0.325038; 1, 25, 1, 0; 0.200677682054; 1, 0, 1; 0, 1, 0; 1, 1, 2 ;
0,37; -0.443240, 3.899782, 0.760126 / -0.443240, 3.899782, 0.760126 / -0.443240, 3.899782, 0.760126; 1, 25, 1, 0; 0.396484171274; 1, 0, 1; 0, 1, 0; 4, 1, 2 ;
0,37; -1.479417, 2.961754, 0.648905 / -1.479417, 2.961754, 0.648905 / -1.479417, 2.961754, 0.648905; 1, 25, 1, 0; 0.516603566071; 0, 1, 0; 0, 1, 0; 4, 1, 1 ;
0,37; -1.639050, 2.675288, 0.486212 / -1.639050, 2.675288, 0.486212 / -1.639050, 2.675288, 0.486212; 1, 25, 1, 0; 0.067256242767; 1, 0, 1; 1, 0, 0; 2, 1, 2 / 2, 3, 0 / 2, 4, 0 ;
0,37; -1.175769, 3.164368, 0.411562 / -1.175769, 3.164368, 0.411562 / -1.175769, 3.164368, 0.411562; 1, 25, 1, 0; 0.157562719129; 1, 0, 1; 1, 0, 0; 2, 1, 2 ;
0,37; -0.448671, 3.902583, 0.757773 / -0.448671, 3.902583, 0.757773 / -0.448671, 3.902583, 0.757773; 1, 25, 1, 0; 0.396483631220; 1, 0, 1; 1, 0, 0; 2, 1, 2 ;
0,37; -0.409179, 3.765815, 0.797415 / -0.409179, 3.765815, 0.797415 / -0.409179, 3.765815, 0.797415; 1, 25, 1, 0; 0.397389318932; 1, 0, 1; 1, 0, 0; 2, 1, 2 ;
0,37; -1.467905, 2.980692, 0.640615 / -1.467905, 2.980692, 0.640615 / -1.467905, 2.980692, 0.640615; 1, 25, 1, 0; 0.516584929922; 1, 0, 1; 1, 0, 0; 2, 1, 2 ;
0,37; -1.470479, 2.954803, 0.652741 / -1.470479, 2.954803, 0.652741 / -1.470479, 2.954803, 0.652741; 1, 25, 1, 0; 0.516589070336; 1, 0, 1; 1, 0, 0; 2, 1, 2 ;
1,38; -2.96131, 1.40976, 0.591324 / -2.96131, 1.40976, 0.591324 / -2.96131, 1.40976, 0.591324; 1, 17, 1, 0; 0.919707217763; 1, 0, 1; 0, 1, 0; 4, 1, 2 ;
0,38; -2.961121, 1.409679, 0.586537 / -2.961121, 1.409679, 0.586537 / -2.961121, 1.409679, 0.586537; 1, 17, 1, 0; 0.919707343304; 1, 0, 1; 1, 0, 0; 3, 1, 2 ;
0,38; -2.881705, 1.328431, 0.697222 / -2.881705, 1.328431, 0.697222 / -2.881705, 1.328431, 0.697222; 1, 24, 1, 0; 0.199641013362; 0, 1, 0; 1, 0, 0; 2, 1, 1 ;
1,39; -0.880279, -0.411041, -1.14114 / -0.880279, -0.411041, -1.14114 / -0.880279, -0.411041, -1.14114; 1, 11, 1, 0; 0.680580493035; 0, 1, 0; 0, 1, 0; 1, 1, 1 ;
0,39; -0.086688, -2.263650, 1.969243 / -0.086688, -2.263650, 1.969243 / -0.086688, -2.263650, 1.969243; 1, 32, 1, 0; 0.333989764130; 1, 0, 1; 1, 0, 0; 3, 1, 2 ;
1,40; 2.29924, 2.48749, 2.7874 / 2.29924, 2.48749, 2.7874 / 2.29924, 2.48749, 2.7874; 1, 40, 1, 0; 0.041235910734; 0, 0, 0; 1, 0, 0; 3, 1, 3 ;
1,41; 3.75579, -1.80883, -0.476079 / 3.75579, -1.80883, -0.476079 / 3.75579, -1.80883, -0.476079; 1, 12, 1, 0; 0.678011196404; 1, 0, 1; 1, 0, 0; 2, 1, 2 ;
0,41; 0.574570, -4.238923, 0.464586 / 0.574570, -4.238923, 0.464586 / 0.574570, -4.238923, 0.464586; 1, 18, 1, 0; 0.123454543045; 1, 0, 1; 1, 0, 0; 2, 1, 2 ;
1,43; -0.89805, 3.23178, 2.65084 / -0.89805, 3.23178, 2.65084 / -0.89805, 3.23178, 2.65084; 1, 38, 1, 0; 0.364526871054; 0, 1, 0; 0, 1, 0; 4, 1, 1 ;
1,45; -0.208988, 3.90734, 1.48866 / -0.208988, 3.90734, 1.48866 / -0.208988, 3.90734, 1.48866; 1, 29, 1, 0; 0.081127460149; 1, 0, 1; 1, 0, 0; 3, 1, 2 ;
0,45; -0.207884, 3.908077, 1.492832 / -0.207884, 3.908077, 1.492832 / -0.207884, 3.908077, 1.492832; 1, 29, 1, 0; 0.081129135641; 1, 0, 1; 1, 0, 0; 2, 1, 2 ;
0,45; -0.216328, 3.910237, 1.498765 / -0.216328, 3.910237, 1.498765 / -0.216328, 3.910237, 1.498765; 1, 29, 1, 0; 0.081133236700; 1, 0, 1; 1, 0, 0; 3, 1, 2 ;
1,46; 1.26305, -1.98384, -2.72693 / 1.26305, -1.98384, -2.72693 / 1.26305, -1.98384, -2.72693; 1, 3, 1, 0; 0.547138432525; 1, 0, 1; 1, 0, 0; 3, 1, 2 ;
0,46; 1.264080, -1.988223, -2.722664 / 1.264080, -1.988223, -2.722664 / 1.264080, -1.988223, -2.722664; 1, 3, 1, 0; 0.547139182050; 1, 0, 1; 1, 0, 0; 3, 1, 2 ;
0,46; 1.409392, -2.467049, -2.364751 / 1.409392, -2.467049, -2.364751 / 1.409392, -2.467049, -2.364751; 1, 3, 1, 0; 0.926901634852; 0, 1, 0; 1, 0, 0; 2, 1, 1 ;
0,46; 1.610148, -3.174246, -1.741410 / 1.610148, -3.174246, -1.741410 / 1.610148, -3.174246, -1.741410; 1, 8, 1, 0; 0.363135461826; 1, 0, 1; 1, 0, 0; 2, 1, 2 ;
1,47; 1.60553, -1.78283, -0.524533 / 1.60553, -1.78283, -0.524533 / 1.60553, -1.78283, -0.524533; 1, 12, 1, 0; 0.660984016744; 0, 0, 0; 1, 0, 0; 3, 1, 3 ;
0,47; -1.456892, 3.218974, 0.551242 / -1.456892, 3.218974, 0.551242 / -1.456892, 3.218974, 0.551242; 1, 25, 1, 0; 0.154947734773; 1, 0, 1; 0, 1, 0; 4, 1, 2 ;
0,47; -1.690763, 3.589142, 0.702000 / -1.690763, 3.589142, 0.702000 / -1.690763, 3.589142, 0.702000; 1, 25, 1, 0; 0.432768814024; 0, 1, 0; 0, 1, 0; 4, 1, 1 ;
0,47; -1.452521, 3.218509, 0.553113 / -1.452521, 3.218509, 0.553113 / -1.452521, 3.218509, 0.553113; 1, 25, 1, 0; 0.154948900604; 0, 1, 0; 1, 0, 0; 3, 1, 1 ;
1,48; 1.15902, 0.297225, 3.85499 / 1.15902, 0.297225, 3.85499 / 1.15902, 0.297225, 3.85499; 1, 46, 1, 0; 0.208958455784; 1, 0, 1; 1, 0, 0; 3, 1, 2 ;
1,49; 4.12881, -0.376153, 0.495233 / 4.12881, -0.376153, 0.495233 / 4.12881, -0.376153, 0.495233; 1, 19, 1, 0; 0.541698606977; 1, 0, 1; 1, 0, 0; 3, 1, 2 / 4, 2, 0 ;
1,50; -0.844206, 0.491182, -2.83246 / -0.844206, 0.491182, -2.83246 / -0.844206, 0.491182, -2.83246; 1, 2, 1, 0; 0.598366257527; 1, 0, 1; 1, 0, 0; 2, 1, 2 ;
1,51; -0.940835, -2.33728, -0.139509 / -0.940835, -2.33728, -0.139509 / -0.940835, -2.33728, -0.139509; 1, 16, 1, 0; 0.272029187294; 0, 1, 0; 0, 1, 0; 1, 1, 1 ;
0,51; -0.863689, -0.250378, 0.754802 / -0.863689, -0.250378, 0.754802 / -0.863689, -0.250378, 0.754802; 1, 23, 1, 0; 0.242441084010; 1, 0, 1; 1, 0, 0; 2, 1, 2 / 3, 5, 0 ;
0,51; -0.808620, 0.450204, 1.172804 / -0.808620, 0.450204, 1.172804 / -0.808620, 0.450204, 1.172804; 1, 23, 1, 0; 0.548119292225; 1, 0, 1; 1, 0, 0; 2, 1, 2 ;
1,52; -1.48801, 4.1114, 0.226192 / -1.48801, 4.1114, 0.226192 / -1.48801, 4.1114, 0.226192; 1, 17, 1, 0; 0.412303661051; 1, 0, 1; 0, 1, 0; 4, 1, 2 ;
0,52; -1.112832, 3.698844, 0.477321 / -1.112832, 3.698844, 0.477321 / -1.112832, 3.698844, 0.477321; 1, 25, 1, 0; 0.206894655180; 0, 1, 0; 1, 0, 0; 3, 1, 1 ;
1,53; -0.0354049, 1.21342, -2.2627 / -0.0354049, 1.21342, -2.2627 / -0.0354049, 1.21342, -2.2627; 1, 4, 1, 0; 0.425613361702; 0, 1, 0; 1, 0, 0; 2, 1, 1 ;
0,53; -1.738966, 0.499847, -1.576761 / -1.738966, 0.499847, -1.576761 / -1.738966, 0.499847, -1.576761; 1, 6, 1, 0; 0.748168199208; 1, 0, 1; 0, 1, 0; 4, 1, 2 ;
1,56; -0.175905, -0.659667, -2.99898 / -0.175905, -0.659667, -2.99898 / -0.175905, -0.659667, -2.99898; 1, 2, 1, 0; 0.487532018422; 0, 1, 0; 0, 1, 0; 4, 1, 1 ;
0,56; 1.014201, -0.520289, -2.274847 / 1.014201, -0.520289, -2.274847 / 1.014201, -0.520289, -2.274847; 1, 3, 1, 0; 0.796019390950; 1, 0, 1; 1, 0, 0; 3, 1, 2 ;
0,56; 2.834077, -0.462679, -1.015630 / 2.834077, -0.462679, -1.015630 / 2.834077, -0.462679, -1.015630; 1, 11, 1, 0; 0.651408945680; 1, 0, 1; 0, 1, 0; 1, 1, 2 ;
0,56; 2.839424, -0.467429, -1.013284 / 2.839424, -0.467429, -1.013284 / 2.839424, -0.467429, -1.013284; 1, 11, 1, 0; 0.651407875704; 1, 0, 1; 1, 0, 0; 2, 8, 0 / 3, 1, 2 ;
0,56; 4.336083, -0.607598, -0.196755 / 4.336083, -0.607598, -0.196755 / 4.336083, -0.607598, -0.196755; 1, 19, 1, 0; 0.043454998655; 1, 0, 1; 1, 0, 0; 2, 1, 2 ;
1,57; -0.850201, 2.25413, -2.64554 / -0.850063, 2.25419, -2.64545 / -0.850339, 2.25406, -2.64562; 1, 4, 1, 0; 0.142990908981; 2, 2, 1; 1, 2, 1; 1, 5, 2 / 1, 6, 0 / 2, 5, 1 / 2, 7, 0 / 4, 1, 1 ;
0,57; -0.827371, 2.247623, -2.565664 / -0.827371, 2.247623, -2.565664 / -0.827371, 2.247623, -2.565664; 1, 4, 1, 0; 0.143039325911; 1, 0, 1; 0, 1, 0; 4, 1, 2 ;
0,57; 0.894913, 0.743784, 1.120506 / 0.894913, 0.743784, 1.120506 / 0.894913, 0.743784, 1.120506; 1, 23, 1, 0; 0.579188115856; 1, 0, 1; 1, 0, 0; 2, 1, 2 ;
1,59; -0.0594813, -0.477113, 0.442806 / -0.0591464, -0.476687, 0.443231 / -0.0598163, -0.477538, 0.44238; 1, 23, 1, 0; 0.071440816495; 1, 0, 3; 1, 2, 0; 1, 5, 2 / 1, 6, 2 / 3, 1, 2 ;
0,59; -0.054441, -0.472095, 0.443680 / -0.054441, -0.472095, 0.443680 / -0.054441, -0.472095, 0.443680; 1, 23, 1, 0; 0.071441178601; 1, 0, 1; 0, 1, 0; 1, 1, 2 ;
0,59; -0.169206, -0.340689, 0.527916 / -0.169206, -0.340689, 0.527916 / -0.169206, -0.340689, 0.527916; 1, 23, 1, 0; 0.071834742588; 1, 0, 1; 0, 1, 0; 1, 5, 0 / 4, 1, 2 / 4, 10, 0 ;
0,59; -0.185378, -0.317249, 0.559990 / -0.185378, -0.317249, 0.559990 / -0.185378, -0.317249, 0.559990; 1, 23, 1, 0; 0.071867997145; 1, 0, 1; 0, 1, 0; 4, 1, 2 ;
0,59; -0.043744, -0.498875, 0.447233 / -0.043552, -0.498346, 0.447307 / -0.043936, -0.499404, 0.447159; 1, 23, 1, 0; 0.071432687604; 0, 2, 0; 2, 0, 0; 2, 4, 0 / 3, 1, 1 / 3, 2, 1 / 3, 3, 0 ;
0,59; -0.172521, -0.340061, 0.528129 / -0.172521, -0.340061, 0.528129 / -0.172521, -0.340061, 0.528129; 1, 23, 1, 0; 0.071834890386; 1, 0, 1; 1, 0, 0; 3, 1, 2 ;
0,59; -0.181985, -0.317880, 0.561446 / -0.181985, -0.317880, 0.561446 / -0.181985, -0.317880, 0.561446; 1, 23, 1, 0; 0.071868270571; 1, 0, 1; 1, 0, 0; 3, 1, 2 ;
0,59; -0.571361, 0.527550, 1.325201 / -0.571361, 0.527550, 1.325201 / -0.571361, 0.527550, 1.325201; 1, 23, 1, 0; 0.656412816158; 1, 0, 1; 1, 0, 0; 2, 1, 2 ;
0,59; -1.402944, 0.897895, 1.474361 / -1.402944, 0.897895, 1.474361 / -1.402944, 0.897895, 1.474361; 1, 26, 1, 0; 0.890615970168; 1, 0, 1; 0, 1, 0; 1, 1, 2 ;
0,59; -1.400569, 0.915475, 1.461011 / -1.400569, 0.915475, 1.461011 / -1.400569, 0.915475, 1.461011; 1, 26, 1, 0; 0.890597976941; 1, 0, 1; 1, 0, 0; 2, 1, 2 ;
0,59; -1.413906, 0.898373, 1.479392 / -1.413906, 0.898373, 1.479392 / -1.413906, 0.898373, 1.479392; 1, 26, 1, 0; 0.890617264584; 1, 0, 1; 1, 0, 0; 3, 1, 2 ;
0,59; -0.624163, 0.917728, 1.757895 / -0.624163, 0.917728, 1.757895 / -0.624163, 0.917728, 1.757895; 1, 30, 1, 0; 0.152815499082; 1, 0, 1; 1, 0, 0; 2, 1, 2 ;
0,59; -0.636770, 0.923593, 1.760682 / -0.636770, 0.923593, 1.760682 / -0.636770, 0.923593, 1.760682; 1, 30, 1, 0; 0.152830442135; 1, 0, 1; 1, 0, 0; 2, 1, 2 ;
0,59; -2.035759, 1.299460, 2.228021 / -2.035759, 1.299460, 2.228021 / -2.035759, 1.299460, 2.228021; 1, 37, 1, 0; 0.099395332390; 1, 0, 1; 0, 1, 0; 1, 1, 2 ;
1,60; 3.74405, 1.923, 0.799406 / 3.74405, 1.923, 0.799406 / 3.74405, 1.923, 0.799406; 1, 20, 1, 0; 0.736552883378; 1, 0, 1; 1, 0, 0; 2, 1, 2 ;
0,60; 3.190187, 1.816549, 1.742977 / 3.190270, 1.816591, 1.743122 / 3.190104, 1.816508, 1.742832; 1, 28, 1, 0; 0.236705250324; 1, 0, 2; 2, 0, 0; 3, 1, 2 / 3, 2, 2 ;
1,64; 2.57041, -1.09381, -0.0715087 / 2.57041, -1.09381, -0.0715087 / 2.57041, -1.09381, -0.0715087; 1, 16, 1, 0; 0.354020917717; 0, 1, 0; 1, 0, 0; 3, 1, 1 ;
0,64; 0.549316, 0.555912, 0.767147 / 0.549316, 0.555912, 0.767147 / 0.549316, 0.555912, 0.767147; 1, 23, 1, 0; 0.155206259542; 1, 0, 1; 0, 1, 0; 3, 2, 0 / 4, 1, 2 ;
0,64; 0.550281, 0.559126, 0.775028 / 0.550281, 0.559126, 0.775028 / 0.550281, 0.559126, 0.775028; 1, 23, 1, 0; 0.155206843344; 1, 0, 1; 0, 1, 0; 4, 1, 2 ;
0,64; 0.562303, 0.551847, 0.774971 / 0.562303, 0.551847, 0.774971 / 0.562303, 0.551847, 0.774971; 1, 23, 1, 0; 0.155217447853; 0, 1, 0; 0, 1, 0; 1, 1, 1 ;
0,64; 0.557249, 0.556902, 0.780669 / 0.557902, 0.557244, 0.781003 / 0.556596, 0.556560, 0.780335; 1, 23, 1, 0; 0.155218874104; 1, 0, 2; 2, 0, 0; 2, 1, 2 / 2, 6, 2 / 2, 7, 0 / 3, 5, 0 ;
0,64; 0.624115, 0.499733, 0.747636 / 0.624115, 0.499733, 0.747636 / 0.624115, 0.499733, 0.747636; 1, 23, 1, 0; 0.150784024215; 1, 0, 1; 1, 0, 0; 2, 1, 2 ;
0,64; -0.496676, 2.093262, 1.831791 / -0.496676, 2.093262, 1.831791 / -0.496676, 2.093262, 1.831791; 1, 29, 1, 0; 0.330105848247; 1, 0, 1; 1, 0, 0; 3, 1, 2 ;
0,64; -0.741831, 2.030582, 1.692873 / -0.741831, 2.030582, 1.692873 / -0.741831, 2.030582, 1.692873; 1, 29, 1, 0; 0.330722497574; 1, 0, 1; 1, 0, 0; 2, 1, 2 ;
0,64; -0.136597, 2.178661, 2.226714 / -0.135875, 2.179130, 2.227601 / -0.137320, 2.178191, 2.225827; 1, 31, 1, 0; 0.398227273328; 0, 3, 0; 1, 2, 0; 1, 1, 1 / 1, 10, 1 / 3, 3, 0 / 3, 6, 1 ;
0,64; -0.135735, 2.179300, 2.217695 / -0.135735, 2.179300, 2.217695 / -0.135735, 2.179300, 2.217695; 1, 31, 1, 0; 0.398207720305; 1, 0, 1; 1, 0, 0; 3, 1, 2 / 4, 1, 0 ;
0,64; -0.095634, 2.204372, 2.264834 / -0.095634, 2.204372, 2.264834 / -0.095634, 2.204372, 2.264834; 1, 31, 1, 0; 0.398393049919; 1, 0, 1; 1, 0, 0; 3, 1, 2 ;
0,64; 0.148235, 2.425731, 2.576148 / 0.148235, 2.425731, 2.576148 / 0.148235, 2.425731, 2.576148; 1, 38, 1, 0; 0.568579082398; 1, 0, 1; 1, 0, 0; 2, 1, 2 ;
0,64; 0.366175, 2.477406, 2.799920 / 0.366175, 2.477406, 2.799920 / 0.366175, 2.477406, 2.799920; 1, 40, 1, 0; 0.081400188590; 0, 1, 0; 1, 0, 0; 2, 1, 1 / 2, 2, 0 ;
1,66; 0.329319, -2.92931, -0.5222 / 0.329319, -2.92931, -0.5222 / 0.329319, -2.92931, -0.5222; 1, 9, 1, 0; 0.945160512611; 0, 1, 0; 0, 1, 0; 1, 1, 1 ;
0,66; 3.097393, -0.551440, 1.113366 / 3.097393, -0.551440, 1.113366 / 3.097393, -0.551440, 1.113366; 1, 26, 1, 0; 0.105868844027; 1, 0, 1; 1, 0, 0; 2, 1, 2 ;
0,66; 2.837303, -0.726596, 1.042745 / 2.837303, -0.726596, 1.042745 / 2.837303, -0.726596, 1.042745; 1, 27, 1, 0; 0.130481107821; 1, 0, 1; 0, 1, 0; 4, 1, 2 ;
0,66; 2.558758, -0.916506, 0.948881 / 2.558758, -0.916506, 0.948881 / 2.558758, -0.916506, 0.948881; 1, 27, 1, 0; 0.133598391089; 1, 0, 1; 1, 0, 0; 2, 1, 2 ;
1,71; -1.74921, 1.41934, -0.666378 / -1.74921, 1.41934, -0.666378 / -1.74921, 1.41934, -0.666378; 1, 7, 1, 0; 0.977503720158; 1, 0, 1; 1, 0, 0; 3, 1, 2 ;
1,72; -2.10904, -3.30141, -0.410895 / -2.10904, -3.30141, -0.410895 / -2.10904, -3.30141, -0.410895; 1, 9, 1, 0; 0.904507313280; 1, 0, 1; 0, 1, 0; 4, 1, 2 ;
0,72; -2.114390, -3.302208, -0.414306 / -2.114390, -3.302208, -0.414306 / -2.114390, -3.302208, -0.414306; 1, 9, 1, 0; 0.904506486035; 1, 0, 1; 1, 0, 0; 3, 1, 2 ;
0,72; 2.353541, -0.515112, 0.095095 / 2.353541, -0.515112, 0.095095 / 2.353541, -0.515112, 0.095095; 1, 16, 1, 0; 0.746281054445; 1, 0, 1; 1, 0, 0; 2, 1, 2 ;
1,76; 2.048, -1.37833, -2.6616 / 2.04849, -1.37791, -2.66121 / 2.04751, -1.37875, -2.66198; 1, 3, 1, 0; 0.586370185004; 2, 1, 1; 1, 1, 0; 1, 9, 1 / 3, 1, 2 ;
0,76; 1.619396, -1.064430, -3.081268 / 1.619396, -1.064430, -3.081268 / 1.619396, -1.064430, -3.081268; 1, 3, 1, 0; 0.330022610686; 0, 1, 0; 0, 1, 0; 2, 3, 0 / 4, 1, 1 ;
0,76; 2.036642, -1.289090, -2.675536 / 2.036642, -1.289090, -2.675536 / 2.036642, -1.289090, -2.675536; 1, 3, 1, 0; 0.587270385280; 1, 0, 1; 0, 1, 0; 1, 1, 2 ;
0,76; 1.620948, -1.065640, -3.075602 / 1.620948, -1.065640, -3.075602 / 1.620948, -1.065640, -3.075602; 1, 3, 1, 0; 0.330021913547; 1, 0, 1; 1, 0, 0; 3, 1, 2 ;
0,76; 1.840652, -1.115717, -2.873169 / 1.840652, -1.115717, -2.873169 / 1.840652, -1.115717, -2.873169; 1, 3, 1, 0; 0.331235141463; 1, 0, 1; 1, 0, 0; 1, 3, 0 / 3, 1, 2 ;
0,76; 1.981502, -1.879772, -2.853858 / 1.981502, -1.879772, -2.853858 / 1.981502, -1.879772, -2.853858; 1, 3, 1, 0; 0.394735723756; 1, 0, 1; 1, 0, 0; 2, 1, 2 ;
0,76; 2.045744, -1.372245, -2.656152 / 2.045744, -1.372245, -2.656152 / 2.045744, -1.372245, -2.656152; 1, 3, 1, 0; 0.586369556370; 1, 0, 1; 1, 0, 0; 2, 1, 0 / 3, 1, 2 ;
0,76; 2.048938, -1.374036, -2.658919 / 2.048938, -1.374036, -2.658919 / 2.048938, -1.374036, -2.658919; 1, 3, 1, 0; 0.586369636964; 0, 1, 0; 1, 0, 0; 2, 1, 1 / 4, 6, 0 ;
0,76; 2.040977, -1.287179, -2.678136 / 2.040977, -1.287179, -2.678136 / 2.040977, -1.287179, -2.678136; 1, 3, 1, 0; 0.587262938382; 0, 1, 0; 1, 0, 0; 3, 1, 1 ;
0,76; 2.049339, -1.291603, -2.675566 / 2.049339, -1.291603, -2.675566 / 2.049339, -1.291603, -2.675566; 1, 3, 1, 0; 0.587263220461; 1, 0, 1; 1, 0, 0; 2, 1, 2 ;
1,77; 0.524116, 3.61035, -1.13592 / 0.524201, 3.61039, -1.13589 / 0.524031, 3.61031, -1.13596; 1, 7, 1, 0; 0.775423602013; 2, 1, 1; 1, 1, 0; 3, 1, 2 / 4, 1, 1 ;
0,77; 0.666873, 3.465656, -0.459341 / 0.666873, 3.465656, -0.459341 / 0.666873, 3.465656, -0.459341; 1, 13, 1, 0; 0.648422402852; 1, 0, 1; 0, 1, 0; 1, 1, 2 ;
0,77; 1.912666, 3.851879, -1.339777 / 1.912666, 3.851879, -1.339777 / 1.912666, 3.851879, -1.339777; 1, 13, 1, 0; 0.037540133909; 1, 0, 1; 1, 0, 0; 1, 1, 0 / 3, 1, 2 ;
0,77; 1.082981, 3.325837, -0.249034 / 1.082981, 3.325837, -0.249034 / 1.082981, 3.325837, -0.249034; 1, 17, 1, 0; 0.220239803989; 1, 0, 1; 0, 1, 0; 1, 1, 2 / 4, 5, 0 ;
0,77; 1.077430, 3.323602, -0.250697 / 1.077430, 3.323602, -0.250697 / 1.077430, 3.323602, -0.250697; 1, 17, 1, 0; 0.220239552907; 1, 0, 1; 1, 0, 0; 2, 1, 2 ;
1,78; -0.222475, -0.10754, -0.67196 / -0.222199, -0.107407, -0.671284 / -0.22275, -0.107674, -0.672637; 1, 16, 1, 0; 0.075667499786; 1, 0, 2; 0, 2, 0; 1, 1, 2 / 1, 4, 2 ;
0,78; -0.191657, -0.336648, -0.710742 / -0.191657, -0.336648, -0.710742 / -0.191657, -0.336648, -0.710742; 1, 16, 1, 0; 0.056568299687; 1, 0, 1; 1, 0, 0; 3, 1, 2 ;
0,78; -0.961029, 4.310509, -0.756194 / -0.961029, 4.310509, -0.756194 / -0.961029, 4.310509, -0.756194; 1, 17, 1, 0; 0.041334938862; 0, 1, 0; 0, 1, 0; 4, 1, 1 ;
1,79; -0.0713676, -2.95406, -2.64023 / -0.0713676, -2.95406, -2.64023 / -0.0713676, -2.95406, -2.64023; 1, 3, 1, 0; 0.486827939571; 0, 1, 0; 0, 1, 0; 1, 1, 1 ;
0,79; 3.135549, 0.523094, 0.393894 / 3.135549, 0.523094, 0.393894 / 3.135549, 0.523094, 0.393894; 1, 19, 1, 0; 0.669924997758; 0, 1, 0; 1, 0, 0; 2, 1, 1 ;
0,79; 3.459568, 1.019250, 0.827330 / 3.459568, 1.019250, 0.827330 / 3.459568, 1.019250, 0.827330; 1, 20, 1, 0; 0.807855761694; 1, 0, 1; 1, 0, 0; 1, 8, 0 / 2, 1, 2 ;
0,79; 3.460672, 1.021642, 0.826939 / 3.460672, 1.021642, 0.826939 / 3.460672, 1.021642, 0.826939; 1, 20, 1, 0; 0.807855841237; 0, 1, 0; 1, 0, 0; 3, 1, 1 ;
1,80; -3.70169, 2.02705, -1.43989 / -3.70169, 2.02705, -1.43989 / -3.70169, 2.02705, -1.43989; 1, 7, 1, 0; 0.440543531732; 0, 1, 0; 1, 0, 0; 2, 1, 1 ;
0,80; -3.701074, 2.026858, -1.437204 / -3.701074, 2.026858, -1.437204 / -3.701074, 2.026858, -1.437204; 1, 7, 1, 0; 0.440552403861; 1, 0, 1; 1, 0, 0; 2, 1, 2 ;
0,80; -3.026908, -0.127356, -0.700984 / -3.026809, -0.126801, -0.700929 / -3.027006, -0.127910, -0.701038; 1, 10, 1, 0; 0.365578509358; 2, 1, 1; 0, 2, 1; 1, 1, 2 / 4, 7, 1 ;
0,80; -3.027061, -0.130871, -0.702828 / -3.027061, -0.130871, -0.702828 / -3.027061, -0.130871, -0.702828; 1, 10, 1, 0; 0.365568490499; 1, 0, 1; 0, 1, 0; 4, 1, 2 ;
0,80; -3.021936, -0.126617, -0.704079 / -3.021936, -0.126617, -0.704079 / -3.021936, -0.126617, -0.704079; 1, 10, 1, 0; 0.365577730774; 1, 0, 1; 0, 1, 0; 3, 4, 0 / 4, 1, 2 / 4, 3, 0 ;
0,80; -3.027095, -0.129015, -0.704563 / -3.027095, -0.129015, -0.704563 / -3.027095, -0.129015, -0.704563; 1, 10, 1, 0; 0.365577849725; 1, 0, 1; 0, 1, 0; 4, 1, 2 ;
0,80; -2.844321, -0.691073, -0.485019 / -2.844321, -0.691073, -0.485019 / -2.844321, -0.691073, -0.485019; 1, 10, 1, 0; 0.602078364455; 0, 1, 0; 0, 1, 0; 1, 1, 1 ;
0,80; -3.022757, -0.123233, -0.704322 / -3.022757, -0.123233, -0.704322 / -3.022757, -0.123233, -0.704322; 1, 10, 1, 0; 0.365577665892; 1, 0, 1; 1, 0, 0; 2, 1, 2 / 2, 2, 0 / 4, 5, 0 ;
0,80; -3.024233, -0.120572, -0.701415 / -3.024233, -0.120572, -0.701415 / -3.024233, -0.120572, -0.701415; 1, 10, 1, 0; 0.365578266051; 1, 0, 1; 1, 0, 0; 3, 1, 2 ;
0,80; -3.024631, -0.126274, -0.700237 / -3.024631, -0.126274, -0.700237 / -3.024631, -0.126274, -0.700237; 1, 10, 1, 0; 0.365578444476; 1, 0, 1; 1, 0, 0; 3, 1, 2 ;
1,81; -2.87473, -3.1693, -0.822362 / -2.87473, -3.1693, -0.822362 / -2.87473, -3.1693, -0.822362; 1, 9, 1, 0; 0.636404851658; 1, 0, 1; 1, 0, 0; 2, 1, 2 ;
0,81; -2.904710, -3.123285, -0.803922 / -2.904710, -3.123285, -0.803922 / -2.904710, -3.123285, -0.803922; 1, 9, 1, 0; 0.637513700911; 1, 0, 1; 1, 0, 0; 2, 1, 2 ;
0,81; -4.244410, -1.384688, 0.328250 / -4.244410, -1.384688, 0.328250 / -4.244410, -1.384688, 0.328250; 1, 21, 1, 0; 0.173019962049; 1, 0, 1; 1, 0, 0; 3, 1, 2 / 3, 2, 0 ;
1,82; -0.313014, -1.11469, 1.19104 / -0.313014, -1.11469, 1.19104 / -0.313014, -1.11469, 1.19104; 1, 23, 1, 0; 0.397444202548; 1, 0, 1; 0, 1, 0; 4, 1, 2 ;
0,82; -0.217294, -1.277993, 1.434871 / -0.217294, -1.277993, 1.434871 / -0.217294, -1.277993, 1.434871; 1, 23, 1, 0; 0.954847154666; 1, 0, 1; 1, 0, 0; 2, 1, 2 ;
1,83; 3.03055, -0.363272, -0.739303 / 3.03055, -0.363272, -0.739303 / 3.03055, -0.363272, -0.739303; 1, 12, 1, 0; 0.491563079332; 1, 0, 1; 0, 1, 0; 4, 1, 2 ;
0,83; 3.031566, -0.360773, -0.736681 / 3.031566, -0.360773, -0.736681 / 3.031566, -0.360773, -0.736681; 1, 12, 1, 0; 0.491563828886; 1, 0, 1; 1, 0, 0; 2, 1, 2 ;
0,83; -2.568646, -0.996368, 1.021169 / -2.568264, -0.995463, 1.021450 / -2.569027, -0.997273, 1.020888; 1, 21, 1, 0; 0.622041977346; 2, 3, 1; 3, 1, 0; 2, 1, 2 / 2, 8, 1 / 3, 3, 1 / 4, 4, 1 ;
0,83; -2.569580, -0.992835, 1.020565 / -2.569580, -0.992835, 1.020565 / -2.569580, -0.992835, 1.020565; 1, 21, 1, 0; 0.622042108311; 1, 0, 1; 0, 1, 0; 1, 1, 2 ;
0,83; -2.571940, -0.992267, 1.021461 / -2.571940, -0.992267, 1.021461 / -2.571940, -0.992267, 1.021461; 1, 21, 1, 0; 0.622042181070; 1, 0, 1; 0, 1, 0; 4, 1, 2 ;
0,83; -2.568492, -1.004277, 1.018733 / -2.568492, -1.004277, 1.018733 / -2.568492, -1.004277, 1.018733; 1, 21, 1, 0; 0.621814875932; 1, 0, 1; 1, 0, 0; 3, 1, 2 ;
0,83; -2.561990, -0.991488, 1.019963 / -2.561990, -0.991488, 1.019963 / -2.561990, -0.991488, 1.019963; 1, 21, 1, 0; 0.622029208212; 1, 0, 1; 1, 0, 0; 3, 1, 2 ;
0,83; -3.591739, -1.460843, 1.330197 / -3.591739, -1.460843, 1.330197 / -3.591739, -1.460843, 1.330197; 1, 21, 1, 0; 0.992944940658; 1, 0, 1; 1, 0, 0; 3, 1, 2 ;
1,86; -2.0027, 0.295787, -3.59282 / -2.0027, 0.295787, -3.59282 / -2.0027, 0.295787, -3.59282; 1, 1, 1, 0; 0.736511934031; 1, 0, 1; 1, 0, 0; 2, 2, 0 / 3, 1, 2 ;
1,87; -3.19859, -1.14172, -3.00786 / -3.19859, -1.14172, -3.00786 / -3.19859, -1.14172, -3.00786; 1, 5, 1, 0; 0.092901634090; 1, 0, 1; 1, 0, 0; 2, 1, 2 ;
0,87; -3.198443, -1.139282, -3.006200 / -3.198443, -1.139282, -3.006200 / -3.198443, -1.139282, -3.006200; 1, 5, 1, 0; 0.092902222209; 1, 0, 1; 1, 0, 0; 2, 1, 2 ;
1,88; 3.45666, 2.05601, 2.03382 / 3.45704, 2.05602, 2.0346 / 3.45627, 2.056, 2.03303; 1, 28, 1, 0; 0.532907476574; 2, 1, 1; 1, 1, 0; 1, 1, 1 / 2, 6, 2 ;
0,88; 3.450591, 2.027215, 2.064276 / 3.450591, 2.027215, 2.064276 / 3.450591, 2.027215, 2.064276; 1, 28, 1, 0; 0.532756770097; 1, 0, 1; 0, 1, 0; 2, 4, 0 / 2, 5, 0 / 2, 7, 0 / 3, 4, 0 / 3, 5, 0 / 3, 6, 0 / 4, 1, 2 / 4, 6, 0 ;
0,88; 3.450121, 2.026769, 2.069042 / 3.450121, 2.026769, 2.069042 / 3.450121, 2.026769, 2.069042; 1, 28, 1, 0; 0.532755572990; 1, 0, 1; 1, 0, 0; 3, 1, 2 ;
0,88; 3.459572, 2.055327, 2.032243 / 3.459572, 2.055327, 2.032243 / 3.459572, 2.055327, 2.032243; 1, 28, 1, 0; 0.532906445220; 1, 0, 1; 1, 0, 0; 2, 1, 2 ;
1,89; 2.93589, 2.49158, -1.82978 / 2.93664, 2.49191, -1.82974 / 2.93515, 2.49125, -1.82981; 1, 11, 1, 0; 0.192182778091; 2, 1, 1; 0, 2, 1; 1, 8, 2 / 4, 1, 1 ;
0,89; 2.931001, 2.489985, -1.828443 / 2.931001, 2.489985, -1.828443 / 2.931001, 2.489985, -1.828443; 1, 11, 1, 0; 0.192182926857; 1, 0, 1; 0, 1, 0; 1, 1, 2 ;
0,89; 2.931181, 2.488962, -1.830471 / 2.931181, 2.488962, -1.830471 / 2.931181, 2.488962, -1.830471; 1, 11, 1, 0; 0.192183596307; 0, 0, 0; 0, 1, 0; 1, 1, 3 ;
0,89; 2.926849, 2.505438, -1.849648 / 2.926849, 2.505438, -1.849648 / 2.926849, 2.505438, -1.849648; 1, 11, 1, 0; 0.192188957627; 1, 0, 1; 0, 1, 0; 1, 1, 2 ;
0,89; -0.202573, 0.494783, -1.517866 / -0.202573, 0.494783, -1.517866 / -0.202573, 0.494783, -1.517866; 1, 11, 1, 0; 0.354497323345; 1, 0, 1; 0, 1, 0; 4, 1, 2 ;
0,89; 1.571110, 1.593177, -1.673019 / 1.571110, 1.593177, -1.673019 / 1.571110, 1.593177, -1.673019; 1, 11, 1, 0; 0.150747981352; 0, 1, 0; 1, 0, 0; 1, 1, 0 / 2, 1, 1 ;
0,89; 1.572274, 1.590960, -1.665547 / 1.572274, 1.590960, -1.665547 / 1.572274, 1.590960, -1.665547; 1, 11, 1, 0; 0.150748708019; 1, 0, 1; 1, 0, 0; 2, 1, 2 ;
0,89; 1.568098, 1.595004, -1.669142 / 1.568098, 1.595004, -1.669142 / 1.568098, 1.595004, -1.669142; 1, 11, 1, 0; 0.150748994109; 0, 1, 0; 1, 0, 0; 3, 1, 1 ;
0,89; 1.565556, 1.593649, -1.668228 / 1.565556, 1.593649, -1.668228 / 1.565556, 1.593649, -1.668228; 1, 11, 1, 0; 0.150749640671; 1, 0, 1; 1, 0, 0; 3, 1, 2 ;
0,89; 1.687893, 1.666271, -1.675035 / 1.687893, 1.666271, -1.675035 / 1.687893, 1.666271, -1.675035; 1, 11, 1, 0; 0.152502792235; 1, 0, 1; 1, 0, 0; 2, 1, 2 / 4, 6, 0 ;
0,89; 2.938806, 2.482158, -1.830789 / 2.938806, 2.482158, -1.830789 / 2.938806, 2.482158, -1.830789; 1, 11, 1, 0; 0.192184208539; 1, 0, 1; 1, 0, 0; 3, 1, 2 ;
0,89; -0.199554, 0.482046, -1.513534 / -0.199554, 0.482046, -1.513534 / -0.199554, 0.482046, -1.513534; 1, 11, 1, 0; 0.354488494619; 0, 0, 0; 1, 0, 0; 3, 1, 3 / 4, 4, 0 ;
0,89; -0.201262, 0.501358, -1.521704 / -0.201262, 0.501358, -1.521704 / -0.201262, 0.501358, -1.521704; 1, 11, 1, 0; 0.354496402137; 0, 1, 0; 1, 0, 0; 2, 1, 1 ;
1,90; -1.58051, 1.2274, 4.1864 / -1.58035, 1.22743, 4.18716 / -1.58068, 1.22737, 4.18564; 1, 46, 1, 0; 0.541467275414; 2, 1, 1; 1, 1, 0; 1, 3, 0 / 1, 6, 1 / 2, 1, 2 / 4, 4, 0 ;
0,90; 0.089796, -1.033023, 4.395502 / 0.090259, -1.032761, 4.396264 / 0.089332, -1.033285, 4.394741; 1, 46, 1, 0; 0.864513906006; 1, 0, 2; 1, 1, 0; 1, 6, 0 / 3, 7, 0 / 3, 8, 0 / 3, 10, 2 / 4, 1, 2 ;
0,90; -1.577034, 1.227106, 4.182862 / -1.577034, 1.227106, 4.182862 / -1.577034, 1.227106, 4.182862; 1, 46, 1, 0; 0.541467414455; 0, 1, 0; 0, 1, 0; 4, 1, 1 ;
0,90; 0.086429, -1.031476, 4.400587 / 0.086429, -1.031476, 4.400587 / 0.086429, -1.031476, 4.400587; 1, 46, 1, 0; 0.864513608963; 1, 0, 1; 1, 0, 0; 2, 1, 2 ;
0,90; 0.088051, -1.029254, 4.390339 / 0.088051, -1.029254, 4.390339 / 0.088051, -1.029254, 4.390339; 1, 46, 1, 0; 0.864514291529; 1, 0, 1; 1, 0, 0; 3, 1, 2 ;
1,92; 0.52822, -2.37005, -3.3234 / 0.52822, -2.37005, -3.3234 / 0.52822, -2.37005, -3.3234; 1, 3, 1, 0; 0.074669850135; 1, 0, 1; 0, 1, 0; 1, 1, 2 ;
0,92; 1.007502, -1.302715, -1.343401 / 1.007502, -1.302715, -1.343401 / 1.007502, -1.302715, -1.343401; 1, 8, 1, 0; 0.710627093388; 1, 0, 1; 1, 0, 0; 3, 1, 2 ;
0,92; 0.448091, 0.169179, 4.353264 / 0.448091, 0.169179, 4.353264 / 0.448091, 0.169179, 4.353264; 1, 46, 1, 0; 0.935767715416; 1, 0, 1; 0, 1, 0; 4, 1, 2 ;
1,94; -2.65206, 0.759451, -0.0752131 / -2.65206, 0.759451, -0.0752131 / -2.65206, 0.759451, -0.0752131; 1, 14, 1, 0; 0.427797580579; 1, 0, 1; 1, 0, 0; 2, 1, 2 ;
0,94; 1.045937, 2.681483, 1.522707 / 1.046431, 2.681569, 1.522807 / 1.045444, 2.681398, 1.522608; 1, 31, 1, 0; 0.013424224599; 0, 2, 0; 0, 2, 1; 1, 1, 1 / 2, 2, 0 / 4, 7, 1 ;
1,95; 0.426513, 2.40566, -0.214551 / 0.426513, 2.40566, -0.214551 / 0.426513, 2.40566, -0.214551; 1, 17, 1, 0; 0.158494332527; 1, 0, 1; 1, 0, 0; 2, 1, 2 ;
0,95; 0.751446, 1.207155, 1.441141 / 0.751446, 1.207155, 1.441141 / 0.751446, 1.207155, 1.441141; 1, 26, 1, 0; 0.796025691141; 1, 0, 1; 1, 0, 0; 3, 1, 2 ;
0,95; 0.750997, 1.204957, 1.440463 / 0.750997, 1.204957, 1.440463 / 0.750997, 1.204957, 1.440463; 1, 26, 1, 0; 0.796025785436; 1, 0, 1; 1, 0, 0; 2, 1, 2 ;
1,97; 1.37654, 1.55545, -0.298085 / 1.37654, 1.55545, -0.298085 / 1.37654, 1.55545, -0.298085; 1, 13, 1, 0; 0.802049208278; 1, 0, 1; 1, 0, 0; 3, 1, 2 ;
1,98; 2.08285, -2.18777, -2.02759 / 2.08285, -2.18777, -2.02759 / 2.08285, -2.18777, -2.02759; 1, 8, 1, 0; 0.041089533341; 1, 0, 1; 0, 1, 0; 1, 1, 2 ;
1,99; 1.07039, -0.333304, -0.463707 / 1.07039, -0.333304, -0.463707 / 1.07039, -0.333304, -0.463707; 1, 12, 1, 0; 0.769159749019; 0, 1, 0; 0, 1, 0; 4, 1, 1 ;
0,99; 0.675391, 1.585470, 1.103006 / 0.675778, 1.585692, 1.103040 / 0.675003, 1.585248, 1.102971; 1, 25, 1, 0; 0.808555021216; 2, 1, 1; 1, 1, 0; 1, 2, 1 / 2, 1, 2 ;
1,101; -0.535663, 3.19115, 3.23996 / -0.535663, 3.19115, 3.23996 / -0.535663, 3.19115, 3.23996; 1, 43, 1, 0; 0.350000099050; 1, 0, 1; 0, 1, 0; 1, 4, 0 / 2, 5, 0 / 4, 1, 2 ;
0,101; -0.487977, 3.212249, 3.300126 / -0.487977, 3.212249, 3.300126 / -0.487977, 3.212249, 3.300126; 1, 43, 1, 0; 0.351596757515; 1, 0, 1; 1, 0, 0; 2, 1, 2 / 4, 5, 0 ;
0,101; -0.489546, 3.212450, 3.309507 / -0.489546, 3.212450, 3.309507 / -0.489546, 3.212450, 3.309507; 1, 43, 1, 0; 0.351597926299; 1, 0, 1; 1, 0, 0; 3, 1, 2 ;
1,102; -0.0257923, -2.18692, -0.716422 / -0.0257923, -2.18692, -0.716422 / -0.0257923, -2.18692, -0.716422; 1, 9, 1, 0; 0.534366113872; 1, 0, 1; 1, 0, 0; 2, 1, 2 ;
1,104; 1.36549, -1.0987, -0.980962 / 1.36549, -1.0987, -0.980962 / 1.36549, -1.0987, -0.980962; 1, 11, 1, 0; 0.591880118144; 1, 0, 1; 1, 0, 0; 2, 1, 2 ;
0,104; 1.369791, -1.098815, -0.978775 / 1.369791, -1.098815, -0.978775 / 1.369791, -1.098815, -0.978775; 1, 11, 1, 0; 0.591880856255; 1, 0, 1; 1, 0, 0; 1, 1, 0 / 1, 2, 0 / 3, 1, 2 ;
0,104; 0.794587, -1.192717, -0.858843 / 0.794587, -1.192717, -0.858843 / 0.794587, -1.192717, -0.858843; 1, 16, 1, 0; 0.006508916517; 1, 0, 1; 1, 0, 0; 2, 1, 2 ;
1,108; -3.03437, 1.42324, 2.08072 / -3.03437, 1.42324, 2.08072 / -3.03437, 1.42324, 2.08072; 1, 29, 1, 0; 0.881786824786; 1, 0, 1; 1, 0, 0; 2, 1, 2 ;
1,109; -0.807865, -1.00777, 1.91877 / -0.807865, -1.00777, 1.91877 / -0.807865, -1.00777, 1.91877; 1, 30, 1, 0; 0.464685250993; 0, 0, 0; 1, 0, 0; 2, 1, 0 / 3, 1, 3 / 3, 10, 0 ;
0,109; -0.808755, -1.013095, 1.920215 / -0.808755, -1.013095, 1.920215 / -0.808755, -1.013095, 1.920215; 1, 30, 1, 0; 0.464685630901; 1, 0, 1; 1, 0, 0; 3, 1, 2 ;
1,110; 1.59652, 3.30709, -1.98919 / 1.59652, 3.30709, -1.98919 / 1.59652, 3.30709, -1.98919; 1, 4, 1, 0; 0.855427177150; 1, 0, 1; 1, 0, 0; 2, 1, 2 ;
0,110; 1.467071, 3.231936, -1.724421 / 1.467071, 3.231936, -1.724421 / 1.467071, 3.231936, -1.724421; 1, 7, 1, 0; 0.127544511501; 0, 0, 0; 1, 0, 0; 1, 1, 0 / 3, 1, 3 ;
1,111; -0.297485, 2.9545, -1.16505 / -0.296997, 2.95476, -1.16453 / -0.297972, 2.95424, -1.16558; 1, 7, 1, 0; 0.711674546754; 0, 3, 0; 3, 0, 0; 2, 2, 1 / 2, 3, 0 / 2, 7, 0 / 3, 1, 1 / 3, 3, 0 / 3, 5, 1 / 4, 6, 0 ;
0,111; -0.295598, 2.956153, -1.162728 / -0.295346, 2.956384, -1.161747 / -0.295849, 2.955923, -1.163708; 1, 7, 1, 0; 0.711674654140; 2, 1, 1; 2, 0, 0; 2, 1, 2 / 2, 9, 1 ;
0,111; -0.176284, 2.161487, -1.659706 / -0.176284, 2.161487, -1.659706 / -0.176284, 2.161487, -1.659706; 1, 7, 1, 0; 0.047516846819; 1, 0, 1; 1, 0, 0; 2, 1, 2 ;
0,111; -0.282380, 2.972800, -1.133901 / -0.282380, 2.972800, -1.133901 / -0.282380, 2.972800, -1.133901; 1, 7, 1, 0; 0.711697445543; 1, 0, 1; 1, 0, 0; 1, 2, 0 / 2, 1, 0 / 3, 1, 2 / 4, 1, 0 ;
0,111; -0.217509, 3.123539, -0.922337 / -0.216475, 3.124318, -0.921999 / -0.218544, 3.122761, -0.922675; 1, 13, 1, 0; 0.253782638614; 1, 0, 2; 1, 1, 0; 1, 10, 2 / 2, 1, 2 ;
0,111; -0.213825, 3.123535, -0.922983 / -0.213825, 3.123535, -0.922983 / -0.213825, 3.123535, -0.922983; 1, 13, 1, 0; 0.253782774025; 1, 0, 1; 0, 1, 0; 1, 1, 2 ;
0,111; -0.058934, 3.207458, -0.491224 / -0.058934, 3.207458, -0.491224 / -0.058934, 3.207458, -0.491224; 1, 13, 1, 0; 0.628699391759; 1, 0, 1; 0, 1, 0; 4, 1, 2 ;
0,111; -0.195510, 3.153976, -0.882292 / -0.195510, 3.153976, -0.882292 / -0.195510, 3.153976, -0.882292; 1, 13, 1, 0; 0.254072546941; 1, 0, 1; 1, 0, 0; 2, 1, 2 ;
0,111; -0.197444, 3.150716, -0.884095 / -0.197444, 3.150716, -0.884095 / -0.197444, 3.150716, -0.884095; 1, 13, 1, 0; 0.254083133602; 1, 0, 1; 1, 0, 0; 2, 1, 2 ;
0,111; -0.172830, 3.185839, -0.826825 / -0.172830, 3.185839, -0.826825 / -0.172830, 3.185839, -0.826825; 1, 13, 1, 0; 0.255114699086; 1, 0, 1; 1, 0, 0; 3, 1, 2 ;
0,111; -0.033566, 3.232002, -0.415349 / -0.033566, 3.232002, -0.415349 / -0.033566, 3.232002, -0.415349; 1, 13, 1, 0; 0.628631058555; 1, 0, 1; 1, 0, 0; 3, 1, 2 ;
0,111; -0.051849, 3.215458, -0.476987 / -0.051849, 3.215458, -0.476987 / -0.051849, 3.215458, -0.476987; 1, 13, 1, 0; 0.628686256914; 1, 0, 1; 1, 0, 0; 2, 1, 2 ;
0,111; -0.054128, 3.211927, -0.489805 / -0.054128, 3.211927, -0.489805 / -0.054128, 3.211927, -0.489805; 1, 13, 1, 0; 0.628688060339; 1, 0, 1; 1, 0, 0; 3, 1, 2 ;
0,111; 0.414995, 1.428763, 0.254670 / 0.415160, 1.428941, 0.255195 / 0.414830, 1.428584, 0.254145; 1, 17, 1, 0; 0.670512304400; 2, 1, 1; 1, 1, 0; 1, 2, 2 / 2, 1, 1 ;
0,111; 0.442922, 1.408407, 0.328040 / 0.442922, 1.408407, 0.328040 / 0.442922, 1.408407, 0.328040; 1, 17, 1, 0; 0.884738770369; 1, 0, 1; 0, 1, 0; 1, 1, 2 ;
0,111; 0.418938, 1.430553, 0.248335 / 0.418938, 1.430553, 0.248335 / 0.418938, 1.430553, 0.248335; 1, 17, 1, 0; 0.670511934752; 1, 0, 1; 1, 0, 0; 3, 1, 2 ;
0,111; 0.418365, 1.429969, 0.252168 / 0.418365, 1.429969, 0.252168 / 0.418365, 1.429969, 0.252168; 1, 17, 1, 0; 0.670512130038; 0, 1, 0; 1, 0, 0; 2, 1, 1 ;
0,111; 0.477337, 1.376612, 0.448078 / 0.477337, 1.376612, 0.448078 / 0.477337, 1.376612, 0.448078; 1, 17, 1, 0; 0.887040011271; 0, 1, 0; 1, 0, 0; 2, 1, 1 ;
1,112; -1.91647, -2.39534, 0.48071 / -1.91647, -2.39534, 0.48071 / -1.91647, -2.39534, 0.48071; 1, 18, 1, 0; 0.380867375833; 1, 0, 1; 1, 0, 0; 1, 10, 0 / 2, 1, 2 ;
1,113; 2.00596, -0.569029, -1.81237 / 2.00596, -0.569029, -1.81237 / 2.00596, -0.569029, -1.81237; 1, 4, 1, 0; 0.954360263865; 1, 0, 1; 1, 0, 0; 3, 1, 2 ;
1,114; 0.873947, -2.67789, -3.21711 / 0.873947, -2.67789, -3.21711 / 0.873947, -2.67789, -3.21711; 1, 3, 1, 0; 0.064504499168; 1, 0, 1; 1, 0, 0; 3, 1, 2 ;
0,114; 0.745380, -2.377908, -3.009155 / 0.745380, -2.377908, -3.009155 / 0.745380, -2.377908, -3.009155; 1, 3, 1, 0; 0.411471939135; 1, 0, 1; 1, 0, 0; 2, 1, 2 ;
0,114; 0.456201, -1.613873, -2.497084 / 0.456201, -1.613873, -2.497084 / 0.456201, -1.613873, -2.497084; 1, 3, 1, 0; 0.562200498072; 1, 0, 1; 1, 0, 0; 2, 1, 2 ;
0,114; 0.299079, -1.258044, -2.267553 / 0.299079, -1.258044, -2.267553 / 0.299079, -1.258044, -2.267553; 1, 3, 1, 0; 0.854669962967; 1, 0, 1; 1, 0, 0; 3, 1, 2 ;
0,114; -1.133034, 0.981861, -0.550797 / -1.133034, 0.981861, -0.550797 / -1.133034, 0.981861, -0.550797; 1, 16, 1, 0; 0.117374958478; 1, 0, 1; 1, 0, 0; 2, 1, 2 ;
0,114; -2.221040, 2.402527, 0.521771 / -2.221040, 2.402527, 0.521771 / -2.221040, 2.402527, 0.521771; 1, 24, 1, 0; 0.029878377000; 1, 0, 1; 1, 0, 0; 3, 1, 2 ;
1,115; -1.48985, -3.29936, 0.227741 / -1.48985, -3.29936, 0.227741 / -1.48985, -3.29936, 0.227741; 1, 16, 1, 0; 0.972621840309; 0, 1, 0; 0, 1, 0; 1, 1, 1 ;
0,115; -1.513657, -2.430508, 0.495654 / -1.513657, -2.430508, 0.495654 / -1.513657, -2.430508, 0.495654; 1, 18, 1, 0; 0.384935116293; 1, 0, 1; 1, 0, 0; 2, 1, 2 ;
0,115; -1.514919, -2.391590, 0.500022 / -1.514919, -2.391590, 0.500022 / -1.514919, -2.391590, 0.500022; 1, 18, 1, 0; 0.384973510876; 1, 0, 1; 1, 0, 0; 2, 1, 2 ;
0,115; -1.983985, 2.176236, 1.388734 / -1.983287, 2.177202, 1.389702 / -1.984683, 2.175270, 1.387767; 1, 24, 1, 0; 0.477271397090; 2, 2, 1; 1, 2, 1; 1, 9, 1 / 2, 1, 1 / 4, 8, 2 ;
0,115; -1.920027, 1.850860, 1.374770 / -1.919715, 1.851017, 1.374940 / -1.920339, 1.850702, 1.374599; 1, 24, 1, 0; 0.523313218021; 2, 2, 1; 2, 1, 0; 1, 1, 1 / 2, 1, 2 / 2, 2, 1 ;
0,115; -1.984488, 2.174592, 1.384380 / -1.984488, 2.174592, 1.384380 / -1.984488, 2.174592, 1.384380; 1, 24, 1, 0; 0.477271264072; 0, 1, 0; 0, 1, 0; 4, 1, 1 ;
0,115; -1.983376, 2.176874, 1.387554 / -1.983287, 2.177616, 1.387767 / -1.983466, 2.176132, 1.387341; 1, 24, 1, 0; 0.477271374921; 0, 1, 0; 1, 1, 0; 2, 4, 1 / 4, 1, 1 / 4, 2, 0 ;
0,115; -1.985812, 2.169789, 1.378830 / -1.985812, 2.169789, 1.378830 / -1.985812, 2.169789, 1.378830; 1, 24, 1, 0; 0.477258442593; 1, 0, 1; 1, 0, 0; 2, 1, 2 ;
0,115; -1.977121, 2.176896, 1.390250 / -1.977121, 2.176896, 1.390250 / -1.977121, 2.176896, 1.390250; 1, 24, 1, 0; 0.477270288605; 1, 0, 1; 1, 0, 0; 2, 1, 2 / 3, 1, 0 ;
0,115; -1.981359, 2.172707, 1.381879 / -1.981359, 2.172707, 1.381879 / -1.981359, 2.172707, 1.381879; 1, 24, 1, 0; 0.477271042375; 1, 0, 1; 1, 0, 0; 3, 1, 2 ;
0,115; -1.984317, 2.175188, 1.392042 / -1.984317, 2.175188, 1.392042 / -1.984317, 2.175188, 1.392042; 1, 24, 1, 0; 0.477271530109; 1, 0, 1; 1, 0, 0; 3, 1, 2 ;
1,116; -2.68983, 2.86082, -0.765056 / -2.68983, 2.86082, -0.765056 / -2.68983, 2.86082, -0.765056; 1, 14, 1, 0; 0.134875015849; 1, 0, 1; 1, 0, 0; 3, 1, 2 ;
1,118; -1.06086, -2.77726, 0.104809 / -1.06086, -2.77726, 0.104809 / -1.06086, -2.77726, 0.104809; 1, 16, 1, 0; 0.952366520134; 1, 0, 1; 1, 0, 0; 2, 1, 2 ;
0,118; -1.064699, -2.778156, 0.108657 / -1.064699, -2.778156, 0.108657 / -1.064699, -2.778156, 0.108657; 1, 16, 1, 0; 0.952379077193; 1, 0, 1; 1, 0, 0; 3, 1, 2 ;
0,118; -2.362694, -2.585002, 0.056918 / -2.362694, -2.585002, 0.056918 / -2.362694, -2.585002, 0.056918; 1, 18, 1, 0; 0.048685091882; 1, 0, 1; 1, 0, 0; 3, 1, 2 ;
1,119; 1.78566, 0.879799, -1.95788 / 1.78566, 0.879799, -1.95788 / 1.78566, 0.879799, -1.95788; 1, 4, 1, 0; 0.659022816201; 1, 0, 1; 0, 1, 0; 4, 1, 2 ;
1,121; -1.92525, 1.18135, 3.54984 / -1.92525, 1.18135, 3.54984 / -1.92525, 1.18135, 3.54984; 1, 45, 1, 0; 0.197922148844; 1, 0, 1; 0, 1, 0; 1, 1, 2 ;
1,122; -2.97786, 0.786291, -1.20672 / -2.97786, 0.786291, -1.20672 / -2.97786, 0.786291, -1.20672; 1, 10, 1, 0; 0.263875319544; 0, 1, 0; 1, 0, 0; 2, 1, 1 ;
0,122; -2.396770, 1.057342, -0.991557 / -2.396770, 1.057342, -0.991557 / -2.396770, 1.057342, -0.991557; 1, 14, 1, 0; 0.064256243976; 1, 0, 1; 1, 0, 0; 3, 1, 2 ;
0,122; 1.253943, 3.482818, 0.481331 / 1.253943, 3.482818, 0.481331 / 1.253943, 3.482818, 0.481331; 1, 20, 1, 0; 0.577052640409; 1, 0, 1; 1, 0, 0; 2, 1, 2 ;
0,122; 1.297286, 3.519714, 0.508490 / 1.297286, 3.519714, 0.508490 / 1.297286, 3.519714, 0.508490; 1, 20, 1, 0; 0.577820950588; 1, 0, 1; 1, 0, 0; 3, 1, 2 ;
1,125; 1.70345, 3.75512, 0.982131 / 1.70345, 3.75512, 0.982131 / 1.70345, 3.75512, 0.982131; 1, 26, 1, 0; 0.571985452831; 1, 0, 1; 1, 0, 0; 3, 1, 2 ;
0,125; 1.691031, 3.947993, 1.209636 / 1.691031, 3.947993, 1.209636 / 1.691031, 3.947993, 1.209636; 1, 26, 1, 0; 0.574118820453; 1, 0, 1; 1, 0, 0; 3, 1, 2 ;
1,126; -0.070046, 1.63723, -0.136327 / -0.070046, 1.63723, -0.136327 / -0.070046, 1.63723, -0.136327; 1, 13, 1, 0; 0.816537540177; 0, 1, 0; 0, 1, 0; 1, 1, 1 ;
0,126; 1.654210, 0.806494, 1.572646 / 1.654665, 0.807131, 1.572926 / 1.653755, 0.805856, 1.572365; 1, 27, 1, 0; 0.488486645819; 2, 3, 1; 1, 3, 1; 1, 2, 1 / 1, 3, 1 / 2, 1, 2 / 4, 4, 0 / 4, 8, 1 ;
0,126; 3.069426, 0.284751, 2.997239 / 3.069426, 0.284751, 2.997239 / 3.069426, 0.284751, 2.997239; 1, 39, 1, 0; 0.026555681282; 1, 0, 1; 1, 0, 0; 2, 1, 2 ;
0,126; 3.067802, 0.287541, 2.995506 / 3.067802, 0.287541, 2.995506 / 3.067802, 0.287541, 2.995506; 1, 39, 1, 0; 0.026557488606; 1, 0, 1; 1, 0, 0; 2, 1, 2 ;
1,128; 0.0996755, 3.87307, 1.80475 / 0.0999622, 3.87376, 1.80488 / 0.0993888, 3.87238, 1.80463; 1, 31, 1, 0; 0.115050793798; 2, 1, 2; 2, 1, 0; 2, 1, 2 / 3, 6, 2 / 4, 6, 1 ;
0,128; -0.175650, 2.256984, 2.560452 / -0.175237, 2.257176, 2.560583 / -0.176063, 2.256793, 2.560322; 1, 38, 1, 0; 0.563055897426; 2, 2, 1; 2, 1, 0; 2, 5, 1 / 2, 6, 1 / 4, 1, 2 ;
0,128; -0.176061, 2.250631, 2.554665 / -0.176061, 2.250631, 2.554665 / -0.176061, 2.250631, 2.554665; 1, 38, 1, 0; 0.563055101429; 1, 0, 1; 0, 1, 0; 1, 1, 2 / 1, 4, 0 ;
0,128; -0.169254, 2.254756, 2.556699 / -0.169254, 2.254756, 2.556699 / -0.169254, 2.254756, 2.556699; 1, 38, 1, 0; 0.563028986572; 1, 0, 1; 1, 0, 0; 2, 1, 2 ;
0,128; -0.172873, 2.252146, 2.556303 / -0.172873, 2.252146, 2.556303 / -0.172873, 2.252146, 2.556303; 1, 38, 1, 0; 0.563055392274; 0, 1, 0; 1, 0, 0; 2, 1, 1 ;
0,128; -0.178794, 2.255749, 2.560102 / -0.178794, 2.255749, 2.560102 / -0.178794, 2.255749, 2.560102; 1, 38, 1, 0; 0.563056157657; 1, 0, 1; 1, 0, 0; 2, 1, 2 ;
0,128; -0.180497, 2.260720, 2.560594 / -0.180497, 2.260720, 2.560594 / -0.180497, 2.260720, 2.560594; 1, 38, 1, 0; 0.563058805881; 1, 0, 1; 1, 0, 0; 2, 1, 2 ;
0,128; -0.420280, 1.187595, 3.178212 / -0.420280, 1.187595, 3.178212 / -0.420280, 1.187595, 3.178212; 1, 42, 1, 0; 0.385374051312; 1, 0, 1; 1, 0, 0; 2, 1, 2 ;
1,129; 0.752854, -1.03405, 3.05923 / 0.752854, -1.03405, 3.05923 / 0.752854, -1.03405, 3.05923; 1, 35, 1, 0; 0.250676915467; 1, 0, 1; 1, 0, 0; 2, 1, 2 ;
0,129; 0.290775, 0.607908, 2.989362 / 0.290775, 0.607908, 2.989362 / 0.290775, 0.607908, 2.989362; 1, 39, 1, 0; 0.139872167217; 1, 0, 1; 0, 1, 0; 1, 1, 2 ;
0,129; 0.125255, 3.388918, 3.037891 / 0.125255, 3.388918, 3.037891 / 0.125255, 3.388918, 3.037891; 1, 40, 1, 0; 0.272837403740; 1, 0, 1; 1, 0, 0; 3, 1, 2 ;
1,130; 0.475061, 1.86757, 2.22654 / 0.475393, 1.86822, 2.22767 / 0.47473, 1.86693, 2.22541; 1, 31, 1, 0; 0.496359094855; 2, 1, 1; 0, 2, 0; 4, 1, 1 / 4, 7, 2 ;
0,130; 0.474411, 1.870054, 2.221718 / 0.474411, 1.870054, 2.221718 / 0.474411, 1.870054, 2.221718; 1, 31, 1, 0; 0.496340301921; 1, 0, 1; 1, 0, 0; 3, 1, 2 ;
1,131; 0.162847, 3.92108, -2.4042 / 0.162847, 3.92108, -2.4042 / 0.162847, 3.92108, -2.4042; 1, 4, 1, 0; 0.219552009413; 0, 0, 0; 0, 1, 0; 4, 1, 3 ;
0,131; 2.207412, 1.402136, 1.135817 / 2.207412, 1.402136, 1.135817 / 2.207412, 1.402136, 1.135817; 1, 26, 1, 0; 0.263220162016; 1, 0, 1; 1, 0, 0; 3, 1, 2 ;
0,131; 2.334861, 1.264690, 1.333901 / 2.334861, 1.264690, 1.333901 / 2.334861, 1.264690, 1.333901; 1, 26, 1, 0; 0.720837083708; 1, 0, 1; 1, 0, 0; 2, 1, 2 ;
0,131; 2.343556, 1.273210, 1.329363 / 2.343556, 1.273210, 1.329363 / 2.343556, 1.273210, 1.329363; 1, 26, 1, 0; 0.720838909605; 1, 0, 1; 1, 0, 0; 3, 1, 2 ;
0,131; 2.420809, 1.166749, 1.466221 / 2.420809, 1.166749, 1.466221 / 2.420809, 1.166749, 1.466221; 1, 26, 1, 0; 0.812855951309; 1, 0, 1; 1, 0, 0; 2, 1, 2 ;
0,131; 3.349055, -0.062842, 2.958820 / 3.349055, -0.062842, 2.958820 / 3.349055, -0.062842, 2.958820; 1, 37, 1, 0; 0.769599827330; 1, 0, 1; 1, 0, 0; 2, 1, 2 ;
1,132; -0.174782, -1.90581, 2.57557 / -0.174638, -1.90563, 2.5756 / -0.174925, -1.90599, 2.57553; 1, 34, 1, 0; 0.336324909135; 0, 1, 0; 1, 1, 0; 1, 2, 1 / 2, 1, 3 ;
0,132; -0.175003, -1.907510, 2.577404 / -0.175003, -1.907510, 2.577404 / -0.175003, -1.907510, 2.577404; 1, 34, 1, 0; 0.336326455775; 1, 0, 1; 0, 1, 0; 4, 1, 2 ;
0,132; -0.428218, -2.253348, 2.845781 / -0.428143, -2.253104, 2.845842 / -0.428292, -2.253592, 2.845720; 1, 35, 1, 0; 0.718189133902; 2, 1, 1; 1, 1, 0; 1, 2, 1 / 2, 1, 2 ;
1,133; -1.42459, -0.0999797, 2.76985 / -1.42459, -0.0999797, 2.76985 / -1.42459, -0.0999797, 2.76985; 1, 34, 1, 0; 0.893526226772; 1, 0, 1; 1, 0, 0; 2, 1, 2 ;
1,134; -2.12238, -0.450769, -2.55985 / -2.12208, -0.450108, -2.55963 / -2.12269, -0.451429, -2.56007; 1, 2, 1, 0; 0.962054997326; 1, 0, 2; 1, 1, 0; 2, 1, 2 / 4, 7, 2 ;
0,134; -2.073879, -0.408748, -2.716716 / -2.073879, -0.408748, -2.716716 / -2.073879, -0.408748, -2.716716; 1, 2, 1, 0; 0.962186848359; 1, 0, 1; 1, 0, 0; 3, 1, 2 ;
1,135; -2.64313, 0.821558, -2.79876 / -2.64313, 0.821558, -2.79876 / -2.64313, 0.821558, -2.79876; 1, 2, 1, 0; 0.634011139009; 0, 1, 0; 1, 0, 0; 2, 1, 1 ;
0,135; -2.337435, 1.476763, -2.487124 / -2.337435, 1.476763, -2.487124 / -2.337435, 1.476763, -2.487124; 1, 6, 1, 0; 0.028864022874; 1, 0, 1; 0, 1, 0; 4, 1, 2 ;
0,135; -1.701205, 0.550915, -1.763567 / -1.701205, 0.550915, -1.763567 / -1.701205, 0.550915, -1.763567; 1, 6, 1, 0; 0.747523218464; 1, 0, 1; 0, 1, 0; 4, 1, 2 ;
0,135; -1.704338, 0.568327, -1.772914 / -1.704338, 0.568327, -1.772914 / -1.704338, 0.568327, -1.772914; 1, 6, 1, 0; 0.747525551337; 1, 0, 1; 0, 1, 0; 1, 1, 2 ;
0,135; -1.502117, -0.550548, -1.406340 / -1.502117, -0.550548, -1.406340 / -1.502117, -0.550548, -1.406340; 1, 6, 1, 0; 0.975762330168; 0, 1, 0; 0, 1, 0; 4, 1, 1 ;
0,135; -2.329867, 1.468019, -2.496011 / -2.329867, 1.468019, -2.496011 / -2.329867, 1.468019, -2.496011; 1, 6, 1, 0; 0.028862959358; 0, 1, 0; 1, 0, 0; 2, 1, 1 ;
0,135; -1.852686, 0.990395, -1.980812 / -1.852686, 0.990395, -1.980812 / -1.852686, 0.990395, -1.980812; 1, 6, 1, 0; 0.407721404900; 1, 0, 1; 1, 0, 0; 3, 1, 2 ;
0,135; -1.939628, 1.172379, -2.072633 / -1.939628, 1.172379, -2.072633 / -1.939628, 1.172379, -2.072633; 1, 6, 1, 0; 0.410680708998; 1, 0, 1; 1, 0, 0; 3, 1, 2 ;
0,135; -1.706944, 0.561466, -1.776372 / -1.706944, 0.561466, -1.776372 / -1.706944, 0.561466, -1.776372; 1, 6, 1, 0; 0.747533873227; 1, 0, 1; 1, 0, 0; 2, 1, 2 ;
0,135; -1.526687, -0.514187, -1.376323 / -1.526687, -0.514187, -1.376323 / -1.526687, -0.514187, -1.376323; 1, 6, 1, 0; 0.975317868734; 1, 0, 1; 1, 0, 0; 2, 1, 2 / 2, 2, 0 ;
0,135; -1.534885, -0.492859, -1.373834 / -1.534885, -0.492859, -1.373834 / -1.534885, -0.492859, -1.373834; 1, 6, 1, 0; 0.975333943997; 0, 1, 0; 1, 0, 0; 2, 1, 1 ;
0,135; -1.539634, -0.473839, -1.377223 / -1.539634, -0.473839, -1.377223 / -1.539634, -0.473839, -1.377223; 1, 6, 1, 0; 0.975343045145; 1, 0, 1; 1, 0, 0; 3, 1, 2 ;
0,135; -1.494368, -0.578283, -1.448985 / -1.494368, -0.578283, -1.448985 / -1.494368, -0.578283, -1.448985; 1, 6, 1, 0; 0.975733036921; 1, 0, 1; 1, 0, 0; 3, 1, 2 ;
0,135; -1.495909, -0.567894, -1.430460 / -1.495909, -0.567894, -1.430460 / -1.495909, -0.567894, -1.430460; 1, 6, 1, 0; 0.975742339010; 1, 0, 1; 1, 0, 0; 2, 1, 2 ;
0,135; -1.492116, -0.553980, -1.412424 / -1.492116, -0.553980, -1.412424 / -1.492116, -0.553980, -1.412424; 1, 6, 1, 0; 0.975754091596; 1, 0, 1; 1, 0, 0; 2, 1, 2 ;
0,135; -1.483115, -0.563940, -1.411698 / -1.483115, -0.563940, -1.411698 / -1.483115, -0.563940, -1.411698; 1, 6, 1, 0; 0.975756953777; 1, 0, 1; 1, 0, 0; 2, 1, 2 ;
1,136; 1.54529, 3.84772, -1.36585 / 1.54529, 3.84772, -1.36585 / 1.54529, 3.84772, -1.36585; 1, 7, 1, 0; 0.209889310592; 1, 0, 1; 0, 1, 0; 4, 1, 2 ;
0,136; 1.520176, 3.844590, -1.329359 / 1.520176, 3.844590, -1.329359 / 1.520176, 3.844590, -1.329359; 1, 7, 1, 0; 0.209912787219; 1, 0, 1; 1, 0, 0; 2, 1, 2 ;
0,136; -0.627483, 3.994279, 1.438358 / -0.627483, 3.994279, 1.438358 / -0.627483, 3.994279, 1.438358; 1, 29, 1, 0; 0.074289610779; 1, 0, 1; 0, 1, 0; 4, 1, 2 ;
1,138; 0.925867, 0.754616, -4.47289 / 0.925867, 0.754616, -4.47289 / 0.925867, 0.754616, -4.47289; 1, 1, 1, 0; 0.080125415706; 1, 0, 1; 1, 0, 0; 1, 4, 0 / 3, 1, 2 / 3, 3, 0 / 4, 1, 0 ;
0,138; 0.464130, 1.471163, -2.415251 / 0.464130, 1.471163, -2.415251 / 0.464130, 1.471163, -2.415251; 1, 4, 1, 0; 0.383659892729; 1, 0, 1; 1, 0, 0; 3, 1, 2 ;
0,138; -1.792920, 3.202682, 1.451683 / -1.792920, 3.202682, 1.451683 / -1.792920, 3.202682, 1.451683; 1, 29, 1, 0; 0.137875797320; 0, 1, 0; 0, 1, 0; 4, 1, 1 ;
0,138; -1.802278, 3.210105, 1.468157 / -1.802278, 3.210105, 1.468157 / -1.802278, 3.210105, 1.468157; 1, 29, 1, 0; 0.137881953780; 1, 0, 1; 1, 0, 0; 1, 7, 0 / 2, 1, 2 ;
0,138; -1.802033, 3.206963, 1.470147 / -1.802033, 3.206963, 1.470147 / -1.802033, 3.206963, 1.470147; 1, 29, 1, 0; 0.137882099898; 1, 0, 1; 1, 0, 0; 2, 1, 2 ;
1,141; 0.940973, 0.0313166, 3.85073 / 0.940973, 0.0313166, 3.85073 / 0.940973, 0.0313166, 3.85073; 1, 46, 1, 0; 0.206905905834; 1, 0, 1; 1, 0, 0; 3, 1, 2 ;
1,142; -2.25731, -0.394791, 0.106519 / -2.25731, -0.394791, 0.106519 / -2.25731, -0.394791, 0.106519; 1, 14, 1, 0; 0.904627620352; 0, 0, 0; 1, 0, 0; 1, 7, 0 / 3, 1, 3 ;
0,142; -2.025853, -0.754287, 0.627301 / -2.025853, -0.754287, 0.627301 / -2.025853, -0.754287, 0.627301; 1, 21, 1, 0; 0.345809635858; 0, 1, 0; 1, 0, 0; 2, 1, 1 ;
1,145; 3.51039, -1.14392, 1.69995 / 3.51039, -1.14392, 1.69995 / 3.51039, -1.14392, 1.69995; 1, 27, 1, 0; 0.842406874337; 0, 1, 0; 1, 0, 0; 3, 1, 1 ;
0,145; 2.913930, -1.373882, 2.487851 / 2.913930, -1.373882, 2.487851 / 2.913930, -1.373882, 2.487851; 1, 34, 1, 0; 0.455249420634; 0, 1, 0; 1, 0, 0; 3, 1, 1 ;
1,146; -1.3582, -3.41408, -1.73472 / -1.3578, -3.41336, -1.73365 / -1.3586, -3.4148, -1.7358; 1, 9, 1, 0; 0.018240660239; 2, 1, 2; 2, 1, 0; 2, 1, 2 / 3, 10, 2 / 4, 2, 1 ;
0,146; -1.357672, -3.441788, -1.763161 / -1.357672, -3.441788, -1.763161 / -1.357672, -3.441788, -1.763161; 1, 9, 1, 0; 0.017311609765; 1, 0, 1; 1, 0, 0; 3, 1, 2 ;
0,146; -1.294457, -3.007392, -1.060615 / -1.294457, -3.007392, -1.060615 / -1.294457, -3.007392, -1.060615; 1, 9, 1, 0; 0.338837071617; 1, 0, 1; 1, 0, 0; 2, 1, 2 ;
0,146; -1.722694, -1.015554, 1.821417 / -1.722694, -1.015554, 1.821417 / -1.722694, -1.015554, 1.821417; 1, 30, 1, 0; 0.263958778995; 0, 1, 0; 0, 1, 0; 1, 1, 1 ;
1,147; -2.6546, -0.684077, 1.83023 / -2.6546, -0.684077, 1.83023 / -2.6546, -0.684077, 1.83023; 1, 24, 1, 0; 0.742589635811; 1, 0, 1; 0, 1, 0; 1, 1, 2 / 2, 3, 0 / 3, 3, 0 ;
0,147; -2.658427, -0.684978, 1.832784 / -2.658427, -0.684978, 1.832784 / -2.658427, -0.684978, 1.832784; 1, 24, 1, 0; 0.742588342578; 0, 1, 0; 1, 0, 0; 3, 1, 1 ;
1,149; -3.17547, -0.394803, -1.68045 / -3.17515, -0.394777, -1.68033 / -3.1758, -0.394829, -1.68057; 1, 6, 1, 0; 0.813916870303; 2, 1, 1; 2, 0, 0; 3, 1, 2 / 3, 3, 1 ;
0,149; 0.630375, 1.291624, 0.185313 / 0.630375, 1.291624, 0.185313 / 0.630375, 1.291624, 0.185313; 1, 17, 1, 0; 0.671921117091; 0, 1, 0; 0, 1, 0; 4, 1, 1 ;
0,149; 0.628502, 1.292648, 0.183491 / 0.628502, 1.292648, 0.183491 / 0.628502, 1.292648, 0.183491; 1, 17, 1, 0; 0.671922002851; 0, 1, 0; 0, 1, 0; 1, 1, 1 ;
0,149; 1.544180, 1.684355, 0.544826 / 1.544180, 1.684355, 0.544826 / 1.544180, 1.684355, 0.544826; 1, 20, 1, 0; 0.434895168965; 1, 0, 1; 0, 1, 0; 1, 1, 2 ;
0,149; 2.078907, 1.906655, 0.739504 / 2.078907, 1.906655, 0.739504 / 2.078907, 1.906655, 0.739504; 1, 20, 1, 0; 0.718600324537; 1, 0, 1; 0, 1, 0; 4, 1, 2 ;
0,149; 1.285388, 1.600846, 0.448883 / 1.285388, 1.600846, 0.448883 / 1.285388, 1.600846, 0.448883; 1, 20, 1, 0; 0.433560719131; 0, 1, 0; 1, 0, 0; 2, 1, 1 ;
0,149; 1.541727, 1.686480, 0.543615 / 1.541727, 1.686480, 0.543615 / 1.541727, 1.686480, 0.543615; 1, 20, 1, 0; 0.434894308449; 1, 0, 1; 1, 0, 0; 3, 1, 2 ;
0,149; 2.078902, 1.907152, 0.741868 / 2.078902, 1.907152, 0.741868 / 2.078902, 1.907152, 0.741868; 1, 20, 1, 0; 0.718600404081; 1, 0, 1; 1, 0, 0; 3, 1, 2 ;
1,150; 2.87078, -1.60031, 0.783275 / 2.87078, -1.60031, 0.783275 / 2.87078, -1.60031, 0.783275; 1, 19, 1, 0; 0.860696222120; 1, 0, 1; 0, 1, 0; 1, 1, 2 ;
1,151; 2.23482, -0.501989, 1.75507 / 2.23482, -0.501989, 1.75507 / 2.23482, -0.501989, 1.75507; 1, 27, 1, 0; 0.731914292713; 1, 0, 1; 1, 0, 0; 3, 1, 2 ;
0,151; 2.367096, -0.716934, 1.697319 / 2.367096, -0.716934, 1.697319 / 2.367096, -0.716934, 1.697319; 1, 27, 1, 0; 0.806593983896; 0, 1, 0; 1, 0, 0; 3, 1, 1 ;
1,153; -2.43398, 2.6869, -0.752735 / -2.43398, 2.6869, -0.752735 / -2.43398, 2.6869, -0.752735; 1, 14, 1, 0; 0.118603403981; 1, 0, 1; 1, 0, 0; 2, 1, 2 ;
0,153; 1.032331, 0.809412, 3.351453 / 1.032331, 0.809412, 3.351453 / 1.032331, 0.809412, 3.351453; 1, 42, 1, 0; 0.191407980874; 1, 0, 1; 0, 1, 0; 1, 1, 2 ;
1,155; -2.61861, 1.8488, -0.500805 / -2.61839, 1.8489, -0.500226 / -2.61883, 1.8487, -0.501384; 1, 14, 1, 0; 0.287105600713; 1, 0, 1; 0, 2, 0; 4, 1, 3 / 4, 3, 2 ;
0,155; 0.598829, 2.469064, 1.498482 / 0.598829, 2.469064, 1.498482 / 0.598829, 2.469064, 1.498482; 1, 30, 1, 0; 0.024783199099; 1, 0, 1; 1, 0, 0; 3, 1, 2 ;
1,156; 1.35404, 2.13753, 1.18079 / 1.35404, 2.13753, 1.18079 / 1.35404, 2.13753, 1.18079; 1, 26, 1, 0; 0.319726372637; 1, 0, 1; 1, 0, 0; 2, 1, 2 ;
0,156; 1.428981, 2.023539, 1.307689 / 1.428981, 2.023539, 1.307689 / 1.428981, 2.023539, 1.307689; 1, 28, 1, 0; 0.187537819351; 1, 0, 1; 1, 0, 0; 2, 1, 2 ;
0,156; 2.612113, 0.142787, 3.346021 / 2.612113, 0.142787, 3.346021 / 2.612113, 0.142787, 3.346021; 1, 41, 1, 0; 0.919072256783; 0, 1, 0; 1, 0, 0; 3, 1, 1 ;
1,157; 2.07171, -1.00386, 0.778014 / 2.07171, -1.00386, 0.778014 / 2.07171, -1.00386, 0.778014; 1, 19, 1, 0; 0.777573975408; 0, 1, 0; 0, 1, 0; 4, 1, 1 ;
1,158; -2.40948, 0.363099, -2.01427 / -2.40948, 0.363099, -2.01427 / -2.40948, 0.363099, -2.01427; 1, 6, 1, 0; 0.370776219588; 0, 1, 0; 1, 0, 0; 2, 1, 1 ;
0,158; -2.410532, 0.360998, -2.008401 / -2.410532, 0.360998, -2.008401 / -2.410532, 0.360998, -2.008401; 1, 6, 1, 0; 0.370785448162; 1, 0, 1; 1, 0, 0; 3, 1, 2 ;
1,162; -2.28761, 1.87746, 0.987368 / -2.28761, 1.87746, 0.987368 / -2.28761, 1.87746, 0.987368; 1, 24, 1, 0; 0.364322442096; 1, 0, 1; 0, 1, 0; 1, 1, 2 ;
0,162; -2.281882, 1.875333, 0.983137 / -2.281882, 1.875333, 0.983137 / -2.281882, 1.875333, 0.983137; 1, 24, 1, 0; 0.364323269765; 1, 0, 1; 1, 0, 0; 2, 1, 2 ;
1,165; -4.19574, -0.878933, -1.48916 / -4.19574, -0.878933, -1.48916 / -4.19574, -0.878933, -1.48916; 1, 6, 1, 0; 0.954894158112; 0, 1, 0; 0, 1, 0; 1, 1, 1 ;
1,166; -1.06091, 0.391358, -0.203146 / -1.06051, 0.391863, -0.202446 / -1.06131, 0.390853, -0.203845; 1, 16, 1, 0; 0.524706513062; 0, 3, 0; 1, 2, 0; 1, 1, 0 / 2, 1, 1 / 4, 6, 1 / 4, 9, 1 ;
0,166; -1.039742, 0.595052, -0.184031 / -1.039700, 0.595214, -0.183927 / -1.039783, 0.594890, -0.184135; 1, 16, 1, 0; 0.525431413677; 2, 1, 1; 1, 1, 0; 3, 1, 1 / 4, 1, 2 ;
0,166; -1.038710, 0.583573, -0.182905 / -1.038710, 0.583573, -0.182905 / -1.038710, 0.583573, -0.182905; 1, 16, 1, 0; 0.525430810938; 1, 0, 1; 0, 1, 0; 1, 1, 2 ;
0,166; -1.058243, 0.190850, -0.207440 / -1.058243, 0.190850, -0.207440 / -1.058243, 0.190850, -0.207440; 1, 16, 1, 0; 0.483013366069; 1, 0, 1; 1, 0, 0; 2, 1, 2 ;
0,166; -1.063245, 0.391664, -0.202337 / -1.063245, 0.391664, -0.202337 / -1.063245, 0.391664, -0.202337; 1, 16, 1, 0; 0.524706426000; 1, 0, 1; 1, 0, 0; 2, 1, 2 ;
1,167; 3.15755, -0.144452, -1.63341 / 3.15755, -0.144452, -1.63341 / 3.15755, -0.144452, -1.63341; 1, 4, 1, 0; 0.935698469114; 1, 0, 1; 1, 0, 0; 2, 1, 2 ;
1,168; -0.400048, 1.1614, -2.64096 / -0.400048, 1.1614, -2.64096 / -0.400048, 1.1614, -2.64096; 1, 4, 1, 0; 0.067496081110; 1, 0, 1; 1, 0, 0; 3, 1, 2 ;
0,168; -0.208520, 2.103322, -0.480975 / -0.208520, 2.103322, -0.480975 / -0.208520, 2.103322, -0.480975; 1, 13, 1, 0; 0.471479719774; 1, 0, 1; 1, 0, 0; 2, 1, 2 / 2, 8, 0 / 3, 1, 0 / 3, 2, 0 ;
0,168; -0.167234, 2.371341, 0.302887 / -0.167234, 2.371341, 0.302887 / -0.167234, 2.371341, 0.302887; 1, 17, 1, 0; 0.585429914716; 1, 0, 1; 0, 1, 0; 1, 1, 2 ;
0,168; -0.132285, 2.479119, 0.735705 / -0.132285, 2.479119, 0.735705 / -0.132285, 2.479119, 0.735705; 1, 25, 1, 0; 0.557226419785; 1, 0, 1; 1, 0, 0; 3, 1, 2 ;
0,168; 0.056330, 2.927293, 2.374487 / 0.056524, 2.927938, 2.374928 / 0.056135, 2.926648, 2.374046; 1, 31, 1, 0; 0.296158420248; 2, 1, 1; 0, 2, 1; 1, 1, 2 / 4, 7, 1 ;
0,168; 0.048903, 2.922367, 2.377385 / 0.048903, 2.922367, 2.377385 / 0.048903, 2.922367, 2.377385; 1, 31, 1, 0; 0.296155027385; 1, 0, 1; 1, 0, 0; 2, 1, 2 ;
1,169; 1.04796, -1.62595, -0.318977 / 1.04801, -1.62591, -0.318928 / 1.0479, -1.626, -0.319026; 1, 12, 1, 0; 0.657477027002; 2, 1, 1; 1, 1, 0; 3, 1, 1 / 4, 1, 2 ;
0,169; 1.012355, -1.666563, -0.293491 / 1.012355, -1.666563, -0.293491 / 1.012355, -1.666563, -0.293491; 1, 15, 1, 0; 0.559830563413; 1, 0, 1; 1, 0, 0; 3, 1, 2 ;
0,169; -0.513500, -3.771859, 1.105652 / -0.513500, -3.771859, 1.105652 / -0.513500, -3.771859, 1.105652; 1, 18, 1, 0; 0.901151370209; 1, 0, 1; 0, 1, 0; 1, 1, 2 ;
0,169; -0.440339, -3.660700, 0.971335 / -0.439879, -3.660683, 0.971392 / -0.440799, -3.660717, 0.971279; 1, 18, 1, 0; 0.941681187561; 2, 1, 1; 2, 0, 0; 2, 1, 1 / 2, 2, 2 ;
0,169; -0.512956, -3.762621, 1.102178 / -0.512956, -3.762621, 1.102178 / -0.512956, -3.762621, 1.102178; 1, 18, 1, 0; 0.901150184545; 0, 1, 0; 1, 0, 0; 2, 1, 1 ;
1,170; -1.63295, 0.987141, -3.01092 / -1.63295, 0.987141, -3.01092 / -1.63295, 0.987141, -3.01092; 1, 2, 1, 0; 0.646393171196; 0, 0, 0; 1, 0, 0; 3, 1, 3 ;
0,170; -1.787459, 0.987788, -2.596228 / -1.787453, 0.987826, -2.596146 / -1.787465, 0.987749, -2.596309; 1, 6, 1, 0; 0.013213445194; 2, 1, 1; 1, 1, 0; 3, 1, 1 / 4, 1, 2 ;
0,170; -3.888645, 1.851939, 0.568697 / -3.888645, 1.851939, 0.568697 / -3.888645, 1.851939, 0.568697; 1, 17, 1, 0; 0.931734946952; 1, 0, 1; 1, 0, 0; 2, 1, 2 ;
0,170; -3.503305, 1.600236, 0.707306 / -3.502573, 1.600335, 0.708476 / -3.504036, 1.600137, 0.706136; 1, 24, 1, 0; 0.170070322303; 1, 0, 2; 1, 1, 0; 2, 1, 2 / 4, 10, 2 ;
0,170; -2.940286, 1.015664, 3.174267 / -2.940286, 1.015664, 3.174267 / -2.940286, 1.015664, 3.174267; 1, 42, 1, 0; 0.315949126518; 0, 1, 0; 0, 1, 0; 4, 1, 1 ;
1,171; 0.213745, 0.374248, 1.10675 / 0.214008, 0.3748, 1.10749 / 0.213482, 0.373695, 1.10601; 1, 23, 1, 0; 0.555746513075; 1, 0, 2; 2, 0, 0; 2, 8, 2 / 3, 1, 2 ;
0,171; -1.604590, 0.720053, 0.798072 / -1.604590, 0.720053, 0.798072 / -1.604590, 0.720053, 0.798072; 1, 23, 1, 0; 0.118290782280; 1, 0, 1; 1, 0, 0; 3, 1, 2 ;
0,171; 0.908561, 0.283191, 1.141934 / 0.908561, 0.283191, 1.141934 / 0.908561, 0.283191, 1.141934; 1, 23, 1, 0; 0.498379187672; 1, 0, 1; 1, 0, 0; 2, 1, 2 ;
0,171; -0.289315, 0.471250, 1.026873 / -0.289315, 0.471250, 1.026873 / -0.289315, 0.471250, 1.026873; 1, 23, 1, 0; 0.552006121794; 1, 0, 1; 1, 0, 0; 3, 1, 2 / 4, 1, 0 ;
0,171; 3.727986, -0.121445, 1.378861 / 3.727986, -0.121445, 1.378861 / 3.727986, -0.121445, 1.378861; 1, 27, 1, 0; 0.332439739510; 1, 0, 1; 0, 1, 0; 4, 1, 2 ;
1,173; 0.0538839, 3.81356, 0.8509 / 0.0538839, 3.81356, 0.8509 / 0.0538839, 3.81356, 0.8509; 1, 25, 1, 0; 0.390411752604; 1, 0, 1; 1, 0, 0; 3, 1, 2 ;
1,175; 2.38615, -1.12337, -2.96139 / 2.38615, -1.12337, -2.96139 / 2.38615, -1.12337, -2.96139; 1, 3, 1, 0; 0.327863215626; 1, 0, 1; 1, 0, 0; 2, 1, 2 / 4, 10, 0 ;
0,175; 2.555806, -1.635768, -2.226750 / 2.555806, -1.635768, -2.226750 / 2.555806, -1.635768, -2.226750; 1, 3, 1, 0; 0.879725979924; 1, 0, 1; 1, 0, 0; 1, 8, 0 / 3, 1, 2 / 4, 4, 0 / 4, 6, 0 ;
1,176; 1.2478, 0.744585, -1.99879 / 1.2478, 0.744585, -1.99879 / 1.2478, 0.744585, -1.99879; 1, 4, 1, 0; 0.660061404675; 1, 0, 1; 1, 0, 0; 3, 1, 2 ;
0,176; 0.448374, -1.012109, -1.799323 / 0.448374, -1.012109, -1.799323 / 0.448374, -1.012109, -1.799323; 1, 8, 1, 0; 0.141963435575; 1, 0, 1; 0, 1, 0; 4, 1, 2 ;
0,176; 0.025588, -1.992464, -1.754258 / 0.025588, -1.992464, -1.754258 / 0.025588, -1.992464, -1.754258; 1, 8, 1, 0; 0.227959691383; 1, 0, 1; 0, 1, 0; 4, 1, 2 ;
0,176; -0.276822, -2.697085, -1.666299 / -0.276822, -2.697085, -1.666299 / -0.276822, -2.697085, -1.666299; 1, 8, 1, 0; 0.290934907715; 1, 0, 1; 1, 0, 0; 2, 1, 2 ;
1,179; -0.124277, -1.16083, 1.02268 / -0.124277, -1.16083, 1.02268 / -0.124277, -1.16083, 1.02268; 1, 23, 1, 0; 0.394021480966; 1, 0, 1; 1, 0, 0; 2, 1, 2 ;
1,180; 1.87927, 0.786078, 3.80739 / 1.87927, 0.786078, 3.80739 / 1.87927, 0.786078, 3.80739; 1, 46, 1, 0; 0.284422808807; 1, 0, 1; 1, 0, 0; 3, 1, 2 ;
0,180; 1.878247, 0.787199, 3.808022 / 1.878247, 0.787199, 3.808022 / 1.878247, 0.787199, 3.808022; 1, 46, 1, 0; 0.284422890968; 1, 0, 1; 1, 0, 0; 2, 1, 2 / 2, 2, 0 / 2, 3, 0 / 3, 9, 0 / 4, 1, 0 ;
1,181; 1.28161, 0.124529, -3.81196 / 1.28224, 0.12581, -3.81153 / 1.28098, 0.123249, -3.81239; 1, 1, 1, 0; 0.500625638786; 2, 2, 2; 2, 2, 1; 1, 1, 1 / 2, 5, 1 / 2, 6, 2 / 4, 10, 2 ;
0,181; 1.282151, 0.126370, -3.816635 / 1.282894, 0.126799, -3.816004 / 1.281409, 0.125942, -3.817267; 1, 1, 1, 0; 0.500626125292; 0, 4, 0; 2, 2, 0; 2, 10, 1 / 3, 1, 1 / 4, 1, 1 / 4, 7, 1 ;
0,181; 0.055470, -0.702497, -3.589897 / 0.055470, -0.702497, -3.589897 / 0.055470, -0.702497, -3.589897; 1, 1, 1, 0; 0.814437796848; 1, 0, 1; 0, 1, 0; 1, 1, 2 ;
0,181; 0.045040, -0.707289, -3.603487 / 0.045086, -0.707122, -3.603418 / 0.044993, -0.707456, -3.603556; 1, 1, 1, 0; 0.814429561844; 1, 0, 2; 2, 0, 0; 2, 1, 2 / 2, 2, 2 ;
0,181; 0.045399, -0.705697, -3.601298 / 0.045689, -0.704965, -3.601224 / 0.045110, -0.706428, -3.601371; 1, 1, 1, 0; 0.814436891076; 2, 1, 1; 2, 0, 0; 2, 1, 2 / 3, 4, 1 ;
0,181; 1.282101, 0.120510, -3.810044 / 1.282101, 0.120510, -3.810044 / 1.282101, 0.120510, -3.810044; 1, 1, 1, 0; 0.500618357018; 0, 1, 0; 1, 0, 0; 2, 1, 1 ;
0,181; 1.285826, 0.125013, -3.817307 / 1.285826, 0.125013, -3.817307 / 1.285826, 0.125013, -3.817307; 1, 1, 1, 0; 0.500626251863; 1, 0, 1; 1, 0, 0; 2, 1, 2 ;
0,181; 0.922282, -0.338906, -3.488085 / 0.922282, -0.338906, -3.488085 / 0.922282, -0.338906, -3.488085; 1, 1, 1, 0; 0.778500991998; 1, 0, 1; 1, 0, 0; 3, 1, 2 ;
0,181; 0.042272, -0.705457, -3.592293 / 0.042272, -0.705457, -3.592293 / 0.042272, -0.705457, -3.592293; 1, 1, 1, 0; 0.814436717042; 1, 0, 1; 1, 0, 0; 1, 4, 0 / 1, 6, 0 / 2, 1, 2 / 3, 7, 0 ;
0,181; 0.089912, -0.691492, -3.539184 / 0.089912, -0.691492, -3.539184 / 0.089912, -0.691492, -3.539184; 1, 1, 1, 0; 0.814748757234; 1, 0, 1; 1, 0, 0; 2, 1, 2 ;
0,181; 0.535439, -0.534782, -3.317127 / 0.536173, -0.534226, -3.316452 / 0.534704, -0.535338, -3.317802; 1, 2, 1, 0; 0.439061442937; 0, 2, 0; 1, 1, 0; 1, 1, 1 / 2, 7, 1 ;
0,181; 0.526840, -0.530514, -3.323320 / 0.527937, -0.530452, -3.322974 / 0.525743, -0.530575, -3.323667; 1, 2, 1, 0; 0.439062265647; 2, 1, 1; 1, 1, 0; 1, 10, 2 / 3, 1, 1 ;
0,181; 0.534734, -0.532645, -3.315249 / 0.534734, -0.532645, -3.315249 / 0.534734, -0.532645, -3.315249; 1, 2, 1, 0; 0.439061549731; 1, 0, 1; 0, 1, 0; 4, 1, 2 ;
0,181; 0.767412, -0.456279, -3.384277 / 0.767412, -0.456279, -3.384277 / 0.767412, -0.456279, -3.384277; 1, 2, 1, 0; 0.439659924406; 1, 0, 1; 0, 1, 0; 1, 1, 2 ;
0,181; 0.521266, -0.528502, -3.324306 / 0.521266, -0.528502, -3.324306 / 0.521266, -0.528502, -3.324306; 1, 2, 1, 0; 0.439069583013; 1, 0, 1; 1, 0, 0; 3, 1, 2 ;
1,182; -3.31557, 0.408886, -1.97025 / -3.31557, 0.408886, -1.97025 / -3.31557, 0.408886, -1.97025; 1, 6, 1, 0; 0.377686460805; 1, 0, 1; 0, 1, 0; 1, 1, 2 ;
1,183; 1.69095, -1.88495, -0.766717 / 1.69095, -1.88495, -0.766717 / 1.69095, -1.88495, -0.766717; 1, 11, 1, 0; 0.973043730517; 1, 0, 1; 1, 0, 0; 2, 1, 2 ;
0,183; 1.356968, -1.921257, -0.323547 / 1.356968, -1.921257, -0.323547 / 1.356968, -1.921257, -0.323547; 1, 12, 1, 0; 0.652633575251; 1, 0, 1; 1, 0, 0; 2, 1, 2 ;
0,183; 1.358176, -1.918322, -0.323166 / 1.358176, -1.918322, -0.323166 / 1.358176, -1.918322, -0.323166; 1, 12, 1, 0; 0.652643525448; 1, 0, 1; 1, 0, 0; 3, 1, 2 ;
0,183; 1.096404, -2.711090, 0.675103 / 1.096738, -2.710799, 0.675361 / 1.096070, -2.711382, 0.674845; 1, 18, 1, 0; 0.610336289123; 1, 0, 2; 1, 1, 0; 1, 1, 2 / 3, 4, 2 ;
0,183; 1.100566, -2.721402, 0.683357 / 1.100566, -2.721402, 0.683357 / 1.100566, -2.721402, 0.683357; 1, 18, 1, 0; 0.610325576302; 1, 0, 1; 1, 0, 0; 2, 1, 2 ;
0,183; 1.100713, -2.723061, 0.686229 / 1.100713, -2.723061, 0.686229 / 1.100713, -2.723061, 0.686229; 1, 18, 1, 0; 0.610326462063; 0, 0, 0; 1, 0, 0; 2, 1, 3 ;
0,183; 1.097923, -2.722355, 0.685652 / 1.097923, -2.722355, 0.685652 / 1.097923, -2.722355, 0.685652; 1, 18, 1, 0; 0.610338562808; 1, 0, 1; 1, 0, 0; 2, 1, 2 ;
0,183; 1.217390, -2.506507, 1.491375 / 1.217847, -2.506095, 1.491749 / 1.216932, -2.506919, 1.491002; 1, 22, 1, 0; 0.490727491400; 1, 0, 2; 1, 1, 0; 1, 3, 2 / 2, 1, 2 / 2, 2, 0 / 2, 5, 0 ;
0,183; 1.323492, -2.569207, 1.179236 / 1.323492, -2.569207, 1.179236 / 1.323492, -2.569207, 1.179236; 1, 22, 1, 0; 0.150122212618; 1, 0, 1; 0, 1, 0; 4, 1, 2 ;
1,184; 0.411472, 2.25626, -0.707561 / 0.411786, 2.25632, -0.707296 / 0.411159, 2.25621, -0.707826; 1, 7, 1, 0; 0.860471608673; 2, 1, 1; 1, 1, 0; 1, 1, 2 / 2, 2, 1 ;
0,184; 0.069589, 1.283508, 1.347890 / 0.069589, 1.283508, 1.347890 / 0.069589, 1.283508, 1.347890; 1, 26, 1, 0; 0.746658394411; 1, 0, 1; 1, 0, 0; 3, 1, 2 / 4, 7, 0 ;
1,186; 1.15156, -2.21818, -3.01182 / 1.15156, -2.21818, -3.01182 / 1.15156, -2.21818, -3.01182; 1, 3, 1, 0; 0.409467514517; 1, 0, 1; 0, 1, 0; 4, 1, 2 ;
0,186; 1.030031, -1.996654, -3.081997 / 1.030031, -1.996654, -3.081997 / 1.030031, -1.996654, -3.081997; 1, 3, 1, 0; 0.388127657088; 1, 0, 1; 1, 0, 0; 2, 1, 2 ;
0,186; 1.143787, -2.267884, -2.998371 / 1.143787, -2.267884, -2.998371 / 1.143787, -2.267884, -2.998371; 1, 3, 1, 0; 0.409350785994; 0, 1, 0; 1, 0, 0; 2, 1, 1 ;
0,186; 1.149855, -2.226418, -3.015629 / 1.149855, -2.226418, -3.015629 / 1.149855, -2.226418, -3.015629; 1, 3, 1, 0; 0.409467228408; 1, 0, 1; 1, 0, 0; 2, 1, 2 ;
0,186; 1.167549, -2.341208, -2.972208 / 1.167549, -2.341208, -2.972208 / 1.167549, -2.341208, -2.972208; 1, 3, 1, 0; 0.409902311843; 1, 0, 1; 1, 0, 0; 1, 1, 0 / 2, 1, 2 ;
1,189; -0.456023, 1.41044, 1.64997 / -0.456023, 1.41044, 1.64997 / -0.456023, 1.41044, 1.64997; 1, 27, 1, 0; 0.390701154379; 1, 0, 1; 1, 0, 0; 2, 1, 2 ;
1,190; -2.90488, 1.5616, 0.373046 / -2.90442, 1.56186, 0.373684 / -2.90534, 1.56133, 0.372407; 1, 17, 1, 0; 0.938518652584; 2, 1, 1; 1, 1, 0; 1, 1, 1 / 2, 9, 2 / 3, 4, 0 / 3, 6, 0 ;
0,190; -2.903418, 1.556498, 0.372254 / -2.903418, 1.556498, 0.372254 / -2.903418, 1.556498, 0.372254; 1, 17, 1, 0; 0.938519670860; 0, 1, 0; 0, 1, 0; 4, 1, 1 ;
0,190; 0.467208, 1.482922, 3.197126 / 0.467925, 1.483067, 3.198097 / 0.466491, 1.482777, 3.196155; 1, 42, 1, 0; 0.562459872409; 2, 2, 1; 1, 2, 0; 1, 1, 2 / 1, 6, 1 / 2, 1, 1 ;
0,190; 1.046523, 1.563855, 3.742681 / 1.046523, 1.563855, 3.742681 / 1.046523, 1.563855, 3.742681; 1, 46, 1, 0; 0.429468951491; 1, 0, 1; 1, 0, 0; 3, 1, 2 ;
1,191; 0.119737, -0.393693, -3.02954 / 0.119737, -0.393693, -3.02954 / 0.119737, -0.393693, -3.02954; 1, 2, 1, 0; 0.504117296198; 0, 0, 0; 1, 0, 0; 2, 1, 3 ;
0,191; 0.114903, -0.396475, -3.032447 / 0.114903, -0.396475, -3.032447 / 0.114903, -0.396475, -3.032447; 1, 2, 1, 0; 0.504117426723; 1, 0, 1; 1, 0, 0; 3, 1, 2 ;
1,192; -0.804089, -0.911184, -2.75787 / -0.804089, -0.911184, -2.75787 / -0.804089, -0.911184, -2.75787; 1, 2, 1, 0; 0.986892270962; 1, 0, 1; 1, 0, 0; 3, 1, 2 ;
0,192; -1.746541, -1.595969, -3.182252 / -1.746541, -1.595969, -3.182252 / -1.746541, -1.595969, -3.182252; 1, 5, 1, 0; 0.046997376007; 1, 0, 1; 1, 0, 0; 3, 1, 2 / 4, 2, 0 ;
0,192; 1.948622, 1.036151, -1.089880 / 1.948622, 1.036151, -1.089880 / 1.948622, 1.036151, -1.089880; 1, 11, 1, 0; 0.860802790404; 1, 0, 1; 1, 0, 0; 2, 1, 2 ;
1,194; 0.0924436, -0.531946, -2.94627 / 0.0924436, -0.531946, -2.94627 / 0.0924436, -0.531946, -2.94627; 1, 2, 1, 0; 0.504451407149; 1, 0, 1; 0, 1, 0; 4, 1, 2 ;
0,194; 0.084982, -0.519129, -2.944014 / 0.084982, -0.519129, -2.944014 / 0.084982, -0.519129, -2.944014; 1, 2, 1, 0; 0.504453717064; 1, 0, 1; 1, 0, 0; 2, 1, 2 ;
0,194; -0.201059, 1.123510, -1.919868 / -0.201059, 1.123510, -1.919868 / -0.201059, 1.123510, -1.919868; 1, 4, 1, 0; 0.678004626104; 1, 0, 1; 0, 1, 0; 1, 1, 2 ;
0,194; -0.099523, 0.519363, -2.306423 / -0.099523, 0.519363, -2.306423 / -0.099523, 0.519363, -2.306423; 1, 4, 1, 0; 0.479473260879; 1, 0, 1; 1, 0, 0; 3, 1, 2 ;
0,194; -0.202946, 3.418192, -0.916214 / -0.202946, 3.418192, -0.916214 / -0.202946, 3.418192, -0.916214; 1, 13, 1, 0; 0.201550201085; 1, 0, 1; 0, 1, 0; 1, 1, 2 ;
1,195; 3.89706, 0.685581, -2.11587 / 3.89706, 0.685581, -2.11587 / 3.89706, 0.685581, -2.11587; 1, 4, 1, 0; 0.646648121955; 1, 0, 1; 0, 1, 0; 1, 1, 2 ;
0,195; 3.422617, -0.158064, -1.040955 / 3.422617, -0.158064, -1.040955 / 3.422617, -0.158064, -1.040955; 1, 12, 1, 0; 0.162967390359; 1, 0, 1; 1, 0, 0; 3, 1, 2 ;
0,195; 3.345195, -0.357501, -0.795366 / 3.345195, -0.357501, -0.795366 / 3.345195, -0.357501, -0.795366; 1, 12, 1, 0; 0.489086384193; 1, 0, 1; 1, 0, 0; 3, 1, 2 ;
0,195; 2.526416, -1.506371, 0.791773 / 2.526416, -1.506371, 0.791773 / 2.526416, -1.506371, 0.791773; 1, 19, 1, 0; 0.817033672912; 1, 0, 1; 0, 1, 0; 4, 1, 2 ;
0,195; 2.375570, -1.717756, 1.069785 / 2.375570, -1.717756, 1.069785 / 2.375570, -1.717756, 1.069785; 1, 22, 1, 0; 0.304946784361; 1, 0, 1; 1, 0, 0; 2, 1, 2 ;
1,196; 0.100197, -3.19363, -0.574995 / 0.100197, -3.19363, -0.574995 / 0.100197, -3.19363, -0.574995; 1, 9, 1, 0; 0.888670941308; 1, 0, 1; 1, 0, 0; 3, 1, 2 ;
0,196; 0.091186, -3.192368, -0.576281 / 0.091186, -3.192368, -0.576281 / 0.091186, -3.192368, -0.576281; 1, 9, 1, 0; 0.888671368447; 1, 0, 1; 1, 0, 0; 3, 1, 2 ;
0,196; -1.230778, -2.463981, 0.131418 / -1.230778, -2.463981, 0.131418 / -1.230778, -2.463981, 0.131418; 1, 16, 1, 0; 0.932302529360; 1, 0, 1; 1, 0, 0; 2, 1, 2 ;
0,196; -1.827484, -2.102836, 0.484610 / -1.827484, -2.102836, 0.484610 / -1.827484, -2.102836, 0.484610; 1, 18, 1, 0; 0.444117615058; 1, 0, 1; 1, 0, 0; 2, 1, 2 ;
0,196; -1.829985, -2.100099, 0.476364 / -1.829985, -2.100099, 0.476364 / -1.829985, -2.100099, 0.476364; 1, 18, 1, 0; 0.444128718451; 0, 1, 0; 1, 0, 0; 1, 4, 0 / 3, 1, 1 ;
0,196; -2.033455, -1.988892, 0.590459 / -2.033455, -1.988892, 0.590459 / -2.033455, -1.988892, 0.590459; 1, 18, 1, 0; 0.449305277738; 1, 0, 1; 1, 0, 0; 2, 1, 2 ;
1,197; 1.32476, -1.02422, -2.53558 / 1.32476, -1.02422, -2.53558 / 1.32476, -1.02422, -2.53558; 1, 3, 1, 0; 0.609640795948; 1, 0, 1; 0, 1, 0; 1, 1, 2 ;
0,197; 4.099903, 1.339337, -0.453643 / 4.099903, 1.339337, -0.453643 / 4.099903, 1.339337, -0.453643; 1, 12, 1, 0; 0.967617868930; 1, 0, 1; 1, 0, 0; 2, 1, 2 ;
1,199; -1.63295, -4.23086, -0.518862 / -1.63295, -4.23086, -0.518862 / -1.63295, -4.23086, -0.518862; 1, 9, 1, 0; 0.790547376822; 1, 0, 1; 0, 1, 0; 1, 1, 2 ;
