1,0; 2.28826, -2.19114, -0.990374 / 2.28867, -2.19062, -0.990297 / 2.28785, -2.19166, -0.990451; 1, 8, 1, 0; 0.819792954660; 2, 1, 1; 0, 2, 0; 1, 1, 2 / 1, 10, 1 ;
0,0; 2.703283, -0.104675, 0.185061 / 2.703283, -0.104675, 0.185061 / 2.703283, -0.104675, 0.185061; 1, 16, 1, 0; 0.734373064539; 1, 0, 1; 0, 1, 0; 1, 1, 2 ;
0,0; 3.176955, 1.756873, 1.300546 / 3.176955, 1.756873, 1.300546 / 3.176955, 1.756873, 1.300546; 1, 26, 1, 0; 0.699867198148; 1, 0, 1; 1, 0, 0; 2, 1, 2 ;
0,0; 3.183166, 1.750042, 1.294095 / 3.183166, 1.750042, 1.294095 / 3.183166, 1.750042, 1.294095; 1, 26, 1, 0; 0.699869332648; 1, 0, 1; 1, 0, 0; 3, 1, 2 ;
1,1; -0.1507, -1.40837, -3.88039 / -0.1507, -1.40837, -3.88039 / -0.1507, -1.40837, -3.88039; 1, 1, 1, 0; 0.368824945654; 1, 0, 1; 1, 0, 0; 3, 1, 2 ;
1,2; 0.608974, -0.630879, 1.1535 / 0.609462, -0.630523, 1.15373 / 0.608486, -0.631235, 1.15327; 1, 23, 1, 0; 0.423152140337; 2, 2, 1; 1, 2, 1; 1, 5, 2 / 3, 1, 1 / 4, 1, 1 ;
0,2; 0.561300, -0.532950, 1.142566 / 0.561300, -0.532950, 1.142566 / 0.561300, -0.532950, 1.142566; 1, 23, 1, 0; 0.444343732403; 1, 0, 1; 1, 0, 0; 2, 1, 2 ;
0,2; -0.105120, 2.721887, 1.340808 / -0.105120, 2.721887, 1.340808 / -0.105120, 2.721887, 1.340808; 1, 29, 1, 0; 0.208864220838; 1, 0, 1; 1, 0, 0; 2, 1, 2 ;
1,4; 3.51097, 2.52491, -0.865361 / 3.51097, 2.52491, -0.865361 / 3.51097, 2.52491, -0.865361; 1, 12, 1, 0; 0.226485840852; 1, 0, 1; 0, 1, 0; 4, 1, 2 ;
0,4; 3.520699, 2.519915, -0.869830 / 3.520699, 2.519915, -0.869830 / 3.520699, 2.519915, -0.869830; 1, 12, 1, 0; 0.226476640209; 1, 0, 1; 1, 0, 0; 2, 1, 2 ;
0,4; 1.247356, 0.029864, 1.660687 / 1.247356, 0.029864, 1.660687 / 1.247356, 0.029864, 1.660687; 1, 27, 1, 0; 0.617841377888; 0, 0, 0; 0, 1, 0; 1, 1, 3 ;
0,4; 0.953382, -0.283111, 1.986754 / 0.953563, -0.282679, 1.986813 / 0.953200, -0.283542, 1.986694; 1, 31, 1, 0; 0.173703144346; 1, 0, 2; 1, 1, 0; 1, 1, 2 / 2, 2, 2 ;
1,5; -0.824438, -3.30559, 1.15368 / -0.824438, -3.30559, 1.15368 / -0.824438, -3.30559, 1.15368; 1, 18, 1, 0; 0.978334546895; 1, 0, 1; 1, 0, 0; 2, 1, 2 ;
0,5; -0.820181, -3.303341, 1.152423 / -0.820181, -3.303341, 1.152423 / -0.820181, -3.303341, 1.152423; 1, 18, 1, 0; 0.978334686385; 1, 0, 1; 1, 0, 0; 2, 1, 2 ;
0,5; -0.844949, -3.064487, 0.955471 / -0.844949, -3.064487, 0.955471 / -0.844949, -3.064487, 0.955471; 1, 22, 1, 0; 0.083962622453; 0, 1, 0; 1, 0, 0; 2, 1, 1 ;
1,6; 0.578921, -0.209428, 1.69342 / 0.579071, -0.209294, 1.69417 / 0.578772, -0.209562, 1.69267; 1, 27, 1, 0; 0.659074986740; 1, 0, 2; 2, 0, 0; 2, 6, 2 / 3, 1, 2 / 3, 8, 0 ;
0,6; 0.573098, -0.208429, 1.684158 / 0.573098, -0.208429, 1.684158 / 0.573098, -0.208429, 1.684158; 1, 27, 1, 0; 0.659057159064; 1, 0, 1; 1, 0, 0; 3, 1, 2 ;
0,6; 0.571995, -0.212779, 1.682741 / 0.571995, -0.212779, 1.682741 / 0.571995, -0.212779, 1.682741; 1, 27, 1, 0; 0.659058144375; 1, 0, 1; 1, 0, 0; 2, 1, 2 ;
0,6; 0.574682, -0.211991, 1.683877 / 0.574682, -0.211991, 1.683877 / 0.574682, -0.211991, 1.683877; 1, 27, 1, 0; 0.659058264085; 1, 0, 1; 1, 0, 0; 3, 1, 2 ;
0,6; 0.579034, -0.210037, 1.692099 / 0.579071, -0.209562, 1.692673 / 0.578997, -0.210513, 1.691525; 1, 27, 1, 0; 0.659075032782; 1, 0, 1; 2, 0, 0; 1, 8, 0 / 2, 1, 2 / 2, 10, 2 / 3, 3, 0 ;
0,6; 0.575028, -0.190485, 1.686100 / 0.575028, -0.190485, 1.686100 / 0.575028, -0.190485, 1.686100; 1, 27, 1, 0; 0.659324242692; 1, 0, 1; 1, 0, 0; 2, 1, 2 ;
0,6; 0.529692, -0.169258, 1.678610 / 0.529692, -0.169258, 1.678610 / 0.529692, -0.169258, 1.678610; 1, 27, 1, 0; 0.659383656000; 1, 0, 1; 1, 0, 0; 2, 1, 2 ;
1,7; -3.81712, -1.01502, -1.42298 / -3.81712, -1.01502, -1.42298 / -3.81712, -1.01502, -1.42298; 1, 6, 1, 0; 0.913679921898; 0, 1, 0; 0, 1, 0; 4, 1, 1 ;
1,9; -0.0874746, -3.91583, -1.46006 / -0.0874746, -3.91583, -1.46006 / -0.0874746, -3.91583, -1.46006; 1, 8, 1, 0; 0.463518441246; 1, 0, 1; 1, 0, 0; 2, 1, 2 ;
0,9; -1.829964, -2.761609, 0.454866 / -1.829964, -2.761609, 0.454866 / -1.829964, -2.761609, 0.454866; 1, 18, 1, 0; 0.343718973968; 1, 0, 1; 1, 0, 0; 3, 1, 2 ;
0,9; -2.390296, -2.148729, 1.264159 / -2.390296, -2.148729, 1.264159 / -2.390296, -2.148729, 1.264159; 1, 21, 1, 0; 0.929631157560; 1, 0, 1; 0, 1, 0; 4, 1, 2 ;
0,9; -2.855620, -1.608126, 1.983504 / -2.855620, -1.608126, 1.983504 / -2.855620, -1.608126, 1.983504; 1, 30, 1, 0; 0.303729655433; 1, 0, 1; 1, 0, 0; 2, 1, 2 ;
1,10; 0.771389, 1.18872, 1.63808 / 0.771389, 1.18872, 1.63808 / 0.771389, 1.18872, 1.63808; 1, 27, 1, 0; 0.412345462783; 1, 0, 1; 1, 0, 0; 2, 1, 2 ;
1,11; -1.29577, 2.71517, 2.08546 / -1.29577, 2.71517, 2.08546 / -1.29577, 2.71517, 2.08546; 1, 29, 1, 0; 0.704692790708; 1, 0, 1; 1, 0, 0; 2, 1, 2 ;
0,11; 1.231829, -1.717478, 2.033399 / 1.231829, -1.717478, 2.033399 / 1.231829, -1.717478, 2.033399; 1, 32, 1, 0; 0.199806970350; 0, 1, 0; 0, 1, 0; 1, 1, 1 / 2, 8, 0 / 3, 7, 0 ;
0,11; 1.244387, -1.743692, 2.028366 / 1.244788, -1.743442, 2.028775 / 1.243986, -1.743941, 2.027957; 1, 32, 1, 0; 0.201548346090; 1, 0, 2; 2, 0, 0; 2, 1, 2 / 3, 6, 2 ;
0,11; 1.227800, -1.717256, 2.030369 / 1.227800, -1.717256, 2.030369 / 1.227800, -1.717256, 2.030369; 1, 32, 1, 0; 0.199786613174; 0, 1, 0; 1, 0, 0; 2, 9, 0 / 3, 1, 1 / 3, 4, 0 / 3, 7, 0 ;
0,11; 1.230076, -1.716694, 2.030594 / 1.230076, -1.716694, 2.030594 / 1.230076, -1.716694, 2.030594; 1, 32, 1, 0; 0.199786734348; 1, 0, 1; 1, 0, 0; 1, 1, 0 / 3, 1, 2 / 3, 3, 0 ;
0,11; -0.366360, 0.419789, 2.643066 / -0.366360, 0.419789, 2.643066 / -0.366360, 0.419789, 2.643066; 1, 38, 1, 0; 0.939809634025; 1, 0, 1; 1, 0, 0; 3, 1, 2 ;
0,11; -0.706382, 1.536006, 2.901649 / -0.706382, 1.536006, 2.901649 / -0.706382, 1.536006, 2.901649; 1, 39, 1, 0; 0.599628681440; 0, 1, 0; 1, 0, 0; 2, 1, 1 ;
1,14; -0.949726, 0.141492, -2.6086 / -0.949726, 0.141492, -2.6086 / -0.949726, 0.141492, -2.6086; 1, 2, 1, 0; 0.900600213904; 0, 0, 0; 1, 0, 0; 1, 4, 0 / 2, 3, 0 / 3, 1, 3 / 4, 1, 0 ;
0,14; 3.856676, -1.204431, -1.522660 / 3.856676, -1.204431, -1.522660 / 3.856676, -1.204431, -1.522660; 1, 8, 1, 0; 0.757446120348; 0, 1, 0; 0, 1, 0; 1, 1, 1 ;
1,15; -3.54694, -1.97869, -0.493252 / -3.54694, -1.97869, -0.493252 / -3.54694, -1.97869, -0.493252; 1, 10, 1, 0; 0.513826652652; 1, 0, 1; 1, 0, 0; 3, 1, 2 ;
1,16; 3.17124, 0.088075, 2.31797 / 3.17201, 0.0880963, 2.31887 / 3.17047, 0.0880537, 2.31707; 1, 28, 1, 0; 0.943960469708; 2, 1, 1; 1, 1, 0; 2, 1, 2 / 4, 10, 1 ;
0,16; 2.766459, 0.761340, 2.404867 / 2.766772, 0.761553, 2.405188 / 2.766146, 0.761126, 2.404547; 1, 31, 1, 0; 0.784014792000; 2, 1, 1; 1, 2, 0; 1, 1, 2 / 1, 2, 1 / 2, 2, 3 ;
0,16; 2.305266, 1.479312, 2.577210 / 2.305266, 1.479312, 2.577210 / 2.305266, 1.479312, 2.577210; 1, 35, 1, 0; 0.177959566448; 1, 0, 1; 1, 0, 0; 2, 1, 2 ;
1,18; -3.37826, 0.984198, -0.137609 / -3.37826, 0.984198, -0.137609 / -3.37826, 0.984198, -0.137609; 1, 14, 1, 0; 0.449377011927; 0, 1, 0; 0, 1, 0; 1, 1, 1 ;
0,18; -3.377508, 0.993073, -0.144064 / -3.377508, 0.993073, -0.144064 / -3.377508, 0.993073, -0.144064; 1, 14, 1, 0; 0.449387672449; 1, 0, 1; 1, 0, 0; 3, 1, 2 ;
1,19; 3.46996, -2.1387, 0.622392 / 3.46996, -2.1387, 0.622392 / 3.46996, -2.1387, 0.622392; 1, 19, 1, 0; 0.877935391918; 1, 0, 1; 1, 0, 0; 3, 1, 2 ;
0,19; 3.437995, 1.355503, 0.483700 / 3.438203, 1.355976, 0.484197 / 3.437786, 1.355030, 0.483204; 1, 20, 1, 0; 0.396113608293; 2, 1, 2; 2, 1, 0; 1, 5, 1 / 3, 1, 2 / 3, 10, 2 ;
0,19; 3.436200, 1.325517, 0.483356 / 3.436200, 1.325517, 0.483356 / 3.436200, 1.325517, 0.483356; 1, 20, 1, 0; 0.396074400604; 1, 0, 1; 0, 1, 0; 4, 1, 2 ;
0,19; 3.438246, 1.356149, 0.482714 / 3.438290, 1.356323, 0.483204 / 3.438203, 1.355976, 0.482225; 1, 20, 1, 0; 0.396113564906; 1, 0, 1; 1, 1, 0; 1, 1, 2 / 3, 7, 2 ;
0,19; 3.436173, 1.354565, 0.485614 / 3.436173, 1.354565, 0.485614 / 3.436173, 1.354565, 0.485614; 1, 20, 1, 0; 0.396113767380; 0, 1, 0; 0, 1, 0; 1, 1, 1 ;
1,20; 1.73302, 1.11399, 2.90163 / 1.73302, 1.11399, 2.90163 / 1.73302, 1.11399, 2.90163; 1, 39, 1, 0; 0.466835847871; 1, 0, 1; 1, 0, 0; 3, 1, 2 ;
1,22; 1.26682, -2.94073, -1.97728 / 1.26705, -2.94033, -1.97677 / 1.26659, -2.94113, -1.97779; 1, 5, 1, 0; 0.705077117156; 1, 0, 2; 1, 1, 0; 1, 3, 2 / 2, 1, 2 ;
0,22; -1.631823, 0.874610, 1.318657 / -1.631823, 0.874610, 1.318657 / -1.631823, 0.874610, 1.318657; 1, 30, 1, 0; 0.002225131604; 0, 1, 0; 0, 1, 0; 1, 1, 1 ;
0,22; -1.633166, 0.879240, 1.317681 / -1.633166, 0.879240, 1.317681 / -1.633166, 0.879240, 1.317681; 1, 30, 1, 0; 0.002226300552; 1, 0, 1; 1, 0, 0; 3, 1, 2 ;
0,22; -2.598825, 1.733886, 2.244853 / -2.598750, 1.733900, 2.244957 / -2.598900, 1.733872, 2.244750; 1, 37, 1, 0; 0.129952485044; 2, 1, 1; 0, 2, 1; 1, 5, 1 / 4, 1, 2 ;
0,22; -2.598318, 1.735724, 2.243231 / -2.598318, 1.735724, 2.243231 / -2.598318, 1.735724, 2.243231; 1, 37, 1, 0; 0.129952117661; 1, 0, 1; 1, 0, 0; 2, 1, 2 ;
1,23; 0.0192526, 0.669465, 1.09322 / 0.0192526, 0.669465, 1.09322 / 0.0192526, 0.669465, 1.09322; 1, 23, 1, 0; 0.583419787792; 0, 1, 0; 0, 1, 0; 1, 1, 1 ;
0,23; 0.049903, -0.435427, 2.067155 / 0.049903, -0.435427, 2.067155 / 0.049903, -0.435427, 2.067155; 1, 30, 1, 0; 0.609049314022; 1, 0, 1; 0, 1, 0; 1, 1, 2 ;
0,23; 0.045158, -0.434939, 2.067885 / 0.045158, -0.434939, 2.067885 / 0.045158, -0.434939, 2.067885; 1, 30, 1, 0; 0.609048261969; 1, 0, 1; 1, 0, 0; 3, 1, 2 ;
1,24; 1.73321, -1.67414, 0.124177 / 1.73332, -1.67413, 0.124356 / 1.7331, -1.67415, 0.123997; 1, 15, 1, 0; 0.613709469161; 1, 0, 2; 1, 1, 0; 1, 1, 2 / 2, 1, 2 ;
0,24; 1.733201, -1.673549, 0.117656 / 1.733201, -1.673549, 0.117656 / 1.733201, -1.673549, 0.117656; 1, 15, 1, 0; 0.613709301734; 1, 0, 1; 1, 0, 0; 3, 1, 2 / 4, 9, 0 ;
1,25; -3.50867, -0.243058, 1.10789 / -3.50867, -0.243058, 1.10789 / -3.50867, -0.243058, 1.10789; 1, 21, 1, 0; 0.519391643529; 1, 0, 1; 0, 1, 0; 1, 1, 2 ;
0,25; -3.793304, -1.137718, 1.027383 / -3.793304, -1.137718, 1.027383 / -3.793304, -1.137718, 1.027383; 1, 21, 1, 0; 0.634810514782; 1, 0, 1; 1, 0, 0; 3, 1, 2 ;
0,25; -3.855702, -1.285010, 1.019292 / -3.855702, -1.285010, 1.019292 / -3.855702, -1.285010, 1.019292; 1, 21, 1, 0; 0.643691996845; 1, 0, 1; 1, 0, 0; 2, 1, 2 / 3, 1, 0 ;
0,25; -3.858335, -1.277902, 1.021077 / -3.858335, -1.277902, 1.021077 / -3.858335, -1.277902, 1.021077; 1, 21, 1, 0; 0.643692309707; 1, 0, 1; 1, 0, 0; 3, 1, 2 ;
0,25; -2.825151, 2.115761, 1.424132 / -2.824357, 2.115774, 1.425155 / -2.825945, 2.115748, 1.423108; 1, 24, 1, 0; 0.490663236274; 1, 0, 2; 1, 1, 0; 3, 10, 2 / 4, 1, 2 ;
1,26; 0.125943, 1.73631, -1.52838 / 0.125943, 1.73631, -1.52838 / 0.125943, 1.73631, -1.52838; 1, 7, 1, 0; 0.468641147660; 0, 1, 0; 1, 0, 0; 2, 1, 1 ;
0,26; 0.115744, 1.758243, -1.502338 / 0.115744, 1.758243, -1.502338 / 0.115744, 1.758243, -1.502338; 1, 7, 1, 0; 0.469527634511; 1, 0, 1; 1, 0, 0; 2, 1, 2 ;
0,26; 0.119215, 1.757204, -1.506812 / 0.119215, 1.757204, -1.506812 / 0.119215, 1.757204, -1.506812; 1, 7, 1, 0; 0.469527747011; 1, 0, 1; 1, 0, 0; 2, 1, 2 ;
0,26; 0.113385, 1.754897, -1.491551 / 0.113385, 1.754897, -1.491551 / 0.113385, 1.754897, -1.491551; 1, 7, 1, 0; 0.469535049259; 1, 0, 1; 1, 0, 0; 3, 1, 2 ;
0,26; -0.011223, 1.989197, -0.423509 / -0.011223, 1.989197, -0.423509 / -0.011223, 1.989197, -0.423509; 1, 13, 1, 0; 0.471966115299; 1, 0, 1; 1, 0, 0; 3, 1, 2 ;
1,27; -0.100506, 3.18117, -3.32475 / -0.100506, 3.18117, -3.32475 / -0.100506, 3.18117, -3.32475; 1, 2, 1, 0; 0.152156708720; 0, 1, 0; 1, 0, 0; 3, 1, 1 / 4, 9, 0 ;
0,27; -0.787946, 3.062376, 0.838027 / -0.787946, 3.062376, 0.838027 / -0.787946, 3.062376, 0.838027; 1, 25, 1, 0; 0.526964673610; 1, 0, 1; 0, 1, 0; 4, 1, 2 ;
1,28; 0.53437, -4.10703, 1.02777 / 0.53437, -4.10703, 1.02777 / 0.53437, -4.10703, 1.02777; 1, 18, 1, 0; 0.871208937673; 1, 0, 1; 1, 0, 0; 3, 1, 2 ;
0,28; -1.757815, -1.747077, 2.305190 / -1.757815, -1.747077, 2.305190 / -1.757815, -1.747077, 2.305190; 1, 36, 1, 0; 0.036345122803; 1, 0, 1; 1, 0, 0; 2, 1, 2 ;
0,28; -3.072272, -0.584946, 2.920124 / -3.072272, -0.584946, 2.920124 / -3.072272, -0.584946, 2.920124; 1, 36, 1, 0; 0.984547434837; 1, 0, 1; 1, 0, 0; 2, 1, 2 ;
1,29; -0.315761, 0.279902, 3.32776 / -0.315761, 0.279902, 3.32776 / -0.315761, 0.279902, 3.32776; 1, 41, 1, 0; 0.831777609493; 0, 1, 0; 0, 1, 0; 1, 9, 0 / 1, 10, 0 / 4, 1, 1 ;
1,30; -0.952764, -3.1186, -2.53413 / -0.952764, -3.1186, -2.53413 / -0.952764, -3.1186, -2.53413; 1, 5, 1, 0; 0.241155992790; 1, 0, 1; 0, 1, 0; 1, 1, 2 / 3, 7, 0 ;
0,30; -0.953960, -3.115565, -2.535639 / -0.953960, -3.115565, -2.535639 / -0.953960, -3.115565, -2.535639; 1, 5, 1, 0; 0.241156556404; 1, 0, 1; 1, 0, 0; 2, 1, 2 / 2, 5, 0 ;
0,30; -0.342022, -3.426713, -0.438103 / -0.342022, -3.426713, -0.438103 / -0.342022, -3.426713, -0.438103; 1, 9, 1, 0; 0.864612514004; 1, 0, 1; 1, 0, 0; 2, 1, 2 ;
1,31; -2.46286, 0.697817, -2.28973 / -2.46286, 0.697817, -2.28973 / -2.46286, 0.697817, -2.28973; 1, 6, 1, 0; 0.266357149228; 0, 1, 0; 0, 1, 0; 1, 1, 1 ;
1,32; 3.35983, 2.60304, 0.759095 / 3.35983, 2.60304, 0.759095 / 3.35983, 2.60304, 0.759095; 1, 20, 1, 0; 0.680326439086; 1, 0, 1; 1, 0, 0; 2, 1, 2 ;
0,32; 2.527502, 2.850300, 1.042090 / 2.527502, 2.850300, 1.042090 / 2.527502, 2.850300, 1.042090; 1, 26, 1, 0; 0.419394170846; 1, 0, 1; 1, 0, 0; 2, 1, 2 ;
0,32; 1.952807, 3.054102, 1.432124 / 1.952807, 3.054102, 1.432124 / 1.952807, 3.054102, 1.432124; 1, 28, 1, 0; 0.076549055575; 1, 0, 1; 1, 0, 0; 2, 1, 2 ;
0,32; -0.093136, 3.626960, 2.603084 / -0.093136, 3.626960, 2.603084 / -0.093136, 3.626960, 2.603084; 1, 38, 1, 0; 0.269355869260; 0, 1, 0; 0, 1, 0; 1, 1, 1 ;
0,32; -0.215722, 3.608111, 2.711216 / -0.215722, 3.608111, 2.711216 / -0.215722, 3.608111, 2.711216; 1, 38, 1, 0; 0.270365179375; 1, 0, 1; 1, 0, 0; 2, 1, 2 ;
1,33; 2.24573, 0.460983, 2.40795 / 2.24573, 0.460983, 2.40795 / 2.24573, 0.460983, 2.40795; 1, 28, 1, 0; 0.975073916711; 0, 1, 0; 0, 1, 0; 4, 1, 1 / 4, 2, 0 ;
1,34; -0.554283, 4.24126, 1.02038 / -0.554283, 4.24126, 1.02038 / -0.554283, 4.24126, 1.02038; 1, 26, 1, 0; 0.608717766062; 1, 0, 1; 1, 0, 0; 2, 1, 2 ;
0,34; -2.670776, 0.844275, 3.150449 / -2.670776, 0.844275, 3.150449 / -2.670776, 0.844275, 3.150449; 1, 42, 1, 0; 0.296049617604; 1, 0, 1; 0, 1, 0; 4, 1, 2 ;
1,36; -2.17004, 0.742881, 0.239099 / -2.17004, 0.742881, 0.239099 / -2.17004, 0.742881, 0.239099; 1, 14, 1, 0; 0.800982312890; 1, 0, 1; 1, 0, 0; 2, 1, 2 ;
0,36; -0.492374, 1.315937, 3.805674 / -0.492374, 1.315937, 3.805674 / -0.492374, 1.315937, 3.805674; 1, 46, 1, 0; 0.390654283161; 1, 0, 1; 1, 0, 0; 3, 1, 2 ;
1,37; 0.798083, 3.41271, -0.176051 / 0.798083, 3.41271, -0.176051 / 0.798083, 3.41271, -0.176051; 1, 17, 1, 0; 0.266998771094; 1, 0, 1; 0, 1, 0; 3, 8, 0 / 4, 1, 2 ;
0,37; 0.412187, 3.518977, 0.866741 / 0.412187, 3.518977, 0.866741 / 0.412187, 3.518977, 0.866741; 1, 25, 1, 0; 0.460390621919; 1, 0, 1; 0, 1, 0; 4, 1, 2 ;
1,38; -1.40863, 2.92617, 2.97351 / -1.40862, 2.9264, 2.97399 / -1.40865, 2.92593, 2.97303; 1, 40, 1, 0; 0.165560223165; 1, 0, 2; 2, 0, 0; 2, 3, 2 / 3, 1, 2 ;
1,39; -1.76481, -0.293455, 1.24781 / -1.76481, -0.293455, 1.24781 / -1.76481, -0.293455, 1.24781; 1, 23, 1, 0; 0.743567327176; 1, 0, 1; 0, 1, 0; 1, 1, 2 ;
0,39; -1.689298, -1.140484, 1.346893 / -1.689298, -1.140484, 1.346893 / -1.689298, -1.140484, 1.346893; 1, 23, 1, 0; 0.917555679213; 1, 0, 1; 1, 0, 0; 1, 5, 0 / 2, 1, 2 ;
1,41; -2.82536, 0.554521, -0.481209 / -2.82536, 0.554521, -0.481209 / -2.82536, 0.554521, -0.481209; 1, 10, 1, 0; 0.702993335539; 0, 1, 0; 0, 1, 0; 4, 1, 1 ;
0,41; 0.415221, -0.407467, -0.268181 / 0.415221, -0.407467, -0.268181 / 0.415221, -0.407467, -0.268181; 1, 16, 1, 0; 0.413228711264; 1, 0, 1; 0, 1, 0; 4, 1, 2 ;
0,41; -0.177926, -0.281740, -0.292933 / -0.177926, -0.281740, -0.292933 / -0.177926, -0.281740, -0.292933; 1, 16, 1, 0; 0.466438489831; 1, 0, 1; 1, 0, 0; 3, 1, 2 / 4, 2, 0 ;
1,42; -1.78851, -1.32405, -0.489875 / -1.78851, -1.32405, -0.489875 / -1.78851, -1.32405, -0.489875; 1, 10, 1, 0; 0.544518408099; 1, 0, 1; 1, 0, 0; 2, 1, 2 / 3, 1, 0 / 4, 2, 0 ;
1,44; 0.431536, -2.03207, 2.02525 / 0.431536, -2.03207, 2.02525 / 0.431536, -2.03207, 2.02525; 1, 32, 1, 0; 0.223478168912; 1, 0, 1; 1, 0, 0; 2, 1, 2 ;
0,44; 0.205597, -2.044163, 1.988531 / 0.205597, -2.044163, 1.988531 / 0.205597, -2.044163, 1.988531; 1, 32, 1, 0; 0.228056693854; 1, 0, 1; 1, 0, 0; 2, 1, 2 ;
0,44; 1.918832, -2.114439, 2.322954 / 1.918832, -2.114439, 2.322954 / 1.918832, -2.114439, 2.322954; 1, 33, 1, 0; 0.594432869591; 1, 0, 1; 1, 0, 0; 3, 1, 2 ;
1,46; 3.1591, 0.792819, 0.334964 / 3.1591, 0.792819, 0.334964 / 3.1591, 0.792819, 0.334964; 1, 19, 1, 0; 0.696522468855; 1, 0, 1; 1, 0, 0; 2, 1, 2 ;
0,46; 2.348276, 1.614881, 2.518536 / 2.348276, 1.614881, 2.518536 / 2.348276, 1.614881, 2.518536; 1, 35, 1, 0; 0.214694197757; 1, 0, 1; 1, 0, 0; 3, 1, 2 ;
0,46; 2.349632, 1.614962, 2.520313 / 2.349632, 1.614962, 2.520313 / 2.349632, 1.614962, 2.520313; 1, 35, 1, 0; 0.214694442512; 1, 0, 1; 1, 0, 0; 3, 1, 2 ;
0,46; 1.949589, 1.787655, 3.622589 / 1.949726, 1.788076, 3.623154 / 1.949451, 1.787235, 3.622023; 1, 45, 1, 0; 0.356884325637; 2, 1, 3; 3, 1, 0; 2, 1, 2 / 2, 5, 2 / 3, 4, 1 / 4, 4, 2 ;
1,50; -1.75495, 1.00924, -3.51831 / -1.75492, 1.00937, -3.51829 / -1.75498, 1.00911, -3.51833; 1, 1, 1, 0; 0.637029422142; 2, 1, 1; 1, 1, 0; 1, 2, 1 / 2, 1, 2 ;
0,50; -1.757556, 1.010727, -3.517937 / -1.757556, 1.010727, -3.517937 / -1.757556, 1.010727, -3.517937; 1, 1, 1, 0; 0.637029505204; 1, 0, 1; 1, 0, 0; 3, 1, 2 ;
0,50; -1.070233, 0.404999, -2.697189 / -1.070233, 0.404999, -2.697189 / -1.070233, 0.404999, -2.697189; 1, 2, 1, 0; 0.871977120771; 1, 0, 1; 0, 1, 0; 4, 1, 2 ;
0,50; -1.061194, 0.408318, -2.703255 / -1.061194, 0.408318, -2.703255 / -1.061194, 0.408318, -2.703255; 1, 2, 1, 0; 0.871970147518; 1, 0, 1; 1, 0, 0; 3, 1, 2 ;
0,50; -1.065623, 0.407786, -2.697463 / -1.065623, 0.407786, -2.697463 / -1.065623, 0.407786, -2.697463; 1, 2, 1, 0; 0.871977528170; 1, 0, 1; 1, 0, 0; 2, 1, 2 ;
0,50; -1.079318, 0.399577, -2.681407 / -1.079318, 0.399577, -2.681407 / -1.079318, 0.399577, -2.681407; 1, 2, 1, 0; 0.871980724079; 1, 0, 1; 1, 0, 0; 2, 1, 2 ;
0,50; -0.175821, -0.428623, -1.531135 / -0.175575, -0.428536, -1.531097 / -0.176066, -0.428709, -1.531173; 1, 11, 1, 0; 0.483115155656; 2, 1, 1; 1, 1, 0; 3, 1, 2 / 3, 5, 0 / 4, 1, 1 ;
0,50; -0.171305, -0.425026, -1.525498 / -0.171305, -0.425026, -1.525498 / -0.171305, -0.425026, -1.525498; 1, 11, 1, 0; 0.483105983622; 1, 0, 1; 1, 0, 0; 2, 1, 2 ;
0,50; -0.171706, -0.438617, -1.540226 / -0.171706, -0.438617, -1.540226 / -0.171706, -0.438617, -1.540226; 1, 11, 1, 0; 0.483113336126; 1, 0, 1; 1, 0, 0; 2, 1, 2 ;
0,50; -0.179097, -0.438016, -1.535080 / -0.179097, -0.438016, -1.535080 / -0.179097, -0.438016, -1.535080; 1, 11, 1, 0; 0.483113645102; 1, 0, 1; 1, 0, 0; 3, 1, 2 ;
0,50; -0.176509, -0.430140, -1.530101 / -0.176509, -0.430140, -1.530101 / -0.176509, -0.430140, -1.530101; 1, 11, 1, 0; 0.483115230039; 1, 0, 1; 1, 0, 0; 2, 1, 2 ;
1,51; 0.744728, 0.803243, -0.00274162 / 0.744728, 0.803243, -0.00274162 / 0.744728, 0.803243, -0.00274162; 1, 13, 1, 0; 0.926547117412; 1, 0, 1; 0, 1, 0; 4, 1, 2 ;
0,51; 0.744062, 0.791693, 0.007339 / 0.744062, 0.791693, 0.007339 / 0.744062, 0.791693, 0.007339; 1, 16, 1, 0; 0.588200389235; 1, 0, 1; 1, 0, 0; 3, 1, 2 / 4, 1, 0 ;
0,51; 0.729695, 0.065509, 0.688065 / 0.729695, 0.065509, 0.688065 / 0.729695, 0.065509, 0.688065; 1, 23, 1, 0; 0.217276621751; 1, 0, 1; 1, 0, 0; 3, 1, 2 ;
0,51; 0.847170, -1.569354, 2.283799 / 0.847170, -1.569354, 2.283799 / 0.847170, -1.569354, 2.283799; 1, 33, 1, 0; 0.518198700822; 1, 0, 1; 1, 0, 0; 3, 1, 2 ;
0,51; 0.842631, -1.568559, 2.280839 / 0.842631, -1.568559, 2.280839 / 0.842631, -1.568559, 2.280839; 1, 33, 1, 0; 0.518221838057; 1, 0, 1; 1, 0, 0; 2, 1, 2 ;
0,51; 0.865978, -1.926516, 2.620814 / 0.866275, -1.926100, 2.620996 / 0.865682, -1.926932, 2.620632; 1, 34, 1, 0; 0.320161037646; 0, 2, 0; 2, 0, 0; 2, 1, 1 / 3, 6, 1 ;
1,53; 1.73239, 3.5926, 0.671051 / 1.73239, 3.5926, 0.671051 / 1.73239, 3.5926, 0.671051; 1, 20, 1, 0; 0.613509666698; 1, 0, 1; 1, 0, 0; 3, 1, 2 ;
0,53; -1.621322, 2.151045, 2.615387 / -1.621322, 2.151045, 2.615387 / -1.621322, 2.151045, 2.615387; 1, 37, 1, 0; 0.447645545167; 1, 0, 1; 1, 0, 0; 1, 4, 0 / 3, 1, 2 ;
0,53; -2.343055, 1.906441, 3.133681 / -2.343055, 1.906441, 3.133681 / -2.343055, 1.906441, 3.133681; 1, 42, 1, 0; 0.967302699929; 1, 0, 1; 1, 0, 0; 3, 1, 2 ;
1,54; -2.66038, 0.597786, -1.93847 / -2.66038, 0.597786, -1.93847 / -2.66038, 0.597786, -1.93847; 1, 6, 1, 0; 0.374046678057; 1, 0, 1; 1, 0, 0; 3, 1, 2 ;
1,55; 1.84506, 0.595709, -1.98407 / 1.84529, 0.595823, -1.98402 / 1.84483, 0.595595, -1.98411; 1, 4, 1, 0; 0.634143151311; 1, 0, 2; 2, 0, 0; 2, 1, 2 / 2, 3, 2 ;
0,55; -0.804208, 1.361448, -2.257410 / -0.804208, 1.361448, -2.257410 / -0.804208, 1.361448, -2.257410; 1, 4, 1, 0; 0.377505204367; 1, 0, 1; 1, 0, 0; 2, 1, 2 ;
0,55; -0.808499, 1.364387, -2.255843 / -0.808499, 1.364387, -2.255843 / -0.808499, 1.364387, -2.255843; 1, 4, 1, 0; 0.377505740318; 1, 0, 1; 1, 0, 0; 2, 1, 2 ;
0,55; -0.623042, 2.774245, -1.014007 / -0.623022, 2.774501, -1.013985 / -0.623061, 2.773990, -1.014029; 1, 7, 1, 0; 0.685435117884; 0, 2, 0; 0, 2, 0; 1, 1, 1 / 1, 2, 1 ;
0,55; -0.888610, 2.019601, -1.634214 / -0.888610, 2.019601, -1.634214 / -0.888610, 2.019601, -1.634214; 1, 7, 1, 0; 0.042050167676; 0, 1, 0; 0, 1, 0; 4, 1, 1 ;
0,55; -1.023289, 2.559466, -1.142122 / -1.023289, 2.559466, -1.142122 / -1.023289, 2.559466, -1.142122; 1, 7, 1, 0; 0.682612190255; 1, 0, 1; 0, 1, 0; 1, 1, 2 / 4, 9, 0 ;
0,55; -1.058525, 2.573533, -1.138693 / -1.058525, 2.573533, -1.138693 / -1.058525, 2.573533, -1.138693; 1, 7, 1, 0; 0.682636694720; 1, 0, 1; 0, 1, 0; 1, 1, 2 ;
0,55; -0.874414, 1.986644, -1.647952 / -0.874414, 1.986644, -1.647952 / -0.874414, 1.986644, -1.647952; 1, 7, 1, 0; 0.042024717191; 1, 0, 1; 1, 0, 0; 2, 1, 2 ;
0,55; -0.881504, 2.015969, -1.634942 / -0.881504, 2.015969, -1.634942 / -0.881504, 2.015969, -1.634942; 1, 7, 1, 0; 0.042049686995; 1, 0, 1; 1, 0, 0; 3, 1, 2 ;
0,55; -1.011359, 2.555132, -1.150138 / -1.011359, 2.555132, -1.150138 / -1.011359, 2.555132, -1.150138; 1, 7, 1, 0; 0.682604274372; 1, 0, 1; 1, 0, 0; 2, 1, 2 ;
0,55; -1.059188, 2.571548, -1.137240 / -1.059188, 2.571548, -1.137240 / -1.059188, 2.571548, -1.137240; 1, 7, 1, 0; 0.682637323695; 1, 0, 1; 1, 0, 0; 3, 1, 2 ;
0,55; -1.061088, 2.567087, -1.135487 / -1.061088, 2.567087, -1.135487 / -1.061088, 2.567087, -1.135487; 1, 7, 1, 0; 0.682638223692; 0, 1, 0; 1, 0, 0; 3, 1, 1 ;
0,55; -1.059615, 2.563188, -1.137177 / -1.059615, 2.563188, -1.137177 / -1.059615, 2.563188, -1.137177; 1, 7, 1, 0; 0.682638816872; 1, 0, 1; 1, 0, 0; 3, 1, 2 ;
0,55; -1.080505, 2.559383, -1.142932 / -1.080505, 2.559383, -1.142932 / -1.080505, 2.559383, -1.142932; 1, 7, 1, 0; 0.682649033884; 0, 1, 0; 1, 0, 0; 3, 1, 1 ;
0,55; -0.635567, 2.773484, -1.015726 / -0.635567, 2.773484, -1.015726 / -0.635567, 2.773484, -1.015726; 1, 7, 1, 0; 0.685434028683; 0, 1, 0; 1, 0, 0; 3, 1, 1 ;
0,55; -0.624938, 2.772918, -1.008860 / -0.624938, 2.772918, -1.008860 / -0.624938, 2.772918, -1.008860; 1, 7, 1, 0; 0.685444465581; 1, 0, 1; 1, 0, 0; 2, 1, 2 ;
1,57; 2.19605, 3.1168, -0.865287 / 2.19736, 3.1169, -0.865258 / 2.19475, 3.11669, -0.865316; 1, 13, 1, 0; 0.232761038133; 1, 0, 2; 2, 0, 0; 2, 10, 2 / 3, 1, 2 ;
0,57; 2.064570, 3.031430, -0.850836 / 2.064570, 3.031430, -0.850836 / 2.064570, 3.031430, -0.850836; 1, 13, 1, 0; 0.286011832440; 1, 0, 1; 1, 0, 0; 3, 1, 2 ;
0,57; -2.490349, 0.456350, 0.209224 / -2.490349, 0.456350, 0.209224 / -2.490349, 0.456350, 0.209224; 1, 14, 1, 0; 0.837510842095; 0, 1, 0; 0, 1, 0; 4, 1, 1 ;
0,57; -2.310264, 0.589166, 0.130039 / -2.310264, 0.589166, 0.130039 / -2.310264, 0.589166, 0.130039; 1, 14, 1, 0; 0.840637298530; 1, 0, 1; 1, 0, 0; 2, 1, 2 ;
1,58; 0.366709, -2.41045, -0.74433 / 0.366709, -2.41045, -0.74433 / 0.366709, -2.41045, -0.74433; 1, 9, 1, 0; 0.528336950504; 1, 0, 1; 1, 0, 0; 3, 1, 2 ;
0,58; -0.431671, -0.559900, 2.229686 / -0.431671, -0.559900, 2.229686 / -0.431671, -0.559900, 2.229686; 1, 31, 1, 0; 0.982645210115; 1, 0, 1; 1, 0, 0; 3, 1, 2 ;
0,58; -1.045933, -0.609388, 2.563977 / -1.045933, -0.609388, 2.563977 / -1.045933, -0.609388, 2.563977; 1, 34, 1, 0; 0.720783659999; 1, 0, 1; 1, 0, 0; 2, 1, 2 ;
1,59; -1.80876, -1.49435, 0.76792 / -1.80876, -1.49435, 0.76792 / -1.80876, -1.49435, 0.76792; 1, 21, 1, 0; 0.281928954139; 0, 1, 0; 0, 1, 0; 4, 1, 1 ;
0,59; -1.791808, -1.496879, 0.774413 / -1.791808, -1.496879, 0.774413 / -1.791808, -1.496879, 0.774413; 1, 21, 1, 0; 0.281937619688; 1, 0, 1; 0, 1, 0; 4, 1, 2 ;
0,59; -1.801317, -1.498481, 0.771280 / -1.801261, -1.498073, 0.771510 / -1.801374, -1.498889, 0.771050; 1, 21, 1, 0; 0.281926967829; 1, 0, 2; 2, 0, 0; 3, 1, 2 / 3, 4, 2 ;
0,59; -1.807639, -1.497466, 0.762527 / -1.807639, -1.497466, 0.762527 / -1.807639, -1.497466, 0.762527; 1, 21, 1, 0; 0.281915304626; 1, 0, 1; 1, 0, 0; 3, 1, 2 ;
0,59; -1.805579, -1.496856, 0.769625 / -1.805579, -1.496856, 0.769625 / -1.805579, -1.496856, 0.769625; 1, 21, 1, 0; 0.281928161070; 1, 0, 1; 1, 0, 0; 3, 1, 2 ;
0,59; -1.788187, -1.499498, 0.782634 / -1.788187, -1.499498, 0.782634 / -1.788187, -1.499498, 0.782634; 1, 21, 1, 0; 0.281938078067; 1, 0, 1; 1, 0, 0; 3, 1, 2 ;
0,59; -1.796664, -1.500086, 0.777334 / -1.796664, -1.500086, 0.777334 / -1.796664, -1.500086, 0.777334; 1, 21, 1, 0; 0.281938922067; 0, 1, 0; 1, 0, 0; 2, 1, 1 / 2, 4, 0 / 3, 6, 0 ;
0,59; -0.185427, -1.108245, 0.846583 / -0.185427, -1.108245, 0.846583 / -0.185427, -1.108245, 0.846583; 1, 23, 1, 0; 0.303589445151; 1, 0, 1; 0, 1, 0; 1, 1, 2 ;
1,60; -0.872536, -0.417242, -3.52935 / -0.872536, -0.417242, -3.52935 / -0.872536, -0.417242, -3.52935; 1, 1, 1, 0; 0.785953583374; 1, 0, 1; 0, 1, 0; 4, 1, 2 ;
0,60; -0.879462, 0.063786, -2.960956 / -0.878741, 0.064256, -2.960836 / -0.880183, 0.063317, -2.961075; 1, 2, 1, 0; 0.566002202330; 2, 1, 1; 0, 2, 1; 1, 7, 2 / 2, 6, 0 / 4, 1, 3 / 4, 2, 0 ;
0,60; -0.874436, 0.041890, -2.976846 / -0.873875, 0.042376, -2.976681 / -0.874997, 0.041403, -2.977011; 1, 2, 1, 0; 0.565992816324; 2, 1, 1; 2, 0, 0; 2, 1, 1 / 3, 3, 2 ;
0,60; -0.939339, 0.136755, -2.907175 / -0.939264, 0.137019, -2.906858 / -0.939413, 0.136490, -2.907491; 1, 2, 1, 0; 0.568386817349; 1, 0, 2; 2, 0, 0; 2, 3, 2 / 3, 1, 2 ;
0,60; -0.883908, 0.066796, -2.973997 / -0.883908, 0.066796, -2.973997 / -0.883908, 0.066796, -2.973997; 1, 2, 1, 0; 0.565995213256; 1, 0, 1; 1, 0, 0; 2, 1, 2 ;
0,60; -0.884350, 0.065870, -2.961242 / -0.884350, 0.065870, -2.961242 / -0.884350, 0.065870, -2.961242; 1, 2, 1, 0; 0.566002301213; 1, 0, 1; 1, 0, 0; 1, 7, 0 / 2, 5, 0 / 2, 9, 0 / 3, 1, 2 / 4, 8, 0 / 4, 10, 0 ;
0,60; -0.882195, 0.062801, -2.957215 / -0.882195, 0.062801, -2.957215 / -0.882195, 0.062801, -2.957215; 1, 2, 1, 0; 0.566009100431; 1, 0, 1; 1, 0, 0; 2, 1, 2 ;
0,60; -0.962857, 0.285226, -2.853070 / -0.962857, 0.285226, -2.853070 / -0.962857, 0.285226, -2.853070; 1, 2, 1, 0; 0.568778921396; 1, 0, 1; 1, 0, 0; 3, 1, 2 ;
0,60; -0.916323, 0.949845, -2.344777 / -0.916323, 0.949845, -2.344777 / -0.916323, 0.949845, -2.344777; 1, 4, 1, 0; 0.427642915574; 0, 1, 0; 0, 1, 0; 1, 1, 1 ;
0,60; -0.898726, 0.945469, -2.342379 / -0.898726, 0.945469, -2.342379 / -0.898726, 0.945469, -2.342379; 1, 4, 1, 0; 0.427646437538; 0, 1, 0; 0, 1, 0; 4, 1, 1 ;
0,60; -0.797256, 0.927048, -2.229929 / -0.797256, 0.927048, -2.229929 / -0.797256, 0.927048, -2.229929; 1, 4, 1, 0; 0.430635778963; 1, 0, 1; 0, 1, 0; 4, 1, 2 ;
0,60; -0.797228, 0.925399, -2.234225 / -0.797228, 0.925399, -2.234225 / -0.797228, 0.925399, -2.234225; 1, 4, 1, 0; 0.430635855527; 1, 0, 1; 1, 0, 0; 2, 1, 2 ;
0,60; -0.784430, 0.918424, -2.212885 / -0.784430, 0.918424, -2.212885 / -0.784430, 0.918424, -2.212885; 1, 4, 1, 0; 0.430644168812; 1, 0, 1; 1, 0, 0; 2, 1, 2 ;
0,60; -0.791530, 0.836496, -2.122064 / -0.791530, 0.836496, -2.122064 / -0.791530, 0.836496, -2.122064; 1, 4, 1, 0; 0.672561096403; 1, 0, 1; 1, 0, 0; 2, 1, 2 ;
0,60; -0.792781, 0.837281, -2.118626 / -0.792781, 0.837281, -2.118626 / -0.792781, 0.837281, -2.118626; 1, 4, 1, 0; 0.672561209234; 1, 0, 1; 1, 0, 0; 2, 1, 2 ;
0,60; -1.129766, 0.678637, -2.425247 / -1.129766, 0.678637, -2.425247 / -1.129766, 0.678637, -2.425247; 1, 6, 1, 0; 0.275081542755; 1, 0, 1; 0, 1, 0; 4, 1, 2 ;
0,60; -1.032145, 0.876957, -2.364921 / -1.032145, 0.876957, -2.364921 / -1.032145, 0.876957, -2.364921; 1, 6, 1, 0; 0.275560717937; 1, 0, 1; 0, 1, 0; 4, 1, 2 ;
0,60; -1.097866, 0.718728, -2.376434 / -1.097866, 0.718728, -2.376434 / -1.097866, 0.718728, -2.376434; 1, 6, 1, 0; 0.275900655851; 0, 1, 0; 0, 1, 0; 1, 1, 1 ;
0,60; -1.171971, 0.636260, -2.446629 / -1.171971, 0.636260, -2.446629 / -1.171971, 0.636260, -2.446629; 1, 6, 1, 0; 0.274862566298; 1, 0, 1; 1, 0, 0; 2, 1, 2 ;
0,60; -1.138523, 0.673825, -2.432660 / -1.138523, 0.673825, -2.432660 / -1.138523, 0.673825, -2.432660; 1, 6, 1, 0; 0.275089443159; 0, 1, 0; 1, 0, 0; 3, 1, 1 ;
0,60; -1.094674, 0.721411, -2.373415 / -1.094674, 0.721411, -2.373415 / -1.094674, 0.721411, -2.373415; 1, 6, 1, 0; 0.275900499019; 0, 1, 0; 1, 0, 0; 2, 1, 1 ;
1,61; 0.695205, -0.291764, -1.82967 / 0.6956, -0.29147, -1.82926 / 0.694811, -0.292059, -1.83009; 1, 4, 1, 0; 0.921717404708; 2, 1, 1; 1, 1, 0; 1, 1, 1 / 3, 3, 2 ;
0,61; 0.337997, -0.903181, -1.429574 / 0.337997, -0.903181, -1.429574 / 0.337997, -0.903181, -1.429574; 1, 11, 1, 0; 0.500408982299; 0, 1, 0; 0, 1, 0; 4, 1, 1 ;
0,61; -0.855410, -2.722646, -0.211908 / -0.855410, -2.722646, -0.211908 / -0.855410, -2.722646, -0.211908; 1, 15, 1, 0; 0.446949190455; 0, 1, 0; 1, 0, 0; 2, 1, 1 ;
0,61; -0.863510, -2.729412, -0.210576 / -0.863510, -2.729412, -0.210576 / -0.863510, -2.729412, -0.210576; 1, 15, 1, 0; 0.446950061078; 1, 0, 1; 1, 0, 0; 3, 1, 2 ;
1,63; 2.1106, 0.0762358, 1.12753 / 2.1106, 0.0762358, 1.12753 / 2.1106, 0.0762358, 1.12753; 1, 26, 1, 0; 0.144513668510; 1, 0, 1; 1, 0, 0; 3, 1, 2 ;
0,63; 2.105436, 0.077148, 1.125323 / 2.105436, 0.077148, 1.125323 / 2.105436, 0.077148, 1.125323; 1, 26, 1, 0; 0.144514902919; 1, 0, 1; 1, 0, 0; 2, 1, 2 ;
1,64; 0.329794, -0.122493, -1.45637 / 0.329809, -0.122459, -1.45628 / 0.32978, -0.122526, -1.45646; 1, 11, 1, 0; 0.432252286428; 2, 1, 1; 1, 1, 0; 3, 1, 1 / 4, 1, 2 ;
1,65; -2.31428, 2.99832, -0.244358 / -2.31428, 2.99832, -0.244358 / -2.31428, 2.99832, -0.244358; 1, 14, 1, 0; 0.578166587267; 1, 0, 1; 1, 0, 0; 3, 1, 2 ;
0,65; -2.316897, 2.994941, -0.240124 / -2.316897, 2.994941, -0.240124 / -2.316897, 2.994941, -0.240124; 1, 14, 1, 0; 0.578166753453; 1, 0, 1; 1, 0, 0; 2, 1, 2 ;
0,65; -2.315113, 2.992316, -0.250541 / -2.315113, 2.992316, -0.250541 / -2.315113, 2.992316, -0.250541; 1, 14, 1, 0; 0.578168390692; 1, 0, 1; 1, 0, 0; 2, 1, 2 ;
0,65; -1.666264, 1.336768, 1.322847 / -1.665615, 1.337314, 1.323559 / -1.666912, 1.336222, 1.322135; 1, 29, 1, 0; 0.259050492712; 2, 2, 2; 1, 3, 1; 1, 8, 3 / 1, 9, 0 / 2, 4, 0 / 2, 5, 0 / 2, 7, 0 / 3, 2, 2 / 3, 6, 0 / 4, 1, 2 / 4, 2, 1 ;
0,65; -1.669599, 1.333220, 1.318404 / -1.668987, 1.333254, 1.318642 / -1.670211, 1.333186, 1.318167; 1, 29, 1, 0; 0.259066195581; 1, 0, 2; 0, 2, 0; 1, 1, 2 / 1, 3, 2 ;
0,65; -1.666594, 1.336287, 1.320311 / -1.666594, 1.336287, 1.320311 / -1.666594, 1.336287, 1.320311; 1, 29, 1, 0; 0.259049440658; 1, 0, 1; 0, 1, 0; 1, 1, 2 ;
0,65; -1.669573, 1.336403, 1.320547 / -1.669573, 1.336403, 1.320547 / -1.669573, 1.336403, 1.320547; 1, 29, 1, 0; 0.259067520388; 1, 0, 1; 0, 1, 0; 1, 1, 2 ;
0,65; -1.667202, 1.338260, 1.321771 / -1.666912, 1.339206, 1.322135 / -1.667492, 1.337314, 1.321408; 1, 29, 1, 0; 0.259050560900; 1, 0, 1; 1, 1, 0; 1, 1, 3 / 1, 2, 0 / 3, 9, 2 ;
0,65; -1.664058, 1.338815, 1.328014 / -1.664058, 1.338815, 1.328014 / -1.664058, 1.338815, 1.328014; 1, 29, 1, 0; 0.259052041568; 1, 0, 1; 1, 0, 0; 3, 1, 2 / 3, 6, 0 ;
0,65; -1.285025, -0.212024, 2.692845 / -1.284560, -0.211988, 2.693444 / -1.285489, -0.212061, 2.692246; 1, 34, 1, 0; 0.892848736121; 1, 0, 1; 2, 0, 0; 1, 8, 0 / 2, 8, 3 / 3, 1, 2 ;
1,67; -0.735032, 3.27296, -2.36944 / -0.735032, 3.27296, -2.36944 / -0.735032, 3.27296, -2.36944; 1, 4, 1, 0; 0.241062819102; 1, 0, 1; 1, 0, 0; 3, 1, 2 ;
0,67; 1.798794, 3.507691, -2.030302 / 1.798794, 3.507691, -2.030302 / 1.798794, 3.507691, -2.030302; 1, 4, 1, 0; 0.884987890730; 1, 0, 1; 1, 0, 0; 2, 1, 2 ;
0,67; 1.799556, 3.512300, -2.031251 / 1.799556, 3.512300, -2.031251 / 1.799556, 3.512300, -2.031251; 1, 4, 1, 0; 0.884987967295; 1, 0, 1; 1, 0, 0; 2, 1, 2 ;
1,69; 2.26496, 0.343836, -3.07543 / 2.26496, 0.343836, -3.07543 / 2.26496, 0.343836, -3.07543; 1, 3, 1, 0; 0.266999875079; 0, 1, 0; 0, 1, 0; 1, 1, 1 ;
0,69; -0.316969, -2.958869, 0.161445 / -0.316969, -2.958869, 0.161445 / -0.316969, -2.958869, 0.161445; 1, 15, 1, 0; 0.814631793536; 1, 0, 1; 1, 0, 0; 3, 1, 2 ;
1,70; -3.44621, -2.23177, -0.395167 / -3.44621, -2.23177, -0.395167 / -3.44621, -2.23177, -0.395167; 1, 9, 1, 0; 0.994346335682; 0, 1, 0; 0, 1, 0; 1, 1, 1 ;
0,70; -4.134555, 0.921861, -0.495725 / -4.134555, 0.921861, -0.495725 / -4.134555, 0.921861, -0.495725; 1, 10, 1, 0; 0.720075993019; 1, 0, 1; 1, 0, 0; 3, 1, 2 ;
1,71; 3.67862, 1.06586, 1.13503 / 3.67862, 1.06586, 1.13503 / 3.67862, 1.06586, 1.13503; 1, 26, 1, 0; 0.217329681540; 0, 1, 0; 0, 1, 0; 4, 1, 1 ;
1,76; 1.77542, 1.46095, -1.10013 / 1.77542, 1.46095, -1.10013 / 1.77542, 1.46095, -1.10013; 1, 11, 1, 0; 0.884663444153; 1, 0, 1; 0, 1, 0; 3, 7, 0 / 4, 1, 2 ;
0,76; 1.642852, 1.628187, -1.083902 / 1.642852, 1.628187, -1.083902 / 1.642852, 1.628187, -1.083902; 1, 11, 1, 0; 0.887506894760; 0, 1, 0; 0, 1, 0; 4, 1, 1 ;
1,77; 1.26397, 4.17111, -0.446981 / 1.26421, 4.17142, -0.446805 / 1.26374, 4.17081, -0.447156; 1, 13, 1, 0; 0.715773004753; 2, 1, 1; 0, 2, 1; 1, 6, 2 / 4, 1, 1 ;
0,77; 1.529671, 3.702292, -0.400618 / 1.529671, 3.702292, -0.400618 / 1.529671, 3.702292, -0.400618; 1, 13, 1, 0; 0.655313475958; 0, 1, 0; 0, 1, 0; 1, 1, 1 ;
0,77; 1.528390, 3.703634, -0.404919 / 1.528390, 3.703634, -0.404919 / 1.528390, 3.703634, -0.404919; 1, 13, 1, 0; 0.655313340547; 1, 0, 1; 1, 0, 0; 3, 1, 2 ;
0,77; 2.228702, 2.079238, -0.134696 / 2.228702, 2.079238, -0.134696 / 2.228702, 2.079238, -0.134696; 1, 13, 1, 0; 0.766116314168; 1, 0, 1; 1, 0, 0; 2, 1, 2 ;
0,77; 3.098004, -1.537418, 0.374192 / 3.098004, -1.537418, 0.374192 / 3.098004, -1.537418, 0.374192; 1, 19, 1, 0; 0.445243504193; 0, 1, 0; 0, 1, 0; 1, 1, 1 / 2, 2, 0 ;
0,77; 3.110877, -1.690256, 0.375902 / 3.110877, -1.690256, 0.375902 / 3.110877, -1.690256, 0.375902; 1, 19, 1, 0; 0.392875698175; 1, 0, 1; 1, 0, 0; 3, 1, 2 ;
0,77; 3.099730, -1.535675, 0.377046 / 3.099730, -1.535675, 0.377046 / 3.099730, -1.535675, 0.377046; 1, 19, 1, 0; 0.445243402956; 1, 0, 1; 1, 0, 0; 2, 1, 2 ;
1,82; -1.97485, -0.610445, -1.40069 / -1.97459, -0.610298, -1.40062 / -1.9751, -0.610592, -1.40077; 1, 6, 1, 0; 0.971412368739; 0, 2, 0; 1, 1, 0; 1, 1, 1 / 3, 5, 1 ;
0,82; -1.952316, -0.578334, -1.450094 / -1.952316, -0.578334, -1.450094 / -1.952316, -0.578334, -1.450094; 1, 6, 1, 0; 0.971426532615; 1, 0, 1; 0, 1, 0; 1, 1, 2 ;
0,82; -1.948994, -0.574932, -1.451739 / -1.948991, -0.574925, -1.451728 / -1.948998, -0.574938, -1.451750; 1, 6, 1, 0; 0.971425973901; 2, 1, 1; 2, 0, 0; 2, 1, 1 / 2, 2, 2 / 3, 4, 0 ;
0,82; -1.949145, -0.579239, -1.449259 / -1.949145, -0.579239, -1.449259 / -1.949145, -0.579239, -1.449259; 1, 6, 1, 0; 0.971425875881; 1, 0, 1; 1, 0, 0; 3, 1, 2 ;
0,82; -1.962512, 1.829694, -1.116676 / -1.962512, 1.829694, -1.116676 / -1.962512, 1.829694, -1.116676; 1, 7, 1, 0; 0.579062305363; 1, 0, 1; 1, 0, 0; 3, 1, 2 ;
0,82; -3.540548, 1.804506, -0.532296 / -3.540548, 1.804506, -0.532296 / -3.540548, 1.804506, -0.532296; 1, 14, 1, 0; 0.278213445552; 1, 0, 1; 0, 1, 0; 1, 1, 2 ;
1,83; -1.92568, 0.863529, 0.17477 / -1.92568, 0.863529, 0.17477 / -1.92568, 0.863529, 0.17477; 1, 14, 1, 0; 0.797700355638; 1, 0, 1; 1, 0, 0; 2, 1, 2 ;
1,84; -1.0939, 1.10778, -3.67851 / -1.0939, 1.10778, -3.67851 / -1.0939, 1.10778, -3.67851; 1, 1, 1, 0; 0.639329760876; 1, 0, 1; 1, 0, 0; 3, 1, 2 ;
0,84; -2.874711, 1.755314, -1.361872 / -2.874711, 1.755314, -1.361872 / -2.874711, 1.755314, -1.361872; 1, 7, 1, 0; 0.447938285772; 1, 0, 1; 1, 0, 0; 3, 1, 2 ;
0,84; -3.516835, 2.498884, 0.107370 / -3.516835, 2.498884, 0.107370 / -3.516835, 2.498884, 0.107370; 1, 14, 1, 0; 0.674245251082; 1, 0, 1; 1, 0, 0; 2, 1, 2 ;
1,85; -0.030952, -3.41052, -0.373896 / -0.030952, -3.41052, -0.373896 / -0.030952, -3.41052, -0.373896; 1, 9, 1, 0; 0.866956234942; 1, 0, 1; 0, 1, 0; 4, 1, 2 ;
0,85; 0.406272, -2.983812, -0.425861 / 0.406272, -2.983812, -0.425861 / 0.406272, -2.983812, -0.425861; 1, 9, 1, 0; 0.946486294763; 1, 0, 1; 0, 1, 0; 1, 1, 2 ;
0,85; 0.253975, -3.165542, -0.419573 / 0.253975, -3.165542, -0.419573 / 0.253975, -3.165542, -0.419573; 1, 9, 1, 0; 0.888823349078; 1, 0, 1; 1, 0, 0; 3, 1, 2 ;
0,85; 0.251221, -3.166373, -0.419300 / 0.251221, -3.166373, -0.419300 / 0.251221, -3.166373, -0.419300; 1, 9, 1, 0; 0.888823997898; 1, 0, 1; 1, 0, 0; 2, 1, 2 ;
0,85; 0.246443, -3.147702, -0.414642 / 0.246443, -3.147702, -0.414642 / 0.246443, -3.147702, -0.414642; 1, 9, 1, 0; 0.888826241733; 1, 0, 1; 1, 0, 0; 2, 1, 2 ;
0,85; 0.406090, -2.982672, -0.424425 / 0.406090, -2.982672, -0.424425 / 0.406090, -2.982672, -0.424425; 1, 9, 1, 0; 0.946486224474; 1, 0, 1; 1, 0, 0; 3, 1, 2 ;
0,85; 3.679778, 0.900294, -0.452628 / 3.679778, 0.900294, -0.452628 / 3.679778, 0.900294, -0.452628; 1, 12, 1, 0; 0.905258647917; 1, 0, 1; 1, 0, 0; 3, 1, 2 ;
0,85; -0.521505, -3.836016, -0.302828 / -0.521505, -3.836016, -0.302828 / -0.521505, -3.836016, -0.302828; 1, 15, 1, 0; 0.281408192159; 0, 1, 0; 1, 0, 0; 3, 1, 1 ;
1,87; 0.172371, 2.55922, -0.540086 / 0.172371, 2.55922, -0.540086 / 0.172371, 2.55922, -0.540086; 1, 13, 1, 0; 0.550124811810; 1, 0, 1; 0, 1, 0; 4, 1, 2 ;
0,87; -0.293570, 2.353343, -0.490062 / -0.293570, 2.353343, -0.490062 / -0.293570, 2.353343, -0.490062; 1, 13, 1, 0; 0.483290709713; 1, 0, 1; 1, 0, 0; 2, 1, 2 ;
1,88; -1.51552, 1.63556, -0.743606 / -1.51552, 1.63556, -0.743606 / -1.51552, 1.63556, -0.743606; 1, 7, 1, 0; 0.946031805691; 0, 1, 0; 0, 1, 0; 4, 1, 1 ;
0,88; -0.908436, 1.400387, -0.502725 / -0.908436, 1.400387, -0.502725 / -0.908436, 1.400387, -0.502725; 1, 13, 1, 0; 0.423222296493; 1, 0, 1; 1, 0, 0; 2, 1, 2 ;
1,89; -0.869821, -1.41285, -3.20335 / -0.869821, -1.41285, -3.20335 / -0.869821, -1.41285, -3.20335; 1, 5, 1, 0; 0.069384204681; 0, 1, 0; 0, 1, 0; 1, 1, 1 ;
0,89; -0.086399, -1.327983, -0.743582 / -0.086328, -1.327780, -0.742235 / -0.086471, -1.328187, -0.744930; 1, 11, 1, 0; 0.952666137973; 0, 2, 0; 0, 2, 0; 3, 1, 0 / 4, 1, 1 / 4, 10, 1 ;
0,89; -0.086883, -1.324889, -0.747684 / -0.086883, -1.324889, -0.747684 / -0.086883, -1.324889, -0.747684; 1, 11, 1, 0; 0.952665376975; 1, 0, 1; 0, 1, 0; 1, 1, 2 ;
0,89; -0.085577, -1.327034, -0.745962 / -0.084851, -1.326706, -0.745080 / -0.086304, -1.327362, -0.746845; 1, 11, 1, 0; 0.952666080755; 2, 1, 1; 3, 0, 0; 2, 1, 3 / 2, 10, 1 / 3, 8, 2 ;
0,89; -0.087713, -1.324580, -0.744561 / -0.087341, -1.324447, -0.744274 / -0.088085, -1.324713, -0.744848; 1, 11, 1, 0; 0.952665445636; 1, 0, 2; 2, 0, 0; 2, 1, 2 / 3, 2, 2 ;
0,89; -0.085887, -1.327885, -0.742068 / -0.085447, -1.327780, -0.741902 / -0.086328, -1.327989, -0.742235; 1, 11, 1, 0; 0.952666189469; 1, 0, 1; 1, 1, 0; 3, 3, 2 / 4, 1, 1 ;
0,89; 0.228657, -1.340704, 0.158458 / 0.228657, -1.340704, 0.158458 / 0.228657, -1.340704, 0.158458; 1, 16, 1, 0; 0.882076348260; 0, 1, 0; 0, 1, 0; 4, 1, 1 ;
0,89; 1.835155, -0.938617, 3.956212 / 1.835155, -0.938617, 3.956212 / 1.835155, -0.938617, 3.956212; 1, 46, 1, 0; 0.032153449546; 1, 0, 1; 1, 0, 0; 3, 1, 2 ;
1,91; -1.57814, 2.75598, -1.93596 / -1.57814, 2.75598, -1.93596 / -1.57814, 2.75598, -1.93596; 1, 6, 1, 0; 0.511408947845; 0, 1, 0; 0, 1, 0; 4, 1, 1 ;
0,91; -0.513908, -1.534168, 0.956572 / -0.513908, -1.534168, 0.956572 / -0.513908, -1.534168, 0.956572; 1, 23, 1, 0; 0.354847841927; 1, 0, 1; 1, 0, 0; 2, 1, 2 ;
0,91; -0.223049, -3.078769, 2.177699 / -0.223049, -3.078769, 2.177699 / -0.223049, -3.078769, 2.177699; 1, 32, 1, 0; 0.870103427232; 1, 0, 1; 0, 1, 0; 4, 1, 2 ;
0,91; -0.221652, -3.083288, 2.176749 / -0.221652, -3.083288, 2.176749 / -0.221652, -3.083288, 2.176749; 1, 32, 1, 0; 0.870101862990; 1, 0, 1; 1, 0, 0; 3, 1, 2 ;
0,91; -0.170962, -3.615938, 2.574976 / -0.170962, -3.615938, 2.574976 / -0.170962, -3.615938, 2.574976; 1, 33, 1, 0; 0.776235515842; 1, 0, 1; 1, 0, 0; 3, 1, 2 ;
1,92; -2.8424, -2.3277, 2.60861 / -2.84206, -2.32726, 2.609 / -2.84274, -2.32814, 2.60823; 1, 36, 1, 0; 0.698304258997; 1, 0, 2; 2, 1, 0; 3, 1, 2 / 3, 4, 2 / 4, 3, 3 ;
0,92; -2.848753, -2.333608, 2.612508 / -2.848753, -2.333608, 2.612508 / -2.848753, -2.333608, 2.612508; 1, 36, 1, 0; 0.698328412467; 1, 0, 1; 1, 0, 0; 2, 1, 2 ;
1,93; -0.216461, 2.07792, 1.78419 / -0.216461, 2.07792, 1.78419 / -0.216461, 2.07792, 1.78419; 1, 29, 1, 0; 0.324960440849; 1, 0, 1; 1, 0, 0; 2, 1, 2 ;
0,93; -0.173059, 2.812118, 1.887061 / -0.173059, 2.812118, 1.887061 / -0.173059, 2.812118, 1.887061; 1, 29, 1, 0; 0.637119595076; 1, 0, 1; 1, 0, 0; 2, 1, 2 / 3, 9, 0 / 4, 6, 0 ;
1,94; -3.20713, -2.35024, 0.424347 / -3.20712, -2.3502, 0.424392 / -3.20714, -2.35029, 0.424302; 1, 18, 1, 0; 0.369258750896; 2, 1, 1; 2, 0, 0; 2, 1, 1 / 2, 2, 2 ;
1,96; -3.69254, 1.85832, 1.39 / -3.69149, 1.85863, 1.39001 / -3.69358, 1.85801, 1.38999; 1, 24, 1, 0; 0.495856629998; 2, 1, 1; 1, 1, 0; 1, 2, 2 / 3, 1, 1 ;
0,96; -3.692389, 1.858991, 1.384103 / -3.692389, 1.858991, 1.384103 / -3.692389, 1.858991, 1.384103; 1, 24, 1, 0; 0.495856799966; 1, 0, 1; 0, 1, 0; 1, 1, 2 ;
0,96; -3.692506, 1.858452, 1.387230 / -3.692506, 1.858452, 1.387230 / -3.692506, 1.858452, 1.387230; 1, 24, 1, 0; 0.495856718677; 0, 1, 0; 1, 0, 0; 2, 1, 1 ;
0,96; -2.740642, 3.161190, 1.639166 / -2.740371, 3.161692, 1.640005 / -2.740914, 3.160689, 1.638326; 1, 29, 1, 0; 0.468283877089; 2, 1, 2; 3, 0, 0; 2, 5, 1 / 3, 1, 2 / 3, 9, 2 ;
0,96; -2.742106, 3.158196, 1.649281 / -2.742106, 3.158196, 1.649281 / -2.742106, 3.158196, 1.649281; 1, 29, 1, 0; 0.468300320292; 1, 0, 1; 1, 0, 0; 2, 1, 2 ;
1,97; 1.01918, -1.52185, -2.77197 / 1.01918, -1.52185, -2.77197 / 1.01918, -1.52185, -2.77197; 1, 3, 1, 0; 0.591792599040; 1, 0, 1; 1, 0, 0; 2, 1, 2 ;
0,97; 0.533573, -1.263109, -2.341297 / 0.533573, -1.263109, -2.341297 / 0.533573, -1.263109, -2.341297; 1, 3, 1, 0; 0.856312306322; 1, 0, 1; 1, 0, 0; 2, 1, 2 ;
1,101; 0.505366, 1.68563, -0.502262 / 0.505366, 1.68563, -0.502262 / 0.505366, 1.68563, -0.502262; 1, 13, 1, 0; 0.438145937123; 1, 0, 1; 1, 0, 0; 3, 1, 2 ;
0,101; 3.516652, 1.153742, 1.843923 / 3.516652, 1.153742, 1.843923 / 3.516652, 1.153742, 1.843923; 1, 27, 1, 0; 0.448753490025; 1, 0, 1; 0, 1, 0; 1, 1, 2 ;
1,102; 0.164343, 0.319255, -3.03027 / 0.164343, 0.319255, -3.03027 / 0.164343, 0.319255, -3.03027; 1, 2, 1, 0; 0.602719505172; 1, 0, 1; 1, 0, 0; 2, 1, 2 ;
0,102; 0.897917, 0.755632, -1.352006 / 0.897917, 0.755632, -1.352006 / 0.897917, 0.755632, -1.352006; 1, 11, 1, 0; 0.331945157761; 0, 1, 0; 0, 1, 0; 4, 1, 1 ;
1,103; -1.03482, -1.14879, -1.75632 / -1.03482, -1.14879, -1.75632 / -1.03482, -1.14879, -1.75632; 1, 6, 1, 0; 0.845505282783; 1, 0, 1; 1, 0, 0; 2, 1, 2 ;
0,103; -0.922761, -1.207254, -1.479794 / -0.922357, -1.206612, -1.479500 / -0.923166, -1.207895, -1.480089; 1, 8, 1, 0; 0.724838113033; 2, 1, 2; 1, 2, 0; 1, 2, 0 / 2, 1, 2 / 4, 4, 2 / 4, 5, 1 ;
0,103; -0.576260, -1.174358, 0.171250 / -0.576260, -1.174358, 0.171250 / -0.576260, -1.174358, 0.171250; 1, 16, 1, 0; 0.856107284836; 0, 0, 0; 0, 1, 0; 1, 1, 3 ;
0,103; -0.585693, -1.164615, 0.169840 / -0.585693, -1.164615, 0.169840 / -0.585693, -1.164615, 0.169840; 1, 16, 1, 0; 0.855442524163; 1, 0, 1; 1, 0, 0; 1, 5, 0 / 3, 1, 2 ;
0,103; -0.585111, -1.167224, 0.169503 / -0.585111, -1.167224, 0.169503 / -0.585111, -1.167224, 0.169503; 1, 16, 1, 0; 0.855442591134; 1, 0, 1; 1, 0, 0; 2, 1, 2 / 3, 3, 0 ;
0,103; -0.584100, -1.164548, 0.171934 / -0.584100, -1.164548, 0.171934 / -0.584100, -1.164548, 0.171934; 1, 16, 1, 0; 0.855443334512; 0, 1, 0; 1, 0, 0; 3, 1, 1 ;
0,103; -0.574424, -1.170958, 0.170082 / -0.574424, -1.170958, 0.170082 / -0.574424, -1.170958, 0.170082; 1, 16, 1, 0; 0.856108128670; 1, 0, 1; 1, 0, 0; 1, 4, 0 / 3, 1, 2 ;
0,103; -0.477268, -1.193383, 0.376250 / -0.477268, -1.193383, 0.376250 / -0.477268, -1.193383, 0.376250; 1, 23, 1, 0; 0.029165813133; 1, 0, 1; 0, 1, 0; 4, 1, 2 ;
0,103; -0.327367, -1.249113, 0.860263 / -0.327367, -1.249113, 0.860263 / -0.327367, -1.249113, 0.860263; 1, 23, 1, 0; 0.322863638581; 1, 0, 1; 0, 1, 0; 4, 1, 2 ;
1,104; -1.71474, -1.45863, -1.44514 / -1.71474, -1.45863, -1.44514 / -1.71474, -1.45863, -1.44514; 1, 6, 1, 0; 0.893366243515; 1, 0, 1; 1, 0, 0; 2, 1, 2 ;
0,104; -2.196154, -2.486659, -1.000559 / -2.194982, -2.486159, -1.000006 / -2.197326, -2.487159, -1.001113; 1, 9, 1, 0; 0.353194291251; 0, 1, 0; 2, 0, 0; 1, 1, 0 / 2, 1, 1 / 3, 10, 3 ;
1,105; -0.819559, -3.15709, -2.2516 / -0.819559, -3.15709, -2.2516 / -0.819559, -3.15709, -2.2516; 1, 5, 1, 0; 0.595854782538; 0, 0, 0; 1, 0, 0; 2, 1, 3 ;
0,105; 0.020399, -2.115330, -1.360200 / 0.020399, -2.115330, -1.360200 / 0.020399, -2.115330, -1.360200; 1, 8, 1, 0; 0.644487216463; 1, 0, 1; 0, 1, 0; 4, 1, 2 ;
0,105; -0.258253, -2.433500, -1.722365 / -0.258253, -2.433500, -1.722365 / -0.258253, -2.433500, -1.722365; 1, 8, 1, 0; 0.280564671435; 1, 0, 1; 1, 0, 0; 3, 1, 2 ;
0,105; 0.714059, -1.184498, -0.551112 / 0.714059, -1.184498, -0.551112 / 0.714059, -1.184498, -0.551112; 1, 16, 1, 0; 0.225329912456; 0, 1, 0; 0, 1, 0; 1, 1, 1 ;
1,106; 0.0202314, -2.13403, 1.65787 / 0.0202314, -2.13403, 1.65787 / 0.0202314, -2.13403, 1.65787; 1, 22, 1, 0; 0.975813884960; 0, 1, 0; 0, 1, 0; 4, 1, 1 ;
0,106; 0.760107, -1.844836, 1.580000 / 0.760107, -1.844836, 1.580000 / 0.760107, -1.844836, 1.580000; 1, 27, 1, 0; 0.992905174446; 1, 0, 1; 1, 0, 0; 2, 1, 2 ;
0,106; -1.437786, -2.684663, 1.768069 / -1.437786, -2.684663, 1.768069 / -1.437786, -2.684663, 1.768069; 1, 32, 1, 0; 0.110640920567; 0, 1, 0; 1, 0, 0; 2, 1, 1 ;
1,110; -4.32228, -1.45846, -0.759529 / -4.32228, -1.45846, -0.759529 / -4.32228, -1.45846, -0.759529; 1, 10, 1, 0; 0.452117445034; 1, 0, 1; 0, 1, 0; 4, 1, 2 ;
0,110; -1.665689, -1.068806, -0.195589 / -1.665689, -1.068806, -0.195589 / -1.665689, -1.068806, -0.195589; 1, 10, 1, 0; 0.823445606192; 1, 0, 1; 0, 1, 0; 4, 1, 2 ;
0,110; 3.488337, -1.905960, 0.818639 / 3.488844, -1.905927, 0.819485 / 3.487830, -1.905993, 0.817793; 1, 19, 1, 0; 0.879140793352; 1, 0, 1; 1, 1, 0; 1, 8, 3 / 3, 1, 2 ;
0,110; 1.886132, -1.533610, 0.695904 / 1.886132, -1.533610, 0.695904 / 1.886132, -1.533610, 0.695904; 1, 19, 1, 0; 0.822552578220; 1, 0, 1; 0, 1, 0; 1, 1, 2 ;
0,110; 1.403768, -1.375961, 0.666206 / 1.403768, -1.375961, 0.666206 / 1.403768, -1.375961, 0.666206; 1, 19, 1, 0; 0.828228053962; 1, 0, 1; 0, 1, 0; 4, 1, 2 ;
1,112; -0.440188, 0.933542, -3.88867 / -0.440188, 0.933542, -3.88867 / -0.440188, 0.933542, -3.88867; 1, 1, 1, 0; 0.569203937772; 1, 0, 1; 1, 0, 0; 3, 1, 2 ;
0,112; -0.554319, 1.448371, -3.865485 / -0.554319, 1.448371, -3.865485 / -0.554319, 1.448371, -3.865485; 1, 1, 1, 0; 0.589629567223; 1, 0, 1; 1, 0, 0; 2, 1, 2 ;
1,114; -1.10915, 1.47966, -1.4456 / -1.10915, 1.47966, -1.4456 / -1.10915, 1.47966, -1.4456; 1, 7, 1, 0; 0.497984492437; 1, 0, 1; 1, 0, 0; 2, 1, 2 ;
1,115; 0.337324, -2.96163, 1.73775 / 0.337324, -2.96163, 1.73775 / 0.337324, -2.96163, 1.73775; 1, 22, 1, 0; 0.824500090221; 1, 0, 1; 1, 0, 0; 3, 1, 2 ;
1,117; 0.177158, -2.77823, -2.69259 / 0.177421, -2.77798, -2.69208 / 0.176894, -2.77848, -2.69309; 1, 3, 1, 0; 0.514921009683; 2, 2, 1; 2, 1, 0; 2, 1, 1 / 3, 3, 2 / 4, 2, 1 ;
0,117; 0.179443, -2.780188, -2.688602 / 0.179443, -2.780188, -2.688602 / 0.179443, -2.780188, -2.688602; 1, 3, 1, 0; 0.514927940779; 1, 0, 1; 1, 0, 0; 2, 1, 2 ;
0,117; -1.403054, -3.588426, -1.984463 / -1.403054, -3.588426, -1.984463 / -1.403054, -3.588426, -1.984463; 1, 5, 1, 0; 0.671165956512; 1, 0, 1; 1, 0, 0; 3, 1, 2 ;
1,120; 1.30531, -2.42722, -1.66582 / 1.30531, -2.42722, -1.66582 / 1.30531, -2.42722, -1.66582; 1, 8, 1, 0; 0.269753549108; 1, 0, 1; 0, 1, 0; 4, 1, 2 ;
0,120; 1.677535, -2.241582, -1.488127 / 1.677535, -2.241582, -1.488127 / 1.677535, -2.241582, -1.488127; 1, 8, 1, 0; 0.604011961779; 1, 0, 1; 0, 1, 0; 4, 1, 2 ;
0,120; 1.040519, -2.575775, -1.796636 / 1.040519, -2.575775, -1.796636 / 1.040519, -2.575775, -1.796636; 1, 8, 1, 0; 0.300337048889; 1, 0, 1; 1, 0, 0; 2, 1, 2 ;
0,120; 1.913717, -2.120323, -1.378641 / 1.913717, -2.120323, -1.378641 / 1.913717, -2.120323, -1.378641; 1, 8, 1, 0; 0.631992025822; 0, 1, 0; 1, 0, 0; 3, 1, 1 ;
0,120; 3.324248, -1.337634, -0.777467 / 3.324248, -1.337634, -0.777467 / 3.324248, -1.337634, -0.777467; 1, 12, 1, 0; 0.581277413109; 1, 0, 1; 1, 0, 0; 2, 1, 2 ;
0,120; 3.323539, -1.330486, -0.773919 / 3.323539, -1.330486, -0.773919 / 3.323539, -1.330486, -0.773919; 1, 12, 1, 0; 0.581287065773; 1, 0, 1; 1, 0, 0; 1, 8, 0 / 2, 6, 0 / 3, 1, 2 ;
1,121; -3.47152, -0.373865, -1.99781 / -3.47152, -0.373865, -1.99781 / -3.47152, -0.373865, -1.99781; 1, 5, 1, 0; 0.980280562360; 1, 0, 1; 1, 0, 0; 2, 1, 2 ;
0,121; -2.331996, -0.185252, -1.922192 / -2.331996, -0.185252, -1.922192 / -2.331996, -0.185252, -1.922192; 1, 5, 1, 0; 0.991376263109; 0, 1, 0; 1, 0, 0; 2, 1, 1 / 4, 6, 0 ;
0,121; -2.330990, -0.190018, -1.919561 / -2.330990, -0.190018, -1.919561 / -2.330990, -0.190018, -1.919561; 1, 5, 1, 0; 0.991376807119; 1, 0, 1; 1, 0, 0; 3, 1, 2 ;
0,121; 2.095413, -0.172975, -1.100119 / 2.095561, -0.172792, -1.100040 / 2.095266, -0.173157, -1.100198; 1, 11, 1, 0; 0.710665570371; 2, 1, 1; 1, 1, 0; 2, 5, 1 / 4, 1, 2 ;
0,121; 2.100784, -0.167862, -1.099998 / 2.100784, -0.167862, -1.099998 / 2.100784, -0.167862, -1.099998; 1, 11, 1, 0; 0.710665284282; 1, 0, 1; 1, 0, 0; 2, 1, 2 ;
0,121; 3.280053, -1.051392, -0.526224 / 3.280129, -1.051261, -0.525957 / 3.279976, -1.051523, -0.526491; 1, 12, 1, 0; 0.725769214924; 2, 1, 1; 1, 1, 0; 3, 1, 2 / 4, 1, 1 ;
0,121; 3.281415, -1.052906, -0.527207 / 3.282037, -1.052168, -0.526448 / 3.280794, -1.053643, -0.527966; 1, 12, 1, 0; 0.725769867209; 2, 1, 1; 2, 0, 0; 3, 1, 1 / 3, 10, 2 ;
0,121; 3.166330, -1.050575, -0.589233 / 3.166533, -1.050163, -0.588764 / 3.166127, -1.050988, -0.589702; 1, 12, 1, 0; 0.725876715966; 1, 0, 2; 2, 0, 0; 2, 3, 0 / 3, 1, 2 / 3, 6, 2 / 4, 6, 0 ;
0,121; 3.444145, -1.012936, -0.491535 / 3.444281, -1.012777, -0.491099 / 3.444009, -1.013095, -0.491972; 1, 12, 1, 0; 0.729146995143; 1, 0, 2; 2, 0, 0; 2, 1, 2 / 3, 5, 2 ;
0,121; 2.752776, -0.953920, -0.768518 / 2.752776, -0.953920, -0.768518 / 2.752776, -0.953920, -0.768518; 1, 12, 1, 0; 0.550889887532; 1, 0, 1; 1, 0, 0; 2, 1, 2 ;
0,121; 2.763411, -0.957579, -0.749783 / 2.763411, -0.957579, -0.749783 / 2.763411, -0.957579, -0.749783; 1, 12, 1, 0; 0.550898819251; 1, 0, 1; 1, 0, 0; 2, 1, 2 ;
0,121; 3.279545, -1.056007, -0.535742 / 3.279545, -1.056007, -0.535742 / 3.279545, -1.056007, -0.535742; 1, 12, 1, 0; 0.725759751079; 1, 0, 1; 1, 0, 0; 3, 1, 2 ;
0,121; 3.151165, -1.042798, -0.599479 / 3.151165, -1.042798, -0.599479 / 3.151165, -1.042798, -0.599479; 1, 12, 1, 0; 0.725895798144; 1, 0, 1; 1, 0, 0; 2, 1, 2 ;
0,121; 3.832562, -1.209053, -0.294158 / 3.832562, -1.209053, -0.294158 / 3.832562, -1.209053, -0.294158; 1, 19, 1, 0; 0.018989451092; 1, 0, 1; 0, 1, 0; 1, 1, 2 / 1, 4, 0 / 1, 5, 0 ;
0,121; 3.830236, -1.201074, -0.286015 / 3.830236, -1.201074, -0.286015 / 3.830236, -1.201074, -0.286015; 1, 19, 1, 0; 0.018990984112; 0, 1, 0; 0, 1, 0; 4, 1, 1 ;
0,121; 3.836158, -1.211820, -0.283581 / 3.836158, -1.211820, -0.283581 / 3.836158, -1.211820, -0.283581; 1, 19, 1, 0; 0.018978879045; 1, 0, 1; 1, 0, 0; 2, 1, 2 ;
0,121; 3.827884, -1.201096, -0.290840 / 3.827884, -1.201096, -0.290840 / 3.827884, -1.201096, -0.290840; 1, 19, 1, 0; 0.018989971740; 1, 0, 1; 1, 0, 0; 2, 1, 2 ;
1,122; -3.20139, 2.07917, 0.783704 / -3.20139, 2.07917, 0.783704 / -3.20139, 2.07917, 0.783704; 1, 24, 1, 0; 0.155149490318; 0, 1, 0; 1, 0, 0; 2, 1, 1 ;
0,122; -3.339499, 1.766342, 1.047085 / -3.339499, 1.766342, 1.047085 / -3.339499, 1.766342, 1.047085; 1, 24, 1, 0; 0.336695487283; 0, 1, 0; 1, 0, 0; 2, 1, 1 ;
1,123; -2.52558, 1.34659, 2.96134 / -2.52554, 1.34674, 2.96145 / -2.52561, 1.34644, 2.96122; 1, 39, 1, 0; 0.638235187804; 0, 2, 0; 1, 1, 0; 3, 1, 1 / 4, 1, 1 / 4, 7, 0 ;
0,123; -2.525485, 1.343665, 2.961991 / -2.525485, 1.343665, 2.961991 / -2.525485, 1.343665, 2.961991; 1, 39, 1, 0; 0.638235439258; 0, 1, 0; 1, 0, 0; 3, 1, 1 ;
0,123; -2.523978, 1.341737, 2.961263 / -2.523978, 1.341737, 2.961263 / -2.523978, 1.341737, 2.961263; 1, 39, 1, 0; 0.638235690712; 1, 0, 1; 1, 0, 0; 2, 1, 2 ;
0,123; -2.114454, 1.924226, 3.180236 / -2.114454, 1.924226, 3.180236 / -2.114454, 1.924226, 3.180236; 1, 42, 1, 0; 0.958627296358; 1, 0, 1; 0, 1, 0; 4, 1, 2 ;
1,124; -0.287958, 0.151386, -4.14483 / -0.287958, 0.151386, -4.14483 / -0.287958, 0.151386, -4.14483; 1, 1, 1, 0; 0.174735637394; 1, 0, 1; 1, 0, 0; 2, 1, 2 ;
0,124; -0.923328, -0.757707, -4.189459 / -0.923328, -0.757707, -4.189459 / -0.923328, -0.757707, -4.189459; 1, 1, 1, 0; 0.245139797297; 0, 1, 0; 1, 0, 0; 3, 1, 1 ;
1,125; 3.58754, 2.64918, -0.497576 / 3.58754, 2.64918, -0.497576 / 3.58754, 2.64918, -0.497576; 1, 13, 1, 0; 0.519651157208; 0, 1, 0; 0, 1, 0; 1, 1, 1 ;
1,126; 0.63232, -0.863028, 0.804467 / 0.63232, -0.863028, 0.804467 / 0.63232, -0.863028, 0.804467; 1, 19, 1, 0; 0.761084480928; 1, 0, 1; 0, 1, 0; 4, 1, 2 ;
1,127; 2.82719, -3.33542, -0.462946 / 2.82719, -3.33542, -0.462946 / 2.82719, -3.33542, -0.462946; 1, 15, 1, 0; 0.168596167652; 1, 0, 1; 1, 0, 0; 2, 1, 2 ;
0,127; 2.045232, 0.579428, 1.329981 / 2.045232, 0.579428, 1.329981 / 2.045232, 0.579428, 1.329981; 1, 26, 1, 0; 0.903810406755; 1, 0, 1; 1, 0, 0; 3, 1, 2 ;
1,128; 2.03322, 3.46737, -2.11017 / 2.03322, 3.46737, -2.11017 / 2.03322, 3.46737, -2.11017; 1, 4, 1, 0; 0.885964635291; 1, 0, 1; 0, 1, 0; 4, 1, 2 ;
0,128; 2.108026, 3.336117, -1.317638 / 2.108026, 3.336117, -1.317638 / 2.108026, 3.336117, -1.317638; 1, 13, 1, 0; 0.053617837539; 0, 1, 0; 1, 0, 0; 3, 1, 1 ;
0,128; 2.524694, 2.973836, 1.564823 / 2.524776, 2.973962, 1.565019 / 2.524612, 2.973710, 1.564628; 1, 28, 1, 0; 0.355738062087; 2, 1, 1; 1, 1, 0; 3, 1, 2 / 4, 1, 1 ;
1,129; -1.33067, 3.22911, -2.32713 / -1.33067, 3.22911, -2.32713 / -1.33067, 3.22911, -2.32713; 1, 6, 1, 0; 0.134725877548; 1, 0, 1; 0, 1, 0; 4, 1, 2 ;
0,129; -1.317155, 3.230937, -2.337971 / -1.316943, 3.230973, -2.337291 / -1.317368, 3.230901, -2.338651; 1, 6, 1, 0; 0.134716031449; 1, 0, 2; 2, 0, 0; 3, 1, 2 / 3, 6, 2 ;
1,130; 0.756681, 0.916069, -3.5468 / 0.756681, 0.916069, -3.5468 / 0.756681, 0.916069, -3.5468; 1, 1, 1, 0; 0.665934708524; 1, 0, 1; 0, 1, 0; 3, 7, 0 / 4, 1, 2 ;
1,133; -0.21736, -2.2056, -1.05329 / -0.21736, -2.2056, -1.05329 / -0.21736, -2.2056, -1.05329; 1, 8, 1, 0; 0.801718053429; 1, 0, 1; 1, 0, 0; 2, 1, 2 ;
0,133; 0.011421, -2.594454, -0.864901 / 0.011421, -2.594454, -0.864901 / 0.011421, -2.594454, -0.864901; 1, 9, 1, 0; 0.587337324656; 1, 0, 1; 0, 1, 0; 4, 1, 2 ;
0,133; 0.016403, -2.597322, -0.857355 / 0.016403, -2.597322, -0.857355 / 0.016403, -2.597322, -0.857355; 1, 9, 1, 0; 0.587337724762; 1, 0, 1; 1, 0, 0; 2, 1, 2 ;
1,136; 1.60152, 3.3172, 0.736709 / 1.60152, 3.3172, 0.736709 / 1.60152, 3.3172, 0.736709; 1, 20, 1, 0; 0.623941356230; 1, 0, 1; 0, 1, 0; 1, 1, 2 ;
0,136; 1.596726, 3.314989, 0.732594 / 1.596918, 3.315775, 0.733256 / 1.596534, 3.314203, 0.731931; 1, 20, 1, 0; 0.623939996760; 2, 1, 1; 2, 0, 0; 2, 1, 1 / 2, 6, 2 ;
0,136; 1.693183, 3.387349, 0.179842 / 1.693183, 3.387349, 0.179842 / 1.693183, 3.387349, 0.179842; 1, 20, 1, 0; 0.202152966392; 1, 0, 1; 1, 0, 0; 2, 1, 2 ;
0,136; 1.595244, 3.321869, 0.731911 / 1.595244, 3.321869, 0.731911 / 1.595244, 3.321869, 0.731911; 1, 20, 1, 0; 0.623940886201; 1, 0, 1; 1, 0, 0; 2, 1, 2 ;
0,136; 1.601474, 3.318340, 0.734587 / 1.601474, 3.318340, 0.734587 / 1.601474, 3.318340, 0.734587; 1, 20, 1, 0; 0.623941283918; 0, 1, 0; 1, 0, 0; 1, 1, 0 / 1, 2, 0 / 2, 1, 1 ;
1,137; 2.94842, -1.68224, 1.06602 / 2.94842, -1.6821, 1.06608 / 2.94842, -1.68238, 1.06596; 1, 22, 1, 0; 0.308741472692; 2, 1, 1; 1, 1, 0; 3, 2, 1 / 4, 1, 2 ;
0,137; 3.020824, -1.864157, 1.060410 / 3.020824, -1.864157, 1.060410 / 3.020824, -1.864157, 1.060410; 1, 22, 1, 0; 0.234372566225; 1, 0, 1; 1, 0, 0; 3, 1, 2 ;
0,137; 2.948679, -1.685306, 1.066571 / 2.948679, -1.685306, 1.066571 / 2.948679, -1.685306, 1.066571; 1, 22, 1, 0; 0.308740497727; 1, 0, 1; 1, 0, 0; 1, 3, 0 / 2, 4, 0 / 3, 1, 2 ;
0,137; 2.174105, 0.428405, 1.114454 / 2.174105, 0.428405, 1.114454 / 2.174105, 0.428405, 1.114454; 1, 26, 1, 0; 0.178656457074; 1, 0, 1; 1, 0, 0; 3, 1, 2 ;
0,137; 2.175647, 0.428655, 1.104863 / 2.175647, 0.428655, 1.104863 / 2.175647, 0.428655, 1.104863; 1, 26, 1, 0; 0.178658840170; 1, 0, 1; 1, 0, 0; 2, 1, 2 ;
1,139; -2.96688, 1.50725, -2.06933 / -2.96688, 1.50725, -2.06933 / -2.96688, 1.50725, -2.06933; 1, 6, 1, 0; 0.431536996141; 1, 0, 1; 1, 0, 0; 2, 1, 2 / 2, 5, 0 / 4, 4, 0 ;
0,139; -2.942437, 1.625591, -1.767828 / -2.942437, 1.625591, -1.767828 / -2.942437, 1.625591, -1.767828; 1, 6, 1, 0; 0.650116251601; 1, 0, 1; 1, 0, 0; 3, 1, 2 / 3, 6, 0 / 4, 6, 0 ;
0,139; -2.838376, 2.118889, -0.717859 / -2.838376, 2.118889, -0.717859 / -2.838376, 2.118889, -0.717859; 1, 7, 1, 0; 0.894857427174; 1, 0, 1; 1, 0, 0; 2, 1, 2 ;
0,139; -2.834266, 2.114859, -0.719569 / -2.834266, 2.114859, -0.719569 / -2.834266, 2.114859, -0.719569; 1, 7, 1, 0; 0.894858250467; 1, 0, 1; 1, 0, 0; 2, 1, 2 ;
1,147; -0.89601, -0.451163, -2.32686 / -0.89601, -0.451163, -2.32686 / -0.89601, -0.451163, -2.32686; 1, 4, 1, 0; 0.499327264595; 0, 1, 0; 1, 0, 0; 3, 1, 1 ;
0,147; -0.712777, -0.697563, 1.385727 / -0.712777, -0.697563, 1.385727 / -0.712777, -0.697563, 1.385727; 1, 23, 1, 0; 0.860454109450; 1, 0, 1; 1, 0, 0; 2, 1, 2 ;
0,147; -0.704365, -0.702417, 1.391113 / -0.704365, -0.702417, 1.391113 / -0.704365, -0.702417, 1.391113; 1, 23, 1, 0; 0.860469007492; 1, 0, 1; 1, 0, 0; 2, 1, 2 / 2, 3, 0 ;
0,147; -0.786006, -0.808710, 2.720932 / -0.786006, -0.808710, 2.720932 / -0.786006, -0.808710, 2.720932; 1, 34, 1, 0; 0.702922039369; 1, 0, 1; 0, 1, 0; 1, 1, 2 ;
0,147; -0.785111, -0.806289, 2.725473 / -0.784909, -0.806215, 2.726192 / -0.785312, -0.806363, 2.724753; 1, 34, 1, 0; 0.702921503035; 2, 1, 1; 2, 0, 0; 1, 7, 0 / 2, 7, 0 / 3, 1, 2 / 3, 9, 1 ;
0,147; -0.788818, -0.809249, 2.719372 / -0.788818, -0.809249, 2.719372 / -0.788818, -0.809249, 2.719372; 1, 34, 1, 0; 0.702922338719; 1, 0, 1; 1, 0, 0; 3, 1, 2 ;
1,148; 2.94845, -0.740146, -2.33386 / 2.94845, -0.740146, -2.33386 / 2.94845, -0.740146, -2.33386; 1, 3, 1, 0; 0.820568583598; 0, 1, 0; 0, 1, 0; 4, 1, 1 ;
0,148; 2.868466, -1.810603, -2.714954 / 2.868466, -1.810603, -2.714954 / 2.868466, -1.810603, -2.714954; 1, 3, 1, 0; 0.574907179729; 1, 0, 1; 1, 0, 0; 3, 1, 2 ;
1,149; 2.87748, 0.453624, 0.266733 / 2.87748, 0.453624, 0.266733 / 2.87748, 0.453624, 0.266733; 1, 16, 1, 0; 0.652321770123; 1, 0, 1; 1, 0, 0; 2, 1, 2 ;
0,149; 3.783211, 0.357320, 1.977262 / 3.783211, 0.357320, 1.977262 / 3.783211, 0.357320, 1.977262; 1, 28, 1, 0; 0.731777435835; 1, 0, 1; 1, 0, 0; 2, 1, 2 ;
1,150; -2.05773, -2.30451, 3.10982 / -2.05773, -2.30451, 3.10982 / -2.05773, -2.30451, 3.10982; 1, 40, 1, 0; 0.713667861072; 0, 1, 0; 1, 0, 0; 2, 1, 1 ;
1,151; -2.30603, -1.52275, -0.184771 / -2.30603, -1.52275, -0.184771 / -2.30603, -1.52275, -0.184771; 1, 10, 1, 0; 0.835419142996; 1, 0, 1; 0, 1, 0; 4, 1, 2 ;
0,151; -2.304810, -1.525394, -0.184887 / -2.304810, -1.525394, -0.184887 / -2.304810, -1.525394, -0.184887; 1, 10, 1, 0; 0.835418537430; 0, 1, 0; 1, 0, 0; 2, 1, 1 ;
1,152; -2.71396, -0.435415, -2.57661 / -2.71354, -0.435067, -2.57626 / -2.71438, -0.435762, -2.57697; 1, 2, 1, 0; 0.965421413067; 0, 2, 0; 2, 1, 0; 2, 4, 1 / 3, 1, 3 / 4, 2, 1 / 4, 7, 0 ;
0,152; -2.714398, -0.434240, -2.576563 / -2.713543, -0.433413, -2.576258 / -2.715253, -0.435067, -2.576868; 1, 2, 1, 0; 0.965421377469; 0, 0, 0; 1, 1, 0; 1, 1, 3 / 1, 7, 0 / 3, 10, 3 / 4, 4, 0 ;
0,152; -3.135284, -0.047132, -2.923617 / -3.135284, -0.047132, -2.923617 / -3.135284, -0.047132, -2.923617; 1, 2, 1, 0; 0.527713271567; 1, 0, 1; 1, 0, 0; 2, 5, 0 / 3, 1, 2 ;
0,152; -2.432269, -0.701040, -2.332197 / -2.432269, -0.701040, -2.332197 / -2.432269, -0.701040, -2.332197; 1, 5, 1, 0; 0.429133170816; 1, 0, 1; 1, 0, 0; 2, 1, 2 ;
0,152; -2.030185, -1.072646, -1.889825 / -2.030185, -1.072646, -1.889825 / -2.030185, -1.072646, -1.889825; 1, 5, 1, 0; 0.933183397193; 1, 0, 1; 1, 0, 0; 2, 1, 2 ;
0,152; -0.836770, -2.401470, -0.250673 / -0.836770, -2.401470, -0.250673 / -0.836770, -2.401470, -0.250673; 1, 15, 1, 0; 0.449770778417; 1, 0, 1; 1, 0, 0; 2, 1, 2 ;
0,152; 0.215029, -3.762018, 1.319447 / 0.215029, -3.762018, 1.319447 / 0.215029, -3.762018, 1.319447; 1, 22, 1, 0; 0.646724255097; 1, 0, 1; 0, 1, 0; 4, 1, 2 ;
0,152; 0.210011, -3.760934, 1.316837 / 0.210011, -3.760934, 1.316837 / 0.210011, -3.760934, 1.316837; 1, 22, 1, 0; 0.646737606300; 1, 0, 1; 0, 1, 0; 4, 1, 2 ;
1,153; 0.22709, -0.793239, -1.73443 / 0.22709, -0.793239, -1.73443 / 0.22709, -0.793239, -1.73443; 1, 4, 1, 0; 0.977430912688; 1, 0, 1; 1, 0, 0; 2, 1, 2 ;
0,153; 0.245351, -0.982323, -1.699785 / 0.245351, -0.982323, -1.699785 / 0.245351, -0.982323, -1.699785; 1, 8, 1, 0; 0.144276243862; 1, 0, 1; 0, 1, 0; 4, 1, 2 ;
0,153; 0.264485, -0.957047, -1.726698 / 0.264485, -0.957047, -1.726698 / 0.264485, -0.957047, -1.726698; 1, 8, 1, 0; 0.145184944277; 1, 0, 1; 0, 1, 0; 1, 1, 2 ;
0,153; 0.167834, -0.940539, -1.712926 / 0.167834, -0.940539, -1.712926 / 0.167834, -0.940539, -1.712926; 1, 8, 1, 0; 0.145255200295; 1, 0, 1; 0, 1, 0; 4, 1, 2 ;
1,154; 3.15297, 1.16177, -1.76535 / 3.15297, 1.16177, -1.76535 / 3.15297, 1.16177, -1.76535; 1, 11, 1, 0; 0.090769146263; 0, 1, 0; 0, 1, 0; 1, 1, 1 ;
0,154; 1.455323, 0.995020, -1.114192 / 1.455323, 0.995020, -1.114192 / 1.455323, 0.995020, -1.114192; 1, 11, 1, 0; 0.855005756123; 1, 0, 1; 1, 0, 0; 2, 1, 2 ;
1,157; 0.640647, -3.82583, -0.798298 / 0.640647, -3.82583, -0.798298 / 0.640647, -3.82583, -0.798298; 1, 9, 1, 0; 0.725001914018; 1, 0, 1; 1, 0, 0; 3, 1, 2 ;
0,157; 1.092922, -0.591988, -0.486410 / 1.092922, -0.591988, -0.486410 / 1.092922, -0.591988, -0.486410; 1, 12, 1, 0; 0.767579218220; 1, 0, 1; 1, 0, 0; 1, 5, 0 / 3, 1, 2 ;
1,158; -0.220631, 3.17235, -1.05364 / -0.220211, 3.17256, -1.0532 / -0.221051, 3.17214, -1.05407; 1, 7, 1, 0; 0.756325306996; 1, 0, 2; 1, 1, 0; 1, 2, 2 / 3, 1, 2 ;
1,159; -0.698941, 2.84765, 1.31624 / -0.698941, 2.84765, 1.31624 / -0.698941, 2.84765, 1.31624; 1, 29, 1, 0; 0.170455509837; 0, 1, 0; 1, 0, 0; 2, 1, 1 ;
1,160; 1.03479, -2.73669, 0.982703 / 1.03479, -2.73669, 0.982703 / 1.03479, -2.73669, 0.982703; 1, 22, 1, 0; 0.152200205470; 0, 1, 0; 1, 0, 0; 3, 1, 1 ;
1,161; 0.361987, -1.37918, 1.88119 / 0.361987, -1.37918, 1.88119 / 0.361987, -1.37918, 1.88119; 1, 30, 1, 0; 0.359797012169; 1, 0, 1; 1, 0, 0; 3, 1, 2 ;
0,161; 0.223042, -1.454999, 1.957760 / 0.223042, -1.454999, 1.957760 / 0.223042, -1.454999, 1.957760; 1, 30, 1, 0; 0.366443563187; 1, 0, 1; 1, 0, 0; 3, 1, 2 ;
1,162; -1.1558, 1.19276, -1.66756 / -1.1558, 1.19276, -1.66756 / -1.1558, 1.19276, -1.66756; 1, 6, 1, 0; 0.706020632209; 1, 0, 1; 1, 0, 0; 2, 1, 2 ;
0,162; -0.848381, -3.610752, 1.456870 / -0.848381, -3.610752, 1.456870 / -0.848381, -3.610752, 1.456870; 1, 22, 1, 0; 0.634800743302; 0, 1, 0; 0, 1, 0; 1, 1, 1 ;
0,162; -0.847433, -3.608717, 1.458065 / -0.847433, -3.608717, 1.458065 / -0.847433, -3.608717, 1.458065; 1, 22, 1, 0; 0.634801594577; 1, 0, 1; 0, 1, 0; 1, 1, 2 ;
1,167; -3.013, -0.822838, -1.64008 / -3.013, -0.822838, -1.64008 / -3.013, -0.822838, -1.64008; 1, 6, 1, 0; 0.830926748749; 1, 0, 1; 1, 0, 0; 3, 1, 2 ;
0,167; -2.662795, -0.901292, -1.542421 / -2.662795, -0.901292, -1.542421 / -2.662795, -0.901292, -1.542421; 1, 6, 1, 0; 0.944262076787; 1, 0, 1; 1, 0, 0; 3, 1, 2 ;
1,169; -3.64073, -2.2527, -0.147626 / -3.64073, -2.2527, -0.147626 / -3.64073, -2.2527, -0.147626; 1, 10, 1, 0; 0.900042827513; 1, 0, 1; 1, 0, 0; 3, 1, 2 ;
0,169; -2.395567, -1.286791, 1.742237 / -2.395567, -1.286791, 1.742237 / -2.395567, -1.286791, 1.742237; 1, 24, 1, 0; 0.694656872091; 1, 0, 1; 0, 1, 0; 1, 1, 2 ;
0,169; -2.396016, -1.285253, 1.748089 / -2.396016, -1.285253, 1.748089 / -2.396016, -1.285253, 1.748089; 1, 24, 1, 0; 0.694670329102; 1, 0, 1; 1, 0, 0; 2, 1, 2 ;
1,170; -0.520133, 2.11576, -1.0553 / -0.519643, 2.11618, -1.05433 / -0.520623, 2.11535, -1.05627; 1, 7, 1, 0; 0.612999142957; 1, 0, 2; 1, 1, 0; 3, 1, 2 / 4, 8, 2 ;
0,170; -0.399502, 2.131698, -1.107928 / -0.399502, 2.131698, -1.107928 / -0.399502, 2.131698, -1.107928; 1, 7, 1, 0; 0.613759446134; 1, 0, 1; 0, 1, 0; 4, 1, 2 ;
0,170; -0.530797, 2.114680, -1.056832 / -0.530797, 2.114680, -1.056832 / -0.530797, 2.114680, -1.056832; 1, 7, 1, 0; 0.612996775352; 1, 0, 1; 1, 0, 0; 2, 1, 2 ;
0,170; -0.519735, 2.115790, -1.056569 / -0.519643, 2.116233, -1.056269 / -0.519827, 2.115347, -1.056870; 1, 7, 1, 0; 0.612999127617; 1, 0, 1; 2, 0, 0; 3, 1, 2 / 3, 4, 2 ;
0,170; -2.661412, 3.641736, 0.912139 / -2.661412, 3.641736, 0.912139 / -2.661412, 3.641736, 0.912139; 1, 25, 1, 0; 0.425036226480; 1, 0, 1; 0, 1, 0; 4, 1, 2 ;
0,170; -2.661412, 3.639360, 0.912870 / -2.661412, 3.639360, 0.912870 / -2.661412, 3.639360, 0.912870; 1, 25, 1, 0; 0.425036132185; 1, 0, 1; 1, 0, 0; 3, 1, 2 ;
1,171; 1.08185, 1.6055, 1.9037 / 1.0821, 1.60567, 1.90455 / 1.08161, 1.60532, 1.90285; 1, 31, 1, 0; 0.202322733942; 2, 2, 1; 1, 2, 0; 1, 2, 1 / 1, 3, 1 / 3, 1, 2 / 4, 4, 0 ;
0,171; 1.077864, 1.612561, 1.913840 / 1.077866, 1.612735, 1.914431 / 1.077861, 1.612387, 1.913249; 1, 31, 1, 0; 0.202327437684; 2, 1, 1; 1, 1, 0; 3, 3, 2 / 3, 6, 0 / 4, 1, 1 / 4, 3, 0 ;
0,171; 1.078063, 1.596160, 1.905635 / 1.078063, 1.596160, 1.905635 / 1.078063, 1.596160, 1.905635; 1, 31, 1, 0; 0.202338861056; 1, 0, 1; 1, 0, 0; 3, 1, 2 ;
0,171; 0.451075, 0.792887, 3.072193 / 0.451075, 0.792887, 3.072193 / 0.451075, 0.792887, 3.072193; 1, 39, 1, 0; 0.279078406412; 1, 0, 1; 0, 1, 0; 1, 1, 2 ;
0,171; 0.447913, 0.790631, 3.072764 / 0.447913, 0.790631, 3.072764 / 0.447913, 0.790631, 3.072764; 1, 39, 1, 0; 0.279078154958; 1, 0, 1; 1, 0, 0; 3, 1, 2 ;
0,171; -0.474331, -0.170532, 4.490289 / -0.474331, -0.170532, 4.490289 / -0.474331, -0.170532, 4.490289; 1, 46, 1, 0; 0.916411779056; 0, 1, 0; 0, 1, 0; 1, 1, 1 ;
0,171; -0.472534, -0.171910, 4.488039 / -0.472534, -0.171910, 4.488039 / -0.472534, -0.171910, 4.488039; 1, 46, 1, 0; 0.916412600663; 0, 1, 0; 0, 1, 0; 1, 1, 1 ;
1,172; 2.89295, -2.07969, -2.32598 / 2.89295, -2.07969, -2.32598 / 2.89295, -2.07969, -2.32598; 1, 3, 1, 0; 0.913935371559; 1, 0, 1; 1, 0, 0; 3, 1, 2 ;
0,172; -0.521514, -0.376473, 1.084671 / -0.521514, -0.376473, 1.084671 / -0.521514, -0.376473, 1.084671; 1, 23, 1, 0; 0.453246029036; 1, 0, 1; 1, 0, 0; 3, 1, 2 ;
1,173; 0.300668, -1.57088, -0.104399 / 0.300668, -1.57088, -0.104399 / 0.300668, -1.57088, -0.104399; 1, 15, 1, 0; 0.553926635967; 0, 1, 0; 1, 0, 0; 3, 1, 1 / 4, 4, 0 / 4, 5, 0 ;
0,173; 0.298075, -1.570289, -0.102812 / 0.298075, -1.570289, -0.102812 / 0.298075, -1.570289, -0.102812; 1, 15, 1, 0; 0.553926716332; 0, 1, 0; 1, 0, 0; 3, 1, 1 ;
0,173; 1.053011, -1.320349, 0.054855 / 1.053167, -1.320192, 0.054899 / 1.052855, -1.320506, 0.054812; 1, 16, 1, 0; 0.890480416345; 1, 0, 2; 2, 0, 0; 2, 1, 2 / 2, 2, 2 / 4, 7, 0 ;
0,173; 1.056551, -1.327933, 0.048611 / 1.056551, -1.327933, 0.048611 / 1.056551, -1.327933, 0.048611; 1, 16, 1, 0; 0.890478346942; 1, 0, 1; 1, 0, 0; 2, 1, 2 ;
0,173; 1.058073, -1.325159, 0.050776 / 1.058073, -1.325159, 0.050776 / 1.058073, -1.325159, 0.050776; 1, 16, 1, 0; 0.890479117108; 1, 0, 1; 1, 0, 0; 3, 1, 2 ;
0,173; 1.056120, -1.324274, 0.049721 / 1.056120, -1.324274, 0.049721 / 1.056120, -1.324274, 0.049721; 1, 16, 1, 0; 0.890479184079; 1, 0, 1; 1, 0, 0; 2, 3, 0 / 3, 1, 2 ;
0,173; 1.049262, -1.325584, 0.050168 / 1.049262, -1.325584, 0.050168 / 1.049262, -1.325584, 0.050168; 1, 16, 1, 0; 0.890491031246; 1, 0, 1; 1, 0, 0; 3, 1, 2 / 4, 1, 0 ;
1,175; 0.84925, 3.52243, -2.03343 / 0.84925, 3.52243, -2.03343 / 0.84925, 3.52243, -2.03343; 1, 4, 1, 0; 0.879992633696; 1, 0, 1; 1, 0, 0; 3, 1, 2 ;
0,175; -2.828658, -0.988207, 2.008583 / -2.827614, -0.987769, 2.008931 / -2.829702, -0.988646, 2.008236; 1, 30, 1, 0; 0.435988706013; 1, 0, 2; 1, 1, 0; 3, 1, 2 / 4, 9, 2 ;
0,175; -2.878950, -1.031204, 1.997007 / -2.878950, -1.031204, 1.997007 / -2.878950, -1.031204, 1.997007; 1, 30, 1, 0; 0.435880120480; 1, 0, 1; 1, 0, 0; 3, 1, 2 ;
0,175; -2.860761, -1.015320, 2.000183 / -2.860761, -1.015320, 2.000183 / -2.860761, -1.015320, 2.000183; 1, 30, 1, 0; 0.435892297022; 1, 0, 1; 1, 0, 0; 3, 1, 2 ;
0,175; -2.827299, -0.988461, 2.008232 / -2.826983, -0.988277, 2.008931 / -2.827614, -0.988646, 2.007533; 1, 30, 1, 0; 0.435988783943; 0, 1, 0; 1, 1, 0; 2, 4, 1 / 4, 1, 2 ;
0,175; -0.029792, 0.905842, 2.333513 / -0.029792, 0.905842, 2.333513 / -0.029792, 0.905842, 2.333513; 1, 31, 1, 0; 0.812928954778; 1, 0, 1; 1, 0, 0; 2, 1, 2 ;
1,176; 1.11598, -1.6376, 0.991706 / 1.11598, -1.6376, 0.991706 / 1.11598, -1.6376, 0.991706; 1, 22, 1, 0; 0.291447284940; 1, 0, 1; 0, 1, 0; 1, 1, 2 ;
1,179; 0.442192, -0.171222, 2.72979 / 0.442192, -0.171222, 2.72979 / 0.442192, -0.171222, 2.72979; 1, 34, 1, 0; 0.861666030549; 1, 0, 1; 0, 1, 0; 1, 1, 2 ;
0,179; 0.471075, -0.719643, 2.517020 / 0.471075, -0.719643, 2.517020 / 0.471075, -0.719643, 2.517020; 1, 34, 1, 0; 0.679573351893; 1, 0, 1; 1, 0, 0; 3, 1, 2 ;
0,179; 0.390808, 0.570622, 2.957468 / 0.390808, 0.570622, 2.957468 / 0.390808, 0.570622, 2.957468; 1, 39, 1, 0; 0.143942731416; 0, 1, 0; 1, 0, 0; 3, 1, 1 ;
1,180; 0.649394, 0.317593, 2.30484 / 0.649394, 0.317593, 2.30484 / 0.649394, 0.317593, 2.30484; 1, 31, 1, 0; 0.865297205956; 1, 0, 1; 0, 1, 0; 4, 1, 2 ;
0,180; -0.456715, 1.285187, 3.782659 / -0.456715, 1.285187, 3.782659 / -0.456715, 1.285187, 3.782659; 1, 46, 1, 0; 0.389530995420; 1, 0, 1; 0, 1, 0; 1, 1, 2 ;
0,180; -0.456134, 1.283900, 3.781955 / -0.456134, 1.283900, 3.781955 / -0.456134, 1.283900, 3.781955; 1, 46, 1, 0; 0.389531772787; 0, 1, 0; 1, 0, 0; 2, 1, 1 ;
1,181; 0.507059, -4.23047, -1.77571 / 0.507059, -4.23047, -1.77571 / 0.507059, -4.23047, -1.77571; 1, 8, 1, 0; 0.420152022794; 1, 0, 1; 1, 0, 0; 3, 1, 2 ;
0,181; 0.756280, -2.590715, -0.330497 / 0.756280, -2.590715, -0.330497 / 0.756280, -2.590715, -0.330497; 1, 9, 1, 0; 0.960711349805; 1, 0, 1; 0, 1, 0; 1, 1, 2 ;
0,181; 0.860727, -2.369438, -0.159262 / 0.860727, -2.369438, -0.159262 / 0.860727, -2.369438, -0.159262; 1, 15, 1, 0; 0.465130968454; 1, 0, 1; 0, 1, 0; 1, 1, 2 ;
0,181; 1.366775, -0.211459, 1.338863 / 1.366775, -0.211459, 1.338863 / 1.366775, -0.211459, 1.338863; 1, 23, 1, 0; 0.776528845003; 1, 0, 1; 1, 0, 0; 3, 1, 2 ;
0,181; 0.800239, 2.076821, 3.762093 / 0.800239, 2.076821, 3.762093 / 0.800239, 2.076821, 3.762093; 1, 46, 1, 0; 0.443516684300; 1, 0, 1; 1, 0, 0; 2, 1, 2 ;
1,183; -0.675125, -4.22728, -1.6542 / -0.675055, -4.22686, -1.65379 / -0.675194, -4.2277, -1.6546; 1, 8, 1, 0; 0.428944600069; 2, 1, 1; 1, 1, 0; 1, 1, 2 / 3, 6, 1 / 4, 9, 0 ;
0,183; 0.377326, 1.141758, 1.057424 / 0.377326, 1.141758, 1.057424 / 0.377326, 1.141758, 1.057424; 1, 25, 1, 0; 0.746947048991; 1, 0, 1; 0, 1, 0; 1, 1, 2 ;
0,183; 0.378692, 1.143475, 1.057132 / 0.378692, 1.143475, 1.057132 / 0.378692, 1.143475, 1.057132; 1, 25, 1, 0; 0.746946920406; 1, 0, 1; 1, 0, 0; 3, 1, 2 ;
0,183; 0.485863, 1.457734, 1.283600 / 0.485863, 1.457734, 1.283600 / 0.485863, 1.457734, 1.283600; 1, 26, 1, 0; 0.743387253011; 1, 0, 1; 1, 0, 0; 2, 1, 2 ;
1,185; 0.285168, -4.35633, 0.558671 / 0.285168, -4.35633, 0.558671 / 0.285168, -4.35633, 0.558671; 1, 15, 1, 0; 0.985784163238; 1, 0, 1; 1, 0, 0; 3, 1, 2 ;
1,187; 2.07573, 2.39887, 2.02476 / 2.07573, 2.39887, 2.02476 / 2.07573, 2.39887, 2.02476; 1, 28, 1, 0; 0.513647113316; 1, 0, 1; 1, 0, 0; 3, 1, 2 ;
0,187; 1.850315, 2.139349, 2.099232 / 1.850315, 2.139349, 2.099232 / 1.850315, 2.139349, 2.099232; 1, 28, 1, 0; 0.558573555737; 1, 0, 1; 1, 0, 0; 1, 2, 0 / 2, 1, 2 ;
0,187; -1.813790, -2.390182, 3.001457 / -1.813563, -2.389916, 3.001561 / -1.814017, -2.390448, 3.001353; 1, 35, 1, 0; 0.739671306709; 2, 1, 1; 1, 1, 0; 1, 5, 1 / 3, 1, 2 ;
0,187; -1.149086, -1.458496, 2.938012 / -1.149086, -1.458496, 2.938012 / -1.149086, -1.458496, 2.938012; 1, 35, 1, 0; 0.364226741175; 1, 0, 1; 0, 1, 0; 1, 1, 2 / 1, 3, 0 ;
0,187; -1.141946, -1.463186, 2.938122 / -1.141946, -1.463186, 2.938122 / -1.141946, -1.463186, 2.938122; 1, 35, 1, 0; 0.364223069848; 1, 0, 1; 1, 0, 0; 3, 1, 2 ;
0,187; -1.145239, -1.461907, 2.935683 / -1.145239, -1.461907, 2.935683 / -1.145239, -1.461907, 2.935683; 1, 35, 1, 0; 0.364224499733; 1, 0, 1; 1, 0, 0; 2, 1, 2 / 2, 3, 0 / 4, 2, 0 ;
0,187; -1.150736, -1.455889, 2.937310 / -1.150736, -1.455889, 2.937310 / -1.150736, -1.455889, 2.937310; 1, 35, 1, 0; 0.364228286997; 1, 0, 1; 1, 0, 0; 2, 1, 2 / 4, 1, 0 ;
0,187; -1.153986, -1.450513, 2.945596 / -1.153986, -1.450513, 2.945596 / -1.153986, -1.450513, 2.945596; 1, 35, 1, 0; 0.364253277787; 1, 0, 1; 1, 0, 0; 2, 1, 2 / 3, 4, 0 / 3, 5, 0 ;
1,188; 0.260247, 1.65209, -2.34728 / 0.260247, 1.65209, -2.34728 / 0.260247, 1.65209, -2.34728; 1, 4, 1, 0; 0.370458838558; 1, 0, 1; 1, 0, 0; 2, 1, 2 / 4, 8, 0 ;
0,188; 0.128214, 4.413105, 0.412191 / 0.128214, 4.413105, 0.412191 / 0.128214, 4.413105, 0.412191; 1, 25, 1, 0; 0.318958853028; 1, 0, 1; 1, 0, 0; 2, 1, 2 ;
1,189; -1.59797, -0.164233, -1.10719 / -1.59797, -0.164233, -1.10719 / -1.59797, -0.164233, -1.10719; 1, 10, 1, 0; 0.183003386839; 1, 0, 1; 1, 0, 0; 2, 1, 2 ;
0,189; -1.446082, 1.334563, 1.417665 / -1.446082, 1.334563, 1.417665 / -1.446082, 1.334563, 1.417665; 1, 26, 1, 0; 0.766052033775; 1, 0, 1; 1, 0, 0; 3, 1, 2 ;
0,189; -1.434142, 1.415304, 1.572703 / -1.434142, 1.415304, 1.572703 / -1.434142, 1.415304, 1.572703; 1, 29, 1, 0; 0.289459303073; 1, 0, 1; 0, 1, 0; 4, 1, 2 ;
0,189; -1.475886, 2.038427, 2.682768 / -1.475886, 2.038427, 2.682768 / -1.475886, 2.038427, 2.682768; 1, 37, 1, 0; 0.437605025809; 1, 0, 1; 1, 0, 0; 3, 1, 2 ;
1,190; -0.0560529, -1.25769, -2.33474 / -0.0560529, -1.25769, -2.33474 / -0.0560529, -1.25769, -2.33474; 1, 3, 1, 0; 0.852877803165; 1, 0, 1; 1, 0, 0; 3, 1, 2 ;
0,190; -1.788119, -0.731224, -1.214911 / -1.788050, -0.731147, -1.214816 / -1.788187, -0.731302, -1.215007; 1, 10, 1, 0; 0.133176843405; 0, 2, 0; 2, 0, 0; 2, 6, 1 / 3, 1, 1 ;
1,191; 1.47002, 0.283848, -1.09655 / 1.47002, 0.283848, -1.09655 / 1.47002, 0.283848, -1.09655; 1, 11, 1, 0; 0.737713920664; 1, 0, 1; 0, 1, 0; 4, 1, 2 ;
0,191; 1.467249, 0.288854, -1.094721 / 1.467249, 0.288854, -1.094721 / 1.467249, 0.288854, -1.094721; 1, 11, 1, 0; 0.737723092698; 1, 0, 1; 1, 0, 0; 2, 1, 2 ;
1,192; -1.57744, -0.316125, -1.67953 / -1.57744, -0.316125, -1.67953 / -1.57744, -0.316125, -1.67953; 1, 6, 1, 0; 0.804515286694; 1, 0, 1; 1, 0, 0; 3, 1, 2 ;
0,192; 1.300445, 0.354370, 1.368569 / 1.300445, 0.354370, 1.368569 / 1.300445, 0.354370, 1.368569; 1, 26, 1, 0; 0.895780592345; 1, 0, 1; 1, 0, 0; 2, 1, 2 ;
1,193; 3.36003, -0.994088, -1.98997 / 3.36003, -0.994088, -1.98997 / 3.36003, -0.994088, -1.98997; 1, 8, 1, 0; 0.109583659327; 1, 0, 1; 1, 0, 0; 2, 1, 2 ;
1,195; 3.21108, 1.53984, -2.25906 / 3.21108, 1.53984, -2.25906 / 3.21108, 1.53984, -2.25906; 1, 4, 1, 0; 0.399851408584; 1, 0, 1; 1, 0, 0; 2, 1, 2 ;
1,196; 0.392002, 3.65905, -1.06464 / 0.392002, 3.65905, -1.06464 / 0.392002, 3.65905, -1.06464; 1, 7, 1, 0; 0.775685746604; 1, 0, 1; 0, 1, 0; 1, 9, 0 / 4, 1, 2 ;
0,196; -0.423938, 1.671886, 0.142608 / -0.423938, 1.671886, 0.142608 / -0.423938, 1.671886, 0.142608; 1, 17, 1, 0; 0.641442869139; 0, 1, 0; 1, 0, 0; 3, 1, 1 ;
0,196; -1.036349, -0.394158, 2.332192 / -1.036349, -0.394158, 2.332192 / -1.036349, -0.394158, 2.332192; 1, 31, 1, 0; 0.992956395105; 1, 0, 1; 1, 0, 0; 3, 1, 2 ;
0,196; -1.264367, -0.953440, 2.976831 / -1.264236, -0.952647, 2.977691 / -1.264498, -0.954233, 2.975970; 1, 35, 1, 0; 0.289480629562; 0, 3, 0; 1, 2, 0; 1, 1, 1 / 1, 5, 1 / 2, 1, 1 ;
0,196; -1.257156, -0.954461, 2.973512 / -1.257156, -0.954461, 2.973512 / -1.257156, -0.954461, 2.973512; 1, 35, 1, 0; 0.289478194892; 1, 0, 1; 1, 0, 0; 3, 1, 2 ;
0,196; -1.260850, -0.952297, 2.973611 / -1.260850, -0.952297, 2.973611 / -1.260850, -0.952297, 2.973611; 1, 35, 1, 0; 0.289480384807; 1, 0, 1; 1, 0, 0; 1, 6, 0 / 2, 8, 0 / 3, 1, 2 ;
0,196; -1.263298, -0.952848, 2.976186 / -1.262349, -0.952647, 2.976402 / -1.264247, -0.953050, 2.975970; 1, 35, 1, 0; 0.289480552271; 1, 0, 1; 2, 1, 0; 1, 1, 0 / 1, 7, 1 / 2, 1, 2 / 2, 7, 1 ;
1,197; -0.116653, -0.140907, -2.98326 / -0.116653, -0.140907, -2.98326 / -0.116653, -0.140907, -2.98326; 1, 2, 1, 0; 0.543661625990; 1, 0, 1; 1, 0, 0; 3, 1, 2 ;
1,198; -0.276962, 3.28111, 0.143947 / -0.27676, 3.28129, 0.144095 / -0.277163, 3.28093, 0.143798; 1, 17, 1, 0; 0.503270632642; 2, 1, 1; 1, 1, 0; 1, 3, 1 / 2, 1, 2 ;
0,198; -0.273747, 3.278576, 0.147046 / -0.273747, 3.278576, 0.147046 / -0.273747, 3.278576, 0.147046; 1, 17, 1, 0; 0.503271385888; 1, 0, 1; 1, 0, 0; 3, 1, 2 ;
0,198; 0.714952, 3.028802, 1.154041 / 0.714952, 3.028802, 1.154041 / 0.714952, 3.028802, 1.154041; 1, 25, 1, 0; 0.940388101667; 0, 1, 0; 1, 0, 0; 3, 1, 1 ;
1,199; 0.800905, 3.41337, 0.690635 / 0.800905, 3.41337, 0.690635 / 0.800905, 3.41337, 0.690635; 1, 25, 1, 0; 0.462633337619; 1, 0, 1; 1, 0, 0; 2, 1, 2 ;
0,199; -0.058520, 2.092714, 1.760531 / -0.058520, 2.092714, 1.760531 / -0.058520, 2.092714, 1.760531; 1, 29, 1, 0; 0.324510220503; 1, 0, 1; 1, 0, 0; 2, 1, 2 ;
0,199; 0.398132, 2.659220, 1.244204 / 0.398132, 2.659220, 1.244204 / 0.398132, 2.659220, 1.244204; 1, 30, 1, 0; 0.033287500828; 1, 0, 1; 1, 0, 0; 3, 1, 2 ;
0,199; 0.395014, 2.660928, 1.243359 / 0.395014, 2.660928, 1.243359 / 0.395014, 2.660928, 1.243359; 1, 30, 1, 0; 0.033305424698; 1, 0, 1; 1, 0, 0; 3, 1, 2 ;
0,199; -0.900808, 1.254594, 2.619472 / -0.900808, 1.254594, 2.619472 / -0.900808, 1.254594, 2.619472; 1, 38, 1, 0; 0.819333810932; 1, 0, 1; 0, 1, 0; 1, 1, 2 ;
0,199; -2.386701, -0.180575, 3.971709 / -2.386701, -0.180575, 3.971709 / -2.386701, -0.180575, 3.971709; 1, 46, 1, 0; 0.154448594611; 1, 0, 1; 1, 0, 0; 3, 1, 2 / 4, 7, 0 ;
