1,0; -1.75024, -2.15876, 2.49477 / -1.75024, -2.15876, 2.49477 / -1.75024, -2.15876, 2.49477; 1, 36, 1, 0; 0.662255663505; 0, 0, 0; 1, 0, 0; 3, 1, 3 ;
0,0; -1.749462, -2.161177, 2.492212 / -1.749462, -2.161177, 2.492212 / -1.749462, -2.161177, 2.492212; 1, 36, 1, 0; 0.662257351028; 1, 0, 1; 1, 0, 0; 2, 1, 2 ;
1,1; -0.197175, 2.6652, -0.288052 / -0.197167, 2.66539, -0.287902 / -0.197184, 2.66502, -0.288203; 1, 17, 1, 0; 0.177657072554; 1, 0, 2; 2, 0, 0; 2, 1, 2 / 2, 2, 2 ;
1,2; -0.753723, 3.85218, -1.40159 / -0.753723, 3.85218, -1.40159 / -0.753723, 3.85218, -1.40159; 1, 7, 1, 0; 0.225196286285; 1, 0, 1; 1, 0, 0; 3, 1, 2 ;
0,2; -1.773235, 3.183377, -0.708592 / -1.773235, 3.183377, -0.708592 / -1.773235, 3.183377, -0.708592; 1, 14, 1, 0; 0.153198353405; 1, 0, 1; 1, 0, 0; 2, 1, 2 ;
1,3; -3.48365, 2.07756, -1.15045 / -3.48365, 2.07756, -1.15045 / -3.48365, 2.07756, -1.15045; 1, 7, 1, 0; 0.591029709107; 1, 0, 1; 1, 0, 0; 2, 1, 2 ;
0,3; -3.422935, 1.360360, -0.739738 / -3.422935, 1.360360, -0.739738 / -3.422935, 1.360360, -0.739738; 1, 7, 1, 0; 0.964772704726; 1, 0, 1; 1, 0, 0; 2, 1, 2 ;
0,3; -3.432512, 0.293581, -0.099384 / -3.432512, 0.293581, -0.099384 / -3.432512, 0.293581, -0.099384; 1, 14, 1, 0; 0.368104402943; 0, 1, 0; 1, 0, 0; 3, 1, 1 ;
0,3; -3.481986, -0.681074, 0.413838 / -3.481986, -0.681074, 0.413838 / -3.481986, -0.681074, 0.413838; 1, 21, 1, 0; 0.115853931293; 1, 0, 1; 1, 0, 0; 2, 1, 2 ;
1,4; -1.10345, -1.39956, -3.80376 / -1.10345, -1.39956, -3.80376 / -1.10345, -1.39956, -3.80376; 1, 1, 1, 0; 0.373896564872; 1, 0, 1; 1, 0, 0; 2, 1, 2 ;
1,5; 2.35834, 2.77682, -2.04841 / 2.35834, 2.77682, -2.04841 / 2.35834, 2.77682, -2.04841; 1, 4, 1, 0; 0.810176082077; 1, 0, 1; 1, 0, 0; 2, 1, 2 ;
0,5; 3.194365, 2.108181, 1.358896 / 3.194365, 2.108181, 1.358896 / 3.194365, 2.108181, 1.358896; 1, 28, 1, 0; 0.166297552746; 1, 0, 1; 1, 0, 0; 2, 1, 2 ;
1,6; 2.74369, -0.372968, -0.743847 / 2.74369, -0.372968, -0.743847 / 2.74369, -0.372968, -0.743847; 1, 12, 1, 0; 0.493985543319; 1, 0, 1; 1, 0, 0; 3, 1, 2 ;
0,6; 3.274715, -2.463464, 0.147961 / 3.274715, -2.463464, 0.147961 / 3.274715, -2.463464, 0.147961; 1, 15, 1, 0; 0.693890773006; 1, 0, 1; 1, 0, 0; 3, 1, 2 ;
0,6; 3.457569, -3.047958, 0.425207 / 3.457569, -3.047958, 0.425207 / 3.457569, -3.047958, 0.425207; 1, 19, 1, 0; 0.292428468745; 1, 0, 1; 1, 0, 0; 2, 1, 2 ;
1,7; -3.95826, 0.394716, -0.396909 / -3.95826, 0.394716, -0.396909 / -3.95826, 0.394716, -0.396909; 1, 10, 1, 0; 0.709537137364; 0, 1, 0; 1, 0, 0; 2, 4, 0 / 3, 1, 1 / 4, 1, 0 ;
1,8; -3.23384, 0.803557, -1.11297 / -3.23384, 0.803557, -1.11297 / -3.23384, 0.803557, -1.11297; 1, 10, 1, 0; 0.261533166587; 1, 0, 1; 1, 0, 0; 3, 1, 2 ;
0,8; -2.457629, 1.963260, -0.137515 / -2.457629, 1.963260, -0.137515 / -2.457629, 1.963260, -0.137515; 1, 14, 1, 0; 0.525137435788; 1, 0, 1; 1, 0, 0; 3, 1, 2 ;
1,9; -2.5318, 1.04782, -1.71748 / -2.5318, 1.04782, -1.71748 / -2.5318, 1.04782, -1.71748; 1, 6, 1, 0; 0.696031698655; 1, 0, 1; 0, 1, 0; 4, 1, 2 ;
0,9; -2.246213, 1.075948, -1.723198 / -2.246213, 1.075948, -1.723198 / -2.246213, 1.075948, -1.723198; 1, 6, 1, 0; 0.698125090056; 1, 0, 1; 0, 1, 0; 1, 1, 2 ;
0,9; -2.530519, 1.051314, -1.712189 / -2.529837, 1.051809, -1.711930 / -2.531201, 1.050820, -1.712448; 1, 6, 1, 0; 0.696030919397; 1, 0, 2; 2, 0, 0; 2, 1, 2 / 2, 7, 2 ;
0,9; -2.244690, 1.075931, -1.722473 / -2.244690, 1.075931, -1.722473 / -2.244690, 1.075931, -1.722473; 1, 6, 1, 0; 0.698125143967; 1, 0, 1; 1, 0, 0; 3, 1, 2 ;
0,9; -1.019830, 1.198528, -1.763028 / -1.019830, 1.198528, -1.763028 / -1.019830, 1.198528, -1.763028; 1, 6, 1, 0; 0.705903189666; 1, 0, 1; 1, 0, 0; 2, 1, 2 ;
1,10; -2.16909, -3.10576, -1.59371 / -2.16909, -3.10576, -1.59371 / -2.16909, -3.10576, -1.59371; 1, 9, 1, 0; 0.032106771948; 1, 0, 1; 0, 1, 0; 1, 1, 2 ;
0,10; -2.340821, -0.930746, -0.990393 / -2.340821, -0.930746, -0.990393 / -2.340821, -0.930746, -0.990393; 1, 10, 1, 0; 0.123674758531; 1, 0, 1; 0, 1, 0; 4, 1, 2 ;
0,10; -2.343523, -0.937863, -0.980368 / -2.343523, -0.937863, -0.980368 / -2.343523, -0.937863, -0.980368; 1, 10, 1, 0; 0.123684247520; 0, 1, 0; 1, 0, 0; 3, 1, 1 ;
0,10; -2.337611, -0.934542, -0.985439 / -2.337611, -0.934542, -0.985439 / -2.337611, -0.934542, -0.985439; 1, 10, 1, 0; 0.123684836865; 1, 0, 1; 1, 0, 0; 2, 1, 2 ;
0,10; -2.695842, 1.811318, -0.158226 / -2.695842, 1.811318, -0.158226 / -2.695842, 1.811318, -0.158226; 1, 14, 1, 0; 0.494995685320; 1, 0, 1; 0, 1, 0; 1, 1, 2 ;
0,10; -2.718550, 1.997769, -0.097050 / -2.718550, 1.997769, -0.097050 / -2.718550, 1.997769, -0.097050; 1, 14, 1, 0; 0.523181648639; 1, 0, 1; 1, 0, 0; 2, 1, 2 ;
1,11; 1.57264, -2.35485, -1.37033 / 1.57304, -2.35373, -1.37006 / 1.57225, -2.35596, -1.3706; 1, 8, 1, 0; 0.603325013474; 0, 1, 0; 1, 1, 0; 1, 1, 1 / 3, 9, 3 ;
0,11; 1.559968, -2.355952, -1.372628 / 1.559968, -2.355952, -1.372628 / 1.559968, -2.355952, -1.372628; 1, 8, 1, 0; 0.603322037348; 1, 0, 1; 1, 0, 0; 3, 1, 2 ;
0,11; 2.564674, 0.225530, -0.658215 / 2.564674, 0.225530, -0.658215 / 2.564674, 0.225530, -0.658215; 1, 12, 1, 0; 0.436026346567; 1, 0, 1; 0, 1, 0; 4, 1, 2 ;
1,13; -1.45806, 0.0779963, -2.61285 / -1.45806, 0.0779963, -2.61285 / -1.45806, 0.0779963, -2.61285; 1, 2, 1, 0; 0.902116997174; 1, 0, 1; 1, 0, 0; 2, 1, 2 ;
0,13; -1.410157, 0.184748, -2.189637 / -1.409768, 0.185029, -2.189231 / -1.410546, 0.184466, -2.190043; 1, 6, 1, 0; 0.315729032808; 1, 0, 2; 2, 0, 0; 1, 1, 0 / 1, 6, 0 / 2, 1, 2 / 2, 4, 2 / 3, 2, 0 / 3, 6, 0 / 4, 1, 0 / 4, 4, 0 ;
0,13; -1.057839, 0.929813, 0.409806 / -1.057839, 0.929813, 0.409806 / -1.057839, 0.929813, 0.409806; 1, 17, 1, 0; 0.855718330920; 1, 0, 1; 1, 0, 0; 2, 1, 2 ;
0,13; -0.529907, 1.438213, 3.042919 / -0.529907, 1.438213, 3.042919 / -0.529907, 1.438213, 3.042919; 1, 39, 1, 0; 0.590897799780; 1, 0, 1; 0, 1, 0; 4, 1, 2 ;
0,13; -0.534677, 1.447920, 3.041373 / -0.534677, 1.447920, 3.041373 / -0.534677, 1.447920, 3.041373; 1, 39, 1, 0; 0.590927628477; 1, 0, 1; 0, 1, 0; 1, 1, 2 ;
1,15; -2.84675, -0.662459, 2.95971 / -2.84675, -0.662459, 2.95971 / -2.84675, -0.662459, 2.95971; 1, 36, 1, 0; 0.822515554834; 1, 0, 1; 1, 0, 0; 3, 1, 2 ;
1,16; 0.0859967, 4.58148, -0.143813 / 0.0859967, 4.58148, -0.143813 / 0.0859967, 4.58148, -0.143813; 1, 17, 1, 0; 0.350847861202; 1, 0, 1; 1, 0, 0; 2, 1, 2 ;
1,18; 1.4304, -3.21531, -0.805096 / 1.4304, -3.21531, -0.805096 / 1.4304, -3.21531, -0.805096; 1, 9, 1, 0; 0.667489775681; 1, 0, 1; 1, 0, 0; 3, 1, 2 ;
0,18; 0.449423, -4.048238, -0.663089 / 0.449423, -4.048238, -0.663089 / 0.449423, -4.048238, -0.663089; 1, 9, 1, 0; 0.740660082227; 1, 0, 1; 1, 0, 0; 3, 1, 2 ;
0,18; 3.952836, -1.427055, -1.097765 / 3.952836, -1.427055, -1.097765 / 3.952836, -1.427055, -1.097765; 1, 12, 1, 0; 0.128144319633; 1, 0, 1; 1, 0, 0; 2, 1, 2 ;
1,19; -1.07309, 2.17576, -1.11213 / -1.07309, 2.17576, -1.11213 / -1.07309, 2.17576, -1.11213; 1, 7, 1, 0; 0.644776529714; 1, 0, 1; 1, 0, 0; 3, 1, 2 ;
0,19; -1.072800, 2.179098, -1.107266 / -1.072800, 2.179098, -1.107266 / -1.072800, 2.179098, -1.107266; 1, 7, 1, 0; 0.644777035962; 1, 0, 1; 1, 0, 0; 2, 1, 2 ;
0,19; -1.067258, 2.185924, -1.098738 / -1.067258, 2.185924, -1.098738 / -1.067258, 2.185924, -1.098738; 1, 7, 1, 0; 0.644786813203; 1, 0, 1; 1, 0, 0; 2, 1, 2 / 2, 6, 0 ;
0,19; -0.822101, 2.266794, -0.812526 / -0.822101, 2.266794, -0.812526 / -0.822101, 2.266794, -0.812526; 1, 7, 1, 0; 0.869073954188; 1, 0, 1; 1, 0, 0; 3, 1, 2 ;
0,19; 0.868033, 3.790668, 2.065969 / 0.868894, 3.790853, 2.066442 / 0.867173, 3.790483, 2.065495; 1, 31, 1, 0; 0.260494553794; 2, 2, 1; 1, 2, 1; 1, 1, 1 / 2, 6, 2 / 4, 3, 1 ;
0,19; 0.867627, 3.790951, 2.065701 / 0.868082, 3.791418, 2.066442 / 0.867173, 3.790483, 2.064959; 1, 31, 1, 0; 0.260494575826; 0, 1, 0; 1, 2, 1; 1, 9, 1 / 2, 4, 2 / 4, 1, 1 ;
1,20; -0.283655, 1.07839, -0.756076 / -0.283655, 1.07839, -0.756076 / -0.283655, 1.07839, -0.756076; 1, 13, 1, 0; 0.324128108447; 1, 0, 1; 0, 1, 0; 4, 1, 2 ;
0,20; -0.285156, 1.075506, -0.755070 / -0.285156, 1.075506, -0.755070 / -0.285156, 1.075506, -0.755070; 1, 13, 1, 0; 0.324128022276; 1, 0, 1; 1, 0, 0; 2, 1, 2 ;
0,20; -0.278522, 1.079008, -0.752930 / -0.278522, 1.079008, -0.752930 / -0.278522, 1.079008, -0.752930; 1, 13, 1, 0; 0.324128927067; 1, 0, 1; 1, 0, 0; 3, 1, 2 ;
1,21; 0.177884, -0.422744, -2.9971 / 0.177884, -0.422744, -2.9971 / 0.177884, -0.422744, -2.9971; 1, 2, 1, 0; 0.503383182398; 1, 0, 1; 0, 1, 0; 1, 1, 2 / 4, 1, 0 ;
0,21; 0.260898, -0.366247, -2.896482 / 0.260898, -0.366247, -2.896482 / 0.260898, -0.366247, -2.896482; 1, 2, 1, 0; 0.504238455964; 1, 0, 1; 0, 1, 0; 4, 1, 2 / 4, 6, 0 ;
0,21; 0.289665, -0.337076, -2.867021 / 0.289665, -0.337076, -2.867021 / 0.289665, -0.337076, -2.867021; 1, 2, 1, 0; 0.505012075632; 1, 0, 1; 0, 1, 0; 1, 1, 2 ;
0,21; 0.210414, -0.391218, -2.955809 / 0.210414, -0.391218, -2.955809 / 0.210414, -0.391218, -2.955809; 1, 2, 1, 0; 0.504168877698; 1, 0, 1; 1, 0, 0; 2, 1, 2 ;
0,21; -0.748086, 1.089784, -2.014295 / -0.748086, 1.089784, -2.014295 / -0.748086, 1.089784, -2.014295; 1, 4, 1, 0; 0.673564823882; 1, 0, 1; 1, 0, 0; 3, 1, 2 ;
0,21; -0.860404, 1.247870, -1.849788 / -0.860404, 1.247870, -1.849788 / -0.860404, 1.247870, -1.849788; 1, 7, 1, 0; 0.006954906058; 0, 1, 0; 1, 0, 0; 1, 1, 0 / 2, 1, 1 ;
0,21; -0.861202, 1.251349, -1.851061 / -0.861202, 1.251349, -1.851061 / -0.861202, 1.251349, -1.851061; 1, 7, 1, 0; 0.006955509465; 1, 0, 1; 1, 0, 0; 2, 1, 2 / 4, 1, 0 ;
0,21; -0.853989, 1.256809, -1.851058 / -0.853989, 1.256809, -1.851058 / -0.853989, 1.256809, -1.851058; 1, 7, 1, 0; 0.006955908327; 1, 0, 1; 1, 0, 0; 3, 1, 2 ;
1,23; -0.0172323, -4.36582, -1.0099 / -0.0171503, -4.36559, -1.0094 / -0.0173144, -4.36605, -1.01039; 1, 8, 1, 0; 0.997802590764; 1, 0, 2; 1, 1, 0; 1, 1, 2 / 3, 5, 2 ;
0,23; 0.130826, -4.492502, -1.069866 / 0.130826, -4.492502, -1.069866 / 0.130826, -4.492502, -1.069866; 1, 8, 1, 0; 0.995282302479; 1, 0, 1; 1, 0, 0; 2, 1, 2 ;
0,23; -0.017257, -4.366529, -1.012958 / -0.017257, -4.366529, -1.012958 / -0.017257, -4.366529, -1.012958; 1, 8, 1, 0; 0.997802662355; 1, 0, 1; 1, 0, 0; 2, 1, 2 ;
0,23; -1.490594, -3.535399, 0.012093 / -1.490594, -3.535399, 0.012093 / -1.490594, -3.535399, 0.012093; 1, 16, 1, 0; 0.980306191333; 1, 0, 1; 0, 1, 0; 1, 1, 2 ;
1,24; 1.48632, -3.56772, -1.41629 / 1.48632, -3.56772, -1.41629 / 1.48632, -3.56772, -1.41629; 1, 8, 1, 0; 0.485443315016; 1, 0, 1; 0, 1, 0; 1, 1, 2 / 4, 5, 0 ;
0,24; 1.589347, -1.942312, -0.840805 / 1.589347, -1.942312, -0.840805 / 1.589347, -1.942312, -0.840805; 1, 11, 1, 0; 0.971834721440; 1, 0, 1; 0, 1, 0; 4, 1, 2 ;
0,24; 0.705977, 3.629585, 2.529342 / 0.706117, 3.630072, 2.529651 / 0.705836, 3.629097, 2.529034; 1, 38, 1, 0; 0.288712932518; 2, 1, 1; 2, 0, 0; 2, 1, 1 / 2, 5, 2 ;
1,26; 0.815995, -1.55751, 3.54313 / 0.816804, -1.55684, 3.54398 / 0.815185, -1.55819, 3.54227; 1, 43, 1, 0; 0.621427046066; 2, 2, 2; 2, 2, 0; 1, 1, 2 / 1, 10, 1 / 2, 1, 2 / 3, 8, 1 ;
0,26; 0.818719, -1.559135, 3.539036 / 0.819792, -1.558847, 3.539529 / 0.817647, -1.559423, 3.538544; 1, 43, 1, 0; 0.621426610248; 1, 0, 2; 2, 0, 0; 3, 1, 2 / 3, 10, 2 ;
0,26; 0.830154, -1.572514, 3.536250 / 0.830154, -1.572514, 3.536250 / 0.830154, -1.572514, 3.536250; 1, 43, 1, 0; 0.621402778933; 1, 0, 1; 1, 0, 0; 3, 1, 2 ;
0,26; 0.815995, -1.557254, 3.544747 / 0.816804, -1.556836, 3.545706 / 0.815185, -1.557672, 3.543789; 1, 43, 1, 0; 0.621427184735; 1, 0, 1; 2, 1, 0; 1, 3, 1 / 2, 9, 2 / 3, 1, 1 ;
1,27; -1.71005, -3.11945, -0.767811 / -1.71005, -3.11945, -0.767811 / -1.71005, -3.11945, -0.767811; 1, 9, 1, 0; 0.646545277890; 1, 0, 1; 1, 0, 0; 3, 1, 2 ;
0,27; 0.374767, -1.074908, -0.714763 / 0.374767, -1.074908, -0.714763 / 0.374767, -1.074908, -0.714763; 1, 16, 1, 0; 0.009610490067; 1, 0, 1; 1, 0, 0; 3, 1, 2 ;
0,27; 0.378169, -1.069337, -0.710692 / 0.378169, -1.069337, -0.710692 / 0.378169, -1.069337, -0.710692; 1, 16, 1, 0; 0.009623248039; 1, 0, 1; 1, 0, 0; 3, 1, 2 ;
1,29; 0.144417, -0.482137, -3.46268 / 0.144417, -0.482137, -3.46268 / 0.144417, -0.482137, -3.46268; 1, 1, 1, 0; 0.781629965130; 1, 0, 1; 1, 0, 0; 3, 1, 2 / 3, 2, 0 ;
1,31; -1.74071, 1.26313, -3.07282 / -1.74071, 1.26313, -3.07282 / -1.74071, 1.26313, -3.07282; 1, 2, 1, 0; 0.681528352620; 1, 0, 1; 0, 1, 0; 1, 1, 2 ;
0,31; -1.721229, 1.254138, -3.065557 / -1.721229, 1.254138, -3.065557 / -1.721229, 1.254138, -3.065557; 1, 2, 1, 0; 0.681516083176; 1, 0, 1; 1, 0, 0; 3, 1, 2 ;
0,31; 1.492264, 1.174334, -1.098598 / 1.492264, 1.174334, -1.098598 / 1.492264, 1.174334, -1.098598; 1, 11, 1, 0; 0.855596371010; 1, 0, 1; 0, 1, 0; 4, 1, 2 ;
0,31; 2.892120, 1.174910, -0.113523 / 2.892120, 1.174910, -0.113523 / 2.892120, 1.174910, -0.113523; 1, 13, 1, 0; 0.878845216860; 0, 1, 0; 1, 0, 0; 2, 1, 1 ;
0,31; 4.077536, 1.084119, 0.508984 / 4.077689, 1.084816, 0.509480 / 4.077384, 1.083422, 0.508487; 1, 19, 1, 0; 0.746570534792; 2, 1, 2; 2, 1, 0; 2, 5, 2 / 3, 1, 2 / 4, 2, 0 / 4, 8, 1 / 4, 9, 0 ;
0,31; 4.079137, 1.076759, 0.514585 / 4.079232, 1.077133, 0.514660 / 4.079043, 1.076386, 0.514509; 1, 19, 1, 0; 0.746558205558; 2, 1, 1; 1, 1, 0; 1, 1, 1 / 2, 1, 2 ;
0,31; 4.086758, 1.072966, 0.527465 / 4.086758, 1.072966, 0.527465 / 4.086758, 1.072966, 0.527465; 1, 19, 1, 0; 0.746561380064; 1, 0, 1; 1, 0, 0; 3, 1, 2 ;
0,31; 4.076550, 1.087492, 0.509572 / 4.076550, 1.087492, 0.509572 / 4.076550, 1.087492, 0.509572; 1, 19, 1, 0; 0.746570455249; 1, 0, 1; 1, 0, 0; 3, 1, 2 ;
1,32; 3.3759, -0.321062, -2.84755 / 3.37679, -0.320633, -2.84731 / 3.37501, -0.321492, -2.84779; 1, 3, 1, 0; 0.302551896582; 1, 0, 2; 2, 0, 0; 2, 1, 2 / 2, 9, 2 ;
0,32; 2.800531, -0.766293, -3.340100 / 2.800531, -0.766293, -3.340100 / 2.800531, -0.766293, -3.340100; 1, 3, 1, 0; 0.157397494328; 0, 1, 0; 1, 0, 0; 2, 1, 1 ;
1,33; 0.0964176, 2.90485, -0.973898 / 0.0964176, 2.90485, -0.973898 / 0.0964176, 2.90485, -0.973898; 1, 7, 1, 0; 0.710647619457; 0, 1, 0; 1, 0, 0; 2, 1, 1 ;
0,33; 0.131374, 2.804600, -0.916582 / 0.131374, 2.804600, -0.916582 / 0.131374, 2.804600, -0.916582; 1, 13, 1, 0; 0.269414274512; 1, 0, 1; 1, 0, 0; 2, 1, 2 ;
0,33; 0.474746, 1.882679, -0.491593 / 0.474746, 1.882679, -0.491593 / 0.474746, 1.882679, -0.491593; 1, 13, 1, 0; 0.465385625284; 1, 0, 1; 1, 0, 0; 3, 1, 2 ;
0,33; 2.060220, -1.644314, 0.749566 / 2.060220, -1.644314, 0.749566 / 2.060220, -1.644314, 0.749566; 1, 19, 1, 0; 0.851164096690; 1, 0, 1; 1, 0, 0; 2, 3, 0 / 3, 1, 2 / 4, 5, 0 ;
0,33; 2.056751, -1.646257, 0.760097 / 2.056751, -1.646257, 0.760097 / 2.056751, -1.646257, 0.760097; 1, 19, 1, 0; 0.851177206897; 1, 0, 1; 1, 0, 0; 3, 1, 2 ;
1,34; -0.794507, 3.68666, -1.37367 / -0.794507, 3.68666, -1.37367 / -0.794507, 3.68666, -1.37367; 1, 7, 1, 0; 0.249237600240; 1, 0, 1; 1, 0, 0; 3, 1, 2 / 4, 3, 0 ;
0,34; -0.803211, 3.687092, -1.374198 / -0.803211, 3.687092, -1.374198 / -0.803211, 3.687092, -1.374198; 1, 7, 1, 0; 0.249239072962; 1, 0, 1; 1, 0, 0; 3, 1, 2 ;
0,34; 1.318304, -1.394712, 3.644609 / 1.318304, -1.394712, 3.644609 / 1.318304, -1.394712, 3.644609; 1, 43, 1, 0; 0.416965776410; 1, 0, 1; 1, 0, 0; 3, 1, 2 ;
1,35; 3.17988, 0.493884, -2.52036 / 3.17988, 0.493884, -2.52036 / 3.17988, 0.493884, -2.52036; 1, 3, 1, 0; 0.672872371120; 0, 1, 0; 0, 1, 0; 1, 1, 1 ;
0,35; 2.527571, 1.017506, -2.242955 / 2.527571, 1.017506, -2.242955 / 2.527571, 1.017506, -2.242955; 1, 4, 1, 0; 0.409160676507; 1, 0, 1; 0, 1, 0; 1, 1, 2 ;
0,35; 0.104718, 2.865677, -1.079907 / 0.104718, 2.865677, -1.079907 / 0.104718, 2.865677, -1.079907; 1, 7, 1, 0; 0.710752254339; 1, 0, 1; 1, 0, 0; 2, 1, 2 ;
1,36; -0.884669, -1.02726, 1.04614 / -0.884669, -1.02726, 1.04614 / -0.884669, -1.02726, 1.04614; 1, 23, 1, 0; 0.399385115851; 0, 0, 0; 0, 1, 0; 4, 1, 3 ;
0,36; -1.048960, -3.901552, 1.681331 / -1.048960, -3.901552, 1.681331 / -1.048960, -3.901552, 1.681331; 1, 32, 1, 0; 0.008469488471; 1, 0, 1; 0, 1, 0; 1, 1, 2 ;
0,36; -1.048280, -3.901074, 1.677264 / -1.047799, -3.900832, 1.677545 / -1.048762, -3.901316, 1.676984; 1, 32, 1, 0; 0.008470909508; 1, 0, 2; 2, 0, 0; 2, 3, 2 / 3, 1, 2 / 4, 3, 0 ;
0,36; -1.047099, -3.902548, 1.687311 / -1.047099, -3.902548, 1.687311 / -1.047099, -3.902548, 1.687311; 1, 32, 1, 0; 0.008468970729; 1, 0, 1; 1, 0, 0; 3, 1, 2 ;
0,36; -1.046919, -3.902095, 1.682278 / -1.046919, -3.902095, 1.682278 / -1.046919, -3.902095, 1.682278; 1, 32, 1, 0; 0.008469345266; 1, 0, 1; 1, 0, 0; 1, 4, 0 / 2, 1, 2 ;
1,39; 2.75132, -0.480321, -2.2682 / 2.75132, -0.480321, -2.2682 / 2.75132, -0.480321, -2.2682; 1, 3, 1, 0; 0.787633615010; 1, 0, 1; 1, 0, 0; 3, 1, 2 ;
0,39; 3.942891, 1.457234, 0.439883 / 3.942891, 1.457234, 0.439883 / 3.942891, 1.457234, 0.439883; 1, 20, 1, 0; 0.400250778803; 1, 0, 1; 0, 1, 0; 4, 1, 2 ;
1,40; 1.11294, 2.50916, -3.62148 / 1.11294, 2.50916, -3.62148 / 1.11294, 2.50916, -3.62148; 1, 2, 1, 0; 0.139649415085; 0, 1, 0; 0, 1, 0; 1, 1, 1 ;
1,41; -0.58673, 0.948258, 0.351458 / -0.58673, 0.948258, 0.351458 / -0.58673, 0.948258, 0.351458; 1, 17, 1, 0; 0.861371178327; 1, 0, 1; 0, 1, 0; 1, 1, 2 ;
0,41; 0.195948, -2.141051, 0.753372 / 0.195948, -2.141051, 0.753372 / 0.195948, -2.141051, 0.753372; 1, 18, 1, 0; 0.500722948034; 0, 1, 0; 1, 0, 0; 2, 1, 1 ;
0,41; 0.195582, -2.140954, 0.750471 / 0.195582, -2.140954, 0.750471 / 0.195582, -2.140954, 0.750471; 1, 18, 1, 0; 0.500723073575; 1, 0, 1; 1, 0, 0; 3, 1, 2 ;
0,41; 0.194654, -2.142780, 0.761571 / 0.194654, -2.142780, 0.761571 / 0.194654, -2.142780, 0.761571; 1, 18, 1, 0; 0.500735697407; 1, 0, 1; 1, 0, 0; 3, 1, 2 ;
0,41; 0.697548, -3.008163, 1.077046 / 0.697821, -3.007957, 1.077081 / 0.697275, -3.008369, 1.077011; 1, 22, 1, 0; 0.100782838866; 2, 1, 1; 1, 1, 0; 1, 1, 1 / 2, 1, 2 ;
0,41; 1.068232, -3.527732, 1.272790 / 1.068232, -3.527732, 1.272790 / 1.068232, -3.527732, 1.272790; 1, 22, 1, 0; 0.614322297309; 1, 0, 1; 1, 0, 0; 3, 1, 2 / 4, 8, 0 / 4, 9, 0 / 4, 10, 0 ;
1,42; -3.69204, 0.382779, 0.50546 / -3.69181, 0.383395, 0.505483 / -3.69226, 0.382163, 0.505438; 1, 17, 1, 0; 0.731115995581; 1, 0, 2; 1, 1, 0; 1, 5, 2 / 3, 1, 2 ;
0,42; -3.681436, 0.367659, 0.500437 / -3.681436, 0.367659, 0.500437 / -3.681436, 0.367659, 0.500437; 1, 17, 1, 0; 0.731102367422; 0, 1, 0; 0, 1, 0; 4, 1, 1 ;
0,42; -3.255316, 0.941535, 0.930831 / -3.255316, 0.941535, 0.930831 / -3.255316, 0.941535, 0.930831; 1, 24, 1, 0; 0.285834438124; 1, 0, 1; 1, 0, 0; 3, 1, 2 ;
1,43; -3.04344, 0.767172, -1.63328 / -3.04344, 0.767172, -1.63328 / -3.04344, 0.767172, -1.63328; 1, 6, 1, 0; 0.720125602700; 1, 0, 1; 1, 0, 0; 2, 1, 2 ;
1,44; 0.71927, -1.14026, -2.66645 / 0.71927, -1.14026, -2.66645 / 0.71927, -1.14026, -2.66645; 1, 3, 1, 0; 0.606227634119; 1, 0, 1; 1, 0, 0; 2, 4, 0 / 3, 1, 2 ;
1,45; 1.37202, -2.21284, -1.13373 / 1.37202, -2.21284, -1.13373 / 1.37202, -2.21284, -1.13373; 1, 8, 1, 0; 0.812506374127; 0, 1, 0; 0, 1, 0; 4, 1, 1 ;
0,45; -1.938709, -1.264047, 0.763506 / -1.938709, -1.264047, 0.763506 / -1.938709, -1.264047, 0.763506; 1, 21, 1, 0; 0.286858560195; 1, 0, 1; 1, 0, 0; 2, 1, 2 ;
1,46; -0.0107606, 3.39141, -3.17423 / -0.0107606, 3.39141, -3.17423 / -0.0107606, 3.39141, -3.17423; 1, 2, 1, 0; 0.152667199846; 0, 1, 0; 0, 1, 0; 1, 1, 1 ;
0,46; -0.675774, 2.275819, -2.936182 / -0.675774, 2.275819, -2.936182 / -0.675774, 2.275819, -2.936182; 1, 2, 1, 0; 0.752896708055; 1, 0, 1; 1, 0, 0; 2, 1, 2 ;
0,46; -1.183018, 1.462168, -2.687411 / -1.183018, 1.462168, -2.687411 / -1.183018, 1.462168, -2.687411; 1, 6, 1, 0; 0.019535263149; 1, 0, 1; 1, 0, 0; 2, 1, 2 ;
1,47; 0.934129, -1.2257, -3.04639 / 0.934129, -1.2257, -3.04639 / 0.934129, -1.2257, -3.04639; 1, 3, 1, 0; 0.333581551195; 1, 0, 1; 1, 0, 0; 3, 1, 2 ;
1,48; -0.60847, 3.20226, 2.95625 / -0.60847, 3.20226, 2.95625 / -0.60847, 3.20226, 2.95625; 1, 40, 1, 0; 0.280848467704; 0, 1, 0; 1, 0, 0; 2, 1, 1 ;
0,48; -0.610798, 3.200797, 2.952972 / -0.610798, 3.200797, 2.952972 / -0.610798, 3.200797, 2.952972; 1, 40, 1, 0; 0.280848782021; 0, 1, 0; 1, 0, 0; 3, 1, 1 ;
1,50; -0.831849, -1.32333, -4.09117 / -0.831849, -1.32333, -4.09117 / -0.831849, -1.32333, -4.09117; 1, 1, 1, 0; 0.284632027441; 1, 0, 1; 1, 0, 0; 2, 1, 2 ;
0,50; -2.529433, -0.515536, -1.022740 / -2.529433, -0.515536, -1.022740 / -2.529433, -0.515536, -1.022740; 1, 10, 1, 0; 0.169146104486; 1, 0, 1; 1, 0, 0; 3, 1, 2 ;
1,51; -0.988933, 3.38045, -2.66947 / -0.988933, 3.38045, -2.66947 / -0.988933, 3.38045, -2.66947; 1, 6, 1, 0; 0.110052920944; 1, 0, 1; 1, 0, 0; 3, 1, 2 ;
1,52; -2.25714, -1.42459, 1.97296 / -2.25714, -1.42459, 1.97296 / -2.25714, -1.42459, 1.97296; 1, 30, 1, 0; 0.400002805475; 1, 0, 1; 1, 0, 0; 3, 1, 2 ;
0,52; 0.254829, -2.083364, 2.615144 / 0.254829, -2.083364, 2.615144 / 0.254829, -2.083364, 2.615144; 1, 34, 1, 0; 0.331852026472; 0, 1, 0; 0, 1, 0; 1, 1, 1 ;
1,54; -1.94528, -2.64245, -2.97403 / -1.94467, -2.64236, -2.974 / -1.94589, -2.64253, -2.97407; 1, 5, 1, 0; 0.199172011202; 2, 1, 1; 1, 1, 0; 1, 1, 0 / 1, 3, 0 / 2, 1, 1 / 4, 8, 2 ;
0,54; -1.966679, -2.639307, -2.960298 / -1.966108, -2.638299, -2.959953 / -1.967249, -2.640315, -2.960644; 1, 5, 1, 0; 0.199182043538; 2, 1, 1; 1, 1, 0; 3, 9, 2 / 4, 1, 1 ;
0,54; -1.954132, -2.639811, -2.961352 / -1.954132, -2.639811, -2.961352 / -1.954132, -2.639811, -2.961352; 1, 5, 1, 0; 0.199173260955; 1, 0, 1; 0, 1, 0; 1, 1, 0 / 4, 1, 2 ;
0,54; -1.937405, -2.647724, -2.969354 / -1.937358, -2.647203, -2.969025 / -1.937452, -2.648245, -2.969683; 1, 5, 1, 0; 0.199162895351; 1, 0, 2; 2, 0, 0; 1, 4, 0 / 2, 1, 2 / 2, 6, 0 / 3, 2, 2 ;
0,54; -1.952845, -2.638168, -2.963464 / -1.952198, -2.637923, -2.963183 / -1.953492, -2.638414, -2.963744; 1, 5, 1, 0; 0.199172697341; 1, 0, 2; 2, 0, 0; 2, 1, 2 / 2, 6, 2 ;
0,54; -1.243317, -2.035161, -2.940179 / -1.243317, -2.035161, -2.940179 / -1.243317, -2.035161, -2.940179; 1, 5, 1, 0; 0.159564713228; 1, 0, 1; 1, 0, 0; 2, 1, 2 ;
0,54; -1.954852, -2.644388, -2.949212 / -1.954852, -2.644388, -2.949212 / -1.954852, -2.644388, -2.949212; 1, 5, 1, 0; 0.199174187243; 1, 0, 1; 1, 0, 0; 3, 1, 2 ;
0,54; -1.958727, -2.644693, -2.965565 / -1.958727, -2.644693, -2.965565 / -1.958727, -2.644693, -2.965565; 1, 5, 1, 0; 0.199181225072; 1, 0, 1; 1, 0, 0; 2, 1, 2 ;
0,54; -1.964980, -2.643343, -2.961804 / -1.964980, -2.643343, -2.961804 / -1.964980, -2.643343, -2.961804; 1, 5, 1, 0; 0.199181974925; 0, 1, 0; 1, 0, 0; 3, 1, 1 ;
1,55; -3.23689, 0.807968, -2.95178 / -3.23689, 0.807968, -2.95178 / -3.23689, 0.807968, -2.95178; 1, 2, 1, 0; 0.635961240899; 1, 0, 1; 0, 1, 0; 4, 1, 2 ;
0,55; -3.215426, 0.796432, -2.944522 / -3.215426, 0.796432, -2.944522 / -3.215426, 0.796432, -2.944522; 1, 2, 1, 0; 0.635964072917; 1, 0, 1; 0, 1, 0; 1, 1, 2 ;
0,55; -3.215536, 0.800431, -2.944323 / -3.214887, 0.800731, -2.943609 / -3.216185, 0.800130, -2.945036; 1, 2, 1, 0; 0.635963400511; 1, 0, 3; 3, 0, 0; 2, 2, 0 / 2, 4, 2 / 2, 9, 2 / 3, 1, 2 / 4, 3, 0 / 4, 9, 0 ;
0,55; -3.217031, 0.801210, -2.948126 / -3.217031, 0.801210, -2.948126 / -3.217031, 0.801210, -2.948126; 1, 2, 1, 0; 0.635963349091; 1, 0, 1; 1, 0, 0; 3, 1, 2 ;
0,55; -3.207621, 0.804322, -2.947665 / -3.207621, 0.804322, -2.947665 / -3.207621, 0.804322, -2.947665; 1, 2, 1, 0; 0.635963610143; 1, 0, 1; 1, 0, 0; 3, 1, 2 ;
0,55; -3.261330, 0.805988, -3.073479 / -3.261330, 0.805988, -3.073479 / -3.261330, 0.805988, -3.073479; 1, 2, 1, 0; 0.635972446358; 1, 0, 1; 1, 0, 0; 3, 1, 2 ;
0,55; -3.142483, 0.880187, -2.295538 / -3.142483, 0.880187, -2.295538 / -3.142483, 0.880187, -2.295538; 1, 6, 1, 0; 0.260958717939; 1, 0, 1; 1, 0, 0; 3, 1, 2 ;
1,56; 1.12762, 0.211242, -4.23035 / 1.12762, 0.211242, -4.23035 / 1.12762, 0.211242, -4.23035; 1, 1, 1, 0; 0.181998534945; 1, 0, 1; 0, 1, 0; 4, 1, 2 ;
0,56; 0.500781, 2.369486, 3.156562 / 0.500781, 2.369486, 3.156562 / 0.500781, 2.369486, 3.156562; 1, 43, 1, 0; 0.062436023915; 1, 0, 1; 1, 0, 0; 2, 1, 2 ;
1,57; -1.40513, 2.68837, -0.937217 / -1.40513, 2.68837, -0.937217 / -1.40513, 2.68837, -0.937217; 1, 7, 1, 0; 0.680857236948; 1, 0, 1; 1, 0, 0; 3, 1, 2 / 4, 1, 0 ;
1,59; 0.0702423, -2.01305, -2.25256 / 0.0702423, -2.01305, -2.25256 / 0.0702423, -2.01305, -2.25256; 1, 3, 1, 0; 0.898083991183; 0, 1, 0; 0, 1, 0; 4, 1, 1 ;
0,59; 0.059035, -2.061721, -2.274198 / 0.059035, -2.061721, -2.274198 / 0.059035, -2.061721, -2.274198; 1, 3, 1, 0; 0.898060534259; 0, 1, 0; 1, 0, 0; 2, 1, 1 ;
1,60; 0.489816, -2.31091, 1.29083 / 0.489816, -2.31091, 1.29083 / 0.489816, -2.31091, 1.29083; 1, 22, 1, 0; 0.453708505771; 1, 0, 1; 1, 0, 0; 2, 1, 2 ;
1,61; -2.41188, -2.2647, 2.25449 / -2.41188, -2.2647, 2.25449 / -2.41188, -2.2647, 2.25449; 1, 32, 1, 0; 0.983149215456; 1, 0, 1; 0, 1, 0; 1, 1, 2 ;
0,61; -1.309745, -2.185366, 2.281747 / -1.309745, -2.185366, 2.281747 / -1.309745, -2.185366, 2.281747; 1, 32, 1, 0; 0.999718359353; 1, 0, 1; 1, 0, 0; 2, 1, 2 ;
0,61; 1.059431, -2.051500, 2.362139 / 1.059431, -2.051500, 2.362139 / 1.059431, -2.051500, 2.362139; 1, 33, 1, 0; 0.581141457683; 1, 0, 1; 1, 0, 0; 3, 1, 2 ;
0,61; 1.677133, -2.017848, 2.355668 / 1.677133, -2.017848, 2.355668 / 1.677133, -2.017848, 2.355668; 1, 33, 1, 0; 0.591712292544; 1, 0, 1; 1, 0, 0; 3, 1, 2 ;
1,62; 3.60886, -1.63552, -1.99319 / 3.60886, -1.63552, -1.99319 / 3.60886, -1.63552, -1.99319; 1, 8, 1, 0; 0.079159622656; 1, 0, 1; 0, 1, 0; 4, 1, 2 ;
0,62; 3.117802, -1.991861, -1.709082 / 3.117802, -1.991861, -1.709082 / 3.117802, -1.991861, -1.709082; 1, 8, 1, 0; 0.249688258414; 1, 0, 1; 0, 1, 0; 1, 1, 2 ;
0,62; 3.029680, -2.078622, -1.662446 / 3.029680, -2.078622, -1.662446 / 3.029680, -2.078622, -1.662446; 1, 8, 1, 0; 0.248888600822; 1, 0, 1; 1, 0, 0; 2, 1, 2 ;
0,62; 0.835350, -4.105653, -0.194875 / 0.835350, -4.105653, -0.194875 / 0.835350, -4.105653, -0.194875; 1, 15, 1, 0; 0.242831138025; 0, 0, 0; 1, 0, 0; 2, 1, 3 ;
1,63; 2.07279, 1.61274, -2.61974 / 2.07279, 1.61274, -2.61974 / 2.07279, 1.61274, -2.61974; 1, 4, 1, 0; 0.080819114512; 1, 0, 1; 1, 0, 0; 2, 1, 2 ;
0,63; 1.777019, 1.638291, -0.822122 / 1.777019, 1.638291, -0.822122 / 1.777019, 1.638291, -0.822122; 1, 12, 1, 0; 0.292910733168; 1, 0, 1; 1, 0, 0; 3, 1, 2 ;
0,63; 1.257788, 1.860735, 1.341968 / 1.257817, 1.861401, 1.342496 / 1.257759, 1.860070, 1.341441; 1, 28, 1, 0; 0.188130138349; 2, 1, 1; 1, 1, 0; 1, 4, 1 / 2, 1, 2 ;
0,63; 1.255106, 1.860822, 1.342433 / 1.255106, 1.860822, 1.342433 / 1.255106, 1.860822, 1.342433; 1, 28, 1, 0; 0.188131261787; 1, 0, 1; 0, 1, 0; 1, 1, 2 ;
0,63; 1.024761, 2.068791, 2.426874 / 1.024761, 2.068791, 2.426874 / 1.024761, 2.068791, 2.426874; 1, 31, 1, 0; 0.488963568586; 1, 0, 1; 0, 1, 0; 4, 1, 2 ;
0,63; 0.741489, 2.325476, 3.698009 / 0.741489, 2.325476, 3.698009 / 0.741489, 2.325476, 3.698009; 1, 45, 1, 0; 0.588917624034; 1, 0, 1; 1, 0, 0; 2, 1, 2 / 4, 1, 0 ;
1,64; -0.822562, -0.358987, -2.61738 / -0.822562, -0.358987, -2.61738 / -0.822562, -0.358987, -2.61738; 1, 2, 1, 0; 0.955685558129; 1, 0, 1; 0, 1, 0; 1, 1, 2 ;
0,64; -1.896948, -1.137653, -1.658901 / -1.896948, -1.137653, -1.658901 / -1.896948, -1.137653, -1.658901; 1, 6, 1, 0; 0.851850551999; 0, 1, 0; 0, 1, 0; 1, 4, 0 / 4, 1, 1 ;
0,64; -1.895878, -1.139070, -1.660722 / -1.895878, -1.139070, -1.660722 / -1.895878, -1.139070, -1.660722; 1, 6, 1, 0; 0.851850610811; 1, 0, 1; 0, 1, 0; 4, 1, 2 ;
0,64; -1.906395, -1.148776, -1.647575 / -1.906395, -1.148776, -1.647575 / -1.906395, -1.148776, -1.647575; 1, 6, 1, 0; 0.851860520623; 1, 0, 1; 0, 1, 0; 4, 1, 2 ;
1,65; -0.229156, -0.273083, 1.25496 / -0.229156, -0.273083, 1.25496 / -0.229156, -0.273083, 1.25496; 1, 23, 1, 0; 0.759258423379; 1, 0, 1; 0, 1, 0; 1, 1, 2 ;
0,65; -0.224811, -0.277298, 1.255714 / -0.224811, -0.277298, 1.255714 / -0.224811, -0.277298, 1.255714; 1, 23, 1, 0; 0.759258600737; 1, 0, 1; 0, 1, 0; 4, 1, 2 ;
0,65; 0.766488, -0.297237, 0.652454 / 0.766488, -0.297237, 0.652454 / 0.766488, -0.297237, 0.652454; 1, 23, 1, 0; 0.226267826290; 1, 0, 1; 1, 0, 0; 3, 1, 2 ;
0,65; 0.766027, -0.297585, 0.640046 / 0.766027, -0.297585, 0.640046 / 0.766027, -0.297585, 0.640046; 1, 23, 1, 0; 0.226269710715; 1, 0, 1; 1, 0, 0; 2, 1, 2 ;
0,65; -0.247179, -0.276683, 1.259236 / -0.247179, -0.276683, 1.259236 / -0.247179, -0.276683, 1.259236; 1, 23, 1, 0; 0.759272375513; 1, 0, 1; 1, 0, 0; 3, 1, 2 ;
0,65; -2.653845, -0.619995, 2.344100 / -2.653845, -0.619995, 2.344100 / -2.653845, -0.619995, 2.344100; 1, 36, 1, 0; 0.168856903255; 1, 0, 1; 1, 0, 0; 3, 1, 2 ;
0,65; -2.653623, -0.623367, 2.340831 / -2.653623, -0.623367, 2.340831 / -2.653623, -0.623367, 2.340831; 1, 36, 1, 0; 0.168857135128; 1, 0, 1; 1, 0, 0; 3, 1, 2 ;
0,65; -2.609650, -0.559602, 2.229467 / -2.609650, -0.559602, 2.229467 / -2.609650, -0.559602, 2.229467; 1, 36, 1, 0; 0.203772140680; 0, 1, 0; 1, 0, 0; 2, 1, 1 ;
0,65; -2.875680, -0.574074, 2.629545 / -2.875680, -0.574074, 2.629545 / -2.875680, -0.574074, 2.629545; 1, 36, 1, 0; 0.487828777023; 1, 0, 1; 1, 0, 0; 2, 1, 2 ;
0,65; -2.876461, -0.578347, 2.628093 / -2.876461, -0.578347, 2.628093 / -2.876461, -0.578347, 2.628093; 1, 36, 1, 0; 0.487829021778; 1, 0, 1; 1, 0, 0; 2, 1, 2 ;
0,65; -2.875576, -0.571760, 2.640201 / -2.875576, -0.571760, 2.640201 / -2.875576, -0.571760, 2.640201; 1, 36, 1, 0; 0.487851732480; 1, 0, 1; 1, 0, 0; 2, 1, 2 ;
0,65; -2.875516, -0.574936, 2.641547 / -2.875516, -0.574936, 2.641547 / -2.875516, -0.574936, 2.641547; 1, 36, 1, 0; 0.487851938590; 1, 0, 1; 1, 0, 0; 1, 1, 0 / 3, 1, 2 ;
0,65; -2.876500, -0.577950, 2.646842 / -2.876500, -0.577950, 2.646842 / -2.876500, -0.577950, 2.646842; 1, 36, 1, 0; 0.487875602549; 1, 0, 1; 1, 0, 0; 1, 10, 0 / 2, 1, 2 ;
1,68; -1.11285, 0.906323, -2.87935 / -1.11285, 0.906323, -2.87935 / -1.11285, 0.906323, -2.87935; 1, 2, 1, 0; 0.625691649342; 1, 0, 1; 0, 1, 0; 4, 1, 2 ;
0,68; -1.115004, 0.906916, -2.876507 / -1.115004, 0.906916, -2.876507 / -1.115004, 0.906916, -2.876507; 1, 2, 1, 0; 0.625691700762; 1, 0, 1; 1, 0, 0; 3, 1, 2 ;
0,68; 1.417002, -0.764709, -0.565217 / 1.417044, -0.764190, -0.564429 / 1.416959, -0.765227, -0.566005; 1, 12, 1, 0; 0.762139692991; 1, 0, 2; 1, 1, 0; 2, 7, 2 / 4, 1, 2 ;
0,68; 3.185224, -1.664811, 0.577972 / 3.185550, -1.664717, 0.579207 / 3.184898, -1.664905, 0.576737; 1, 19, 1, 0; 0.394570906477; 1, 0, 2; 1, 1, 0; 1, 9, 2 / 3, 1, 2 / 4, 1, 0 / 4, 3, 0 ;
1,69; 1.0113, -0.585532, 2.49357 / 1.0114, -0.58447, 2.49416 / 1.01121, -0.586594, 2.49298; 1, 34, 1, 0; 0.757690317785; 2, 2, 1; 1, 2, 0; 3, 5, 2 / 4, 1, 1 / 4, 10, 1 ;
0,69; 1.014501, -0.594239, 2.509048 / 1.014501, -0.594239, 2.509048 / 1.014501, -0.594239, 2.509048; 1, 34, 1, 0; 0.757672793356; 1, 0, 1; 1, 0, 0; 2, 1, 2 ;
1,70; -1.64316, 4.22112, 0.431993 / -1.64316, 4.22112, 0.431993 / -1.64316, 4.22112, 0.431993; 1, 25, 1, 0; 0.299923243753; 1, 0, 1; 1, 0, 0; 2, 1, 2 ;
0,70; 1.282506, 1.615165, 1.375999 / 1.282506, 1.615165, 1.375999 / 1.282506, 1.615165, 1.375999; 1, 26, 1, 0; 0.677606214907; 1, 0, 1; 1, 0, 0; 2, 1, 2 ;
0,70; 2.654725, 0.471050, 1.931815 / 2.654725, 0.471050, 1.931815 / 2.654725, 0.471050, 1.931815; 1, 28, 1, 0; 0.714882996670; 1, 0, 1; 1, 0, 0; 1, 8, 0 / 2, 1, 2 / 4, 5, 0 ;
0,70; 2.654203, 0.472117, 1.942205 / 2.654203, 0.472117, 1.942205 / 2.654203, 0.472117, 1.942205; 1, 28, 1, 0; 0.714899599614; 1, 0, 1; 1, 0, 0; 3, 1, 2 ;
1,71; 0.079008, -1.44583, -3.81479 / 0.079008, -1.44583, -3.81479 / 0.079008, -1.44583, -3.81479; 1, 1, 1, 0; 0.366898006196; 1, 0, 1; 1, 0, 0; 2, 1, 2 ;
0,71; 0.234103, -1.113789, -2.341770 / 0.234103, -1.113789, -2.341770 / 0.234103, -1.113789, -2.341770; 1, 3, 1, 0; 0.849223310243; 0, 1, 0; 1, 0, 0; 3, 1, 1 ;
0,71; 0.283680, -0.483773, 1.733645 / 0.283680, -0.483773, 1.733645 / 0.283680, -0.483773, 1.733645; 1, 27, 1, 0; 0.760787392076; 1, 0, 1; 0, 1, 0; 1, 1, 2 ;
0,71; 0.282708, -0.485833, 1.735587 / 0.282708, -0.485833, 1.735587 / 0.282708, -0.485833, 1.735587; 1, 27, 1, 0; 0.760786342306; 1, 0, 1; 1, 0, 0; 2, 1, 2 ;
0,71; -0.224194, 0.257180, 3.287353 / -0.224194, 0.257180, 3.287353 / -0.224194, 0.257180, 3.287353; 1, 41, 1, 0; 0.837128066157; 1, 0, 1; 0, 1, 0; 4, 1, 2 ;
0,71; 0.059192, 0.048654, 3.220486 / 0.059192, 0.048654, 3.220486 / 0.059192, 0.048654, 3.220486; 1, 41, 1, 0; 0.843677781811; 1, 0, 1; 0, 1, 0; 3, 5, 0 / 4, 1, 2 ;
0,71; -0.223281, 0.255431, 3.285677 / -0.223281, 0.255431, 3.285677 / -0.223281, 0.255431, 3.285677; 1, 41, 1, 0; 0.837127857539; 1, 0, 1; 1, 0, 0; 2, 1, 2 ;
0,71; -0.439422, 0.410867, 3.493559 / -0.439422, 0.410867, 3.493559 / -0.439422, 0.410867, 3.493559; 1, 44, 1, 0; 0.879788450033; 1, 0, 1; 1, 0, 0; 2, 1, 2 ;
1,73; 1.33394, 4.29154, -1.04508 / 1.33394, 4.29154, -1.04508 / 1.33394, 4.29154, -1.04508; 1, 7, 1, 0; 0.827758342615; 0, 1, 0; 1, 0, 0; 2, 1, 1 ;
0,73; 1.335383, 4.290860, -1.046533 / 1.335383, 4.290860, -1.046533 / 1.335383, 4.290860, -1.046533; 1, 7, 1, 0; 0.827758429546; 0, 1, 0; 1, 0, 0; 2, 1, 1 ;
0,73; 0.739805, 1.436655, -0.339509 / 0.739819, 1.436656, -0.339497 / 0.739792, 1.436653, -0.339520; 1, 13, 1, 0; 0.412201625422; 0, 2, 0; 1, 1, 0; 1, 1, 1 / 2, 1, 1 / 2, 3, 0 ;
0,73; 1.183906, 3.028497, -0.755597 / 1.183906, 3.028497, -0.755597 / 1.183906, 3.028497, -0.755597; 1, 13, 1, 0; 0.278115789759; 0, 1, 0; 0, 1, 0; 4, 1, 1 ;
0,73; 0.738754, 1.432699, -0.333040 / 0.738754, 1.432699, -0.333040 / 0.738754, 1.432699, -0.333040; 1, 13, 1, 0; 0.412189389211; 1, 0, 1; 1, 0, 0; 2, 1, 2 ;
0,73; 0.749195, 1.453005, -0.344604 / 0.749195, 1.453005, -0.344604 / 0.749195, 1.453005, -0.344604; 1, 13, 1, 0; 0.412213560036; 1, 0, 1; 1, 0, 0; 2, 1, 2 ;
0,73; -1.307729, -3.610800, 1.391466 / -1.307729, -3.610800, 1.391466 / -1.307729, -3.610800, 1.391466; 1, 21, 1, 0; 0.829400447320; 0, 0, 0; 1, 0, 0; 2, 1, 3 ;
0,73; 0.104317, -0.282430, 0.313439 / 0.104317, -0.282430, 0.313439 / 0.104317, -0.282430, 0.313439; 1, 23, 1, 0; 0.082113622692; 1, 0, 1; 1, 0, 0; 2, 1, 2 ;
1,74; -1.23267, -2.13606, 2.8388 / -1.23262, -2.13601, 2.83907 / -1.23272, -2.1361, 2.83853; 1, 35, 1, 0; 0.585498025212; 0, 2, 0; 0, 2, 1; 1, 4, 1 / 1, 10, 0 / 4, 1, 1 ;
0,74; -1.230548, -2.135481, 2.836320 / -1.230131, -2.135345, 2.836979 / -1.230964, -2.135617, 2.835662; 1, 35, 1, 0; 0.585498282849; 2, 1, 1; 2, 0, 0; 3, 1, 1 / 3, 3, 0 / 3, 5, 2 / 4, 6, 0 ;
0,74; -1.230459, -2.138730, 2.833664 / -1.230459, -2.138730, 2.833664 / -1.230459, -2.138730, 2.833664; 1, 35, 1, 0; 0.585496814318; 1, 0, 1; 1, 0, 0; 3, 1, 2 ;
0,74; -1.226396, -2.134636, 2.834999 / -1.226396, -2.134636, 2.834999 / -1.226396, -2.134636, 2.834999; 1, 35, 1, 0; 0.585498733714; 1, 0, 1; 1, 0, 0; 2, 1, 2 ;
1,75; -0.795917, -1.16716, -1.48627 / -0.795917, -1.16716, -1.48627 / -0.795917, -1.16716, -1.48627; 1, 8, 1, 0; 0.725177248280; 1, 0, 1; 0, 1, 0; 1, 1, 2 ;
0,75; -0.704913, -1.174526, -1.087930 / -0.704913, -1.174526, -1.087930 / -0.704913, -1.174526, -1.087930; 1, 11, 1, 0; 0.607454443086; 1, 0, 1; 1, 0, 0; 2, 1, 2 ;
0,75; -0.058668, -1.310665, 2.302071 / -0.058668, -1.310665, 2.302071 / -0.058668, -1.310665, 2.302071; 1, 33, 1, 0; 0.399503254180; 1, 0, 1; 1, 0, 0; 3, 1, 2 ;
0,75; 0.004332, -1.360467, 2.916675 / 0.004554, -1.360201, 2.917127 / 0.004110, -1.360733, 2.916223; 1, 35, 1, 0; 0.383058885514; 1, 0, 2; 1, 1, 0; 1, 5, 0 / 2, 4, 2 / 4, 1, 2 ;
1,76; -0.285323, 1.07616, 1.11165 / -0.285261, 1.07627, 1.11203 / -0.285385, 1.07605, 1.11126; 1, 25, 1, 0; 0.753243667224; 2, 1, 1; 0, 2, 0; 4, 1, 2 / 4, 2, 1 ;
1,77; -0.907149, 2.97232, -1.70898 / -0.907149, 2.97232, -1.70898 / -0.907149, 2.97232, -1.70898; 1, 7, 1, 0; 0.108687466825; 1, 0, 1; 1, 0, 0; 3, 1, 2 ;
1,78; -1.15673, 3.17836, -2.25685 / -1.15673, 3.17836, -2.25685 / -1.15673, 3.17836, -2.25685; 1, 6, 1, 0; 0.136537893023; 1, 0, 1; 1, 0, 0; 2, 1, 2 ;
0,78; 0.538574, -0.882758, 1.955581 / 0.538574, -0.882758, 1.955581 / 0.538574, -0.882758, 1.955581; 1, 30, 1, 0; 0.492790863502; 1, 0, 1; 1, 0, 0; 2, 1, 2 ;
1,79; -2.03348, -0.628666, 0.86528 / -2.03348, -0.628666, 0.86528 / -2.03348, -0.628666, 0.86528; 1, 21, 1, 0; 0.348525059517; 1, 0, 1; 1, 0, 0; 3, 1, 2 ;
0,79; -2.575357, -0.881657, 1.074162 / -2.575357, -0.881657, 1.074162 / -2.575357, -0.881657, 1.074162; 1, 21, 1, 0; 0.593435791992; 1, 0, 1; 1, 0, 0; 3, 1, 2 ;
1,80; 3.13792, 1.14938, -1.73568 / 3.13805, 1.14939, -1.73535 / 3.13779, 1.14938, -1.73601; 1, 11, 1, 0; 0.090787026865; 2, 1, 1; 1, 1, 0; 1, 1, 2 / 2, 2, 0 / 2, 3, 1 / 3, 3, 0 ;
0,80; 3.031756, 0.913262, -1.714382 / 3.031970, 0.913479, -1.714168 / 3.031542, 0.913045, -1.714597; 1, 11, 1, 0; 0.087216479450; 1, 0, 2; 2, 0, 0; 2, 1, 2 / 2, 3, 2 ;
0,80; 2.274812, -0.605804, -1.543534 / 2.274812, -0.605804, -1.543534 / 2.274812, -0.605804, -1.543534; 1, 11, 1, 0; 0.464062770355; 1, 0, 1; 1, 0, 0; 3, 1, 2 ;
0,80; 2.276399, -0.604397, -1.544122 / 2.276399, -0.604397, -1.544122 / 2.276399, -0.604397, -1.544122; 1, 11, 1, 0; 0.464062850460; 1, 0, 1; 1, 0, 0; 3, 1, 2 ;
1,81; -1.59278, 2.56663, -0.488874 / -1.59244, 2.56701, -0.488477 / -1.59312, 2.56624, -0.489271; 1, 14, 1, 0; 0.213366059657; 2, 2, 2; 0, 4, 1; 1, 1, 1 / 1, 2, 2 / 4, 5, 2 / 4, 6, 1 ;
0,81; -1.595890, 2.571405, -0.500060 / -1.595890, 2.571405, -0.500060 / -1.595890, 2.571405, -0.500060; 1, 14, 1, 0; 0.213354063493; 1, 0, 1; 1, 0, 0; 2, 1, 2 ;
0,81; -1.588109, 2.561650, -0.493115 / -1.588109, 2.561650, -0.493115 / -1.588109, 2.561650, -0.493115; 1, 14, 1, 0; 0.213355466841; 1, 0, 1; 1, 0, 0; 2, 1, 2 ;
1,82; 1.60709, -2.29018, -2.77277 / 1.60709, -2.29018, -2.77277 / 1.60709, -2.29018, -2.77277; 1, 3, 1, 0; 0.528322094481; 1, 0, 1; 1, 0, 0; 3, 1, 2 ;
0,82; 0.487622, -1.227088, -1.770960 / 0.487622, -1.227088, -1.770960 / 0.487622, -1.227088, -1.770960; 1, 8, 1, 0; 0.141493897918; 1, 0, 1; 1, 0, 0; 2, 1, 2 ;
1,83; 0.343911, -1.21568, 3.16137 / 0.343911, -1.21568, 3.16137 / 0.343911, -1.21568, 3.16137; 1, 41, 1, 0; 0.098689172331; 1, 0, 1; 1, 0, 0; 3, 1, 2 ;
1,84; -1.30149, 0.39222, -1.98138 / -1.30149, 0.39222, -1.98138 / -1.30149, 0.39222, -1.98138; 1, 6, 1, 0; 0.365358576398; 1, 0, 1; 0, 1, 0; 1, 1, 2 ;
0,84; -2.040795, 1.224054, -2.261458 / -2.040795, 1.224054, -2.261458 / -2.040795, 1.224054, -2.261458; 1, 6, 1, 0; 0.243062161280; 1, 0, 1; 1, 0, 0; 2, 1, 2 ;
1,85; -1.05636, 1.97112, 2.91272 / -1.05636, 1.97112, 2.91272 / -1.05636, 1.97112, 2.91272; 1, 39, 1, 0; 0.878752915292; 1, 0, 1; 1, 0, 0; 3, 1, 2 ;
0,85; -1.061194, 1.972106, 2.909333 / -1.061194, 1.972106, 2.909333 / -1.061194, 1.972106, 2.909333; 1, 39, 1, 0; 0.878781942480; 0, 1, 0; 1, 0, 0; 2, 1, 1 ;
1,87; -2.41879, 2.7056, -1.98837 / -2.41879, 2.7056, -1.98837 / -2.41879, 2.7056, -1.98837; 1, 6, 1, 0; 0.506083619796; 1, 0, 1; 1, 0, 0; 3, 1, 2 ;
0,87; 0.502704, 3.415259, -1.460102 / 0.502704, 3.415259, -1.460102 / 0.502704, 3.415259, -1.460102; 1, 7, 1, 0; 0.256459549736; 0, 1, 0; 0, 1, 0; 4, 1, 1 ;
0,87; 0.862194, 3.508056, -1.384823 / 0.862194, 3.508056, -1.384823 / 0.862194, 3.508056, -1.384823; 1, 7, 1, 0; 0.259718771381; 0, 0, 0; 0, 1, 0; 4, 1, 3 ;
0,87; 0.861770, 3.505147, -1.388337 / 0.861770, 3.505147, -1.388337 / 0.861770, 3.505147, -1.388337; 1, 7, 1, 0; 0.259709280504; 1, 0, 1; 1, 0, 0; 2, 1, 2 ;
1,88; -0.772987, -3.03205, 0.0492123 / -0.772987, -3.03205, 0.0492123 / -0.772987, -3.03205, 0.0492123; 1, 15, 1, 0; 0.816185620794; 0, 0, 0; 0, 1, 0; 4, 1, 3 ;
0,88; -0.867028, -2.721417, 0.393523 / -0.867028, -2.721417, 0.393523 / -0.867028, -2.721417, 0.393523; 1, 18, 1, 0; 0.335270673094; 1, 0, 1; 0, 1, 0; 1, 1, 2 ;
0,88; -0.858837, -2.720242, 0.400220 / -0.858837, -2.720242, 0.400220 / -0.858837, -2.720242, 0.400220; 1, 18, 1, 0; 0.335283701447; 1, 0, 1; 1, 0, 0; 3, 1, 2 ;
0,88; -1.168239, -1.645731, 1.377948 / -1.168239, -1.645731, 1.377948 / -1.168239, -1.645731, 1.377948; 1, 23, 1, 0; 0.973074006908; 1, 0, 1; 0, 1, 0; 4, 1, 2 ;
0,88; -1.166643, -1.647498, 1.383202 / -1.166430, -1.647149, 1.383697 / -1.166855, -1.647847, 1.382706; 1, 23, 1, 0; 0.973087493478; 2, 2, 2; 4, 0, 0; 1, 4, 0 / 2, 1, 2 / 2, 5, 1 / 3, 1, 1 / 3, 4, 2 ;
0,88; -1.169946, -1.643898, 1.389331 / -1.169946, -1.643898, 1.389331 / -1.169946, -1.643898, 1.389331; 1, 23, 1, 0; 0.973087205272; 1, 0, 1; 1, 0, 0; 3, 1, 2 ;
0,88; -1.168126, -1.650513, 1.384019 / -1.168126, -1.650513, 1.384019 / -1.168126, -1.650513, 1.384019; 1, 23, 1, 0; 0.973088417216; 1, 0, 1; 1, 0, 0; 3, 1, 2 ;
0,88; -1.168247, -1.647401, 1.394207 / -1.168247, -1.647401, 1.394207 / -1.168247, -1.647401, 1.394207; 1, 23, 1, 0; 0.973100832251; 1, 0, 1; 1, 0, 0; 2, 1, 2 ;
0,88; -1.614855, 0.102965, 2.979390 / -1.614855, 0.102965, 2.979390 / -1.614855, 0.102965, 2.979390; 1, 37, 1, 0; 0.959342092373; 1, 0, 1; 1, 0, 0; 2, 1, 2 ;
0,88; -1.612644, 0.104712, 2.972488 / -1.612644, 0.104712, 2.972488 / -1.612644, 0.104712, 2.972488; 1, 37, 1, 0; 0.959342918986; 0, 1, 0; 1, 0, 0; 3, 1, 1 / 4, 1, 0 ;
1,89; -1.15522, 0.555344, -1.67458 / -1.15522, 0.555344, -1.67458 / -1.15522, 0.555344, -1.67458; 1, 6, 1, 0; 0.751747586995; 1, 0, 1; 1, 0, 0; 3, 1, 2 ;
0,89; -1.156764, 0.553573, -1.676463 / -1.156764, 0.553573, -1.676463 / -1.156764, 0.553573, -1.676463; 1, 6, 1, 0; 0.751747640906; 1, 0, 1; 1, 0, 0; 1, 1, 0 / 2, 1, 2 ;
1,90; 2.29055, -1.00738, -0.642737 / 2.29055, -1.00738, -0.642737 / 2.29055, -1.00738, -0.642737; 1, 12, 1, 0; 0.553110326463; 1, 0, 1; 1, 0, 0; 2, 1, 2 ;
0,90; 0.821390, -2.250674, 0.484876 / 0.821390, -2.250674, 0.484876 / 0.821390, -2.250674, 0.484876; 1, 18, 1, 0; 0.406795666887; 1, 0, 1; 1, 0, 0; 2, 1, 2 ;
0,90; -0.024518, -2.976812, 1.086205 / -0.024518, -2.976812, 1.086205 / -0.024518, -2.976812, 1.086205; 1, 22, 1, 0; 0.091827113928; 1, 0, 1; 1, 0, 0; 3, 1, 2 ;
0,90; -0.387057, -3.305586, 1.338904 / -0.387057, -3.305586, 1.338904 / -0.387057, -3.305586, 1.338904; 1, 22, 1, 0; 0.563823638978; 0, 1, 0; 1, 0, 0; 3, 1, 1 ;
1,91; 3.52669, 1.21605, -2.61879 / 3.52669, 1.21605, -2.61879 / 3.52669, 1.21605, -2.61879; 1, 3, 1, 0; 0.697256958297; 1, 0, 1; 1, 0, 0; 3, 1, 2 ;
0,91; 2.409589, 2.422799, -1.388542 / 2.409589, 2.422799, -1.388542 / 2.409589, 2.422799, -1.388542; 1, 11, 1, 0; 0.217260617359; 1, 0, 1; 1, 0, 0; 3, 1, 2 ;
1,92; -0.909546, -1.68466, 0.124021 / -0.909546, -1.68466, 0.124021 / -0.909546, -1.68466, 0.124021; 1, 15, 1, 0; 0.636643554980; 1, 0, 1; 1, 0, 0; 3, 1, 2 ;
0,92; -0.198697, -2.577230, 1.485616 / -0.198697, -2.577230, 1.485616 / -0.198697, -2.577230, 1.485616; 1, 22, 1, 0; 0.477275459689; 1, 0, 1; 0, 1, 0; 1, 1, 2 ;
1,93; -2.25241, 3.22814, -1.4051 / -2.25241, 3.22814, -1.4051 / -2.25241, 3.22814, -1.4051; 1, 7, 1, 0; 0.292405196051; 1, 0, 1; 1, 0, 0; 2, 1, 2 ;
0,93; -2.251715, 3.230281, -1.401383 / -2.251715, 3.230281, -1.401383 / -2.251715, 3.230281, -1.401383; 1, 7, 1, 0; 0.292405282983; 1, 0, 1; 1, 0, 0; 2, 1, 2 ;
0,93; -1.206830, 0.788065, 0.089575 / -1.206830, 0.788065, 0.089575 / -1.206830, 0.788065, 0.089575; 1, 16, 1, 0; 0.605355816832; 1, 0, 1; 1, 0, 0; 3, 1, 2 ;
0,93; -0.013930, -2.636240, 1.453323 / -0.013930, -2.636240, 1.453323 / -0.013930, -2.636240, 1.453323; 1, 22, 1, 0; 0.477688153736; 1, 0, 1; 0, 1, 0; 1, 1, 2 ;
0,93; 0.242383, -4.192122, 1.691302 / 0.242779, -4.191830, 1.691557 / 0.241988, -4.192415, 1.691046; 1, 22, 1, 0; 0.703069095931; 1, 0, 1; 2, 0, 0; 2, 1, 2 / 3, 6, 3 ;
0,93; -0.003841, -2.644560, 1.431395 / -0.003841, -2.644560, 1.431395 / -0.003841, -2.644560, 1.431395; 1, 22, 1, 0; 0.477663226640; 1, 0, 1; 1, 0, 0; 3, 1, 2 ;
0,93; -0.015617, -2.638310, 1.446525 / -0.015617, -2.638310, 1.446525 / -0.015617, -2.638310, 1.446525; 1, 22, 1, 0; 0.477674831637; 1, 0, 1; 1, 0, 0; 2, 1, 2 ;
1,94; -2.11086, 2.23011, 1.3415 / -2.11086, 2.23011, 1.3415 / -2.11086, 2.23011, 1.3415; 1, 24, 1, 0; 0.477521042745; 0, 1, 0; 0, 1, 0; 1, 1, 1 / 4, 2, 0 ;
0,94; -1.689470, 2.872526, 0.720326 / -1.689470, 2.872526, 0.720326 / -1.689470, 2.872526, 0.720326; 1, 25, 1, 0; 0.515275298958; 1, 0, 1; 1, 0, 0; 3, 1, 2 ;
1,95; -1.83148, 0.00673787, 1.95047 / -1.83146, 0.00693519, 1.95051 / -1.83149, 0.00654054, 1.95043; 1, 30, 1, 0; 0.723806231272; 2, 1, 1; 1, 1, 0; 3, 1, 2 / 4, 2, 1 ;
0,95; -1.563058, 0.589882, 2.941921 / -1.563058, 0.589882, 2.941921 / -1.563058, 0.589882, 2.941921; 1, 39, 1, 0; 0.099771287129; 0, 1, 0; 0, 1, 0; 1, 1, 1 ;
0,95; -1.362222, 0.935023, 3.547743 / -1.361847, 0.935657, 3.548329 / -1.362596, 0.934389, 3.547157; 1, 45, 1, 0; 0.181650707722; 2, 2, 3; 4, 2, 0; 1, 2, 1 / 1, 4, 2 / 2, 1, 2 / 2, 3, 2 / 2, 4, 1 / 2, 7, 0 / 3, 7, 3 ;
0,95; -1.359950, 0.942139, 3.541511 / -1.359950, 0.942139, 3.541511 / -1.359950, 0.942139, 3.541511; 1, 45, 1, 0; 0.181618416723; 1, 0, 1; 0, 1, 0; 1, 1, 2 ;
0,95; -1.366406, 0.937840, 3.545364 / -1.366406, 0.937840, 3.545364 / -1.366406, 0.937840, 3.545364; 1, 45, 1, 0; 0.181621503363; 1, 0, 1; 0, 1, 0; 1, 1, 2 ;
0,95; -1.357509, 0.940843, 3.546103 / -1.357509, 0.940843, 3.546103 / -1.357509, 0.940843, 3.546103; 1, 45, 1, 0; 0.181648095950; 1, 0, 1; 1, 0, 0; 3, 1, 2 ;
0,95; -1.365280, 0.939826, 3.551550 / -1.365280, 0.939826, 3.551550 / -1.365280, 0.939826, 3.551550; 1, 45, 1, 0; 0.181651504822; 1, 0, 1; 1, 0, 0; 2, 1, 2 ;
0,95; -1.365788, 0.933199, 3.557631 / -1.365788, 0.933199, 3.557631 / -1.365788, 0.933199, 3.557631; 1, 45, 1, 0; 0.181652234083; 1, 0, 1; 1, 0, 0; 3, 1, 2 ;
1,96; -2.08468, 0.954981, -0.601926 / -2.08458, 0.955536, -0.601451 / -2.08478, 0.954425, -0.602402; 1, 14, 1, 0; 0.339956317713; 2, 1, 1; 1, 1, 0; 2, 2, 2 / 4, 1, 1 ;
0,96; -2.082855, 0.957420, -0.599253 / -2.082855, 0.957420, -0.599253 / -2.082855, 0.957420, -0.599253; 1, 14, 1, 0; 0.339956976302; 0, 1, 0; 0, 1, 0; 1, 1, 1 ;
0,96; -3.651575, -1.164054, 1.366059 / -3.651575, -1.164054, 1.366059 / -3.651575, -1.164054, 1.366059; 1, 23, 1, 0; 0.935229338205; 0, 1, 0; 1, 0, 0; 3, 1, 1 ;
1,97; -2.21396, 1.80701, 0.173087 / -2.21396, 1.80701, 0.173087 / -2.21396, 1.80701, 0.173087; 1, 14, 1, 0; 0.737642301343; 0, 1, 0; 0, 1, 0; 1, 1, 1 ;
0,97; -1.976662, 1.713821, 0.133052 / -1.976662, 1.713821, 0.133052 / -1.976662, 1.713821, 0.133052; 1, 14, 1, 0; 0.738984000601; 1, 0, 1; 1, 0, 0; 3, 1, 2 ;
1,98; 2.88619, -0.0859951, -0.576089 / 2.88652, -0.0858919, -0.576046 / 2.88585, -0.0860982, -0.576132; 1, 12, 1, 0; 0.809361430769; 2, 1, 1; 1, 1, 0; 1, 1, 1 / 2, 3, 2 ;
0,98; 2.716273, -0.354205, -0.442114 / 2.716273, -0.354205, -0.442114 / 2.716273, -0.354205, -0.442114; 1, 12, 1, 0; 0.780388978912; 1, 0, 1; 1, 0, 0; 3, 1, 2 ;
0,98; 2.481216, -0.743713, -0.225181 / 2.481216, -0.743713, -0.225181 / 2.481216, -0.743713, -0.225181; 1, 16, 1, 0; 0.361030783882; 1, 0, 1; 0, 1, 0; 1, 1, 2 ;
0,98; 1.874256, -1.974643, 0.433560 / 1.874415, -1.974161, 0.433901 / 1.874097, -1.975125, 0.433218; 1, 19, 1, 0; 0.362258296382; 2, 1, 1; 1, 1, 0; 2, 1, 1 / 3, 4, 0 / 4, 5, 2 ;
0,98; 1.645414, -2.463689, 0.653142 / 1.645414, -2.463689, 0.653142 / 1.645414, -2.463689, 0.653142; 1, 19, 1, 0; 0.899375359753; 1, 0, 1; 1, 0, 0; 3, 1, 2 ;
1,102; -0.474647, -0.189433, 2.73692 / -0.474647, -0.189433, 2.73692 / -0.474647, -0.189433, 2.73692; 1, 34, 1, 0; 0.877547203700; 1, 0, 1; 1, 0, 0; 1, 4, 0 / 1, 10, 0 / 2, 1, 2 / 2, 4, 0 ;
0,102; 0.831362, 1.209953, 3.222607 / 0.831362, 1.209953, 3.222607 / 0.831362, 1.209953, 3.222607; 1, 42, 1, 0; 0.424311499418; 1, 0, 1; 0, 1, 0; 4, 1, 2 ;
1,103; 0.395154, 2.56558, -1.11505 / 0.395154, 2.56558, -1.11505 / 0.395154, 2.56558, -1.11505; 1, 7, 1, 0; 0.693373684905; 1, 0, 1; 0, 1, 0; 1, 1, 2 ;
1,104; 2.87258, -1.91834, -1.42095 / 2.87258, -1.91834, -1.42095 / 2.87258, -1.91834, -1.42095; 1, 8, 1, 0; 0.625973065543; 1, 0, 1; 1, 0, 0; 3, 1, 2 ;
1,105; 0.352688, -3.19514, -2.64255 / 0.352688, -3.19514, -2.64255 / 0.352688, -3.19514, -2.64255; 1, 3, 1, 0; 0.481046236858; 1, 0, 1; 1, 0, 0; 3, 1, 2 ;
1,106; 1.10215, 3.87501, 1.65642 / 1.10223, 3.87504, 1.65645 / 1.10206, 3.87498, 1.6564; 1, 31, 1, 0; 0.098238751779; 2, 1, 1; 0, 2, 0; 1, 1, 1 / 1, 2, 2 ;
0,106; 1.098145, 3.899288, 1.630005 / 1.098145, 3.899288, 1.630005 / 1.098145, 3.899288, 1.630005; 1, 31, 1, 0; 0.098185402319; 1, 0, 1; 1, 0, 0; 2, 1, 2 ;
0,106; 1.095665, 3.884645, 1.631818 / 1.095665, 3.884645, 1.631818 / 1.095665, 3.884645, 1.631818; 1, 31, 1, 0; 0.098201176927; 1, 0, 1; 1, 0, 0; 2, 6, 0 / 3, 1, 2 ;
0,106; 1.104917, 0.622277, 4.162575 / 1.104917, 0.622277, 4.162575 / 1.104917, 0.622277, 4.162575; 1, 46, 1, 0; 0.577066315019; 1, 0, 1; 1, 0, 0; 2, 1, 2 ;
0,106; 1.077407, 0.333681, 4.363806 / 1.077407, 0.333681, 4.363806 / 1.077407, 0.333681, 4.363806; 1, 46, 1, 0; 0.970989277403; 1, 0, 1; 1, 0, 0; 2, 1, 2 ;
1,107; -2.92644, 0.171547, 0.0483443 / -2.92644, 0.171547, 0.0483443 / -2.92644, 0.171547, 0.0483443; 1, 14, 1, 0; 0.856403009566; 0, 0, 0; 0, 1, 0; 1, 1, 3 ;
0,107; -2.950423, 0.533699, -0.026184 / -2.950423, 0.533699, -0.026184 / -2.950423, 0.533699, -0.026184; 1, 14, 1, 0; 0.396549419396; 1, 0, 1; 1, 0, 0; 2, 1, 2 ;
0,107; -3.035526, 1.284641, -0.169027 / -3.035526, 1.284641, -0.169027 / -3.035526, 1.284641, -0.169027; 1, 14, 1, 0; 0.473472154004; 0, 0, 0; 1, 0, 0; 2, 1, 3 / 2, 2, 0 ;
1,108; 1.72859, 1.24574, -3.56677 / 1.72894, 1.2461, -3.56606 / 1.72824, 1.24538, -3.56747; 1, 1, 1, 0; 0.606123310677; 0, 2, 0; 2, 1, 0; 2, 1, 1 / 2, 8, 0 / 3, 8, 1 / 4, 6, 3 ;
0,108; 1.728673, 1.246133, -3.566765 / 1.729110, 1.246889, -3.566061 / 1.728235, 1.245377, -3.567470; 1, 1, 1, 0; 0.606123330454; 1, 0, 1; 2, 1, 0; 2, 3, 0 / 3, 3, 1 / 3, 8, 2 / 4, 1, 3 ;
0,108; 0.739471, -0.123664, -0.639362 / 0.739471, -0.123664, -0.639362 / 0.739471, -0.123664, -0.639362; 1, 16, 1, 0; 0.084853413913; 0, 1, 0; 0, 1, 0; 4, 1, 1 ;
0,108; 0.556740, -0.316582, -0.186178 / 0.556740, -0.316582, -0.186178 / 0.556740, -0.316582, -0.186178; 1, 16, 1, 0; 0.414591530582; 1, 0, 1; 1, 0, 0; 3, 1, 2 ;
0,108; -0.084694, -1.178578, 1.720566 / -0.084160, -1.178029, 1.721091 / -0.085228, -1.179127, 1.720041; 1, 27, 1, 0; 0.887812334247; 1, 0, 2; 1, 1, 0; 1, 1, 2 / 3, 8, 2 ;
1,109; 0.277392, -3.41306, 0.187631 / 0.277392, -3.41306, 0.187631 / 0.277392, -3.41306, 0.187631; 1, 15, 1, 0; 0.886294843770; 1, 0, 1; 1, 0, 0; 3, 1, 2 ;
1,110; 1.38996, -3.35885, -2.72759 / 1.38996, -3.35885, -2.72759 / 1.38996, -3.35885, -2.72759; 1, 3, 1, 0; 0.475726616618; 1, 0, 1; 1, 0, 0; 2, 1, 2 ;
0,110; 0.599690, -3.430381, -2.241535 / 0.599690, -3.430381, -2.241535 / 0.599690, -3.430381, -2.241535; 1, 3, 1, 0; 0.996566431735; 1, 0, 1; 1, 0, 0; 3, 1, 2 ;
0,110; -2.074903, -3.940669, -0.117166 / -2.074903, -3.940669, -0.117166 / -2.074903, -3.940669, -0.117166; 1, 10, 1, 0; 0.990059215620; 1, 0, 1; 0, 1, 0; 4, 1, 2 ;
1,112; 3.88405, -1.33603, 1.89735 / 3.88426, -1.33589, 1.89741 / 3.88384, -1.33617, 1.89729; 1, 33, 1, 0; 0.198070940881; 2, 1, 1; 0, 2, 0; 1, 1, 1 / 1, 2, 2 ;
0,112; 3.223829, -1.402445, 2.091043 / 3.223829, -1.402445, 2.091043 / 3.223829, -1.402445, 2.091043; 1, 33, 1, 0; 0.210826616675; 0, 1, 0; 0, 1, 0; 1, 1, 1 ;
1,113; -0.0935854, -1.65367, -3.57947 / -0.0934904, -1.65341, -3.57923 / -0.0936804, -1.65392, -3.57972; 1, 1, 1, 0; 0.891749752396; 1, 0, 2; 2, 0, 0; 2, 1, 2 / 3, 4, 2 / 4, 4, 0 ;
0,113; 0.427405, -1.303203, -3.123364 / 0.427405, -1.303203, -3.123364 / 0.427405, -1.303203, -3.123364; 1, 3, 1, 0; 0.134847499768; 1, 0, 1; 0, 1, 0; 1, 1, 2 ;
0,113; 3.196381, 0.358261, -1.166402 / 3.196381, 0.358261, -1.166402 / 3.196381, 0.358261, -1.166402; 1, 11, 1, 0; 0.792029708692; 0, 1, 0; 0, 1, 0; 4, 1, 1 ;
0,113; 3.537697, 0.527645, -0.963064 / 3.537697, 0.527645, -0.963064 / 3.537697, 0.527645, -0.963064; 1, 12, 1, 0; 0.184170042524; 0, 1, 0; 0, 1, 0; 4, 1, 1 ;
1,114; 0.457713, -0.556299, 2.53788 / 0.457713, -0.556299, 2.53788 / 0.457713, -0.556299, 2.53788; 1, 34, 1, 0; 0.747611027543; 1, 0, 1; 1, 0, 0; 2, 1, 2 ;
1,115; -1.46803, 1.14359, -2.84852 / -1.46803, 1.14359, -2.84852 / -1.46803, 1.14359, -2.84852; 1, 2, 1, 0; 0.648724436681; 1, 0, 1; 1, 0, 0; 3, 1, 2 ;
0,115; -1.774790, 1.630770, -2.566631 / -1.774650, 1.630834, -2.566599 / -1.774929, 1.630707, -2.566662; 1, 6, 1, 0; 0.049219805705; 2, 1, 1; 1, 1, 0; 1, 1, 2 / 2, 1, 1 ;
0,115; -1.787551, 1.608187, -2.595673 / -1.787551, 1.608187, -2.595673 / -1.787551, 1.608187, -2.595673; 1, 6, 1, 0; 0.048556490339; 1, 0, 1; 1, 0, 0; 2, 1, 2 ;
1,116; -2.19105, 3.68715, -1.00703 / -2.19005, 3.68747, -1.00635 / -2.19205, 3.68682, -1.0077; 1, 7, 1, 0; 0.796068598183; 1, 0, 2; 2, 0, 0; 2, 1, 2 / 2, 10, 2 ;
0,116; -2.057493, 3.620819, -0.985541 / -2.057493, 3.620819, -0.985541 / -2.057493, 3.620819, -0.985541; 1, 7, 1, 0; 0.793148711214; 1, 0, 1; 1, 0, 0; 3, 1, 2 ;
0,116; 3.369407, 1.535793, -0.426364 / 3.369433, 1.536274, -0.426082 / 3.369381, 1.535312, -0.426646; 1, 12, 1, 0; 0.961106148410; 2, 1, 1; 2, 0, 0; 2, 1, 2 / 2, 4, 1 / 4, 1, 0 ;
1,118; -2.87724, -1.65455, -1.09209 / -2.87724, -1.65455, -1.09209 / -2.87724, -1.65455, -1.09209; 1, 9, 1, 0; 0.409374029474; 1, 0, 1; 1, 0, 0; 3, 1, 2 ;
1,119; -2.54321, -1.29698, 1.14776 / -2.54321, -1.29698, 1.14776 / -2.54321, -1.29698, 1.14776; 1, 21, 1, 0; 0.655963352949; 1, 0, 1; 0, 1, 0; 4, 1, 2 ;
1,120; -3.23043, 0.902233, 0.12875 / -3.23043, 0.902233, 0.12875 / -3.23043, 0.902233, 0.12875; 1, 14, 1, 0; 0.809294817583; 1, 0, 1; 0, 1, 0; 1, 1, 2 ;
0,120; -3.227296, 0.898465, 0.123172 / -3.227296, 0.898465, 0.123172 / -3.227296, 0.898465, 0.123172; 1, 14, 1, 0; 0.809295593118; 1, 0, 1; 1, 0, 0; 3, 1, 2 / 4, 2, 0 ;
0,120; -3.233171, 0.903471, 0.125517 / -3.233171, 0.903471, 0.125517 / -3.233171, 0.903471, 0.125517; 1, 14, 1, 0; 0.809295919335; 1, 0, 1; 1, 0, 0; 3, 1, 2 ;
0,120; -3.240591, 0.901731, 0.133220 / -3.240591, 0.901731, 0.133220 / -3.240591, 0.901731, 0.133220; 1, 14, 1, 0; 0.809305053407; 1, 0, 1; 1, 0, 0; 3, 1, 2 / 4, 1, 0 ;
0,120; -3.519702, 1.069164, 0.426201 / -3.519702, 1.069164, 0.426201 / -3.519702, 1.069164, 0.426201; 1, 17, 1, 0; 0.833757835843; 1, 0, 1; 0, 1, 0; 1, 1, 2 / 1, 10, 0 ;
0,120; -3.511076, 1.067328, 0.430062 / -3.510769, 1.067370, 0.430251 / -3.511382, 1.067287, 0.429872; 1, 17, 1, 0; 0.833745142266; 2, 1, 1; 2, 0, 0; 2, 2, 2 / 3, 1, 1 / 3, 2, 0 / 4, 2, 0 ;
0,120; -3.513086, 1.058186, 0.425664 / -3.513086, 1.058186, 0.425664 / -3.513086, 1.058186, 0.425664; 1, 17, 1, 0; 0.833756120118; 1, 0, 1; 1, 0, 0; 3, 1, 2 ;
0,120; -3.517202, 1.067593, 0.426578 / -3.517202, 1.067593, 0.426578 / -3.517202, 1.067593, 0.426578; 1, 17, 1, 0; 0.833757061674; 0, 1, 0; 1, 0, 0; 2, 1, 1 ;
0,120; -3.515704, 1.070428, 0.430157 / -3.515704, 1.070428, 0.430157 / -3.515704, 1.070428, 0.430157; 1, 17, 1, 0; 0.833758114822; 1, 0, 1; 1, 0, 0; 3, 1, 2 ;
1,121; -0.667116, 1.33393, -0.447196 / -0.667116, 1.33393, -0.447196 / -0.667116, 1.33393, -0.447196; 1, 13, 1, 0; 0.424886544231; 1, 0, 1; 1, 0, 0; 2, 1, 2 / 4, 5, 0 ;
1,122; -1.98276, 1.52178, -2.95559 / -1.98276, 1.52178, -2.95559 / -1.98276, 1.52178, -2.95559; 1, 2, 1, 0; 0.684488298542; 1, 0, 1; 1, 0, 0; 3, 1, 2 ;
0,122; -2.602953, 1.379171, -2.047680 / -2.602452, 1.380186, -2.047263 / -2.603454, 1.378157, -2.048097; 1, 6, 1, 0; 0.434125539967; 2, 3, 1; 1, 3, 1; 1, 1, 2 / 1, 5, 1 / 3, 5, 1 / 4, 4, 1 / 4, 9, 0 ;
0,122; -2.600649, 1.377008, -2.047700 / -2.600649, 1.377008, -2.047700 / -2.600649, 1.377008, -2.047700; 1, 6, 1, 0; 0.434125005759; 0, 1, 0; 0, 1, 0; 1, 1, 1 ;
0,122; -2.600985, 1.378546, -2.038394 / -2.600973, 1.378631, -2.038358 / -2.600996, 1.378461, -2.038430; 1, 6, 1, 0; 0.434125956552; 2, 1, 1; 2, 0, 0; 2, 1, 1 / 2, 2, 2 ;
0,122; -2.599457, 1.373939, -2.043537 / -2.599457, 1.373939, -2.043537 / -2.599457, 1.373939, -2.043537; 1, 6, 1, 0; 0.434125123383; 1, 0, 1; 1, 0, 0; 2, 1, 2 ;
0,122; -3.516936, 1.262513, -0.573320 / -3.516497, 1.263024, -0.572741 / -3.517375, 1.262002, -0.573898; 1, 14, 1, 0; 0.311265672259; 1, 0, 2; 2, 0, 0; 3, 1, 2 / 3, 10, 2 ;
0,122; -3.518473, 1.261894, -0.570441 / -3.518473, 1.261894, -0.570441 / -3.518473, 1.261894, -0.570441; 1, 14, 1, 0; 0.311265604554; 1, 0, 1; 1, 0, 0; 3, 1, 2 ;
1,123; 0.699542, -1.91854, -3.23042 / 0.699542, -1.91854, -3.23042 / 0.699542, -1.91854, -3.23042; 1, 3, 1, 0; 0.096736235528; 1, 0, 1; 1, 0, 0; 2, 1, 2 ;
0,123; 1.430623, -0.281218, -0.796357 / 1.430623, -0.281218, -0.796357 / 1.430623, -0.281218, -0.796357; 1, 12, 1, 0; 0.452048773705; 1, 0, 1; 1, 0, 0; 2, 1, 2 ;
0,123; 1.529463, -0.029722, -0.452583 / 1.529463, -0.029722, -0.452583 / 1.529463, -0.029722, -0.452583; 1, 12, 1, 0; 0.822732533656; 1, 0, 1; 1, 0, 0; 2, 1, 2 ;
0,123; 1.769589, 1.186943, 1.032396 / 1.769589, 1.186943, 1.032396 / 1.769589, 1.186943, 1.032396; 1, 26, 1, 0; 0.238313137028; 0, 1, 0; 0, 1, 0; 4, 1, 1 ;
1,125; -3.00717, 2.34078, -0.987624 / -3.00717, 2.34078, -0.987624 / -3.00717, 2.34078, -0.987624; 1, 7, 1, 0; 0.658627284637; 0, 1, 0; 1, 0, 0; 2, 1, 1 ;
0,125; -1.875003, 2.620180, -1.073950 / -1.875003, 2.620180, -1.073950 / -1.875003, 2.620180, -1.073950; 1, 7, 1, 0; 0.676255449840; 1, 0, 1; 1, 0, 0; 2, 1, 2 ;
1,126; 1.10974, -2.77309, 0.694381 / 1.10974, -2.77309, 0.694381 / 1.10974, -2.77309, 0.694381; 1, 18, 1, 0; 0.610130792665; 1, 0, 1; 1, 0, 0; 2, 1, 2 ;
0,126; 1.119349, -2.701788, 0.717730 / 1.119349, -2.701788, 0.717730 / 1.119349, -2.701788, 0.717730; 1, 18, 1, 0; 0.611516561631; 1, 0, 1; 1, 0, 0; 3, 1, 2 ;
0,126; 1.672238, -0.014069, 1.737612 / 1.672238, -0.014069, 1.737612 / 1.672238, -0.014069, 1.737612; 1, 27, 1, 0; 0.675408075127; 0, 1, 0; 0, 1, 0; 4, 1, 1 ;
1,127; -0.892628, 2.58356, 1.41006 / -0.892628, 2.58356, 1.41006 / -0.892628, 2.58356, 1.41006; 1, 29, 1, 0; 0.198879163890; 1, 0, 1; 1, 0, 0; 3, 1, 2 ;
0,127; -0.439837, 1.027153, 3.489653 / -0.439837, 1.027153, 3.489653 / -0.439837, 1.027153, 3.489653; 1, 45, 1, 0; 0.163269311001; 1, 0, 1; 1, 0, 0; 3, 1, 2 ;
1,128; -0.134601, 1.64948, 1.6387 / -0.134601, 1.64948, 1.6387 / -0.134601, 1.64948, 1.6387; 1, 29, 1, 0; 0.321053183240; 1, 0, 1; 1, 0, 0; 3, 1, 2 ;
0,128; 0.176882, 2.816693, 2.263213 / 0.177159, 2.817219, 2.263541 / 0.176604, 2.816166, 2.262885; 1, 31, 1, 0; 0.295470197888; 2, 2, 1; 1, 2, 1; 1, 4, 0 / 1, 6, 1 / 3, 2, 2 / 4, 1, 1 ;
0,128; 0.180523, 2.813220, 2.263848 / 0.181138, 2.813680, 2.264044 / 0.179909, 2.812760, 2.263653; 1, 31, 1, 0; 0.295471398608; 2, 1, 1; 1, 1, 0; 2, 1, 1 / 4, 3, 2 / 4, 6, 0 ;
0,128; 0.179485, 2.817711, 2.267525 / 0.179555, 2.818569, 2.268156 / 0.179414, 2.816854, 2.266893; 1, 31, 1, 0; 0.295490433890; 1, 0, 2; 2, 0, 0; 3, 1, 2 / 3, 4, 0 / 3, 10, 2 ;
1,129; 0.750612, -2.23556, 0.608582 / 0.750612, -2.23556, 0.608582 / 0.750612, -2.23556, 0.608582; 1, 18, 1, 0; 0.407940815848; 1, 0, 1; 0, 1, 0; 4, 1, 2 ;
0,129; 4.125816, -1.146643, 0.736016 / 4.125816, -1.146643, 0.736016 / 4.125816, -1.146643, 0.736016; 1, 19, 1, 0; 0.799520056519; 1, 0, 1; 1, 0, 0; 2, 1, 2 ;
0,129; 3.223261, -1.239629, 0.789626 / 3.223261, -1.239629, 0.789626 / 3.223261, -1.239629, 0.789626; 1, 19, 1, 0; 0.812566071682; 1, 0, 1; 1, 0, 0; 3, 1, 2 ;
1,130; -0.746877, -2.35944, -2.34339 / -0.746877, -2.35944, -2.34339 / -0.746877, -2.35944, -2.34339; 1, 5, 1, 0; 0.531835030548; 1, 0, 1; 1, 0, 0; 2, 1, 2 ;
0,130; -0.840365, -2.019026, -0.351066 / -0.840365, -2.019026, -0.351066 / -0.840365, -2.019026, -0.351066; 1, 15, 1, 0; 0.106868135474; 1, 0, 1; 1, 0, 0; 2, 1, 2 ;
0,130; -0.840441, -2.016989, -0.358965 / -0.840441, -2.016989, -0.358965 / -0.840441, -2.016989, -0.358965; 1, 15, 1, 0; 0.106868557391; 1, 0, 1; 1, 0, 0; 2, 1, 2 ;
0,130; -0.857363, -1.375016, 2.373097 / -0.857363, -1.375016, 2.373097 / -0.857363, -1.375016, 2.373097; 1, 33, 1, 0; 0.388290613642; 1, 0, 1; 1, 0, 0; 3, 1, 2 ;
0,130; -0.911216, -1.048870, 3.208496 / -0.911216, -1.048870, 3.208496 / -0.911216, -1.048870, 3.208496; 1, 41, 1, 0; 0.062797353060; 1, 0, 1; 1, 0, 0; 3, 1, 2 ;
1,131; 3.64889, -2.06659, 0.212649 / 3.64889, -2.06659, 0.212649 / 3.64889, -2.06659, 0.212649; 1, 15, 1, 0; 0.681099429139; 1, 0, 1; 1, 0, 0; 3, 1, 2 ;
0,131; 2.867378, -1.152017, 0.218887 / 2.867378, -1.152017, 0.218887 / 2.867378, -1.152017, 0.218887; 1, 16, 1, 0; 0.825780399469; 1, 0, 1; 1, 0, 0; 2, 1, 2 ;
0,131; 2.866729, -1.148635, 0.219138 / 2.866729, -1.148635, 0.219138 / 2.866729, -1.148635, 0.219138; 1, 16, 1, 0; 0.825781176332; 1, 0, 1; 1, 0, 0; 3, 1, 2 ;
1,132; 1.48496, -0.841689, 2.31341 / 1.48568, -0.841453, 2.31455 / 1.48424, -0.841926, 2.31226; 1, 34, 1, 0; 0.088491315118; 2, 2, 1; 3, 0, 0; 3, 1, 2 / 3, 3, 1 / 3, 10, 1 / 4, 2, 0 ;
0,132; 1.483951, -0.844490, 2.311759 / 1.483951, -0.844490, 2.311759 / 1.483951, -0.844490, 2.311759; 1, 34, 1, 0; 0.088490990822; 1, 0, 1; 1, 0, 0; 1, 9, 0 / 2, 1, 2 / 2, 10, 0 ;
0,132; 1.401775, -1.341846, 2.544242 / 1.401775, -1.341846, 2.544242 / 1.401775, -1.341846, 2.544242; 1, 34, 1, 0; 0.483800219024; 1, 0, 1; 1, 0, 0; 3, 1, 2 ;
1,134; -1.01514, 3.54208, -2.64215 / -1.01417, 3.54251, -2.64205 / -1.01612, 3.54166, -2.64225; 1, 6, 1, 0; 0.120163266846; 2, 1, 2; 2, 1, 0; 1, 1, 2 / 3, 2, 1 / 3, 3, 2 ;
0,134; -1.017833, 3.539878, -2.643276 / -1.017833, 3.539878, -2.643276 / -1.017833, 3.539878, -2.643276; 1, 6, 1, 0; 0.120172328786; 0, 1, 0; 1, 0, 0; 1, 9, 0 / 2, 1, 1 / 2, 9, 0 / 3, 10, 0 / 4, 10, 0 ;
0,134; -1.020314, 3.537678, -2.645791 / -1.020314, 3.537678, -2.645791 / -1.020314, 3.537678, -2.645791; 1, 6, 1, 0; 0.120172417004; 1, 0, 1; 1, 0, 0; 2, 1, 2 ;
1,135; -2.64551, -0.153053, -0.00652607 / -2.64551, -0.153053, -0.00652607 / -2.64551, -0.153053, -0.00652607; 1, 14, 1, 0; 0.354721780086; 1, 0, 1; 1, 0, 0; 2, 1, 2 ;
1,136; -0.205737, -3.31126, 1.06987 / -0.205737, -3.31126, 1.06987 / -0.205737, -3.31126, 1.06987; 1, 18, 1, 0; 0.972343178527; 0, 1, 0; 1, 0, 0; 2, 1, 1 ;
0,136; -0.910946, -0.277538, 1.992196 / -0.910946, -0.277538, 1.992196 / -0.910946, -0.277538, 1.992196; 1, 30, 1, 0; 0.641206110871; 1, 0, 1; 1, 0, 0; 3, 1, 2 ;
0,136; -2.046796, 2.154648, 2.945576 / -2.046796, 2.154648, 2.945576 / -2.046796, 2.154648, 2.945576; 1, 39, 1, 0; 0.899306097753; 1, 0, 1; 1, 0, 0; 3, 1, 2 ;
1,137; -1.33966, -2.56578, 1.96981 / -1.33966, -2.56578, 1.96981 / -1.33966, -2.56578, 1.96981; 1, 32, 1, 0; 0.404091483915; 1, 0, 1; 1, 0, 0; 3, 1, 2 ;
0,137; -0.936030, -2.656944, 3.010508 / -0.936030, -2.656944, 3.010508 / -0.936030, -2.656944, 3.010508; 1, 35, 1, 0; 0.785639081473; 0, 1, 0; 1, 0, 0; 2, 1, 1 ;
1,138; 0.740133, 1.3241, 0.71545 / 0.740137, 1.32414, 0.715501 / 0.740128, 1.32406, 0.7154; 1, 25, 1, 0; 0.678959513094; 2, 1, 1; 1, 1, 0; 1, 1, 2 / 2, 1, 1 ;
0,138; 0.412164, 1.489020, 0.801165 / 0.412164, 1.489020, 0.801165 / 0.412164, 1.489020, 0.801165; 1, 25, 1, 0; 0.682157438601; 1, 0, 1; 1, 0, 0; 3, 1, 2 ;
1,142; -0.104674, 3.77598, -2.05388 / -0.104674, 3.77598, -2.05388 / -0.104674, 3.77598, -2.05388; 1, 4, 1, 0; 0.896173543362; 1, 0, 1; 1, 0, 0; 2, 5, 0 / 3, 1, 2 ;
0,142; 1.344686, -1.027165, -0.064368 / 1.344686, -1.027165, -0.064368 / 1.344686, -1.027165, -0.064368; 1, 16, 1, 0; 0.342718506226; 1, 0, 1; 1, 0, 0; 2, 1, 2 ;
1,143; 0.800754, 3.41271, 1.90239 / 0.800754, 3.41271, 1.90239 / 0.800754, 3.41271, 1.90239; 1, 31, 1, 0; 0.234652815415; 1, 0, 1; 1, 0, 0; 1, 10, 0 / 2, 1, 2 ;
1,144; 0.0112182, 0.185199, -1.10434 / 0.0112182, 0.185199, -1.10434 / 0.0112182, 0.185199, -1.10434; 1, 11, 1, 0; 0.745388349515; 0, 1, 0; 1, 0, 0; 2, 5, 0 / 3, 1, 1 ;
0,144; 0.017886, 0.195278, -1.103814 / 0.017886, 0.195278, -1.103814 / 0.017886, 0.195278, -1.103814; 1, 11, 1, 0; 0.745389545369; 0, 0, 0; 1, 0, 0; 3, 1, 3 ;
0,144; 0.007226, 0.191062, -1.097917 / 0.007226, 0.191062, -1.097917 / 0.007226, 0.191062, -1.097917; 1, 11, 1, 0; 0.745398986327; 1, 0, 1; 1, 0, 0; 3, 1, 2 ;
0,144; 0.394465, -1.362451, 0.940029 / 0.394465, -1.362451, 0.940029 / 0.394465, -1.362451, 0.940029; 1, 23, 1, 0; 0.363824370122; 1, 0, 1; 1, 0, 0; 2, 1, 2 ;
0,144; 0.812437, -3.378695, 2.932455 / 0.812437, -3.378695, 2.932455 / 0.812437, -3.378695, 2.932455; 1, 35, 1, 0; 0.963106909052; 1, 0, 1; 0, 1, 0; 1, 1, 2 ;
1,145; -0.897316, -0.299754, -3.28784 / -0.897316, -0.299754, -3.28784 / -0.897316, -0.299754, -3.28784; 1, 2, 1, 0; 0.402961634850; 1, 0, 1; 1, 0, 0; 3, 1, 2 ;
0,145; 0.443438, -0.498370, 4.229935 / 0.443664, -0.498099, 4.230147 / 0.443212, -0.498641, 4.229722; 1, 46, 1, 0; 0.723430946503; 0, 1, 0; 1, 1, 0; 1, 1, 3 / 2, 2, 1 ;
0,145; 0.456619, -0.482507, 4.242667 / 0.456619, -0.482507, 4.242667 / 0.456619, -0.482507, 4.242667; 1, 46, 1, 0; 0.723439781933; 1, 0, 1; 0, 1, 0; 1, 1, 2 ;
0,145; 0.451174, -0.492589, 4.236370 / 0.451831, -0.492166, 4.236796 / 0.450517, -0.493011, 4.235944; 1, 46, 1, 0; 0.723429372811; 2, 1, 2; 3, 0, 0; 2, 7, 2 / 3, 1, 1 / 3, 2, 2 ;
0,145; 0.455749, -0.483795, 4.239840 / 0.455953, -0.483643, 4.239955 / 0.455545, -0.483947, 4.239725; 1, 46, 1, 0; 0.723439946254; 1, 0, 2; 2, 0, 0; 2, 1, 2 / 3, 6, 2 / 4, 10, 0 ;
0,145; 0.511883, -0.555891, 4.463733 / 0.511883, -0.555891, 4.463733 / 0.511883, -0.555891, 4.463733; 1, 46, 1, 0; 0.893473600520; 0, 0, 0; 1, 0, 0; 2, 1, 3 ;
1,146; 0.0106672, 2.8006, 3.16796 / 0.0106672, 2.8006, 3.16796 / 0.0106672, 2.8006, 3.16796; 1, 43, 1, 0; 0.278602827270; 1, 0, 1; 0, 1, 0; 1, 1, 2 ;
1,147; -3.39589, 1.26197, 1.30749 / -3.39531, 1.26257, 1.30779 / -3.39647, 1.26137, 1.30719; 1, 24, 1, 0; 0.536520472244; 2, 1, 1; 1, 1, 0; 1, 1, 2 / 2, 4, 1 ;
0,147; -3.204383, 1.335321, 1.342333 / -3.204180, 1.335457, 1.342457 / -3.204587, 1.335186, 1.342209; 1, 24, 1, 0; 0.538205103762; 2, 1, 1; 1, 1, 0; 3, 1, 1 / 4, 1, 2 ;
0,147; -3.143579, 1.358878, 1.354231 / -3.143579, 1.358878, 1.354231 / -3.143579, 1.358878, 1.354231; 1, 24, 1, 0; 0.538520460420; 1, 0, 1; 1, 0, 0; 2, 1, 2 ;
0,147; 1.898538, 2.255472, 2.061364 / 1.898538, 2.255472, 2.061364 / 1.898538, 2.255472, 2.061364; 1, 28, 1, 0; 0.513126758825; 1, 0, 1; 0, 1, 0; 1, 1, 2 ;
0,147; 1.908763, 2.252896, 2.062494 / 1.908763, 2.252896, 2.062494 / 1.908763, 2.252896, 2.062494; 1, 28, 1, 0; 0.513127458672; 0, 1, 0; 0, 1, 0; 1, 1, 1 / 1, 8, 0 ;
0,147; 1.687344, 2.300905, 2.033691 / 1.687344, 2.300905, 2.033691 / 1.687344, 2.300905, 2.033691; 1, 28, 1, 0; 0.511055313679; 1, 0, 1; 1, 0, 0; 3, 1, 2 ;
0,147; 1.909889, 2.257015, 2.065204 / 1.909889, 2.257015, 2.065204 / 1.909889, 2.257015, 2.065204; 1, 28, 1, 0; 0.513127725719; 1, 0, 1; 1, 0, 0; 2, 1, 2 ;
0,147; 1.069452, 2.429368, 1.936116 / 1.070525, 2.429811, 1.936344 / 1.068379, 2.428925, 1.935887; 1, 31, 1, 0; 0.212917542422; 2, 1, 2; 1, 2, 0; 1, 1, 2 / 1, 8, 1 / 3, 6, 2 ;
0,147; 1.069160, 2.426969, 1.934801 / 1.069160, 2.426969, 1.934801 / 1.069160, 2.426969, 1.934801; 1, 31, 1, 0; 0.212916242559; 1, 0, 1; 1, 0, 0; 2, 1, 2 ;
1,148; -1.0394, 1.06227, 1.37627 / -1.0394, 1.06227, 1.37627 / -1.0394, 1.06227, 1.37627; 1, 26, 1, 0; 0.773844455874; 1, 0, 1; 1, 0, 0; 2, 1, 2 ;
0,148; -1.040689, 1.062618, 1.379251 / -1.040689, 1.062618, 1.379251 / -1.040689, 1.062618, 1.379251; 1, 26, 1, 0; 0.773844567314; 1, 0, 1; 1, 0, 0; 2, 1, 2 ;
0,148; 2.281043, 2.762158, 2.015621 / 2.281043, 2.762158, 2.015621 / 2.281043, 2.762158, 2.015621; 1, 28, 1, 0; 0.491779406456; 1, 0, 1; 0, 1, 0; 1, 1, 2 ;
0,148; 2.238223, 2.226130, 1.985814 / 2.238223, 2.226130, 1.985814 / 2.238223, 2.226130, 1.985814; 1, 28, 1, 0; 0.516948760166; 1, 0, 1; 0, 1, 0; 4, 1, 2 ;
0,148; 2.236109, 2.226847, 1.979892 / 2.236109, 2.226847, 1.979892 / 2.236109, 2.226847, 1.979892; 1, 28, 1, 0; 0.516931834925; 1, 0, 1; 1, 0, 0; 3, 1, 2 ;
0,148; 2.235425, 2.230191, 1.987397 / 2.235425, 2.230191, 1.987397 / 2.235425, 2.230191, 1.987397; 1, 28, 1, 0; 0.516947470975; 1, 0, 1; 1, 0, 0; 2, 1, 2 ;
0,148; 2.235508, 2.221120, 1.985599 / 2.235508, 2.221120, 1.985599 / 2.235508, 2.221120, 1.985599; 1, 28, 1, 0; 0.516949082464; 1, 0, 1; 1, 0, 0; 2, 1, 2 ;
0,148; 0.316268, 1.679589, 1.715729 / 0.316268, 1.679589, 1.715729 / 0.316268, 1.679589, 1.715729; 1, 30, 1, 0; 0.132792461064; 0, 1, 0; 1, 0, 0; 2, 9, 0 / 3, 1, 1 ;
1,149; -1.49164, -0.190369, 0.817956 / -1.49164, -0.190369, 0.817956 / -1.49164, -0.190369, 0.817956; 1, 21, 1, 0; 0.408547243613; 1, 0, 1; 1, 0, 0; 3, 1, 2 ;
0,149; 0.167049, -0.990001, 3.199237 / 0.167049, -0.990001, 3.199237 / 0.167049, -0.990001, 3.199237; 1, 41, 1, 0; 0.093431967723; 1, 0, 1; 0, 1, 0; 1, 1, 2 ;
1,151; 1.28165, -2.10226, 3.19228 / 1.28165, -2.10226, 3.19228 / 1.28165, -2.10226, 3.19228; 1, 40, 1, 0; 0.615524815339; 1, 0, 1; 1, 0, 0; 3, 1, 2 ;
1,152; 3.23053, -1.90172, 2.57132 / 3.23053, -1.90172, 2.57132 / 3.23053, -1.90172, 2.57132; 1, 34, 1, 0; 0.278121668176; 1, 0, 1; 0, 1, 0; 1, 1, 2 ;
0,152; 3.225133, -1.896834, 2.568024 / 3.225133, -1.896834, 2.568024 / 3.225133, -1.896834, 2.568024; 1, 34, 1, 0; 0.278143221352; 1, 0, 1; 1, 0, 0; 3, 1, 2 ;
1,153; 1.41324, -0.989884, 4.10287 / 1.41324, -0.989884, 4.10287 / 1.41324, -0.989884, 4.10287; 1, 46, 1, 0; 0.778967809458; 1, 0, 1; 0, 1, 0; 4, 1, 2 ;
0,153; 1.410328, -1.009264, 4.072211 / 1.410328, -1.009264, 4.072211 / 1.410328, -1.009264, 4.072211; 1, 46, 1, 0; 0.778649455907; 1, 0, 1; 1, 0, 0; 3, 1, 2 ;
0,153; 1.398338, -0.988095, 4.099356 / 1.398338, -0.988095, 4.099356 / 1.398338, -0.988095, 4.099356; 1, 46, 1, 0; 0.778979918674; 1, 0, 1; 1, 0, 0; 2, 1, 2 ;
1,155; -0.0554981, -1.13671, 3.57237 / -0.0554981, -1.13671, 3.57237 / -0.0554981, -1.13671, 3.57237; 1, 44, 1, 0; 0.048158312830; 1, 0, 1; 0, 1, 0; 4, 1, 2 ;
1,156; 3.39335, -2.18707, -2.22447 / 3.39361, -2.18681, -2.22407 / 3.39308, -2.18732, -2.22487; 1, 3, 1, 0; 0.917939606781; 2, 2, 1; 2, 1, 0; 1, 1, 1 / 2, 4, 2 / 2, 10, 0 / 3, 4, 1 / 3, 5, 0 ;
0,156; 3.397986, -2.195758, -2.239546 / 3.397986, -2.195758, -2.239546 / 3.397986, -2.195758, -2.239546; 1, 3, 1, 0; 0.917933054478; 1, 0, 1; 0, 1, 0; 1, 1, 2 ;
0,156; 3.393391, -2.191674, -2.247613 / 3.393391, -2.191674, -2.247613 / 3.393391, -2.191674, -2.247613; 1, 3, 1, 0; 0.917925696233; 1, 0, 1; 1, 0, 0; 2, 1, 2 ;
0,156; 3.396180, -2.194000, -2.235804 / 3.396180, -2.194000, -2.235804 / 3.396180, -2.194000, -2.235804; 1, 3, 1, 0; 0.917932985973; 1, 0, 1; 1, 0, 0; 2, 1, 2 ;
0,156; 3.388665, -2.194870, -2.230970 / 3.388665, -2.194870, -2.230970 / 3.388665, -2.194870, -2.230970; 1, 3, 1, 0; 0.917940598089; 1, 0, 1; 1, 0, 0; 2, 1, 2 ;
0,156; 2.312439, -2.027986, -1.673910 / 2.312439, -2.027986, -1.673910 / 2.312439, -2.027986, -1.673910; 1, 8, 1, 0; 0.244751329797; 1, 0, 1; 1, 0, 0; 2, 1, 2 ;
0,156; -1.075903, 0.107800, 0.401523 / -1.075903, 0.107800, 0.401523 / -1.075903, 0.107800, 0.401523; 1, 17, 1, 0; 0.700293333222; 1, 0, 1; 1, 0, 0; 2, 1, 2 ;
0,156; -1.401556, 0.463147, 0.600058 / -1.401556, 0.463147, 0.600058 / -1.401556, 0.463147, 0.600058; 1, 17, 1, 0; 0.754017001024; 1, 0, 1; 1, 0, 0; 3, 1, 2 ;
0,156; -2.968229, 2.094348, 1.950299 / -2.968229, 2.094348, 1.950299 / -2.968229, 2.094348, 1.950299; 1, 29, 1, 0; 0.779219756391; 1, 0, 1; 1, 0, 0; 3, 1, 2 ;
1,157; 2.85129, -2.27011, -2.379 / 2.85129, -2.27011, -2.379 / 2.85129, -2.27011, -2.379; 1, 3, 1, 0; 0.918629621570; 0, 1, 0; 1, 0, 0; 2, 1, 1 ;
1,158; -3.95063, -0.843684, -0.394003 / -3.95063, -0.843684, -0.394003 / -3.95063, -0.843684, -0.394003; 1, 10, 1, 0; 0.608619354727; 1, 0, 1; 1, 0, 0; 2, 1, 2 ;
1,160; 1.13582, -0.186653, -4.50058 / 1.136, -0.186425, -4.50032 / 1.13564, -0.186882, -4.50084; 1, 1, 1, 0; 0.031549885454; 1, 0, 2; 1, 1, 0; 3, 2, 2 / 4, 1, 2 ;
0,160; 1.134500, -0.184187, -4.498070 / 1.134500, -0.184187, -4.498070 / 1.134500, -0.184187, -4.498070; 1, 1, 1, 0; 0.031549422680; 1, 0, 1; 0, 1, 0; 1, 1, 2 ;
0,160; 1.144439, -0.174607, -4.494175 / 1.144439, -0.174607, -4.494175 / 1.144439, -0.174607, -4.494175; 1, 1, 1, 0; 0.031548940129; 0, 1, 0; 1, 0, 0; 2, 1, 1 ;
0,160; 1.145036, -0.177375, -4.495103 / 1.145036, -0.177375, -4.495103 / 1.145036, -0.177375, -4.495103; 1, 1, 1, 0; 0.031549031102; 1, 0, 1; 1, 0, 0; 3, 1, 2 / 3, 4, 0 / 4, 5, 0 ;
1,161; -1.56646, -1.57429, -3.49736 / -1.56639, -1.57386, -3.49703 / -1.56652, -1.57472, -3.4977; 1, 1, 1, 0; 0.900978142038; 2, 1, 1; 2, 0, 0; 2, 5, 2 / 3, 1, 1 ;
0,161; -1.748605, -1.753002, -3.901160 / -1.748605, -1.753002, -3.901160 / -1.748605, -1.753002, -3.901160; 1, 1, 1, 0; 0.336649393727; 1, 0, 1; 1, 0, 0; 3, 1, 2 ;
0,161; -0.919413, -0.607247, -2.096069 / -0.919413, -0.607247, -2.096069 / -0.919413, -0.607247, -2.096069; 1, 4, 1, 0; 0.559229608675; 1, 0, 1; 1, 0, 0; 2, 1, 2 ;
0,161; 1.950630, 2.226946, 1.304764 / 1.950630, 2.226946, 1.304764 / 1.950630, 2.226946, 1.304764; 1, 28, 1, 0; 0.134061754111; 1, 0, 1; 0, 1, 0; 4, 1, 2 ;
1,162; 3.20173, -0.990631, 0.826449 / 3.20173, -0.990631, 0.826449 / 3.20173, -0.990631, 0.826449; 1, 19, 1, 0; 0.790190036532; 1, 0, 1; 0, 1, 0; 4, 1, 2 ;
0,162; 3.201164, -0.991097, 0.832579 / 3.201164, -0.991097, 0.832579 / 3.201164, -0.991097, 0.832579; 1, 19, 1, 0; 0.790189841289; 1, 0, 1; 1, 0, 0; 3, 1, 2 ;
0,162; 2.529867, -1.211779, 1.269234 / 2.529867, -1.211779, 1.269234 / 2.529867, -1.211779, 1.269234; 1, 27, 1, 0; 0.274268116823; 0, 1, 0; 0, 1, 0; 1, 1, 1 ;
0,162; 2.541953, -1.216010, 1.271516 / 2.541953, -1.216010, 1.271516 / 2.541953, -1.216010, 1.271516; 1, 27, 1, 0; 0.274252895156; 1, 0, 1; 1, 0, 0; 3, 1, 2 ;
1,163; 2.70219, -2.53585, 0.409094 / 2.70224, -2.53581, 0.4096 / 2.70213, -2.53588, 0.408588; 1, 19, 1, 0; 0.323732294351; 1, 0, 2; 1, 1, 0; 2, 1, 2 / 4, 3, 2 ;
0,163; 3.174334, -1.291842, 0.123642 / 3.174334, -1.291842, 0.123642 / 3.174334, -1.291842, 0.123642; 1, 19, 1, 0; 0.247160060222; 1, 0, 1; 0, 1, 0; 1, 1, 2 ;
0,163; 3.602754, -0.407586, -0.133089 / 3.602754, -0.407586, -0.133089 / 3.602754, -0.407586, -0.133089; 1, 19, 1, 0; 0.053670257692; 1, 0, 1; 1, 0, 0; 2, 1, 2 ;
0,163; 3.464741, -0.225397, -0.088165 / 3.464741, -0.225397, -0.088165 / 3.464741, -0.225397, -0.088165; 1, 19, 1, 0; 0.062448383532; 1, 0, 1; 1, 0, 0; 2, 1, 2 ;
0,163; 3.457978, -0.226066, -0.083556 / 3.457978, -0.226066, -0.083556 / 3.457978, -0.226066, -0.083556; 1, 19, 1, 0; 0.062450437200; 1, 0, 1; 1, 0, 0; 3, 1, 2 / 4, 9, 0 ;
1,164; -0.0995704, -0.827593, 3.48217 / -0.0995704, -0.827593, 3.48217 / -0.0995704, -0.827593, 3.48217; 1, 44, 1, 0; 0.207444046926; 1, 0, 1; 0, 1, 0; 4, 1, 2 ;
1,165; -1.03476, -2.40761, 1.71261 / -1.03476, -2.40761, 1.71261 / -1.03476, -2.40761, 1.71261; 1, 32, 1, 0; 0.178872346848; 1, 0, 1; 1, 0, 0; 3, 1, 2 ;
0,165; -0.217755, -1.322664, 3.334898 / -0.217755, -1.322664, 3.334898 / -0.217755, -1.322664, 3.334898; 1, 40, 1, 0; 0.404269244067; 1, 0, 1; 0, 1, 0; 4, 1, 2 ;
0,165; -0.214443, -1.323576, 3.336617 / -0.214443, -1.323576, 3.336617 / -0.214443, -1.323576, 3.336617; 1, 40, 1, 0; 0.404271035675; 1, 0, 1; 1, 0, 0; 2, 1, 2 ;
1,166; 2.79702, -1.71321, 2.35065 / 2.79702, -1.71321, 2.35065 / 2.79702, -1.71321, 2.35065; 1, 33, 1, 0; 0.476925591652; 1, 0, 1; 1, 0, 0; 3, 1, 2 ;
0,166; 2.406247, -1.557945, 2.297557 / 2.406247, -1.557945, 2.297557 / 2.406247, -1.557945, 2.297557; 1, 33, 1, 0; 0.491728370116; 1, 0, 1; 1, 0, 0; 3, 1, 2 ;
0,166; 2.382190, -1.548012, 2.295550 / 2.382190, -1.548012, 2.295550 / 2.382190, -1.548012, 2.295550; 1, 33, 1, 0; 0.491772362043; 1, 0, 1; 1, 0, 0; 2, 1, 2 ;
1,167; -0.0806172, -3.48703, 2.28985 / -0.0806172, -3.48703, 2.28985 / -0.0806172, -3.48703, 2.28985; 1, 32, 1, 0; 0.745220183567; 1, 0, 1; 1, 0, 0; 2, 1, 2 ;
0,167; -0.330387, -1.574904, 2.394419 / -0.330387, -1.574904, 2.394419 / -0.330387, -1.574904, 2.394419; 1, 33, 1, 0; 0.539614936550; 1, 0, 1; 0, 1, 0; 4, 1, 2 ;
0,167; 0.456636, 2.885404, 3.508871 / 0.457201, 2.885524, 3.509090 / 0.456070, 2.885283, 3.508651; 1, 45, 1, 0; 0.724489822569; 2, 1, 1; 1, 1, 0; 3, 2, 2 / 4, 1, 1 / 4, 7, 0 ;
1,168; -2.53754, -0.841748, -3.26006 / -2.53754, -0.841748, -3.26006 / -2.53754, -0.841748, -3.26006; 1, 2, 1, 0; 0.467652213088; 1, 0, 1; 0, 1, 0; 1, 1, 2 ;
0,168; -2.701674, -0.785782, -2.831941 / -2.701674, -0.785782, -2.831941 / -2.701674, -0.785782, -2.831941; 1, 2, 1, 0; 0.474183923785; 0, 1, 0; 0, 1, 0; 1, 1, 1 ;
0,168; -3.268998, -0.568167, -1.197653 / -3.268998, -0.568167, -1.197653 / -3.268998, -0.568167, -1.197653; 1, 10, 1, 0; 0.163544113258; 1, 0, 1; 1, 0, 0; 3, 1, 2 ;
0,168; -3.267229, -0.566725, -1.196140 / -3.267229, -0.566725, -1.196140 / -3.267229, -0.566725, -1.196140; 1, 10, 1, 0; 0.163544221395; 1, 0, 1; 1, 0, 0; 2, 1, 2 ;
1,169; -0.117248, -0.371075, 3.48243 / -0.117248, -0.371075, 3.48243 / -0.117248, -0.371075, 3.48243; 1, 44, 1, 0; 0.357535449823; 1, 0, 1; 1, 0, 0; 2, 1, 2 ;
1,170; -1.18192, -1.00384, -1.74745 / -1.18192, -1.00384, -1.74745 / -1.18192, -1.00384, -1.74745; 1, 6, 1, 0; 0.844908052433; 1, 0, 1; 0, 1, 0; 1, 1, 2 ;
0,170; -0.208835, 0.529743, -0.663439 / -0.208835, 0.529743, -0.663439 / -0.208835, 0.529743, -0.663439; 1, 13, 1, 0; 0.356768397093; 0, 1, 0; 1, 0, 0; 2, 1, 1 ;
0,170; -0.212418, 0.529883, -0.663308 / -0.212418, 0.529883, -0.663308 / -0.212418, 0.529883, -0.663308; 1, 13, 1, 0; 0.356768557124; 1, 0, 1; 1, 0, 0; 2, 1, 2 ;
0,170; -0.212720, 0.530848, -0.664663 / -0.212720, 0.530848, -0.664663 / -0.212720, 0.530848, -0.664663; 1, 13, 1, 0; 0.356768630985; 1, 0, 1; 1, 0, 0; 2, 1, 2 ;
0,170; 1.023728, 3.866111, 2.123638 / 1.023728, 3.866111, 2.123638 / 1.023728, 3.866111, 2.123638; 1, 31, 1, 0; 0.264566077102; 1, 0, 1; 0, 1, 0; 1, 1, 2 ;
0,170; 1.022634, 3.865121, 2.126548 / 1.022634, 3.865121, 2.126548 / 1.022634, 3.865121, 2.126548; 1, 31, 1, 0; 0.264566209291; 1, 0, 1; 0, 1, 0; 1, 1, 2 ;
1,171; 1.26301, 2.50638, -0.863371 / 1.26301, 2.50638, -0.863371 / 1.26301, 2.50638, -0.863371; 1, 12, 1, 0; 0.243085465273; 0, 1, 0; 1, 0, 0; 1, 6, 0 / 1, 7, 0 / 3, 1, 1 ;
0,171; -2.232585, -0.208663, 1.746553 / -2.231461, -0.208108, 1.746924 / -2.233710, -0.209219, 1.746182; 1, 24, 1, 0; 0.795431718049; 2, 1, 1; 1, 1, 0; 2, 1, 2 / 4, 10, 1 ;
1,173; -0.502026, 1.66889, -3.4724 / -0.502026, 1.66889, -3.4724 / -0.502026, 1.66889, -3.4724; 1, 2, 1, 0; 0.076928019264; 0, 1, 0; 1, 0, 0; 3, 1, 1 ;
1,174; -3.80348, 0.843965, 1.403 / -3.80348, 0.843965, 1.403 / -3.80348, 0.843965, 1.403; 1, 24, 1, 0; 0.594023461459; 1, 0, 1; 0, 1, 0; 3, 3, 0 / 4, 1, 2 ;
0,174; -3.939885, 0.491320, 1.496190 / -3.939885, 0.491320, 1.496190 / -3.939885, 0.491320, 1.496190; 1, 24, 1, 0; 0.603845084016; 1, 0, 1; 0, 1, 0; 4, 1, 2 ;
0,174; -3.939057, 0.493665, 1.496650 / -3.938785, 0.493854, 1.496831 / -3.939329, 0.493476, 1.496469; 1, 24, 1, 0; 0.603857861156; 0, 1, 0; 2, 0, 0; 2, 1, 1 / 3, 4, 3 ;
1,175; -2.07458, 2.24205, 1.40113 / -2.07458, 2.24205, 1.40113 / -2.07458, 2.24205, 1.40113; 1, 24, 1, 0; 0.478549879619; 1, 0, 1; 1, 0, 0; 2, 1, 2 ;
1,176; -1.47477, -1.54424, -0.290662 / -1.47477, -1.54424, -0.290662 / -1.47477, -1.54424, -0.290662; 1, 10, 1, 0; 0.828453067620; 1, 0, 1; 0, 1, 0; 4, 1, 2 ;
0,176; -2.130502, -0.743204, 1.318815 / -2.130502, -0.743204, 1.318815 / -2.130502, -0.743204, 1.318815; 1, 23, 1, 0; 0.846660259622; 0, 0, 0; 1, 0, 0; 1, 2, 0 / 2, 1, 3 ;
0,176; -2.519866, 0.278698, 2.617428 / -2.519798, 0.278773, 2.617554 / -2.519933, 0.278623, 2.617302; 1, 36, 1, 0; 0.420381405822; 2, 1, 1; 0, 2, 1; 1, 1, 2 / 4, 6, 1 ;
0,176; -2.259952, 1.210119, 3.856505 / -2.259828, 1.210134, 3.856566 / -2.260076, 1.210104, 3.856444; 1, 46, 1, 0; 0.326934080616; 0, 2, 0; 1, 1, 0; 1, 1, 1 / 2, 1, 1 ;
0,176; -2.261972, 1.211264, 3.857628 / -2.261972, 1.211264, 3.857628 / -2.261972, 1.211264, 3.857628; 1, 46, 1, 0; 0.326934017416; 0, 1, 0; 1, 0, 0; 3, 1, 1 ;
1,177; -0.410407, -0.412133, -3.59056 / -0.410407, -0.412133, -3.59056 / -0.410407, -0.412133, -3.59056; 1, 1, 1, 0; 0.784360794421; 1, 0, 1; 1, 0, 0; 2, 1, 2 ;
0,177; -0.292227, -0.765342, -3.571893 / -0.292227, -0.765342, -3.571893 / -0.292227, -0.765342, -3.571893; 1, 1, 1, 0; 0.812253171386; 1, 0, 1; 1, 0, 0; 3, 1, 2 ;
1,178; 2.18491, 0.503018, 1.05611 / 2.18541, 0.504072, 1.05657 / 2.18442, 0.501963, 1.05565; 1, 26, 1, 0; 0.178547451888; 0, 2, 0; 1, 1, 0; 1, 4, 0 / 1, 10, 1 / 2, 1, 1 ;
0,178; 2.173899, 0.500145, 1.055425 / 2.173899, 0.500145, 1.055425 / 2.173899, 0.500145, 1.055425; 1, 26, 1, 0; 0.178546063178; 0, 1, 0; 0, 1, 0; 4, 1, 1 ;
0,178; 2.183797, 0.505808, 1.058840 / 2.183797, 0.505808, 1.058840 / 2.183797, 0.505808, 1.058840; 1, 26, 1, 0; 0.178547349021; 1, 0, 1; 1, 0, 0; 2, 1, 2 ;
0,178; 2.184450, 0.504099, 1.056596 / 2.184483, 0.504125, 1.056622 / 2.184417, 0.504072, 1.056569; 1, 26, 1, 0; 0.178547443316; 0, 1, 0; 2, 0, 0; 1, 1, 0 / 1, 5, 0 / 2, 1, 1 / 2, 2, 1 ;
0,178; 1.358749, -2.956838, 2.066451 / 1.358749, -2.956838, 2.066451 / 1.358749, -2.956838, 2.066451; 1, 32, 1, 0; 0.503931920228; 1, 0, 1; 0, 1, 0; 4, 1, 2 ;
0,178; 1.367472, -2.949789, 2.053835 / 1.367472, -2.949789, 2.053835 / 1.367472, -2.949789, 2.053835; 1, 32, 1, 0; 0.503895017339; 1, 0, 1; 1, 0, 0; 2, 1, 0 / 3, 1, 2 / 3, 2, 0 ;
0,178; 1.370645, -2.948004, 2.053654 / 1.370645, -2.948004, 2.053654 / 1.370645, -2.948004, 2.053654; 1, 32, 1, 0; 0.503896427360; 1, 0, 1; 1, 0, 0; 3, 1, 2 ;
0,178; 1.367312, -2.946349, 2.059118 / 1.367312, -2.946349, 2.059118 / 1.367312, -2.946349, 2.059118; 1, 32, 1, 0; 0.503915198262; 1, 0, 1; 1, 0, 0; 2, 1, 2 ;
0,178; 1.369118, -2.950004, 2.056911 / 1.369118, -2.950004, 2.056911 / 1.369118, -2.950004, 2.056911; 1, 32, 1, 0; 0.503915407562; 0, 1, 0; 1, 0, 0; 1, 3, 0 / 2, 9, 0 / 3, 1, 1 ;
1,180; -3.30183, -2.27599, -2.2193 / -3.30183, -2.27599, -2.2193 / -3.30183, -2.27599, -2.2193; 1, 5, 1, 0; 0.548094135371; 0, 1, 0; 1, 0, 0; 2, 1, 1 ;
0,180; -2.557957, -2.116548, -1.135424 / -2.557957, -2.116548, -1.135424 / -2.557957, -2.116548, -1.135424; 1, 9, 1, 0; 0.395081042999; 1, 0, 1; 1, 0, 0; 2, 1, 2 ;
1,182; 2.71332, -1.90306, -3.18539 / 2.71332, -1.90306, -3.18539 / 2.71332, -1.90306, -3.18539; 1, 3, 1, 0; 0.086380517173; 1, 0, 1; 0, 1, 0; 1, 1, 2 ;
0,182; 2.715217, -1.901472, -3.187011 / 2.715217, -1.901472, -3.187011 / 2.715217, -1.901472, -3.187011; 1, 3, 1, 0; 0.086381041035; 1, 0, 1; 1, 0, 0; 2, 1, 2 ;
0,182; 3.730689, -1.166542, -1.662820 / 3.730689, -1.166542, -1.662820 / 3.730689, -1.166542, -1.662820; 1, 8, 1, 0; 0.117390995530; 1, 0, 1; 1, 0, 0; 2, 1, 2 ;
1,183; 1.90027, -2.41245, 1.3333 / 1.90027, -2.41245, 1.3333 / 1.90027, -2.41245, 1.3333; 1, 22, 1, 0; 0.439272770531; 0, 0, 0; 1, 0, 0; 2, 1, 3 ;
1,185; 1.30182, 2.95872, 0.836319 / 1.30182, 2.95872, 0.836319 / 1.30182, 2.95872, 0.836319; 1, 20, 1, 0; 0.657630407870; 0, 1, 0; 0, 1, 0; 1, 1, 1 ;
1,187; -1.93523, -1.19141, -2.91909 / -1.93523, -1.19141, -2.91909 / -1.93523, -1.19141, -2.91909; 1, 5, 1, 0; 0.100375818099; 1, 0, 1; 0, 1, 0; 1, 1, 2 ;
0,187; -0.431965, 2.801684, -1.731526 / -0.431965, 2.801684, -1.731526 / -0.431965, 2.801684, -1.731526; 1, 7, 1, 0; 0.106812200278; 1, 0, 1; 1, 0, 0; 3, 1, 2 ;
0,187; -0.429495, 2.791468, -1.735620 / -0.429495, 2.791468, -1.735620 / -0.429495, 2.791468, -1.735620; 1, 7, 1, 0; 0.106813284365; 1, 0, 1; 1, 0, 0; 2, 1, 2 ;
0,187; -0.156405, 3.622303, -1.499123 / -0.156405, 3.622303, -1.499123 / -0.156405, 3.622303, -1.499123; 1, 7, 1, 0; 0.252581196607; 1, 0, 1; 1, 0, 0; 3, 1, 2 ;
1,188; 1.64748, 1.17609, 0.535993 / 1.64748, 1.17609, 0.535993 / 1.64748, 1.17609, 0.535993; 1, 19, 1, 0; 0.722718824030; 1, 0, 1; 1, 0, 0; 3, 1, 2 ;
0,188; 1.643241, 1.173859, 0.532718 / 1.643241, 1.173859, 0.532718 / 1.643241, 1.173859, 0.532718; 1, 19, 1, 0; 0.722719937638; 1, 0, 1; 1, 0, 0; 2, 1, 2 ;
0,188; 0.848236, -1.030882, 1.967553 / 0.848236, -1.030882, 1.967553 / 0.848236, -1.030882, 1.967553; 1, 30, 1, 0; 0.485429364365; 0, 1, 0; 0, 1, 0; 1, 1, 1 ;
0,188; 0.335130, -2.459796, 2.545105 / 0.335130, -2.459796, 2.545105 / 0.335130, -2.459796, 2.545105; 1, 34, 1, 0; 0.228319201535; 1, 0, 1; 0, 1, 0; 4, 1, 2 ;
1,189; -2.97329, -1.22626, -0.910937 / -2.97329, -1.22626, -0.910937 / -2.97329, -1.22626, -0.910937; 1, 10, 1, 0; 0.440800000216; 1, 0, 1; 0, 1, 0; 4, 1, 2 ;
0,189; -2.970764, -1.225567, -0.906803 / -2.970764, -1.225567, -0.906803 / -2.970764, -1.225567, -0.906803; 1, 10, 1, 0; 0.440799291921; 1, 0, 1; 1, 0, 0; 3, 1, 2 ;
1,190; 0.977002, 1.39932, 0.219458 / 0.977002, 1.39932, 0.219458 / 0.977002, 1.39932, 0.219458; 1, 17, 1, 0; 0.675695084935; 1, 0, 1; 1, 0, 0; 2, 1, 2 ;
0,190; 4.524834, 0.185325, 0.976295 / 4.524834, 0.185325, 0.976295 / 4.524834, 0.185325, 0.976295; 1, 27, 1, 0; 0.085939231200; 1, 0, 1; 1, 0, 0; 3, 1, 2 ;
1,191; -0.667571, -0.212839, 2.31068 / -0.667491, -0.211956, 2.31173 / -0.667651, -0.213721, 2.30963; 1, 31, 1, 0; 0.928612451365; 2, 1, 1; 0, 2, 1; 1, 1, 1 / 4, 10, 2 ;
0,191; -2.277951, -0.222195, 2.266000 / -2.277951, -0.222195, 2.266000 / -2.277951, -0.222195, 2.266000; 1, 36, 1, 0; 0.260590723007; 1, 0, 1; 1, 0, 0; 3, 1, 2 ;
1,192; 1.45785, -2.20963, 0.10092 / 1.45785, -2.20963, 0.10092 / 1.45785, -2.20963, 0.10092; 1, 15, 1, 0; 0.711760955113; 1, 0, 1; 1, 0, 0; 3, 1, 2 ;
1,193; 1.4208, 0.906939, -1.71719 / 1.4208, 0.906939, -1.71719 / 1.4208, 0.906939, -1.71719; 1, 11, 1, 0; 0.075132837139; 1, 0, 1; 1, 0, 0; 2, 1, 2 ;
0,193; 1.421506, 0.905234, -1.719008 / 1.421506, 0.905234, -1.719008 / 1.421506, 0.905234, -1.719008; 1, 11, 1, 0; 0.075133512311; 0, 1, 0; 1, 0, 0; 2, 1, 1 / 2, 3, 0 ;
1,194; 1.37502, -1.95583, -0.885204 / 1.37502, -1.95583, -0.885204 / 1.37502, -1.95583, -0.885204; 1, 9, 1, 0; 0.519375781287; 0, 1, 0; 0, 1, 0; 1, 1, 1 ;
0,194; 0.086324, -3.011374, -0.718820 / 0.086324, -3.011374, -0.718820 / 0.086324, -3.011374, -0.718820; 1, 9, 1, 0; 0.609345156993; 1, 0, 1; 1, 0, 0; 2, 1, 2 ;
0,194; 0.087098, -3.007139, -0.717312 / 0.087098, -3.007139, -0.717312 / 0.087098, -3.007139, -0.717312; 1, 9, 1, 0; 0.609345367859; 1, 0, 1; 1, 0, 0; 3, 1, 2 ;
1,195; -1.59661, -0.0279108, 1.07142 / -1.59661, -0.0279108, 1.07142 / -1.59661, -0.0279108, 1.07142; 1, 21, 1, 0; 0.539906534304; 1, 0, 1; 1, 0, 0; 1, 2, 0 / 3, 1, 2 ;
0,195; -1.602006, -0.026325, 1.072070 / -1.602006, -0.026325, 1.072070 / -1.602006, -0.026325, 1.072070; 1, 21, 1, 0; 0.539918939645; 1, 0, 1; 1, 0, 0; 3, 1, 2 ;
0,195; -2.666704, 1.378784, 0.786618 / -2.666704, 1.378784, 0.786618 / -2.666704, 1.378784, 0.786618; 1, 24, 1, 0; 0.196942635150; 1, 0, 1; 1, 0, 0; 2, 1, 2 ;
0,195; -2.526352, 1.197970, 0.822253 / -2.526352, 1.197970, 0.822253 / -2.526352, 1.197970, 0.822253; 1, 24, 1, 0; 0.230499764262; 1, 0, 1; 1, 0, 0; 2, 1, 2 ;
1,198; 1.56376, -0.431906, -3.00972 / 1.56376, -0.431906, -3.00972 / 1.56376, -0.431906, -3.00972; 1, 3, 1, 0; 0.309544413416; 1, 0, 1; 1, 0, 0; 3, 1, 2 ;
1,199; 0.0520423, -1.37065, -3.19682 / 0.0520423, -1.37065, -3.19682 / 0.0520423, -1.37065, -3.19682; 1, 3, 1, 0; 0.135709804680; 1, 0, 1; 0, 1, 0; 1, 1, 2 / 2, 2, 0 / 4, 9, 0 ;
0,199; 2.608750, -0.781110, -3.533737 / 2.608750, -0.781110, -3.533737 / 2.608750, -0.781110, -3.533737; 1, 3, 1, 0; 0.045862728031; 1, 0, 1; 1, 0, 0; 2, 1, 2 ;
0,199; 2.415839, -0.824477, -3.498589 / 2.415839, -0.824477, -3.498589 / 2.415839, -0.824477, -3.498589; 1, 3, 1, 0; 0.047431440580; 1, 0, 1; 1, 0, 0; 3, 1, 2 / 4, 1, 0 ;
0,199; 1.421006, -1.042340, -3.336862 / 1.421006, -1.042340, -3.336862 / 1.421006, -1.042340, -3.336862; 1, 3, 1, 0; 0.147022715458; 1, 0, 1; 1, 0, 0; 3, 1, 2 ;
0,199; 1.422674, -1.028840, -3.348373 / 1.422674, -1.028840, -3.348373 / 1.422674, -1.028840, -3.348373; 1, 3, 1, 0; 0.147744133754; 1, 0, 1; 1, 0, 0; 1, 6, 0 / 3, 1, 2 / 4, 2, 0 / 4, 9, 0 ;
0,199; 1.426075, -1.033067, -3.352969 / 1.426075, -1.033067, -3.352969 / 1.426075, -1.033067, -3.352969; 1, 3, 1, 0; 0.147744593141; 1, 0, 1; 1, 0, 0; 3, 1, 2 ;
