1,1; 0.251953, -0.208035, -3.23146 / 0.251953, -0.208035, -3.23146 / 0.251953, -0.208035, -3.23146; 1, 2, 1, 0; 0.398876800072; 0, 1, 0; 0, 1, 0; 1, 1, 1 ;
1,2; 1.53441, 0.298941, 0.203291 / 1.53441, 0.298941, 0.203291 / 1.53441, 0.298941, 0.203291; 1, 16, 1, 0; 0.670401136096; 1, 0, 1; 0, 1, 0; 1, 1, 2 / 1, 9, 0 ;
0,2; 1.533418, 0.296415, 0.209065 / 1.533418, 0.296415, 0.209065 / 1.533418, 0.296415, 0.209065; 1, 16, 1, 0; 0.670401310220; 1, 0, 1; 1, 0, 0; 3, 1, 2 ;
1,3; 0.955038, 1.87898, -1.71207 / 0.955038, 1.87898, -1.71207 / 0.955038, 1.87898, -1.71207; 1, 7, 1, 0; 0.054613875704; 1, 0, 1; 1, 0, 0; 2, 1, 2 ;
1,4; -0.155527, 0.354418, -0.556731 / -0.155527, 0.354418, -0.556731 / -0.155527, 0.354418, -0.556731; 1, 13, 1, 0; 0.368928820708; 0, 0, 0; 1, 0, 0; 3, 1, 3 ;
1,5; 0.970523, 3.14431, 0.427522 / 0.971694, 3.14483, 0.4279 / 0.969352, 3.14379, 0.427145; 1, 26, 1, 0; 0.015754258283; 2, 2, 3; 3, 2, 0; 2, 9, 2 / 3, 1, 2 / 3, 2, 1 / 4, 1, 1 / 4, 6, 2 ;
0,5; 0.976534, 3.141887, 0.431205 / 0.976534, 3.141887, 0.431205 / 0.976534, 3.141887, 0.431205; 1, 26, 1, 0; 0.015768025374; 1, 0, 1; 1, 0, 0; 3, 1, 2 ;
0,5; 0.971906, 3.142593, 0.431482 / 0.971906, 3.142593, 0.431482 / 0.971906, 3.142593, 0.431482; 1, 26, 1, 0; 0.015768985470; 1, 0, 1; 1, 0, 0; 2, 1, 2 ;
1,7; -1.17316, 2.65592, 2.07811 / -1.17316, 2.65592, 2.07811 / -1.17316, 2.65592, 2.07811; 1, 29, 1, 0; 0.708231254944; 1, 0, 1; 1, 0, 0; 3, 1, 2 ;
1,8; -1.46927, -1.36092, -3.08775 / -1.46915, -1.36083, -3.08765 / -1.46939, -1.36102, -3.08784; 1, 5, 1, 0; 0.118627491053; 0, 2, 0; 2, 0, 0; 3, 1, 1 / 3, 2, 1 ;
0,8; -1.461008, -1.361356, -3.084026 / -1.461008, -1.361356, -3.084026 / -1.461008, -1.361356, -3.084026; 1, 5, 1, 0; 0.118627745905; 1, 0, 1; 1, 0, 0; 1, 6, 0 / 2, 6, 0 / 3, 1, 2 ;
0,8; -0.049246, -2.695087, -1.361046 / -0.049246, -2.695087, -1.361046 / -0.049246, -2.695087, -1.361046; 1, 8, 1, 0; 0.580773261088; 1, 0, 1; 1, 0, 0; 2, 1, 2 ;
0,8; 0.761961, -3.891754, 0.872755 / 0.762086, -3.891670, 0.872805 / 0.761837, -3.891838, 0.872706; 1, 18, 1, 0; 0.780638744982; 2, 1, 1; 1, 1, 0; 3, 1, 2 / 4, 2, 1 ;
1,10; 2.84033, 0.758766, -2.58366 / 2.84033, 0.758766, -2.58366 / 2.84033, 0.758766, -2.58366; 1, 3, 1, 0; 0.691244111591; 1, 0, 1; 1, 0, 0; 3, 1, 2 ;
0,10; 2.842340, 0.766094, -2.582245 / 2.842340, 0.766094, -2.582245 / 2.842340, 0.766094, -2.582245; 1, 3, 1, 0; 0.691244458145; 1, 0, 1; 1, 0, 0; 3, 1, 2 ;
0,10; 2.433361, 0.917192, -1.711397 / 2.433361, 0.917192, -1.711397 / 2.433361, 0.917192, -1.711397; 1, 11, 1, 0; 0.082351439374; 1, 0, 1; 1, 0, 0; 3, 1, 2 ;
1,11; -0.823811, 0.241527, -4.5086 / -0.823811, 0.241527, -4.5086 / -0.823811, 0.241527, -4.5086; 1, 1, 1, 0; 0.046269994209; 1, 0, 1; 1, 0, 0; 2, 1, 2 ;
0,11; 0.886087, 0.571910, -2.288745 / 0.886087, 0.571910, -2.288745 / 0.886087, 0.571910, -2.288745; 1, 4, 1, 0; 0.474395390821; 1, 0, 1; 1, 0, 0; 2, 1, 2 ;
0,11; 1.526137, 0.740832, -1.590338 / 1.526433, 0.741475, -1.589348 / 1.525840, 0.740188, -1.591328; 1, 11, 1, 0; 0.074722327122; 1, 0, 2; 1, 1, 0; 1, 5, 0 / 3, 1, 2 / 4, 2, 0 / 4, 10, 2 ;
0,11; 2.293820, 0.917744, -0.707825 / 2.293820, 0.917744, -0.707825 / 2.293820, 0.917744, -0.707825; 1, 12, 1, 0; 0.380857685283; 1, 0, 1; 1, 0, 0; 3, 1, 2 ;
1,12; -1.62554, -3.66409, 2.31074 / -1.62554, -3.66409, 2.31074 / -1.62554, -3.66409, 2.31074; 1, 32, 1, 0; 0.720897489282; 1, 0, 1; 1, 0, 0; 2, 1, 2 ;
0,12; -1.627376, -3.666390, 2.316657 / -1.627376, -3.666390, 2.316657 / -1.627376, -3.666390, 2.316657; 1, 32, 1, 0; 0.720898557813; 1, 0, 1; 1, 0, 0; 1, 1, 0 / 2, 1, 2 ;
0,12; -1.642837, -3.671549, 2.318370 / -1.642837, -3.671549, 2.318370 / -1.642837, -3.671549, 2.318370; 1, 32, 1, 0; 0.720901851534; 1, 0, 1; 1, 0, 0; 2, 1, 2 ;
0,12; -0.978341, -2.833920, 2.388021 / -0.978341, -2.833920, 2.388021 / -0.978341, -2.833920, 2.388021; 1, 32, 1, 0; 0.857635031527; 1, 0, 1; 1, 0, 0; 3, 1, 2 ;
1,13; -1.97874, -2.18647, -2.97851 / -1.97874, -2.18646, -2.97851 / -1.97874, -2.18647, -2.97852; 1, 5, 1, 0; 0.176624993506; 0, 2, 0; 1, 1, 0; 3, 1, 1 / 4, 1, 1 ;
0,13; -1.978067, -2.190088, -2.974334 / -1.978067, -2.190088, -2.974334 / -1.978067, -2.190088, -2.974334; 1, 5, 1, 0; 0.176624351476; 1, 0, 1; 1, 0, 0; 3, 1, 2 ;
1,14; -0.784468, 0.738413, 4.28185 / -0.784061, 0.739219, 4.28222 / -0.784875, 0.737606, 4.28147; 1, 46, 1, 0; 0.594789359058; 2, 1, 2; 1, 2, 1; 1, 1, 2 / 1, 9, 0 / 3, 9, 2 / 4, 9, 3 ;
0,14; -0.782767, 0.741179, 4.280038 / -0.782317, 0.741578, 4.280719 / -0.783217, 0.740781, 4.279357; 1, 46, 1, 0; 0.594788644893; 1, 0, 3; 1, 2, 1; 1, 5, 2 / 3, 2, 0 / 3, 6, 2 / 4, 1, 2 ;
0,14; -0.784810, 0.738949, 4.283128 / -0.784745, 0.739219, 4.284032 / -0.784875, 0.738678, 4.282224; 1, 46, 1, 0; 0.594789321138; 1, 0, 1; 1, 1, 0; 1, 7, 2 / 3, 1, 2 / 4, 6, 0 ;
1,16; 1.42475, 2.38847, -2.10261 / 1.42475, 2.38847, -2.10261 / 1.42475, 2.38847, -2.10261; 1, 4, 1, 0; 0.792185725166; 1, 0, 1; 0, 1, 0; 1, 1, 2 ;
0,16; 1.482740, 2.758664, -2.335171 / 1.482740, 2.758664, -2.335171 / 1.482740, 2.758664, -2.335171; 1, 4, 1, 0; 0.293904097003; 0, 0, 0; 1, 0, 0; 3, 1, 3 ;
0,16; 1.386070, 1.297148, -1.479683 / 1.386070, 1.297148, -1.479683 / 1.386070, 1.297148, -1.479683; 1, 7, 1, 0; 0.480040755548; 0, 1, 0; 0, 1, 0; 4, 1, 1 ;
0,16; 1.302874, -0.408813, -0.450374 / 1.302874, -0.408813, -0.450374 / 1.302874, -0.408813, -0.450374; 1, 12, 1, 0; 0.770445235578; 1, 0, 1; 1, 0, 0; 3, 1, 2 ;
0,16; 1.342435, -2.737535, 0.676915 / 1.342435, -2.737535, 0.676915 / 1.342435, -2.737535, 0.676915; 1, 18, 1, 0; 0.613350874183; 1, 0, 1; 0, 1, 0; 1, 1, 2 ;
0,16; 1.341453, -2.738854, 0.679797 / 1.341453, -2.738854, 0.679797 / 1.341453, -2.738854, 0.679797; 1, 18, 1, 0; 0.613362919132; 1, 0, 1; 0, 1, 0; 4, 1, 2 ;
0,16; 1.452265, -3.649234, 1.034018 / 1.452265, -3.649234, 1.034018 / 1.452265, -3.649234, 1.034018; 1, 18, 1, 0; 0.959342612199; 0, 1, 0; 1, 0, 0; 2, 1, 1 ;
1,17; -1.76216, -3.61103, 0.154117 / -1.76216, -3.61103, 0.154117 / -1.76216, -3.61103, 0.154117; 1, 16, 1, 0; 0.984815782918; 1, 0, 1; 1, 0, 0; 1, 1, 0 / 2, 1, 2 ;
0,17; -1.765770, -2.616833, 0.643068 / -1.765770, -2.616833, 0.643068 / -1.765770, -2.616833, 0.643068; 1, 18, 1, 0; 0.583012436916; 1, 0, 1; 1, 0, 0; 2, 1, 2 ;
1,18; -2.99308, 0.875256, -0.187883 / -2.99308, 0.875256, -0.187883 / -2.99308, 0.875256, -0.187883; 1, 14, 1, 0; 0.424469380545; 1, 0, 1; 1, 0, 0; 1, 1, 0 / 2, 1, 2 ;
0,18; -2.593947, 0.935818, 0.082447 / -2.593947, 0.935818, 0.082447 / -2.593947, 0.935818, 0.082447; 1, 14, 1, 0; 0.783885686219; 0, 1, 0; 1, 0, 0; 3, 1, 1 ;
0,18; -0.032870, 1.225491, 1.791602 / -0.032870, 1.225491, 1.791602 / -0.032870, 1.225491, 1.791602; 1, 27, 1, 0; 0.402314964197; 1, 0, 1; 1, 0, 0; 3, 1, 2 ;
0,18; 0.635810, 1.056702, 2.354209 / 0.635810, 1.056702, 2.354209 / 0.635810, 1.056702, 2.354209; 1, 31, 1, 0; 0.720253748673; 1, 0, 1; 1, 0, 0; 3, 1, 2 ;
0,18; 0.669027, 0.731752, 2.694103 / 0.669027, 0.731752, 2.694103 / 0.669027, 0.731752, 2.694103; 1, 38, 1, 0; 0.892000235738; 0, 0, 0; 0, 1, 0; 1, 1, 3 ;
0,18; 0.668949, 0.736380, 2.687253 / 0.668949, 0.736380, 2.687253 / 0.668949, 0.736380, 2.687253; 1, 38, 1, 0; 0.892004950495; 0, 1, 0; 0, 1, 0; 1, 1, 1 ;
0,18; 0.651638, 0.761763, 2.646146 / 0.651638, 0.761763, 2.646146 / 0.651638, 0.761763, 2.646146; 1, 38, 1, 0; 0.890527241500; 1, 0, 1; 1, 0, 0; 3, 1, 2 ;
0,18; 0.717396, 0.455624, 3.031712 / 0.717774, 0.455934, 3.032335 / 0.717018, 0.455314, 3.031089; 1, 39, 1, 0; 0.150771019959; 2, 2, 1; 0, 3, 1; 1, 5, 2 / 4, 1, 1 / 4, 3, 1 ;
0,18; 0.717637, 0.452156, 3.032326 / 0.717637, 0.452156, 3.032326 / 0.717637, 0.452156, 3.032326; 1, 39, 1, 0; 0.150770831369; 1, 0, 1; 0, 1, 0; 1, 1, 2 / 1, 4, 0 ;
0,18; 0.727085, 0.454374, 3.045864 / 0.727085, 0.454374, 3.045864 / 0.727085, 0.454374, 3.045864; 1, 39, 1, 0; 0.150776756247; 0, 1, 0; 1, 0, 0; 1, 1, 0 / 2, 1, 1 ;
0,18; 0.721356, 0.451763, 3.043777 / 0.721356, 0.451763, 3.043777 / 0.721356, 0.451763, 3.043777; 1, 39, 1, 0; 0.150777180575; 1, 0, 1; 1, 0, 0; 3, 1, 2 ;
0,18; 0.712182, 0.464057, 3.020456 / 0.712182, 0.464057, 3.020456 / 0.712182, 0.464057, 3.020456; 1, 39, 1, 0; 0.150795473833; 1, 0, 1; 1, 0, 0; 3, 1, 2 ;
0,18; 1.159765, -0.249444, 3.893462 / 1.160498, -0.248841, 3.893563 / 1.159031, -0.250048, 3.893360; 1, 46, 1, 0; 0.183068017641; 1, 0, 2; 0, 2, 0; 4, 1, 2 / 4, 7, 2 ;
0,18; 1.206464, -0.186327, 3.923388 / 1.206464, -0.186327, 3.923388 / 1.206464, -0.186327, 3.923388; 1, 46, 1, 0; 0.184367976055; 0, 1, 0; 0, 1, 0; 1, 1, 1 ;
0,18; 1.129694, -0.246024, 3.880813 / 1.129916, -0.246022, 3.881101 / 1.129471, -0.246026, 3.880524; 1, 46, 1, 0; 0.183051901513; 1, 0, 2; 2, 0, 0; 3, 1, 2 / 3, 3, 2 ;
0,18; 1.156529, -0.257977, 3.889834 / 1.156529, -0.257977, 3.889834 / 1.156529, -0.257977, 3.889834; 1, 46, 1, 0; 0.183057456837; 1, 0, 1; 1, 0, 0; 3, 1, 2 ;
0,18; 1.207985, -0.184771, 3.908647 / 1.207985, -0.184771, 3.908647 / 1.207985, -0.184771, 3.908647; 1, 46, 1, 0; 0.184356720046; 1, 0, 1; 1, 0, 0; 3, 1, 2 ;
1,20; -3.15703, -0.0493631, 0.78955 / -3.15703, -0.0493631, 0.78955 / -3.15703, -0.0493631, 0.78955; 1, 21, 1, 0; 0.427518175098; 1, 0, 1; 1, 0, 0; 2, 1, 2 ;
0,20; -2.682707, 0.222172, 1.000359 / -2.682707, 0.222172, 1.000359 / -2.682707, 0.222172, 1.000359; 1, 21, 1, 0; 0.489069897731; 1, 0, 1; 1, 0, 0; 2, 1, 2 ;
0,20; -1.881485, 0.742360, 1.410233 / -1.881485, 0.742360, 1.410233 / -1.881485, 0.742360, 1.410233; 1, 24, 1, 0; 0.576038709782; 0, 1, 0; 1, 0, 0; 1, 6, 0 / 3, 1, 1 ;
0,20; -1.316652, 1.136354, 1.702588 / -1.316537, 1.136517, 1.702595 / -1.316768, 1.136190, 1.702580; 1, 29, 1, 0; 0.270622289502; 0, 2, 0; 2, 0, 0; 3, 1, 1 / 3, 2, 1 ;
0,20; 1.340709, 2.332921, 2.191670 / 1.341038, 2.333649, 2.192135 / 1.340380, 2.332193, 2.191206; 1, 31, 1, 0; 0.420812766857; 2, 2, 1; 1, 2, 0; 3, 8, 1 / 4, 1, 2 / 4, 4, 0 / 4, 8, 1 ;
0,20; 1.333014, 2.339992, 2.195862 / 1.333014, 2.339992, 2.195862 / 1.333014, 2.339992, 2.195862; 1, 31, 1, 0; 0.420810519637; 1, 0, 1; 1, 0, 0; 2, 1, 2 ;
0,20; 1.337199, 2.339706, 2.190003 / 1.337199, 2.339706, 2.190003 / 1.337199, 2.339706, 2.190003; 1, 31, 1, 0; 0.420811544105; 1, 0, 1; 1, 0, 0; 2, 1, 2 ;
1,21; 0.278184, -2.79562, -1.06341 / 0.278184, -2.79562, -1.06341 / 0.278184, -2.79562, -1.06341; 1, 8, 1, 0; 0.871955683328; 1, 0, 1; 1, 0, 0; 2, 1, 2 ;
1,22; 1.50051, -2.21692, -0.402124 / 1.50051, -2.21692, -0.402124 / 1.50051, -2.21692, -0.402124; 1, 12, 1, 0; 0.610519687544; 1, 0, 1; 1, 0, 0; 2, 1, 2 ;
0,22; 1.501339, -2.223733, -0.400924 / 1.501339, -2.223733, -0.400924 / 1.501339, -2.223733, -0.400924; 1, 12, 1, 0; 0.610520671693; 1, 0, 1; 1, 0, 0; 3, 1, 2 / 4, 1, 0 ;
0,22; 0.915644, -2.177526, -0.387304 / 0.915745, -2.177355, -0.387173 / 0.915543, -2.177698, -0.387436; 1, 15, 1, 0; 0.124970706892; 2, 1, 1; 1, 1, 0; 3, 1, 2 / 4, 2, 1 ;
0,22; 0.924443, -2.183900, -0.389502 / 0.924443, -2.183900, -0.389502 / 0.924443, -2.183900, -0.389502; 1, 15, 1, 0; 0.124972340984; 1, 0, 1; 0, 1, 0; 1, 1, 2 ;
0,22; 0.922747, -2.178759, -0.393616 / 0.922747, -2.178759, -0.393616 / 0.922747, -2.178759, -0.393616; 1, 15, 1, 0; 0.124959797319; 1, 0, 1; 1, 0, 0; 2, 1, 2 ;
0,22; 0.909011, -2.166783, -0.386330 / 0.909011, -2.166783, -0.386330 / 0.909011, -2.166783, -0.386330; 1, 15, 1, 0; 0.124969112983; 1, 0, 1; 1, 0, 0; 2, 1, 2 ;
0,22; 0.922944, -2.185905, -0.388904 / 0.922944, -2.185905, -0.388904 / 0.922944, -2.185905, -0.388904; 1, 15, 1, 0; 0.124972441441; 0, 1, 0; 1, 0, 0; 1, 7, 0 / 3, 1, 1 ;
0,22; 0.918878, -2.185705, -0.387712 / 0.918878, -2.185705, -0.387712 / 0.918878, -2.185705, -0.387712; 1, 15, 1, 0; 0.124972642354; 1, 0, 1; 1, 0, 0; 2, 1, 2 ;
1,23; -0.511381, -0.407294, -0.354221 / -0.511381, -0.407294, -0.354221 / -0.511381, -0.407294, -0.354221; 1, 16, 1, 0; 0.175107709432; 1, 0, 1; 1, 0, 0; 2, 1, 2 ;
0,23; -1.042283, 1.881271, -0.237943 / -1.042283, 1.881271, -0.237943 / -1.042283, 1.881271, -0.237943; 1, 17, 1, 0; 0.133796474533; 0, 0, 0; 1, 0, 0; 2, 1, 3 / 4, 8, 0 ;
0,23; -1.043723, 1.878193, -0.241580 / -1.043723, 1.878193, -0.241580 / -1.043723, 1.878193, -0.241580; 1, 17, 1, 0; 0.133796753513; 1, 0, 1; 1, 0, 0; 2, 1, 2 ;
1,24; 2.61239, 0.389771, -3.00588 / 2.61278, 0.390016, -3.00554 / 2.612, 0.389526, -3.00621; 1, 3, 1, 0; 0.269590033729; 1, 0, 2; 1, 1, 0; 3, 1, 2 / 4, 2, 2 ;
0,24; 2.280715, 0.933620, -2.770739 / 2.280715, 0.933620, -2.770739 / 2.280715, 0.933620, -2.770739; 1, 3, 1, 0; 0.702894453914; 0, 1, 0; 0, 1, 0; 4, 1, 1 ;
0,24; 2.529839, 0.538012, -2.945095 / 2.529839, 0.538012, -2.945095 / 2.529839, 0.538012, -2.945095; 1, 3, 1, 0; 0.269082762122; 1, 0, 1; 1, 0, 0; 2, 1, 2 ;
0,24; 2.599775, 0.411599, -2.997966 / 2.599775, 0.411599, -2.997966 / 2.599775, 0.411599, -2.997966; 1, 3, 1, 0; 0.269593277643; 1, 0, 1; 1, 0, 0; 2, 1, 2 / 2, 8, 0 ;
0,24; 1.316034, 2.336982, -2.155437 / 1.316034, 2.336982, -2.155437 / 1.316034, 2.336982, -2.155437; 1, 4, 1, 0; 0.791553992029; 1, 0, 1; 1, 0, 0; 3, 1, 2 ;
1,25; 0.80501, -0.602719, 1.98135 / 0.80501, -0.602719, 1.98135 / 0.80501, -0.602719, 1.98135; 1, 30, 1, 0; 0.616696007263; 0, 1, 0; 1, 0, 0; 3, 1, 1 ;
0,25; 0.803863, -0.604066, 1.980578 / 0.803863, -0.604066, 1.980578 / 0.803863, -0.604066, 1.980578; 1, 30, 1, 0; 0.616697146987; 1, 0, 1; 1, 0, 0; 3, 1, 2 ;
1,28; -1.00585, 0.208435, -1.42263 / -1.00585, 0.208435, -1.42263 / -1.00585, 0.208435, -1.42263; 1, 11, 1, 0; 0.418635558424; 1, 0, 1; 1, 0, 0; 2, 1, 2 ;
0,28; 0.538544, -0.087722, -1.087950 / 0.538544, -0.087722, -1.087950 / 0.538544, -0.087722, -1.087950; 1, 11, 1, 0; 0.697781191781; 1, 0, 1; 1, 0, 0; 3, 1, 2 ;
0,28; 0.541442, -0.087184, -1.080835 / 0.541442, -0.087184, -1.080835 / 0.541442, -0.087184, -1.080835; 1, 11, 1, 0; 0.697791656940; 1, 0, 1; 1, 0, 0; 2, 1, 2 ;
1,29; -2.04872, -1.34164, -1.79167 / -2.04872, -1.34164, -1.79167 / -2.04872, -1.34164, -1.79167; 1, 6, 1, 0; 0.880364335067; 0, 1, 0; 0, 1, 0; 1, 1, 1 ;
0,29; -2.526987, -1.436062, -1.379080 / -2.526987, -1.436062, -1.379080 / -2.526987, -1.436062, -1.379080; 1, 6, 1, 0; 0.899648618262; 1, 0, 1; 1, 0, 0; 2, 1, 2 ;
0,29; -3.015037, -1.969129, -1.218580 / -3.015037, -1.969129, -1.218580 / -3.015037, -1.969129, -1.218580; 1, 9, 1, 0; 0.396927903144; 1, 0, 1; 1, 0, 0; 3, 1, 2 ;
0,29; -3.026447, -1.969808, -1.214860 / -3.026447, -1.969808, -1.214860 / -3.026447, -1.969808, -1.214860; 1, 9, 1, 0; 0.396938300481; 1, 0, 1; 1, 0, 0; 2, 1, 2 ;
0,29; -3.044849, -1.981324, -1.204035 / -3.044849, -1.981324, -1.204035 / -3.044849, -1.981324, -1.204035; 1, 9, 1, 0; 0.396949498030; 1, 0, 1; 1, 0, 0; 3, 1, 2 ;
0,29; -2.647490, 0.780800, -0.907961 / -2.647490, 0.780800, -0.907961 / -2.647490, 0.780800, -0.907961; 1, 10, 1, 0; 0.286792537707; 1, 0, 1; 1, 0, 0; 2, 1, 2 ;
1,31; 3.49561, 1.74399, -1.61836 / 3.49561, 1.74399, -1.61836 / 3.49561, 1.74399, -1.61836; 1, 12, 1, 0; 0.037941659457; 1, 0, 1; 1, 0, 0; 2, 1, 2 ;
0,31; 1.636390, 0.683380, 0.362556 / 1.636390, 0.683380, 0.362556 / 1.636390, 0.683380, 0.362556; 1, 19, 1, 0; 0.712634681522; 1, 0, 1; 0, 1, 0; 4, 1, 2 ;
0,31; 0.597973, -0.192461, 1.711207 / 0.597973, -0.192461, 1.711207 / 0.597973, -0.192461, 1.711207; 1, 27, 1, 0; 0.659186851721; 0, 1, 0; 0, 1, 0; 1, 1, 1 ;
0,31; 0.600322, -0.194654, 1.711180 / 0.600579, -0.194483, 1.711456 / 0.600065, -0.194825, 1.710904; 1, 27, 1, 0; 0.659185811159; 2, 1, 1; 2, 0, 0; 2, 1, 1 / 2, 2, 2 ;
0,31; -0.787221, -1.573769, 3.643242 / -0.787221, -1.573769, 3.643242 / -0.787221, -1.573769, 3.643242; 1, 43, 1, 0; 0.579154156712; 1, 0, 1; 0, 1, 0; 1, 1, 2 ;
1,32; -4.11479, 0.349389, -1.39997 / -4.11479, 0.349389, -1.39997 / -4.11479, 0.349389, -1.39997; 1, 10, 1, 0; 0.025854982287; 1, 0, 1; 1, 0, 0; 3, 1, 2 ;
1,34; 0.836755, 4.09195, -1.12699 / 0.836755, 4.09195, -1.12699 / 0.836755, 4.09195, -1.12699; 1, 7, 1, 0; 0.831362631305; 1, 0, 1; 1, 0, 0; 2, 1, 2 ;
1,35; 2.69375, -1.7821, -0.19159 / 2.69375, -1.7821, -0.19159 / 2.69375, -1.7821, -0.19159; 1, 15, 1, 0; 0.574609271195; 0, 1, 0; 0, 1, 0; 4, 1, 1 ;
1,37; 0.422097, -2.57477, -0.264761 / 0.422097, -2.57477, -0.264761 / 0.422097, -2.57477, -0.264761; 1, 15, 1, 0; 0.435955421435; 0, 1, 0; 1, 0, 0; 3, 1, 1 ;
1,38; 0.378949, 3.44789, 1.42492 / 0.378949, 3.44789, 1.42492 / 0.378949, 3.44789, 1.42492; 1, 31, 1, 0; 0.034375812414; 0, 1, 0; 0, 1, 0; 1, 1, 1 ;
1,40; 1.77883, -2.72194, 0.724826 / 1.77883, -2.72194, 0.724826 / 1.77883, -2.72194, 0.724826; 1, 19, 1, 0; 0.942512155685; 1, 0, 1; 1, 0, 0; 3, 1, 2 ;
1,41; 0.904692, -4.33744, -0.146089 / 0.904752, -4.33743, -0.146063 / 0.904631, -4.33745, -0.146115; 1, 15, 1, 0; 0.212976565514; 2, 1, 1; 1, 1, 0; 3, 1, 1 / 4, 1, 2 ;
0,41; 0.909803, -4.332095, -0.143514 / 0.909803, -4.332095, -0.143514 / 0.909803, -4.332095, -0.143514; 1, 15, 1, 0; 0.212977308892; 1, 0, 1; 0, 1, 0; 1, 1, 2 ;
0,41; 0.906735, -4.340679, -0.144005 / 0.906735, -4.340679, -0.144005 / 0.906735, -4.340679, -0.144005; 1, 15, 1, 0; 0.212976786518; 1, 0, 1; 1, 0, 0; 2, 1, 2 ;
0,41; 0.683176, -3.657630, 0.187795 / 0.683176, -3.657630, 0.187795 / 0.683176, -3.657630, 0.187795; 1, 15, 1, 0; 0.878852365147; 1, 0, 1; 1, 0, 0; 3, 1, 2 ;
1,42; 3.83992, 0.484308, -2.44869 / 3.83992, 0.484308, -2.44869 / 3.83992, 0.484308, -2.44869; 1, 4, 1, 0; 0.456487497834; 1, 0, 1; 0, 1, 0; 4, 1, 2 ;
0,42; 3.792244, 0.570972, -2.260892 / 3.792329, 0.571178, -2.260465 / 3.792160, 0.570765, -2.261319; 1, 4, 1, 0; 0.457442848680; 1, 0, 2; 2, 0, 0; 2, 1, 2 / 2, 5, 0 / 2, 6, 0 / 3, 4, 2 / 4, 4, 0 ;
0,42; 3.842587, 0.490328, -2.441558 / 3.842587, 0.490328, -2.441558 / 3.842587, 0.490328, -2.441558; 1, 4, 1, 0; 0.456486756368; 1, 0, 1; 1, 0, 0; 2, 1, 2 ;
0,42; 3.804593, 0.555449, -2.260463 / 3.804593, 0.555449, -2.260463 / 3.804593, 0.555449, -2.260463; 1, 4, 1, 0; 0.457440668609; 1, 0, 1; 1, 0, 0; 2, 1, 2 ;
0,42; 3.798099, 0.559169, -2.262728 / 3.798099, 0.559169, -2.262728 / 3.798099, 0.559169, -2.262728; 1, 4, 1, 0; 0.457441796927; 1, 0, 1; 1, 0, 0; 2, 9, 0 / 3, 1, 2 ;
0,42; 3.798963, 0.560045, -2.258813 / 3.798963, 0.560045, -2.258813 / 3.798963, 0.560045, -2.258813; 1, 4, 1, 0; 0.457441865432; 0, 0, 0; 1, 0, 0; 2, 1, 3 ;
0,42; 3.784583, 1.299267, -0.844843 / 3.784583, 1.299267, -0.844843 / 3.784583, 1.299267, -0.844843; 1, 12, 1, 0; 0.316315279933; 1, 0, 1; 1, 0, 0; 2, 1, 2 ;
1,43; 0.664878, -0.449678, -3.4923 / 0.664878, -0.449678, -3.4923 / 0.664878, -0.449678, -3.4923; 1, 1, 1, 0; 0.777491642381; 1, 0, 1; 1, 0, 0; 2, 1, 2 ;
1,44; 1.46803, -1.32175, 1.39747 / 1.46803, -1.32175, 1.39747 / 1.46803, -1.32175, 1.39747; 1, 23, 1, 0; 0.970187563091; 1, 0, 1; 1, 0, 0; 2, 1, 2 ;
0,44; 1.641943, -1.460611, 1.448548 / 1.641943, -1.460611, 1.448548 / 1.641943, -1.460611, 1.448548; 1, 27, 1, 0; 0.221382446001; 1, 0, 1; 0, 1, 0; 4, 1, 2 ;
1,45; 0.959116, 0.785336, -4.18544 / 0.959116, 0.785336, -4.18544 / 0.959116, 0.785336, -4.18544; 1, 1, 1, 0; 0.139440439010; 1, 0, 1; 0, 1, 0; 1, 1, 2 ;
0,45; 0.977479, 0.362431, -3.884353 / 0.977479, 0.362431, -3.884353 / 0.977479, 0.362431, -3.884353; 1, 1, 1, 0; 0.510638877287; 1, 0, 1; 1, 0, 0; 3, 1, 2 ;
1,46; -0.53917, -3.77631, -2.33423 / -0.538541, -3.77577, -2.33379 / -0.5398, -3.77684, -2.33467; 1, 5, 1, 0; 0.614507141240; 1, 0, 2; 1, 1, 0; 3, 7, 2 / 4, 1, 2 ;
0,46; -2.122775, -1.330579, 1.410096 / -2.122775, -1.330579, 1.410096 / -2.122775, -1.330579, 1.410096; 1, 21, 1, 0; 0.976620937887; 1, 0, 1; 0, 1, 0; 1, 1, 2 ;
0,46; -2.607012, -1.013373, 2.220043 / -2.607012, -1.013373, 2.220043 / -2.607012, -1.013373, 2.220043; 1, 36, 1, 0; 0.117115650675; 1, 0, 1; 1, 0, 0; 3, 1, 2 ;
1,47; -2.35854, -2.02684, 1.45103 / -2.35854, -2.02684, 1.45103 / -2.35854, -2.02684, 1.45103; 1, 21, 1, 0; 0.931609180098; 1, 0, 1; 1, 0, 0; 2, 1, 2 ;
0,47; -2.138502, -2.700692, 2.037522 / -2.138502, -2.700692, 2.037522 / -2.138502, -2.700692, 2.037522; 1, 32, 1, 0; 0.411778333708; 1, 0, 1; 1, 0, 0; 1, 3, 0 / 3, 1, 2 ;
1,48; -1.10869, -3.23748, 1.23452 / -1.10869, -3.23748, 1.23452 / -1.10869, -3.23748, 1.23452; 1, 18, 1, 0; 0.981831320495; 1, 0, 1; 1, 0, 0; 2, 1, 2 ;
0,48; -1.105726, -3.231300, 1.235405 / -1.105726, -3.231300, 1.235405 / -1.105726, -3.231300, 1.235405; 1, 18, 1, 0; 0.981843177133; 1, 0, 1; 1, 0, 0; 2, 1, 2 ;
1,49; -2.08332, -1.0479, -2.75824 / -2.08332, -1.0479, -2.75824 / -2.08332, -1.0479, -2.75824; 1, 5, 1, 0; 0.370189232318; 1, 0, 1; 1, 0, 0; 2, 1, 2 ;
0,49; -3.641605, -0.570503, -1.670849 / -3.641605, -0.570503, -1.670849 / -3.641605, -0.570503, -1.670849; 1, 6, 1, 0; 0.815709267095; 1, 0, 1; 1, 0, 0; 2, 1, 2 ;
1,52; 1.3036, 0.215051, -0.449389 / 1.3036, 0.215051, -0.449389 / 1.3036, 0.215051, -0.449389; 1, 12, 1, 0; 0.828697010478; 1, 0, 1; 0, 1, 0; 2, 7, 0 / 4, 1, 2 ;
0,52; 1.302475, 0.211745, -0.449453 / 1.302475, 0.211745, -0.449453 / 1.302475, 0.211745, -0.449453; 1, 12, 1, 0; 0.828697691371; 0, 1, 0; 0, 1, 0; 3, 2, 0 / 4, 1, 1 ;
0,52; 0.021338, 0.478117, 0.057209 / 0.021338, 0.478117, 0.057209 / 0.021338, 0.478117, 0.057209; 1, 16, 1, 0; 0.625218901354; 1, 0, 1; 0, 1, 0; 1, 1, 2 ;
0,52; -0.873684, 0.645182, 0.327002 / -0.873684, 0.645182, 0.327002 / -0.873684, 0.645182, 0.327002; 1, 17, 1, 0; 0.796484444091; 0, 1, 0; 0, 1, 0; 1, 1, 1 ;
1,54; -1.51423, -3.54177, 0.726033 / -1.51423, -3.54177, 0.726033 / -1.51423, -3.54177, 0.726033; 1, 18, 1, 0; 0.734004439962; 0, 1, 0; 0, 1, 0; 4, 1, 1 ;
0,54; -1.515919, -3.540347, 0.724442 / -1.515919, -3.540347, 0.724442 / -1.515919, -3.540347, 0.724442; 1, 18, 1, 0; 0.734004509707; 1, 0, 1; 1, 0, 0; 3, 1, 2 ;
0,54; -2.735692, -2.566016, 1.083009 / -2.735692, -2.566016, 1.083009 / -2.735692, -2.566016, 1.083009; 1, 21, 1, 0; 0.766718754547; 0, 1, 0; 1, 0, 0; 2, 1, 1 ;
0,54; -3.534784, -1.973095, 1.309871 / -3.534784, -1.973095, 1.309871 / -3.534784, -1.973095, 1.309871; 1, 21, 1, 0; 0.941382355167; 1, 0, 1; 1, 0, 0; 2, 1, 2 ;
0,54; -3.693252, -1.848416, 1.357766 / -3.693252, -1.848416, 1.357766 / -3.693252, -1.848416, 1.357766; 1, 21, 1, 0; 0.951141698826; 1, 0, 1; 1, 0, 0; 3, 1, 2 ;
1,55; 3.58896, -1.44693, -1.13653 / 3.58896, -1.44693, -1.13653 / 3.58896, -1.44693, -1.13653; 1, 12, 1, 0; 0.130318795402; 1, 0, 1; 1, 0, 0; 3, 1, 2 ;
1,57; 0.453831, -0.9044, -3.37428 / 0.453831, -0.9044, -3.37428 / 0.453831, -0.9044, -3.37428; 1, 2, 1, 0; 0.449971604663; 1, 0, 1; 1, 0, 0; 2, 1, 2 ;
0,57; -0.010399, -0.184455, -2.583050 / -0.010399, -0.184455, -2.583050 / -0.010399, -0.184455, -2.583050; 1, 2, 1, 0; 0.934167402359; 0, 0, 0; 1, 0, 0; 2, 1, 3 / 2, 2, 0 ;
0,57; -0.216977, -0.462188, -2.547164 / -0.216977, -0.462188, -2.547164 / -0.216977, -0.462188, -2.547164; 1, 2, 1, 0; 0.952381383512; 1, 0, 1; 1, 0, 0; 3, 1, 2 ;
0,57; -0.215514, -0.465047, -2.546827 / -0.215514, -0.465047, -2.546827 / -0.215514, -0.465047, -2.546827; 1, 2, 1, 0; 0.952381434932; 0, 1, 0; 1, 0, 0; 2, 1, 1 / 3, 4, 0 ;
0,57; -0.212992, -0.460926, -2.546793 / -0.212992, -0.460926, -2.546793 / -0.212992, -0.460926, -2.546793; 1, 2, 1, 0; 0.952381842331; 1, 0, 1; 1, 0, 0; 1, 2, 0 / 2, 1, 0 / 2, 2, 0 / 3, 1, 2 ;
0,57; -0.348751, -1.288635, -2.900473 / -0.348273, -1.288554, -2.899807 / -0.349228, -1.288717, -2.901139; 1, 5, 1, 0; 0.113359455637; 2, 2, 1; 2, 1, 0; 2, 3, 1 / 2, 4, 1 / 4, 1, 2 ;
0,57; -0.353524, -1.288333, -2.893727 / -0.352828, -1.287945, -2.893299 / -0.354221, -1.288720, -2.894154; 1, 5, 1, 0; 0.113359190983; 2, 1, 1; 1, 1, 0; 1, 1, 1 / 3, 8, 2 ;
0,57; -0.350399, -1.292764, -2.901457 / -0.349726, -1.292582, -2.901011 / -0.351073, -1.292946, -2.901902; 1, 5, 1, 0; 0.113359597766; 2, 1, 1; 3, 0, 0; 1, 6, 0 / 1, 7, 0 / 2, 4, 0 / 2, 5, 2 / 2, 6, 0 / 2, 7, 3 / 3, 1, 1 / 3, 2, 0 / 3, 7, 0 / 3, 9, 0 / 4, 9, 0 ;
0,57; -0.352571, -1.286468, -2.902217 / -0.352571, -1.286468, -2.902217 / -0.352571, -1.286468, -2.902217; 1, 5, 1, 0; 0.113358867517; 1, 0, 1; 1, 0, 0; 3, 1, 2 ;
0,57; -0.351338, -1.293209, -2.901021 / -0.351024, -1.292788, -2.900139 / -0.351653, -1.293631, -2.901902; 1, 5, 1, 0; 0.113359617370; 0, 1, 0; 3, 0, 0; 1, 2, 0 / 1, 3, 0 / 2, 1, 2 / 2, 2, 0 / 2, 3, 3 / 3, 3, 0 / 3, 5, 0 / 3, 9, 1 / 4, 5, 0 ;
0,57; -0.356962, -1.289482, -2.889381 / -0.356962, -1.289482, -2.889381 / -0.356962, -1.289482, -2.889381; 1, 5, 1, 0; 0.113367767724; 1, 0, 1; 1, 0, 0; 3, 1, 2 ;
0,57; -0.357872, -1.291631, -2.885344 / -0.357872, -1.291631, -2.885344 / -0.357872, -1.291631, -2.885344; 1, 5, 1, 0; 0.113367851041; 0, 1, 0; 1, 0, 0; 2, 1, 1 / 2, 10, 0 / 3, 2, 0 ;
0,57; 0.751174, 2.433744, -1.763129 / 0.751174, 2.433744, -1.763129 / 0.751174, 2.433744, -1.763129; 1, 7, 1, 0; 0.064141162489; 0, 1, 0; 1, 0, 0; 3, 1, 1 ;
1,58; 0.812158, 2.49883, 0.11191 / 0.812158, 2.49883, 0.11191 / 0.812158, 2.49883, 0.11191; 1, 17, 1, 0; 0.565786583308; 1, 0, 1; 1, 0, 0; 3, 1, 2 ;
0,58; 0.436903, 2.352152, 0.019945 / 0.436903, 2.352152, 0.019945 / 0.436903, 2.352152, 0.019945; 1, 17, 1, 0; 0.577052711822; 1, 0, 1; 1, 0, 0; 2, 1, 2 / 4, 7, 0 ;
0,58; 1.721126, 2.983314, 0.675115 / 1.721281, 2.983470, 0.675289 / 1.720971, 2.983158, 0.674941; 1, 20, 1, 0; 0.654706773920; 1, 0, 2; 2, 0, 0; 2, 1, 2 / 2, 2, 2 ;
0,58; 1.725090, 2.980341, 0.688155 / 1.725090, 2.980341, 0.688155 / 1.725090, 2.980341, 0.688155; 1, 20, 1, 0; 0.653398566193; 1, 0, 1; 1, 0, 0; 2, 1, 2 ;
0,58; -2.070385, 0.237505, 1.067209 / -2.070385, 0.237505, 1.067209 / -2.070385, 0.237505, 1.067209; 1, 21, 1, 0; 0.483263048527; 1, 0, 1; 1, 0, 0; 2, 1, 2 ;
0,58; -2.217914, 0.110417, 1.122318 / -2.217914, 0.110417, 1.122318 / -2.217914, 0.110417, 1.122318; 1, 21, 1, 0; 0.486850069266; 1, 0, 1; 1, 0, 0; 3, 1, 2 ;
0,58; -2.658265, -0.243920, 1.308708 / -2.658265, -0.243920, 1.308708 / -2.658265, -0.243920, 1.308708; 1, 23, 1, 0; 0.734504824867; 1, 0, 1; 0, 1, 0; 1, 1, 2 ;
0,58; -1.491443, 0.725123, 0.817751 / -1.491443, 0.725123, 0.817751 / -1.491443, 0.725123, 0.817751; 1, 23, 1, 0; 0.120266701547; 1, 0, 1; 1, 0, 0; 2, 1, 2 ;
0,58; -1.730312, 0.505861, 0.923886 / -1.730312, 0.505861, 0.923886 / -1.730312, 0.505861, 0.923886; 1, 23, 1, 0; 0.178281515344; 1, 0, 1; 1, 0, 0; 2, 1, 2 ;
0,58; -2.659001, -0.246768, 1.309622 / -2.659001, -0.246768, 1.309622 / -2.659001, -0.246768, 1.309622; 1, 23, 1, 0; 0.734505696875; 1, 0, 1; 1, 0, 0; 2, 1, 2 ;
0,58; -3.551393, -0.954296, 1.675454 / -3.551393, -0.954296, 1.675454 / -3.551393, -0.954296, 1.675454; 1, 24, 1, 0; 0.717755908596; 1, 0, 1; 0, 1, 0; 1, 1, 2 ;
0,58; 2.115437, 3.508916, 1.093778 / 2.115437, 3.508916, 1.093778 / 2.115437, 3.508916, 1.093778; 1, 26, 1, 0; 0.493567613904; 1, 0, 1; 0, 1, 0; 4, 1, 2 ;
0,58; 1.972655, 3.686215, 1.177195 / 1.972655, 3.686215, 1.177195 / 1.972655, 3.686215, 1.177195; 1, 26, 1, 0; 0.494271955767; 0, 1, 0; 0, 1, 0; 1, 1, 1 ;
0,58; 2.112404, 3.512663, 1.099401 / 2.112404, 3.512663, 1.099401 / 2.112404, 3.512663, 1.099401; 1, 26, 1, 0; 0.493567056706; 1, 0, 1; 1, 0, 0; 3, 1, 2 ;
0,58; 1.938199, 3.974906, 1.370197 / 1.939451, 3.974930, 1.370246 / 1.936948, 3.974882, 1.370148; 1, 28, 1, 0; 0.013963526933; 2, 1, 1; 1, 1, 0; 1, 8, 1 / 2, 1, 2 / 4, 4, 0 ;
1,59; 1.3694, -1.55855, -0.067506 / 1.3694, -1.55855, -0.067506 / 1.3694, -1.55855, -0.067506; 1, 15, 1, 0; 0.565119529810; 1, 0, 1; 0, 1, 0; 4, 1, 2 ;
0,59; 1.375213, -1.571023, -0.072005 / 1.375213, -1.571023, -0.072005 / 1.375213, -1.571023, -0.072005; 1, 15, 1, 0; 0.565111640628; 1, 0, 1; 1, 0, 0; 3, 1, 2 ;
0,59; 0.210661, 2.374502, 0.753826 / 0.210661, 2.374502, 0.753826 / 0.210661, 2.374502, 0.753826; 1, 25, 1, 0; 0.601757541468; 1, 0, 1; 0, 1, 0; 4, 1, 2 ;
1,60; 0.441718, -1.93035, 1.82409 / 0.441718, -1.93035, 1.82409 / 0.441718, -1.93035, 1.82409; 1, 22, 1, 0; 0.974945147293; 1, 0, 1; 1, 0, 0; 3, 1, 2 ;
0,60; -2.168533, 0.916383, 1.136198 / -2.168322, 0.916653, 1.136355 / -2.168745, 0.916113, 1.136042; 1, 23, 1, 0; 0.611227795193; 2, 1, 1; 0, 2, 1; 1, 1, 1 / 4, 3, 2 ;
0,60; -2.170326, 0.918072, 1.138966 / -2.170326, 0.918072, 1.138966 / -2.170326, 0.918072, 1.138966; 1, 23, 1, 0; 0.611226827116; 1, 0, 1; 1, 0, 0; 3, 1, 2 / 4, 2, 0 ;
0,60; -2.169534, 0.917451, 1.135800 / -2.169534, 0.917451, 1.135800 / -2.169534, 0.917451, 1.135800; 1, 23, 1, 0; 0.611226923185; 0, 1, 0; 1, 0, 0; 1, 1, 0 / 2, 1, 1 ;
0,60; -2.167392, 0.915355, 1.134066 / -2.167392, 0.915355, 1.134066 / -2.167392, 0.915355, 1.134066; 1, 23, 1, 0; 0.611227913432; 1, 0, 1; 1, 0, 0; 2, 1, 2 ;
0,60; -2.223292, 1.006281, 1.093517 / -2.223292, 1.006281, 1.093517 / -2.223292, 1.006281, 1.093517; 1, 24, 1, 0; 0.278146767879; 1, 0, 1; 1, 0, 0; 3, 1, 2 ;
0,60; -0.423130, -1.212486, 1.630732 / -0.423130, -1.212486, 1.630732 / -0.423130, -1.212486, 1.630732; 1, 27, 1, 0; 0.891513437058; 1, 0, 1; 1, 0, 0; 3, 1, 2 ;
1,61; -0.53448, -1.40992, 0.242408 / -0.53448, -1.40992, 0.242408 / -0.53448, -1.40992, 0.242408; 1, 16, 1, 0; 0.876746502775; 1, 0, 1; 0, 1, 0; 4, 1, 2 ;
1,62; -0.650502, 2.45096, 1.46749 / -0.650502, 2.45096, 1.46749 / -0.650502, 2.45096, 1.46749; 1, 29, 1, 0; 0.223090786351; 0, 0, 0; 1, 0, 0; 2, 1, 3 / 3, 4, 0 ;
0,62; -0.172898, 2.112865, 3.086494 / -0.172898, 2.112865, 3.086494 / -0.172898, 2.112865, 3.086494; 1, 39, 1, 0; 0.859282083923; 0, 1, 0; 1, 0, 0; 3, 1, 1 / 4, 5, 0 ;
0,62; -0.145494, 2.094421, 3.183044 / -0.145494, 2.094421, 3.183044 / -0.145494, 2.094421, 3.183044; 1, 42, 1, 0; 0.907600126005; 1, 0, 1; 0, 1, 0; 4, 1, 2 ;
1,63; -0.428527, 1.42473, -0.55712 / -0.428527, 1.42473, -0.55712 / -0.428527, 1.42473, -0.55712; 1, 13, 1, 0; 0.420376934374; 1, 0, 1; 0, 1, 0; 1, 1, 2 ;
0,63; -1.897621, -1.155286, 0.789884 / -1.897621, -1.155286, 0.789884 / -1.897621, -1.155286, 0.789884; 1, 21, 1, 0; 0.332507399549; 0, 1, 0; 1, 0, 0; 3, 1, 1 ;
0,63; -1.792158, -1.023044, 0.743463 / -1.792158, -1.023044, 0.743463 / -1.792158, -1.023044, 0.743463; 1, 21, 1, 0; 0.334587393263; 1, 0, 1; 1, 0, 0; 3, 1, 2 ;
1,65; 1.49856, 2.1073, 0.506993 / 1.49856, 2.1073, 0.506993 / 1.49856, 2.1073, 0.506993; 1, 20, 1, 0; 0.437196708058; 1, 0, 1; 1, 0, 0; 3, 1, 2 ;
1,66; 2.67719, -0.394952, 0.472236 / 2.67719, -0.394952, 0.472236 / 2.67719, -0.394952, 0.472236; 1, 19, 1, 0; 0.556726085623; 1, 0, 1; 1, 0, 0; 3, 1, 2 ;
1,67; -0.838429, 1.16436, -3.83504 / -0.838429, 1.16436, -3.83504 / -0.838429, 1.16436, -3.83504; 1, 1, 1, 0; 0.571467246677; 1, 0, 1; 0, 1, 0; 1, 1, 2 ;
0,67; -0.839928, 1.166687, -3.837727 / -0.839928, 1.166687, -3.837727 / -0.839928, 1.166687, -3.837727; 1, 1, 1, 0; 0.571467357426; 1, 0, 1; 1, 0, 0; 2, 1, 2 ;
0,67; -0.809484, 0.988426, -3.338283 / -0.809484, 0.988426, -3.338283 / -0.809484, 0.988426, -3.338283; 1, 2, 1, 0; 0.299180162264; 1, 0, 1; 1, 0, 0; 2, 1, 2 ;
0,67; -0.454724, 0.064763, 2.854198 / -0.454724, 0.064763, 2.854198 / -0.454724, 0.064763, 2.854198; 1, 37, 1, 0; 0.982430855330; 0, 1, 0; 0, 1, 0; 4, 1, 1 ;
1,68; -0.114891, 0.265639, -2.68482 / -0.114891, 0.265639, -2.68482 / -0.114891, 0.265639, -2.68482; 1, 2, 1, 0; 0.895215257144; 1, 0, 1; 0, 1, 0; 1, 1, 2 ;
0,68; 0.499421, 0.110291, -2.069109 / 0.499421, 0.110291, -2.069109 / 0.499421, 0.110291, -2.069109; 1, 4, 1, 0; 0.611437630210; 0, 1, 0; 1, 0, 0; 2, 1, 1 ;
0,68; 3.470714, -0.453283, 0.326342 / 3.470714, -0.453283, 0.326342 / 3.470714, -0.453283, 0.326342; 1, 19, 1, 0; 0.546205256810; 1, 0, 1; 1, 0, 0; 3, 1, 2 ;
1,70; -2.22094, 2.55118, -1.08746 / -2.22094, 2.55118, -1.08746 / -2.22094, 2.55118, -1.08746; 1, 7, 1, 0; 0.674022419131; 1, 0, 1; 1, 0, 0; 2, 1, 2 / 4, 3, 0 ;
1,71; 1.88314, -0.295975, 0.441634 / 1.88314, -0.295975, 0.441634 / 1.88314, -0.295975, 0.441634; 1, 19, 1, 0; 0.589489128580; 0, 1, 0; 1, 0, 0; 1, 4, 0 / 2, 1, 1 ;
0,71; 1.627927, 0.932078, 2.804640 / 1.627927, 0.932078, 2.804640 / 1.627927, 0.932078, 2.804640; 1, 39, 1, 0; 0.468008455131; 1, 0, 1; 1, 0, 0; 3, 1, 2 ;
0,71; 1.620301, 0.944691, 2.810811 / 1.620301, 0.944691, 2.810811 / 1.620301, 0.944691, 2.810811; 1, 39, 1, 0; 0.468031400283; 1, 0, 1; 1, 0, 0; 2, 1, 2 ;
0,71; 1.623405, 0.934459, 2.797573 / 1.623405, 0.934459, 2.797573 / 1.623405, 0.934459, 2.797573; 1, 39, 1, 0; 0.468039651108; 1, 0, 1; 1, 0, 0; 2, 1, 2 ;
1,72; 0.226797, 2.75193, -3.27234 / 0.226797, 2.75193, -3.27234 / 0.226797, 2.75193, -3.27234; 1, 2, 1, 0; 0.186145824434; 1, 0, 1; 1, 0, 0; 3, 1, 2 ;
1,73; 0.141793, -4.58107, -0.554842 / 0.141793, -4.58107, -0.554842 / 0.141793, -4.58107, -0.554842; 1, 9, 1, 0; 0.778217756900; 1, 0, 1; 1, 0, 0; 2, 1, 2 ;
1,74; 1.64582, -0.719342, -2.84534 / 1.64582, -0.719342, -2.84534 / 1.64582, -0.719342, -2.84534; 1, 3, 1, 0; 0.312199655863; 1, 0, 1; 1, 0, 0; 2, 1, 2 ;
0,74; -1.603500, -0.686110, -1.054993 / -1.603500, -0.686110, -1.054993 / -1.603500, -0.686110, -1.054993; 1, 10, 1, 0; 0.134226655464; 1, 0, 1; 1, 0, 0; 3, 1, 2 ;
0,74; -3.682111, 0.185458, 0.414094 / -3.682111, 0.185458, 0.414094 / -3.682111, 0.185458, 0.414094; 1, 17, 1, 0; 0.722168125731; 0, 1, 0; 0, 1, 0; 4, 1, 1 ;
0,74; -3.679214, 0.187410, 0.417043 / -3.679214, 0.187410, 0.417043 / -3.679214, 0.187410, 0.417043; 1, 17, 1, 0; 0.722167958343; 0, 0, 0; 1, 0, 0; 1, 1, 0 / 2, 1, 3 ;
1,75; -0.921063, 0.0280605, -2.0324 / -0.921063, 0.0280605, -2.0324 / -0.921063, 0.0280605, -2.0324; 1, 4, 1, 0; 0.617387146041; 1, 0, 1; 1, 0, 0; 3, 1, 2 ;
0,75; -1.488084, -0.807972, 0.534878 / -1.488084, -0.807972, 0.534878 / -1.488084, -0.807972, 0.534878; 1, 21, 1, 0; 0.136948271547; 1, 0, 1; 0, 1, 0; 4, 1, 2 ;
1,76; -1.93175, 1.68575, -2.0238 / -1.93175, 1.68575, -2.0238 / -1.93175, 1.68575, -2.0238; 1, 6, 1, 0; 0.452794797300; 1, 0, 1; 0, 1, 0; 4, 1, 2 ;
1,77; 0.100456, 0.87964, -1.33507 / 0.100456, 0.87964, -1.33507 / 0.100456, 0.87964, -1.33507; 1, 11, 1, 0; 0.336410479120; 1, 0, 1; 0, 1, 0; 1, 1, 2 ;
0,77; 0.100621, 0.884551, -1.332193 / 0.100621, 0.884551, -1.332193 / 0.100621, 0.884551, -1.332193; 1, 11, 1, 0; 0.336420297716; 1, 0, 1; 0, 1, 0; 1, 1, 2 ;
0,77; 0.095622, 0.880942, -1.338001 / 0.095622, 0.880942, -1.338001 / 0.095622, 0.880942, -1.338001; 1, 11, 1, 0; 0.336409437754; 1, 0, 1; 1, 0, 0; 2, 1, 2 ;
0,77; 0.123506, 0.097136, -1.135349 / 0.123506, 0.097136, -1.135349 / 0.123506, 0.097136, -1.135349; 1, 11, 1, 0; 0.746875655145; 1, 0, 1; 1, 0, 0; 3, 1, 2 ;
1,78; -0.479163, -3.1984, -2.49784 / -0.478906, -3.19815, -2.49777 / -0.47942, -3.19865, -2.49791; 1, 5, 1, 0; 0.245061007586; 2, 1, 1; 1, 1, 0; 3, 3, 2 / 4, 1, 1 ;
1,83; -0.986157, -1.61075, -1.02325 / -0.986157, -1.61075, -1.02325 / -0.986157, -1.61075, -1.02325; 1, 9, 1, 0; 0.423237080916; 1, 0, 1; 0, 1, 0; 1, 1, 2 ;
0,83; -0.990473, -1.610846, -1.027164 / -0.990473, -1.610846, -1.027164 / -0.990473, -1.610846, -1.027164; 1, 9, 1, 0; 0.423237859500; 0, 1, 0; 0, 1, 0; 1, 1, 1 ;
0,83; -0.989023, -1.608987, -1.025116 / -0.989023, -1.608987, -1.025116 / -0.989023, -1.608987, -1.025116; 1, 9, 1, 0; 0.423237940603; 1, 0, 1; 1, 0, 0; 3, 1, 2 ;
0,83; -1.463240, -1.591502, 1.994761 / -1.463240, -1.591502, 1.994761 / -1.463240, -1.591502, 1.994761; 1, 30, 1, 0; 0.324706759637; 0, 0, 0; 0, 1, 0; 1, 1, 3 / 4, 6, 0 ;
1,84; 0.83666, 1.64698, 0.0996819 / 0.83666, 1.64698, 0.0996819 / 0.83666, 1.64698, 0.0996819; 1, 17, 1, 0; 0.629239089801; 1, 0, 1; 1, 0, 0; 2, 1, 2 ;
1,85; -2.21381, 3.3556, 0.204633 / -2.21381, 3.3556, 0.204633 / -2.21381, 3.3556, 0.204633; 1, 14, 1, 0; 0.630625567033; 1, 0, 1; 0, 1, 0; 1, 1, 2 ;
0,85; -2.218992, 3.357538, 0.211462 / -2.218992, 3.357538, 0.211462 / -2.218992, 3.357538, 0.211462; 1, 14, 1, 0; 0.630624773033; 0, 1, 0; 1, 0, 0; 3, 1, 1 ;
0,85; -2.215622, 3.352713, 0.210496 / -2.215622, 3.352713, 0.210496 / -2.215622, 3.352713, 0.210496; 1, 14, 1, 0; 0.630625776304; 1, 0, 1; 1, 0, 0; 2, 1, 2 / 2, 4, 0 ;
1,86; -0.254965, -4.10716, 0.168115 / -0.254965, -4.10716, 0.168115 / -0.254965, -4.10716, 0.168115; 1, 15, 1, 0; 0.947221012280; 0, 1, 0; 1, 0, 0; 3, 1, 1 / 4, 2, 0 ;
0,86; -0.695291, 1.767290, 1.716480 / -0.695291, 1.767290, 1.716480 / -0.695291, 1.767290, 1.716480; 1, 29, 1, 0; 0.311960355126; 1, 0, 1; 0, 1, 0; 4, 1, 2 ;
0,86; -0.907422, 1.860930, 1.379886 / -0.907422, 1.860930, 1.379886 / -0.907422, 1.860930, 1.379886; 1, 29, 1, 0; 0.240388451183; 1, 0, 1; 1, 0, 0; 2, 1, 2 ;
0,86; -0.705018, 1.769190, 1.682326 / -0.705018, 1.769190, 1.682326 / -0.705018, 1.769190, 1.682326; 1, 29, 1, 0; 0.311906096454; 1, 0, 1; 1, 0, 0; 3, 1, 2 ;
0,86; -0.600307, 1.742907, 2.285401 / -0.600020, 1.743016, 2.285914 / -0.600594, 1.742798, 2.284887; 1, 31, 1, 0; 0.542505937510; 1, 0, 2; 2, 0, 0; 2, 1, 2 / 3, 5, 2 ;
0,86; -0.792756, 1.248924, 2.817796 / -0.792032, 1.249489, 2.818228 / -0.793480, 1.248359, 2.817363; 1, 39, 1, 0; 0.594557724344; 1, 0, 2; 2, 0, 0; 2, 8, 2 / 3, 1, 2 ;
0,86; -0.799331, 1.273148, 2.805972 / -0.799068, 1.273416, 2.806556 / -0.799594, 1.272881, 2.805389; 1, 39, 1, 0; 0.594578563571; 2, 1, 1; 2, 0, 0; 2, 1, 1 / 2, 5, 2 ;
0,86; -0.799898, 1.249086, 2.817560 / -0.799898, 1.249086, 2.817560 / -0.799898, 1.249086, 2.817560; 1, 39, 1, 0; 0.594586327204; 0, 1, 0; 1, 0, 0; 3, 1, 1 ;
1,87; 0.872913, -2.37296, -0.0870886 / 0.872913, -2.37296, -0.0870886 / 0.872913, -2.37296, -0.0870886; 1, 15, 1, 0; 0.465192548273; 1, 0, 1; 0, 1, 0; 1, 1, 2 ;
0,87; -0.549760, -2.734027, 0.130662 / -0.549760, -2.734027, 0.130662 / -0.549760, -2.734027, 0.130662; 1, 15, 1, 0; 0.736759354507; 0, 1, 0; 0, 1, 0; 4, 1, 1 ;
0,87; 0.875358, -2.366493, -0.087412 / 0.875493, -2.366348, -0.087192 / 0.875223, -2.366637, -0.087632; 1, 15, 1, 0; 0.465192742489; 2, 1, 1; 2, 0, 0; 3, 1, 2 / 3, 2, 1 ;
0,87; 1.285759, -2.257052, -0.155004 / 1.285759, -2.257052, -0.155004 / 1.285759, -2.257052, -0.155004; 1, 15, 1, 0; 0.469934294769; 1, 0, 1; 1, 0, 0; 2, 1, 2 ;
0,87; -0.990756, -2.833472, 0.196122 / -0.990756, -2.833472, 0.196122 / -0.990756, -2.833472, 0.196122; 1, 16, 1, 0; 0.956035063328; 1, 0, 1; 0, 1, 0; 4, 1, 2 ;
0,87; -0.992439, -2.836823, 0.195203 / -0.992439, -2.836823, 0.195203 / -0.992439, -2.836823, 0.195203; 1, 16, 1, 0; 0.956034232888; 1, 0, 1; 1, 0, 0; 2, 1, 2 ;
0,87; -0.994865, -2.835119, 0.196446 / -0.994865, -2.835119, 0.196446 / -0.994865, -2.835119, 0.196446; 1, 16, 1, 0; 0.956034319950; 1, 0, 1; 1, 0, 0; 3, 1, 2 ;
0,87; -0.995782, -2.837596, 0.198520 / -0.995782, -2.837596, 0.198520 / -0.995782, -2.837596, 0.198520; 1, 16, 1, 0; 0.956045865747; 1, 0, 1; 1, 0, 0; 3, 1, 2 / 4, 7, 0 ;
0,87; -0.995199, -2.833208, 0.198795 / -0.995199, -2.833208, 0.198795 / -0.995199, -2.833208, 0.198795; 1, 16, 1, 0; 0.956046716279; 1, 0, 1; 1, 0, 0; 1, 3, 0 / 1, 4, 0 / 2, 1, 0 / 3, 1, 2 / 3, 3, 0 ;
1,88; 3.69103, 0.11344, 0.572603 / 3.69103, 0.11344, 0.572603 / 3.69103, 0.11344, 0.572603; 1, 19, 1, 0; 0.628177015993; 1, 0, 1; 1, 0, 0; 3, 1, 2 ;
0,88; 2.338536, 0.013603, 2.888275 / 2.338563, 0.014308, 2.888976 / 2.338510, 0.012898, 2.887574; 1, 39, 1, 0; 0.034889187490; 2, 1, 1; 2, 0, 0; 3, 1, 1 / 3, 6, 2 ;
1,91; 2.14283, -3.59683, -1.98086 / 2.14283, -3.59683, -1.98086 / 2.14283, -3.59683, -1.98086; 1, 8, 1, 0; 0.003818651620; 1, 0, 1; 1, 0, 0; 2, 1, 2 ;
0,91; -1.452407, -1.655911, -0.658124 / -1.452407, -1.655911, -0.658124 / -1.452407, -1.655911, -0.658124; 1, 9, 1, 0; 0.464757135936; 1, 0, 1; 1, 0, 0; 3, 1, 2 ;
0,91; -3.175735, -0.687399, 0.087412 / -3.175735, -0.687399, 0.087412 / -3.175735, -0.687399, 0.087412; 1, 14, 1, 0; 0.936129806006; 1, 0, 1; 1, 0, 0; 3, 1, 2 ;
1,93; -2.37173, 1.02966, 0.187285 / -2.37173, 1.02966, 0.187285 / -2.37173, 1.02966, 0.187285; 1, 14, 1, 0; 0.787634773735; 1, 0, 1; 0, 1, 0; 4, 1, 2 ;
1,94; 0.653071, -2.45007, 0.767109 / 0.653071, -2.45007, 0.767109 / 0.653071, -2.45007, 0.767109; 1, 18, 1, 0; 0.521234143490; 1, 0, 1; 1, 0, 0; 3, 1, 2 ;
0,94; 0.011551, -1.170874, 1.105800 / 0.011551, -1.170874, 1.105800 / 0.011551, -1.170874, 1.105800; 1, 23, 1, 0; 0.389072848172; 1, 0, 1; 1, 0, 0; 2, 1, 2 ;
0,94; -0.478587, -0.067663, 1.342321 / -0.478587, -0.067663, 1.342321 / -0.478587, -0.067663, 1.342321; 1, 23, 1, 0; 0.757261960186; 1, 0, 1; 1, 0, 0; 2, 1, 2 ;
0,94; -0.841095, 0.815740, 1.503213 / -0.840564, 0.815820, 1.503770 / -0.841626, 0.815659, 1.502656; 1, 26, 1, 0; 0.882307385024; 2, 1, 1; 0, 2, 0; 1, 1, 2 / 1, 3, 1 / 3, 6, 0 / 4, 6, 0 ;
0,94; -0.833870, 0.819611, 1.508354 / -0.833870, 0.819611, 1.508354 / -0.833870, 0.819611, 1.508354; 1, 26, 1, 0; 0.882305833440; 1, 0, 1; 1, 0, 0; 3, 1, 2 ;
1,95; 2.09516, 1.17728, 3.29913 / 2.09516, 1.17728, 3.29913 / 2.09516, 1.17728, 3.29913; 1, 42, 1, 0; 0.455999299045; 1, 0, 1; 0, 1, 0; 1, 1, 2 ;
0,95; 2.286109, 1.599666, 3.469616 / 2.286109, 1.599666, 3.469616 / 2.286109, 1.599666, 3.469616; 1, 45, 1, 0; 0.347537166872; 1, 0, 1; 1, 0, 0; 2, 1, 2 ;
1,97; 1.38257, -1.73282, -1.68733 / 1.38339, -1.73253, -1.687 / 1.38174, -1.73312, -1.68766; 1, 8, 1, 0; 0.205697569292; 2, 1, 1; 2, 0, 0; 2, 1, 1 / 3, 3, 2 ;
0,97; 3.007099, -2.060082, -2.076290 / 3.007099, -2.060082, -2.076290 / 3.007099, -2.060082, -2.076290; 1, 8, 1, 0; 0.055709412435; 0, 1, 0; 1, 0, 0; 2, 1, 1 ;
0,97; 0.794125, -1.543451, -1.461987 / 0.794125, -1.543451, -1.461987 / 0.794125, -1.543451, -1.461987; 1, 8, 1, 0; 0.711993299113; 1, 0, 1; 1, 0, 0; 2, 1, 2 ;
1,98; -1.10326, -3.2311, -0.597376 / -1.10326, -3.2311, -0.597376 / -1.10326, -3.2311, -0.597376; 1, 9, 1, 0; 0.896883978044; 1, 0, 1; 1, 0, 0; 3, 1, 2 ;
0,98; -0.880042, -3.194001, 0.182131 / -0.880042, -3.194001, 0.182131 / -0.880042, -3.194001, 0.182131; 1, 15, 1, 0; 0.819388300437; 1, 0, 1; 0, 1, 0; 1, 1, 2 ;
0,98; -0.835104, -3.199062, 0.677639 / -0.835104, -3.199062, 0.677639 / -0.835104, -3.199062, 0.677639; 1, 18, 1, 0; 0.684792020622; 1, 0, 1; 0, 1, 0; 4, 1, 2 ;
0,98; -0.837468, -3.197760, 0.678210 / -0.837468, -3.197760, 0.678210 / -0.837468, -3.197760, 0.678210; 1, 18, 1, 0; 0.684804086495; 1, 0, 1; 0, 1, 0; 1, 1, 2 ;
0,98; -0.831508, -3.195482, 0.688014 / -0.831508, -3.195482, 0.688014 / -0.831508, -3.195482, 0.688014; 1, 18, 1, 0; 0.684790876805; 0, 1, 0; 1, 0, 0; 2, 1, 1 ;
0,98; -0.826405, -3.198209, 0.687210 / -0.826405, -3.198209, 0.687210 / -0.826405, -3.198209, 0.687210; 1, 18, 1, 0; 0.684791127887; 1, 0, 1; 1, 0, 0; 2, 1, 2 ;
1,100; -0.521218, 2.01768, -2.14579 / -0.521218, 2.01768, -2.14579 / -0.521218, 2.01768, -2.14579; 1, 4, 1, 0; 0.776161063359; 1, 0, 1; 1, 0, 0; 2, 1, 2 ;
0,100; -0.522278, 2.018395, -2.149464 / -0.522278, 2.018395, -2.149464 / -0.522278, 2.018395, -2.149464; 1, 4, 1, 0; 0.776161534835; 0, 1, 0; 1, 0, 0; 3, 1, 1 ;
1,101; -2.05491, 2.07948, -1.48407 / -2.05491, 2.07948, -1.48407 / -2.05491, 2.07948, -1.48407; 1, 7, 1, 0; 0.430485967717; 1, 0, 1; 0, 1, 0; 4, 1, 2 ;
0,101; -1.355351, 2.338813, -1.096985 / -1.355351, 2.338813, -1.096985 / -1.355351, 2.338813, -1.096985; 1, 7, 1, 0; 0.646486846237; 1, 0, 1; 1, 0, 0; 3, 1, 2 ;
0,101; -1.354230, 2.336315, -1.092056 / -1.354230, 2.336315, -1.092056 / -1.354230, 2.336315, -1.092056; 1, 7, 1, 0; 0.646496219501; 1, 0, 1; 1, 0, 0; 3, 1, 2 ;
1,102; 2.88743, -1.15576, 1.729 / 2.88743, -1.15576, 1.729 / 2.88743, -1.15576, 1.729; 1, 27, 1, 0; 0.850254983646; 1, 0, 1; 1, 0, 0; 2, 1, 2 / 3, 1, 0 ;
1,103; 1.42346, 4.30899, -0.495597 / 1.42431, 4.30934, -0.4949 / 1.42261, 4.30864, -0.496294; 1, 13, 1, 0; 0.717901693004; 2, 1, 1; 2, 0, 0; 2, 1, 2 / 2, 10, 1 ;
1,104; 1.83843, 2.75349, 3.0425 / 1.83843, 2.75349, 3.0425 / 1.83843, 2.75349, 3.0425; 1, 40, 1, 0; 0.059998585573; 0, 1, 0; 1, 0, 0; 2, 1, 1 ;
0,104; 1.835517, 2.757246, 3.047191 / 1.835517, 2.757246, 3.047191 / 1.835517, 2.757246, 3.047191; 1, 40, 1, 0; 0.059999167060; 0, 1, 0; 1, 0, 0; 2, 1, 1 ;
1,105; 3.54324, 1.47673, 2.15023 / 3.54324, 1.47673, 2.15023 / 3.54324, 1.47673, 2.15023; 1, 28, 1, 0; 0.601106706374; 1, 0, 1; 1, 0, 0; 2, 1, 2 ;
1,107; -2.1584, -0.524865, -2.59708 / -2.1584, -0.524865, -2.59708 / -2.1584, -0.524865, -2.59708; 1, 2, 1, 0; 0.961614234770; 0, 0, 0; 1, 0, 0; 3, 1, 3 ;
0,107; -2.156954, -0.521366, -2.599065 / -2.156954, -0.521366, -2.599065 / -2.156954, -0.521366, -2.599065; 1, 2, 1, 0; 0.961621536315; 1, 0, 1; 1, 0, 0; 3, 1, 2 ;
1,108; -1.79162, -3.90779, -0.400137 / -1.79162, -3.90779, -0.400137 / -1.79162, -3.90779, -0.400137; 1, 9, 1, 0; 0.837996293076; 1, 0, 1; 0, 1, 0; 4, 1, 2 ;
0,108; -1.436446, -3.542078, -0.304325 / -1.435284, -3.541641, -0.303516 / -1.437608, -3.542516, -0.305134; 1, 10, 1, 0; 0.981767682502; 2, 1, 1; 2, 0, 0; 2, 10, 1 / 3, 1, 2 ;
0,108; -0.569228, -2.561756, -0.139358 / -0.569172, -2.561135, -0.139218 / -0.569284, -2.562378, -0.139498; 1, 15, 1, 0; 0.444379024956; 1, 0, 2; 1, 1, 0; 3, 1, 2 / 4, 4, 2 ;
1,110; 2.53695, -2.29819, 0.531492 / 2.53695, -2.29819, 0.531492 / 2.53695, -2.29819, 0.531492; 1, 19, 1, 0; 0.347815382546; 1, 0, 1; 0, 1, 0; 4, 1, 2 ;
1,111; -0.765408, 1.10229, -1.44618 / -0.765408, 1.10229, -1.44618 / -0.765408, 1.10229, -1.44618; 1, 11, 1, 0; 0.276746468510; 1, 0, 1; 1, 0, 0; 3, 1, 2 ;
0,111; 0.789280, 1.520435, -0.485161 / 0.789280, 1.520435, -0.485161 / 0.789280, 1.520435, -0.485161; 1, 13, 1, 0; 0.412427269023; 1, 0, 1; 1, 0, 0; 2, 1, 2 ;
0,111; 3.903532, 1.545596, 0.748670 / 3.903532, 1.545596, 0.748670 / 3.903532, 1.545596, 0.748670; 1, 20, 1, 0; 0.797403166697; 1, 0, 1; 1, 0, 0; 3, 1, 2 ;
1,112; 0.297451, 4.01533, -0.403215 / 0.297451, 4.01533, -0.403215 / 0.297451, 4.01533, -0.403215; 1, 13, 1, 0; 0.689256748689; 1, 0, 1; 0, 1, 0; 4, 1, 2 ;
1,113; -1.07016, -2.60332, -2.66057 / -1.07016, -2.60332, -2.66057 / -1.07016, -2.60332, -2.66057; 1, 5, 1, 0; 0.270328773448; 1, 0, 1; 1, 0, 0; 3, 1, 2 ;
0,113; -0.864900, -2.113489, -2.701019 / -0.864900, -2.113489, -2.701019 / -0.864900, -2.113489, -2.701019; 1, 5, 1, 0; 0.312520679748; 0, 0, 0; 1, 0, 0; 2, 1, 3 ;
1,114; 2.57198, 3.05388, -0.71267 / 2.57198, 3.05388, -0.71267 / 2.57198, 3.05388, -0.71267; 1, 13, 1, 0; 0.291397100732; 1, 0, 1; 0, 1, 0; 1, 1, 2 ;
0,114; 0.623634, 2.485349, 1.069404 / 0.623634, 2.485349, 1.069404 / 0.623634, 2.485349, 1.069404; 1, 25, 1, 0; 0.935180909520; 0, 0, 0; 1, 0, 0; 1, 5, 0 / 3, 1, 3 ;
0,114; 0.623655, 2.485187, 1.066646 / 0.623655, 2.485187, 1.066646 / 0.623655, 2.485187, 1.066646; 1, 25, 1, 0; 0.935181003815; 1, 0, 1; 1, 0, 0; 1, 8, 0 / 2, 1, 2 / 4, 3, 0 ;
1,115; 1.16055, -3.0319, -3.01321 / 1.16055, -3.0319, -3.01321 / 1.16055, -3.0319, -3.01321; 1, 3, 1, 0; 0.438035070540; 1, 0, 1; 1, 0, 0; 2, 1, 2 ;
0,115; -0.138073, -0.756461, 0.119091 / -0.138073, -0.756461, 0.119091 / -0.138073, -0.756461, 0.119091; 1, 16, 1, 0; 0.792679997911; 1, 0, 1; 0, 1, 0; 1, 1, 2 ;
1,116; -0.588662, 2.80088, 0.75095 / -0.588662, 2.80088, 0.75095 / -0.588662, 2.80088, 0.75095; 1, 25, 1, 0; 0.527902370237; 1, 0, 1; 0, 1, 0; 1, 1, 2 / 4, 9, 0 ;
0,116; -0.771116, 2.968517, 0.955505 / -0.771116, 2.968517, 0.955505 / -0.771116, 2.968517, 0.955505; 1, 25, 1, 0; 0.956494535168; 0, 1, 0; 0, 1, 0; 4, 1, 1 ;
0,116; -1.072383, 3.297990, 1.304109 / -1.072383, 3.297990, 1.304109 / -1.072383, 3.297990, 1.304109; 1, 29, 1, 0; 0.146439199115; 1, 0, 1; 1, 0, 0; 2, 1, 2 ;
1,118; 1.33327, 1.36904, 2.41103 / 1.33327, 1.36904, 2.41103 / 1.33327, 1.36904, 2.41103; 1, 31, 1, 0; 0.643042108951; 1, 0, 1; 0, 1, 0; 1, 1, 2 ;
0,118; 1.472349, 1.361856, 2.311504 / 1.472349, 1.361856, 2.311504 / 1.472349, 1.361856, 2.311504; 1, 31, 1, 0; 0.643902067443; 1, 0, 1; 0, 1, 0; 4, 1, 2 / 4, 9, 0 ;
0,118; 1.339848, 1.368836, 2.421689 / 1.339848, 1.368836, 2.421689 / 1.339848, 1.368836, 2.421689; 1, 31, 1, 0; 0.643047143166; 1, 0, 1; 1, 0, 0; 2, 1, 2 ;
0,118; 1.369467, 1.355555, 2.406747 / 1.369467, 1.355555, 2.406747 / 1.369467, 1.355555, 2.406747; 1, 31, 1, 0; 0.644151090343; 1, 0, 1; 1, 0, 0; 3, 1, 2 ;
0,118; 1.368442, 1.352497, 2.412250 / 1.368442, 1.352497, 2.412250 / 1.368442, 1.352497, 2.412250; 1, 31, 1, 0; 0.644171315329; 0, 1, 0; 1, 0, 0; 2, 1, 1 / 3, 2, 0 ;
0,118; 1.363285, 1.352677, 2.412133 / 1.363285, 1.352677, 2.412133 / 1.363285, 1.352677, 2.412133; 1, 31, 1, 0; 0.644172835508; 1, 0, 1; 1, 0, 0; 2, 1, 2 ;
0,118; 1.353943, 1.359234, 2.415828 / 1.353943, 1.359234, 2.415828 / 1.353943, 1.359234, 2.415828; 1, 31, 1, 0; 0.644174520923; 1, 0, 1; 1, 0, 0; 2, 1, 2 ;
1,121; 1.15901, -3.81309, 0.17129 / 1.15901, -3.81309, 0.17129 / 1.15901, -3.81309, 0.17129; 1, 15, 1, 0; 0.913337498928; 0, 0, 0; 1, 0, 0; 2, 1, 3 ;
0,121; 1.394711, -4.307613, 0.028428 / 1.394711, -4.307613, 0.028428 / 1.394711, -4.307613, 0.028428; 1, 15, 1, 0; 0.932326277271; 1, 0, 1; 1, 0, 0; 2, 1, 2 ;
0,121; -0.553962, -0.244325, 0.797538 / -0.553962, -0.244325, 0.797538 / -0.553962, -0.244325, 0.797538; 1, 23, 1, 0; 0.239358068812; 1, 0, 1; 0, 1, 0; 4, 1, 2 ;
1,122; -0.627867, -3.59358, 0.799949 / -0.627867, -3.59358, 0.799949 / -0.627867, -3.59358, 0.799949; 1, 18, 1, 0; 0.730058383480; 1, 0, 1; 1, 0, 0; 2, 1, 2 ;
1,123; 1.41249, -0.861388, 3.46116 / 1.41249, -0.861388, 3.46116 / 1.41249, -0.861388, 3.46116; 1, 44, 1, 0; 0.162097670751; 1, 0, 1; 1, 0, 0; 1, 2, 0 / 2, 1, 2 ;
1,124; 0.199668, -1.12133, 0.744952 / 0.199741, -1.12083, 0.745742 / 0.199595, -1.12182, 0.744162; 1, 23, 1, 0; 0.306610702942; 2, 2, 1; 1, 2, 1; 1, 3, 1 / 2, 1, 2 / 4, 5, 1 ;
1,125; -0.202135, 3.30292, -1.59142 / -0.202135, 3.30292, -1.59142 / -0.202135, 3.30292, -1.59142; 1, 7, 1, 0; 0.116351273956; 1, 0, 1; 1, 0, 0; 3, 1, 2 ;
0,125; 0.128210, 4.255288, -1.800397 / 0.128210, 4.255288, -1.800397 / 0.128210, 4.255288, -1.800397; 1, 7, 1, 0; 0.176679374011; 1, 0, 1; 1, 0, 0; 2, 1, 2 ;
1,126; -0.456578, -0.806309, -1.41761 / -0.456578, -0.806309, -1.41761 / -0.456578, -0.806309, -1.41761; 1, 11, 1, 0; 0.494711787580; 1, 0, 1; 0, 1, 0; 1, 1, 2 ;
0,126; -0.065773, -0.647215, -0.485855 / -0.065271, -0.646319, -0.484998 / -0.066275, -0.648110, -0.486711; 1, 16, 1, 0; 0.198676988235; 2, 3, 1; 2, 2, 0; 2, 1, 1 / 2, 2, 2 / 4, 1, 1 / 4, 7, 1 ;
0,126; -0.059252, -0.643092, -0.482090 / -0.059252, -0.643092, -0.482090 / -0.059252, -0.643092, -0.482090; 1, 16, 1, 0; 0.198675668906; 1, 0, 1; 0, 1, 0; 4, 1, 2 ;
0,126; 0.902324, -0.184415, 1.120569 / 0.902324, -0.184415, 1.120569 / 0.902324, -0.184415, 1.120569; 1, 23, 1, 0; 0.482008338765; 1, 0, 1; 1, 0, 0; 2, 1, 2 ;
0,126; 1.480943, 0.260107, 2.289210 / 1.481250, 0.260380, 2.289359 / 1.480636, 0.259833, 2.289061; 1, 28, 1, 0; 0.919933910523; 0, 2, 0; 1, 1, 0; 2, 1, 1 / 4, 2, 1 ;
1,127; -1.52207, -0.741856, 2.24695 / -1.52207, -0.741856, 2.24695 / -1.52207, -0.741856, 2.24695; 1, 34, 1, 0; 0.132720327588; 1, 0, 1; 0, 1, 0; 1, 1, 2 ;
0,127; -1.515987, -0.742690, 2.243471 / -1.515987, -0.742690, 2.243471 / -1.515987, -0.742690, 2.243471; 1, 34, 1, 0; 0.132721512514; 1, 0, 1; 1, 0, 0; 2, 1, 2 ;
1,128; -2.25633, 0.754299, -1.42141 / -2.25591, 0.754669, -1.42126 / -2.25676, 0.753929, -1.42156; 1, 10, 1, 0; 0.011012726600; 2, 1, 1; 1, 1, 0; 1, 4, 1 / 3, 1, 2 ;
0,128; -1.079006, 0.892710, 1.368472 / -1.079006, 0.892710, 1.368472 / -1.079006, 0.892710, 1.368472; 1, 26, 1, 0; 0.887141785607; 1, 0, 1; 1, 0, 0; 2, 1, 2 ;
0,128; -0.732732, 0.952051, 2.271522 / -0.732732, 0.952051, 2.271522 / -0.732732, 0.952051, 2.271522; 1, 31, 1, 0; 0.697364252447; 1, 0, 1; 1, 0, 0; 2, 1, 2 ;
0,128; -0.733647, 0.950176, 2.271156 / -0.733647, 0.950176, 2.271156 / -0.733647, 0.950176, 2.271156; 1, 31, 1, 0; 0.697364428699; 1, 0, 1; 1, 0, 0; 3, 1, 2 ;
1,129; -0.84726, -1.51085, 0.0186006 / -0.84726, -1.51085, 0.0186006 / -0.84726, -1.51085, 0.0186006; 1, 16, 1, 0; 0.872737057188; 0, 0, 0; 1, 0, 0; 2, 1, 3 ;
0,129; -0.799601, -1.459354, 0.102297 / -0.799601, -1.459354, 0.102297 / -0.799601, -1.459354, 0.102297; 1, 16, 1, 0; 0.874185760094; 1, 0, 1; 1, 0, 0; 2, 1, 2 ;
0,129; 0.149317, -0.351257, 1.947775 / 0.149317, -0.351257, 1.947775 / 0.149317, -0.351257, 1.947775; 1, 30, 1, 0; 0.609754199446; 1, 0, 1; 1, 0, 0; 3, 1, 2 ;
0,129; 0.747625, 0.299479, 3.290235 / 0.747625, 0.299479, 3.290235 / 0.747625, 0.299479, 3.290235; 1, 41, 1, 0; 0.866415240766; 1, 0, 1; 1, 0, 0; 2, 1, 2 ;
0,129; 0.867062, 0.415025, 3.553999 / 0.867062, 0.415025, 3.553999 / 0.867062, 0.415025, 3.553999; 1, 44, 1, 0; 0.846438674480; 1, 0, 1; 0, 1, 0; 1, 1, 2 ;
1,130; -0.0813581, 2.67974, -2.30556 / -0.0813581, 2.67974, -2.30556 / -0.0813581, 2.67974, -2.30556; 1, 4, 1, 0; 0.284607067300; 1, 0, 1; 0, 1, 0; 1, 1, 2 ;
1,134; -0.408505, 0.296906, -2.04522 / -0.408505, 0.296906, -2.04522 / -0.408505, 0.296906, -2.04522; 1, 4, 1, 0; 0.617006096947; 1, 0, 1; 1, 0, 0; 3, 1, 2 ;
0,134; 0.042670, 1.593336, -1.751614 / 0.042670, 1.593336, -1.751614 / 0.042670, 1.593336, -1.751614; 1, 7, 1, 0; 0.033249316565; 0, 1, 0; 0, 1, 0; 1, 1, 1 ;
1,135; -3.49284, -0.475581, -0.790557 / -3.49283, -0.475463, -0.790491 / -3.49285, -0.4757, -0.790622; 1, 10, 1, 0; 0.396336076760; 2, 1, 1; 2, 0, 0; 2, 1, 1 / 2, 2, 2 ;
1,137; -1.04226, -2.9089, 0.675866 / -1.04226, -2.9089, 0.675866 / -1.04226, -2.9089, 0.675866; 1, 18, 1, 0; 0.639067231322; 1, 0, 1; 1, 0, 0; 2, 1, 2 ;
0,137; -1.042538, -2.909839, 0.673879 / -1.042538, -2.909839, 0.673879 / -1.042538, -2.909839, 0.673879; 1, 18, 1, 0; 0.639067335939; 1, 0, 1; 1, 0, 0; 2, 1, 2 ;
0,137; 1.123423, 2.907869, 0.447859 / 1.123984, 2.908225, 0.447934 / 1.122862, 2.907513, 0.447785; 1, 26, 1, 0; 0.013847061849; 2, 1, 1; 1, 1, 0; 2, 1, 2 / 4, 4, 1 ;
0,137; 1.170366, 3.049405, 0.447034 / 1.170366, 3.049405, 0.447034 / 1.170366, 3.049405, 0.447034; 1, 26, 1, 0; 0.012754884060; 1, 0, 1; 1, 0, 0; 2, 1, 2 ;
1,138; -1.38956, 3.52701, 1.06762 / -1.38956, 3.52701, 1.06762 / -1.38956, 3.52701, 1.06762; 1, 26, 1, 0; 0.533893240753; 1, 0, 1; 1, 0, 0; 3, 1, 2 ;
1,139; 1.00831, 0.105621, -2.27108 / 1.00831, 0.105621, -2.27108 / 1.00831, 0.105621, -2.27108; 1, 3, 1, 0; 0.748156469493; 0, 1, 0; 0, 1, 0; 1, 1, 1 ;
0,139; 0.651403, 2.803686, 1.071326 / 0.651403, 2.803686, 1.071326 / 0.651403, 2.803686, 1.071326; 1, 25, 1, 0; 0.938826522652; 1, 0, 1; 1, 0, 0; 3, 1, 2 ;
1,141; 2.18974, 2.65875, -2.40553 / 2.18974, 2.65875, -2.40553 / 2.18974, 2.65875, -2.40553; 1, 4, 1, 0; 0.297572516592; 0, 1, 0; 0, 1, 0; 4, 1, 1 ;
0,141; -0.125272, 1.229724, 0.119625 / -0.125272, 1.229724, 0.119625 / -0.125272, 1.229724, 0.119625; 1, 16, 1, 0; 0.553855988277; 1, 0, 1; 0, 1, 0; 1, 1, 2 ;
0,141; -2.430257, -1.180099, 0.780022 / -2.430158, -1.180083, 0.780086 / -2.430356, -1.180114, 0.779958; 1, 21, 1, 0; 0.328239394707; 0, 2, 0; 1, 1, 0; 3, 1, 1 / 4, 1, 1 ;
0,141; -2.427568, -1.179521, 0.781672 / -2.427568, -1.179521, 0.781672 / -2.427568, -1.179521, 0.781672; 1, 21, 1, 0; 0.328239605707; 1, 0, 1; 1, 0, 0; 3, 1, 2 ;
1,142; 0.0343831, 1.73028, -2.39359 / 0.0343831, 1.73028, -2.39359 / 0.0343831, 1.73028, -2.39359; 1, 4, 1, 0; 0.369375455861; 1, 0, 1; 1, 0, 0; 2, 1, 2 ;
0,142; 0.065154, 1.770710, -2.299559 / 0.065154, 1.770710, -2.299559 / 0.065154, 1.770710, -2.299559; 1, 4, 1, 0; 0.369953110329; 1, 0, 1; 1, 0, 0; 2, 1, 2 ;
0,142; 0.202702, 2.080634, -1.754118 / 0.203081, 2.080661, -1.753721 / 0.202322, 2.080607, -1.754514; 1, 7, 1, 0; 0.048745194476; 2, 1, 1; 0, 2, 1; 1, 1, 2 / 2, 4, 0 / 3, 4, 0 / 4, 5, 0 / 4, 6, 1 ;
0,142; 0.717983, 3.051946, -0.155803 / 0.717983, 3.051946, -0.155803 / 0.717983, 3.051946, -0.155803; 1, 17, 1, 0; 0.214745500755; 1, 0, 1; 0, 1, 0; 1, 1, 2 ;
0,142; 0.819379, 3.230206, 0.118740 / 0.819379, 3.230206, 0.118740 / 0.819379, 3.230206, 0.118740; 1, 17, 1, 0; 0.514217685082; 1, 0, 1; 1, 0, 0; 3, 1, 2 ;
1,143; -0.486524, 3.25943, -0.335369 / -0.486524, 3.25943, -0.335369 / -0.486524, 3.25943, -0.335369; 1, 13, 1, 0; 0.631490817303; 1, 0, 1; 1, 0, 0; 2, 1, 2 ;
0,143; -1.027927, 2.573250, 0.105394 / -1.027927, 2.573250, 0.105394 / -1.027927, 2.573250, 0.105394; 1, 17, 1, 0; 0.549358597736; 1, 0, 1; 1, 0, 0; 2, 1, 2 ;
1,145; -1.65694, 3.3769, -1.09135 / -1.65694, 3.3769, -1.09135 / -1.65694, 3.3769, -1.09135; 1, 7, 1, 0; 0.746096763999; 1, 0, 1; 1, 0, 0; 2, 1, 2 ;
1,146; 1.95173, 2.34131, -0.279932 / 1.95173, 2.34131, -0.279932 / 1.95173, 2.34131, -0.279932; 1, 20, 1, 0; 0.024703794656; 0, 1, 0; 0, 1, 0; 1, 4, 0 / 3, 1, 0 / 4, 1, 1 ;
0,146; 1.724091, 2.523492, 0.069652 / 1.724091, 2.523492, 0.069652 / 1.724091, 2.523492, 0.069652; 1, 20, 1, 0; 0.249358482080; 0, 1, 0; 0, 1, 0; 4, 1, 1 ;
1,147; 2.35101, -2.59891, -0.845873 / 2.35101, -2.59891, -0.845873 / 2.35101, -2.59891, -0.845873; 1, 15, 1, 0; 0.065377046633; 0, 1, 0; 0, 1, 0; 4, 1, 1 ;
1,148; 0.540755, 3.7707, -1.68882 / 0.540755, 3.7707, -1.68882 / 0.540755, 3.7707, -1.68882; 1, 7, 1, 0; 0.161128361054; 1, 0, 1; 1, 0, 0; 2, 1, 2 ;
0,148; 0.791009, 3.935179, -0.863360 / 0.791009, 3.935179, -0.863360 / 0.791009, 3.935179, -0.863360; 1, 13, 1, 0; 0.181286950217; 0, 1, 0; 0, 1, 0; 1, 1, 1 ;
0,148; 1.155942, 4.066332, 0.106865 / 1.155942, 4.066332, 0.106865 / 1.155942, 4.066332, 0.106865; 1, 17, 1, 0; 0.388342316480; 1, 0, 1; 1, 0, 0; 1, 1, 0 / 2, 1, 2 / 3, 7, 0 ;
1,149; 3.60895, -0.256345, -1.98415 / 3.60895, -0.256345, -1.98415 / 3.60895, -0.256345, -1.98415; 1, 4, 1, 0; 0.585097615622; 1, 0, 1; 1, 0, 0; 3, 1, 2 ;
0,149; 3.967900, -0.188995, -2.035118 / 3.967900, -0.188995, -2.035118 / 3.967900, -0.188995, -2.035118; 1, 4, 1, 0; 0.587670954275; 0, 1, 0; 1, 0, 0; 2, 1, 1 / 2, 3, 0 / 4, 9, 0 ;
1,150; 1.66464, 0.52704, 2.46199 / 1.66464, 0.52704, 2.46199 / 1.66464, 0.52704, 2.46199; 1, 28, 1, 0; 0.983892962120; 1, 0, 1; 0, 1, 0; 4, 1, 2 ;
0,150; 1.792744, 0.761507, 2.606555 / 1.792744, 0.761507, 2.606555 / 1.792744, 0.761507, 2.606555; 1, 35, 1, 0; 0.102697987597; 1, 0, 1; 1, 0, 0; 2, 1, 2 ;
1,151; 0.784619, 2.96392, -0.211341 / 0.784619, 2.96392, -0.211341 / 0.784619, 2.96392, -0.211341; 1, 17, 1, 0; 0.213075904801; 0, 1, 0; 1, 0, 0; 3, 1, 1 / 3, 3, 0 ;
0,151; 3.015991, 1.137219, 2.634241 / 3.015991, 1.137219, 2.634241 / 3.015991, 1.137219, 2.634241; 1, 35, 1, 0; 0.139292670485; 1, 0, 1; 0, 1, 0; 1, 1, 2 ;
0,151; 3.233998, 0.881454, 3.072073 / 3.233998, 0.881454, 3.072073 / 3.233998, 0.881454, 3.072073; 1, 39, 1, 0; 0.219275703285; 1, 0, 1; 0, 1, 0; 4, 1, 2 ;
1,152; 1.8896, 0.18848, -3.93864 / 1.8896, 0.18848, -3.93864 / 1.8896, 0.18848, -3.93864; 1, 1, 1, 0; 0.503497159280; 1, 0, 1; 1, 0, 0; 3, 1, 2 ;
1,153; -0.546975, -2.67328, 0.21028 / -0.546975, -2.67328, 0.21028 / -0.546975, -2.67328, 0.21028; 1, 15, 1, 0; 0.736835359875; 0, 1, 0; 1, 0, 0; 2, 1, 1 ;
1,155; -0.142811, 1.57543, -0.163965 / -0.142811, 1.57543, -0.163965 / -0.142811, 1.57543, -0.163965; 1, 13, 1, 0; 0.815266697688; 1, 0, 1; 1, 0, 0; 2, 1, 2 / 4, 9, 0 ;
0,155; -0.141497, 1.577338, -0.170516 / -0.141497, 1.577338, -0.170516 / -0.141497, 1.577338, -0.170516; 1, 13, 1, 0; 0.815266980820; 1, 0, 1; 1, 0, 0; 3, 1, 2 / 4, 3, 0 ;
1,156; 2.5291, -1.5016, -1.36675 / 2.5291, -1.5016, -1.36675 / 2.5291, -1.5016, -1.36675; 1, 8, 1, 0; 0.699246932595; 1, 0, 1; 1, 0, 0; 2, 1, 2 ;
0,156; 1.964780, -0.680887, -0.702069 / 1.964780, -0.680887, -0.702069 / 1.964780, -0.680887, -0.702069; 1, 12, 1, 0; 0.516034282693; 1, 0, 1; 0, 1, 0; 4, 1, 2 ;
0,156; 1.143216, 0.691709, 0.414895 / 1.143216, 0.691709, 0.414895 / 1.143216, 0.691709, 0.414895; 1, 17, 1, 0; 0.778869650913; 1, 0, 1; 1, 0, 0; 2, 1, 2 ;
0,156; -0.372797, 2.720718, 2.288176 / -0.372797, 2.720718, 2.288176 / -0.372797, 2.720718, 2.288176; 1, 31, 1, 0; 0.362159358793; 0, 1, 0; 0, 1, 0; 4, 1, 1 ;
1,157; -0.962718, -2.19004, 2.08454 / -0.962718, -2.19004, 2.08454 / -0.962718, -2.19004, 2.08454; 1, 32, 1, 0; 0.322373847198; 1, 0, 1; 1, 0, 0; 2, 1, 2 ;
1,158; 2.79136, 1.06411, -2.59809 / 2.79136, 1.06411, -2.59809 / 2.79136, 1.06411, -2.59809; 1, 3, 1, 0; 0.699383084096; 1, 0, 1; 1, 0, 0; 2, 1, 2 / 3, 5, 0 / 4, 6, 0 ;
0,158; 2.796482, 1.066490, -2.601755 / 2.796482, 1.066490, -2.601755 / 2.796482, 1.066490, -2.601755; 1, 3, 1, 0; 0.699383213047; 1, 0, 1; 1, 0, 0; 2, 1, 2 ;
0,158; 0.786728, 1.419385, -0.789802 / 0.786728, 1.419385, -0.789802 / 0.786728, 1.419385, -0.789802; 1, 7, 1, 0; 0.993562694509; 1, 0, 1; 0, 1, 0; 1, 1, 2 ;
0,158; -0.561747, 1.770263, 0.464712 / -0.561747, 1.770263, 0.464712 / -0.561747, 1.770263, 0.464712; 1, 17, 1, 0; 0.962774704351; 1, 0, 1; 1, 0, 0; 3, 1, 2 ;
1,159; -1.40121, 2.3729, 1.53564 / -1.40121, 2.3729, 1.53564 / -1.40121, 2.3729, 1.53564; 1, 29, 1, 0; 0.230888322598; 1, 0, 1; 1, 0, 0; 2, 1, 2 ;
1,161; 2.55464, 0.408894, -0.732841 / 2.55464, 0.408894, -0.732841 / 2.55464, 0.408894, -0.732841; 1, 12, 1, 0; 0.404531471004; 1, 0, 1; 1, 0, 0; 2, 1, 2 ;
0,161; 2.554974, 0.410197, -0.727739 / 2.554974, 0.410197, -0.727739 / 2.554974, 0.410197, -0.727739; 1, 12, 1, 0; 0.404541941885; 1, 0, 1; 1, 0, 0; 2, 1, 2 ;
0,161; 2.254863, -1.351692, 2.802849 / 2.254863, -1.351692, 2.802849 / 2.254863, -1.351692, 2.802849; 1, 35, 1, 0; 0.421072774725; 1, 0, 1; 1, 0, 0; 2, 1, 2 ;
1,162; -0.522441, 0.847481, -2.11859 / -0.521913, 0.847677, -2.11826 / -0.522969, 0.847285, -2.11892; 1, 4, 1, 0; 0.670874466568; 2, 2, 2; 2, 2, 1; 1, 1, 1 / 1, 9, 0 / 2, 1, 1 / 3, 4, 2 / 4, 4, 2 ;
0,162; -0.522539, 0.846229, -2.115948 / -0.522167, 0.846513, -2.115791 / -0.522910, 0.845944, -2.116104; 1, 4, 1, 0; 0.670874535073; 2, 2, 1; 1, 2, 1; 1, 6, 1 / 3, 2, 2 / 4, 1, 1 ;
0,162; -0.522499, 0.845189, -2.113422 / -0.522499, 0.845189, -2.113422 / -0.522499, 0.845189, -2.113422; 1, 4, 1, 0; 0.670874639845; 1, 0, 1; 0, 1, 0; 1, 1, 2 ;
0,162; -0.043535, 0.128937, -1.714630 / -0.043535, 0.128937, -1.714630 / -0.043535, 0.128937, -1.714630; 1, 4, 1, 0; 0.909036605858; 1, 0, 1; 0, 1, 0; 4, 1, 2 ;
0,162; -0.496470, 0.839159, -2.097534 / -0.496470, 0.839159, -2.097534 / -0.496470, 0.839159, -2.097534; 1, 4, 1, 0; 0.670854902340; 1, 0, 1; 1, 0, 0; 2, 1, 2 ;
0,162; -0.502460, 0.840885, -2.093070 / -0.502460, 0.840885, -2.093070 / -0.502460, 0.840885, -2.093070; 1, 4, 1, 0; 0.670862308942; 1, 0, 1; 1, 0, 0; 2, 1, 2 ;
0,162; -0.522105, 0.847357, -2.117668 / -0.521913, 0.847677, -2.116963 / -0.522297, 0.847036, -2.118374; 1, 4, 1, 0; 0.670874478657; 1, 0, 1; 2, 1, 0; 1, 6, 0 / 2, 9, 2 / 3, 1, 2 / 4, 1, 2 ;
0,162; 0.069403, 0.092044, -1.640157 / 0.069403, 0.092044, -1.640157 / 0.069403, 0.092044, -1.640157; 1, 4, 1, 0; 0.906601683612; 1, 0, 1; 1, 0, 0; 2, 1, 2 ;
0,162; -0.055674, 0.134111, -1.718260 / -0.055674, 0.134111, -1.718260 / -0.055674, 0.134111, -1.718260; 1, 4, 1, 0; 0.909043174281; 1, 0, 1; 1, 0, 0; 2, 1, 2 ;
0,162; -0.188655, 0.479839, -1.826553 / -0.188655, 0.479839, -1.826553 / -0.188655, 0.479839, -1.826553; 1, 11, 1, 0; 0.048653616402; 1, 0, 1; 1, 0, 0; 1, 9, 0 / 3, 1, 2 ;
0,162; 0.456183, -0.172058, -1.387795 / 0.456183, -0.172058, -1.387795 / 0.456183, -0.172058, -1.387795; 1, 11, 1, 0; 0.434033703648; 1, 0, 1; 1, 0, 0; 2, 1, 2 ;
0,162; 0.454832, -0.177489, -1.392602 / 0.454832, -0.177489, -1.392602 / 0.454832, -0.177489, -1.392602; 1, 11, 1, 0; 0.434034029790; 1, 0, 1; 1, 0, 0; 2, 1, 2 ;
0,162; -3.072952, -0.306056, 1.303167 / -3.072952, -0.306056, 1.303167 / -3.072952, -0.306056, 1.303167; 1, 23, 1, 0; 0.730873501143; 1, 0, 1; 1, 0, 0; 3, 1, 2 ;
1,164; 2.65548, 0.528479, -2.42657 / 2.65548, 0.528479, -2.42657 / 2.65548, 0.528479, -2.42657; 1, 4, 1, 0; 0.463985376193; 0, 1, 0; 0, 1, 0; 4, 1, 1 ;
1,167; -1.53553, -1.84648, 3.52395 / -1.53553, -1.84648, 3.52395 / -1.53553, -1.84648, 3.52395; 1, 43, 1, 0; 0.556052896406; 1, 0, 1; 0, 1, 0; 4, 1, 2 ;
0,167; -1.563386, -1.884864, 3.581501 / -1.563386, -1.884864, 3.581501 / -1.563386, -1.884864, 3.581501; 1, 43, 1, 0; 0.772857321146; 0, 1, 0; 1, 0, 0; 2, 1, 1 ;
1,168; -2.56965, -0.174717, -2.35449 / -2.56926, -0.173702, -2.35408 / -2.57005, -0.175733, -2.35489; 1, 5, 1, 0; 0.390439325192; 2, 3, 1; 1, 3, 1; 1, 1, 1 / 1, 8, 1 / 3, 4, 1 / 4, 4, 2 ;
0,168; -2.575610, -0.176658, -2.353399 / -2.575610, -0.176658, -2.353399 / -2.575610, -0.176658, -2.353399; 1, 5, 1, 0; 0.390447946042; 1, 0, 1; 1, 0, 0; 2, 1, 2 ;
1,170; 2.41292, -0.371144, 2.01856 / 2.41323, -0.370351, 2.01907 / 2.41261, -0.371937, 2.01805; 1, 28, 1, 0; 0.834042287320; 0, 3, 0; 1, 2, 0; 1, 5, 0 / 3, 1, 1 / 4, 4, 1 / 4, 5, 1 ;
0,170; 2.311236, 0.223864, 2.154008 / 2.311236, 0.223864, 2.154008 / 2.311236, 0.223864, 2.154008; 1, 28, 1, 0; 0.761246730979; 1, 0, 1; 1, 0, 0; 2, 1, 2 ;
0,170; 2.641644, -0.594723, 1.990221 / 2.641644, -0.594723, 1.990221 / 2.641644, -0.594723, 1.990221; 1, 28, 1, 0; 0.829072675404; 0, 1, 0; 1, 0, 0; 3, 1, 1 / 3, 2, 0 ;
0,170; 2.642700, -0.591020, 1.990118 / 2.642700, -0.591020, 1.990118 / 2.642700, -0.591020, 1.990118; 1, 28, 1, 0; 0.829073826467; 1, 0, 1; 1, 0, 0; 1, 3, 0 / 2, 1, 2 ;
0,170; 2.412142, -0.368631, 2.018756 / 2.412142, -0.368631, 2.018756 / 2.412142, -0.368631, 2.018756; 1, 28, 1, 0; 0.834043438384; 1, 0, 1; 1, 0, 0; 3, 1, 2 ;
0,170; -0.194879, 0.858484, 2.152869 / -0.194879, 0.858484, 2.152869 / -0.194879, 0.858484, 2.152869; 1, 30, 1, 0; 0.879690501518; 1, 0, 1; 1, 0, 0; 2, 1, 2 ;
0,170; 1.909967, 1.098497, 2.171996 / 1.909967, 1.098497, 2.171996 / 1.909967, 1.098497, 2.171996; 1, 31, 1, 0; 0.738633535583; 1, 0, 1; 1, 0, 0; 3, 1, 2 ;
0,170; 2.906368, -0.944954, 2.419808 / 2.906368, -0.944954, 2.419808 / 2.906368, -0.944954, 2.419808; 1, 33, 1, 0; 0.322356256034; 1, 0, 1; 0, 1, 0; 1, 1, 2 ;
0,170; 2.907424, -0.704493, 2.150037 / 2.907631, -0.703210, 2.150518 / 2.907217, -0.705775, 2.149557; 1, 34, 1, 0; 0.036405808381; 1, 0, 2; 0, 2, 1; 1, 1, 2 / 4, 9, 2 ;
0,170; 2.588125, -1.228371, 2.485872 / 2.588325, -1.228321, 2.486204 / 2.587924, -1.228422, 2.485541; 1, 34, 1, 0; 0.604197418608; 1, 0, 2; 0, 2, 1; 1, 5, 2 / 4, 1, 2 ;
0,170; 2.945349, -0.842495, 2.261056 / 2.945390, -0.842396, 2.261229 / 2.945307, -0.842595, 2.260883; 1, 34, 1, 0; 0.061910898573; 0, 2, 0; 1, 1, 0; 2, 2, 0 / 3, 2, 1 / 3, 5, 0 / 4, 1, 1 ;
0,170; 2.597234, -1.227707, 2.479033 / 2.597312, -1.227266, 2.479096 / 2.597156, -1.228148, 2.478971; 1, 34, 1, 0; 0.604176401767; 2, 1, 1; 1, 1, 0; 3, 2, 2 / 4, 1, 1 ;
0,170; 2.926214, -0.725813, 2.152170 / 2.926214, -0.725813, 2.152170 / 2.926214, -0.725813, 2.152170; 1, 34, 1, 0; 0.036352661343; 1, 0, 1; 1, 0, 0; 3, 1, 2 ;
0,170; 2.941901, -0.842742, 2.261521 / 2.941901, -0.842742, 2.261521 / 2.941901, -0.842742, 2.261521; 1, 34, 1, 0; 0.061911085666; 1, 0, 1; 1, 0, 0; 3, 1, 2 ;
0,170; 2.592008, -1.226863, 2.482540 / 2.592008, -1.226863, 2.482540 / 2.592008, -1.226863, 2.482540; 1, 34, 1, 0; 0.604176089945; 1, 0, 1; 1, 0, 0; 3, 1, 2 ;
0,170; 2.596106, -1.207019, 2.481430 / 2.596106, -1.207019, 2.481430 / 2.596106, -1.207019, 2.481430; 1, 34, 1, 0; 0.604181827480; 1, 0, 1; 1, 0, 0; 2, 1, 2 ;
0,170; 2.596797, -1.206889, 2.487389 / 2.596797, -1.206889, 2.487389 / 2.596797, -1.206889, 2.487389; 1, 34, 1, 0; 0.604182363815; 1, 0, 1; 1, 0, 0; 2, 1, 2 ;
1,171; -2.17268, -2.6471, 2.99914 / -2.17268, -2.6471, 2.99914 / -2.17268, -2.6471, 2.99914; 1, 35, 1, 0; 0.763778143622; 1, 0, 1; 1, 0, 0; 2, 1, 2 ;
1,172; -1.83514, -0.925644, 0.127926 / -1.83514, -0.925644, 0.127926 / -1.83514, -0.925644, 0.127926; 1, 14, 1, 0; 0.948224032213; 1, 0, 1; 0, 1, 0; 1, 1, 2 ;
0,172; 0.533082, 1.331597, 0.697802 / 0.533082, 1.331597, 0.697802 / 0.533082, 1.331597, 0.697802; 1, 25, 1, 0; 0.682477442030; 0, 1, 0; 1, 0, 0; 2, 1, 1 ;
1,173; 0.949825, -1.47317, 1.42403 / 0.949825, -1.47317, 1.42403 / 0.949825, -1.47317, 1.42403; 1, 23, 1, 0; 0.965884157381; 0, 1, 0; 1, 0, 0; 2, 1, 1 ;
0,173; 0.942122, -1.446108, 1.405506 / 0.942122, -1.446108, 1.405506 / 0.942122, -1.446108, 1.405506; 1, 23, 1, 0; 0.965916998104; 1, 0, 1; 1, 0, 0; 3, 1, 2 ;
1,174; -2.80413, -2.19587, -0.0436461 / -2.80413, -2.19587, -0.0436461 / -2.80413, -2.19587, -0.0436461; 1, 10, 1, 0; 0.905963135141; 0, 1, 0; 0, 1, 0; 1, 1, 1 ;
1,176; -1.30141, 3.18905, -1.05863 / -1.30141, 3.18905, -1.05863 / -1.30141, 3.18905, -1.05863; 1, 7, 1, 0; 0.747796239649; 1, 0, 1; 1, 0, 0; 3, 1, 2 ;
0,176; -1.734479, 0.437095, 1.441152 / -1.734196, 0.437403, 1.441334 / -1.734762, 0.436786, 1.440971; 1, 23, 1, 0; 0.645255764493; 2, 1, 1; 1, 1, 0; 2, 6, 1 / 3, 4, 0 / 3, 5, 0 / 4, 1, 2 ;
0,176; -1.735037, 0.436284, 1.442278 / -1.734762, 0.436786, 1.443221 / -1.735312, 0.435783, 1.441334; 1, 23, 1, 0; 0.645255801442; 1, 0, 1; 2, 0, 0; 2, 1, 1 / 3, 9, 2 ;
1,177; 0.75731, -1.96197, -1.88371 / 0.75731, -1.96197, -1.88371 / 0.75731, -1.96197, -1.88371; 1, 5, 1, 0; 0.833417914705; 1, 0, 1; 0, 1, 0; 4, 1, 2 ;
0,177; -2.138605, -0.557187, -0.752992 / -2.138502, -0.557186, -0.752956 / -2.138709, -0.557187, -0.753028; 1, 10, 1, 0; 0.383283806756; 2, 1, 1; 1, 1, 0; 3, 1, 1 / 4, 1, 2 ;
1,178; -0.786989, 1.7224, 4.05027 / -0.786989, 1.7224, 4.05027 / -0.786989, 1.7224, 4.05027; 1, 46, 1, 0; 0.493406570071; 0, 1, 0; 0, 1, 0; 4, 1, 1 ;
0,178; -0.963178, 1.672798, 3.872599 / -0.963178, 1.672798, 3.872599 / -0.963178, 1.672798, 3.872599; 1, 46, 1, 0; 0.412205463557; 0, 1, 0; 1, 0, 0; 3, 1, 1 ;
0,178; -0.962911, 1.674018, 3.871921 / -0.962911, 1.674018, 3.871921 / -0.962911, 1.674018, 3.871921; 1, 46, 1, 0; 0.412205526757; 0, 1, 0; 1, 0, 0; 3, 1, 1 ;
1,180; 3.3198, 1.14887, -1.76861 / 3.3198, 1.14887, -1.76861 / 3.3198, 1.14887, -1.76861; 1, 11, 1, 0; 0.090933676412; 0, 1, 0; 0, 1, 0; 1, 1, 1 ;
0,180; 3.228410, 1.151561, -1.504190 / 3.228410, 1.151561, -1.504190 / 3.228410, 1.151561, -1.504190; 1, 11, 1, 0; 0.309341101239; 1, 0, 1; 1, 0, 0; 2, 1, 2 ;
0,180; 2.662489, 1.234503, 0.133863 / 2.662489, 1.234503, 0.133863 / 2.662489, 1.234503, 0.133863; 1, 19, 1, 0; 0.119489815546; 1, 0, 1; 1, 0, 0; 2, 1, 2 ;
0,180; 2.047550, 1.405934, 1.901183 / 2.047550, 1.405934, 1.901183 / 2.047550, 1.405934, 1.901183; 1, 28, 1, 0; 0.617192288425; 0, 1, 0; 0, 1, 0; 4, 1, 1 ;
0,180; 2.048810, 1.405190, 1.904140 / 2.048810, 1.405190, 1.904140 / 2.048810, 1.405190, 1.904140; 1, 28, 1, 0; 0.617192085838; 1, 0, 1; 1, 0, 0; 3, 1, 2 ;
1,181; -0.715107, 2.67449, 2.33814 / -0.715107, 2.67449, 2.33814 / -0.715107, 2.67449, 2.33814; 1, 31, 1, 0; 0.366802876883; 1, 0, 1; 1, 0, 0; 2, 1, 2 ;
0,181; -2.060744, -2.930981, 2.720211 / -2.060744, -2.930981, 2.720211 / -2.060744, -2.930981, 2.720211; 1, 36, 1, 0; 0.752021638932; 1, 0, 1; 1, 0, 0; 2, 1, 2 ;
1,182; 3.44671, -0.459229, 1.15185 / 3.44671, -0.459229, 1.15185 / 3.44671, -0.459229, 1.15185; 1, 26, 1, 0; 0.110490437615; 1, 0, 1; 0, 1, 0; 1, 1, 2 ;
0,182; 3.453022, -0.457389, 1.151715 / 3.453022, -0.457389, 1.151715 / 3.453022, -0.457389, 1.151715; 1, 26, 1, 0; 0.110489606103; 1, 0, 1; 1, 0, 0; 3, 1, 2 ;
0,182; -1.616747, 1.497022, 3.931197 / -1.616747, 1.497022, 3.931197 / -1.616747, 1.497022, 3.931197; 1, 46, 1, 0; 0.400891638953; 1, 0, 1; 0, 1, 0; 4, 1, 2 ;
1,183; -2.59355, -0.185764, -2.66516 / -2.59355, -0.185764, -2.66516 / -2.59355, -0.185764, -2.66516; 1, 2, 1, 0; 0.920820652535; 1, 0, 1; 0, 1, 0; 1, 1, 2 ;
0,183; -2.595545, -0.191911, -2.659588 / -2.595545, -0.191911, -2.659588 / -2.595545, -0.191911, -2.659588; 1, 2, 1, 0; 0.920827325182; 1, 0, 1; 1, 0, 0; 3, 1, 2 ;
0,183; -1.946355, 0.383603, -2.021781 / -1.946355, 0.383603, -2.021781 / -1.946355, 0.383603, -2.021781; 1, 6, 1, 0; 0.368546605032; 1, 0, 1; 0, 1, 0; 1, 1, 2 ;
0,183; -1.946425, 0.379960, -2.030161 / -1.946425, 0.379960, -2.030161 / -1.946425, 0.379960, -2.030161; 1, 6, 1, 0; 0.368537699924; 1, 0, 1; 1, 0, 0; 3, 1, 2 ;
0,183; -1.662755, 0.638202, -1.738577 / -1.662755, 0.638202, -1.738577 / -1.662755, 0.638202, -1.738577; 1, 6, 1, 0; 0.711518215528; 1, 0, 1; 1, 0, 0; 2, 1, 2 ;
0,183; -0.705456, 1.591730, -0.821043 / -0.705456, 1.591730, -0.821043 / -0.705456, 1.591730, -0.821043; 1, 7, 1, 0; 0.941995196266; 1, 0, 1; 1, 0, 0; 1, 2, 0 / 2, 1, 2 / 4, 7, 0 ;
1,184; -0.489854, 1.35311, -1.96241 / -0.489854, 1.35311, -1.96241 / -0.489854, 1.35311, -1.96241; 1, 4, 1, 0; 0.726215311275; 1, 0, 1; 1, 0, 0; 2, 1, 2 ;
0,184; -0.804371, 1.225014, -0.678311 / -0.804371, 1.225014, -0.678311 / -0.804371, 1.225014, -0.678311; 1, 13, 1, 0; 0.331398356359; 0, 1, 0; 0, 1, 0; 4, 1, 1 ;
0,184; -1.354943, 0.317691, 1.931311 / -1.354943, 0.317691, 1.931311 / -1.354943, 0.317691, 1.931311; 1, 30, 1, 0; 0.790181391516; 1, 0, 1; 1, 0, 0; 2, 1, 2 ;
0,184; -1.616919, -0.224019, 2.933530 / -1.616919, -0.224019, 2.933530 / -1.616919, -0.224019, 2.933530; 1, 37, 1, 0; 0.874838106260; 1, 0, 1; 1, 0, 0; 2, 1, 2 ;
1,185; 2.22439, 2.37359, 0.177527 / 2.22439, 2.37359, 0.177527 / 2.22439, 2.37359, 0.177527; 1, 20, 1, 0; 0.265104115144; 1, 0, 1; 1, 0, 0; 2, 5, 0 / 3, 1, 2 / 3, 8, 0 ;
0,185; 2.223509, 2.369215, 0.180126 / 2.223509, 2.369215, 0.180126 / 2.223509, 2.369215, 0.180126; 1, 20, 1, 0; 0.265104267000; 1, 0, 1; 1, 0, 0; 3, 1, 2 / 4, 2, 0 ;
0,185; 2.228177, 2.370716, 0.181852 / 2.228177, 2.370716, 0.181852 / 2.228177, 2.370716, 0.181852; 1, 20, 1, 0; 0.265116610697; 1, 0, 1; 1, 0, 0; 2, 1, 2 / 2, 6, 0 / 2, 10, 0 / 3, 5, 0 / 4, 10, 0 ;
0,185; 2.221661, 2.367840, 0.182898 / 2.221661, 2.367840, 0.182898 / 2.221661, 2.367840, 0.182898; 1, 20, 1, 0; 0.265117623068; 1, 0, 1; 1, 0, 0; 2, 1, 2 / 2, 3, 0 / 4, 5, 0 ;
1,186; 1.2888, 3.46987, 1.64697 / 1.2889, 3.47047, 1.64728 / 1.2887, 3.46926, 1.64665; 1, 28, 1, 0; 0.407535609309; 1, 0, 2; 1, 1, 0; 1, 8, 2 / 2, 1, 2 ;
0,186; -0.244557, 0.177392, 4.554692 / -0.243889, 0.178104, 4.555099 / -0.245224, 0.176681, 4.554285; 1, 46, 1, 0; 0.942058535038; 1, 0, 2; 2, 0, 0; 2, 1, 2 / 2, 8, 2 ;
0,186; -0.220919, -0.061366, 4.183903 / -0.220919, -0.061366, 4.183903 / -0.220919, -0.061366, 4.183903; 1, 46, 1, 0; 0.690579788733; 1, 0, 1; 1, 0, 0; 1, 2, 0 / 2, 1, 2 ;
1,187; -1.01802, 1.00161, -0.76972 / -1.01802, 1.00161, -0.76972 / -1.01802, 1.00161, -0.76972; 1, 16, 1, 0; 0.114417968583; 0, 1, 0; 0, 1, 0; 1, 1, 1 ;
0,187; -0.972667, 1.029142, -0.727099 / -0.972667, 1.029142, -0.727099 / -0.972667, 1.029142, -0.727099; 1, 16, 1, 0; 0.115738026928; 1, 0, 1; 0, 1, 0; 1, 1, 2 ;
0,187; -0.948163, 1.048898, -0.700062 / -0.948163, 1.048898, -0.700062 / -0.948163, 1.048898, -0.700062; 1, 16, 1, 0; 0.115832194827; 0, 1, 0; 1, 0, 0; 2, 1, 1 ;
0,187; 0.278948, 1.679102, 0.470615 / 0.278948, 1.679102, 0.470615 / 0.278948, 1.679102, 0.470615; 1, 17, 1, 0; 0.969682765191; 1, 0, 1; 0, 1, 0; 1, 1, 2 ;
1,188; -3.33475, -0.393654, -1.97857 / -3.33475, -0.393406, -1.97856 / -3.33476, -0.393903, -1.97858; 1, 5, 1, 0; 0.978018361088; 2, 1, 1; 1, 1, 0; 1, 2, 1 / 2, 1, 2 / 2, 10, 0 ;
0,188; -0.722697, 1.947924, -0.204610 / -0.722697, 1.947924, -0.204610 / -0.722697, 1.947924, -0.204610; 1, 13, 1, 0; 0.740698941211; 1, 0, 1; 1, 0, 0; 3, 1, 2 ;
1,189; -0.403695, 1.75418, -1.36222 / -0.403695, 1.75418, -1.36222 / -0.403695, 1.75418, -1.36222; 1, 7, 1, 0; 0.465292463241; 1, 0, 1; 1, 0, 0; 2, 1, 2 ;
0,189; -2.985944, 1.463467, 0.260056 / -2.985944, 1.463467, 0.260056 / -2.985944, 1.463467, 0.260056; 1, 14, 1, 0; 0.756244991340; 1, 0, 1; 1, 0, 0; 3, 1, 2 ;
1,190; -3.92383, -0.464066, 0.855329 / -3.92383, -0.464066, 0.855329 / -3.92383, -0.464066, 0.855329; 1, 21, 1, 0; 0.381542074842; 1, 0, 1; 0, 1, 0; 4, 1, 2 ;
0,190; -3.699579, -0.452595, 1.642779 / -3.699579, -0.452595, 1.642779 / -3.699579, -0.452595, 1.642779; 1, 24, 1, 0; 0.765173500109; 1, 0, 1; 1, 0, 0; 2, 1, 2 ;
0,190; -3.519706, -0.447950, 2.234922 / -3.519208, -0.447682, 2.234949 / -3.520204, -0.448219, 2.234895; 1, 36, 1, 0; 0.218630504737; 2, 1, 2; 2, 1, 0; 3, 1, 2 / 3, 4, 1 / 4, 4, 2 ;
0,190; -3.531077, -0.446939, 2.216834 / -3.531077, -0.446939, 2.216834 / -3.531077, -0.446939, 2.216834; 1, 36, 1, 0; 0.218587273247; 1, 0, 1; 1, 0, 0; 2, 1, 2 ;
1,191; -0.116804, -2.30746, 0.0996841 / -0.116804, -2.30746, 0.0996841 / -0.116804, -2.30746, 0.0996841; 1, 15, 1, 0; 0.724483184926; 0, 1, 0; 0, 1, 0; 4, 1, 1 ;
0,191; -0.116673, -2.306635, 0.096920 / -0.116673, -2.306635, 0.096920 / -0.116673, -2.306635, 0.096920; 1, 15, 1, 0; 0.724483265291; 1, 0, 1; 1, 0, 0; 3, 1, 2 ;
0,191; 0.404152, -2.602251, 0.555205 / 0.404152, -2.602251, 0.555205 / 0.404152, -2.602251, 0.555205; 1, 18, 1, 0; 0.324342974872; 1, 0, 1; 1, 0, 0; 2, 1, 2 / 4, 3, 0 ;
1,192; -2.46736, -2.07086, 0.802432 / -2.46736, -2.07086, 0.802432 / -2.46736, -2.07086, 0.802432; 1, 18, 1, 0; 0.476693337127; 1, 0, 1; 1, 0, 0; 2, 1, 2 ;
0,192; 2.501075, 1.110204, 0.687529 / 2.501075, 1.110204, 0.687529 / 2.501075, 1.110204, 0.687529; 1, 20, 1, 0; 0.816196933672; 0, 1, 0; 1, 0, 0; 3, 1, 1 ;
1,193; -2.55674, -1.94525, 0.497542 / -2.55674, -1.94525, 0.497542 / -2.55674, -1.94525, 0.497542; 1, 18, 1, 0; 0.454137617904; 1, 0, 1; 1, 0, 0; 2, 1, 2 ;
0,193; -3.005083, -3.064887, 0.961003 / -3.005083, -3.064887, 0.961003 / -3.005083, -3.064887, 0.961003; 1, 21, 1, 0; 0.796913245557; 1, 0, 1; 1, 0, 0; 2, 1, 2 ;
1,195; 1.52477, -2.97939, -2.00687 / 1.52477, -2.97939, -2.00687 / 1.52477, -2.97939, -2.00687; 1, 5, 1, 0; 0.706344975157; 0, 1, 0; 0, 1, 0; 4, 1, 1 ;
1,196; -1.51707, 3.88873, 1.2797 / -1.51707, 3.88873, 1.2797 / -1.51707, 3.88873, 1.2797; 1, 29, 1, 0; 0.062281426195; 1, 0, 1; 1, 0, 0; 2, 1, 2 ;
0,196; -1.520248, 3.885627, 1.281829 / -1.520248, 3.885627, 1.281829 / -1.520248, 3.885627, 1.281829; 1, 29, 1, 0; 0.062282760744; 1, 0, 1; 1, 0, 0; 3, 1, 2 ;
1,197; -3.42874, -0.804131, -2.29012 / -3.42874, -0.804131, -2.29012 / -3.42874, -0.804131, -2.29012; 1, 5, 1, 0; 0.421539647579; 1, 0, 1; 1, 0, 0; 2, 1, 2 ;
1,198; -1.97836, 1.87756, 3.22516 / -1.97836, 1.87756, 3.22516 / -1.97836, 1.87756, 3.22516; 1, 42, 1, 0; 0.957913281847; 0, 1, 0; 1, 0, 0; 2, 1, 1 ;
0,198; -1.947923, 1.920599, 3.221585 / -1.947923, 1.920599, 3.221585 / -1.947923, 1.920599, 3.221585; 1, 42, 1, 0; 0.958110759243; 1, 0, 1; 1, 0, 0; 3, 1, 2 / 4, 2, 0 ;
1,199; 2.85436, -0.848259, -0.410504 / 2.85436, -0.848259, -0.410504 / 2.85436, -0.848259, -0.410504; 1, 12, 1, 0; 0.750867378000; 1, 0, 1; 1, 0, 0; 3, 1, 2 ;
0,199; 2.856965, -0.848035, -0.408002 / 2.856965, -0.848035, -0.408002 / 2.856965, -0.848035, -0.408002; 1, 12, 1, 0; 0.750868104668; 0, 1, 0; 1, 0, 0; 2, 1, 1 ;
