1,0; 1.38012, -3.37573, 0.342802 / 1.38012, -3.37573, 0.342802 / 1.38012, -3.37573, 0.342802; 1, 18, 1, 0; 0.216517789142; 1, 0, 1; 1, 0, 0; 3, 1, 2 ;
0,0; 0.940371, -2.283463, 1.337140 / 0.940371, -2.283463, 1.337140 / 0.940371, -2.283463, 1.337140; 1, 22, 1, 0; 0.447814127974; 1, 0, 1; 0, 1, 0; 1, 1, 2 ;
0,0; 0.934581, -2.285097, 1.339730 / 0.934581, -2.285097, 1.339730 / 0.934581, -2.285097, 1.339730; 1, 22, 1, 0; 0.447813815112; 1, 0, 1; 1, 0, 0; 2, 1, 2 / 4, 6, 0 ;
0,0; 0.215291, -0.688346, 2.876809 / 0.215291, -0.688346, 2.876809 / 0.215291, -0.688346, 2.876809; 1, 36, 1, 0; 0.877276493457; 1, 0, 1; 0, 1, 0; 1, 1, 2 ;
1,1; 2.103, -1.75146, -2.35077 / 2.103, -1.75146, -2.35077 / 2.103, -1.75146, -2.35077; 1, 3, 1, 0; 0.883278146496; 1, 0, 1; 0, 1, 0; 4, 1, 2 ;
1,3; -2.39587, 0.163289, -0.991433 / -2.39587, 0.163289, -0.991433 / -2.39587, 0.163289, -0.991433; 1, 10, 1, 0; 0.221612073888; 1, 0, 1; 1, 0, 0; 2, 1, 2 ;
0,3; 1.906769, 1.149787, 3.839077 / 1.906769, 1.149787, 3.839077 / 1.906769, 1.149787, 3.839077; 1, 46, 1, 0; 0.363025951389; 1, 0, 1; 0, 1, 0; 1, 1, 2 ;
0,3; 1.908784, 1.155857, 3.850217 / 1.908784, 1.155857, 3.850217 / 1.908784, 1.155857, 3.850217; 1, 46, 1, 0; 0.363038212285; 1, 0, 1; 0, 1, 0; 1, 1, 2 ;
0,3; 1.906473, 1.156572, 3.824932 / 1.906473, 1.156572, 3.824932 / 1.906473, 1.156572, 3.824932; 1, 46, 1, 0; 0.363015434826; 1, 0, 1; 1, 0, 0; 3, 1, 2 / 4, 2, 0 ;
0,3; 1.907921, 1.155403, 3.838570 / 1.907921, 1.155403, 3.838570 / 1.907921, 1.155403, 3.838570; 1, 46, 1, 0; 0.363026861476; 1, 0, 1; 1, 0, 0; 2, 1, 2 ;
0,3; 1.910242, 1.152915, 3.844715 / 1.910242, 1.152915, 3.844715 / 1.910242, 1.152915, 3.844715; 1, 46, 1, 0; 0.363027164838; 1, 0, 1; 1, 0, 0; 2, 1, 2 ;
0,3; 1.906482, 1.148696, 3.852642 / 1.906482, 1.148696, 3.852642 / 1.906482, 1.148696, 3.852642; 1, 46, 1, 0; 0.363037308518; 0, 0, 0; 1, 0, 0; 2, 1, 3 / 2, 5, 0 / 4, 7, 0 ;
1,4; 0.183867, 0.626425, -0.239015 / 0.184053, 0.62662, -0.23872 / 0.183681, 0.626231, -0.239311; 1, 13, 1, 0; 0.919645156049; 2, 1, 1; 1, 1, 0; 2, 1, 2 / 4, 5, 1 ;
0,4; 0.177890, 0.625794, -0.243206 / 0.177890, 0.625794, -0.243206 / 0.177890, 0.625794, -0.243206; 1, 13, 1, 0; 0.919635301837; 1, 0, 1; 0, 1, 0; 1, 1, 2 ;
0,4; 0.180604, 0.622923, -0.242821 / 0.180604, 0.622923, -0.242821 / 0.180604, 0.622923, -0.242821; 1, 13, 1, 0; 0.919634637093; 1, 0, 1; 1, 0, 0; 2, 1, 2 ;
0,4; 0.177482, 0.629785, -0.247240 / 0.177482, 0.629785, -0.247240 / 0.177482, 0.629785, -0.247240; 1, 13, 1, 0; 0.919635129496; 1, 0, 1; 1, 0, 0; 3, 1, 2 / 4, 10, 0 ;
0,4; 0.178497, 0.624788, -0.239124 / 0.178497, 0.624788, -0.239124 / 0.178497, 0.624788, -0.239124; 1, 13, 1, 0; 0.919645968513; 1, 0, 1; 1, 0, 0; 3, 1, 2 ;
1,5; 1.18893, -3.76129, 0.534504 / 1.18893, -3.76129, 0.534504 / 1.18893, -3.76129, 0.534504; 1, 18, 1, 0; 0.137674334424; 1, 0, 1; 1, 0, 0; 3, 1, 2 ;
0,5; 0.791727, -3.798138, 0.373355 / 0.791727, -3.798138, 0.373355 / 0.791727, -3.798138, 0.373355; 1, 18, 1, 0; 0.140334015439; 1, 0, 1; 1, 0, 0; 2, 1, 2 / 4, 5, 0 ;
0,5; 0.791472, -3.800505, 0.376768 / 0.791472, -3.800505, 0.376768 / 0.791472, -3.800505, 0.376768; 1, 18, 1, 0; 0.140334915148; 1, 0, 1; 1, 0, 0; 2, 1, 2 ;
0,5; 2.416632, -3.591763, 1.057854 / 2.416632, -3.591763, 1.057854 / 2.416632, -3.591763, 1.057854; 1, 22, 1, 0; 0.057998883883; 1, 0, 1; 0, 1, 0; 4, 1, 2 ;
0,5; 2.415969, -3.593420, 1.053269 / 2.415969, -3.593420, 1.053269 / 2.415969, -3.593420, 1.053269; 1, 22, 1, 0; 0.057999851572; 1, 0, 1; 0, 1, 0; 4, 1, 2 ;
0,5; 2.415130, -3.590689, 1.050898 / 2.415130, -3.590689, 1.050898 / 2.415130, -3.590689, 1.050898; 1, 22, 1, 0; 0.058000048021; 1, 0, 1; 0, 1, 0; 4, 1, 2 ;
0,5; 2.404308, -3.590913, 1.052241 / 2.404308, -3.590913, 1.052241 / 2.404308, -3.590913, 1.052241; 1, 22, 1, 0; 0.058013064534; 1, 0, 1; 0, 1, 0; 1, 1, 2 ;
0,5; 2.409032, -3.586686, 1.053360 / 2.409032, -3.586686, 1.053360 / 2.409032, -3.586686, 1.053360; 1, 22, 1, 0; 0.058000375434; 1, 0, 1; 1, 0, 0; 3, 1, 2 ;
0,5; 2.406770, -3.589426, 1.050746 / 2.406770, -3.589426, 1.050746 / 2.406770, -3.589426, 1.050746; 1, 22, 1, 0; 0.058000491848; 0, 1, 0; 1, 0, 0; 3, 1, 1 ;
0,5; 2.405231, -3.577756, 1.048759 / 2.405231, -3.577756, 1.048759 / 2.405231, -3.577756, 1.048759; 1, 22, 1, 0; 0.058002652779; 1, 0, 1; 1, 0, 0; 3, 1, 2 ;
1,7; 2.17945, -2.91994, -1.72675 / 2.17945, -2.91994, -1.72675 / 2.17945, -2.91994, -1.72675; 1, 8, 1, 0; 0.321255920293; 1, 0, 1; 0, 1, 0; 4, 1, 2 ;
0,7; 2.209817, -2.992725, -1.032500 / 2.209817, -2.992725, -1.032500 / 2.209817, -2.992725, -1.032500; 1, 8, 1, 0; 0.885823696717; 1, 0, 1; 1, 0, 0; 3, 1, 2 ;
0,7; 2.230788, -2.941091, 2.387757 / 2.230788, -2.941091, 2.387757 / 2.230788, -2.941091, 2.387757; 1, 33, 1, 0; 0.726875026505; 1, 0, 1; 0, 1, 0; 1, 1, 2 ;
1,8; 3.36068, -1.76133, -2.57861 / 3.36068, -1.76133, -2.57861 / 3.36068, -1.76133, -2.57861; 1, 3, 1, 0; 0.577340993806; 0, 1, 0; 1, 0, 0; 3, 1, 1 / 4, 6, 0 ;
0,8; 1.579549, 0.493365, -0.246698 / 1.579549, 0.493365, -0.246698 / 1.579549, 0.493365, -0.246698; 1, 13, 1, 0; 0.976699946944; 1, 0, 1; 1, 0, 0; 3, 1, 2 ;
0,8; 1.576475, 0.484670, -0.244437 / 1.576475, 0.484670, -0.244437 / 1.576475, 0.484670, -0.244437; 1, 13, 1, 0; 0.976700962524; 1, 0, 1; 1, 0, 0; 3, 1, 2 ;
0,8; -0.403055, 3.326411, 2.025426 / -0.402734, 3.326607, 2.025825 / -0.403377, 3.326215, 2.025027; 1, 29, 1, 0; 0.630137867683; 1, 0, 2; 2, 0, 0; 2, 2, 0 / 3, 1, 2 / 3, 3, 2 ;
1,9; -1.03415, -1.85738, 0.130455 / -1.03415, -1.85738, 0.130455 / -1.03415, -1.85738, 0.130455; 1, 16, 1, 0; 0.931673859350; 1, 0, 1; 1, 0, 0; 3, 1, 2 ;
0,9; -1.193044, -0.707074, 1.951930 / -1.193044, -0.707074, 1.951930 / -1.193044, -0.707074, 1.951930; 1, 30, 1, 0; 0.514032218157; 1, 0, 1; 1, 0, 0; 2, 1, 2 ;
1,10; 0.242598, 2.26992, -0.479535 / 0.242598, 2.26992, -0.479535 / 0.242598, 2.26992, -0.479535; 1, 13, 1, 0; 0.487524463189; 1, 0, 1; 0, 1, 0; 1, 1, 2 ;
0,10; 0.251107, 2.305133, -0.473036 / 0.251107, 2.305133, -0.473036 / 0.251107, 2.305133, -0.473036; 1, 13, 1, 0; 0.487702676086; 1, 0, 1; 1, 0, 0; 3, 1, 2 / 4, 1, 0 ;
0,10; 0.253443, 2.304433, -0.473854 / 0.253443, 2.304433, -0.473854 / 0.253443, 2.304433, -0.473854; 1, 13, 1, 0; 0.487702737637; 1, 0, 1; 1, 0, 0; 1, 1, 0 / 2, 1, 2 ;
0,10; 0.355748, -2.106946, -0.444875 / 0.355748, -2.106946, -0.444875 / 0.355748, -2.106946, -0.444875; 1, 15, 1, 0; 0.094755207664; 1, 0, 1; 0, 1, 0; 1, 6, 0 / 4, 1, 2 / 4, 9, 0 ;
0,10; 0.222054, -1.418905, -0.480442 / 0.222054, -1.418905, -0.480442 / 0.222054, -1.418905, -0.480442; 1, 16, 1, 0; 0.235224942137; 1, 0, 1; 0, 1, 0; 4, 1, 2 ;
0,10; -0.106140, 0.066954, -0.487442 / -0.106140, 0.066954, -0.487442 / -0.106140, 0.066954, -0.487442; 1, 16, 1, 0; 0.137119196295; 0, 0, 0; 1, 0, 0; 2, 1, 3 ;
0,10; 0.215258, -1.420913, -0.481165 / 0.215258, -1.420913, -0.481165 / 0.215258, -1.420913, -0.481165; 1, 16, 1, 0; 0.235237599653; 1, 0, 1; 1, 0, 0; 3, 1, 2 ;
1,11; 0.537553, -2.88903, -3.54208 / 0.537553, -2.88903, -3.54208 / 0.537553, -2.88903, -3.54208; 1, 1, 1, 0; 0.965595851172; 1, 0, 1; 1, 0, 0; 3, 1, 2 ;
0,11; 0.536467, -2.884253, -3.531224 / 0.536467, -2.884253, -3.531224 / 0.536467, -2.884253, -3.531224; 1, 1, 1, 0; 0.965602480310; 1, 0, 1; 1, 0, 0; 2, 1, 2 ;
0,11; 0.313263, -3.065839, -2.037130 / 0.313263, -3.065839, -2.037130 / 0.313263, -3.065839, -2.037130; 1, 5, 1, 0; 0.711374733998; 1, 0, 1; 0, 1, 0; 1, 1, 2 ;
0,11; 0.316873, -3.067982, -2.066222 / 0.316873, -3.067982, -2.066222 / 0.316873, -3.067982, -2.066222; 1, 5, 1, 0; 0.711357261951; 1, 0, 1; 1, 0, 0; 2, 1, 2 ;
1,12; -0.180336, -2.78835, -2.52417 / -0.180336, -2.78835, -2.52417 / -0.180336, -2.78835, -2.52417; 1, 3, 1, 0; 0.487053200192; 1, 0, 1; 1, 0, 0; 3, 1, 2 ;
0,12; -0.039448, -2.068771, -1.714123 / -0.039448, -2.068771, -1.714123 / -0.039448, -2.068771, -1.714123; 1, 8, 1, 0; 0.227165490023; 1, 0, 1; 0, 1, 0; 1, 1, 2 / 1, 8, 0 ;
0,12; 0.100551, 0.714468, 1.767861 / 0.100702, 0.714774, 1.769015 / 0.100399, 0.714162, 1.766707; 1, 27, 1, 0; 0.510457082818; 2, 1, 1; 2, 0, 0; 1, 8, 0 / 2, 1, 2 / 2, 10, 1 ;
0,12; 0.100712, 0.714494, 1.769330 / 0.101024, 0.714827, 1.769646 / 0.100399, 0.714162, 1.769015; 1, 27, 1, 0; 0.510457165694; 1, 0, 1; 2, 0, 0; 2, 1, 1 / 3, 4, 2 ;
0,12; -0.127941, 1.246336, 2.570639 / -0.127941, 1.246336, 2.570639 / -0.127941, 1.246336, 2.570639; 1, 38, 1, 0; 0.806705226645; 1, 0, 1; 1, 0, 0; 3, 1, 2 ;
1,13; 2.35044, 0.135548, -1.09285 / 2.35044, 0.135548, -1.09285 / 2.35044, 0.135548, -1.09285; 1, 11, 1, 0; 0.730125032614; 1, 0, 1; 1, 0, 0; 3, 1, 2 ;
0,13; 1.366173, 2.903846, 1.169568 / 1.366369, 2.904181, 1.169646 / 1.365976, 2.903511, 1.169490; 1, 26, 1, 0; 0.435813098453; 1, 0, 2; 2, 0, 0; 3, 1, 2 / 3, 3, 0 / 3, 4, 2 ;
1,14; -0.470324, -1.06578, 1.25921 / -0.470324, -1.06578, 1.25921 / -0.470324, -1.06578, 1.25921; 1, 23, 1, 0; 0.902937833192; 1, 0, 1; 1, 0, 0; 3, 1, 2 ;
1,15; 1.3543, 0.451707, 3.31005 / 1.3543, 0.451707, 3.31005 / 1.3543, 0.451707, 3.31005; 1, 42, 1, 0; 0.078244566555; 1, 0, 1; 0, 1, 0; 4, 1, 2 ;
1,16; -3.29103, -1.66617, 0.330095 / -3.29103, -1.66617, 0.330095 / -3.29103, -1.66617, 0.330095; 1, 21, 1, 0; 0.222370635212; 1, 0, 1; 0, 1, 0; 1, 1, 2 ;
0,16; -3.209489, -1.519752, 0.415461 / -3.209489, -1.519752, 0.415461 / -3.209489, -1.519752, 0.415461; 1, 21, 1, 0; 0.182826060384; 1, 0, 1; 1, 0, 0; 2, 1, 2 ;
0,16; -2.703690, -0.572625, 0.986172 / -2.703690, -0.572625, 0.986172 / -2.703690, -0.572625, 0.986172; 1, 21, 1, 0; 0.556546469462; 1, 0, 1; 1, 0, 0; 2, 1, 2 ;
0,16; -2.094447, 0.993110, 2.040852 / -2.094447, 0.993110, 2.040852 / -2.094447, 0.993110, 2.040852; 1, 29, 1, 0; 0.947749745754; 1, 0, 1; 1, 0, 0; 2, 1, 2 ;
1,17; -2.75847, -1.05567, 3.47324 / -2.75773, -1.05544, 3.47435 / -2.75922, -1.0559, 3.47212; 1, 43, 1, 0; 0.353615168840; 0, 3, 0; 3, 1, 0; 1, 2, 0 / 1, 5, 1 / 2, 7, 3 / 2, 9, 0 / 3, 1, 1 / 3, 9, 1 ;
0,17; -2.694856, -0.903455, 3.409657 / -2.694856, -0.903455, 3.409657 / -2.694856, -0.903455, 3.409657; 1, 44, 1, 0; 0.270575081518; 0, 1, 0; 1, 0, 0; 3, 1, 1 ;
1,18; -0.561537, 1.10773, 0.938939 / -0.561537, 1.10773, 0.938939 / -0.561537, 1.10773, 0.938939; 1, 25, 1, 0; 0.756611529724; 1, 0, 1; 0, 1, 0; 1, 1, 2 ;
0,18; 1.835942, 1.852112, 1.113274 / 1.835942, 1.852112, 1.113274 / 1.835942, 1.852112, 1.113274; 1, 26, 1, 0; 0.305353366765; 1, 0, 1; 0, 1, 0; 1, 1, 2 ;
0,18; 3.195288, 2.301051, 1.183293 / 3.195756, 2.301331, 1.183735 / 3.194820, 2.300772, 1.182851; 1, 26, 1, 0; 0.351316831683; 2, 1, 1; 2, 0, 0; 3, 1, 2 / 3, 3, 1 ;
1,19; 0.231645, 3.40087, 1.68183 / 0.231645, 3.40087, 1.68183 / 0.231645, 3.40087, 1.68183; 1, 30, 1, 0; 0.070004461485; 1, 0, 1; 0, 1, 0; 1, 6, 0 / 4, 1, 2 ;
0,19; 0.486858, 3.104924, 1.338928 / 0.486858, 3.104924, 1.338928 / 0.486858, 3.104924, 1.338928; 1, 30, 1, 0; 0.058813878141; 0, 1, 0; 1, 0, 0; 3, 1, 1 ;
1,20; -1.9835, -0.782473, 0.446195 / -1.9835, -0.782473, 0.446195 / -1.9835, -0.782473, 0.446195; 1, 21, 1, 0; 0.132145629245; 0, 1, 0; 0, 1, 0; 1, 1, 1 ;
0,20; -2.389585, -0.678709, 0.798473 / -2.389585, -0.678709, 0.798473 / -2.389585, -0.678709, 0.798473; 1, 21, 1, 0; 0.350588973580; 1, 0, 1; 0, 1, 0; 1, 1, 2 ;
0,20; -2.387206, -0.680531, 0.798102 / -2.387206, -0.680531, 0.798102 / -2.387206, -0.680531, 0.798102; 1, 21, 1, 0; 0.350588064097; 1, 0, 1; 1, 0, 0; 3, 1, 2 ;
0,20; -2.959079, -0.513116, 1.321715 / -2.959079, -0.513116, 1.321715 / -2.959079, -0.513116, 1.321715; 1, 23, 1, 0; 0.823547234034; 1, 0, 1; 1, 0, 0; 3, 1, 2 ;
0,20; -3.883187, -0.024534, 2.119262 / -3.882849, -0.024170, 2.119507 / -3.883525, -0.024899, 2.119016; 1, 30, 1, 0; 0.685651893111; 2, 2, 2; 3, 1, 0; 1, 6, 1 / 2, 6, 2 / 3, 1, 1 / 3, 2, 2 ;
1,21; -2.34557, -1.3014, -2.8107 / -2.34557, -1.3014, -2.8107 / -2.34557, -1.3014, -2.8107; 1, 5, 1, 0; 0.126582345048; 1, 0, 1; 1, 0, 0; 3, 1, 2 / 3, 10, 0 / 4, 1, 0 ;
0,21; -2.345779, -1.299771, -2.812579 / -2.345779, -1.299771, -2.812579 / -2.345779, -1.299771, -2.812579; 1, 5, 1, 0; 0.126582398959; 0, 1, 0; 1, 0, 0; 3, 1, 1 ;
0,21; 0.526833, 3.777981, -0.831337 / 0.526908, 3.778606, -0.830935 / 0.526759, 3.777356, -0.831739; 1, 13, 1, 0; 0.183430521344; 1, 0, 1; 2, 0, 0; 2, 7, 2 / 3, 1, 3 ;
1,22; -4.38277, -0.375215, 1.12205 / -4.38277, -0.375215, 1.12205 / -4.38277, -0.375215, 1.12205; 1, 21, 1, 0; 0.575699857684; 0, 1, 0; 0, 1, 0; 4, 1, 1 ;
1,25; 4.37772, 0.0511737, -0.470772 / 4.37772, 0.0511737, -0.470772 / 4.37772, 0.0511737, -0.470772; 1, 12, 1, 0; 0.852779034665; 1, 0, 1; 1, 0, 0; 3, 1, 2 / 4, 2, 0 ;
0,25; 4.611694, 0.286770, -0.087731 / 4.611694, 0.286770, -0.087731 / 4.611694, 0.286770, -0.087731; 1, 19, 1, 0; 0.076649760068; 0, 1, 0; 0, 1, 0; 1, 1, 1 / 1, 6, 0 ;
1,26; -2.26256, 3.65555, 0.0798785 / -2.26256, 3.65555, 0.0798785 / -2.26256, 3.65555, 0.0798785; 1, 17, 1, 0; 0.489771180837; 1, 0, 1; 1, 0, 0; 3, 1, 2 ;
0,26; 1.959520, 0.500314, 3.961027 / 1.960079, 0.500830, 3.961705 / 1.958962, 0.499799, 3.960349; 1, 46, 1, 0; 0.277835882209; 1, 0, 2; 1, 1, 0; 3, 1, 2 / 4, 7, 2 ;
0,26; 1.960076, 0.503169, 3.968394 / 1.960764, 0.503594, 3.968612 / 1.959388, 0.502744, 3.968176; 1, 46, 1, 0; 0.277837013498; 1, 0, 2; 1, 1, 0; 3, 7, 2 / 4, 1, 2 ;
0,26; 1.963410, 0.501188, 3.957927 / 1.963410, 0.501188, 3.957927 / 1.963410, 0.501188, 3.957927; 1, 46, 1, 0; 0.277835768449; 1, 0, 1; 1, 0, 0; 2, 1, 2 ;
0,26; 1.963030, 0.500964, 3.965251 / 1.963030, 0.500964, 3.965251 / 1.963030, 0.500964, 3.965251; 1, 46, 1, 0; 0.277836792297; 1, 0, 1; 1, 0, 0; 3, 1, 2 ;
0,26; 1.961496, 0.501479, 3.967224 / 1.961496, 0.501479, 3.967224 / 1.961496, 0.501479, 3.967224; 1, 46, 1, 0; 0.277836912378; 0, 1, 0; 1, 0, 0; 3, 1, 1 ;
0,26; 1.958413, 0.511955, 3.973511 / 1.958413, 0.511955, 3.973511 / 1.958413, 0.511955, 3.973511; 1, 46, 1, 0; 0.277838119507; 1, 0, 1; 1, 0, 0; 3, 1, 2 ;
0,26; 1.956538, 0.516552, 3.970237 / 1.956538, 0.516552, 3.970237 / 1.956538, 0.516552, 3.970237; 1, 46, 1, 0; 0.277849204875; 1, 0, 1; 1, 0, 0; 2, 1, 2 ;
1,28; 2.37063, -2.71924, 1.38332 / 2.37063, -2.71924, 1.38332 / 2.37063, -2.71924, 1.38332; 1, 22, 1, 0; 0.500833806264; 0, 1, 0; 1, 0, 0; 2, 1, 1 ;
0,28; 1.441943, -0.552796, 2.286157 / 1.441943, -0.552796, 2.286157 / 1.441943, -0.552796, 2.286157; 1, 28, 1, 0; 0.848678532753; 1, 0, 1; 1, 0, 0; 3, 1, 2 ;
0,28; 0.756408, 1.222862, 2.694930 / 0.756408, 1.222862, 2.694930 / 0.756408, 1.222862, 2.694930; 1, 38, 1, 0; 0.876067081198; 1, 0, 1; 0, 1, 0; 4, 1, 2 ;
0,28; 0.754658, 1.225298, 2.692849 / 0.754658, 1.225298, 2.692849 / 0.754658, 1.225298, 2.692849; 1, 38, 1, 0; 0.876065121818; 1, 0, 1; 1, 0, 0; 3, 1, 2 ;
1,29; 1.09022, 0.362704, 3.45046 / 1.09022, 0.362704, 3.45046 / 1.09022, 0.362704, 3.45046; 1, 44, 1, 0; 0.834425037342; 1, 0, 1; 0, 1, 0; 4, 1, 2 ;
0,29; 1.749667, -0.648184, 4.160666 / 1.749667, -0.648184, 4.160666 / 1.749667, -0.648184, 4.160666; 1, 46, 1, 0; 0.774667590658; 1, 0, 1; 0, 1, 0; 4, 1, 2 ;
0,29; 1.707291, -0.556948, 4.091701 / 1.707516, -0.556885, 4.092270 / 1.707066, -0.557011, 4.091132; 1, 46, 1, 0; 0.711245555425; 1, 0, 2; 2, 0, 0; 2, 1, 2 / 3, 6, 2 ;
0,29; 1.394532, -0.084803, 3.753251 / 1.394532, -0.084803, 3.753251 / 1.394532, -0.084803, 3.753251; 1, 46, 1, 0; 0.186166339920; 1, 0, 1; 1, 0, 0; 3, 1, 2 ;
0,29; 1.730444, -0.547999, 4.077284 / 1.730444, -0.547999, 4.077284 / 1.730444, -0.547999, 4.077284; 1, 46, 1, 0; 0.711231840917; 1, 0, 1; 1, 0, 0; 2, 1, 2 ;
0,29; 1.722742, -0.547390, 4.079917 / 1.722742, -0.547390, 4.079917 / 1.722742, -0.547390, 4.079917; 1, 46, 1, 0; 0.711232365481; 1, 0, 1; 1, 0, 0; 3, 1, 2 ;
0,29; 1.725671, -0.545753, 4.081214 / 1.725671, -0.545753, 4.081214 / 1.725671, -0.545753, 4.081214; 1, 46, 1, 0; 0.711232460282; 1, 0, 1; 1, 0, 0; 3, 1, 2 ;
0,29; 1.719033, -0.554483, 4.088603 / 1.719033, -0.554483, 4.088603 / 1.719033, -0.554483, 4.088603; 1, 46, 1, 0; 0.711233427249; 1, 0, 1; 1, 0, 0; 2, 1, 2 / 2, 9, 0 ;
0,29; 1.713540, -0.553835, 4.091650 / 1.713540, -0.553835, 4.091650 / 1.713540, -0.553835, 4.091650; 1, 46, 1, 0; 0.711244992941; 1, 0, 1; 1, 0, 0; 3, 1, 2 ;
0,29; 1.713841, -0.557467, 4.094324 / 1.713841, -0.557467, 4.094324 / 1.713841, -0.557467, 4.094324; 1, 46, 1, 0; 0.711245827187; 1, 0, 1; 1, 0, 0; 2, 1, 2 ;
0,29; 1.703337, -0.556065, 4.089147 / 1.703337, -0.556065, 4.089147 / 1.703337, -0.556065, 4.089147; 1, 46, 1, 0; 0.711256444871; 1, 0, 1; 1, 0, 0; 3, 1, 2 ;
1,30; 3.68403, -2.04108, 1.15853 / 3.68403, -2.04108, 1.15853 / 3.68403, -2.04108, 1.15853; 1, 22, 1, 0; 0.227695596941; 0, 1, 0; 0, 1, 0; 1, 1, 1 ;
1,31; -2.11408, -2.43301, 0.703081 / -2.11408, -2.43301, 0.703081 / -2.11408, -2.43301, 0.703081; 1, 18, 1, 0; 0.548294073913; 1, 0, 1; 1, 0, 0; 3, 1, 2 ;
1,32; 1.62365, 1.17579, -1.94964 / 1.62365, 1.17579, -1.94964 / 1.62365, 1.17579, -1.94964; 1, 4, 1, 0; 0.688211297687; 1, 0, 1; 0, 1, 0; 1, 1, 2 ;
0,32; 2.616894, 0.445015, 2.043228 / 2.617599, 0.445235, 2.043347 / 2.616189, 0.444795, 2.043109; 1, 28, 1, 0; 0.718087033313; 1, 0, 2; 2, 0, 0; 2, 1, 2 / 3, 5, 0 / 3, 7, 2 ;
1,33; 3.37125, -1.10048, -0.12812 / 3.37125, -1.10048, -0.12812 / 3.37125, -1.10048, -0.12812; 1, 19, 1, 0; 0.026862546027; 1, 0, 1; 0, 1, 0; 4, 1, 2 ;
0,33; 3.349147, -1.135152, -0.125194 / 3.349147, -1.135152, -0.125194 / 3.349147, -1.135152, -0.125194; 1, 19, 1, 0; 0.026794760545; 1, 0, 1; 1, 0, 0; 3, 1, 2 ;
0,33; 3.619284, -0.728894, -0.159858 / 3.619284, -0.728894, -0.159858 / 3.619284, -0.728894, -0.159858; 1, 19, 1, 0; 0.032168810001; 1, 0, 1; 1, 0, 0; 2, 1, 2 ;
1,34; 1.95504, -1.39535, -1.61545 / 1.95504, -1.39535, -1.61545 / 1.95504, -1.39535, -1.61545; 1, 8, 1, 0; 0.172710877998; 1, 0, 1; 0, 1, 0; 1, 5, 0 / 4, 1, 2 ;
0,34; 1.825654, -0.006683, 0.200637 / 1.825654, -0.006683, 0.200637 / 1.825654, -0.006683, 0.200637; 1, 16, 1, 0; 0.727216826593; 1, 0, 1; 1, 0, 0; 2, 1, 2 ;
0,34; 1.626290, 2.269980, 3.567915 / 1.626291, 2.269986, 3.567924 / 1.626290, 2.269974, 3.567907; 1, 45, 1, 0; 0.565891055190; 0, 2, 0; 1, 1, 0; 3, 1, 1 / 4, 1, 1 ;
1,35; -2.85139, 0.410275, -1.65646 / -2.85139, 0.410275, -1.65646 / -2.85139, 0.410275, -1.65646; 1, 6, 1, 0; 0.739589865134; 1, 0, 1; 1, 0, 0; 2, 1, 2 ;
1,37; -0.439413, 0.749563, -2.33175 / -0.439413, 0.749563, -2.33175 / -0.439413, 0.749563, -2.33175; 1, 4, 1, 0; 0.432164009075; 0, 1, 0; 0, 1, 0; 1, 1, 1 ;
0,37; -0.215510, 2.275139, -0.788500 / -0.214958, 2.276109, -0.788166 / -0.216061, 2.274169, -0.788835; 1, 7, 1, 0; 0.864752326953; 1, 0, 2; 0, 2, 1; 1, 1, 2 / 4, 8, 2 ;
0,37; -0.239028, 2.179161, -0.896462 / -0.238909, 2.179382, -0.896001 / -0.239146, 2.178940, -0.896923; 1, 7, 1, 0; 0.863784758550; 1, 0, 2; 2, 0, 0; 2, 1, 2 / 3, 5, 2 ;
0,37; -0.208739, 2.270062, -0.788597 / -0.208333, 2.270625, -0.788373 / -0.209145, 2.269499, -0.788820; 1, 7, 1, 0; 0.864753206495; 1, 0, 2; 2, 0, 0; 1, 1, 0 / 2, 1, 2 / 2, 7, 2 ;
0,37; -0.213149, 2.273212, -0.793106 / -0.213149, 2.273212, -0.793106 / -0.213149, 2.273212, -0.793106; 1, 7, 1, 0; 0.864743608231; 1, 0, 1; 1, 0, 0; 3, 1, 2 / 3, 9, 0 / 4, 4, 0 ;
0,37; -0.216864, 2.276358, -0.784919 / -0.216864, 2.276358, -0.784919 / -0.216864, 2.276358, -0.784919; 1, 7, 1, 0; 0.864752270703; 1, 0, 1; 1, 0, 0; 3, 1, 2 ;
0,37; -0.209796, 2.272241, -0.788070 / -0.209796, 2.272241, -0.788070 / -0.209796, 2.272241, -0.788070; 1, 7, 1, 0; 0.864753140018; 1, 0, 1; 1, 0, 0; 3, 1, 2 ;
0,37; -0.088884, 3.192270, 0.086803 / -0.088884, 3.192270, 0.086803 / -0.088884, 3.192270, 0.086803; 1, 17, 1, 0; 0.504975456760; 1, 0, 1; 1, 0, 0; 3, 1, 2 ;
1,38; 0.95526, -1.19301, 2.66543 / 0.955455, -1.19285, 2.66545 / 0.955065, -1.19317, 2.66542; 1, 34, 1, 0; 0.577293292821; 1, 0, 2; 2, 0, 0; 2, 6, 2 / 3, 1, 2 ;
0,38; 1.272469, -1.980932, 2.928264 / 1.272469, -1.980932, 2.928264 / 1.272469, -1.980932, 2.928264; 1, 35, 1, 0; 0.628993296285; 1, 0, 1; 1, 0, 0; 2, 1, 2 ;
1,39; -3.34101, 0.715432, 2.69608 / -3.34101, 0.715432, 2.69608 / -3.34101, 0.715432, 2.69608; 1, 37, 1, 0; 0.671184429667; 1, 0, 1; 1, 0, 0; 3, 1, 2 ;
0,39; -2.416397, -0.264563, 3.595071 / -2.415932, -0.264427, 3.595359 / -2.416862, -0.264698, 3.594782; 1, 44, 1, 0; 0.591233424063; 2, 1, 1; 1, 1, 0; 3, 3, 1 / 3, 5, 0 / 4, 1, 2 ;
1,40; 3.2803, -1.66884, -2.35863 / 3.2803, -1.66884, -2.35863 / 3.2803, -1.66884, -2.35863; 1, 3, 1, 0; 0.875256998594; 1, 0, 1; 1, 0, 0; 2, 1, 2 ;
0,40; 3.284890, -1.669644, -2.358609 / 3.284890, -1.669644, -2.358609 / 3.284890, -1.669644, -2.358609; 1, 3, 1, 0; 0.875257462010; 1, 0, 1; 1, 0, 0; 2, 1, 2 ;
0,40; 3.173791, -1.721368, -2.221474 / 3.173791, -1.721368, -2.221474 / 3.173791, -1.721368, -2.221474; 1, 3, 1, 0; 0.876263425976; 1, 0, 1; 1, 0, 0; 2, 1, 2 ;
0,40; 1.072503, -3.123396, 0.531595 / 1.072503, -3.123396, 0.531595 / 1.072503, -3.123396, 0.531595; 1, 18, 1, 0; 0.221642555845; 0, 1, 0; 1, 0, 0; 2, 1, 1 ;
1,41; 3.89881, -1.6823, 1.00353 / 3.89881, -1.6823, 1.00353 / 3.89881, -1.6823, 1.00353; 1, 22, 1, 0; 0.317930643593; 0, 1, 0; 0, 1, 0; 1, 1, 1 ;
0,41; 3.884268, -1.686500, 0.999292 / 3.884268, -1.686500, 0.999292 / 3.884268, -1.686500, 0.999292; 1, 22, 1, 0; 0.317933699455; 1, 0, 1; 1, 0, 0; 2, 1, 2 ;
0,41; 3.306640, -0.324006, 1.666858 / 3.306640, -0.324006, 1.666858 / 3.306640, -0.324006, 1.666858; 1, 27, 1, 0; 0.722438229314; 0, 1, 0; 0, 1, 0; 4, 1, 1 ;
0,41; 3.307014, -0.320692, 1.668525 / 3.307014, -0.320692, 1.668525 / 3.307014, -0.320692, 1.668525; 1, 27, 1, 0; 0.722439343544; 1, 0, 1; 1, 0, 0; 3, 1, 2 ;
1,47; -0.558197, -1.10899, -1.03755 / -0.558197, -1.10899, -1.03755 / -0.558197, -1.10899, -1.03755; 1, 11, 1, 0; 0.605276414084; 1, 0, 1; 1, 0, 0; 2, 1, 2 ;
0,47; -1.178637, -1.115536, -0.417492 / -1.178201, -1.115480, -0.416852 / -1.179072, -1.115593, -0.418132; 1, 16, 1, 0; 0.208436227551; 1, 0, 2; 2, 0, 0; 1, 2, 0 / 2, 1, 2 / 2, 2, 0 / 2, 6, 2 ;
1,48; -2.64893, -0.592813, -2.77715 / -2.64893, -0.592813, -2.77715 / -2.64893, -0.592813, -2.77715; 1, 2, 1, 0; 0.965076943097; 0, 1, 0; 0, 1, 0; 4, 1, 1 ;
0,48; 1.129750, 0.373877, 0.435702 / 1.129750, 0.373877, 0.435702 / 1.129750, 0.373877, 0.435702; 1, 17, 1, 0; 0.775934072909; 1, 0, 1; 1, 0, 0; 3, 1, 2 ;
1,49; 0.316232, 1.71916, 3.79666 / 0.316232, 1.71916, 3.79666 / 0.316232, 1.71916, 3.79666; 1, 46, 1, 0; 0.423824331686; 1, 0, 1; 1, 0, 0; 2, 1, 2 ;
0,49; 0.520495, 1.957742, 3.817893 / 0.520495, 1.957742, 3.817893 / 0.520495, 1.957742, 3.817893; 1, 46, 1, 0; 0.446871164520; 1, 0, 1; 1, 0, 0; 3, 1, 2 / 4, 4, 0 ;
1,50; -4.46956, -0.751798, 0.0553747 / -4.46956, -0.751798, 0.0553747 / -4.46956, -0.751798, 0.0553747; 1, 14, 1, 0; 0.924288465587; 1, 0, 1; 1, 0, 0; 2, 1, 2 ;
0,50; 0.884481, 0.262130, 1.437092 / 0.884481, 0.262130, 1.437092 / 0.884481, 0.262130, 1.437092; 1, 23, 1, 0; 0.678763373874; 1, 0, 1; 1, 0, 0; 2, 1, 2 ;
1,51; -2.53193, 1.17018, 0.229636 / -2.53193, 1.17018, 0.229636 / -2.53193, 1.17018, 0.229636; 1, 14, 1, 0; 0.784688345933; 1, 0, 1; 1, 0, 0; 3, 1, 2 ;
0,51; -1.674610, 1.481915, 1.332027 / -1.674516, 1.482868, 1.332378 / -1.674704, 1.480963, 1.331677; 1, 29, 1, 0; 0.258470626283; 2, 1, 2; 0, 3, 1; 1, 1, 2 / 1, 2, 1 / 4, 8, 2 ;
0,51; -1.673945, 1.482129, 1.330136 / -1.673057, 1.482618, 1.330424 / -1.674833, 1.481639, 1.329848; 1, 29, 1, 0; 0.258471756267; 2, 3, 1; 1, 3, 0; 2, 1, 1 / 4, 6, 2 / 4, 7, 1 / 4, 8, 1 ;
0,51; -1.674408, 1.484602, 1.325611 / -1.674408, 1.484602, 1.325611 / -1.674408, 1.484602, 1.325611; 1, 29, 1, 0; 0.258473451241; 0, 1, 0; 0, 1, 0; 4, 1, 1 ;
0,51; -0.378783, 1.955532, 3.263609 / -0.378783, 1.955532, 3.263609 / -0.378783, 1.955532, 3.263609; 1, 42, 1, 0; 0.917964017641; 1, 0, 1; 1, 0, 0; 2, 1, 2 ;
0,51; -0.378035, 1.951183, 3.266547 / -0.378035, 1.951183, 3.266547 / -0.378035, 1.951183, 3.266547; 1, 42, 1, 0; 0.917999586937; 1, 0, 1; 1, 0, 0; 2, 1, 2 ;
0,51; -0.377875, 1.956435, 3.267808 / -0.377875, 1.956435, 3.267808 / -0.377875, 1.956435, 3.267808; 1, 42, 1, 0; 0.918002298966; 1, 0, 1; 1, 0, 0; 3, 1, 2 ;
0,51; -0.353008, 1.939748, 3.294861 / -0.353008, 1.939748, 3.294861 / -0.353008, 1.939748, 3.294861; 1, 42, 1, 0; 0.918060169481; 1, 0, 1; 1, 0, 0; 2, 1, 2 ;
0,51; -0.356296, 1.947348, 3.300054 / -0.356296, 1.947348, 3.300054 / -0.356296, 1.947348, 3.300054; 1, 42, 1, 0; 0.918093840357; 1, 0, 1; 1, 0, 0; 3, 1, 2 ;
0,51; -0.984066, 2.302857, 3.240777 / -0.984066, 2.302857, 3.240777 / -0.984066, 2.302857, 3.240777; 1, 43, 1, 0; 0.023449062793; 1, 0, 1; 0, 1, 0; 4, 1, 2 ;
0,51; -0.866569, 2.210663, 3.264064 / -0.866569, 2.210663, 3.264064 / -0.866569, 2.210663, 3.264064; 1, 43, 1, 0; 0.028171288317; 0, 1, 0; 0, 1, 0; 1, 1, 1 ;
0,51; -0.734016, 2.270571, 3.194229 / -0.734016, 2.270571, 3.194229 / -0.734016, 2.270571, 3.194229; 1, 43, 1, 0; 0.031018229074; 1, 0, 1; 0, 1, 0; 1, 1, 2 ;
0,51; -0.949965, 2.280576, 3.303159 / -0.949965, 2.280576, 3.303159 / -0.949965, 2.280576, 3.303159; 1, 43, 1, 0; 0.023267663501; 1, 0, 1; 1, 0, 0; 3, 1, 2 ;
0,51; -0.973223, 2.304999, 3.239147 / -0.973223, 2.304999, 3.239147 / -0.973223, 2.304999, 3.239147; 1, 43, 1, 0; 0.023410928728; 1, 0, 1; 1, 0, 0; 3, 1, 2 ;
0,51; -0.985760, 2.305338, 3.239315 / -0.985760, 2.305338, 3.239315 / -0.985760, 2.305338, 3.239315; 1, 43, 1, 0; 0.023446467696; 1, 0, 1; 1, 0, 0; 2, 1, 2 / 2, 2, 0 ;
0,51; -0.901604, 2.236184, 3.270297 / -0.901604, 2.236184, 3.270297 / -0.901604, 2.236184, 3.270297; 1, 43, 1, 0; 0.026184315310; 1, 0, 1; 1, 0, 0; 2, 1, 2 ;
0,51; -0.899108, 2.239918, 3.269435 / -0.899108, 2.239918, 3.269435 / -0.899108, 2.239918, 3.269435; 1, 43, 1, 0; 0.026184731318; 1, 0, 1; 1, 0, 0; 2, 1, 2 ;
0,51; -0.915801, 2.239046, 3.280078 / -0.915801, 2.239046, 3.280078 / -0.915801, 2.239046, 3.280078; 1, 43, 1, 0; 0.026199331218; 1, 0, 1; 1, 0, 0; 2, 1, 2 ;
0,51; -0.922612, 2.251990, 3.281363 / -0.922612, 2.251990, 3.281363 / -0.922612, 2.251990, 3.281363; 1, 43, 1, 0; 0.026236653077; 1, 0, 1; 1, 0, 0; 2, 1, 2 ;
0,51; -0.740725, 2.273150, 3.189777 / -0.740725, 2.273150, 3.189777 / -0.740725, 2.273150, 3.189777; 1, 43, 1, 0; 0.031016604662; 1, 0, 1; 1, 0, 0; 2, 1, 2 ;
1,52; 1.48729, 0.722364, -1.11125 / 1.48729, 0.722364, -1.11125 / 1.48729, 0.722364, -1.11125; 1, 11, 1, 0; 0.809994638680; 1, 0, 1; 1, 0, 0; 2, 1, 2 ;
0,52; 0.237898, -0.529231, -0.431349 / 0.237898, -0.529231, -0.431349 / 0.237898, -0.529231, -0.431349; 1, 16, 1, 0; 0.181074080622; 1, 0, 1; 1, 0, 0; 3, 1, 2 ;
0,52; -0.144498, -1.051842, -0.251645 / -0.144498, -1.051842, -0.251645 / -0.144498, -1.051842, -0.251645; 1, 16, 1, 0; 0.326712977101; 1, 0, 1; 1, 0, 0; 2, 1, 2 ;
1,53; 2.58418, -2.06975, -1.70236 / 2.58418, -2.06975, -1.70236 / 2.58418, -2.06975, -1.70236; 1, 8, 1, 0; 0.246542548894; 1, 0, 1; 0, 1, 0; 4, 1, 2 ;
0,53; 0.499019, -1.943574, 1.609096 / 0.499019, -1.943574, 1.609096 / 0.499019, -1.943574, 1.609096; 1, 22, 1, 0; 0.973545126338; 1, 0, 1; 1, 0, 0; 2, 1, 2 ;
1,55; 2.64697, 2.17692, 1.04647 / 2.64697, 2.17692, 1.04647 / 2.64697, 2.17692, 1.04647; 1, 26, 1, 0; 0.357227757061; 0, 1, 0; 0, 1, 0; 4, 1, 1 ;
0,55; 3.462296, 1.357738, 1.128166 / 3.462296, 1.357738, 1.128166 / 3.462296, 1.357738, 1.128166; 1, 26, 1, 0; 0.277707556470; 1, 0, 1; 1, 0, 0; 3, 1, 2 ;
1,56; -1.66556, -2.46793, -2.40401 / -1.66556, -2.46793, -2.40401 / -1.66556, -2.46793, -2.40401; 1, 5, 1, 0; 0.536848179917; 0, 1, 0; 0, 1, 0; 1, 1, 1 ;
0,56; 0.978457, -2.424349, -0.134304 / 0.978457, -2.424349, -0.134304 / 0.978457, -2.424349, -0.134304; 1, 15, 1, 0; 0.466912416688; 1, 0, 1; 1, 0, 0; 2, 1, 2 ;
1,57; 2.33269, 0.17009, -2.09645 / 2.33269, 0.17009, -2.09645 / 2.33269, 0.17009, -2.09645; 1, 4, 1, 0; 0.600011081694; 1, 0, 1; 0, 1, 0; 1, 1, 2 ;
0,57; 2.333178, 0.173873, -2.093442 / 2.333178, 0.173873, -2.093442 / 2.333178, 0.173873, -2.093442; 1, 4, 1, 0; 0.600018512474; 1, 0, 1; 0, 1, 0; 1, 1, 2 ;
0,57; 1.304322, 0.826389, -0.762870 / 1.304322, 0.826389, -0.762870 / 1.304322, 0.826389, -0.762870; 1, 12, 1, 0; 0.386940174080; 1, 0, 1; 1, 0, 0; 3, 1, 2 ;
1,59; 1.21627, 0.608261, -4.41253 / 1.21627, 0.608261, -4.41253 / 1.21627, 0.608261, -4.41253; 1, 1, 1, 0; 0.058706333121; 1, 0, 1; 1, 0, 0; 3, 1, 2 ;
0,59; 1.216680, 0.607309, -4.398090 / 1.216680, 0.607309, -4.398090 / 1.216680, 0.607309, -4.398090; 1, 1, 1, 0; 0.058713456676; 1, 0, 1; 1, 0, 0; 3, 1, 2 ;
0,59; 0.835020, 1.533473, -2.018493 / 0.835020, 1.533473, -2.018493 / 0.835020, 1.533473, -2.018493; 1, 4, 1, 0; 0.719565815190; 1, 0, 1; 1, 0, 0; 3, 1, 2 ;
0,59; 0.763082, 1.874746, -0.895797 / 0.763082, 1.874746, -0.895797 / 0.763082, 1.874746, -0.895797; 1, 7, 1, 0; 0.920137571706; 1, 0, 1; 0, 1, 0; 1, 1, 2 / 1, 2, 0 / 1, 3, 0 ;
0,59; 0.678189, 2.239604, 0.427042 / 0.678312, 2.239706, 0.427644 / 0.678067, 2.239502, 0.426440; 1, 25, 1, 0; 0.033941399854; 1, 0, 2; 0, 2, 0; 1, 1, 2 / 1, 9, 2 / 4, 7, 0 ;
1,61; -3.9785, 0.102049, 0.823502 / -3.97849, 0.102066, 0.823547 / -3.97851, 0.102033, 0.823457; 1, 21, 1, 0; 0.448656461546; 2, 1, 1; 1, 1, 0; 1, 1, 1 / 2, 1, 2 ;
0,61; -4.125223, 0.063637, 0.790447 / -4.125223, 0.063637, 0.790447 / -4.125223, 0.063637, 0.790447; 1, 21, 1, 0; 0.445304327390; 1, 0, 1; 0, 1, 0; 4, 1, 2 ;
0,61; -3.875880, 0.136816, 0.842133 / -3.875607, 0.136862, 0.842483 / -3.876153, 0.136771, 0.841783; 1, 21, 1, 0; 0.450132755339; 1, 0, 1; 2, 0, 0; 2, 1, 2 / 3, 2, 3 ;
0,61; -4.122984, 0.058399, 0.786521 / -4.122984, 0.058399, 0.786521 / -4.122984, 0.058399, 0.786521; 1, 21, 1, 0; 0.445303250563; 1, 0, 1; 1, 0, 0; 2, 1, 2 ;
0,61; -2.778766, 0.479676, 1.032833 / -2.778766, 0.479676, 1.032833 / -2.778766, 0.479676, 1.032833; 1, 23, 1, 0; 0.526929843231; 1, 0, 1; 1, 0, 0; 1, 1, 0 / 2, 1, 2 ;
0,61; 0.227572, 1.481595, 1.639712 / 0.227572, 1.481595, 1.639712 / 0.227572, 1.481595, 1.639712; 1, 27, 1, 0; 0.384911754847; 1, 0, 1; 1, 0, 0; 3, 1, 2 / 4, 1, 0 / 4, 2, 0 ;
0,61; 0.214978, 1.477207, 1.640462 / 0.214978, 1.477207, 1.640462 / 0.214978, 1.477207, 1.640462; 1, 27, 1, 0; 0.384928118370; 0, 1, 0; 1, 0, 0; 3, 1, 1 ;
1,62; -3.97105, -0.260119, 0.75815 / -3.97105, -0.260119, 0.75815 / -3.97105, -0.260119, 0.75815; 1, 21, 1, 0; 0.433149712458; 0, 1, 0; 1, 0, 0; 3, 1, 1 ;
1,63; -2.02845, -3.30016, -2.36717 / -2.02845, -3.30016, -2.36717 / -2.02845, -3.30016, -2.36717; 1, 5, 1, 0; 0.587751237256; 1, 0, 1; 1, 0, 0; 3, 1, 2 ;
1,64; -1.67863, 1.88367, -0.251104 / -1.67863, 1.88367, -0.251104 / -1.67863, 1.88367, -0.251104; 1, 14, 1, 0; 0.530594994971; 1, 0, 1; 1, 0, 0; 3, 1, 2 ;
1,65; 2.46997, 0.918052, -0.117629 / 2.46997, 0.918052, -0.117629 / 2.46997, 0.918052, -0.117629; 1, 13, 1, 0; 0.939888230710; 1, 0, 1; 1, 0, 0; 2, 1, 2 ;
0,65; 0.290274, -2.199357, 2.038383 / 0.290274, -2.199357, 2.038383 / 0.290274, -2.199357, 2.038383; 1, 32, 1, 0; 0.341001808792; 1, 0, 1; 0, 1, 0; 1, 1, 2 ;
1,67; 0.61479, -3.7213, 1.09765 / 0.61479, -3.7213, 1.09765 / 0.61479, -3.7213, 1.09765; 1, 18, 1, 0; 0.893398530893; 1, 0, 1; 1, 0, 0; 3, 1, 2 ;
0,67; -0.750860, -0.303787, 3.197484 / -0.750860, -0.303787, 3.197484 / -0.750860, -0.303787, 3.197484; 1, 41, 1, 0; 0.665778998886; 1, 0, 1; 1, 0, 0; 2, 1, 2 ;
1,68; -0.712148, 0.90421, -4.21505 / -0.712148, 0.90421, -4.21505 / -0.712148, 0.90421, -4.21505; 1, 1, 1, 0; 0.130778195988; 1, 0, 1; 0, 1, 0; 1, 1, 2 ;
0,68; 1.286436, 3.570613, -1.951116 / 1.286944, 3.571074, -1.950801 / 1.285928, 3.570153, -1.951431; 1, 4, 1, 0; 0.882710066611; 2, 1, 1; 1, 1, 0; 1, 1, 1 / 3, 4, 2 ;
1,69; 0.330649, -0.48379, 1.09862 / 0.330649, -0.48379, 1.09862 / 0.330649, -0.48379, 1.09862; 1, 23, 1, 0; 0.442433886246; 1, 0, 1; 0, 1, 0; 4, 1, 2 ;
0,69; 0.335717, -0.479034, 1.096502 / 0.335717, -0.479034, 1.096502 / 0.335717, -0.479034, 1.096502; 1, 23, 1, 0; 0.442447956618; 0, 0, 0; 0, 1, 0; 1, 1, 3 ;
0,69; -1.126426, -1.138265, 0.763646 / -1.126426, -1.138265, 0.763646 / -1.126426, -1.138265, 0.763646; 1, 23, 1, 0; 0.293579298817; 0, 1, 0; 1, 0, 0; 1, 7, 0 / 2, 1, 1 / 4, 3, 0 ;
0,69; 0.325872, -0.485729, 1.098748 / 0.325872, -0.485729, 1.098748 / 0.325872, -0.485729, 1.098748; 1, 23, 1, 0; 0.442432925559; 1, 0, 1; 1, 0, 0; 2, 1, 2 ;
0,69; 0.337467, -0.476840, 1.101650 / 0.337467, -0.476840, 1.101650 / 0.337467, -0.476840, 1.101650; 1, 23, 1, 0; 0.442449065104; 1, 0, 1; 1, 0, 0; 3, 1, 2 ;
0,69; 2.691893, 1.127594, 1.681384 / 2.692311, 1.127809, 1.681616 / 2.691475, 1.127379, 1.681152; 1, 27, 1, 0; 0.435479772587; 1, 0, 2; 1, 1, 0; 1, 1, 2 / 2, 3, 2 / 4, 6, 0 ;
0,69; 2.759274, 1.211529, 1.707534 / 2.759274, 1.211529, 1.707534 / 2.759274, 1.211529, 1.707534; 1, 27, 1, 0; 0.437368806356; 1, 0, 1; 0, 1, 0; 4, 1, 2 ;
0,69; 2.772277, 1.221723, 1.716014 / 2.772277, 1.221723, 1.716014 / 2.772277, 1.221723, 1.716014; 1, 27, 1, 0; 0.437378281913; 1, 0, 1; 1, 0, 0; 3, 1, 2 ;
1,70; -1.75453, -3.97949, 0.0499469 / -1.75453, -3.97949, 0.0499469 / -1.75453, -3.97949, 0.0499469; 1, 16, 1, 0; 0.992378708853; 0, 1, 0; 0, 1, 0; 4, 1, 1 ;
0,70; -1.774082, -3.981738, 0.053464 / -1.774082, -3.981738, 0.053464 / -1.774082, -3.981738, 0.053464; 1, 16, 1, 0; 0.992390348410; 1, 0, 1; 1, 0, 0; 3, 1, 2 ;
0,70; -2.570662, 1.750972, 0.439315 / -2.570662, 1.750972, 0.439315 / -2.570662, 1.750972, 0.439315; 1, 17, 1, 0; 0.942244921872; 1, 0, 1; 0, 1, 0; 4, 1, 2 ;
0,70; -2.058937, -1.669054, 0.634702 / -2.058937, -1.669054, 0.634702 / -2.058937, -1.669054, 0.634702; 1, 21, 1, 0; 0.268678856642; 0, 0, 0; 1, 0, 0; 2, 1, 3 ;
0,70; -2.324125, 0.311988, 0.638710 / -2.324125, 0.311988, 0.638710 / -2.324125, 0.311988, 0.638710; 1, 23, 1, 0; 0.182383043723; 1, 0, 1; 1, 0, 0; 3, 1, 2 ;
1,71; -3.66931, 0.834071, -0.481891 / -3.66931, 0.834071, -0.481891 / -3.66931, 0.834071, -0.481891; 1, 10, 1, 0; 0.723423146214; 0, 1, 0; 0, 1, 0; 1, 1, 1 ;
0,71; 1.922444, -2.262490, -0.480355 / 1.922444, -2.262490, -0.480355 / 1.922444, -2.262490, -0.480355; 1, 12, 1, 0; 0.615074205930; 0, 1, 0; 1, 0, 0; 3, 1, 1 ;
1,72; 1.02514, 3.64587, -1.66048 / 1.02514, 3.64587, -1.66048 / 1.02514, 3.64587, -1.66048; 1, 7, 1, 0; 0.131449445223; 1, 0, 1; 1, 0, 0; 3, 1, 2 ;
0,72; -2.825737, 1.649849, -0.138219 / -2.825737, 1.649849, -0.138219 / -2.825737, 1.649849, -0.138219; 1, 14, 1, 0; 0.497993162987; 1, 0, 1; 1, 0, 0; 2, 1, 2 ;
0,72; -2.987932, 1.910835, -0.240789 / -2.987932, 1.910835, -0.240789 / -2.987932, 1.910835, -0.240789; 1, 14, 1, 0; 0.520407217148; 1, 0, 1; 1, 0, 0; 3, 1, 2 ;
1,73; 1.63669, -2.98834, -1.04982 / 1.63669, -2.98834, -1.04982 / 1.63669, -2.98834, -1.04982; 1, 8, 1, 0; 0.882142044077; 1, 0, 1; 0, 1, 0; 4, 1, 2 ;
0,73; 1.637577, -2.992578, -1.056455 / 1.637577, -2.992578, -1.056455 / 1.637577, -2.992578, -1.056455; 1, 8, 1, 0; 0.882133069675; 1, 0, 1; 1, 0, 0; 3, 1, 2 ;
0,73; 0.792370, 0.076451, 0.403554 / 0.793302, 0.076936, 0.403878 / 0.791437, 0.075966, 0.403231; 1, 17, 1, 0; 0.682535751251; 1, 0, 3; 2, 1, 0; 1, 5, 0 / 3, 7, 2 / 3, 10, 2 / 4, 1, 2 ;
0,73; 0.799793, 0.077646, 0.400046 / 0.799793, 0.077646, 0.400046 / 0.799793, 0.077646, 0.400046; 1, 17, 1, 0; 0.682523971332; 1, 0, 1; 0, 1, 0; 1, 1, 2 ;
0,73; 0.790554, 0.075804, 0.400620 / 0.790554, 0.075804, 0.400620 / 0.790554, 0.075804, 0.400620; 1, 17, 1, 0; 0.682536574241; 1, 0, 1; 0, 1, 0; 1, 1, 2 ;
0,73; 0.805975, 0.085965, 0.390723 / 0.805975, 0.085965, 0.390723 / 0.805975, 0.085965, 0.390723; 1, 17, 1, 0; 0.682525477823; 1, 0, 1; 1, 0, 0; 2, 1, 2 ;
0,73; 0.780347, 0.076374, 0.403501 / 0.780347, 0.076374, 0.403501 / 0.780347, 0.076374, 0.403501; 1, 17, 1, 0; 0.682548312312; 1, 0, 1; 1, 0, 0; 2, 1, 2 ;
0,73; 0.747872, 1.609448, 0.978382 / 0.747872, 1.609448, 0.978382 / 0.747872, 1.609448, 0.978382; 1, 25, 1, 0; 0.808384749904; 1, 0, 1; 0, 1, 0; 1, 1, 2 ;
0,73; 0.430630, 3.583732, 1.845536 / 0.430630, 3.583732, 1.845536 / 0.430630, 3.583732, 1.845536; 1, 31, 1, 0; 0.125530850815; 1, 0, 1; 1, 0, 0; 2, 1, 2 ;
0,73; 0.433675, 3.585443, 1.849385 / 0.433675, 3.585443, 1.849385 / 0.433675, 3.585443, 1.849385; 1, 31, 1, 0; 0.125549621718; 1, 0, 1; 1, 0, 0; 2, 1, 2 ;
1,74; 2.04891, 2.21856, 3.16085 / 2.04891, 2.21856, 3.16085 / 2.04891, 2.21856, 3.16085; 1, 43, 1, 0; 0.103247001771; 1, 0, 1; 0, 1, 0; 1, 1, 2 ;
1,75; -0.789051, 3.99983, -0.457461 / -0.788809, 4.00001, -0.457319 / -0.789294, 3.99964, -0.457602; 1, 13, 1, 0; 0.696850209825; 2, 1, 1; 1, 1, 0; 1, 1, 2 / 2, 2, 1 ;
0,75; -0.495649, 3.904548, -0.638602 / -0.495649, 3.904548, -0.638602 / -0.495649, 3.904548, -0.638602; 1, 13, 1, 0; 0.192868092665; 1, 0, 1; 1, 0, 0; 2, 1, 2 ;
0,75; -0.704435, 3.971955, -0.510814 / -0.704435, 3.971955, -0.510814 / -0.704435, 3.971955, -0.510814; 1, 13, 1, 0; 0.695916835622; 1, 0, 1; 1, 0, 0; 2, 1, 2 ;
1,76; 0.989826, -1.21875, 0.313915 / 0.989826, -1.21875, 0.313915 / 0.989826, -1.21875, 0.313915; 1, 19, 1, 0; 0.491444451194; 1, 0, 1; 1, 0, 0; 3, 1, 2 ;
0,76; -0.517151, 0.879408, 1.688194 / -0.517151, 0.879408, 1.688194 / -0.517151, 0.879408, 1.688194; 1, 27, 1, 0; 0.517890164574; 1, 0, 1; 0, 1, 0; 2, 10, 0 / 3, 10, 0 / 4, 1, 2 ;
1,78; -1.95122, 1.33944, -2.39251 / -1.95122, 1.33944, -2.39251 / -1.95122, 1.33944, -2.39251; 1, 6, 1, 0; 0.228028707088; 1, 0, 1; 1, 0, 0; 3, 1, 2 ;
1,79; -0.400102, 1.49945, 4.11684 / -0.399768, 1.49973, 4.11717 / -0.400436, 1.49917, 4.11651; 1, 46, 1, 0; 0.529596641778; 0, 2, 0; 1, 1, 0; 3, 1, 1 / 4, 3, 1 ;
0,79; -0.369159, 1.528507, 4.139316 / -0.368603, 1.528893, 4.139570 / -0.369714, 1.528121, 4.139063; 1, 46, 1, 0; 0.530658245832; 0, 1, 0; 1, 1, 0; 2, 1, 3 / 4, 8, 1 ;
0,79; -0.365801, 1.538866, 4.140417 / -0.365801, 1.538866, 4.140417 / -0.365801, 1.538866, 4.140417; 1, 46, 1, 0; 0.530648335994; 1, 0, 1; 0, 1, 0; 1, 1, 2 ;
0,79; -0.393208, 1.497270, 4.121425 / -0.393208, 1.497270, 4.121425 / -0.393208, 1.497270, 4.121425; 1, 46, 1, 0; 0.529586542339; 1, 0, 1; 1, 0, 0; 3, 1, 2 ;
0,79; -0.397157, 1.503276, 4.115156 / -0.397157, 1.503276, 4.115156 / -0.397157, 1.503276, 4.115156; 1, 46, 1, 0; 0.529596509057; 1, 0, 1; 1, 0, 0; 2, 1, 2 ;
0,79; -0.402530, 1.498091, 4.116452 / -0.402530, 1.498091, 4.116452 / -0.402530, 1.498091, 4.116452; 1, 46, 1, 0; 0.529596717619; 1, 0, 1; 1, 0, 0; 2, 1, 2 ;
1,80; -2.64079, -2.02676, 0.463091 / -2.64079, -2.02676, 0.463091 / -2.64079, -2.02676, 0.463091; 1, 18, 1, 0; 0.455093667439; 1, 0, 1; 1, 0, 0; 3, 1, 2 ;
1,81; -0.523019, -2.51543, -0.123831 / -0.523019, -2.51543, -0.123831 / -0.523019, -2.51543, -0.123831; 1, 15, 1, 0; 0.444864484216; 1, 0, 1; 0, 1, 0; 4, 1, 2 ;
0,81; -0.524785, -2.515650, -0.120348 / -0.524785, -2.515650, -0.120348 / -0.524785, -2.515650, -0.120348; 1, 15, 1, 0; 0.444875949649; 1, 0, 1; 1, 0, 0; 3, 1, 2 ;
0,81; -1.440762, -1.727044, 0.875055 / -1.440762, -1.727044, 0.875055 / -1.440762, -1.727044, 0.875055; 1, 21, 1, 0; 0.276580345865; 0, 1, 0; 1, 0, 0; 3, 1, 1 ;
1,82; 1.65101, 2.25274, -0.103224 / 1.65101, 2.25274, -0.103224 / 1.65101, 2.25274, -0.103224; 1, 20, 1, 0; 0.029673076422; 1, 0, 1; 1, 0, 0; 3, 1, 2 ;
1,84; -1.68873, -0.279659, -3.96995 / -1.68873, -0.279659, -3.96995 / -1.68873, -0.279659, -3.96995; 1, 1, 1, 0; 0.475197367172; 0, 1, 0; 0, 1, 0; 1, 1, 1 ;
0,84; -1.690990, -0.298379, -3.957950 / -1.690990, -0.298379, -3.957950 / -1.690990, -0.298379, -3.957950; 1, 1, 1, 0; 0.475202722693; 1, 0, 1; 0, 1, 0; 4, 1, 2 ;
0,84; -1.674642, -0.343768, -3.893675 / -1.674642, -0.343768, -3.893675 / -1.674642, -0.343768, -3.893675; 1, 1, 1, 0; 0.434489591936; 1, 0, 1; 1, 0, 0; 3, 1, 2 ;
0,84; -1.684644, -0.284834, -3.971372 / -1.684644, -0.284834, -3.971372 / -1.684644, -0.284834, -3.971372; 1, 1, 1, 0; 0.475196971639; 1, 0, 1; 1, 0, 0; 3, 1, 2 ;
0,84; -1.689750, -0.280070, -3.965945 / -1.689750, -0.280070, -3.965945 / -1.689750, -0.280070, -3.965945; 1, 1, 1, 0; 0.475197248512; 1, 0, 1; 1, 0, 0; 3, 1, 2 ;
0,84; -1.684234, -0.292502, -3.956638 / -1.684234, -0.292502, -3.956638 / -1.684234, -0.292502, -3.956638; 1, 1, 1, 0; 0.475202963968; 1, 0, 1; 1, 0, 0; 2, 1, 2 ;
0,84; -1.693767, -0.296150, -3.957246 / -1.693767, -0.296150, -3.957246 / -1.693767, -0.296150, -3.957246; 1, 1, 1, 0; 0.475203197333; 1, 0, 1; 1, 0, 0; 3, 1, 2 ;
0,84; 2.316251, -1.996054, 0.320411 / 2.316251, -1.996054, 0.320411 / 2.316251, -1.996054, 0.320411; 1, 19, 1, 0; 0.365146576884; 1, 0, 1; 0, 1, 0; 1, 1, 2 ;
1,85; -3.02273, 1.67123, 1.44868 / -3.02265, 1.67166, 1.44895 / -3.02281, 1.67079, 1.44841; 1, 24, 1, 0; 0.512132466941; 2, 1, 1; 1, 1, 0; 3, 4, 2 / 4, 1, 1 ;
0,85; -2.956659, 0.469119, 2.461519 / -2.956659, 0.469119, 2.461519 / -2.956659, 0.469119, 2.461519; 1, 36, 1, 0; 0.338022867861; 1, 0, 1; 1, 0, 0; 3, 1, 2 ;
1,86; 0.983984, -2.89014, -2.68885 / 0.983984, -2.89014, -2.68885 / 0.983984, -2.89014, -2.68885; 1, 3, 1, 0; 0.492989313217; 1, 0, 1; 1, 0, 0; 2, 1, 2 ;
0,86; 1.034346, -2.923817, -2.523199 / 1.034346, -2.923817, -2.523199 / 1.034346, -2.923817, -2.523199; 1, 3, 1, 0; 0.493376048228; 0, 1, 0; 1, 0, 0; 2, 1, 1 ;
0,86; 2.326322, -3.455066, 1.029854 / 2.326322, -3.455066, 1.029854 / 2.326322, -3.455066, 1.029854; 1, 22, 1, 0; 0.057275386930; 1, 0, 1; 1, 0, 0; 2, 1, 2 ;
1,87; 4.06911, -0.86912, -1.10455 / 4.06911, -0.86912, -1.10455 / 4.06911, -0.86912, -1.10455; 1, 12, 1, 0; 0.139167524936; 1, 0, 1; 1, 0, 0; 3, 1, 2 ;
1,88; -2.71386, 1.59204, 1.39864 / -2.71356, 1.59265, 1.3991 / -2.71416, 1.59143, 1.39819; 1, 24, 1, 0; 0.515197399050; 2, 1, 2; 3, 0, 0; 2, 3, 2 / 2, 4, 1 / 3, 1, 2 ;
0,88; -1.978768, 2.346895, 1.013716 / -1.978768, 2.346895, 1.013716 / -1.978768, 2.346895, 1.013716; 1, 24, 1, 0; 0.369946844438; 1, 0, 1; 1, 0, 0; 3, 1, 2 ;
0,88; -1.972160, 2.338016, 1.016515 / -1.972160, 2.338016, 1.016515 / -1.972160, 2.338016, 1.016515; 1, 24, 1, 0; 0.369948418487; 1, 0, 1; 1, 0, 0; 3, 1, 2 ;
0,88; -2.604180, 1.732861, 1.342682 / -2.604180, 1.732861, 1.342682 / -2.604180, 1.732861, 1.342682; 1, 24, 1, 0; 0.514171673325; 1, 0, 1; 1, 0, 0; 2, 1, 2 ;
0,88; -2.713542, 1.595324, 1.400707 / -2.713542, 1.595324, 1.400707 / -2.713542, 1.595324, 1.400707; 1, 24, 1, 0; 0.515196453143; 1, 0, 1; 1, 0, 0; 3, 1, 2 / 4, 3, 0 ;
0,88; -2.714446, 1.595884, 1.393811 / -2.714446, 1.595884, 1.393811 / -2.714446, 1.595884, 1.393811; 1, 24, 1, 0; 0.515196667450; 0, 1, 0; 1, 0, 0; 1, 6, 0 / 1, 8, 0 / 2, 6, 0 / 2, 7, 0 / 3, 1, 1 / 3, 8, 0 ;
0,88; -2.718875, 1.595080, 1.402197 / -2.718875, 1.595080, 1.402197 / -2.718875, 1.595080, 1.402197; 1, 24, 1, 0; 0.515197199523; 1, 0, 1; 1, 0, 0; 3, 1, 2 ;
0,88; -2.580699, 1.755064, 1.330183 / -2.580699, 1.755064, 1.330183 / -2.580699, 1.755064, 1.330183; 1, 24, 1, 0; 0.515569111098; 1, 0, 1; 1, 0, 0; 3, 1, 2 ;
1,90; 1.68071, -0.152862, -0.627873 / 1.68071, -0.152862, -0.627873 / 1.68071, -0.152862, -0.627873; 1, 12, 1, 0; 0.455967337719; 1, 0, 1; 0, 1, 0; 1, 1, 2 ;
0,90; 1.715731, -0.134524, -0.570935 / 1.715731, -0.134524, -0.570935 / 1.715731, -0.134524, -0.570935; 1, 12, 1, 0; 0.817966972668; 1, 0, 1; 0, 1, 0; 1, 1, 2 ;
0,90; 1.679913, -0.139592, -0.587528 / 1.679913, -0.139592, -0.587528 / 1.679913, -0.139592, -0.587528; 1, 12, 1, 0; 0.818060861565; 0, 1, 0; 0, 1, 0; 1, 1, 1 ;
0,90; 1.656343, -0.137041, -0.584407 / 1.656343, -0.137041, -0.584407 / 1.656343, -0.137041, -0.584407; 1, 12, 1, 0; 0.818080739073; 1, 0, 1; 0, 1, 0; 4, 1, 2 ;
0,90; 1.611061, -0.244937, -0.749624 / 1.611061, -0.244937, -0.749624 / 1.611061, -0.244937, -0.749624; 1, 12, 1, 0; 0.454745712089; 1, 0, 1; 1, 0, 0; 2, 1, 2 ;
0,90; 1.686761, -0.153056, -0.626007 / 1.686761, -0.153056, -0.626007 / 1.686761, -0.153056, -0.626007; 1, 12, 1, 0; 0.455967045907; 1, 0, 1; 1, 0, 0; 2, 1, 2 ;
0,90; 1.667409, -0.135978, -0.586882 / 1.667409, -0.135978, -0.586882 / 1.667409, -0.135978, -0.586882; 1, 12, 1, 0; 0.818070411237; 1, 0, 1; 1, 0, 0; 2, 1, 2 ;
0,90; 1.656618, -0.139784, -0.587431 / 1.656618, -0.139784, -0.587431 / 1.656618, -0.139784, -0.587431; 1, 12, 1, 0; 0.818081419966; 1, 0, 1; 1, 0, 0; 3, 1, 2 ;
1,91; 2.13958, 1.67931, 0.811454 / 2.13965, 1.67986, 0.811613 / 2.13951, 1.67877, 0.811296; 1, 20, 1, 0; 0.763071584766; 2, 1, 2; 1, 2, 0; 1, 1, 2 / 1, 3, 1 / 2, 3, 2 ;
0,91; 2.140994, 1.682348, 0.812338 / 2.140994, 1.682348, 0.812338 / 2.140994, 1.682348, 0.812338; 1, 20, 1, 0; 0.763072495900; 1, 0, 1; 0, 1, 0; 4, 1, 2 ;
0,91; 2.890808, 1.574428, 0.325569 / 2.890808, 1.574428, 0.325569 / 2.890808, 1.574428, 0.325569; 1, 20, 1, 0; 0.417775466197; 1, 0, 1; 1, 0, 0; 2, 1, 2 / 4, 5, 0 / 4, 6, 0 / 4, 7, 0 ;
1,93; -1.66165, 1.42177, 2.59858 / -1.66165, 1.42177, 2.59858 / -1.66165, 1.42177, 2.59858; 1, 37, 1, 0; 0.532635197193; 1, 0, 1; 1, 0, 0; 3, 1, 2 ;
1,95; -2.65704, -0.221888, -0.827857 / -2.65704, -0.221888, -0.827857 / -2.65704, -0.221888, -0.827857; 1, 10, 1, 0; 0.368608735710; 0, 1, 0; 1, 0, 0; 2, 1, 1 / 3, 5, 0 ;
0,95; 0.120010, -1.669033, 1.264201 / 0.120010, -1.669033, 1.264201 / 0.120010, -1.669033, 1.264201; 1, 22, 1, 0; 0.361260411755; 1, 0, 1; 1, 0, 0; 2, 1, 2 ;
0,95; 0.497007, -1.770405, 1.639011 / 0.497007, -1.770405, 1.639011 / 0.497007, -1.770405, 1.639011; 1, 27, 1, 0; 0.998800692848; 1, 0, 1; 1, 0, 0; 1, 7, 0 / 1, 9, 0 / 3, 1, 2 ;
0,95; 0.497956, -1.775531, 1.634955 / 0.497956, -1.775531, 1.634955 / 0.497956, -1.775531, 1.634955; 1, 27, 1, 0; 0.998801761035; 1, 0, 1; 1, 0, 0; 3, 1, 2 ;
0,95; 1.956285, -2.059794, 2.911413 / 1.956285, -2.059794, 2.911413 / 1.956285, -2.059794, 2.911413; 1, 35, 1, 0; 0.642879724741; 1, 0, 1; 1, 0, 0; 2, 1, 2 / 2, 7, 0 / 2, 8, 0 / 3, 8, 0 / 3, 9, 0 ;
1,96; -1.07799, -2.71594, 0.0508729 / -1.07799, -2.71594, 0.0508729 / -1.07799, -2.71594, 0.0508729; 1, 16, 1, 0; 0.952550080901; 1, 0, 1; 1, 0, 0; 2, 1, 2 ;
0,96; 1.353688, -3.514899, 1.220045 / 1.353688, -3.514899, 1.220045 / 1.353688, -3.514899, 1.220045; 1, 18, 1, 0; 0.961161343734; 1, 0, 1; 1, 0, 0; 3, 1, 2 ;
1,97; 0.881179, 0.399417, -2.61951 / 0.881239, 0.399426, -2.6195 / 0.881119, 0.399409, -2.61953; 1, 2, 1, 0; 0.882093577646; 2, 1, 1; 1, 1, 0; 3, 1, 1 / 4, 1, 2 ;
0,97; 0.669984, 0.794033, -1.633875 / 0.669984, 0.794033, -1.633875 / 0.669984, 0.794033, -1.633875; 1, 11, 1, 0; 0.068905072026; 1, 0, 1; 1, 0, 0; 3, 1, 2 ;
0,97; -0.058231, 3.639836, 2.081483 / -0.058231, 3.639836, 2.081483 / -0.058231, 3.639836, 2.081483; 1, 29, 1, 0; 0.572461609797; 1, 0, 1; 1, 0, 0; 2, 1, 2 ;
0,97; 0.092141, 2.994626, 1.477280 / 0.092745, 2.994872, 1.477998 / 0.091537, 2.994380, 1.476562; 1, 30, 1, 0; 0.043951102902; 1, 0, 2; 1, 1, 0; 1, 6, 2 / 1, 7, 0 / 2, 1, 2 / 4, 1, 0 ;
0,97; 0.091672, 2.998783, 1.481049 / 0.091672, 2.998783, 1.481049 / 0.091672, 2.998783, 1.481049; 1, 30, 1, 0; 0.043968042908; 1, 0, 1; 0, 1, 0; 1, 1, 2 ;
1,98; 1.44065, 0.534719, 0.428416 / 1.44065, 0.534719, 0.428416 / 1.44065, 0.534719, 0.428416; 1, 19, 1, 0; 0.651766891413; 1, 0, 1; 0, 1, 0; 1, 7, 0 / 4, 1, 2 ;
0,98; 1.439868, 0.532149, 0.422841 / 1.439868, 0.532149, 0.422841 / 1.439868, 0.532149, 0.422841; 1, 19, 1, 0; 0.651766204447; 0, 1, 0; 1, 0, 0; 2, 1, 1 ;
0,98; 1.443047, 0.537894, 0.422623 / 1.443047, 0.537894, 0.422623 / 1.443047, 0.537894, 0.422623; 1, 19, 1, 0; 0.651767224049; 1, 0, 1; 1, 0, 0; 3, 1, 2 ;
0,98; 0.515081, 0.976537, 1.369511 / 0.515081, 0.976537, 1.369511 / 0.515081, 0.976537, 1.369511; 1, 26, 1, 0; 0.790054271141; 1, 0, 1; 0, 1, 0; 1, 1, 2 ;
0,98; 0.517435, 0.980004, 1.373521 / 0.517435, 0.980004, 1.373521 / 0.517435, 0.980004, 1.373521; 1, 26, 1, 0; 0.790070267027; 1, 0, 1; 1, 0, 0; 2, 1, 2 ;
1,99; 2.06278, -1.319, 0.112645 / 2.06336, -1.31833, 0.112985 / 2.0622, -1.31967, 0.112304; 1, 16, 1, 0; 0.899079885667; 2, 3, 2; 4, 1, 0; 1, 1, 0 / 1, 2, 0 / 2, 1, 1 / 2, 9, 1 / 2, 10, 0 / 3, 8, 2 / 3, 9, 1 / 4, 6, 2 ;
0,99; -1.836641, 0.684193, 1.741154 / -1.836641, 0.684193, 1.741154 / -1.836641, 0.684193, 1.741154; 1, 30, 1, 0; 0.161623688343; 1, 0, 1; 1, 0, 0; 2, 1, 2 ;
1,100; -1.10529, -1.33759, 2.13295 / -1.10529, -1.33759, 2.13295 / -1.10529, -1.33759, 2.13295; 1, 30, 1, 0; 0.383775926294; 1, 0, 1; 0, 1, 0; 1, 1, 2 ;
0,100; -1.107580, -1.337100, 2.132607 / -1.107580, -1.337100, 2.132607 / -1.107580, -1.337100, 2.132607; 1, 30, 1, 0; 0.383774767087; 0, 0, 0; 1, 0, 0; 3, 1, 3 ;
1,102; -1.26199, -1.86962, 0.559841 / -1.26197, -1.86955, 0.559883 / -1.26201, -1.8697, 0.559798; 1, 18, 1, 0; 0.443778131617; 0, 2, 0; 1, 1, 0; 1, 1, 1 / 2, 1, 1 ;
0,102; -1.264414, -1.868431, 0.555402 / -1.264414, -1.868431, 0.555402 / -1.264414, -1.868431, 0.555402; 1, 18, 1, 0; 0.443765877433; 1, 0, 1; 0, 1, 0; 4, 1, 2 ;
0,102; -1.374324, -4.147679, 0.077563 / -1.374324, -4.147679, 0.077563 / -1.374324, -4.147679, 0.077563; 1, 18, 1, 0; 0.091750276887; 1, 0, 1; 1, 0, 0; 2, 1, 2 ;
0,102; -1.341662, -2.674172, 0.401210 / -1.341662, -2.674172, 0.401210 / -1.341662, -2.674172, 0.401210; 1, 18, 1, 0; 0.342267812157; 0, 1, 0; 1, 0, 0; 3, 1, 1 ;
0,102; -0.917666, 3.114624, 1.647162 / -0.917666, 3.114624, 1.647162 / -0.917666, 3.114624, 1.647162; 1, 29, 1, 0; 0.442820671678; 1, 0, 1; 1, 0, 0; 3, 1, 2 ;
1,104; -2.02111, 1.06748, 0.185908 / -2.02111, 1.06748, 0.185908 / -2.02111, 1.06748, 0.185908; 1, 14, 1, 0; 0.790678955811; 1, 0, 1; 1, 0, 0; 3, 1, 2 ;
1,105; -1.32444, -3.79921, -0.128007 / -1.32424, -3.79894, -0.127869 / -1.32463, -3.79948, -0.128145; 1, 10, 1, 0; 0.985087477129; 1, 0, 1; 2, 0, 0; 2, 1, 3 / 3, 3, 2 ;
0,105; -1.328291, -3.792308, -0.135629 / -1.328291, -3.792308, -0.135629 / -1.328291, -3.792308, -0.135629; 1, 10, 1, 0; 0.985077052758; 1, 0, 1; 1, 0, 0; 3, 1, 2 ;
0,105; -1.322140, -3.812892, -0.132011 / -1.322140, -3.812892, -0.132011 / -1.322140, -3.812892, -0.132011; 1, 10, 1, 0; 0.985080242788; 1, 0, 1; 1, 0, 0; 3, 1, 2 ;
0,105; -1.329205, -3.795983, -0.131415 / -1.329205, -3.795983, -0.131415 / -1.329205, -3.795983, -0.131415; 1, 10, 1, 0; 0.985086482272; 1, 0, 1; 1, 0, 0; 3, 1, 2 ;
0,105; -1.321681, -3.801450, -0.129089 / -1.321681, -3.801450, -0.129089 / -1.321681, -3.801450, -0.129089; 1, 10, 1, 0; 0.985088098915; 1, 0, 1; 1, 0, 0; 1, 6, 0 / 3, 1, 2 / 4, 7, 0 ;
0,105; -1.132167, -4.230625, 1.092793 / -1.132167, -4.230625, 1.092793 / -1.132167, -4.230625, 1.092793; 1, 18, 1, 0; 0.856982318266; 0, 1, 0; 0, 1, 0; 4, 1, 1 ;
0,105; -1.099245, -4.203932, 1.110421 / -1.099245, -4.203932, 1.110421 / -1.099245, -4.203932, 1.110421; 1, 18, 1, 0; 0.857487864382; 0, 1, 0; 0, 1, 0; 4, 1, 1 ;
0,105; -1.138065, -4.230888, 1.087540 / -1.138065, -4.230888, 1.087540 / -1.138065, -4.230888, 1.087540; 1, 18, 1, 0; 0.856969255040; 1, 0, 1; 1, 0, 0; 3, 1, 2 ;
0,105; -1.136979, -4.230228, 1.093179 / -1.136979, -4.230228, 1.093179 / -1.136979, -4.230228, 1.093179; 1, 18, 1, 0; 0.856981551071; 0, 1, 0; 1, 0, 0; 3, 1, 1 ;
0,105; -1.104514, -4.208768, 1.105660 / -1.104514, -4.208768, 1.105660 / -1.104514, -4.208768, 1.105660; 1, 18, 1, 0; 0.857476774939; 1, 0, 1; 1, 0, 0; 3, 1, 2 ;
1,106; -3.3959, -2.98758, -1.04933 / -3.3959, -2.98758, -1.04933 / -3.3959, -2.98758, -1.04933; 1, 9, 1, 0; 0.323684215079; 1, 0, 1; 1, 0, 0; 1, 7, 0 / 3, 1, 2 ;
0,106; -2.346311, 1.400475, 0.898483 / -2.346311, 1.400475, 0.898483 / -2.346311, 1.400475, 0.898483; 1, 24, 1, 0; 0.193920527521; 1, 0, 1; 0, 1, 0; 4, 1, 2 ;
0,106; -2.329592, 0.998473, 0.679895 / -2.329592, 0.998473, 0.679895 / -2.329592, 0.998473, 0.679895; 1, 24, 1, 0; 0.232923179017; 1, 0, 1; 1, 0, 0; 2, 1, 2 ;
0,106; -2.339946, 0.991556, 0.684256 / -2.339946, 0.991556, 0.684256 / -2.339946, 0.991556, 0.684256; 1, 24, 1, 0; 0.232923954957; 1, 0, 1; 1, 0, 0; 3, 1, 2 ;
1,107; -1.51322, 3.41351, 0.108143 / -1.51322, 3.41351, 0.108143 / -1.51322, 3.41351, 0.108143; 1, 17, 1, 0; 0.479777862402; 1, 0, 1; 1, 0, 0; 2, 1, 2 ;
1,108; -2.42521, 1.68066, -0.0853873 / -2.42521, 1.68066, -0.0853873 / -2.42521, 1.68066, -0.0853873; 1, 14, 1, 0; 0.491843759348; 0, 1, 0; 1, 0, 0; 3, 1, 1 ;
0,108; -2.261682, 1.745962, -0.145670 / -2.261682, 1.745962, -0.145670 / -2.261682, 1.745962, -0.145670; 1, 14, 1, 0; 0.492144992940; 1, 0, 1; 1, 0, 0; 3, 1, 2 ;
1,109; -2.09623, 2.03086, -0.701724 / -2.09623, 2.03086, -0.701724 / -2.09623, 2.03086, -0.701724; 1, 7, 1, 0; 0.901058365830; 1, 0, 1; 1, 0, 0; 2, 1, 2 ;
0,109; -2.096648, 2.039428, -0.700103 / -2.096648, 2.039428, -0.700103 / -2.096648, 2.039428, -0.700103; 1, 7, 1, 0; 0.901067682845; 1, 0, 1; 1, 0, 0; 3, 1, 2 ;
0,109; -3.759209, -0.052541, -1.012502 / -3.759209, -0.052541, -1.012502 / -3.759209, -0.052541, -1.012502; 1, 10, 1, 0; 0.198472953947; 1, 0, 1; 1, 0, 0; 3, 1, 2 ;
0,109; -0.221238, 3.883587, -0.612414 / -0.221238, 3.883587, -0.612414 / -0.221238, 3.883587, -0.612414; 1, 13, 1, 0; 0.689449635191; 1, 0, 1; 0, 1, 0; 4, 1, 2 ;
0,109; -0.475251, 3.917265, -0.321615 / -0.475251, 3.917265, -0.321615 / -0.475251, 3.917265, -0.321615; 1, 13, 1, 0; 0.694190618987; 1, 0, 1; 0, 1, 0; 4, 1, 2 ;
0,109; -0.478511, 3.917695, -0.322604 / -0.478511, 3.917695, -0.322604 / -0.478511, 3.917695, -0.322604; 1, 13, 1, 0; 0.694190705158; 1, 0, 1; 1, 0, 0; 2, 1, 2 / 3, 3, 0 ;
0,109; -0.507150, 3.930736, -0.264595 / -0.507150, 3.930736, -0.264595 / -0.507150, 3.930736, -0.264595; 1, 17, 1, 0; 0.288333500721; 1, 0, 1; 1, 0, 0; 2, 1, 2 ;
0,109; -0.514507, 3.936630, -0.255035 / -0.514507, 3.936630, -0.255035 / -0.514507, 3.936630, -0.255035; 1, 17, 1, 0; 0.288335837176; 1, 0, 1; 1, 0, 0; 3, 1, 2 ;
0,109; -0.524681, 3.937903, -0.245981 / -0.524681, 3.937903, -0.245981 / -0.524681, 3.937903, -0.245981; 1, 17, 1, 0; 0.288350162785; 1, 0, 1; 1, 0, 0; 3, 1, 2 ;
1,110; -4.09197, -0.208242, -1.6925 / -4.09197, -0.208242, -1.6925 / -4.09197, -0.208242, -1.6925; 1, 6, 1, 0; 0.776985456787; 1, 0, 1; 1, 0, 0; 2, 1, 2 ;
0,110; -4.079664, -0.207341, -1.686391 / -4.079664, -0.207341, -1.686391 / -4.079664, -0.207341, -1.686391; 1, 6, 1, 0; 0.776986613422; 1, 0, 1; 1, 0, 0; 2, 1, 2 ;
0,110; -2.985758, -0.474269, -0.993085 / -2.985758, -0.474269, -0.993085 / -2.985758, -0.474269, -0.993085; 1, 10, 1, 0; 0.166549992647; 1, 0, 1; 1, 0, 0; 3, 1, 2 ;
1,111; -2.37455, 2.72187, 0.225019 / -2.37455, 2.72187, 0.225019 / -2.37455, 2.72187, 0.225019; 1, 14, 1, 0; 0.664768478340; 0, 1, 0; 0, 1, 0; 4, 1, 1 ;
0,111; -2.339561, 2.542673, 0.050004 / -2.339561, 2.542673, 0.050004 / -2.339561, 2.542673, 0.050004; 1, 14, 1, 0; 0.663984517624; 1, 0, 1; 1, 0, 0; 3, 1, 2 / 4, 1, 0 ;
1,112; -0.388638, 2.29626, -1.71198 / -0.388107, 2.29676, -1.71189 / -0.38917, 2.29577, -1.71207; 1, 7, 1, 0; 0.073316729411; 1, 0, 2; 2, 0, 0; 2, 6, 0 / 3, 1, 2 / 3, 7, 2 / 3, 8, 0 ;
0,112; -0.395438, 2.302718, -1.717568 / -0.395438, 2.302718, -1.717568 / -0.395438, 2.302718, -1.717568; 1, 7, 1, 0; 0.073315599301; 1, 0, 1; 1, 0, 0; 2, 1, 2 ;
0,112; 0.044110, -3.644012, -1.394308 / 0.044110, -3.644012, -1.394308 / 0.044110, -3.644012, -1.394308; 1, 8, 1, 0; 0.475804576894; 1, 0, 1; 1, 0, 0; 2, 1, 2 ;
1,113; 0.640064, -2.46416, -1.74069 / 0.640249, -2.46356, -1.74025 / 0.63988, -2.46475, -1.74112; 1, 8, 1, 0; 0.273677832766; 1, 0, 2; 3, 0, 0; 2, 6, 2 / 3, 1, 3 / 3, 3, 2 ;
0,113; 0.645442, -2.460698, -1.737148 / 0.645442, -2.460698, -1.737148 / 0.645442, -2.460698, -1.737148; 1, 8, 1, 0; 0.273685953194; 1, 0, 1; 1, 0, 0; 2, 1, 2 ;
0,113; 0.644913, -2.467934, -1.736469 / 0.644913, -2.467934, -1.736469 / 0.644913, -2.467934, -1.736469; 1, 8, 1, 0; 0.273686638419; 0, 0, 0; 1, 0, 0; 2, 1, 3 / 3, 4, 0 / 4, 2, 0 ;
1,114; -2.9215, -1.80761, -3.03753 / -2.9215, -1.80761, -3.03753 / -2.9215, -1.80761, -3.03753; 1, 5, 1, 0; 0.133662562573; 1, 0, 1; 0, 1, 0; 3, 1, 0 / 4, 1, 2 ;
0,114; -1.874911, -1.264793, -2.885642 / -1.874911, -1.264793, -2.885642 / -1.874911, -1.264793, -2.885642; 1, 5, 1, 0; 0.124704582724; 1, 0, 1; 1, 0, 0; 2, 5, 0 / 3, 1, 2 ;
1,115; 0.364887, 3.01279, 0.448125 / 0.364887, 3.01279, 0.448125 / 0.364887, 3.01279, 0.448125; 1, 25, 1, 0; 0.103322026488; 1, 0, 1; 0, 1, 0; 4, 1, 2 ;
1,116; 1.50623, -0.938732, 3.23722 / 1.50701, -0.93852, 3.23735 / 1.50545, -0.938943, 3.2371; 1, 41, 1, 0; 0.132113254309; 2, 1, 1; 1, 1, 0; 2, 1, 2 / 4, 7, 1 ;
1,117; 0.650827, 1.34366, 0.804953 / 0.650827, 1.34366, 0.804953 / 0.650827, 1.34366, 0.804953; 1, 25, 1, 0; 0.676833551927; 1, 0, 1; 1, 0, 0; 3, 1, 2 ;
0,117; 1.389132, -1.015011, 4.083979 / 1.389783, -1.014559, 4.084105 / 1.388482, -1.015463, 4.083853; 1, 46, 1, 0; 0.778663012414; 1, 0, 2; 1, 1, 0; 2, 1, 2 / 4, 7, 2 ;
0,117; 1.394896, -1.005936, 4.083954 / 1.394896, -1.005936, 4.083954 / 1.394896, -1.005936, 4.083954; 1, 46, 1, 0; 0.778662513130; 1, 0, 1; 0, 1, 0; 1, 1, 2 ;
0,117; 1.407986, -0.982713, 4.106241 / 1.407986, -0.982713, 4.106241 / 1.407986, -0.982713, 4.106241; 1, 46, 1, 0; 0.778969098748; 1, 0, 1; 0, 1, 0; 4, 1, 2 ;
0,117; 1.400076, -0.979123, 4.104238 / 1.400076, -0.979123, 4.104238 / 1.400076, -0.979123, 4.104238; 1, 46, 1, 0; 0.778969338910; 0, 1, 0; 0, 1, 0; 1, 1, 1 / 2, 3, 0 ;
0,117; 1.382435, -1.012681, 4.078278 / 1.382435, -1.012681, 4.078278 / 1.382435, -1.012681, 4.078278; 1, 46, 1, 0; 0.778673137134; 1, 0, 1; 1, 0, 0; 3, 1, 2 ;
0,117; 1.398948, -0.983014, 4.101575 / 1.398948, -0.983014, 4.101575 / 1.398948, -0.983014, 4.101575; 1, 46, 1, 0; 0.778980146195; 1, 0, 1; 1, 0, 0; 3, 1, 2 ;
0,117; 1.399066, -0.981872, 4.103025 / 1.399066, -0.981872, 4.103025 / 1.399066, -0.981872, 4.103025; 1, 46, 1, 0; 0.778980228356; 1, 0, 1; 1, 0, 0; 2, 1, 2 ;
0,117; 1.396573, -0.979040, 4.107468 / 1.396573, -0.979040, 4.107468 / 1.396573, -0.979040, 4.107468; 1, 46, 1, 0; 0.778981163723; 1, 0, 1; 1, 0, 0; 3, 1, 2 ;
0,117; 1.388459, -0.975684, 4.104652 / 1.388459, -0.975684, 4.104652 / 1.388459, -0.975684, 4.104652; 1, 46, 1, 0; 0.778981473406; 1, 0, 1; 1, 0, 0; 2, 1, 2 ;
0,117; 1.386910, -0.988248, 4.105585 / 1.386910, -0.988248, 4.105585 / 1.386910, -0.988248, 4.105585; 1, 46, 1, 0; 0.778990567958; 1, 0, 1; 1, 0, 0; 3, 1, 2 ;
1,119; 0.180989, 4.19271, -0.812493 / 0.180989, 4.19271, -0.812493 / 0.180989, 4.19271, -0.812493; 1, 13, 1, 0; 0.151495113517; 1, 0, 1; 1, 0, 0; 3, 1, 2 ;
0,119; 0.252535, 4.127899, -0.780053 / 0.252535, 4.127899, -0.780053 / 0.252535, 4.127899, -0.780053; 1, 13, 1, 0; 0.153321564905; 1, 0, 1; 1, 0, 0; 2, 1, 2 ;
1,120; -0.468161, -1.19459, 3.4534 / -0.467676, -1.19444, 3.45351 / -0.468646, -1.19473, 3.45329; 1, 44, 1, 0; 0.036137702606; 2, 1, 1; 1, 1, 0; 2, 5, 2 / 4, 1, 1 ;
1,123; -2.71459, 1.76201, -0.216478 / -2.71459, 1.76201, -0.216478 / -2.71459, 1.76201, -0.216478; 1, 14, 1, 0; 0.494511013205; 1, 0, 1; 0, 1, 0; 1, 1, 2 ;
0,123; -2.736573, 1.759432, -0.191683 / -2.736573, 1.759432, -0.191683 / -2.736573, 1.759432, -0.191683; 1, 14, 1, 0; 0.494526899352; 1, 0, 1; 1, 0, 0; 3, 1, 2 ;
1,125; 0.108461, 1.48281, -0.783264 / 0.108461, 1.48281, -0.783264 / 0.108461, 1.48281, -0.783264; 1, 7, 1, 0; 0.990413886136; 1, 0, 1; 1, 0, 0; 2, 1, 2 ;
1,127; 1.38264, -1.52273, -2.13773 / 1.38264, -1.52273, -2.13773 / 1.38264, -1.52273, -2.13773; 1, 5, 1, 0; 0.906825522618; 1, 0, 1; 0, 1, 0; 4, 1, 2 ;
0,127; -0.306728, 0.115038, 4.207631 / -0.306648, 0.115091, 4.207649 / -0.306808, 0.114985, 4.207614; 1, 46, 1, 0; 0.654506366186; 2, 1, 1; 1, 1, 0; 1, 1, 2 / 2, 1, 1 ;
1,128; -1.03996, -3.12007, 0.425979 / -1.03996, -3.12007, 0.425979 / -1.03996, -3.12007, 0.425979; 1, 18, 1, 0; 0.242461661213; 1, 0, 1; 1, 0, 0; 2, 1, 2 ;
0,128; -0.828990, -2.608271, 0.932512 / -0.828990, -2.608271, 0.932512 / -0.828990, -2.608271, 0.932512; 1, 22, 1, 0; 0.169923778092; 1, 0, 1; 1, 0, 0; 2, 1, 2 ;
0,128; -0.263323, -0.874912, 2.310028 / -0.263323, -0.874912, 2.310028 / -0.263323, -0.874912, 2.310028; 1, 34, 1, 0; 0.112914543155; 1, 0, 1; 0, 1, 0; 4, 1, 2 ;
0,128; -0.254319, -0.880115, 2.288034 / -0.254319, -0.880115, 2.288034 / -0.254319, -0.880115, 2.288034; 1, 34, 1, 0; 0.112888013291; 1, 0, 1; 1, 0, 0; 3, 1, 2 ;
0,128; -0.258677, -0.877123, 2.294324 / -0.258677, -0.877123, 2.294324 / -0.258677, -0.877123, 2.294324; 1, 34, 1, 0; 0.112890457980; 1, 0, 1; 1, 0, 0; 3, 1, 2 ;
0,128; -0.259841, -0.877370, 2.308298 / -0.259841, -0.877370, 2.308298 / -0.259841, -0.877370, 2.308298; 1, 34, 1, 0; 0.112912921678; 1, 0, 1; 1, 0, 0; 3, 1, 2 ;
0,128; -0.265826, -0.871557, 2.314106 / -0.265826, -0.871557, 2.314106 / -0.265826, -0.871557, 2.314106; 1, 34, 1, 0; 0.112938141887; 1, 0, 1; 1, 0, 0; 2, 1, 2 ;
0,128; -0.262019, -0.870324, 2.316883 / -0.262019, -0.870324, 2.316883 / -0.262019, -0.870324, 2.316883; 1, 34, 1, 0; 0.112938678222; 1, 0, 1; 1, 0, 0; 3, 1, 2 ;
1,129; -1.5032, 1.64321, -3.81119 / -1.50265, 1.64335, -3.81072 / -1.50376, 1.64308, -3.81165; 1, 2, 1, 0; 0.049261895269; 2, 2, 1; 2, 1, 0; 1, 1, 2 / 2, 1, 1 / 3, 6, 1 / 4, 6, 0 ;
0,129; -1.488683, 1.650843, -3.794286 / -1.488231, 1.651224, -3.793892 / -1.489135, 1.650463, -3.794681; 1, 2, 1, 0; 0.049266582339; 1, 0, 2; 1, 1, 0; 2, 1, 2 / 4, 3, 2 ;
0,129; -1.487878, 1.656123, -3.795928 / -1.487662, 1.656546, -3.795498 / -1.488094, 1.655699, -3.796357; 1, 2, 1, 0; 0.049273519993; 2, 1, 1; 3, 0, 0; 1, 1, 0 / 1, 7, 0 / 2, 1, 1 / 2, 8, 0 / 3, 3, 3 / 3, 6, 2 / 4, 6, 0 ;
0,129; -1.505684, 1.639045, -3.812749 / -1.505684, 1.639045, -3.812749 / -1.505684, 1.639045, -3.812749; 1, 2, 1, 0; 0.049261978331; 1, 0, 1; 1, 0, 0; 3, 1, 2 ;
0,129; -1.488647, 1.649982, -3.795413 / -1.488160, 1.650463, -3.794681 / -1.489135, 1.649502, -3.796145; 1, 2, 1, 0; 0.049266546741; 0, 0, 0; 2, 0, 0; 2, 10, 2 / 3, 1, 3 / 3, 2, 0 / 4, 1, 0 ;
0,129; -1.490706, 1.642958, -3.795625 / -1.490706, 1.642958, -3.795625 / -1.490706, 1.642958, -3.795625; 1, 2, 1, 0; 0.049266898766; 1, 0, 1; 1, 0, 0; 3, 1, 2 ;
0,129; -1.482454, 1.652521, -3.800492 / -1.482454, 1.652521, -3.800492 / -1.482454, 1.652521, -3.800492; 1, 2, 1, 0; 0.049272808033; 1, 0, 1; 1, 0, 0; 3, 1, 2 ;
0,129; -1.483165, 1.660921, -3.798898 / -1.483165, 1.660921, -3.798898 / -1.483165, 1.660921, -3.798898; 1, 2, 1, 0; 0.049272954381; 0, 1, 0; 1, 0, 0; 2, 1, 1 / 3, 5, 0 / 3, 7, 0 ;
0,129; -1.487593, 1.658665, -3.797393 / -1.487593, 1.658665, -3.797393 / -1.487593, 1.658665, -3.797393; 1, 2, 1, 0; 0.049273583279; 1, 0, 1; 1, 0, 0; 1, 7, 0 / 3, 1, 2 ;
0,129; -1.490688, 1.656230, -3.796807 / -1.490688, 1.656230, -3.796807 / -1.490688, 1.656230, -3.796807; 1, 2, 1, 0; 0.049274018365; 1, 0, 1; 1, 0, 0; 3, 1, 2 ;
0,129; -0.740854, 1.872633, -2.031800 / -0.740854, 1.872633, -2.031800 / -0.740854, 1.872633, -2.031800; 1, 4, 1, 0; 0.778195932414; 1, 0, 1; 0, 1, 0; 1, 1, 2 / 2, 1, 0 ;
1,130; -0.805264, -1.02646, -2.11435 / -0.805264, -1.02646, -2.11435 / -0.805264, -1.02646, -2.11435; 1, 5, 1, 0; 0.924016335997; 1, 0, 1; 0, 1, 0; 4, 1, 2 ;
0,130; -0.525752, -0.480544, -1.308191 / -0.525752, -0.480544, -1.308191 / -0.525752, -0.480544, -1.308191; 1, 11, 1, 0; 0.486929926349; 1, 0, 1; 0, 1, 0; 1, 1, 2 ;
0,130; -0.007723, 2.301081, 2.364284 / -0.007723, 2.301081, 2.364284 / -0.007723, 2.301081, 2.364284; 1, 31, 1, 0; 0.400762050170; 0, 1, 0; 0, 1, 0; 4, 1, 1 / 4, 10, 0 ;
1,131; -1.09303, -0.320056, 3.58141 / -1.09303, -0.320056, 3.58141 / -1.09303, -0.320056, 3.58141; 1, 44, 1, 0; 0.335307073324; 1, 0, 1; 1, 0, 0; 3, 1, 2 ;
0,131; -0.821852, -0.457127, 3.647395 / -0.821852, -0.457127, 3.647395 / -0.821852, -0.457127, 3.647395; 1, 44, 1, 0; 0.341344359526; 1, 0, 1; 1, 0, 0; 2, 1, 2 ;
0,131; 1.976760, -1.326797, 3.761810 / 1.976760, -1.326797, 3.761810 / 1.976760, -1.326797, 3.761810; 1, 46, 1, 0; 0.022661790116; 1, 0, 1; 0, 1, 0; 1, 1, 2 ;
0,131; 1.971540, -1.342058, 3.767705 / 1.971540, -1.342058, 3.767705 / 1.971540, -1.342058, 3.767705; 1, 46, 1, 0; 0.022669228815; 0, 1, 0; 0, 1, 0; 1, 1, 1 ;
0,131; 1.982830, -1.326967, 3.758887 / 1.982830, -1.326967, 3.758887 / 1.982830, -1.326967, 3.758887; 1, 46, 1, 0; 0.022649876822; 1, 0, 1; 1, 0, 0; 3, 1, 2 ;
0,131; 1.975245, -1.336300, 3.763142 / 1.975245, -1.336300, 3.763142 / 1.975245, -1.336300, 3.763142; 1, 46, 1, 0; 0.022659224176; 1, 0, 1; 1, 0, 0; 2, 1, 2 ;
1,132; 3.39219, -0.475918, -1.29431 / 3.39219, -0.475918, -1.29431 / 3.39219, -0.475918, -1.29431; 1, 11, 1, 0; 0.458212958258; 0, 1, 0; 0, 1, 0; 1, 1, 1 ;
0,132; 4.394141, -0.869198, -0.475190 / 4.394141, -0.869198, -0.475190 / 4.394141, -0.869198, -0.475190; 1, 12, 1, 0; 0.738696329584; 1, 0, 1; 0, 1, 0; 4, 1, 2 ;
1,135; -0.417078, 3.23096, -2.97553 / -0.417078, 3.23096, -2.97553 / -0.417078, 3.23096, -2.97553; 1, 2, 1, 0; 0.818465753934; 1, 0, 1; 1, 0, 0; 2, 1, 2 ;
0,135; -1.595285, 2.430290, -1.072280 / -1.595285, 2.430290, -1.072280 / -1.595285, 2.430290, -1.072280; 1, 7, 1, 0; 0.649711141861; 1, 0, 1; 1, 0, 0; 2, 1, 2 ;
0,135; -1.590967, 2.424943, -1.071917 / -1.590967, 2.424943, -1.071917 / -1.590967, 2.424943, -1.071917; 1, 7, 1, 0; 0.649711867995; 0, 0, 0; 1, 0, 0; 3, 1, 3 ;
0,135; -1.813409, 2.253557, -0.719140 / -1.813409, 2.253557, -0.719140 / -1.813409, 2.253557, -0.719140; 1, 7, 1, 0; 0.874967860901; 1, 0, 1; 1, 0, 0; 3, 1, 2 ;
0,135; -2.371966, 1.760791, 0.373871 / -2.371929, 1.761549, 0.374311 / -2.372002, 1.760033, 0.373430; 1, 17, 1, 0; 0.945144657957; 2, 1, 1; 0, 2, 1; 1, 3, 2 / 4, 1, 1 / 4, 2, 0 ;
0,135; -2.370402, 1.756961, 0.376278 / -2.369948, 1.757429, 0.376545 / -2.370857, 1.756493, 0.376012; 1, 17, 1, 0; 0.945145383304; 0, 3, 0; 2, 1, 0; 2, 1, 1 / 3, 1, 1 / 4, 1, 1 ;
0,135; -2.675493, 1.338945, 1.059240 / -2.675493, 1.338945, 1.059240 / -2.675493, 1.338945, 1.059240; 1, 24, 1, 0; 0.315508742993; 1, 0, 1; 0, 1, 0; 1, 1, 2 ;
0,135; -2.543789, 1.516227, 0.760225 / -2.543789, 1.516227, 0.760225 / -2.543789, 1.516227, 0.760225; 1, 24, 1, 0; 0.197298710167; 1, 0, 1; 1, 0, 0; 3, 1, 2 ;
0,135; -3.113225, 0.742557, 2.041965 / -3.113225, 0.742557, 2.041965 / -3.113225, 0.742557, 2.041965; 1, 30, 1, 0; 0.837852038451; 1, 0, 1; 1, 0, 0; 2, 1, 2 ;
0,135; -3.118363, 0.736164, 2.039073 / -3.118363, 0.736164, 2.039073 / -3.118363, 0.736164, 2.039073; 1, 30, 1, 0; 0.837853119728; 1, 0, 1; 1, 0, 0; 1, 4, 0 / 2, 1, 2 ;
1,136; -1.42382, -2.29787, -3.37542 / -1.42382, -2.29787, -3.37542 / -1.42382, -2.29787, -3.37542; 1, 5, 1, 0; 0.012567459746; 0, 1, 0; 1, 0, 0; 3, 1, 1 ;
0,136; -1.958259, 1.801857, 1.632264 / -1.957938, 1.802075, 1.632294 / -1.958581, 1.801640, 1.632234; 1, 24, 1, 0; 0.942140425865; 1, 0, 2; 2, 0, 0; 2, 1, 2 / 2, 4, 2 ;
0,136; -1.928469, 1.381781, 1.057870 / -1.928469, 1.381781, 1.057870 / -1.928469, 1.381781, 1.057870; 1, 24, 1, 0; 0.322236982319; 1, 0, 1; 1, 0, 0; 3, 1, 2 ;
0,136; -1.959582, 1.801712, 1.632457 / -1.958581, 1.801784, 1.632621 / -1.960582, 1.801640, 1.632294; 1, 24, 1, 0; 0.942140448035; 1, 0, 1; 2, 0, 0; 2, 1, 2 / 3, 8, 2 / 4, 9, 0 ;
0,136; -1.964203, 1.805024, 1.629641 / -1.964203, 1.805024, 1.629641 / -1.964203, 1.805024, 1.629641; 1, 24, 1, 0; 0.942140669732; 1, 0, 1; 1, 0, 0; 3, 1, 2 ;
0,136; -1.956689, 1.805042, 1.633656 / -1.956689, 1.805042, 1.633656 / -1.956689, 1.805042, 1.633656; 1, 24, 1, 0; 0.942141283094; 1, 0, 1; 1, 0, 0; 2, 1, 2 ;
0,136; -1.996959, 2.301230, 2.305812 / -1.996628, 2.301389, 2.306069 / -1.997291, 2.301070, 2.305555; 1, 37, 1, 0; 0.206622197934; 2, 2, 1; 3, 0, 0; 2, 1, 2 / 2, 2, 1 / 3, 4, 1 ;
0,136; -1.997882, 2.300369, 2.304802 / -1.997291, 2.301092, 2.305555 / -1.998473, 2.299646, 2.304050; 1, 37, 1, 0; 0.206622243857; 1, 0, 1; 2, 0, 0; 2, 10, 2 / 3, 1, 1 / 4, 9, 0 ;
0,136; -2.030953, 2.757723, 2.980181 / -2.030953, 2.757723, 2.980181 / -2.030953, 2.757723, 2.980181; 1, 40, 1, 0; 0.139379805123; 1, 0, 1; 0, 1, 0; 1, 5, 0 / 4, 1, 2 ;
1,137; 0.578005, 0.0960281, -1.05673 / 0.578005, 0.0960281, -1.05673 / 0.578005, 0.0960281, -1.05673; 1, 11, 1, 0; 0.744504836059; 1, 0, 1; 0, 1, 0; 2, 10, 0 / 4, 1, 2 ;
0,137; 0.605027, -0.012408, -0.758829 / 0.605027, -0.012408, -0.758829 / 0.605027, -0.012408, -0.758829; 1, 16, 1, 0; 0.082297031042; 1, 0, 1; 1, 0, 0; 3, 1, 2 ;
0,137; 0.704515, -0.528371, 0.741628 / 0.704515, -0.528371, 0.741628 / 0.704515, -0.528371, 0.741628; 1, 23, 1, 0; 0.268480473663; 1, 0, 1; 1, 0, 0; 2, 1, 2 ;
0,137; 0.697590, -0.517444, 0.748987 / 0.697590, -0.517444, 0.748987 / 0.697590, -0.517444, 0.748987; 1, 23, 1, 0; 0.268482269409; 1, 0, 1; 1, 0, 0; 1, 2, 0 / 3, 1, 2 ;
0,137; 0.699591, -0.524592, 0.753592 / 0.699591, -0.524592, 0.753592 / 0.699591, -0.524592, 0.753592; 1, 23, 1, 0; 0.268494758343; 1, 0, 1; 1, 0, 0; 3, 1, 2 ;
1,138; -2.44908, -2.6164, -2.69022 / -2.44908, -2.6164, -2.69022 / -2.44908, -2.6164, -2.69022; 1, 5, 1, 0; 0.262140671299; 1, 0, 1; 1, 0, 0; 2, 1, 2 ;
1,140; -2.11599, 1.37897, -2.56568 / -2.11599, 1.37897, -2.56568 / -2.11599, 1.37897, -2.56568; 1, 6, 1, 0; 0.025730821671; 1, 0, 1; 0, 1, 0; 1, 1, 2 ;
0,140; -2.123217, 1.390777, -2.579190 / -2.123217, 1.390777, -2.579190 / -2.123217, 1.390777, -2.579190; 1, 6, 1, 0; 0.025741363712; 1, 0, 1; 0, 1, 0; 1, 1, 2 ;
0,140; -2.123860, 1.389894, -2.575838 / -2.123657, 1.390267, -2.575437 / -2.124064, 1.389520, -2.576238; 1, 6, 1, 0; 0.025740760889; 1, 0, 2; 2, 0, 0; 2, 1, 2 / 2, 4, 2 / 3, 9, 0 ;
0,140; -2.123098, 1.388868, -2.575764 / -2.122539, 1.389520, -2.575289 / -2.123657, 1.388217, -2.576238; 1, 6, 1, 0; 0.025740775592; 0, 1, 0; 2, 0, 0; 2, 1, 2 / 3, 6, 0 / 3, 9, 1 ;
0,140; -3.343778, 0.382199, -1.054202 / -3.343253, 0.382235, -1.053383 / -3.344302, 0.382163, -1.055022; 1, 10, 1, 0; 0.243933497052; 1, 0, 2; 2, 0, 0; 1, 4, 0 / 2, 8, 2 / 3, 1, 2 ;
0,140; -3.344291, 0.376740, -1.051159 / -3.344291, 0.376740, -1.051159 / -3.344291, 0.376740, -1.051159; 1, 10, 1, 0; 0.243933367288; 1, 0, 1; 1, 0, 0; 2, 1, 2 ;
1,141; 1.29277, 0.852981, 3.27419 / 1.29277, 0.852981, 3.27419 / 1.29277, 0.852981, 3.27419; 1, 42, 1, 0; 0.180762643268; 1, 0, 1; 0, 1, 0; 4, 1, 2 ;
0,141; 1.609372, 0.682263, 3.222891 / 1.609372, 0.682263, 3.222891 / 1.609372, 0.682263, 3.222891; 1, 42, 1, 0; 0.171135860109; 1, 0, 1; 1, 0, 0; 3, 1, 2 ;
0,141; -0.327154, 1.688913, 3.638098 / -0.327154, 1.688913, 3.638098 / -0.327154, 1.688913, 3.638098; 1, 45, 1, 0; 0.415647922963; 1, 0, 1; 0, 1, 0; 4, 1, 2 ;
1,143; -3.45598, 0.278818, 1.98518 / -3.45598, 0.278818, 1.98518 / -3.45598, 0.278818, 1.98518; 1, 30, 1, 0; 0.702191660725; 1, 0, 1; 1, 0, 0; 2, 1, 2 ;
0,143; -1.475732, 1.755449, 2.557387 / -1.475732, 1.755449, 2.557387 / -1.475732, 1.755449, 2.557387; 1, 37, 1, 0; 0.522037479258; 1, 0, 1; 1, 0, 0; 3, 1, 2 ;
0,143; -0.785410, 2.215225, 2.831933 / -0.785410, 2.215225, 2.831933 / -0.785410, 2.215225, 2.831933; 1, 39, 1, 0; 0.962004101839; 1, 0, 1; 0, 1, 0; 4, 1, 2 ;
1,144; -0.289541, 2.0435, -1.7275 / -0.288693, 2.04395, -1.7271 / -0.290389, 2.04305, -1.7279; 1, 7, 1, 0; 0.045771430412; 2, 2, 1; 1, 2, 1; 1, 1, 1 / 3, 2, 2 / 4, 1, 1 ;
0,144; -0.328361, 2.002587, -1.615426 / -0.328361, 2.002587, -1.615426 / -0.328361, 2.002587, -1.615426; 1, 7, 1, 0; 0.045074004302; 1, 0, 1; 1, 0, 0; 3, 1, 2 ;
0,144; -2.107025, 0.207957, 2.262218 / -2.107025, 0.207957, 2.262218 / -2.107025, 0.207957, 2.262218; 1, 36, 1, 0; 0.280866201374; 1, 0, 1; 1, 0, 0; 3, 1, 2 ;
1,146; 4.38019, -0.411846, 0.703366 / 4.38019, -0.411846, 0.703366 / 4.38019, -0.411846, 0.703366; 1, 20, 1, 0; 0.998143954842; 0, 1, 0; 0, 1, 0; 1, 1, 1 ;
0,146; 1.099348, 0.702458, 1.007781 / 1.099348, 0.702458, 1.007781 / 1.099348, 0.702458, 1.007781; 1, 23, 1, 0; 0.575855166797; 1, 0, 1; 0, 1, 0; 4, 1, 2 ;
0,146; -0.170042, 1.066191, 1.190802 / -0.170042, 1.066191, 1.190802 / -0.170042, 1.066191, 1.190802; 1, 25, 1, 0; 0.755837692341; 1, 0, 1; 1, 0, 0; 2, 1, 2 ;
0,146; -1.524846, 1.309898, 1.401793 / -1.524846, 1.309898, 1.401793 / -1.524846, 1.309898, 1.401793; 1, 26, 1, 0; 0.764055719858; 1, 0, 1; 1, 0, 0; 2, 1, 2 ;
0,146; -1.835253, 1.354188, 1.430434 / -1.834967, 1.354191, 1.431304 / -1.835538, 1.354186, 1.429565; 1, 29, 1, 0; 0.256734796856; 1, 0, 2; 1, 1, 0; 1, 1, 2 / 3, 9, 2 ;
1,147; 1.35861, -1.99327, -2.75236 / 1.35861, -1.99327, -2.75236 / 1.35861, -1.99327, -2.75236; 1, 3, 1, 0; 0.547085502323; 1, 0, 1; 0, 1, 0; 1, 1, 2 ;
0,147; 0.750748, -1.890242, -2.284798 / 0.750748, -1.890242, -2.284798 / 0.750748, -1.890242, -2.284798; 1, 3, 1, 0; 0.902398082665; 1, 0, 1; 1, 0, 0; 2, 1, 2 ;
1,148; 1.97492, -0.989903, 0.290042 / 1.97492, -0.989903, 0.290042 / 1.97492, -0.989903, 0.290042; 1, 16, 1, 0; 0.834913352942; 1, 0, 1; 0, 1, 0; 4, 1, 2 ;
0,148; 0.636766, -1.126618, 0.164929 / 0.636766, -1.126618, 0.164929 / 0.636766, -1.126618, 0.164929; 1, 16, 1, 0; 0.844112835391; 1, 0, 1; 1, 0, 0; 2, 1, 2 ;
0,148; 0.637268, -1.128495, 0.162538 / 0.637268, -1.128495, 0.162538 / 0.637268, -1.128495, 0.162538; 1, 16, 1, 0; 0.844112915756; 1, 0, 1; 1, 0, 0; 2, 1, 2 ;
0,148; 0.629927, -1.124412, 0.166989 / 0.629927, -1.124412, 0.166989 / 0.629927, -1.124412, 0.166989; 1, 16, 1, 0; 0.844124153487; 1, 0, 1; 1, 0, 0; 3, 1, 2 ;
0,148; -0.748060, -1.140730, 0.086196 / -0.748060, -1.140730, 0.086196 / -0.748060, -1.140730, 0.086196; 1, 16, 1, 0; 0.859926526135; 0, 1, 0; 1, 0, 0; 2, 1, 1 ;
1,150; -1.45102, -0.224205, -0.788694 / -1.45099, -0.223703, -0.788393 / -1.45105, -0.224707, -0.788995; 1, 10, 1, 0; 0.377634321918; 2, 1, 1; 3, 0, 0; 2, 1, 2 / 3, 4, 1 / 3, 5, 3 ;
0,150; 0.486091, -0.300967, 0.994277 / 0.486091, -0.300967, 0.994277 / 0.486091, -0.300967, 0.994277; 1, 23, 1, 0; 0.477179658853; 1, 0, 1; 1, 0, 0; 2, 1, 2 ;
0,150; 0.885423, -0.356457, 1.373123 / 0.885423, -0.356457, 1.373123 / 0.885423, -0.356457, 1.373123; 1, 23, 1, 0; 0.785280195507; 1, 0, 1; 1, 0, 0; 2, 1, 2 ;
1,151; -2.0394, 2.68396, -3.02151 / -2.03903, 2.68427, -3.02126 / -2.03976, 2.68365, -3.02175; 1, 2, 1, 0; 0.784313112879; 2, 1, 1; 0, 2, 1; 1, 4, 1 / 3, 9, 0 / 4, 1, 2 ;
0,151; -2.036518, 2.683422, -3.023601 / -2.036295, 2.684222, -3.022841 / -2.036742, 2.682621, -3.024361; 1, 2, 1, 0; 0.784313164298; 0, 3, 0; 1, 2, 0; 1, 1, 1 / 1, 4, 1 / 2, 4, 1 / 2, 8, 0 ;
0,151; -1.738147, 2.867840, -2.383347 / -1.738147, 2.867840, -2.383347 / -1.738147, 2.867840, -2.383347; 1, 6, 1, 0; 0.142856951718; 1, 0, 1; 1, 0, 0; 3, 1, 2 ;
0,151; -0.922391, 4.196084, 0.106910 / -0.921411, 4.196113, 0.107163 / -0.923372, 4.196056, 0.106656; 1, 17, 1, 0; 0.405594289564; 1, 0, 2; 1, 1, 0; 1, 7, 2 / 3, 1, 2 ;
0,151; -0.568909, 4.135360, 0.210932 / -0.568487, 4.136556, 0.211430 / -0.569332, 4.134163, 0.210434; 1, 17, 1, 0; 0.403457744337; 2, 1, 1; 2, 0, 0; 2, 1, 2 / 3, 9, 1 ;
0,151; -0.568640, 4.137208, 0.210744 / -0.568487, 4.137861, 0.211054 / -0.568793, 4.136556, 0.210434; 1, 17, 1, 0; 0.403457800133; 1, 0, 1; 2, 0, 0; 2, 8, 2 / 3, 1, 1 ;
0,151; -0.745685, 4.085589, 0.052592 / -0.745685, 4.085589, 0.052592 / -0.745685, 4.085589, 0.052592; 1, 17, 1, 0; 0.406181228013; 0, 1, 0; 1, 0, 0; 3, 1, 1 ;
1,152; -1.74462, 1.61766, -3.96718 / -1.74462, 1.61766, -3.96718 / -1.74462, 1.61766, -3.96718; 1, 2, 1, 0; 0.047500870173; 1, 0, 1; 0, 1, 0; 4, 1, 2 ;
0,152; -1.730952, 1.618727, -3.966287 / -1.730952, 1.618727, -3.966287 / -1.730952, 1.618727, -3.966287; 1, 2, 1, 0; 0.047493798038; 1, 0, 1; 1, 0, 0; 3, 1, 2 ;
0,152; -1.743484, 1.618413, -3.963154 / -1.743484, 1.618413, -3.963154 / -1.743484, 1.618413, -3.963154; 1, 2, 1, 0; 0.047501368545; 1, 0, 1; 1, 0, 0; 2, 1, 2 ;
0,152; -1.749518, 1.618234, -3.961389 / -1.749518, 1.618234, -3.961389 / -1.749518, 1.618234, -3.961389; 1, 2, 1, 0; 0.047508646358; 1, 0, 1; 1, 0, 0; 2, 1, 2 ;
1,155; 2.03701, -0.880587, -2.74259 / 2.03701, -0.880587, -2.74259 / 2.03701, -0.880587, -2.74259; 1, 3, 1, 0; 0.631261527984; 1, 0, 1; 0, 1, 0; 4, 1, 2 ;
0,155; 2.697534, 0.405627, -3.319715 / 2.697534, 0.405627, -3.319715 / 2.697534, 0.405627, -3.319715; 1, 3, 1, 0; 0.201164750541; 1, 0, 1; 1, 0, 0; 3, 1, 2 ;
0,155; 2.040146, -0.878274, -2.744147 / 2.040146, -0.878274, -2.744147 / 2.040146, -0.878274, -2.744147; 1, 3, 1, 0; 0.631262063935; 1, 0, 1; 1, 0, 0; 3, 1, 2 ;
1,156; -1.11385, -1.55338, -2.59626 / -1.11385, -1.55338, -2.59626 / -1.11385, -1.55338, -2.59626; 1, 5, 1, 0; 0.322047273037; 1, 0, 1; 1, 0, 0; 3, 1, 2 ;
0,156; -0.473123, -1.676071, -0.947298 / -0.473123, -1.676071, -0.947298 / -0.473123, -1.676071, -0.947298; 1, 9, 1, 0; 0.428592174584; 0, 1, 0; 0, 1, 0; 4, 1, 1 ;
0,156; -0.291142, -1.707754, -0.452694 / -0.291142, -1.707754, -0.452694 / -0.291142, -1.707754, -0.452694; 1, 15, 1, 0; 0.079944306931; 1, 0, 1; 1, 0, 0; 3, 1, 2 ;
1,158; 1.02472, 3.74318, -2.45647 / 1.02479, 3.74327, -2.45642 / 1.02466, 3.74308, -2.45652; 1, 4, 1, 0; 0.224272259094; 1, 0, 2; 0, 2, 0; 4, 1, 2 / 4, 2, 2 ;
0,158; -3.581190, 1.469110, -2.105296 / -3.581190, 1.469110, -2.105296 / -3.581190, 1.469110, -2.105296; 1, 6, 1, 0; 0.427130026338; 0, 0, 0; 1, 0, 0; 2, 1, 3 ;
1,159; -2.88157, 1.20739, 0.453737 / -2.88098, 1.20764, 0.454135 / -2.88216, 1.20714, 0.453338; 1, 17, 1, 0; 0.840078881515; 2, 1, 3; 3, 1, 0; 1, 7, 2 / 2, 1, 2 / 2, 7, 2 / 3, 3, 1 ;
0,159; -2.879118, 1.206976, 0.451073 / -2.879118, 1.206976, 0.451073 / -2.879118, 1.206976, 0.451073; 1, 17, 1, 0; 0.840079097724; 1, 0, 1; 1, 0, 0; 3, 1, 2 ;
0,159; 0.319792, 2.234780, 2.042215 / 0.319792, 2.234780, 2.042215 / 0.319792, 2.234780, 2.042215; 1, 30, 1, 0; 0.946750382830; 1, 0, 1; 1, 0, 0; 3, 1, 2 ;
1,160; 1.99997, 1.63657, 0.104626 / 1.99997, 1.63657, 0.104626 / 1.99997, 1.63657, 0.104626; 1, 20, 1, 0; 0.321180244010; 0, 1, 0; 1, 0, 0; 3, 1, 1 ;
0,160; 1.998565, 1.638640, 0.106470 / 1.998565, 1.638640, 0.106470 / 1.998565, 1.638640, 0.106470; 1, 20, 1, 0; 0.321192681713; 1, 0, 1; 1, 0, 0; 2, 1, 2 ;
0,160; 1.376353, 2.737497, 1.035600 / 1.376353, 2.737497, 1.035600 / 1.376353, 2.737497, 1.035600; 1, 26, 1, 0; 0.383874561742; 1, 0, 1; 1, 0, 0; 2, 1, 2 ;
1,161; 1.72874, -1.22651, 2.31399 / 1.72881, -1.22607, 2.31436 / 1.72867, -1.22695, 2.31363; 1, 33, 1, 0; 0.339944707623; 1, 0, 2; 2, 0, 0; 1, 2, 0 / 2, 1, 2 / 2, 5, 2 ;
0,161; 1.755205, -1.175209, 2.336133 / 1.756121, -1.175130, 2.336367 / 1.754288, -1.175289, 2.335898; 1, 33, 1, 0; 0.340098224108; 2, 1, 1; 2, 0, 0; 3, 1, 2 / 3, 6, 1 / 4, 6, 0 ;
0,161; 1.657502, -1.210978, 2.171542 / 1.657502, -1.210978, 2.171542 / 1.657502, -1.210978, 2.171542; 1, 33, 1, 0; 0.339652442569; 1, 0, 1; 1, 0, 0; 3, 1, 2 ;
0,161; 1.641736, -1.224063, 2.169021 / 1.641736, -1.224063, 2.169021 / 1.641736, -1.224063, 2.169021; 1, 33, 1, 0; 0.339672299429; 1, 0, 1; 1, 0, 0; 2, 1, 0 / 3, 1, 2 ;
0,161; 1.714684, -1.258987, 2.289074 / 1.714684, -1.258987, 2.289074 / 1.714684, -1.258987, 2.289074; 1, 33, 1, 0; 0.433654186280; 1, 0, 1; 1, 0, 0; 3, 1, 2 ;
1,162; 0.178586, 1.88771, 1.9326 / 0.178586, 1.88771, 1.9326 / 0.178586, 1.88771, 1.9326; 1, 30, 1, 0; 0.930688111019; 1, 0, 1; 0, 1, 0; 4, 1, 2 ;
0,162; 1.298901, 2.546626, 2.602543 / 1.298901, 2.546626, 2.602543 / 1.298901, 2.546626, 2.602543; 1, 38, 1, 0; 0.482715531757; 0, 1, 0; 0, 1, 0; 1, 1, 1 ;
0,162; 1.915131, 2.904864, 3.011840 / 1.915131, 2.904864, 3.011840 / 1.915131, 2.904864, 3.011840; 1, 40, 1, 0; 0.235808156530; 0, 1, 0; 0, 1, 0; 4, 1, 1 ;
1,163; 0.720958, 0.844835, -2.21955 / 0.720958, 0.844835, -2.21955 / 0.720958, 0.844835, -2.21955; 1, 4, 1, 0; 0.438703856833; 1, 0, 1; 0, 1, 0; 1, 1, 2 ;
0,163; 1.674451, -0.504248, -0.664825 / 1.674451, -0.504248, -0.664825 / 1.674451, -0.504248, -0.664825; 1, 12, 1, 0; 0.502080420941; 1, 0, 1; 1, 0, 0; 2, 1, 2 ;
0,163; 2.123044, -1.458800, 0.201461 / 2.123044, -1.458800, 0.201461 / 2.123044, -1.458800, 0.201461; 1, 16, 1, 0; 0.899830978634; 1, 0, 1; 1, 0, 0; 2, 1, 2 ;
1,164; -1.78533, 1.37254, -1.01336 / -1.78533, 1.37254, -1.01336 / -1.78533, 1.37254, -1.01336; 1, 7, 1, 0; 0.530097511610; 1, 0, 1; 1, 0, 0; 2, 1, 2 ;
0,164; -1.101106, 2.469420, 0.214407 / -1.101106, 2.469420, 0.214407 / -1.101106, 2.469420, 0.214407; 1, 17, 1, 0; 0.594419764039; 1, 0, 1; 1, 0, 0; 2, 1, 2 ;
1,165; 2.41997, 1.33965, -1.09377 / 2.41997, 1.33965, -1.09377 / 2.41997, 1.33965, -1.09377; 1, 11, 1, 0; 0.880394128525; 1, 0, 1; 0, 1, 0; 1, 1, 2 ;
0,165; -1.092205, 1.996529, 2.633402 / -1.092205, 1.996529, 2.633402 / -1.092205, 1.996529, 2.633402; 1, 38, 1, 0; 0.726114305308; 1, 0, 1; 1, 0, 0; 2, 1, 2 ;
0,165; -1.095869, 1.991242, 2.636903 / -1.095869, 1.991242, 2.636903 / -1.095869, 1.991242, 2.636903; 1, 38, 1, 0; 0.726115728920; 1, 0, 1; 1, 0, 0; 2, 1, 2 ;
0,165; -1.105678, 1.997394, 2.638329 / -1.105678, 1.997394, 2.638329 / -1.105678, 1.997394, 2.638329; 1, 38, 1, 0; 0.726137863786; 1, 0, 1; 1, 0, 0; 2, 1, 2 ;
0,165; -1.168483, 1.770189, 2.951751 / -1.168483, 1.770189, 2.951751 / -1.168483, 1.770189, 2.951751; 1, 39, 1, 0; 0.696151296558; 0, 1, 0; 0, 1, 0; 4, 1, 1 ;
0,165; -1.165269, 1.769510, 2.956949 / -1.165269, 1.769510, 2.956949 / -1.165269, 1.769510, 2.956949; 1, 39, 1, 0; 0.696152773849; 1, 0, 1; 1, 0, 0; 3, 1, 2 ;
1,166; -0.214647, -0.710565, -1.61088 / -0.214647, -0.710565, -1.61088 / -0.214647, -0.710565, -1.61088; 1, 4, 1, 0; 0.975453998880; 1, 0, 1; 1, 0, 0; 3, 1, 2 / 3, 2, 0 ;
0,166; 0.400906, -0.048570, -1.329007 / 0.400906, -0.048570, -1.329007 / 0.400906, -0.048570, -1.329007; 1, 11, 1, 0; 0.433506297405; 1, 0, 1; 1, 0, 0; 2, 1, 2 ;
0,166; 1.639314, 1.198462, -0.783992 / 1.639382, 1.198752, -0.783182 / 1.639246, 1.198172, -0.784801; 1, 12, 1, 0; 0.341212024462; 1, 0, 2; 2, 0, 0; 3, 1, 2 / 3, 6, 2 / 4, 5, 0 ;
0,166; 1.605421, 1.161578, -0.796283 / 1.605421, 1.161578, -0.796283 / 1.605421, 1.161578, -0.796283; 1, 12, 1, 0; 0.340799843681; 1, 0, 1; 1, 0, 0; 2, 1, 2 ;
1,167; 1.02405, -1.44102, -4.11995 / 1.02405, -1.44102, -4.11995 / 1.02405, -1.44102, -4.11995; 1, 1, 1, 0; 0.274617717045; 0, 0, 0; 1, 0, 0; 2, 1, 3 ;
0,167; 1.423506, -1.802181, -3.052172 / 1.423506, -1.802181, -3.052172 / 1.423506, -1.802181, -3.052172; 1, 3, 1, 0; 0.371433157235; 1, 0, 1; 0, 1, 0; 1, 1, 2 ;
0,167; 1.425335, -1.804785, -3.047565 / 1.425335, -1.804785, -3.047565 / 1.425335, -1.804785, -3.047565; 1, 3, 1, 0; 0.371432645462; 1, 0, 1; 1, 0, 0; 3, 1, 2 ;
1,170; 1.61817, 3.92018, -0.842198 / 1.61882, 3.92047, -0.841402 / 1.61752, 3.9199, -0.842994; 1, 13, 1, 0; 0.173351779975; 1, 0, 2; 1, 1, 0; 3, 1, 2 / 4, 7, 2 ;
0,170; -0.448736, -2.144886, 0.428463 / -0.448736, -2.144886, 0.428463 / -0.448736, -2.144886, 0.428463; 1, 18, 1, 0; 0.432657763029; 0, 1, 0; 0, 1, 0; 1, 1, 1 / 4, 5, 0 ;
1,171; -1.61541, -3.00916, -0.166925 / -1.61541, -3.00916, -0.166925 / -1.61541, -3.00916, -0.166925; 1, 10, 1, 0; 0.951194450212; 1, 0, 1; 1, 0, 0; 3, 1, 2 ;
1,172; 1.64415, -2.28982, -0.591087 / 1.64415, -2.28982, -0.591087 / 1.64415, -2.28982, -0.591087; 1, 12, 1, 0; 0.611778470496; 1, 0, 1; 0, 1, 0; 1, 1, 2 ;
0,172; 1.644289, -2.300952, -0.593365 / 1.644289, -2.300952, -0.593365 / 1.644289, -2.300952, -0.593365; 1, 12, 1, 0; 0.611780804988; 1, 0, 1; 1, 0, 0; 2, 1, 2 ;
1,173; 4.3046, 1.06008, -1.37098 / 4.3046, 1.06008, -1.37098 / 4.3046, 1.06008, -1.37098; 1, 12, 1, 0; 0.067371534310; 0, 1, 0; 0, 1, 0; 1, 1, 1 ;
0,173; 1.468547, 0.608382, 0.757302 / 1.468547, 0.608382, 0.757302 / 1.468547, 0.608382, 0.757302; 1, 20, 1, 0; 0.898592746216; 0, 1, 0; 1, 0, 0; 2, 1, 1 ;
0,173; -1.464751, -0.738261, 3.119961 / -1.464751, -0.738261, 3.119961 / -1.464751, -0.738261, 3.119961; 1, 41, 1, 0; 0.301424920621; 1, 0, 1; 1, 0, 0; 2, 1, 2 ;
1,174; -2.33113, -2.33612, -1.34333 / -2.33113, -2.33612, -1.34333 / -2.33113, -2.33612, -1.34333; 1, 9, 1, 0; 0.183116005736; 1, 0, 1; 1, 0, 0; 2, 1, 2 ;
0,174; -0.993382, -1.767106, -0.161856 / -0.992578, -1.766762, -0.161258 / -0.994186, -1.767449, -0.162453; 1, 16, 1, 0; 0.277628202552; 2, 2, 1; 3, 0, 0; 2, 8, 1 / 2, 9, 1 / 3, 1, 2 ;
0,174; 1.141991, -0.864293, 1.679612 / 1.141991, -0.864293, 1.679612 / 1.141991, -0.864293, 1.679612; 1, 27, 1, 0; 0.790102628845; 1, 0, 1; 1, 0, 0; 3, 1, 2 ;
0,174; 1.138322, -0.859965, 1.683441 / 1.138322, -0.859965, 1.683441 / 1.138322, -0.859965, 1.683441; 1, 27, 1, 0; 0.790118587194; 0, 1, 0; 1, 0, 0; 3, 1, 1 ;
0,174; 1.677853, -0.431623, 2.197877 / 1.677853, -0.431623, 2.197877 / 1.677853, -0.431623, 2.197877; 1, 28, 1, 0; 0.851735923871; 1, 0, 1; 1, 0, 0; 3, 1, 2 ;
0,174; 1.796829, -0.325449, 2.303678 / 1.796829, -0.325449, 2.303678 / 1.796829, -0.325449, 2.303678; 1, 28, 1, 0; 0.855207615070; 0, 1, 0; 1, 0, 0; 3, 1, 1 ;
0,174; 1.454199, -0.619869, 1.989595 / 1.454199, -0.619869, 1.989595 / 1.454199, -0.619869, 1.989595; 1, 34, 1, 0; 0.010292414729; 1, 0, 1; 1, 0, 0; 2, 1, 2 ;
1,175; 0.567222, -2.54244, -0.411915 / 0.567222, -2.54244, -0.411915 / 0.567222, -2.54244, -0.411915; 1, 9, 1, 0; 0.962226965816; 1, 0, 1; 0, 1, 0; 4, 1, 2 ;
0,175; 0.675531, -2.583052, -0.218774 / 0.675955, -2.582535, -0.218313 / 0.675106, -2.583569, -0.219234; 1, 15, 1, 0; 0.432938659937; 2, 1, 2; 3, 0, 0; 2, 6, 2 / 3, 1, 2 / 3, 4, 1 ;
1,176; 3.2319, 0.182147, 1.23112 / 3.2319, 0.182147, 1.23112 / 3.2319, 0.182147, 1.23112; 1, 26, 1, 0; 0.159516008744; 0, 1, 0; 0, 1, 0; 1, 1, 1 ;
0,176; 3.227261, 0.184656, 1.227258 / 3.227261, 0.184656, 1.227258 / 3.227261, 0.184656, 1.227258; 1, 26, 1, 0; 0.159516488792; 1, 0, 1; 1, 0, 0; 3, 1, 2 ;
1,177; -3.22415, 2.44941, -1.09407 / -3.22415, 2.44941, -1.09407 / -3.22415, 2.44941, -1.09407; 1, 7, 1, 0; 0.661516530798; 0, 1, 0; 1, 0, 0; 3, 1, 1 ;
1,178; 0.872923, -1.46483, 1.76717 / 0.872923, -1.46483, 1.76717 / 0.872923, -1.46483, 1.76717; 1, 27, 1, 0; 0.913085117943; 1, 0, 1; 0, 1, 0; 1, 1, 2 ;
1,179; 0.437476, -2.22754, -3.00868 / 0.437476, -2.22754, -3.00868 / 0.437476, -2.22754, -3.00868; 1, 3, 1, 0; 0.412935959896; 1, 0, 1; 1, 0, 0; 3, 1, 2 ;
0,179; -0.124622, -1.991245, -2.337129 / -0.124622, -1.991245, -2.337129 / -0.124622, -1.991245, -2.337129; 1, 3, 1, 0; 0.895778902066; 1, 0, 1; 1, 0, 0; 2, 1, 2 / 2, 8, 0 / 4, 9, 0 ;
0,179; -2.102418, -1.184920, -0.126855 / -2.102418, -1.184920, -0.126855 / -2.102418, -1.184920, -0.126855; 1, 10, 1, 0; 0.821918046490; 1, 0, 1; 0, 1, 0; 4, 1, 2 ;
0,179; -2.111086, -1.197064, -0.118454 / -2.111086, -1.197064, -0.118454 / -2.111086, -1.197064, -0.118454; 1, 10, 1, 0; 0.821919982136; 1, 0, 1; 1, 0, 0; 3, 1, 2 ;
0,179; -2.999446, -0.710140, 0.855299 / -2.999446, -0.710140, 0.855299 / -2.999446, -0.710140, 0.855299; 1, 21, 1, 0; 0.356915028143; 0, 1, 0; 1, 0, 0; 3, 1, 1 ;
0,179; -2.998523, -0.705210, 0.861106 / -2.998523, -0.705210, 0.861106 / -2.998523, -0.705210, 0.861106; 1, 21, 1, 0; 0.356915624764; 1, 0, 1; 1, 0, 0; 3, 1, 2 ;
1,180; 3.41558, 1.87206, -1.49435 / 3.41558, 1.87206, -1.49435 / 3.41558, 1.87206, -1.49435; 1, 12, 1, 0; 0.048896380623; 1, 0, 1; 0, 1, 0; 1, 1, 2 ;
0,180; 2.529115, 2.926368, -0.080793 / 2.529115, 2.926368, -0.080793 / 2.529115, 2.926368, -0.080793; 1, 20, 1, 0; 0.068637637646; 1, 0, 1; 1, 0, 0; 2, 1, 2 / 4, 4, 0 ;
1,182; -0.326008, 2.15518, -0.397738 / -0.326008, 2.15518, -0.397738 / -0.326008, 2.15518, -0.397738; 1, 13, 1, 0; 0.475156885700; 1, 0, 1; 1, 0, 0; 3, 1, 2 ;
0,182; -0.660734, 1.190613, 2.942198 / -0.660734, 1.190613, 2.942198 / -0.660734, 1.190613, 2.942198; 1, 39, 1, 0; 0.416752475248; 1, 0, 1; 1, 0, 0; 2, 1, 2 ;
1,183; 1.04563, -0.476022, -2.27181 / 1.04631, -0.475747, -2.27126 / 1.04496, -0.476296, -2.27236; 1, 3, 1, 0; 0.796303275749; 2, 2, 1; 1, 2, 1; 1, 3, 1 / 2, 4, 1 / 4, 1, 2 ;
1,185; -1.02865, -1.13254, -3.00703 / -1.02865, -1.13254, -3.00703 / -1.02865, -1.13254, -3.00703; 1, 5, 1, 0; 0.107455770971; 0, 1, 0; 1, 0, 0; 2, 1, 1 ;
0,185; -2.071926, -1.050475, -1.530294 / -2.071664, -1.050072, -1.530222 / -2.072188, -1.050878, -1.530366; 1, 6, 1, 0; 0.925272725669; 1, 0, 1; 2, 0, 0; 2, 1, 3 / 3, 3, 2 ;
1,187; 0.700277, -1.67242, -1.84261 / 0.700277, -1.67242, -1.84261 / 0.700277, -1.67242, -1.84261; 1, 8, 1, 0; 0.208373122407; 0, 0, 0; 1, 0, 0; 3, 1, 3 ;
0,187; 0.815917, -1.572674, -1.722440 / 0.815917, -1.572674, -1.722440 / 0.815917, -1.572674, -1.722440; 1, 8, 1, 0; 0.210306229104; 1, 0, 1; 1, 0, 0; 3, 1, 2 ;
0,187; 2.180915, -0.198579, -0.113649 / 2.181844, -0.198406, -0.113340 / 2.179986, -0.198751, -0.113957; 1, 16, 1, 0; 0.443551719011; 2, 1, 1; 0, 2, 0; 1, 1, 1 / 1, 5, 2 ;
0,187; 2.184361, -0.201564, -0.116316 / 2.184578, -0.200707, -0.115715 / 2.184144, -0.202421, -0.116916; 1, 16, 1, 0; 0.443550948845; 2, 3, 1; 3, 1, 0; 1, 7, 1 / 2, 1, 1 / 3, 3, 1 / 3, 4, 0 / 3, 6, 2 ;
0,187; 2.863657, 0.797505, 0.863545 / 2.863657, 0.797505, 0.863545 / 2.863657, 0.797505, 0.863545; 1, 20, 1, 0; 0.848549286568; 0, 1, 0; 0, 1, 0; 4, 1, 1 ;
0,187; 2.866627, 0.804858, 0.866107 / 2.866627, 0.804858, 0.866107 / 2.866627, 0.804858, 0.866107; 1, 20, 1, 0; 0.848562461855; 1, 0, 1; 1, 0, 0; 3, 1, 2 ;
1,188; -2.97442, -1.63198, 0.289072 / -2.97442, -1.63198, 0.289072 / -2.97442, -1.63198, 0.289072; 1, 21, 1, 0; 0.024324269067; 1, 0, 1; 1, 0, 0; 2, 1, 2 / 2, 2, 0 / 2, 8, 0 / 4, 5, 0 ;
0,188; -2.827384, 1.938165, 2.013426 / -2.827384, 1.938165, 2.013426 / -2.827384, 1.938165, 2.013426; 1, 29, 1, 0; 0.779868590755; 1, 0, 1; 1, 0, 0; 3, 1, 2 ;
0,188; -2.766553, 2.547873, 2.329787 / -2.766553, 2.547873, 2.329787 / -2.766553, 2.547873, 2.329787; 1, 37, 1, 0; 0.241006723121; 1, 0, 1; 1, 0, 0; 2, 1, 2 ;
1,189; -0.360447, -0.53626, -4.19983 / -0.360447, -0.53626, -4.19983 / -0.360447, -0.53626, -4.19983; 1, 1, 1, 0; 0.219328641517; 1, 0, 1; 1, 0, 0; 3, 1, 2 ;
0,189; -2.684210, 0.962079, -2.144342 / -2.684210, 0.962079, -2.144342 / -2.684210, 0.962079, -2.144342; 1, 6, 1, 0; 0.414127255315; 1, 0, 1; 1, 0, 0; 2, 1, 2 ;
0,189; -2.688397, 0.959143, -2.139357 / -2.688397, 0.959143, -2.139357 / -2.688397, 0.959143, -2.139357; 1, 6, 1, 0; 0.414136429978; 1, 0, 1; 1, 0, 0; 2, 1, 2 ;
1,190; 1.82538, 2.45045, 2.64651 / 1.82538, 2.45045, 2.64651 / 1.82538, 2.45045, 2.64651; 1, 38, 1, 0; 0.603706977841; 1, 0, 1; 0, 1, 0; 1, 1, 2 ;
0,190; 1.829838, 2.453388, 2.641270 / 1.829838, 2.453388, 2.641270 / 1.829838, 2.453388, 2.641270; 1, 38, 1, 0; 0.603680265986; 1, 0, 1; 1, 0, 0; 1, 4, 0 / 2, 1, 2 ;
0,190; 1.829704, 2.453169, 2.647569 / 1.829704, 2.453169, 2.647569 / 1.829704, 2.453169, 2.647569; 1, 38, 1, 0; 0.603707329917; 1, 0, 1; 1, 0, 0; 3, 1, 2 ;
0,190; 0.936275, -1.055510, 3.762513 / 0.936275, -1.055510, 3.762513 / 0.936275, -1.055510, 3.762513; 1, 46, 1, 0; 0.035051565287; 0, 1, 0; 0, 1, 0; 1, 9, 0 / 4, 1, 1 / 4, 4, 0 ;
0,190; 0.937950, -1.056697, 3.762499 / 0.937950, -1.056697, 3.762499 / 0.937950, -1.056697, 3.762499; 1, 46, 1, 0; 0.035051628487; 1, 0, 1; 1, 0, 0; 2, 1, 2 ;
1,191; -3.83313, 2.03331, 1.37667 / -3.83313, 2.03331, 1.37667 / -3.83313, 2.03331, 1.37667; 1, 24, 1, 0; 0.498527879882; 0, 1, 0; 1, 0, 0; 2, 1, 1 ;
1,195; -2.64079, 1.80463, 0.921162 / -2.64079, 1.80463, 0.921162 / -2.64079, 1.80463, 0.921162; 1, 24, 1, 0; 0.181480256400; 1, 0, 1; 1, 0, 0; 3, 1, 2 ;
1,196; 1.58726, -3.92294, 1.45827 / 1.58726, -3.92294, 1.45827 / 1.58726, -3.92294, 1.45827; 1, 22, 1, 0; 0.661617350889; 1, 0, 1; 1, 0, 0; 2, 8, 0 / 3, 1, 2 ;
1,197; -1.26707, -4.19786, -0.75597 / -1.26707, -4.19786, -0.75597 / -1.26707, -4.19786, -0.75597; 1, 9, 1, 0; 0.754029830572; 1, 0, 1; 0, 1, 0; 1, 1, 2 ;
0,197; -1.036795, -3.969752, -0.842078 / -1.036795, -3.969752, -0.842078 / -1.036795, -3.969752, -0.842078; 1, 9, 1, 0; 0.711588640679; 1, 0, 1; 1, 0, 0; 2, 1, 2 ;
1,199; -0.613022, 3.2628, -0.244499 / -0.613022, 3.2628, -0.244499 / -0.613022, 3.2628, -0.244499; 1, 17, 1, 0; 0.233958436207; 1, 0, 1; 0, 1, 0; 1, 1, 2 / 3, 4, 0 ;
0,199; -2.253890, 2.761111, 0.733812 / -2.253890, 2.761111, 0.733812 / -2.253890, 2.761111, 0.733812; 1, 24, 1, 0; 0.106407140714; 0, 1, 0; 1, 0, 0; 2, 5, 0 / 3, 1, 1 ;
