1,0; -0.944084, 1.35993, 1.12347 / -0.944084, 1.35993, 1.12347 / -0.944084, 1.35993, 1.12347; 1, 25, 1, 0; 0.784596751104; 0, 1, 0; 0, 1, 0; 1, 1, 1 ;
1,3; -0.493091, -2.77089, -1.53748 / -0.493091, -2.77089, -1.53748 / -0.493091, -2.77089, -1.53748; 1, 8, 1, 0; 0.581755776600; 1, 0, 1; 1, 0, 0; 1, 1, 0 / 2, 1, 2 / 2, 5, 0 / 2, 6, 0 / 3, 4, 0 / 3, 6, 0 ;
1,4; -2.52189, 1.4892, -0.436215 / -2.52189, 1.4892, -0.436215 / -2.52189, 1.4892, -0.436215; 1, 14, 1, 0; 0.304234645956; 0, 1, 0; 1, 0, 0; 3, 1, 1 ;
0,4; -2.531636, 1.482285, -0.429317 / -2.531636, 1.482285, -0.429317 / -2.531636, 1.482285, -0.429317; 1, 14, 1, 0; 0.304237366482; 1, 0, 1; 1, 0, 0; 2, 1, 2 ;
0,4; 1.210377, 0.597219, 0.185064 / 1.210377, 0.597219, 0.185064 / 1.210377, 0.597219, 0.185064; 1, 16, 1, 0; 0.636293042251; 1, 0, 1; 0, 1, 0; 4, 1, 2 ;
0,4; 1.211338, 0.597906, 0.176589 / 1.211338, 0.597906, 0.176589 / 1.211338, 0.597906, 0.176589; 1, 16, 1, 0; 0.636281154901; 1, 0, 1; 1, 0, 0; 2, 1, 2 ;
0,4; 1.210071, 0.597258, 0.181043 / 1.210071, 0.597258, 0.181043 / 1.210071, 0.597258, 0.181043; 1, 16, 1, 0; 0.636281275449; 0, 1, 0; 1, 0, 0; 2, 1, 1 ;
0,4; 2.966643, 0.224039, 0.372141 / 2.966643, 0.224039, 0.372141 / 2.966643, 0.224039, 0.372141; 1, 19, 1, 0; 0.633229398970; 1, 0, 1; 0, 1, 0; 1, 1, 2 ;
1,5; 0.537301, -2.33611, -2.96094 / 0.537301, -2.33611, -2.96094 / 0.537301, -2.33611, -2.96094; 1, 3, 1, 0; 0.413329976587; 1, 0, 1; 1, 0, 0; 3, 1, 2 ;
0,5; 0.535005, -2.337912, -2.956913 / 0.535005, -2.337912, -2.956913 / 0.535005, -2.337912, -2.956913; 1, 3, 1, 0; 0.413330697905; 1, 0, 1; 1, 0, 0; 3, 1, 2 ;
1,6; 0.305885, 2.45688, 0.809598 / 0.305885, 2.45688, 0.809598 / 0.305885, 2.45688, 0.809598; 1, 25, 1, 0; 0.603554789765; 0, 0, 0; 0, 1, 0; 4, 1, 3 ;
1,8; 1.41455, 0.645318, -2.04493 / 1.41455, 0.645318, -2.04493 / 1.41455, 0.645318, -2.04493; 1, 4, 1, 0; 0.660237635851; 1, 0, 1; 1, 0, 0; 2, 1, 2 ;
0,8; 2.272193, 0.081940, -1.116164 / 2.272673, 0.082378, -1.116018 / 2.271714, 0.081501, -1.116310; 1, 11, 1, 0; 0.729718556460; 1, 0, 2; 1, 1, 0; 1, 7, 2 / 3, 1, 2 ;
0,8; 2.270162, 0.081390, -1.117219 / 2.270162, 0.081390, -1.117219 / 2.270162, 0.081390, -1.117219; 1, 11, 1, 0; 0.729718676618; 1, 0, 1; 0, 1, 0; 4, 1, 2 ;
0,8; 1.788994, 0.408089, -1.635513 / 1.788994, 0.408089, -1.635513 / 1.788994, 0.408089, -1.635513; 1, 11, 1, 0; 0.035793269341; 1, 0, 1; 1, 0, 0; 2, 1, 2 ;
0,8; 2.272533, 0.082325, -1.115366 / 2.272673, 0.082378, -1.114714 / 2.272394, 0.082273, -1.116018; 1, 11, 1, 0; 0.729718522130; 1, 0, 1; 2, 0, 0; 3, 1, 2 / 3, 7, 2 ;
0,8; 2.270389, 0.082366, -1.105708 / 2.270389, 0.082366, -1.105708 / 2.270389, 0.082366, -1.105708; 1, 11, 1, 0; 0.729728952958; 1, 0, 1; 1, 0, 0; 3, 1, 2 ;
0,8; 3.498969, -0.744664, -0.072204 / 3.498969, -0.744664, -0.072204 / 3.498969, -0.744664, -0.072204; 1, 19, 1, 0; 0.032601323892; 1, 0, 1; 1, 0, 0; 3, 1, 2 ;
1,10; -0.786297, 1.36224, -2.01079 / -0.786297, 1.36224, -2.01079 / -0.786297, 1.36224, -2.01079; 1, 4, 1, 0; 0.727901522020; 0, 1, 0; 1, 0, 0; 3, 1, 1 ;
0,10; -1.332933, -1.480471, 0.782502 / -1.332933, -1.480471, 0.782502 / -1.332933, -1.480471, 0.782502; 1, 21, 1, 0; 0.278638548379; 1, 0, 1; 0, 1, 0; 4, 1, 2 ;
0,10; -1.367850, -1.693578, 1.003090 / -1.367850, -1.693578, 1.003090 / -1.367850, -1.693578, 1.003090; 1, 21, 1, 0; 0.669784125238; 0, 1, 0; 0, 1, 0; 4, 1, 1 ;
0,10; -1.523221, -2.405779, 1.719901 / -1.523221, -2.405779, 1.719901 / -1.523221, -2.405779, 1.719901; 1, 32, 1, 0; 0.173437531670; 1, 0, 1; 0, 1, 0; 4, 1, 2 ;
0,10; -1.256114, -2.199388, 1.755183 / -1.255961, -2.198965, 1.755757 / -1.256267, -2.199811, 1.754610; 1, 32, 1, 0; 0.177489865475; 1, 0, 2; 2, 0, 0; 2, 1, 2 / 3, 6, 2 ;
0,10; -1.533414, -2.394253, 1.721186 / -1.533414, -2.394253, 1.721186 / -1.533414, -2.394253, 1.721186; 1, 32, 1, 0; 0.173452171652; 1, 0, 1; 1, 0, 0; 2, 1, 2 ;
0,10; -1.324008, -2.263958, 1.696819 / -1.324008, -2.263958, 1.696819 / -1.324008, -2.263958, 1.696819; 1, 32, 1, 0; 0.175170524396; 0, 1, 0; 1, 0, 0; 2, 1, 1 ;
0,10; -1.258516, -2.199504, 1.757497 / -1.258516, -2.199504, 1.757497 / -1.258516, -2.199504, 1.757497; 1, 32, 1, 0; 0.177491187370; 0, 1, 0; 1, 0, 0; 2, 4, 0 / 3, 1, 1 / 4, 1, 0 ;
0,10; -1.166957, -2.115441, 1.685353 / -1.166957, -2.115441, 1.685353 / -1.166957, -2.115441, 1.685353; 1, 32, 1, 0; 0.183828030333; 1, 0, 1; 1, 0, 0; 3, 1, 2 ;
1,14; 3.99975, -0.317954, -1.68068 / 3.99993, -0.317699, -1.67994 / 3.99957, -0.318209, -1.68141; 1, 4, 1, 0; 0.945251308647; 0, 1, 0; 2, 0, 0; 2, 1, 1 / 3, 4, 3 ;
0,14; 3.992028, -0.026614, -1.340755 / 3.992028, -0.026614, -1.340755 / 3.992028, -0.026614, -1.340755; 1, 12, 1, 0; 0.099464119782; 1, 0, 1; 1, 0, 0; 3, 1, 2 ;
0,14; 3.991479, 0.750954, -0.432706 / 3.991479, 0.750954, -0.432706 / 3.991479, 0.750954, -0.432706; 1, 12, 1, 0; 0.907187452795; 1, 0, 1; 1, 0, 0; 3, 1, 2 ;
0,14; 3.994782, 0.750866, -0.430301 / 3.994782, 0.750866, -0.430301 / 3.994782, 0.750866, -0.430301; 1, 12, 1, 0; 0.907187624449; 1, 0, 1; 1, 0, 0; 3, 1, 2 ;
1,15; -0.26737, 0.674321, -0.186349 / -0.26737, 0.674321, -0.186349 / -0.26737, 0.674321, -0.186349; 1, 13, 1, 0; 0.917328536099; 1, 0, 1; 1, 0, 0; 2, 1, 2 ;
0,15; 0.262346, -1.905047, 2.080680 / 0.262346, -1.905047, 2.080680 / 0.262346, -1.905047, 2.080680; 1, 32, 1, 0; 0.226794097300; 1, 0, 1; 1, 0, 0; 3, 1, 2 ;
0,15; 0.265200, -1.904742, 2.082016 / 0.265200, -1.904742, 2.082016 / 0.265200, -1.904742, 2.082016; 1, 32, 1, 0; 0.226794229490; 0, 1, 0; 1, 0, 0; 2, 1, 1 ;
1,16; -3.25109, 2.09776, -0.513399 / -3.25109, 2.09776, -0.513399 / -3.25109, 2.09776, -0.513399; 1, 14, 1, 0; 0.265175787814; 1, 0, 1; 1, 0, 0; 2, 1, 2 ;
0,16; 4.274328, -0.223184, -0.085537 / 4.274328, -0.223184, -0.085537 / 4.274328, -0.223184, -0.085537; 1, 19, 1, 0; 0.069784813275; 1, 0, 1; 1, 0, 0; 3, 1, 2 ;
1,17; -3.58076, 0.583348, -1.0778 / -3.58076, 0.583348, -1.0778 / -3.58076, 0.583348, -1.0778; 1, 10, 1, 0; 0.247464379793; 1, 0, 1; 1, 0, 0; 2, 1, 2 ;
1,18; 2.05088, -2.44999, -1.16427 / 2.05088, -2.44999, -1.16427 / 2.05088, -2.44999, -1.16427; 1, 8, 1, 0; 0.816102368526; 1, 0, 1; 1, 0, 0; 2, 1, 2 ;
0,18; 0.327423, -2.066900, -0.431302 / 0.327423, -2.066900, -0.431302 / 0.327423, -2.066900, -0.431302; 1, 15, 1, 0; 0.094107343770; 0, 1, 0; 1, 0, 0; 2, 1, 1 ;
1,22; -1.42841, 2.61552, 1.76721 / -1.42841, 2.61552, 1.76721 / -1.42841, 2.61552, 1.76721; 1, 29, 1, 0; 0.391907421262; 1, 0, 1; 0, 1, 0; 2, 5, 0 / 4, 1, 2 ;
0,22; -1.429319, 2.616786, 1.763527 / -1.429319, 2.616786, 1.763527 / -1.429319, 2.616786, 1.763527; 1, 29, 1, 0; 0.391907567380; 1, 0, 1; 1, 0, 0; 1, 8, 0 / 2, 1, 2 ;
0,22; -2.243199, 0.529375, 3.803738 / -2.243199, 0.529375, 3.803738 / -2.243199, 0.529375, 3.803738; 1, 46, 1, 0; 0.239863449003; 0, 1, 0; 0, 1, 0; 1, 1, 1 / 2, 2, 0 ;
0,22; -2.246717, 0.529986, 3.799951 / -2.246717, 0.529986, 3.799951 / -2.246717, 0.529986, 3.799951; 1, 46, 1, 0; 0.239851712670; 1, 0, 1; 1, 0, 0; 3, 1, 2 ;
0,22; -2.241932, 0.531206, 3.794835 / -2.241932, 0.531206, 3.794835 / -2.241932, 0.531206, 3.794835; 1, 46, 1, 0; 0.239851914912; 1, 0, 1; 1, 0, 0; 2, 1, 2 ;
1,23; 0.296068, 4.15842, -1.32475 / 0.296068, 4.15842, -1.32475 / 0.296068, 4.15842, -1.32475; 1, 7, 1, 0; 0.199069863292; 1, 0, 1; 1, 0, 0; 2, 1, 2 ;
0,23; 0.968849, 2.065908, -0.209148 / 0.968849, 2.065908, -0.209148 / 0.968849, 2.065908, -0.209148; 1, 13, 1, 0; 0.755612789179; 1, 0, 1; 0, 1, 0; 1, 1, 2 ;
0,23; 0.970372, 2.063099, -0.205500 / 0.970372, 2.063099, -0.205500 / 0.970372, 2.063099, -0.205500; 1, 13, 1, 0; 0.755611921319; 1, 0, 1; 1, 0, 0; 2, 1, 2 ;
0,23; 1.393470, 0.703541, 0.698060 / 1.393470, 0.703541, 0.698060 / 1.393470, 0.703541, 0.698060; 1, 20, 1, 0; 0.833441722130; 1, 0, 1; 1, 0, 0; 3, 1, 2 ;
0,23; 1.428109, 0.604426, 0.765676 / 1.428109, 0.604426, 0.765676 / 1.428109, 0.604426, 0.765676; 1, 20, 1, 0; 0.898633349531; 1, 0, 1; 1, 0, 0; 3, 1, 2 ;
0,23; 1.603913, 0.225669, 1.018848 / 1.603913, 0.225669, 1.018848 / 1.603913, 0.225669, 1.018848; 1, 26, 1, 0; 0.139624302430; 1, 0, 1; 0, 1, 0; 1, 1, 2 ;
1,24; 1.52776, 1.54114, -0.0619346 / 1.52776, 1.54114, -0.0619346 / 1.52776, 1.54114, -0.0619346; 1, 13, 1, 0; 0.843324568563; 1, 0, 1; 0, 1, 0; 1, 1, 2 ;
1,25; -2.23549, -0.991902, 0.780467 / -2.23549, -0.991902, 0.780467 / -2.23549, -0.991902, 0.780467; 1, 21, 1, 0; 0.328750043655; 1, 0, 1; 1, 0, 0; 3, 1, 2 ;
0,25; -2.237743, -0.990033, 0.783205 / -2.237743, -0.990033, 0.783205 / -2.237743, -0.990033, 0.783205; 1, 21, 1, 0; 0.328750836724; 1, 0, 1; 1, 0, 0; 2, 1, 2 ;
0,25; -2.391379, -0.444220, 2.504660 / -2.391379, -0.444220, 2.504660 / -2.391379, -0.444220, 2.504660; 1, 36, 1, 0; 0.497582926911; 1, 0, 1; 1, 0, 0; 3, 1, 2 ;
0,25; -2.400223, -0.447018, 2.508949 / -2.400223, -0.447018, 2.508949 / -2.400223, -0.447018, 2.508949; 1, 36, 1, 0; 0.497606423406; 1, 0, 1; 1, 0, 0; 2, 1, 2 ;
0,25; -2.403116, -0.449307, 2.506568 / -2.403116, -0.449307, 2.506568 / -2.403116, -0.449307, 2.506568; 1, 36, 1, 0; 0.497607827527; 1, 0, 1; 1, 0, 0; 3, 1, 2 ;
0,25; -2.399407, -0.450072, 2.508122 / -2.399407, -0.450072, 2.508122 / -2.399407, -0.450072, 2.508122; 1, 36, 1, 0; 0.497608020755; 0, 1, 0; 1, 0, 0; 3, 1, 1 ;
1,26; -0.143501, -1.55795, -3.89362 / -0.143501, -1.55795, -3.89362 / -0.143501, -1.55795, -3.89362; 1, 1, 1, 0; 0.345573396745; 1, 0, 1; 1, 0, 0; 3, 1, 2 ;
0,26; -1.189248, -1.529312, -2.756907 / -1.188973, -1.529306, -2.756313 / -1.189523, -1.529319, -2.757501; 1, 5, 1, 0; 0.353873525903; 2, 1, 1; 2, 0, 0; 2, 1, 2 / 3, 3, 1 ;
0,26; -1.905080, -1.599579, -1.996367 / -1.904934, -1.599222, -1.995167 / -1.905225, -1.599936, -1.997567; 1, 5, 1, 0; 0.861782173317; 1, 0, 2; 2, 0, 0; 1, 8, 0 / 2, 1, 2 / 2, 10, 2 ;
0,26; -3.314595, -1.933034, -0.559733 / -3.314572, -1.932705, -0.559556 / -3.314619, -1.933364, -0.559909; 1, 10, 1, 0; 0.512527845183; 0, 2, 0; 2, 0, 0; 2, 1, 1 / 3, 3, 1 ;
0,26; -3.827950, -2.101817, 0.063481 / -3.827950, -2.101817, 0.063481 / -3.827950, -2.101817, 0.063481; 1, 21, 1, 0; 0.003968261244; 1, 0, 1; 1, 0, 0; 2, 1, 2 / 4, 4, 0 ;
1,27; -0.56379, 0.645896, 0.622121 / -0.56379, 0.645896, 0.622121 / -0.56379, 0.645896, 0.622121; 1, 23, 1, 0; 0.129188625759; 1, 0, 1; 0, 1, 0; 1, 1, 2 ;
1,28; -1.21675, -0.19892, 1.40696 / -1.21589, -0.198741, 1.40742 / -1.21761, -0.199098, 1.40649; 1, 23, 1, 0; 0.749617424797; 2, 1, 2; 1, 2, 1; 1, 1, 2 / 3, 2, 2 / 4, 2, 1 ;
0,28; -1.649450, -0.554202, 1.692239 / -1.649450, -0.554202, 1.692239 / -1.649450, -0.554202, 1.692239; 1, 30, 1, 0; 0.228389014226; 1, 0, 1; 1, 0, 0; 2, 1, 2 / 2, 3, 0 / 3, 5, 0 / 3, 6, 0 ;
1,29; 0.513989, 3.96468, -2.36986 / 0.514557, 3.96472, -2.36944 / 0.51342, 3.96465, -2.37028; 1, 4, 1, 0; 0.221444158335; 2, 1, 1; 1, 1, 0; 3, 1, 1 / 4, 3, 2 ;
1,30; 0.320617, -0.450137, -3.01025 / 0.320622, -0.449861, -3.01012 / 0.320612, -0.450413, -3.01039; 1, 2, 1, 0; 0.501822400001; 0, 2, 0; 0, 2, 1; 1, 1, 1 / 4, 6, 1 ;
0,30; 0.321767, -0.450520, -3.021772 / 0.321767, -0.450520, -3.021772 / 0.321767, -0.450520, -3.021772; 1, 2, 1, 0; 0.501815304133; 1, 0, 1; 1, 0, 0; 2, 1, 2 ;
0,30; 0.321757, -0.447282, -3.008354 / 0.321757, -0.447282, -3.008354 / 0.321757, -0.447282, -3.008354; 1, 2, 1, 0; 0.501822522617; 0, 1, 0; 1, 0, 0; 3, 1, 1 ;
0,30; 0.317093, -0.446662, -3.008610 / 0.317093, -0.446662, -3.008610 / 0.317093, -0.446662, -3.008610; 1, 2, 1, 0; 0.501822949793; 1, 0, 1; 1, 0, 0; 3, 1, 2 ;
0,30; 2.245446, 0.355164, -3.034997 / 2.245446, 0.355164, -3.034997 / 2.245446, 0.355164, -3.034997; 1, 3, 1, 0; 0.267215480522; 1, 0, 1; 0, 1, 0; 1, 1, 2 ;
0,30; 1.877754, 0.188305, -3.021412 / 1.877754, 0.188305, -3.021412 / 1.877754, 0.188305, -3.021412; 1, 3, 1, 0; 0.283896670253; 1, 0, 1; 0, 1, 0; 4, 1, 2 ;
1,31; -0.366948, -3.75603, 1.11239 / -0.366948, -3.75603, 1.11239 / -0.366948, -3.75603, 1.11239; 1, 18, 1, 0; 0.900948384568; 0, 1, 0; 0, 1, 0; 4, 1, 1 ;
0,31; -0.352613, -2.999808, 1.145030 / -0.352613, -2.999808, 1.145030 / -0.352613, -2.999808, 1.145030; 1, 22, 1, 0; 0.088730675316; 1, 0, 1; 0, 1, 0; 1, 1, 2 ;
0,31; -0.354072, -3.004146, 1.143425 / -0.354072, -3.004146, 1.143425 / -0.354072, -3.004146, 1.143425; 1, 22, 1, 0; 0.088718226320; 1, 0, 1; 1, 0, 0; 2, 1, 2 ;
0,31; -0.330815, -2.485485, 1.169980 / -0.330815, -2.485485, 1.169980 / -0.330815, -2.485485, 1.169980; 1, 22, 1, 0; 0.169732146495; 1, 0, 1; 1, 0, 0; 3, 1, 2 ;
0,31; -0.366148, -0.937442, 1.382045 / -0.366148, -0.937442, 1.382045 / -0.366148, -0.937442, 1.382045; 1, 23, 1, 0; 0.905746062291; 1, 0, 1; 1, 0, 0; 2, 1, 2 ;
0,31; -0.549362, 3.592781, 2.501457 / -0.549362, 3.592781, 2.501457 / -0.549362, 3.592781, 2.501457; 1, 38, 1, 0; 0.260163944966; 0, 1, 0; 0, 1, 0; 4, 1, 1 ;
0,31; -0.542964, 3.590824, 2.492576 / -0.542964, 3.590824, 2.492576 / -0.542964, 3.590824, 2.492576; 1, 38, 1, 0; 0.260132901045; 1, 0, 1; 1, 0, 0; 2, 1, 2 ;
0,31; -0.548918, 3.590982, 2.494708 / -0.548918, 3.590982, 2.494708 / -0.548918, 3.590982, 2.494708; 1, 38, 1, 0; 0.260161740664; 1, 0, 1; 1, 0, 0; 2, 1, 2 ;
0,31; -0.558608, 3.576326, 2.478268 / -0.558608, 3.576326, 2.478268 / -0.558608, 3.576326, 2.478268; 1, 38, 1, 0; 0.260181456921; 1, 0, 1; 1, 0, 0; 2, 1, 2 ;
0,31; -0.559480, 3.583992, 2.484220 / -0.559480, 3.583992, 2.484220 / -0.559480, 3.583992, 2.484220; 1, 38, 1, 0; 0.260182758072; 1, 0, 1; 1, 0, 0; 2, 1, 2 ;
0,31; -0.564756, 3.584779, 2.485780 / -0.564756, 3.584779, 2.485780 / -0.564756, 3.584779, 2.485780; 1, 38, 1, 0; 0.260183156071; 1, 0, 1; 1, 0, 0; 2, 1, 2 ;
0,31; -0.558563, 3.587109, 2.486273 / -0.558563, 3.587109, 2.486273 / -0.558563, 3.587109, 2.486273; 1, 38, 1, 0; 0.260184594990; 1, 0, 1; 1, 0, 0; 1, 6, 0 / 3, 1, 2 ;
1,32; -3.12285, -2.50051, -0.142096 / -3.12285, -2.50051, -0.142096 / -3.12285, -2.50051, -0.142096; 1, 10, 1, 0; 0.933409466930; 0, 1, 0; 0, 1, 0; 4, 1, 1 ;
0,32; -1.529496, -1.539462, -1.145045 / -1.529496, -1.539462, -1.145045 / -1.529496, -1.539462, -1.145045; 1, 10, 1, 0; 0.085223285926; 1, 0, 1; 1, 0, 0; 3, 1, 2 ;
0,32; -3.505791, -2.704660, 0.095752 / -3.505791, -2.704660, 0.095752 / -3.505791, -2.704660, 0.095752; 1, 18, 1, 0; 0.037527653864; 1, 0, 1; 0, 1, 0; 1, 1, 2 ;
0,32; -3.508517, -2.702616, 0.099303 / -3.508517, -2.702616, 0.099303 / -3.508517, -2.702616, 0.099303; 1, 18, 1, 0; 0.037539531426; 1, 0, 1; 1, 0, 0; 3, 1, 2 ;
1,33; -3.64878, 0.971893, -2.67861 / -3.64878, 0.971893, -2.67861 / -3.64878, 0.971893, -2.67861; 1, 6, 1, 0; 0.000688550590; 0, 1, 0; 0, 1, 0; 4, 1, 1 ;
0,33; -3.300128, 0.787262, -2.209775 / -3.300128, 0.787262, -2.209775 / -3.300128, 0.787262, -2.209775; 1, 6, 1, 0; 0.261175346819; 1, 0, 1; 1, 0, 0; 3, 1, 2 ;
0,33; -3.203539, 0.723244, -2.069986 / -3.203539, 0.723244, -2.069986 / -3.203539, 0.723244, -2.069986; 1, 6, 1, 0; 0.388122066142; 1, 0, 1; 1, 0, 0; 3, 1, 2 ;
0,33; -1.690382, -0.294977, 0.377515 / -1.690382, -0.294977, 0.377515 / -1.690382, -0.294977, 0.377515; 1, 21, 1, 0; 0.065497072194; 1, 0, 1; 1, 0, 0; 3, 1, 2 ;
0,33; -1.032579, -0.936391, 1.974493 / -1.032579, -0.936391, 1.974493 / -1.032579, -0.936391, 1.974493; 1, 30, 1, 0; 0.462598230602; 1, 0, 1; 0, 1, 0; 4, 1, 2 ;
1,36; -2.79787, -3.25839, -0.751256 / -2.79787, -3.25839, -0.751256 / -2.79787, -3.25839, -0.751256; 1, 9, 1, 0; 0.637060381333; 1, 0, 1; 0, 1, 0; 4, 1, 2 ;
0,36; -3.227401, -2.960455, -0.789546 / -3.227214, -2.959976, -0.789545 / -3.227588, -2.960935, -0.789547; 1, 9, 1, 0; 0.634898292090; 2, 1, 1; 2, 0, 0; 2, 1, 2 / 3, 4, 1 ;
0,36; -3.214658, -2.954637, -0.795962 / -3.214658, -2.954637, -0.795962 / -3.214658, -2.954637, -0.795962; 1, 9, 1, 0; 0.634887024253; 0, 0, 0; 1, 0, 0; 2, 1, 3 ;
0,36; -3.220277, -2.966133, -0.788198 / -3.220277, -2.966133, -0.788198 / -3.220277, -2.966133, -0.788198; 1, 9, 1, 0; 0.634889646566; 1, 0, 1; 1, 0, 0; 3, 1, 2 ;
0,36; -2.803450, -3.258598, -0.755868 / -2.803450, -3.258598, -0.755868 / -2.803450, -3.258598, -0.755868; 1, 9, 1, 0; 0.637049664993; 1, 0, 1; 1, 0, 0; 2, 1, 2 ;
0,36; -2.246821, -3.651108, -0.739748 / -2.246821, -3.651108, -0.739748 / -2.246821, -3.651108, -0.739748; 1, 9, 1, 0; 0.697899629740; 1, 0, 1; 1, 0, 0; 2, 1, 2 ;
0,36; -2.249348, -3.658344, -0.740760 / -2.249348, -3.658344, -0.740760 / -2.249348, -3.658344, -0.740760; 1, 9, 1, 0; 0.697900478613; 0, 1, 0; 1, 0, 0; 2, 1, 1 ;
1,37; -1.40084, -0.173192, -3.78764 / -1.40084, -0.173192, -3.78764 / -1.40084, -0.173192, -3.78764; 1, 1, 1, 0; 0.474575948726; 0, 1, 0; 0, 1, 0; 1, 1, 1 ;
0,37; 0.815837, 1.956240, -1.444788 / 0.816015, 1.956271, -1.444731 / 0.815659, 1.956208, -1.444846; 1, 7, 1, 0; 0.411468830955; 2, 1, 1; 1, 1, 0; 3, 1, 2 / 4, 2, 1 / 4, 4, 0 ;
0,37; 0.811747, 1.950754, -1.439510 / 0.812186, 1.951510, -1.439335 / 0.811308, 1.949998, -1.439684; 1, 7, 1, 0; 0.411479058194; 1, 0, 2; 1, 1, 0; 3, 8, 2 / 4, 1, 2 ;
0,37; 0.815381, 1.954672, -1.442746 / 0.815381, 1.954672, -1.442746 / 0.815381, 1.954672, -1.442746; 1, 7, 1, 0; 0.411469465044; 0, 1, 0; 1, 0, 0; 2, 1, 1 / 3, 10, 0 / 4, 5, 0 / 4, 6, 0 ;
0,37; 1.262238, 2.350366, -0.846715 / 1.262238, 2.350366, -0.846715 / 1.262238, 2.350366, -0.846715; 1, 12, 1, 0; 0.250204233669; 0, 1, 0; 1, 0, 0; 3, 1, 1 ;
0,37; 1.308434, 2.390442, -0.783022 / 1.308434, 2.390442, -0.783022 / 1.308434, 2.390442, -0.783022; 1, 12, 1, 0; 0.251005330422; 1, 0, 1; 1, 0, 0; 2, 1, 2 ;
1,38; -3.10839, 1.20899, -1.99559 / -3.10839, 1.20899, -1.99559 / -3.10839, 1.20899, -1.99559; 1, 6, 1, 0; 0.419895863658; 1, 0, 1; 1, 0, 0; 3, 1, 2 ;
0,38; -2.024618, 2.952978, -1.253010 / -2.024618, 2.952978, -1.253010 / -2.024618, 2.952978, -1.253010; 1, 7, 1, 0; 0.307726858059; 1, 0, 1; 0, 1, 0; 4, 1, 2 ;
1,39; -2.63934, -1.23342, -1.22128 / -2.63934, -1.23342, -1.22128 / -2.63934, -1.23342, -1.22128; 1, 10, 1, 0; 0.119679845278; 1, 0, 1; 1, 0, 0; 3, 1, 2 ;
1,40; 2.55549, -0.439864, 1.78983 / 2.55549, -0.439864, 1.78983 / 2.55549, -0.439864, 1.78983; 1, 27, 1, 0; 0.729013087135; 0, 1, 0; 1, 0, 0; 2, 1, 1 ;
0,40; 2.597823, -0.744406, 2.197670 / 2.597823, -0.744406, 2.197670 / 2.597823, -0.744406, 2.197670; 1, 34, 1, 0; 0.063727988445; 1, 0, 1; 1, 0, 0; 3, 1, 2 ;
1,41; -2.5201, -2.06394, 1.74743 / -2.5201, -2.06394, 1.74743 / -2.5201, -2.06394, 1.74743; 1, 24, 1, 0; 0.648087094424; 1, 0, 1; 1, 0, 0; 2, 1, 2 ;
0,41; -1.726832, -3.179999, 1.609083 / -1.726543, -3.179657, 1.609332 / -1.727122, -3.180341, 1.608833; 1, 32, 1, 0; 0.053503439129; 1, 0, 2; 2, 0, 0; 2, 3, 2 / 3, 1, 2 ;
1,42; 3.28602, 0.807288, 0.37799 / 3.28602, 0.807288, 0.37799 / 3.28602, 0.807288, 0.37799; 1, 19, 1, 0; 0.696345593148; 1, 0, 1; 0, 1, 0; 1, 1, 2 ;
0,42; 3.283042, 0.805035, 0.371847 / 3.283371, 0.806005, 0.371917 / 3.282712, 0.804065, 0.371777; 1, 19, 1, 0; 0.696332352780; 2, 1, 1; 2, 0, 0; 3, 1, 1 / 3, 6, 2 / 4, 7, 0 ;
0,42; 4.150391, 0.098962, 0.087963 / 4.150391, 0.098962, 0.087963 / 4.150391, 0.098962, 0.087963; 1, 19, 1, 0; 0.170893692349; 1, 0, 1; 1, 0, 0; 2, 1, 2 ;
0,42; 4.449862, -0.140914, 0.017723 / 4.449862, -0.140914, 0.017723 / 4.449862, -0.140914, 0.017723; 1, 19, 1, 0; 0.174987634609; 1, 0, 1; 1, 0, 0; 2, 1, 2 ;
0,42; 0.030526, 3.808695, 1.428046 / 0.030526, 3.808695, 1.428046 / 0.030526, 3.808695, 1.428046; 1, 31, 1, 0; 0.042641519826; 0, 1, 0; 0, 1, 0; 4, 1, 1 ;
0,42; 0.059383, 3.784382, 1.420049 / 0.059383, 3.784382, 1.420049 / 0.059383, 3.784382, 1.420049; 1, 31, 1, 0; 0.043715019366; 0, 1, 0; 0, 1, 0; 4, 1, 1 ;
1,43; -2.0043, -2.85708, -0.837337 / -2.0043, -2.85708, -0.837337 / -2.0043, -2.85708, -0.837337; 1, 9, 1, 0; 0.625134770685; 1, 0, 1; 1, 0, 0; 1, 2, 0 / 1, 3, 0 / 2, 1, 2 / 2, 5, 0 / 2, 6, 0 / 2, 7, 0 ;
0,43; -2.763562, -2.139283, -0.550060 / -2.763562, -2.139283, -0.550060 / -2.763562, -2.139283, -0.550060; 1, 10, 1, 0; 0.507226933375; 1, 0, 1; 1, 0, 0; 2, 1, 2 ;
0,43; -2.883268, -2.039878, -0.503629 / -2.883268, -2.039878, -0.503629 / -2.883268, -2.039878, -0.503629; 1, 10, 1, 0; 0.511021247767; 1, 0, 1; 1, 0, 0; 2, 1, 2 ;
0,43; -3.325887, -1.705189, -0.358830 / -3.325887, -1.705189, -0.358830 / -3.325887, -1.705189, -0.358830; 1, 10, 1, 0; 0.526647245327; 1, 0, 1; 1, 0, 0; 3, 1, 2 ;
1,44; -1.01929, -2.10123, 2.65509 / -1.01871, -2.1003, 2.65529 / -1.01987, -2.10217, 2.65488; 1, 34, 1, 0; 0.350706066071; 2, 1, 2; 0, 3, 1; 1, 3, 2 / 1, 4, 1 / 4, 1, 2 / 4, 9, 0 ;
0,44; -1.019138, -2.094450, 2.660429 / -1.018235, -2.093735, 2.660828 / -1.020041, -2.095164, 2.660031; 1, 34, 1, 0; 0.350706589933; 2, 1, 1; 1, 1, 0; 1, 1, 2 / 2, 7, 1 ;
0,44; -1.022924, -2.098536, 2.659901 / -1.022924, -2.098536, 2.659901 / -1.022924, -2.098536, 2.659901; 1, 34, 1, 0; 0.350704893619; 1, 0, 1; 1, 0, 0; 1, 9, 0 / 2, 1, 2 / 2, 10, 0 / 3, 5, 0 ;
0,44; -1.021814, -2.093705, 2.659167 / -1.021814, -2.093705, 2.659167 / -1.021814, -2.093705, 2.659167; 1, 34, 1, 0; 0.350705192968; 0, 1, 0; 1, 0, 0; 2, 1, 0 / 3, 1, 1 ;
0,44; -1.018719, -2.101292, 2.657400 / -1.018719, -2.101292, 2.657400 / -1.018719, -2.101292, 2.657400; 1, 34, 1, 0; 0.350706228219; 0, 1, 0; 1, 0, 0; 2, 1, 1 ;
0,44; -1.036310, -1.482109, 2.911741 / -1.036310, -1.482109, 2.911741 / -1.036310, -1.482109, 2.911741; 1, 35, 1, 0; 0.362107676810; 1, 0, 1; 1, 0, 0; 2, 1, 2 ;
1,45; -2.61949, 0.354783, -0.550609 / -2.61949, 0.354783, -0.550609 / -2.61949, 0.354783, -0.550609; 1, 10, 1, 0; 0.700218809070; 0, 1, 0; 1, 0, 0; 1, 1, 0 / 1, 6, 0 / 1, 8, 0 / 3, 1, 1 / 3, 6, 0 ;
0,45; -2.948000, 0.539233, -0.556145 / -2.948000, 0.539233, -0.556145 / -2.948000, 0.539233, -0.556145; 1, 10, 1, 0; 0.702856348053; 1, 0, 1; 1, 0, 0; 3, 1, 2 ;
1,46; 2.91346, 0.450109, -1.59508 / 2.91346, 0.450109, -1.59508 / 2.91346, 0.450109, -1.59508; 1, 11, 1, 0; 0.026346246275; 1, 0, 1; 0, 1, 0; 4, 1, 2 ;
0,46; 2.916250, 0.449403, -1.596443 / 2.916250, 0.449403, -1.596443 / 2.916250, 0.449403, -1.596443; 1, 11, 1, 0; 0.026346915725; 1, 0, 1; 1, 0, 0; 3, 1, 2 ;
0,46; 2.556966, 0.433732, 0.557076 / 2.556966, 0.433732, 0.557076 / 2.556966, 0.433732, 0.557076; 1, 19, 1, 0; 0.664448503571; 1, 0, 1; 0, 1, 0; 4, 1, 2 ;
1,49; 0.96146, 2.96362, 2.20759 / 0.96146, 2.96362, 2.20759 / 0.96146, 2.96362, 2.20759; 1, 38, 1, 0; 0.000467725344; 1, 0, 1; 1, 0, 0; 3, 1, 2 ;
0,49; 0.944752, 2.971057, 2.219474 / 0.944752, 2.971057, 2.219474 / 0.944752, 2.971057, 2.219474; 1, 38, 1, 0; 0.000486875218; 1, 0, 1; 1, 0, 0; 3, 1, 2 ;
1,50; -0.261035, -0.878584, -4.14908 / -0.261035, -0.878584, -4.14908 / -0.261035, -0.878584, -4.14908; 1, 1, 1, 0; 0.242203433071; 1, 0, 1; 1, 0, 0; 3, 1, 2 ;
0,50; 1.815172, -0.829312, -0.400844 / 1.815172, -0.829312, -0.400844 / 1.815172, -0.829312, -0.400844; 1, 12, 1, 0; 0.761525841905; 0, 1, 0; 0, 1, 0; 1, 1, 1 / 3, 9, 0 ;
0,50; 1.816096, -0.828734, -0.397878 / 1.816096, -0.828734, -0.397878 / 1.816096, -0.828734, -0.397878; 1, 12, 1, 0; 0.761525710303; 0, 1, 0; 1, 0, 0; 3, 1, 1 ;
0,50; 2.665047, -0.635291, 1.360620 / 2.665047, -0.635291, 1.360620 / 2.665047, -0.635291, 1.360620; 1, 27, 1, 0; 0.304502362904; 1, 0, 1; 0, 1, 0; 4, 1, 2 ;
0,50; 2.723582, 0.104496, 1.747474 / 2.723582, 0.104496, 1.747474 / 2.723582, 0.104496, 1.747474; 1, 27, 1, 0; 0.604465335484; 1, 0, 1; 1, 0, 0; 3, 1, 2 ;
0,50; 2.740367, 0.085986, 1.752858 / 2.740367, 0.085986, 1.752858 / 2.740367, 0.085986, 1.752858; 1, 27, 1, 0; 0.604472011654; 1, 0, 1; 1, 0, 0; 2, 1, 2 ;
1,51; -0.148572, -2.69655, 2.56368 / -0.148572, -2.69655, 2.56368 / -0.148572, -2.69655, 2.56368; 1, 33, 1, 0; 0.966676482841; 0, 1, 0; 1, 0, 0; 1, 3, 0 / 1, 6, 0 / 3, 1, 1 ;
0,51; -0.150104, -2.693577, 2.561671 / -0.150104, -2.693577, 2.561671 / -0.150104, -2.693577, 2.561671; 1, 33, 1, 0; 0.966678041954; 1, 0, 1; 1, 0, 0; 2, 1, 2 ;
0,51; -0.152645, -2.693875, 2.561164 / -0.152645, -2.693875, 2.561164 / -0.152645, -2.693875, 2.561164; 1, 33, 1, 0; 0.966678179156; 1, 0, 1; 1, 0, 0; 3, 1, 2 ;
1,52; 1.26276, -0.518127, 1.73188 / 1.26276, -0.518127, 1.73188 / 1.26276, -0.518127, 1.73188; 1, 27, 1, 0; 0.742676269301; 1, 0, 1; 1, 0, 0; 2, 1, 2 ;
1,53; -2.35832, -0.646824, -0.0954788 / -2.35739, -0.646799, -0.0952464 / -2.35925, -0.646849, -0.0957112; 1, 10, 1, 0; 0.786495583700; 1, 0, 2; 0, 2, 1; 1, 2, 2 / 3, 1, 0 / 4, 1, 2 ;
0,53; -2.359796, -0.642340, -0.085821 / -2.359734, -0.641962, -0.085640 / -2.359857, -0.642719, -0.086001; 1, 10, 1, 0; 0.786506051326; 2, 1, 1; 1, 1, 0; 2, 5, 2 / 4, 1, 1 ;
0,53; -2.357397, -0.643765, -0.086619 / -2.357397, -0.643765, -0.086619 / -2.357397, -0.643765, -0.086619; 1, 10, 1, 0; 0.786505386286; 1, 0, 1; 0, 1, 0; 1, 1, 2 ;
0,53; -2.359490, -0.643058, -0.092779 / -2.359441, -0.642710, -0.092552 / -2.359539, -0.643405, -0.093007; 1, 10, 1, 0; 0.786496178451; 1, 0, 2; 2, 0, 0; 2, 1, 2 / 3, 3, 2 ;
0,53; -2.357930, -0.646257, -0.080025 / -2.357930, -0.646257, -0.080025 / -2.357930, -0.646257, -0.080025; 1, 10, 1, 0; 0.786505229488; 1, 0, 1; 1, 0, 0; 3, 1, 2 ;
0,53; -2.015216, -0.381116, 1.016739 / -2.014989, -0.380901, 1.016790 / -2.015443, -0.381330, 1.016687; 1, 21, 1, 0; 0.551120489694; 2, 1, 1; 1, 1, 0; 3, 2, 2 / 4, 1, 1 ;
0,53; -2.016510, -0.372710, 1.023023 / -2.016510, -0.372710, 1.023023 / -2.016510, -0.372710, 1.023023; 1, 21, 1, 0; 0.551118925385; 1, 0, 1; 0, 1, 0; 1, 1, 2 ;
0,53; -2.023355, -0.369835, 1.007460 / -2.023355, -0.369835, 1.007460 / -2.023355, -0.369835, 1.007460; 1, 21, 1, 0; 0.551122337763; 0, 1, 0; 0, 1, 0; 1, 1, 1 ;
0,53; -2.015642, -0.374375, 1.013928 / -2.015642, -0.374375, 1.013928 / -2.015642, -0.374375, 1.013928; 1, 21, 1, 0; 0.551120868039; 1, 0, 1; 1, 0, 0; 3, 1, 2 ;
0,53; -1.909261, 0.599058, 3.236839 / -1.909261, 0.599058, 3.236839 / -1.909261, 0.599058, 3.236839; 1, 41, 1, 0; 0.964012675604; 1, 0, 1; 0, 1, 0; 4, 1, 2 ;
0,53; -1.903925, 0.602684, 3.232953 / -1.903925, 0.602684, 3.232953 / -1.903925, 0.602684, 3.232953; 1, 41, 1, 0; 0.963972871371; 1, 0, 1; 1, 0, 0; 3, 1, 2 ;
0,53; -1.673656, 0.724899, 3.193713 / -1.673132, 0.725125, 3.193737 / -1.674180, 0.724673, 3.193690; 1, 42, 1, 0; 0.271640526885; 2, 1, 1; 2, 0, 0; 2, 1, 1 / 2, 4, 2 ;
0,53; -1.718874, 0.707300, 3.177918 / -1.718874, 0.707300, 3.177918 / -1.718874, 0.707300, 3.177918; 1, 42, 1, 0; 0.271774918326; 1, 0, 1; 1, 0, 0; 2, 1, 2 ;
1,54; 2.26183, 2.10237, -1.07623 / 2.26183, 2.10237, -1.07623 / 2.26183, 2.10237, -1.07623; 1, 11, 1, 0; 0.909188260712; 1, 0, 1; 1, 0, 0; 3, 1, 2 ;
1,56; 1.58154, 2.34735, 0.749277 / 1.58154, 2.34735, 0.749277 / 1.58154, 2.34735, 0.749277; 1, 20, 1, 0; 0.705833101934; 1, 0, 1; 1, 0, 0; 3, 1, 2 ;
0,56; 0.665219, 1.729607, 1.885468 / 0.665219, 1.729607, 1.885468 / 0.665219, 1.729607, 1.885468; 1, 30, 1, 0; 0.917644365086; 1, 0, 1; 0, 1, 0; 1, 1, 2 ;
1,58; 3.61887, -1.65503, -0.744201 / 3.61887, -1.65503, -0.744201 / 3.61887, -1.65503, -0.744201; 1, 12, 1, 0; 0.595873197063; 1, 0, 1; 1, 0, 0; 2, 1, 2 ;
0,58; 4.003070, 2.003920, -0.130590 / 4.003070, 2.003920, -0.130590 / 4.003070, 2.003920, -0.130590; 1, 20, 1, 0; 0.002325018873; 1, 0, 1; 1, 0, 0; 3, 1, 2 ;
1,61; 0.4688, 3.02757, -2.98662 / 0.4688, 3.02757, -2.98662 / 0.4688, 3.02757, -2.98662; 1, 2, 1, 0; 0.801271833439; 1, 0, 1; 1, 0, 0; 3, 1, 2 ;
1,62; 3.04304, -2.17233, -0.496821 / 3.04304, -2.17233, -0.496821 / 3.04304, -2.17233, -0.496821; 1, 12, 1, 0; 0.623621282551; 1, 0, 1; 1, 0, 0; 3, 1, 2 ;
0,62; 2.915577, -1.680217, -0.339721 / 2.915577, -1.680217, -0.339721 / 2.915577, -1.680217, -0.339721; 1, 12, 1, 0; 0.672002816266; 1, 0, 1; 1, 0, 0; 2, 1, 2 ;
0,62; 2.882925, -1.534428, -0.295409 / 2.882925, -1.534428, -0.295409 / 2.882925, -1.534428, -0.295409; 1, 16, 1, 0; 0.278970515355; 1, 0, 1; 0, 1, 0; 1, 1, 2 ;
0,62; 2.881727, -1.530252, -0.297552 / 2.881727, -1.530252, -0.297552 / 2.881727, -1.530252, -0.297552; 1, 16, 1, 0; 0.278971365887; 1, 0, 1; 1, 0, 0; 3, 1, 2 ;
0,62; 2.520207, 0.085928, 0.209875 / 2.520207, 0.085928, 0.209875 / 2.520207, 0.085928, 0.209875; 1, 16, 1, 0; 0.657273343406; 1, 0, 1; 1, 0, 0; 3, 1, 2 ;
0,62; 2.228193, 1.596452, 0.705995 / 2.228193, 1.596452, 0.705995 / 2.228193, 1.596452, 0.705995; 1, 20, 1, 0; 0.758657964613; 0, 1, 0; 0, 1, 0; 4, 1, 1 ;
1,63; 2.58253, 1.72772, 2.10058 / 2.58253, 1.72772, 2.10058 / 2.58253, 1.72772, 2.10058; 1, 28, 1, 0; 0.580580053262; 1, 0, 1; 1, 0, 0; 2, 1, 2 ;
0,63; 2.335951, 0.996531, 2.209986 / 2.335951, 0.996531, 2.209986 / 2.335951, 0.996531, 2.209986; 1, 31, 1, 0; 0.744361128369; 1, 0, 1; 0, 1, 0; 4, 1, 2 ;
0,63; 1.403556, -1.667345, 3.223791 / 1.403556, -1.667345, 3.223791 / 1.403556, -1.667345, 3.223791; 1, 40, 1, 0; 0.553524359579; 0, 1, 0; 0, 1, 0; 1, 1, 1 ;
1,64; -2.92357, -1.98454, 1.06056 / -2.92357, -1.98454, 1.06056 / -2.92357, -1.98454, 1.06056; 1, 21, 1, 0; 0.709963802597; 0, 1, 0; 0, 1, 0; 4, 1, 1 ;
0,64; -2.430486, -3.175284, 1.416096 / -2.430486, -3.175284, 1.416096 / -2.430486, -3.175284, 1.416096; 1, 21, 1, 0; 0.840820316820; 1, 0, 1; 0, 1, 0; 1, 1, 2 ;
0,64; -2.922321, -1.989047, 1.056880 / -2.922312, -1.988680, 1.056992 / -2.922330, -1.989414, 1.056768; 1, 21, 1, 0; 0.709962456563; 1, 0, 2; 2, 0, 0; 1, 7, 0 / 2, 1, 2 / 3, 2, 2 / 4, 3, 0 ;
0,64; -3.479685, -1.015186, 0.803981 / -3.479685, -1.015186, 0.803981 / -3.479685, -1.015186, 0.803981; 1, 21, 1, 0; 0.316353630072; 1, 0, 1; 1, 0, 0; 2, 1, 2 ;
0,64; -2.927099, -1.976679, 1.060687 / -2.927099, -1.976679, 1.060687 / -2.927099, -1.976679, 1.060687; 1, 21, 1, 0; 0.709964923080; 1, 0, 1; 1, 0, 0; 2, 1, 2 ;
0,64; -2.916494, -1.979170, 1.060786 / -2.916494, -1.979170, 1.060786 / -2.916494, -1.979170, 1.060786; 1, 21, 1, 0; 0.709965912597; 1, 0, 1; 1, 0, 0; 3, 1, 2 ;
0,64; -2.429064, -3.182750, 1.408567 / -2.429064, -3.182750, 1.408567 / -2.429064, -3.182750, 1.408567; 1, 21, 1, 0; 0.840806034307; 1, 0, 1; 1, 0, 0; 3, 1, 2 ;
0,64; -4.308118, 0.477404, 0.367239 / -4.308118, 0.477404, 0.367239 / -4.308118, 0.477404, 0.367239; 1, 24, 1, 0; 0.003376290831; 1, 0, 1; 1, 0, 0; 2, 1, 2 ;
1,65; -0.586697, 2.81119, 1.62587 / -0.586697, 2.81119, 1.62587 / -0.586697, 2.81119, 1.62587; 1, 29, 1, 0; 0.426263535444; 1, 0, 1; 1, 0, 0; 3, 1, 2 ;
1,66; -0.166356, 3.3266, 0.302505 / -0.166356, 3.3266, 0.302505 / -0.166356, 3.3266, 0.302505; 1, 17, 1, 0; 0.505573205672; 0, 0, 0; 1, 0, 0; 3, 1, 3 ;
0,66; -0.168557, 3.338222, 0.303066 / -0.168557, 3.338222, 0.303066 / -0.168557, 3.338222, 0.303066; 1, 17, 1, 0; 0.505585836479; 1, 0, 1; 1, 0, 0; 3, 1, 2 ;
0,66; 1.056928, 2.131851, 0.266503 / 1.056928, 2.131851, 0.266503 / 1.056928, 2.131851, 0.266503; 1, 17, 1, 0; 0.624048902354; 1, 0, 1; 1, 0, 0; 1, 3, 0 / 2, 1, 2 ;
0,66; 3.136840, -0.080869, 0.113910 / 3.136840, -0.080869, 0.113910 / 3.136840, -0.080869, 0.113910; 1, 19, 1, 0; 0.188357825485; 1, 0, 1; 0, 1, 0; 1, 1, 2 ;
0,66; 3.625783, -0.556872, 0.124571 / 3.625783, -0.556872, 0.124571 / 3.625783, -0.556872, 0.124571; 1, 19, 1, 0; 0.194057576441; 1, 0, 1; 0, 1, 0; 1, 1, 2 ;
0,66; 3.844519, -0.476004, 0.543614 / 3.844519, -0.476004, 0.543614 / 3.844519, -0.476004, 0.543614; 1, 19, 1, 0; 0.545541401642; 0, 1, 0; 0, 1, 0; 1, 1, 1 ;
0,66; 3.244540, -0.210736, 0.082535 / 3.244540, -0.210736, 0.082535 / 3.244540, -0.210736, 0.082535; 1, 19, 1, 0; 0.189271938807; 1, 0, 1; 1, 0, 0; 3, 1, 2 ;
0,66; 3.605102, -0.571527, 0.091281 / 3.605102, -0.571527, 0.091281 / 3.605102, -0.571527, 0.091281; 1, 19, 1, 0; 0.194025397500; 1, 0, 1; 1, 0, 0; 3, 1, 2 ;
0,66; 3.843563, -0.474362, 0.547864 / 3.843563, -0.474362, 0.547864 / 3.843563, -0.474362, 0.547864; 1, 19, 1, 0; 0.545553918889; 1, 0, 1; 1, 0, 0; 3, 1, 2 ;
1,67; 3.00503, -0.533818, 1.00694 / 3.00503, -0.533818, 1.00694 / 3.00503, -0.533818, 1.00694; 1, 26, 1, 0; 0.104294089409; 1, 0, 1; 1, 0, 0; 2, 1, 2 ;
0,67; 2.627984, -0.559514, 1.284465 / 2.627984, -0.559514, 1.284465 / 2.627984, -0.559514, 1.284465; 1, 26, 1, 0; 0.986534824911; 1, 0, 1; 1, 0, 0; 3, 1, 2 ;
0,67; 2.612157, -0.561636, 1.280626 / 2.612157, -0.561636, 1.280626 / 2.612157, -0.561636, 1.280626; 1, 26, 1, 0; 0.986564982213; 1, 0, 1; 1, 0, 0; 3, 1, 2 ;
0,67; -0.082698, -0.414395, 3.484563 / -0.082698, -0.414395, 3.484563 / -0.082698, -0.414395, 3.484563; 1, 44, 1, 0; 0.356853335394; 1, 0, 1; 1, 0, 0; 3, 1, 2 ;
1,68; 2.51009, 1.26167, 2.23366 / 2.51009, 1.26167, 2.23366 / 2.51009, 1.26167, 2.23366; 1, 31, 1, 0; 0.622204831965; 1, 0, 1; 1, 0, 0; 2, 1, 2 ;
1,69; -0.497818, -0.789921, -0.100398 / -0.497818, -0.789921, -0.100398 / -0.497818, -0.789921, -0.100398; 1, 16, 1, 0; 0.391583348067; 1, 0, 1; 0, 1, 0; 1, 1, 2 ;
0,69; -0.511033, 1.083690, 0.863225 / -0.511033, 1.083690, 0.863225 / -0.511033, 1.083690, 0.863225; 1, 25, 1, 0; 0.725891046247; 1, 0, 1; 1, 0, 0; 3, 1, 2 ;
0,69; -0.448137, 2.334110, 1.333937 / -0.448137, 2.334110, 1.333937 / -0.448137, 2.334110, 1.333937; 1, 29, 1, 0; 0.214954411026; 1, 0, 1; 0, 1, 0; 1, 1, 2 ;
0,69; -0.447484, 2.233270, 1.294816 / -0.447484, 2.233270, 1.294816 / -0.447484, 2.233270, 1.294816; 1, 29, 1, 0; 0.216089810280; 1, 0, 1; 0, 1, 0; 1, 1, 2 ;
1,71; 0.0106113, 4.05123, -1.75495 / 0.0106113, 4.05123, -1.75495 / 0.0106113, 4.05123, -1.75495; 1, 7, 1, 0; 0.176058943669; 0, 1, 0; 0, 1, 0; 1, 1, 1 ;
0,71; -0.389524, 2.098635, -1.449412 / -0.389524, 2.098635, -1.449412 / -0.389524, 2.098635, -1.449412; 1, 7, 1, 0; 0.419820133547; 0, 1, 0; 1, 0, 0; 3, 1, 1 ;
1,72; 3.79891, 0.177834, -0.0532753 / 3.79891, 0.177834, -0.0532753 / 3.79891, 0.177834, -0.0532753; 1, 19, 1, 0; 0.081676428817; 1, 0, 1; 1, 0, 0; 3, 1, 2 ;
0,72; 0.572234, -3.005730, 2.023369 / 0.572234, -3.005730, 2.023369 / 0.572234, -3.005730, 2.023369; 1, 32, 1, 0; 0.489402701952; 1, 0, 1; 1, 0, 0; 3, 1, 2 ;
1,73; 0.829824, -1.12321, -2.96174 / 0.829824, -1.12321, -2.96174 / 0.829824, -1.12321, -2.96174; 1, 3, 1, 0; 0.336417501823; 1, 0, 1; 1, 0, 0; 3, 1, 2 ;
1,76; -0.764754, 2.92167, -1.73312 / -0.764754, 2.92167, -1.73312 / -0.764754, 2.92167, -1.73312; 1, 7, 1, 0; 0.110235400361; 1, 0, 1; 1, 0, 0; 2, 6, 0 / 3, 1, 2 ;
1,79; -2.19378, 1.3706, 0.185398 / -2.19378, 1.3706, 0.185398 / -2.19378, 1.3706, 0.185398; 1, 14, 1, 0; 0.751334879478; 1, 0, 1; 0, 1, 0; 4, 1, 2 ;
0,79; -2.193767, 1.373071, 0.183425 / -2.193767, 1.373071, 0.183425 / -2.193767, 1.373071, 0.183425; 1, 14, 1, 0; 0.751324169716; 0, 1, 0; 1, 0, 0; 3, 1, 1 ;
0,79; -0.799702, 2.656298, 1.212297 / -0.799702, 2.656298, 1.212297 / -0.799702, 2.656298, 1.212297; 1, 25, 1, 0; 0.919508919463; 0, 1, 0; 1, 0, 0; 3, 1, 1 ;
0,79; -0.028489, 3.396043, 1.709977 / -0.028200, 3.396171, 1.710217 / -0.028777, 3.395916, 1.709737; 1, 29, 1, 0; 0.437882888938; 2, 1, 1; 1, 1, 0; 2, 5, 0 / 2, 6, 1 / 4, 1, 2 ;
0,79; -0.576885, 2.840027, 1.335043 / -0.576885, 2.840027, 1.335043 / -0.576885, 2.840027, 1.335043; 1, 29, 1, 0; 0.166646151628; 0, 1, 0; 0, 1, 0; 1, 1, 1 ;
0,79; -0.027798, 3.396228, 1.709659 / -0.027395, 3.396285, 1.709737 / -0.028200, 3.396171, 1.709581; 1, 29, 1, 0; 0.437882937644; 0, 1, 0; 2, 0, 0; 2, 1, 1 / 2, 9, 0 / 3, 6, 1 / 4, 6, 0 ;
1,80; 0.478944, -0.605435, 4.37882 / 0.478944, -0.605435, 4.37882 / 0.478944, -0.605435, 4.37882; 1, 46, 1, 0; 0.893342288844; 0, 1, 0; 0, 1, 0; 4, 1, 1 ;
0,80; 0.717244, -0.714218, 4.371753 / 0.717244, -0.714218, 4.371753 / 0.717244, -0.714218, 4.371753; 1, 46, 1, 0; 0.885954036805; 1, 0, 1; 1, 0, 0; 2, 1, 2 ;
0,80; 0.481250, -0.602188, 4.381875 / 0.481250, -0.602188, 4.381875 / 0.481250, -0.602188, 4.381875; 1, 46, 1, 0; 0.893342427885; 1, 0, 1; 1, 0, 0; 1, 7, 0 / 2, 1, 2 ;
1,82; -0.264991, -0.461976, -0.412443 / -0.264991, -0.461976, -0.412443 / -0.264991, -0.461976, -0.412443; 1, 16, 1, 0; 0.177220315782; 1, 0, 1; 1, 0, 0; 1, 7, 0 / 2, 1, 2 ;
0,82; 0.571885, -1.155715, 0.786661 / 0.571885, -1.155715, 0.786661 / 0.571885, -1.155715, 0.786661; 1, 23, 1, 0; 0.309506228948; 0, 1, 0; 1, 0, 0; 3, 1, 1 ;
0,82; 0.565560, -1.152438, 0.789524 / 0.565560, -1.152438, 0.789524 / 0.565560, -1.152438, 0.789524; 1, 23, 1, 0; 0.309506650172; 1, 0, 1; 1, 0, 0; 3, 1, 2 ;
0,82; 0.573171, -1.147435, 0.806805 / 0.573171, -1.147435, 0.806805 / 0.573171, -1.147435, 0.806805; 1, 23, 1, 0; 0.309517971502; 0, 1, 0; 1, 0, 0; 1, 5, 0 / 2, 1, 1 ;
0,82; 0.569320, -1.148296, 0.803421 / 0.569320, -1.148296, 0.803421 / 0.569320, -1.148296, 0.803421; 1, 23, 1, 0; 0.309518695712; 0, 0, 0; 1, 0, 0; 3, 1, 3 ;
0,82; 1.778179, -2.332468, 3.211704 / 1.778179, -2.332468, 3.211704 / 1.778179, -2.332468, 3.211704; 1, 40, 1, 0; 0.798649866415; 1, 0, 1; 1, 0, 0; 3, 1, 2 ;
1,83; -2.4929, 1.06658, -0.673921 / -2.4929, 1.06658, -0.673921 / -2.4929, 1.06658, -0.673921; 1, 14, 1, 0; 0.077763555542; 1, 0, 1; 1, 0, 0; 1, 1, 0 / 2, 1, 2 ;
0,83; 2.247904, -1.283593, -0.127576 / 2.247904, -1.283593, -0.127576 / 2.247904, -1.283593, -0.127576; 1, 16, 1, 0; 0.285771572693; 0, 1, 0; 0, 1, 0; 1, 1, 1 ;
1,84; 2.14633, 2.44855, -3.1649 / 2.14633, 2.44855, -3.1649 / 2.14633, 2.44855, -3.1649; 1, 4, 1, 0; 0.029045144808; 1, 0, 1; 1, 0, 0; 3, 1, 2 ;
1,85; 2.34308, -1.15646, -1.76285 / 2.34308, -1.15646, -1.76285 / 2.34308, -1.15646, -1.76285; 1, 8, 1, 0; 0.129494912460; 1, 0, 1; 1, 0, 0; 2, 1, 2 ;
0,85; 2.448734, -1.404085, -1.322262 / 2.448734, -1.404085, -1.322262 / 2.448734, -1.404085, -1.322262; 1, 8, 1, 0; 0.702330946296; 1, 0, 1; 1, 0, 0; 2, 1, 2 ;
1,86; -3.15844, 1.22629, -0.80026 / -3.15844, 1.22629, -0.80026 / -3.15844, 1.22629, -0.80026; 1, 14, 1, 0; 0.083384715570; 1, 0, 1; 0, 1, 0; 1, 1, 2 ;
0,86; -1.995843, 1.109510, 0.107125 / -1.995843, 1.109510, 0.107125 / -1.995843, 1.109510, 0.107125; 1, 14, 1, 0; 0.788563494731; 1, 0, 1; 0, 1, 0; 1, 1, 2 ;
1,87; -1.26938, -1.40444, -1.29405 / -1.26938, -1.40444, -1.29405 / -1.26938, -1.40444, -1.29405; 1, 6, 1, 0; 0.891440573965; 1, 0, 1; 1, 0, 0; 2, 1, 2 ;
0,87; -2.345139, 1.075172, 1.185553 / -2.345139, 1.075172, 1.185553 / -2.345139, 1.075172, 1.185553; 1, 24, 1, 0; 0.278541462521; 1, 0, 1; 1, 0, 0; 2, 1, 2 ;
1,88; 2.92949, 1.28934, 0.0684217 / 2.92966, 1.2894, 0.0684356 / 2.92932, 1.28929, 0.0684078; 1, 20, 1, 0; 0.356746094417; 2, 1, 1; 1, 1, 0; 1, 1, 2 / 2, 2, 1 ;
1,89; 1.10515, -0.43254, -2.36857 / 1.10515, -0.43254, -2.36857 / 1.10515, -0.43254, -2.36857; 1, 3, 1, 0; 0.794906813026; 1, 0, 1; 1, 0, 0; 2, 1, 2 ;
0,89; 0.723377, -0.978089, -1.355886 / 0.723377, -0.978089, -1.355886 / 0.723377, -0.978089, -1.355886; 1, 8, 1, 0; 0.736653064439; 0, 1, 0; 1, 0, 0; 3, 1, 1 ;
0,89; 0.247477, -1.615888, -0.163403 / 0.247477, -1.615888, -0.163403 / 0.247477, -1.615888, -0.163403; 1, 15, 1, 0; 0.552586513116; 1, 0, 1; 1, 0, 0; 3, 1, 2 ;
0,89; 0.106810, -1.762854, 0.178863 / 0.106810, -1.762854, 0.178863 / 0.106810, -1.762854, 0.178863; 1, 15, 1, 0; 0.629729035404; 1, 0, 1; 1, 0, 0; 3, 1, 2 ;
0,89; -0.985024, -2.983325, 3.275008 / -0.985024, -2.983325, 3.275008 / -0.985024, -2.983325, 3.275008; 1, 40, 1, 0; 0.918232720415; 1, 0, 1; 1, 0, 0; 3, 1, 2 ;
1,90; 2.30319, -0.39447, 1.22101 / 2.30319, -0.39447, 1.22101 / 2.30319, -0.39447, 1.22101; 1, 26, 1, 0; 0.097742025631; 1, 0, 1; 0, 1, 0; 1, 1, 2 ;
0,90; 2.251765, -0.376097, 1.420598 / 2.251765, -0.376097, 1.420598 / 2.251765, -0.376097, 1.420598; 1, 26, 1, 0; 0.991253131027; 1, 0, 1; 1, 0, 0; 2, 1, 2 ;
0,90; 1.984126, -0.280711, 2.508926 / 1.984126, -0.280711, 2.508926 / 1.984126, -0.280711, 2.508926; 1, 34, 1, 0; 0.831678416141; 1, 0, 1; 0, 1, 0; 1, 1, 2 ;
1,91; -1.82586, -1.99542, -2.71939 / -1.82586, -1.99542, -2.71939 / -1.82586, -1.99542, -2.71939; 1, 5, 1, 0; 0.305772935921; 1, 0, 1; 1, 0, 0; 3, 1, 2 ;
1,92; 3.83438, -0.558253, -0.859334 / 3.83438, -0.558253, -0.859334 / 3.83438, -0.558253, -0.859334; 1, 12, 1, 0; 0.483755504365; 1, 0, 1; 1, 0, 0; 3, 1, 2 ;
1,93; -1.42528, -3.11903, -1.95932 / -1.42513, -3.11893, -1.9591 / -1.42543, -3.11913, -1.95954; 1, 5, 1, 0; 0.685878939542; 0, 1, 0; 2, 0, 0; 3, 1, 3 / 3, 2, 1 ;
0,93; -0.746634, -2.279783, -1.157297 / -0.746634, -2.279783, -1.157297 / -0.746634, -2.279783, -1.157297; 1, 8, 1, 0; 0.796122511074; 0, 1, 0; 1, 0, 0; 3, 1, 1 ;
1,94; 0.540066, -2.19846, 0.438331 / 0.540066, -2.19846, 0.438331 / 0.540066, -2.19846, 0.438331; 1, 18, 1, 0; 0.405144567289; 1, 0, 1; 1, 0, 0; 3, 1, 2 ;
0,94; 0.027052, -2.610628, 1.936745 / 0.027052, -2.610628, 1.936745 / 0.027052, -2.610628, 1.936745; 1, 32, 1, 0; 0.378902353854; 0, 1, 0; 1, 0, 0; 3, 1, 1 ;
1,95; 2.83999, -0.695723, 0.121615 / 2.83999, -0.695723, 0.121615 / 2.83999, -0.695723, 0.121615; 1, 16, 1, 0; 0.822173282060; 1, 0, 1; 1, 0, 0; 2, 1, 2 ;
0,95; 2.842901, -0.695127, 0.118218 / 2.842901, -0.695127, 0.118218 / 2.842901, -0.695127, 0.118218; 1, 16, 1, 0; 0.822174192866; 0, 0, 0; 1, 0, 0; 3, 1, 3 ;
0,95; 0.059828, -2.119438, 0.429341 / 0.060194, -2.119243, 0.429858 / 0.059461, -2.119634, 0.428825; 1, 18, 1, 0; 0.427028098837; 2, 2, 1; 2, 1, 0; 2, 1, 0 / 2, 7, 0 / 3, 2, 2 / 3, 6, 1 / 4, 1, 1 ;
0,95; -1.055838, -2.612799, 0.411491 / -1.055838, -2.612799, 0.411491 / -1.055838, -2.612799, 0.411491; 1, 18, 1, 0; 0.337332521502; 1, 0, 1; 1, 0, 0; 2, 1, 2 ;
1,96; -3.80777, -1.19668, 1.68624 / -3.80773, -1.1964, 1.6864 / -3.80781, -1.19697, 1.68607; 1, 24, 1, 0; 0.718710883404; 0, 2, 0; 1, 1, 0; 3, 1, 1 / 4, 1, 1 ;
0,96; -3.807478, -1.190354, 1.687402 / -3.807478, -1.190354, 1.687402 / -3.807478, -1.190354, 1.687402; 1, 24, 1, 0; 0.718710646927; 1, 0, 1; 1, 0, 0; 3, 1, 2 ;
1,97; 0.564422, 3.19469, -1.98312 / 0.564422, 3.19469, -1.98312 / 0.564422, 3.19469, -1.98312; 1, 4, 1, 0; 0.862794996716; 1, 0, 1; 1, 0, 0; 2, 1, 2 ;
0,97; -3.004887, -0.443730, 0.260500 / -3.004887, -0.443730, 0.260500 / -3.004887, -0.443730, 0.260500; 1, 14, 1, 0; 0.910251180844; 1, 0, 1; 0, 1, 0; 4, 1, 2 ;
0,97; -3.428947, -0.799011, 0.511868 / -3.428947, -0.799011, 0.511868 / -3.428947, -0.799011, 0.511868; 1, 21, 1, 0; 0.116559085803; 0, 1, 0; 0, 1, 0; 1, 1, 1 / 1, 2, 0 ;
1,99; 3.80373, 1.65345, 1.76987 / 3.80411, 1.6537, 1.77033 / 3.80335, 1.6532, 1.76941; 1, 28, 1, 0; 0.229203546750; 2, 1, 1; 1, 1, 0; 1, 1, 1 / 2, 3, 2 ;
1,101; -3.57288, -0.448804, -2.77326 / -3.57278, -0.448636, -2.7732 / -3.57299, -0.448973, -2.77332; 1, 2, 1, 0; 0.969869141756; 2, 1, 1; 1, 1, 0; 3, 1, 2 / 4, 1, 1 ;
0,101; -3.573989, -0.446828, -2.772572 / -3.573723, -0.446575, -2.772497 / -3.574254, -0.447082, -2.772647; 1, 2, 1, 0; 0.969869197131; 0, 1, 0; 2, 0, 0; 2, 1, 3 / 3, 6, 1 ;
0,101; -1.970408, -0.903223, -1.773557 / -1.970408, -0.903223, -1.773557 / -1.970408, -0.903223, -1.773557; 1, 6, 1, 0; 0.836231727865; 1, 0, 1; 1, 0, 0; 2, 6, 0 / 3, 1, 2 ;
0,101; 0.231682, -1.484899, -0.213029 / 0.231922, -1.484819, -0.212859 / 0.231442, -1.484980, -0.213199; 1, 16, 1, 0; 0.304700820528; 2, 1, 1; 1, 1, 0; 1, 2, 1 / 2, 1, 2 ;
0,101; 0.231026, -1.481590, -0.213287 / 0.231026, -1.481590, -0.213287 / 0.231026, -1.481590, -0.213287; 1, 16, 1, 0; 0.304700030271; 0, 0, 0; 1, 0, 0; 2, 4, 0 / 3, 1, 3 ;
1,102; 1.21773, 0.925435, -1.59699 / 1.21773, 0.925435, -1.59699 / 1.21773, 0.925435, -1.59699; 1, 11, 1, 0; 0.072809629091; 1, 0, 1; 1, 0, 0; 2, 1, 2 ;
1,103; 3.09635, -2.06657, -2.29115 / 3.09635, -2.06657, -2.29115 / 3.09635, -2.06657, -2.29115; 1, 3, 1, 0; 0.914746507251; 1, 0, 1; 0, 1, 0; 4, 1, 2 ;
0,103; 2.036164, -1.826624, -1.160226 / 2.036164, -1.826624, -1.160226 / 2.036164, -1.826624, -1.160226; 1, 11, 1, 0; 0.534530458247; 1, 0, 1; 1, 0, 0; 2, 1, 2 ;
0,103; -0.215405, -1.074609, 1.508163 / -0.215405, -1.074609, 1.508163 / -0.215405, -1.074609, 1.508163; 1, 23, 1, 0; 0.901634550155; 1, 0, 1; 1, 0, 0; 3, 1, 2 ;
0,103; -0.097961, -1.114663, 1.366904 / -0.097961, -1.114663, 1.366904 / -0.097961, -1.114663, 1.366904; 1, 23, 1, 0; 0.902208013905; 1, 0, 1; 1, 0, 0; 2, 1, 2 / 3, 3, 0 ;
0,103; -0.791737, -0.874072, 2.230477 / -0.791737, -0.874072, 2.230477 / -0.791737, -0.874072, 2.230477; 1, 34, 1, 0; 0.123298384260; 1, 0, 1; 0, 1, 0; 1, 1, 2 ;
1,104; 0.326056, -0.923043, 0.437813 / 0.326056, -0.923043, 0.437813 / 0.326056, -0.923043, 0.437813; 1, 23, 1, 0; 0.041285480765; 0, 1, 0; 0, 1, 0; 4, 1, 1 ;
1,106; 1.1288, -2.52888, -1.13665 / 1.1288, -2.52888, -1.13665 / 1.1288, -2.52888, -1.13665; 1, 8, 1, 0; 0.849337341388; 1, 0, 1; 0, 1, 0; 4, 1, 2 ;
0,106; 1.126483, -2.528566, -1.135473 / 1.126483, -2.528566, -1.135473 / 1.126483, -2.528566, -1.135473; 1, 8, 1, 0; 0.849337392525; 1, 0, 1; 0, 1, 0; 4, 1, 2 ;
0,106; 1.318563, -2.461219, -1.224390 / 1.318992, -2.461203, -1.223773 / 1.318134, -2.461234, -1.225007; 1, 8, 1, 0; 0.811717772180; 1, 0, 2; 2, 0, 0; 2, 1, 2 / 3, 7, 2 ;
0,106; 1.498909, -2.387276, -1.320349 / 1.498909, -2.387276, -1.320349 / 1.498909, -2.387276, -1.320349; 1, 8, 1, 0; 0.602492843489; 1, 0, 1; 1, 0, 0; 2, 1, 2 ;
0,106; 1.493088, -2.391414, -1.318245 / 1.493088, -2.391414, -1.318245 / 1.493088, -2.391414, -1.318245; 1, 8, 1, 0; 0.602493753714; 1, 0, 1; 1, 0, 0; 1, 2, 0 / 2, 1, 2 ;
0,106; 0.492409, -2.743695, -0.874722 / 0.492409, -2.743695, -0.874722 / 0.492409, -2.743695, -0.874722; 1, 9, 1, 0; 0.590109099049; 1, 0, 1; 1, 0, 0; 2, 1, 2 ;
0,106; 0.496400, -2.744506, -0.874473 / 0.496400, -2.744506, -0.874473 / 0.496400, -2.744506, -0.874473; 1, 9, 1, 0; 0.590109223406; 0, 1, 0; 1, 0, 0; 3, 1, 1 ;
0,106; 0.498673, -2.740562, -0.877372 / 0.498673, -2.740562, -0.877372 / 0.498673, -2.740562, -0.877372; 1, 9, 1, 0; 0.590109434272; 1, 0, 1; 1, 0, 0; 3, 1, 2 ;
0,106; 0.488762, -2.734114, -0.879690 / 0.488762, -2.734114, -0.879690 / 0.488762, -2.734114, -0.879690; 1, 9, 1, 0; 0.590109920887; 1, 0, 1; 1, 0, 0; 3, 1, 2 ;
0,106; -0.363021, -2.974536, -0.486952 / -0.363021, -2.974536, -0.486952 / -0.363021, -2.974536, -0.486952; 1, 9, 1, 0; 0.939878984294; 1, 0, 1; 1, 0, 0; 2, 1, 2 ;
0,106; -0.355092, -2.971438, -0.495840 / -0.355092, -2.971438, -0.495840 / -0.355092, -2.971438, -0.495840; 1, 9, 1, 0; 0.939880249493; 1, 0, 1; 1, 0, 0; 3, 1, 2 ;
1,107; -2.75244, 3.10283, 0.0505094 / -2.75244, 3.10283, 0.0505094 / -2.75244, 3.10283, 0.0505094; 1, 14, 1, 0; 0.632229772399; 1, 0, 1; 1, 0, 0; 3, 1, 2 ;
0,107; -0.901387, 0.646554, 1.613048 / -0.901333, 0.647013, 1.613270 / -0.901441, 0.646095, 1.612827; 1, 30, 1, 0; 0.149385415814; 1, 0, 2; 2, 0, 0; 3, 1, 2 / 3, 10, 2 ;
1,108; -0.975178, -0.986083, -3.57553 / -0.974724, -0.985731, -3.57479 / -0.975631, -0.986435, -3.57627; 1, 1, 1, 0; 0.843129182765; 1, 0, 2; 2, 0, 0; 3, 1, 2 / 3, 9, 2 ;
1,109; 3.79724, -0.917369, -2.16093 / 3.79724, -0.917369, -2.16093 / 3.79724, -0.917369, -2.16093; 1, 4, 1, 0; 0.531969293633; 1, 0, 1; 1, 0, 0; 2, 1, 2 ;
0,109; 1.318271, -2.738466, -1.491109 / 1.318286, -2.737762, -1.490831 / 1.318255, -2.739171, -1.491387; 1, 8, 1, 0; 0.569026760594; 0, 2, 0; 1, 1, 0; 1, 1, 1 / 3, 5, 1 / 4, 5, 0 ;
0,109; 1.323326, -2.736274, -1.487121 / 1.323326, -2.736274, -1.487121 / 1.323326, -2.736274, -1.487121; 1, 8, 1, 0; 0.569026014005; 0, 1, 0; 0, 1, 0; 4, 1, 1 ;
0,109; 3.087393, -1.560227, -1.903111 / 3.088488, -1.559619, -1.902841 / 3.086298, -1.560835, -1.903381; 1, 8, 1, 0; 0.075918697541; 1, 0, 2; 2, 0, 0; 2, 1, 2 / 3, 10, 2 ;
0,109; 2.373053, -2.019385, -1.725375 / 2.373053, -2.019385, -1.725375 / 2.373053, -2.019385, -1.725375; 1, 8, 1, 0; 0.244699319173; 0, 1, 0; 1, 0, 0; 2, 1, 1 ;
1,110; 2.66806, -3.06444, -1.80958 / 2.66806, -3.06444, -1.80958 / 2.66806, -3.06444, -1.80958; 1, 8, 1, 0; 0.319337223775; 1, 0, 1; 0, 1, 0; 1, 1, 2 ;
1,111; 2.23185, -3.04939, -2.39351 / 2.23185, -3.04939, -2.39351 / 2.23185, -3.04939, -2.39351; 1, 3, 1, 0; 0.957816575797; 1, 0, 1; 1, 0, 0; 2, 1, 2 ;
1,112; -2.11725, 1.6099, -0.745547 / -2.11725, 1.6099, -0.745547 / -2.11725, 1.6099, -0.745547; 1, 7, 1, 0; 0.950876857906; 0, 1, 0; 0, 1, 0; 1, 1, 1 ;
1,113; 1.90995, 1.43788, -3.59842 / 1.90995, 1.43788, -3.59842 / 1.90995, 1.43788, -3.59842; 1, 1, 1, 0; 0.604703318366; 1, 0, 1; 1, 0, 0; 2, 1, 2 ;
1,114; -1.44798, 0.738077, -1.28178 / -1.44798, 0.738077, -1.28178 / -1.44798, 0.738077, -1.28178; 1, 10, 1, 0; 0.003689194771; 1, 0, 1; 1, 0, 0; 2, 1, 2 ;
0,114; -1.468590, 0.797182, -1.301195 / -1.468590, 0.797182, -1.301195 / -1.468590, 0.797182, -1.301195; 1, 10, 1, 0; 0.003731811418; 1, 0, 1; 1, 0, 0; 2, 1, 2 ;
0,114; -1.462021, 0.793788, -1.305491 / -1.462021, 0.793788, -1.305491 / -1.462021, 0.793788, -1.305491; 1, 10, 1, 0; 0.003732703546; 1, 0, 1; 1, 0, 0; 3, 1, 2 ;
0,114; -0.045014, -1.135754, -0.392742 / -0.045014, -1.135754, -0.392742 / -0.045014, -1.135754, -0.392742; 1, 16, 1, 0; 0.218034790086; 0, 1, 0; 0, 1, 0; 1, 1, 1 ;
0,114; -0.250731, -0.864425, -0.522956 / -0.250731, -0.864425, -0.522956 / -0.250731, -0.864425, -0.522956; 1, 16, 1, 0; 0.196946893350; 0, 1, 0; 1, 0, 0; 3, 1, 1 ;
0,114; -0.049741, -1.139081, -0.394788 / -0.049741, -1.139081, -0.394788 / -0.049741, -1.139081, -0.394788; 1, 16, 1, 0; 0.218034636053; 0, 1, 0; 1, 0, 0; 3, 1, 1 ;
0,114; -0.047322, -1.137560, -0.393941 / -0.047322, -1.137560, -0.393941 / -0.047322, -1.137560, -0.393941; 1, 16, 1, 0; 0.218034709721; 0, 1, 0; 1, 0, 0; 2, 4, 0 / 3, 1, 1 / 3, 2, 0 ;
1,116; -0.41304, -1.74549, 3.49927 / -0.41304, -1.74549, 3.49927 / -0.41304, -1.74549, 3.49927; 1, 43, 1, 0; 0.585603548350; 1, 0, 1; 1, 0, 0; 2, 1, 2 ;
1,117; -4.19849, -0.170302, -0.725337 / -4.19849, -0.170302, -0.725337 / -4.19849, -0.170302, -0.725337; 1, 10, 1, 0; 0.357426477903; 1, 0, 1; 0, 1, 0; 4, 1, 2 ;
0,117; -4.200404, -0.161331, -0.721437 / -4.200404, -0.161331, -0.721437 / -4.200404, -0.161331, -0.721437; 1, 10, 1, 0; 0.357426191341; 1, 0, 1; 1, 0, 0; 3, 1, 2 ;
0,117; -4.197526, -0.161443, -0.720743 / -4.197526, -0.161443, -0.720743 / -4.197526, -0.161443, -0.720743; 1, 10, 1, 0; 0.357426829347; 1, 0, 1; 1, 0, 0; 3, 1, 2 / 3, 3, 0 ;
0,117; -1.677777, -0.422469, 0.698397 / -1.677777, -0.422469, 0.698397 / -1.677777, -0.422469, 0.698397; 1, 21, 1, 0; 0.401272169545; 1, 0, 1; 1, 0, 0; 2, 1, 2 ;
0,117; -1.670692, -0.427310, 0.695783 / -1.670692, -0.427310, 0.695783 / -1.670692, -0.427310, 0.695783; 1, 21, 1, 0; 0.401273406441; 1, 0, 1; 1, 0, 0; 2, 1, 2 ;
0,117; -1.525219, -0.512468, 0.780435 / -1.525219, -0.512468, 0.780435 / -1.525219, -0.512468, 0.780435; 1, 21, 1, 0; 0.404716226914; 1, 0, 1; 1, 0, 0; 2, 1, 2 ;
0,117; -0.836859, -0.724204, 1.172587 / -0.836845, -0.723818, 1.172896 / -0.836872, -0.724590, 1.172277; 1, 23, 1, 0; 0.409517432039; 2, 1, 1; 2, 0, 0; 3, 1, 2 / 3, 2, 1 ;
1,118; 1.88032, -0.594153, 3.52469 / 1.88052, -0.593878, 3.52515 / 1.88012, -0.594428, 3.52423; 1, 44, 1, 0; 0.413178835891; 1, 0, 2; 2, 0, 0; 2, 1, 2 / 2, 4, 2 ;
1,119; 2.65354, 2.53292, -0.879185 / 2.65354, 2.53292, -0.879185 / 2.65354, 2.53292, -0.879185; 1, 12, 1, 0; 0.233710199210; 1, 0, 1; 0, 1, 0; 4, 1, 2 ;
0,119; 2.647904, 2.533228, -0.883889 / 2.647904, 2.533228, -0.883889 / 2.647904, 2.533228, -0.883889; 1, 12, 1, 0; 0.233720189460; 1, 0, 1; 0, 1, 0; 4, 1, 2 ;
1,120; 3.89807, -0.123617, 0.427781 / 3.89807, -0.123617, 0.427781 / 3.89807, -0.123617, 0.427781; 1, 19, 1, 0; 0.607439850690; 1, 0, 1; 0, 1, 0; 1, 1, 2 ;
0,120; 2.449750, -0.494992, 0.507763 / 2.449750, -0.494992, 0.507763 / 2.449750, -0.494992, 0.507763; 1, 19, 1, 0; 0.560628255858; 1, 0, 1; 1, 0, 0; 3, 1, 2 ;
0,120; 4.272004, -0.003930, 0.439334 / 4.272004, -0.003930, 0.439334 / 4.272004, -0.003930, 0.439334; 1, 19, 1, 0; 0.613289078251; 1, 0, 1; 1, 0, 0; 3, 1, 2 ;
1,121; 1.67586, -0.738953, -2.46801 / 1.67634, -0.738574, -2.46736 / 1.67538, -0.739332, -2.46865; 1, 3, 1, 0; 0.813749054026; 2, 1, 2; 2, 1, 0; 1, 1, 0 / 2, 1, 1 / 3, 5, 2 / 4, 8, 2 ;
0,121; 1.677933, -0.741989, -2.471333 / 1.677933, -0.741989, -2.471333 / 1.677933, -0.741989, -2.471333; 1, 3, 1, 0; 0.813748618818; 1, 0, 1; 0, 1, 0; 1, 1, 2 ;
0,121; 1.678658, -0.740433, -2.476088 / 1.678658, -0.740433, -2.476088 / 1.678658, -0.740433, -2.476088; 1, 3, 1, 0; 0.633961004525; 1, 0, 1; 1, 0, 0; 2, 1, 2 ;
0,121; 1.673898, -0.743262, -2.476269 / 1.673898, -0.743262, -2.476269 / 1.673898, -0.743262, -2.476269; 1, 3, 1, 0; 0.633961572714; 1, 0, 1; 1, 0, 0; 1, 3, 0 / 3, 1, 2 ;
0,121; -0.745900, 2.675012, -1.798064 / -0.745900, 2.675012, -1.798064 / -0.745900, 2.675012, -1.798064; 1, 7, 1, 0; 0.076854950137; 1, 0, 1; 0, 1, 0; 1, 1, 2 ;
1,122; -2.9256, -0.915778, -2.42792 / -2.9256, -0.915778, -2.42792 / -2.9256, -0.915778, -2.42792; 1, 5, 1, 0; 0.424566845161; 1, 0, 1; 1, 0, 0; 3, 1, 2 ;
0,122; -0.170602, -1.232004, -0.606061 / -0.170343, -1.231610, -0.606045 / -0.170862, -1.232398, -0.606078; 1, 16, 1, 0; 0.216434063049; 2, 1, 1; 1, 1, 0; 1, 1, 1 / 3, 5, 2 ;
0,122; 0.142630, -1.258015, -0.425665 / 0.142630, -1.258015, -0.425665 / 0.142630, -1.258015, -0.425665; 1, 16, 1, 0; 0.235529017187; 0, 1, 0; 0, 1, 0; 4, 1, 1 ;
0,122; 1.588225, -1.323088, 0.435534 / 1.588225, -1.323088, 0.435534 / 1.588225, -1.323088, 0.435534; 1, 19, 1, 0; 0.430701161045; 1, 0, 1; 0, 1, 0; 1, 1, 2 ;
0,122; 3.662692, -1.281454, 1.402065 / 3.662692, -1.281454, 1.402065 / 3.662692, -1.281454, 1.402065; 1, 27, 1, 0; 0.244206336928; 1, 0, 1; 1, 0, 0; 2, 1, 2 ;
1,123; -1.97439, 1.41238, -1.80379 / -1.97439, 1.41238, -1.80379 / -1.97439, 1.41238, -1.80379; 1, 6, 1, 0; 0.669440374985; 1, 0, 1; 0, 1, 0; 4, 1, 2 ;
0,123; -1.919675, 0.922015, -1.409097 / -1.919675, 0.922015, -1.409097 / -1.919675, 0.922015, -1.409097; 1, 10, 1, 0; 0.009029652146; 0, 1, 0; 0, 1, 0; 2, 3, 0 / 2, 4, 0 / 4, 1, 1 ;
0,123; -2.206899, -0.842495, -0.419819 / -2.206899, -0.842495, -0.419819 / -2.206899, -0.842495, -0.419819; 1, 10, 1, 0; 0.598028761100; 1, 0, 1; 1, 0, 0; 2, 1, 2 ;
0,123; -1.398887, -1.454118, 0.411116 / -1.398887, -1.454118, 0.411116 / -1.398887, -1.454118, 0.411116; 1, 21, 1, 0; 0.202792314946; 0, 1, 0; 0, 1, 0; 4, 1, 1 ;
0,123; -1.170345, -2.128510, 0.950518 / -1.170345, -2.128510, 0.950518 / -1.170345, -2.128510, 0.950518; 1, 23, 1, 0; 0.342344675354; 1, 0, 1; 0, 1, 0; 1, 1, 2 ;
1,124; -2.26538, -0.661811, -2.38933 / -2.26538, -0.661811, -2.38933 / -2.26538, -0.661811, -2.38933; 1, 5, 1, 0; 0.429404053711; 1, 0, 1; 0, 1, 0; 4, 1, 2 ;
1,125; -1.13065, 1.31898, -3.23023 / -1.13065, 1.31898, -3.23023 / -1.13065, 1.31898, -3.23023; 1, 2, 1, 0; 0.272921064997; 1, 0, 1; 0, 1, 0; 4, 1, 2 ;
0,125; -1.131019, 1.320019, -3.227929 / -1.131019, 1.320019, -3.227929 / -1.131019, 1.320019, -3.227929; 1, 2, 1, 0; 0.272921021489; 1, 0, 1; 1, 0, 0; 2, 1, 2 ;
0,125; 0.479718, 0.180741, 0.064321 / 0.479718, 0.180741, 0.064321 / 0.479718, 0.180741, 0.064321; 1, 16, 1, 0; 0.676156454931; 1, 0, 1; 1, 0, 0; 3, 1, 2 ;
0,125; 0.811076, -0.048380, 0.697735 / 0.811076, -0.048380, 0.697735 / 0.811076, -0.048380, 0.697735; 1, 23, 1, 0; 0.227420584423; 1, 0, 1; 1, 0, 0; 3, 1, 2 ;
0,125; 1.289785, -0.434098, 1.571081 / 1.289785, -0.434098, 1.571081 / 1.289785, -0.434098, 1.571081; 1, 27, 1, 0; 0.742459326011; 1, 0, 1; 1, 0, 0; 2, 1, 2 / 3, 6, 0 ;
1,126; 3.6654, -1.90905, -1.95495 / 3.6654, -1.90905, -1.95495 / 3.6654, -1.90905, -1.95495; 1, 8, 1, 0; 0.051041138046; 0, 1, 0; 0, 1, 0; 1, 1, 1 ;
0,126; 1.014798, -3.940440, 0.505580 / 1.015038, -3.939818, 0.505917 / 1.014557, -3.941061, 0.505242; 1, 18, 1, 0; 0.138077613552; 2, 1, 1; 2, 0, 0; 3, 1, 1 / 3, 9, 2 / 4, 8, 0 / 4, 9, 0 ;
1,128; 2.04948, -2.77239, 1.37044 / 2.04948, -2.77239, 1.37044 / 2.04948, -2.77239, 1.37044; 1, 22, 1, 0; 0.497669163742; 0, 0, 0; 1, 0, 0; 3, 1, 3 ;
1,129; -0.594532, 1.62833, -0.446156 / -0.594532, 1.62833, -0.446156 / -0.594532, 1.62833, -0.446156; 1, 13, 1, 0; 0.428511386200; 1, 0, 1; 1, 0, 0; 2, 1, 2 ;
0,129; 0.144471, -3.197878, 1.520099 / 0.144471, -3.197878, 1.520099 / 0.144471, -3.197878, 1.520099; 1, 22, 1, 0; 0.570599618163; 0, 1, 0; 1, 0, 0; 3, 1, 1 ;
0,129; 0.134159, -3.095319, 1.481000 / 0.134159, -3.095319, 1.481000 / 0.134159, -3.095319, 1.481000; 1, 22, 1, 0; 0.570747616428; 1, 0, 1; 1, 0, 0; 2, 1, 2 ;
1,130; -1.64184, 1.47028, -0.832972 / -1.64184, 1.47028, -0.832972 / -1.64184, 1.47028, -0.832972; 1, 7, 1, 0; 0.977153958811; 0, 1, 0; 0, 1, 0; 1, 1, 1 ;
0,130; -1.646145, 1.474282, -0.833316 / -1.646145, 1.474282, -0.833316 / -1.646145, 1.474282, -0.833316; 1, 7, 1, 0; 0.977313524194; 1, 0, 1; 1, 0, 0; 2, 1, 2 ;
0,130; -3.481995, 0.992829, 0.456187 / -3.481995, 0.992829, 0.456187 / -3.481995, 0.992829, 0.456187; 1, 17, 1, 0; 0.832163669030; 1, 0, 1; 1, 0, 0; 3, 1, 2 ;
1,132; 4.03783, -1.06839, -1.17056 / 4.03783, -1.06839, -1.17056 / 4.03783, -1.06839, -1.17056; 1, 12, 1, 0; 0.136110319596; 1, 0, 1; 0, 1, 0; 1, 1, 2 ;
0,132; 4.041880, -1.068686, -1.170538 / 4.041880, -1.068686, -1.170538 / 4.041880, -1.068686, -1.170538; 1, 12, 1, 0; 0.136109627260; 1, 0, 1; 1, 0, 0; 2, 1, 2 ;
0,132; 2.916235, -0.787747, -0.366254 / 2.916235, -0.787747, -0.366254 / 2.916235, -0.787747, -0.366254; 1, 12, 1, 0; 0.752074876524; 1, 0, 1; 1, 0, 0; 1, 6, 0 / 2, 4, 0 / 3, 1, 2 / 3, 7, 0 ;
0,132; 2.915423, -0.789507, -0.364255 / 2.915423, -0.789507, -0.364255 / 2.915423, -0.789507, -0.364255; 1, 12, 1, 0; 0.752074933742; 1, 0, 1; 1, 0, 0; 2, 1, 2 / 4, 7, 0 ;
0,132; 0.705848, -0.070122, 1.742605 / 0.705848, -0.070122, 1.742605 / 0.705848, -0.070122, 1.742605; 1, 27, 1, 0; 0.662495266826; 0, 1, 0; 0, 1, 0; 1, 1, 1 ;
1,133; 1.28369, 1.24916, -2.44723 / 1.28369, 1.24916, -2.44723 / 1.28369, 1.24916, -2.44723; 1, 4, 1, 0; 0.388399138449; 0, 1, 0; 0, 1, 0; 4, 1, 1 ;
1,134; 0.18154, -1.51069, -2.41697 / 0.18154, -1.51069, -2.41697 / 0.18154, -1.51069, -2.41697; 1, 3, 1, 0; 0.853364555503; 1, 0, 1; 1, 0, 0; 2, 1, 2 ;
0,134; 0.182337, -1.510325, -2.419691 / 0.182337, -1.510325, -2.419691 / 0.182337, -1.510325, -2.419691; 1, 3, 1, 0; 0.853364611919; 1, 0, 1; 1, 0, 0; 2, 1, 2 ;
0,134; 0.204086, -1.481338, -2.367246 / 0.204086, -1.481338, -2.367246 / 0.204086, -1.481338, -2.367246; 1, 3, 1, 0; 0.853431589679; 1, 0, 1; 1, 0, 0; 3, 1, 2 ;
0,134; 0.983260, -0.769648, -1.006163 / 0.983260, -0.769648, -1.006163 / 0.983260, -0.769648, -1.006163; 1, 11, 1, 0; 0.629573205760; 1, 0, 1; 0, 1, 0; 4, 1, 2 ;
0,134; 3.150012, 1.471044, 2.306653 / 3.150012, 1.471044, 2.306653 / 3.150012, 1.471044, 2.306653; 1, 31, 1, 0; 0.614081812053; 1, 0, 1; 0, 1, 0; 1, 1, 2 ;
0,134; 3.218783, 1.533363, 2.407176 / 3.218783, 1.533363, 2.407176 / 3.218783, 1.533363, 2.407176; 1, 31, 1, 0; 0.616455086430; 1, 0, 1; 1, 0, 0; 2, 1, 2 ;
0,134; 3.374228, 1.690277, 2.662689 / 3.374321, 1.690398, 2.662702 / 3.374135, 1.690155, 2.662676; 1, 35, 1, 0; 0.233671211383; 2, 1, 1; 1, 1, 0; 1, 5, 0 / 2, 6, 1 / 4, 1, 2 ;
1,135; 1.91351, -0.748222, 1.1552 / 1.91351, -0.748222, 1.1552 / 1.91351, -0.748222, 1.1552; 1, 27, 1, 0; 0.142141641620; 1, 0, 1; 1, 0, 0; 3, 1, 2 ;
1,136; 0.38006, 4.07055, -0.782567 / 0.38006, 4.07055, -0.782567 / 0.38006, 4.07055, -0.782567; 1, 13, 1, 0; 0.154943835301; 1, 0, 1; 1, 0, 0; 3, 1, 2 ;
1,137; 3.45968, -0.419454, -0.467355 / 3.45968, -0.419454, -0.467355 / 3.45968, -0.419454, -0.467355; 1, 12, 1, 0; 0.787416473270; 1, 0, 1; 1, 0, 0; 2, 1, 2 ;
0,137; 1.790363, 0.262699, -0.150657 / 1.790894, 0.263037, -0.150560 / 1.789832, 0.262362, -0.150755; 1, 16, 1, 0; 0.509976379334; 1, 0, 2; 0, 2, 1; 1, 5, 2 / 4, 1, 2 ;
0,137; 2.342138, 0.032032, -0.248678 / 2.342138, 0.032032, -0.248678 / 2.342138, 0.032032, -0.248678; 1, 16, 1, 0; 0.514823665402; 0, 1, 0; 0, 1, 0; 1, 1, 1 ;
0,137; 0.498417, 0.895072, 0.131897 / 0.498417, 0.895072, 0.131897 / 0.498417, 0.895072, 0.131897; 1, 16, 1, 0; 0.593623840063; 1, 0, 1; 0, 1, 0; 1, 1, 2 ;
0,137; 0.311914, 0.992923, 0.185206 / 0.311914, 0.992923, 0.185206 / 0.311914, 0.992923, 0.185206; 1, 16, 1, 0; 0.557141919549; 1, 0, 1; 1, 0, 0; 2, 1, 2 ;
0,137; 0.320603, 0.992086, 0.177494 / 0.320603, 0.992086, 0.177494 / 0.320603, 0.992086, 0.177494; 1, 16, 1, 0; 0.557142656230; 1, 0, 1; 1, 0, 0; 2, 1, 2 ;
1,139; 1.41812, 1.13862, -0.877774 / 1.41812, 1.13862, -0.877774 / 1.41812, 1.13862, -0.877774; 1, 12, 1, 0; 0.338424172514; 1, 0, 1; 1, 0, 0; 3, 1, 2 ;
0,139; 1.688826, 0.474480, -0.643647 / 1.688826, 0.474480, -0.643647 / 1.688826, 0.474480, -0.643647; 1, 12, 1, 0; 0.397722388917; 1, 0, 1; 1, 0, 0; 1, 1, 0 / 2, 4, 0 / 3, 1, 2 ;
0,139; 2.835055, -2.433049, 0.120909 / 2.835055, -2.433049, 0.120909 / 2.835055, -2.433049, 0.120909; 1, 15, 1, 0; 0.696977532575; 1, 0, 1; 1, 0, 0; 2, 4, 0 / 3, 1, 2 / 4, 2, 0 ;
1,140; 1.31532, -2.03972, 2.11515 / 1.31532, -2.03972, 2.11515 / 1.31532, -2.03972, 2.11515; 1, 32, 1, 0; 0.208456754220; 1, 0, 1; 1, 0, 0; 3, 1, 2 ;
0,140; 1.148407, -2.120535, 2.632530 / 1.148407, -2.120535, 2.632530 / 1.148407, -2.120535, 2.632530; 1, 34, 1, 0; 0.313633543626; 0, 1, 0; 1, 0, 0; 3, 1, 1 ;
0,140; 1.077148, -2.141074, 2.817910 / 1.077148, -2.141074, 2.817910 / 1.077148, -2.141074, 2.817910; 1, 35, 1, 0; 0.623928990089; 1, 0, 1; 1, 0, 0; 1, 6, 0 / 3, 1, 2 ;
0,140; 1.079446, -2.140974, 2.818845 / 1.079446, -2.140974, 2.818845 / 1.079446, -2.140974, 2.818845; 1, 35, 1, 0; 0.623929131789; 1, 0, 1; 1, 0, 0; 3, 1, 2 ;
0,140; 1.083554, -2.141746, 2.819318 / 1.083554, -2.141746, 2.819318 / 1.083554, -2.141746, 2.819318; 1, 35, 1, 0; 0.623929505363; 1, 0, 1; 1, 0, 0; 1, 4, 0 / 3, 1, 2 ;
0,140; 0.816769, -2.237566, 3.493849 / 0.816769, -2.237566, 3.493849 / 0.816769, -2.237566, 3.493849; 1, 43, 1, 0; 0.853328242188; 1, 0, 1; 1, 0, 0; 3, 1, 2 ;
1,141; 0.631927, -0.445228, -2.9642 / 0.631927, -0.445228, -2.9642 / 0.631927, -0.445228, -2.9642; 1, 2, 1, 0; 0.500166076531; 0, 1, 0; 1, 0, 0; 3, 1, 1 ;
0,141; -0.650283, -1.248847, -1.050867 / -0.650283, -1.248847, -1.050867 / -0.650283, -1.248847, -1.050867; 1, 11, 1, 0; 0.543630574743; 1, 0, 1; 1, 0, 0; 3, 1, 2 ;
0,141; -1.328131, -1.474165, 0.096419 / -1.328131, -1.474165, 0.096419 / -1.328131, -1.474165, 0.096419; 1, 16, 1, 0; 0.867198771216; 1, 0, 1; 1, 0, 0; 3, 1, 2 ;
0,141; -2.071086, -1.380874, 1.815375 / -2.071086, -1.380874, 1.815375 / -2.071086, -1.380874, 1.815375; 1, 24, 1, 0; 0.697872676430; 1, 0, 1; 1, 0, 0; 3, 1, 2 ;
1,142; 1.57881, -1.7851, 1.11885 / 1.57881, -1.78486, 1.11909 / 1.5788, -1.78533, 1.11861; 1, 22, 1, 0; 0.296656807877; 2, 1, 1; 1, 1, 0; 1, 10, 0 / 2, 1, 2 / 4, 5, 1 ;
1,143; -2.54548, 0.244436, 2.05846 / -2.54548, 0.244436, 2.05846 / -2.54548, 0.244436, 2.05846; 1, 30, 1, 0; 0.712924269700; 1, 0, 1; 1, 0, 0; 2, 1, 2 ;
0,143; -2.622614, -0.682530, 2.261661 / -2.622614, -0.682530, 2.261661 / -2.622614, -0.682530, 2.261661; 1, 36, 1, 0; 0.166985234823; 1, 0, 1; 1, 0, 0; 2, 1, 2 ;
0,143; -2.625878, -0.677182, 2.252547 / -2.625878, -0.677182, 2.252547 / -2.625878, -0.677182, 2.252547; 1, 36, 1, 0; 0.166990722491; 1, 0, 1; 1, 0, 0; 3, 1, 2 ;
1,144; 0.118714, -1.98779, -3.74132 / 0.118714, -1.98779, -3.74132 / 0.118714, -1.98779, -3.74132; 1, 1, 1, 0; 0.326954164017; 0, 1, 0; 0, 1, 0; 1, 1, 1 ;
0,144; -0.482831, -0.940292, -3.245466 / -0.482831, -0.940292, -3.245466 / -0.482831, -0.940292, -3.245466; 1, 5, 1, 0; 0.074621422641; 0, 1, 0; 1, 0, 0; 3, 1, 1 / 4, 1, 0 ;
1,145; -2.87827, -1.16449, 0.41511 / -2.87827, -1.16449, 0.41511 / -2.87827, -1.16449, 0.41511; 1, 21, 1, 0; 0.155117104964; 1, 0, 1; 1, 0, 0; 2, 1, 2 / 2, 5, 0 ;
0,145; -2.876634, -1.168927, 0.422646 / -2.876634, -1.168927, 0.422646 / -2.876634, -1.168927, 0.422646; 1, 21, 1, 0; 0.155130383409; 1, 0, 1; 1, 0, 0; 3, 1, 2 ;
0,145; -2.724150, 1.445622, 1.643732 / -2.724150, 1.445622, 1.643732 / -2.724150, 1.445622, 1.643732; 1, 24, 1, 0; 0.907205383100; 1, 0, 1; 0, 1, 0; 1, 1, 2 ;
0,145; -2.723134, 1.618974, 1.712739 / -2.723134, 1.618974, 1.712739 / -2.723134, 1.618974, 1.712739; 1, 24, 1, 0; 0.935269169774; 1, 0, 1; 1, 0, 0; 3, 1, 2 ;
1,147; 0.79783, 1.2398, -0.199041 / 0.798244, 1.24039, -0.198383 / 0.797416, 1.23921, -0.1997; 1, 13, 1, 0; 0.836128051820; 1, 0, 2; 2, 0, 0; 1, 2, 0 / 2, 1, 2 / 3, 8, 2 ;
1,148; -2.44363, -0.83191, -2.28384 / -2.44363, -0.83191, -2.28384 / -2.44363, -0.83191, -2.28384; 1, 5, 1, 0; 0.428534891654; 1, 0, 1; 1, 0, 0; 3, 1, 2 ;
1,152; -2.26067, 3.52298, 1.05953 / -2.26067, 3.52298, 1.05953 / -2.26067, 3.52298, 1.05953; 1, 29, 1, 0; 0.007455852728; 1, 0, 1; 0, 1, 0; 1, 1, 2 ;
0,152; -1.823126, 2.026936, 1.318966 / -1.823126, 2.026936, 1.318966 / -1.823126, 2.026936, 1.318966; 1, 29, 1, 0; 0.235888614836; 1, 0, 1; 0, 1, 0; 1, 1, 2 / 2, 8, 0 ;
0,152; -1.822876, 2.035469, 1.316656 / -1.822876, 2.035469, 1.316656 / -1.822876, 2.035469, 1.316656; 1, 29, 1, 0; 0.235887270545; 1, 0, 1; 1, 0, 0; 2, 1, 2 ;
1,153; -0.413727, -0.534746, -0.846882 / -0.413727, -0.534746, -0.846882 / -0.413727, -0.534746, -0.846882; 1, 16, 1, 0; 0.058764385367; 1, 0, 1; 0, 1, 0; 2, 4, 0 / 3, 5, 0 / 4, 1, 2 ;
0,153; -0.418268, -0.533732, -0.842578 / -0.418268, -0.533732, -0.842578 / -0.418268, -0.533732, -0.842578; 1, 16, 1, 0; 0.058775884285; 1, 0, 1; 1, 0, 0; 3, 1, 2 / 4, 2, 0 ;
0,153; -0.441302, -0.587701, 4.144488 / -0.441302, -0.587701, 4.144488 / -0.441302, -0.587701, 4.144488; 1, 46, 1, 0; 0.729863455323; 1, 0, 1; 1, 0, 0; 2, 1, 2 ;
1,154; 0.687816, -1.79161, 0.168835 / 0.687816, -1.79161, 0.168835 / 0.687816, -1.79161, 0.168835; 1, 15, 1, 0; 0.623156945159; 0, 1, 0; 1, 0, 0; 3, 1, 1 ;
0,154; -1.209809, 1.632982, 1.410225 / -1.209809, 1.632982, 1.410225 / -1.209809, 1.632982, 1.410225; 1, 26, 1, 0; 0.647708808024; 0, 1, 0; 0, 1, 0; 1, 1, 1 ;
0,154; -1.688639, 2.249823, 1.627170 / -1.688639, 2.249823, 1.627170 / -1.688639, 2.249823, 1.627170; 1, 29, 1, 0; 0.349990736087; 1, 0, 1; 1, 0, 0; 2, 1, 2 ;
1,156; 1.39918, -1.49724, -3.96588 / 1.39918, -1.49724, -3.96588 / 1.39918, -1.49724, -3.96588; 1, 1, 1, 0; 0.359556887975; 1, 0, 1; 0, 1, 0; 1, 1, 2 ;
0,156; 1.047209, -1.259508, -3.765190 / 1.047209, -1.259508, -3.765190 / 1.047209, -1.259508, -3.765190; 1, 1, 1, 0; 0.362290224948; 0, 1, 0; 0, 1, 0; 1, 1, 1 ;
0,156; 1.406279, -1.482955, -3.980321 / 1.406279, -1.482955, -3.980321 / 1.406279, -1.482955, -3.980321; 1, 1, 1, 0; 0.359551927988; 1, 0, 1; 1, 0, 0; 3, 1, 2 ;
0,156; -3.012823, 2.066639, -0.985067 / -3.012823, 2.066639, -0.985067 / -3.012823, 2.066639, -0.985067; 1, 7, 1, 0; 0.595747273674; 1, 0, 1; 1, 0, 0; 2, 1, 2 ;
0,156; -3.222610, 2.266029, -0.822884 / -3.222610, 2.266029, -0.822884 / -3.222610, 2.266029, -0.822884; 1, 7, 1, 0; 0.886541710260; 0, 1, 0; 1, 0, 0; 3, 1, 1 ;
1,157; 2.06071, 0.588645, -3.58229 / 2.06071, 0.588645, -3.58229 / 2.06071, 0.588645, -3.58229; 1, 1, 1, 0; 0.712998814982; 0, 1, 0; 0, 1, 0; 1, 1, 1 ;
0,157; 2.057774, 0.590967, -3.578674 / 2.057774, 0.590967, -3.578674 / 2.057774, 0.590967, -3.578674; 1, 1, 1, 0; 0.713005250309; 1, 0, 1; 1, 0, 0; 3, 1, 2 ;
0,157; 2.362115, 0.753249, -2.642384 / 2.362115, 0.753249, -2.642384 / 2.362115, 0.753249, -2.642384; 1, 3, 1, 0; 0.688559407955; 1, 0, 1; 1, 0, 0; 2, 1, 2 ;
1,158; -1.19024, 1.91421, 1.72247 / -1.19008, 1.91452, 1.72258 / -1.1904, 1.91389, 1.72235; 1, 29, 1, 0; 0.336172971193; 1, 0, 2; 2, 0, 0; 2, 2, 2 / 2, 3, 0 / 3, 1, 2 ;
0,158; -0.097082, 1.945853, 2.249071 / -0.096988, 1.945877, 2.249171 / -0.097176, 1.945830, 2.248972; 1, 31, 1, 0; 0.507874746086; 0, 2, 0; 1, 1, 0; 3, 1, 1 / 4, 1, 1 ;
1,159; -3.2702, 0.846796, -0.574953 / -3.2702, 0.846796, -0.574953 / -3.2702, 0.846796, -0.574953; 1, 10, 1, 0; 0.725800043471; 1, 0, 1; 1, 0, 0; 3, 1, 2 ;
0,159; -2.286181, 1.788986, -0.511732 / -2.286181, 1.788986, -0.511732 / -2.286181, 1.788986, -0.511732; 1, 14, 1, 0; 0.288641263604; 1, 0, 1; 1, 0, 0; 3, 1, 2 ;
1,160; -1.46272, 1.67766, -3.14208 / -1.46272, 1.67766, -3.14208 / -1.46272, 1.67766, -3.14208; 1, 2, 1, 0; 0.254378138557; 1, 0, 1; 1, 0, 0; 2, 1, 2 ;
1,161; 1.05344, 2.63685, -1.83675 / 1.05344, 2.63685, -1.83675 / 1.05344, 2.63685, -1.83675; 1, 7, 1, 0; 0.089036420221; 0, 1, 0; 1, 0, 0; 2, 1, 1 ;
0,161; 1.323036, 3.143480, -0.246757 / 1.323036, 3.143480, -0.246757 / 1.323036, 3.143480, -0.246757; 1, 20, 1, 0; 0.083805524943; 0, 1, 0; 1, 0, 0; 2, 1, 1 ;
1,163; 3.52633, 1.67333, 1.7819 / 3.52633, 1.67333, 1.7819 / 3.52633, 1.67333, 1.7819; 1, 28, 1, 0; 0.233785986858; 1, 0, 1; 0, 1, 0; 4, 1, 2 ;
0,163; 3.524286, 1.672339, 1.780793 / 3.524286, 1.672339, 1.780793 / 3.524286, 1.672339, 1.780793; 1, 28, 1, 0; 0.233785894773; 1, 0, 1; 1, 0, 0; 3, 1, 2 ;
0,163; -0.689118, -0.516107, 2.019740 / -0.689118, -0.516107, 2.019740 / -0.689118, -0.516107, 2.019740; 1, 30, 1, 0; 0.598057860981; 1, 0, 1; 0, 1, 0; 4, 1, 2 ;
0,163; -2.305870, -1.437804, 2.263926 / -2.305865, -1.437337, 2.264488 / -2.305875, -1.438272, 2.263364; 1, 36, 1, 0; 0.085789927939; 1, 0, 2; 1, 1, 0; 1, 1, 2 / 3, 1, 2 ;
0,163; -2.000116, -1.225908, 2.214237 / -2.000116, -1.225908, 2.214237 / -2.000116, -1.225908, 2.214237; 1, 36, 1, 0; 0.105008862713; 1, 0, 1; 1, 0, 0; 3, 1, 2 ;
0,163; -2.002459, -1.224213, 2.216997 / -2.002459, -1.224213, 2.216997 / -2.002459, -1.224213, 2.216997; 1, 36, 1, 0; 0.105010266835; 0, 1, 0; 1, 0, 0; 2, 1, 1 / 3, 5, 0 ;
1,165; -0.601078, -0.282471, -3.01059 / -0.601019, -0.28232, -3.01055 / -0.601137, -0.282621, -3.01062; 1, 2, 1, 0; 0.542206213670; 0, 2, 0; 1, 1, 0; 1, 1, 1 / 2, 2, 1 ;
0,165; -0.511694, 0.395945, -2.931540 / -0.511694, 0.395945, -2.931540 / -0.511694, 0.395945, -2.931540; 1, 2, 1, 0; 0.600094647168; 0, 1, 0; 0, 1, 0; 1, 1, 1 / 1, 4, 0 ;
0,165; -0.606690, -0.141453, -3.046887 / -0.606690, -0.141453, -3.046887 / -0.606690, -0.141453, -3.046887; 1, 2, 1, 0; 0.542069568774; 1, 0, 1; 1, 0, 0; 3, 1, 2 ;
0,165; -0.598865, -0.282198, -3.012355 / -0.598865, -0.282198, -3.012355 / -0.598865, -0.282198, -3.012355; 1, 2, 1, 0; 0.542206664578; 1, 0, 1; 1, 0, 0; 2, 1, 2 ;
0,165; 1.574007, 2.620175, 1.119483 / 1.574007, 2.620175, 1.119483 / 1.574007, 2.620175, 1.119483; 1, 26, 1, 0; 0.385971882903; 1, 0, 1; 0, 1, 0; 1, 1, 2 ;
0,165; 1.220870, 2.281414, 0.486424 / 1.221149, 2.281611, 0.486882 / 1.220591, 2.281217, 0.485965; 1, 26, 1, 0; 0.006384672753; 0, 2, 0; 2, 0, 0; 3, 1, 1 / 3, 2, 1 ;
0,165; 1.216474, 2.279175, 0.497552 / 1.216474, 2.279175, 0.497552 / 1.216474, 2.279175, 0.497552; 1, 26, 1, 0; 0.006401191548; 1, 0, 1; 1, 0, 0; 2, 1, 2 ;
1,167; 3.98239, -2.21763, 0.811161 / 3.98239, -2.21763, 0.811161 / 3.98239, -2.21763, 0.811161; 1, 19, 1, 0; 0.921858648398; 0, 0, 0; 0, 1, 0; 4, 1, 3 ;
0,167; 3.966911, -2.213158, 0.813380 / 3.966911, -2.213158, 0.813380 / 3.966911, -2.213158, 0.813380; 1, 19, 1, 0; 0.921855871608; 1, 0, 1; 1, 0, 0; 3, 1, 2 / 4, 9, 0 ;
0,167; 3.956652, -2.210056, 0.819031 / 3.956652, -2.210056, 0.819031 / 3.956652, -2.210056, 0.819031; 1, 19, 1, 0; 0.921867390946; 1, 0, 1; 1, 0, 0; 3, 1, 2 ;
1,168; 2.91122, -1.7522, 0.0810674 / 2.91122, -1.7522, 0.0810674 / 2.91122, -1.7522, 0.0810674; 1, 15, 1, 0; 0.604293844563; 1, 0, 1; 1, 0, 0; 2, 1, 2 ;
1,170; 0.636793, -3.89354, 0.186429 / 0.636793, -3.89354, 0.186429 / 0.636793, -3.89354, 0.186429; 1, 15, 1, 0; 0.909472395900; 1, 0, 1; 0, 1, 0; 1, 1, 2 ;
0,170; 0.642046, -3.888639, 0.189299 / 0.642046, -3.888639, 0.189299 / 0.642046, -3.888639, 0.189299; 1, 15, 1, 0; 0.909483305473; 1, 0, 1; 0, 1, 0; 1, 1, 2 / 1, 4, 0 ;
0,170; 0.639421, -3.886029, 0.187619 / 0.639421, -3.886029, 0.187619 / 0.639421, -3.886029, 0.187619; 1, 15, 1, 0; 0.909483472901; 0, 1, 0; 0, 1, 0; 1, 1, 1 ;
0,170; 0.643331, -3.899219, 0.183503 / 0.643331, -3.899219, 0.183503 / 0.643331, -3.899219, 0.183503; 1, 15, 1, 0; 0.909470306406; 1, 0, 1; 1, 0, 0; 3, 1, 2 ;
0,170; 0.639427, -3.891648, 0.192894 / 0.639427, -3.891648, 0.192894 / 0.639427, -3.891648, 0.192894; 1, 15, 1, 0; 0.909471752979; 1, 0, 1; 1, 0, 0; 3, 1, 2 ;
0,170; 0.632303, -3.895912, 0.184562 / 0.632303, -3.895912, 0.184562 / 0.632303, -3.895912, 0.184562; 1, 15, 1, 0; 0.909473474133; 1, 0, 1; 1, 0, 0; 2, 1, 2 ;
0,170; 0.630029, -3.884500, 0.183088 / 0.630029, -3.884500, 0.183088 / 0.630029, -3.884500, 0.183088; 1, 15, 1, 0; 0.909486258894; 1, 0, 1; 1, 0, 0; 3, 1, 2 ;
0,170; 0.668531, -3.895592, 0.204557 / 0.668531, -3.895592, 0.204557 / 0.668531, -3.895592, 0.204557; 1, 15, 1, 0; 0.910151327633; 1, 0, 1; 1, 0, 0; 3, 1, 2 ;
0,170; 0.525376, -3.777999, 0.406414 / 0.525376, -3.777999, 0.406414 / 0.525376, -3.777999, 0.406414; 1, 18, 1, 0; 0.143613380146; 0, 1, 0; 0, 1, 0; 4, 1, 1 ;
1,171; 1.52916, 2.43992, -0.106569 / 1.52949, 2.44039, -0.105757 / 1.52882, 2.43945, -0.107381; 1, 20, 1, 0; 0.033676476543; 2, 2, 2; 2, 2, 1; 1, 1, 1 / 3, 6, 1 / 3, 7, 2 / 4, 6, 2 ;
0,171; 1.527808, 2.444273, -0.102943 / 1.527824, 2.445391, -0.102522 / 1.527791, 2.443155, -0.103364; 1, 20, 1, 0; 0.033689760299; 2, 1, 1; 2, 0, 0; 3, 1, 2 / 3, 10, 1 ;
0,171; 1.529017, 2.438847, -0.109908 / 1.529017, 2.438847, -0.109908 / 1.529017, 2.438847, -0.109908; 1, 20, 1, 0; 0.033676592243; 1, 0, 1; 1, 0, 0; 2, 1, 2 ;
0,171; 1.528076, 2.445854, -0.103052 / 1.528327, 2.446317, -0.102740 / 1.527824, 2.445391, -0.103364; 1, 20, 1, 0; 0.033689825380; 0, 1, 0; 2, 0, 0; 2, 5, 1 / 3, 1, 1 ;
0,171; 0.599371, 1.232526, 1.163167 / 0.599371, 1.232526, 1.163167 / 0.599371, 1.232526, 1.163167; 1, 25, 1, 0; 0.749051227980; 0, 1, 0; 1, 0, 0; 2, 1, 1 ;
0,171; 1.141244, 1.933929, 0.397977 / 1.141244, 1.933929, 0.397977 / 1.141244, 1.933929, 0.397977; 1, 26, 1, 0; 0.002490009001; 1, 0, 1; 1, 0, 0; 3, 1, 2 ;
1,172; -1.4068, -3.35624, -1.18194 / -1.4068, -3.35624, -1.18194 / -1.4068, -3.35624, -1.18194; 1, 9, 1, 0; 0.310331017047; 1, 0, 1; 1, 0, 0; 2, 1, 2 ;
0,172; -1.308889, -2.226621, -0.107722 / -1.308889, -2.226621, -0.107722 / -1.308889, -2.226621, -0.107722; 1, 10, 1, 0; 0.916348555727; 1, 0, 1; 1, 0, 0; 3, 1, 2 ;
0,172; -1.328281, -1.957383, 0.173510 / -1.328281, -1.957383, 0.173510 / -1.328281, -1.957383, 0.173510; 1, 16, 1, 0; 0.927543544533; 1, 0, 1; 1, 0, 0; 2, 1, 2 ;
0,172; -1.413445, -0.781631, 1.472232 / -1.413227, -0.781483, 1.472735 / -1.413662, -0.781779, 1.471729; 1, 23, 1, 0; 0.855318275670; 1, 0, 2; 1, 1, 0; 1, 1, 2 / 2, 3, 2 ;
0,172; -1.445807, -0.537344, 1.753236 / -1.445807, -0.537344, 1.753236 / -1.445807, -0.537344, 1.753236; 1, 30, 1, 0; 0.225924667142; 1, 0, 1; 1, 0, 0; 1, 9, 0 / 2, 7, 0 / 2, 9, 0 / 3, 1, 2 ;
1,173; -0.977066, -0.662743, -2.58233 / -0.976809, -0.662707, -2.58219 / -0.977322, -0.662779, -2.58246; 1, 2, 1, 0; 0.985787767895; 1, 0, 2; 1, 1, 0; 1, 3, 2 / 2, 1, 2 / 4, 7, 0 ;
0,173; -0.823366, -0.681529, -2.294853 / -0.823366, -0.681529, -2.294853 / -0.823366, -0.681529, -2.294853; 1, 4, 1, 0; 0.505288087783; 1, 0, 1; 1, 0, 0; 2, 1, 2 ;
0,173; 1.069743, -0.330165, 2.409899 / 1.069743, -0.330165, 2.409899 / 1.069743, -0.330165, 2.409899; 1, 31, 1, 0; 0.962257773841; 0, 1, 0; 1, 0, 0; 3, 1, 1 ;
1,174; -1.35274, -1.83354, -2.33207 / -1.35274, -1.83354, -2.33207 / -1.35274, -1.83354, -2.33207; 1, 5, 1, 0; 0.491161481904; 1, 0, 1; 1, 0, 0; 2, 1, 2 ;
1,176; -2.82545, 1.64882, -0.718751 / -2.82545, 1.64882, -0.718751 / -2.82545, 1.64882, -0.718751; 1, 7, 1, 0; 0.958230079128; 1, 0, 1; 1, 0, 0; 3, 1, 2 ;
0,176; -2.824286, 1.646320, -0.717689 / -2.824286, 1.646320, -0.717689 / -2.824286, 1.646320, -0.717689; 1, 7, 1, 0; 0.958230677422; 1, 0, 1; 1, 0, 0; 3, 1, 2 ;
0,176; -2.828140, 1.646812, -0.712037 / -2.828140, 1.646812, -0.712037 / -2.828140, 1.646812, -0.712037; 1, 7, 1, 0; 0.958239411484; 1, 0, 1; 1, 0, 0; 2, 1, 2 ;
0,176; -2.097712, 3.120239, -0.305052 / -2.097712, 3.120239, -0.305052 / -2.097712, 3.120239, -0.305052; 1, 14, 1, 0; 0.601062513003; 1, 0, 1; 1, 0, 0; 2, 1, 2 / 3, 3, 0 ;
1,177; -0.991039, -2.693, -2.65552 / -0.990869, -2.6926, -2.65503 / -0.991209, -2.6934, -2.656; 1, 5, 1, 0; 0.271760393295; 2, 1, 1; 1, 1, 0; 3, 1, 2 / 4, 4, 1 ;
0,177; -0.989873, -2.695568, -2.655200 / -0.989873, -2.695568, -2.655200 / -0.989873, -2.695568, -2.655200; 1, 5, 1, 0; 0.271759819879; 1, 0, 1; 0, 1, 0; 4, 1, 2 ;
0,177; -0.995204, -2.688697, -2.660270 / -0.995204, -2.688697, -2.660270 / -0.995204, -2.688697, -2.660270; 1, 5, 1, 0; 0.271761064731; 1, 0, 1; 1, 0, 0; 1, 6, 0 / 3, 1, 2 ;
0,177; -0.988741, -2.705502, -2.649989 / -0.988741, -2.705502, -2.649989 / -0.988741, -2.705502, -2.649989; 1, 5, 1, 0; 0.271768136867; 1, 0, 1; 1, 0, 0; 3, 1, 2 ;
0,177; -0.997918, -2.691652, -2.649409 / -0.997918, -2.691652, -2.649409 / -0.997918, -2.691652, -2.649409; 1, 5, 1, 0; 0.271769695384; 1, 0, 1; 1, 0, 0; 2, 1, 2 ;
1,178; 3.43668, 2.52868, -0.442241 / 3.43682, 2.52877, -0.442066 / 3.43654, 2.52859, -0.442417; 1, 13, 1, 0; 0.519874529601; 2, 1, 1; 0, 2, 0; 1, 1, 1 / 1, 2, 2 ;
0,178; 3.551173, 2.702780, -0.568395 / 3.551173, 2.702780, -0.568395 / 3.551173, 2.702780, -0.568395; 1, 13, 1, 0; 0.520743337482; 1, 0, 1; 0, 1, 0; 1, 1, 2 ;
0,178; 3.438828, 2.531165, -0.443893 / 3.438828, 2.531165, -0.443893 / 3.438828, 2.531165, -0.443893; 1, 13, 1, 0; 0.519874400346; 0, 1, 0; 1, 0, 0; 3, 1, 1 ;
0,178; 3.550497, 2.703042, -0.571770 / 3.550497, 2.703042, -0.571770 / 3.550497, 2.703042, -0.571770; 1, 13, 1, 0; 0.520743214381; 1, 0, 1; 1, 0, 0; 2, 1, 2 ;
0,178; 1.629310, -0.529280, 1.393773 / 1.629310, -0.529280, 1.393773 / 1.629310, -0.529280, 1.393773; 1, 26, 1, 0; 0.998741185547; 1, 0, 1; 1, 0, 0; 2, 1, 2 ;
0,178; -0.340851, -3.276850, 2.395934 / -0.340851, -3.276850, 2.395934 / -0.340851, -3.276850, 2.395934; 1, 32, 1, 0; 0.802680747047; 1, 0, 1; 1, 0, 0; 2, 1, 2 ;
1,179; 1.97123, -1.26051, 2.05601 / 1.97123, -1.26051, 2.05601 / 1.97123, -1.26051, 2.05601; 1, 33, 1, 0; 0.232318388301; 1, 0, 1; 1, 0, 0; 2, 1, 2 ;
0,179; 1.972421, -1.258124, 2.054522 / 1.972421, -1.258124, 2.054522 / 1.972421, -1.258124, 2.054522; 1, 33, 1, 0; 0.232318700124; 1, 0, 1; 1, 0, 0; 3, 1, 2 ;
0,179; 1.710145, -0.911689, 2.265511 / 1.710145, -0.911689, 2.265511 / 1.710145, -0.911689, 2.265511; 1, 34, 1, 0; 0.080602478615; 1, 0, 1; 0, 1, 0; 1, 1, 2 ;
1,180; 0.531384, -0.548777, -3.28864 / 0.531384, -0.548777, -3.28864 / 0.531384, -0.548777, -3.28864; 1, 2, 1, 0; 0.438360004145; 1, 0, 1; 0, 1, 0; 1, 1, 2 ;
0,180; 0.374791, 0.220052, -2.939066 / 0.374791, 0.220052, -2.939066 / 0.374791, 0.220052, -2.939066; 1, 2, 1, 0; 0.559427042297; 1, 0, 1; 0, 1, 0; 4, 1, 2 ;
0,180; 0.350482, 0.432760, -2.873757 / 0.350482, 0.432760, -2.873757 / 0.350482, 0.432760, -2.873757; 1, 2, 1, 0; 0.604651839705; 1, 0, 1; 1, 0, 0; 2, 1, 2 ;
0,180; 0.062776, 1.907273, -2.327958 / 0.062776, 1.907273, -2.327958 / 0.062776, 1.907273, -2.327958; 1, 4, 1, 0; 0.332211281568; 1, 0, 1; 1, 0, 0; 3, 1, 2 ;
0,180; 0.059392, 1.903952, -2.328172 / 0.059392, 1.903952, -2.328172 / 0.059392, 1.903952, -2.328172; 1, 4, 1, 0; 0.332211958558; 1, 0, 1; 1, 0, 0; 2, 1, 2 / 4, 6, 0 ;
0,180; -0.501410, 4.029263, -1.210589 / -0.501410, 4.029263, -1.210589 / -0.501410, 4.029263, -1.210589; 1, 7, 1, 0; 0.839897098635; 1, 0, 1; 0, 1, 0; 1, 1, 2 / 1, 7, 0 ;
0,180; -0.517925, 4.068873, -1.187632 / -0.517925, 4.068873, -1.187632 / -0.517925, 4.068873, -1.187632; 1, 7, 1, 0; 0.840167869901; 1, 0, 1; 0, 1, 0; 4, 1, 2 ;
1,182; 1.77616, 1.91777, -0.75372 / 1.77621, 1.91778, -0.753468 / 1.7761, 1.91777, -0.753972; 1, 12, 1, 0; 0.289514626047; 2, 1, 1; 1, 1, 0; 1, 5, 0 / 3, 1, 2 / 4, 1, 1 ;
1,184; 1.99294, -0.988966, -1.26234 / 1.99304, -0.988366, -1.26193 / 1.99284, -0.989567, -1.26275; 1, 8, 1, 0; 0.745958394569; 0, 2, 0; 0, 2, 0; 2, 6, 0 / 4, 1, 1 / 4, 3, 1 ;
0,184; 1.989774, -0.987469, -1.247625 / 1.989888, -0.986837, -1.247383 / 1.989661, -0.988102, -1.247866; 1, 8, 1, 0; 0.745961386036; 1, 0, 2; 1, 1, 0; 2, 7, 2 / 4, 1, 2 ;
0,184; 1.989012, -0.989166, -1.266517 / 1.989012, -0.989166, -1.266517 / 1.989012, -0.989166, -1.266517; 1, 8, 1, 0; 0.745957550822; 1, 0, 1; 1, 0, 0; 3, 1, 2 ;
0,184; 1.989578, -0.975486, -1.248905 / 1.989578, -0.975486, -1.248905 / 1.989578, -0.975486, -1.248905; 1, 8, 1, 0; 0.745970559870; 1, 0, 1; 1, 0, 0; 3, 1, 2 ;
0,184; 2.030378, -1.012195, -0.859399 / 2.030378, -1.012195, -0.859399 / 2.030378, -1.012195, -0.859399; 1, 12, 1, 0; 0.554448911257; 1, 0, 1; 1, 0, 0; 3, 1, 2 / 4, 2, 0 ;
0,184; 2.056260, -1.027472, -0.502904 / 2.056260, -1.027472, -0.502904 / 2.056260, -1.027472, -0.502904; 1, 12, 1, 0; 0.717173102539; 1, 0, 1; 1, 0, 0; 2, 1, 2 ;
0,184; 1.868454, -0.302496, 2.300387 / 1.868727, -0.302304, 2.300811 / 1.868181, -0.302688, 2.299963; 1, 28, 1, 0; 0.906931521835; 0, 3, 0; 2, 1, 0; 2, 1, 1 / 3, 5, 1 / 4, 5, 1 ;
0,184; 1.920189, -0.390278, 2.330651 / 1.920270, -0.390013, 2.330680 / 1.920108, -0.390543, 2.330621; 1, 28, 1, 0; 0.857118611136; 2, 1, 1; 1, 1, 0; 1, 5, 2 / 3, 1, 1 ;
0,184; 1.918558, -0.387918, 2.330243 / 1.918558, -0.387918, 2.330243 / 1.918558, -0.387918, 2.330243; 1, 28, 1, 0; 0.857118463800; 1, 0, 1; 0, 1, 0; 1, 1, 2 ;
0,184; 1.867117, -0.297331, 2.296004 / 1.867117, -0.297331, 2.296004 / 1.867117, -0.297331, 2.296004; 1, 28, 1, 0; 0.906915793700; 1, 0, 1; 0, 1, 0; 1, 6, 0 / 4, 1, 2 / 4, 2, 0 ;
0,184; 1.923648, -0.396033, 2.318471 / 1.923648, -0.396033, 2.318471 / 1.923648, -0.396033, 2.318471; 1, 28, 1, 0; 0.857103463136; 1, 0, 1; 1, 0, 0; 3, 1, 2 ;
0,184; 1.864081, -0.298634, 2.296907 / 1.864081, -0.298634, 2.296907 / 1.864081, -0.298634, 2.296907; 1, 28, 1, 0; 0.906915931828; 0, 1, 0; 1, 0, 0; 2, 1, 1 ;
1,185; 4.15732, 1.20804, -0.0513348 / 4.15735, 1.20819, -0.0512499 / 4.15728, 1.20788, -0.0514197; 1, 13, 1, 0; 0.869263820824; 2, 1, 1; 1, 1, 0; 1, 6, 2 / 3, 1, 1 ;
0,185; 4.150756, 1.211136, -0.058754 / 4.150756, 1.211136, -0.058754 / 4.150756, 1.211136, -0.058754; 1, 13, 1, 0; 0.869253818892; 1, 0, 1; 1, 0, 0; 2, 4, 0 / 2, 5, 0 / 3, 1, 2 / 3, 9, 0 / 4, 8, 0 ;
1,187; -0.368565, 3.17165, -2.92067 / -0.368527, 3.17183, -2.92042 / -0.368602, 3.17146, -2.92091; 1, 2, 1, 0; 0.818344186768; 1, 0, 1; 1, 1, 0; 1, 6, 0 / 3, 1, 3 / 4, 1, 2 / 4, 2, 0 ;
0,187; -0.599105, 2.318371, -1.970862 / -0.599105, 2.318371, -1.970862 / -0.599105, 2.318371, -1.970862; 1, 4, 1, 0; 0.781440245490; 1, 0, 1; 1, 0, 0; 2, 1, 2 ;
0,187; -1.024217, 0.510783, 0.399230 / -1.024217, 0.510783, 0.399230 / -1.024217, 0.510783, 0.399230; 1, 17, 1, 0; 0.755816950250; 1, 0, 1; 0, 1, 0; 4, 1, 2 ;
0,187; -1.067419, 0.356546, 0.677455 / -1.067419, 0.356546, 0.677455 / -1.067419, 0.356546, 0.677455; 1, 23, 1, 0; 0.170192580834; 1, 0, 1; 1, 0, 0; 3, 1, 2 ;
1,188; -0.937296, -0.957756, 1.4953 / -0.937296, -0.957756, 1.4953 / -0.937296, -0.957756, 1.4953; 1, 23, 1, 0; 0.912223798735; 1, 0, 1; 0, 1, 0; 1, 1, 2 ;
0,188; -0.650757, -1.096127, 1.402838 / -0.650757, -1.096127, 1.402838 / -0.650757, -1.096127, 1.402838; 1, 23, 1, 0; 0.908317541114; 1, 0, 1; 1, 0, 0; 3, 1, 2 ;
0,188; -2.229455, -0.220100, 1.708768 / -2.229455, -0.220100, 1.708768 / -2.229455, -0.220100, 1.708768; 1, 24, 1, 0; 0.795389942935; 0, 1, 0; 0, 1, 0; 1, 1, 1 ;
1,189; 0.438645, -0.456419, -4.03293 / 0.439124, -0.455918, -4.03242 / 0.438167, -0.45692, -4.03343; 1, 1, 1, 0; 0.224595452474; 0, 2, 0; 0, 2, 1; 1, 3, 1 / 2, 3, 0 / 2, 10, 0 / 4, 1, 1 ;
0,189; 0.253128, -0.223947, -4.106193 / 0.253185, -0.223737, -4.106184 / 0.253070, -0.224156, -4.106201; 1, 1, 1, 0; 0.199244729123; 0, 2, 0; 1, 1, 0; 1, 1, 1 / 2, 1, 1 ;
0,189; 0.466701, -0.411938, -3.979625 / 0.466701, -0.411938, -3.979625 / 0.466701, -0.411938, -3.979625; 1, 1, 1, 0; 0.445367988381; 1, 0, 1; 1, 0, 0; 2, 1, 2 ;
1,190; 1.3737, -0.365655, -0.959035 / 1.37394, -0.36536, -0.958648 / 1.37346, -0.36595, -0.959421; 1, 11, 1, 0; 0.664783624687; 2, 1, 1; 0, 2, 1; 1, 7, 1 / 4, 1, 2 ;
0,190; 1.844110, 1.067935, -1.343302 / 1.844110, 1.067935, -1.343302 / 1.844110, 1.067935, -1.343302; 1, 11, 1, 0; 0.297977861240; 0, 1, 0; 1, 0, 0; 1, 4, 0 / 1, 6, 0 / 3, 1, 1 / 3, 7, 0 / 4, 5, 0 ;
0,190; 1.843125, 1.065842, -1.341735 / 1.843125, 1.065842, -1.341735 / 1.843125, 1.065842, -1.341735; 1, 11, 1, 0; 0.297977998563; 1, 0, 1; 1, 0, 0; 2, 1, 2 ;
0,190; 1.369776, -0.370495, -0.959204 / 1.369776, -0.370495, -0.959204 / 1.369776, -0.370495, -0.959204; 1, 11, 1, 0; 0.664772930656; 1, 0, 1; 1, 0, 0; 3, 1, 2 ;
0,190; 0.933385, -1.520155, -0.567613 / 0.934314, -1.519715, -0.567520 / 0.932456, -1.520595, -0.567707; 1, 12, 1, 0; 0.706664778475; 2, 1, 2; 2, 1, 0; 1, 10, 0 / 2, 2, 2 / 3, 1, 2 / 3, 2, 0 / 4, 5, 0 / 4, 6, 1 ;
0,190; 0.555109, -3.461714, 0.191137 / 0.555109, -3.461714, 0.191137 / 0.555109, -3.461714, 0.191137; 1, 15, 1, 0; 0.882169357561; 0, 0, 0; 1, 0, 0; 2, 1, 3 ;
0,190; 0.556718, -3.454309, 0.189289 / 0.556718, -3.454309, 0.189289 / 0.556718, -3.454309, 0.189289; 1, 15, 1, 0; 0.882171246142; 1, 0, 1; 1, 0, 0; 2, 1, 2 ;
1,191; 0.934571, -2.35221, -3.21727 / 0.934571, -2.35221, -3.21727 / 0.934571, -2.35221, -3.21727; 1, 3, 1, 0; 0.077153632579; 1, 0, 1; 1, 0, 0; 2, 1, 2 ;
1,193; 2.69835, -1.0219, 0.470229 / 2.69835, -1.0219, 0.470229 / 2.69835, -1.0219, 0.470229; 1, 19, 1, 0; 0.476964462879; 1, 0, 1; 0, 1, 0; 1, 1, 2 ;
1,194; 1.34197, 0.0144846, -0.304488 / 1.34197, 0.0144846, -0.304488 / 1.34197, 0.0144846, -0.304488; 1, 16, 1, 0; 0.506232379934; 1, 0, 1; 0, 1, 0; 4, 1, 2 ;
0,194; 2.997904, 3.137409, -0.180387 / 2.998423, 3.137765, -0.180043 / 2.997385, 3.137052, -0.180731; 1, 20, 1, 0; 0.098970859619; 1, 0, 2; 1, 1, 0; 3, 3, 2 / 4, 1, 2 ;
1,195; 3.44813, 0.319464, -2.45408 / 3.44813, 0.319464, -2.45408 / 3.44813, 0.319464, -2.45408; 1, 4, 1, 0; 0.458485281495; 1, 0, 1; 1, 0, 0; 3, 1, 2 ;
0,195; 3.233807, -0.490378, -1.283344 / 3.233807, -0.490378, -1.283344 / 3.233807, -0.490378, -1.283344; 1, 11, 1, 0; 0.458388474250; 0, 1, 0; 0, 1, 0; 4, 1, 1 ;
0,195; 3.002032, -1.012713, -0.188348 / 3.002668, -1.012057, -0.187449 / 3.001396, -1.013369, -0.189247; 1, 16, 1, 0; 0.356467662391; 1, 0, 2; 2, 0, 0; 1, 6, 0 / 2, 10, 2 / 3, 1, 2 ;
0,195; 2.992253, -1.018152, -0.190763 / 2.992253, -1.018152, -0.190763 / 2.992253, -1.018152, -0.190763; 1, 16, 1, 0; 0.356464869701; 1, 0, 1; 1, 0, 0; 2, 1, 2 ;
0,195; 3.001090, -1.011985, -0.182386 / 3.001090, -1.011985, -0.182386 / 3.001090, -1.011985, -0.182386; 1, 16, 1, 0; 0.356479509558; 1, 0, 1; 1, 0, 0; 2, 1, 2 ;
1,196; 1.55778, 1.87717, -2.66877 / 1.55794, 1.87728, -2.66828 / 1.55762, 1.87705, -2.66925; 1, 4, 1, 0; 0.111396321683; 2, 1, 1; 2, 0, 0; 2, 6, 1 / 3, 1, 2 ;
0,196; 1.565645, 1.890541, -2.682028 / 1.565645, 1.890541, -2.682028 / 1.565645, 1.890541, -2.682028; 1, 4, 1, 0; 0.111390643826; 1, 0, 1; 1, 0, 0; 2, 1, 2 ;
0,196; 0.853643, 0.605732, -1.423223 / 0.853643, 0.605732, -1.423223 / 0.853643, 0.605732, -1.423223; 1, 11, 1, 0; 0.363932376421; 1, 0, 1; 1, 0, 0; 3, 1, 2 ;
0,196; 0.391600, -0.045072, -0.764647 / 0.391600, -0.045072, -0.764647 / 0.391600, -0.045072, -0.764647; 1, 16, 1, 0; 0.081214398226; 1, 0, 1; 0, 1, 0; 4, 1, 2 ;
0,196; -0.562357, -1.388376, 0.539569 / -0.562060, -1.387678, 0.539571 / -0.562654, -1.389073, 0.539568; 1, 23, 1, 0; 0.013743472869; 1, 0, 2; 1, 1, 0; 2, 2, 2 / 4, 1, 2 ;
0,196; -1.249138, -3.268874, 2.407672 / -1.249138, -3.268874, 2.407672 / -1.249138, -3.268874, 2.407672; 1, 32, 1, 0; 0.816728542347; 1, 0, 1; 0, 1, 0; 1, 1, 2 ;
0,196; -1.332489, -3.488771, 2.580675 / -1.331957, -3.488516, 2.581147 / -1.333022, -3.489025, 2.580202; 1, 36, 1, 0; 0.773071483963; 2, 1, 2; 2, 1, 0; 1, 4, 2 / 2, 1, 1 / 2, 2, 2 ;
0,196; -1.336605, -3.490623, 2.581603 / -1.335915, -3.490100, 2.582209 / -1.337295, -3.491145, 2.580997; 1, 36, 1, 0; 0.773069332694; 1, 0, 2; 1, 1, 0; 1, 1, 2 / 3, 7, 2 / 4, 7, 0 ;
0,196; -1.324356, -3.482089, 2.578297 / -1.324356, -3.482089, 2.578297 / -1.324356, -3.482089, 2.578297; 1, 36, 1, 0; 0.773074408143; 0, 1, 0; 0, 1, 0; 1, 1, 1 ;
0,196; -1.296692, -3.475334, 2.601248 / -1.296692, -3.475334, 2.601248 / -1.296692, -3.475334, 2.601248; 1, 36, 1, 0; 0.773234220378; 1, 0, 1; 0, 1, 0; 4, 1, 2 ;
0,196; -1.328788, -3.485534, 2.584676 / -1.328788, -3.485534, 2.584676 / -1.328788, -3.485534, 2.584676; 1, 36, 1, 0; 0.773073338950; 1, 0, 1; 1, 0, 0; 3, 1, 2 ;
