1,1; -3.76935, 0.881999, -2.25213 / -3.76902, 0.882005, -2.25161 / -3.76968, 0.881994, -2.25265; 1, 6, 1, 0; 0.256825816677; 2, 1, 1; 1, 1, 0; 1, 1, 1 / 3, 3, 2 ;
0,1; -2.573729, 1.647763, -0.204301 / -2.573729, 1.647763, -0.204301 / -2.573729, 1.647763, -0.204301; 1, 14, 1, 0; 0.495255698640; 1, 0, 1; 1, 0, 0; 2, 1, 2 ;
0,1; -1.128432, 2.487534, 1.889277 / -1.128432, 2.487534, 1.889277 / -1.128432, 2.487534, 1.889277; 1, 29, 1, 0; 0.707405412619; 1, 0, 1; 1, 0, 0; 2, 1, 2 ;
1,2; -2.66613, 3.08503, 2.02492 / -2.66613, 3.08503, 2.02492 / -2.66613, 3.08503, 2.02492; 1, 29, 1, 0; 0.673124461797; 1, 0, 1; 1, 0, 0; 2, 5, 0 / 3, 1, 2 ;
0,2; -1.946580, 0.139190, 2.296552 / -1.945623, 0.139301, 2.296614 / -1.947537, 0.139079, 2.296490; 1, 36, 1, 0; 0.283072256874; 2, 1, 1; 0, 2, 0; 1, 8, 0 / 4, 1, 2 / 4, 8, 1 ;
0,2; -1.948023, 0.138579, 2.294411 / -1.948023, 0.138579, 2.294411 / -1.948023, 0.138579, 2.294411; 1, 36, 1, 0; 0.283070814107; 1, 0, 1; 1, 0, 0; 2, 1, 2 ;
0,2; -1.950628, 0.136212, 2.301819 / -1.950628, 0.136212, 2.301819 / -1.950628, 0.136212, 2.301819; 1, 36, 1, 0; 0.283074704426; 1, 0, 1; 1, 0, 0; 3, 1, 2 ;
1,5; -0.57347, 1.70919, -3.49869 / -0.57347, 1.70919, -3.49869 / -0.57347, 1.70919, -3.49869; 1, 2, 1, 0; 0.076149854918; 1, 0, 1; 1, 0, 0; 3, 1, 2 ;
0,5; -2.082774, 1.652508, -1.085776 / -2.082774, 1.652508, -1.085776 / -2.082774, 1.652508, -1.085776; 1, 7, 1, 0; 0.578426636435; 0, 1, 0; 0, 1, 0; 1, 1, 1 ;
0,5; -3.195790, 1.607757, 0.743763 / -3.195790, 1.607757, 0.743763 / -3.195790, 1.607757, 0.743763; 1, 24, 1, 0; 0.173246982334; 1, 0, 1; 0, 1, 0; 1, 1, 2 ;
0,5; -3.194135, 1.605641, 0.735927 / -3.194135, 1.605641, 0.735927 / -3.194135, 1.605641, 0.735927; 1, 24, 1, 0; 0.173233022810; 1, 0, 1; 1, 0, 0; 1, 7, 0 / 3, 1, 2 ;
0,5; -3.200013, 1.609098, 0.738926 / -3.200013, 1.609098, 0.738926 / -3.200013, 1.609098, 0.738926; 1, 24, 1, 0; 0.173233288846; 1, 0, 1; 1, 0, 0; 3, 1, 2 ;
0,5; -3.195235, 1.610467, 0.739558 / -3.195235, 1.610467, 0.739558 / -3.195235, 1.610467, 0.739558; 1, 24, 1, 0; 0.173234079566; 1, 0, 1; 1, 0, 0; 2, 1, 2 / 2, 7, 0 / 3, 4, 0 ;
1,6; 2.85579, -2.73629, -0.187049 / 2.85659, -2.73579, -0.186554 / 2.85498, -2.73679, -0.187544; 1, 15, 1, 0; 0.412883536121; 2, 2, 1; 0, 3, 1; 1, 3, 2 / 4, 1, 1 / 4, 4, 1 / 4, 8, 0 ;
0,6; 2.930950, -2.716417, -0.263275 / 2.931585, -2.716044, -0.262459 / 2.930316, -2.716790, -0.264091; 1, 15, 1, 0; 0.412789127127; 1, 0, 2; 0, 2, 0; 1, 1, 2 / 1, 6, 2 ;
0,6; 2.918383, -2.717713, -0.252121 / 2.918431, -2.717563, -0.251989 / 2.918336, -2.717862, -0.252253; 1, 15, 1, 0; 0.412802367290; 2, 1, 1; 1, 1, 0; 1, 1, 2 / 2, 1, 1 ;
0,6; 2.913260, -2.721505, -0.248008 / 2.913260, -2.721505, -0.248008 / 2.913260, -2.721505, -0.248008; 1, 15, 1, 0; 0.412803653133; 1, 0, 1; 1, 0, 0; 3, 1, 2 ;
0,6; 2.911302, -2.724567, -0.246307 / 2.911302, -2.724567, -0.246307 / 2.911302, -2.724567, -0.246307; 1, 15, 1, 0; 0.412804517059; 1, 0, 1; 1, 0, 0; 3, 1, 2 ;
1,8; 2.96871, -0.939521, 2.30546 / 2.96903, -0.939354, 2.30558 / 2.96838, -0.939688, 2.30533; 1, 33, 1, 0; 0.322508225879; 2, 1, 1; 2, 0, 0; 2, 1, 2 / 3, 1, 1 ;
0,8; 3.107308, -0.898406, 2.229098 / 3.107650, -0.897959, 2.229452 / 3.106967, -0.898853, 2.228743; 1, 34, 1, 0; 0.053706584944; 2, 1, 1; 0, 2, 1; 1, 8, 2 / 4, 1, 1 ;
0,8; 2.041539, -1.230173, 2.842037 / 2.041539, -1.230173, 2.842037 / 2.041539, -1.230173, 2.842037; 1, 36, 1, 0; 0.804479998351; 0, 1, 0; 0, 1, 0; 4, 1, 1 / 4, 10, 0 ;
0,8; 2.029536, -1.232063, 2.843486 / 2.029536, -1.232063, 2.843486 / 2.029536, -1.232063, 2.843486; 1, 36, 1, 0; 0.804483592387; 1, 0, 1; 1, 0, 0; 3, 1, 2 ;
0,8; -0.340210, -1.723637, 4.270322 / -0.340210, -1.723637, 4.270322 / -0.340210, -1.723637, 4.270322; 1, 46, 1, 0; 0.849282484740; 0, 0, 0; 1, 0, 0; 2, 10, 0 / 3, 1, 3 / 3, 3, 0 ;
1,9; 0.682927, -0.57416, -2.93752 / 0.682963, -0.57413, -2.93721 / 0.682891, -0.574191, -2.93784; 1, 2, 1, 0; 0.500584068234; 2, 1, 1; 1, 1, 0; 1, 1, 1 / 2, 1, 2 / 4, 8, 0 ;
0,9; 0.783090, -0.532430, -2.675940 / 0.783090, -0.532430, -2.675940 / 0.783090, -0.532430, -2.675940; 1, 2, 1, 0; 0.947484281506; 1, 0, 1; 1, 0, 0; 3, 1, 2 ;
0,9; 1.229623, -0.027047, -0.985209 / 1.230054, -0.026503, -0.985014 / 1.229193, -0.027591, -0.985404; 1, 11, 1, 0; 0.703871370667; 1, 0, 2; 2, 0, 0; 2, 1, 2 / 2, 5, 2 ;
0,9; 1.127052, -0.182087, -1.423626 / 1.127052, -0.182087, -1.423626 / 1.127052, -0.182087, -1.423626; 1, 11, 1, 0; 0.438857449545; 1, 0, 1; 1, 0, 0; 2, 1, 2 ;
0,9; 1.370338, 0.282303, -0.081350 / 1.370338, 0.282303, -0.081350 / 1.370338, 0.282303, -0.081350; 1, 16, 1, 0; 0.508282649694; 1, 0, 1; 1, 0, 0; 2, 1, 2 / 3, 3, 0 ;
0,9; 1.363027, 0.284460, -0.085300 / 1.363027, 0.284460, -0.085300 / 1.363027, 0.284460, -0.085300; 1, 16, 1, 0; 0.508284484698; 1, 0, 1; 1, 0, 0; 3, 1, 2 ;
1,11; 2.03864, 3.19491, 1.31596 / 2.03864, 3.19491, 1.31596 / 2.03864, 3.19491, 1.31596; 1, 28, 1, 0; 0.057399535154; 1, 0, 1; 1, 0, 0; 3, 1, 2 ;
0,11; 1.334328, 2.745728, 1.739580 / 1.334328, 2.745728, 1.739580 / 1.334328, 2.745728, 1.739580; 1, 28, 1, 0; 0.326549166077; 1, 0, 1; 1, 0, 0; 2, 1, 2 ;
1,13; 1.71208, -2.45538, -0.544821 / 1.71208, -2.45538, -0.544821 / 1.71208, -2.45538, -0.544821; 1, 12, 1, 0; 0.612197752022; 1, 0, 1; 1, 0, 0; 1, 1, 0 / 2, 1, 2 ;
0,13; -1.220969, 1.423587, 0.714159 / -1.220969, 1.423587, 0.714159 / -1.220969, 1.423587, 0.714159; 1, 25, 1, 0; 0.698500732930; 1, 0, 1; 0, 1, 0; 4, 1, 2 ;
0,13; -1.178943, 1.444100, 0.789041 / -1.178943, 1.444100, 0.789041 / -1.178943, 1.444100, 0.789041; 1, 25, 1, 0; 0.699723158030; 1, 0, 1; 0, 1, 0; 1, 1, 2 ;
0,13; -1.225163, 1.410933, 0.711617 / -1.225163, 1.410933, 0.711617 / -1.225163, 1.410933, 0.711617; 1, 25, 1, 0; 0.698495675282; 1, 0, 1; 1, 0, 0; 2, 1, 2 / 2, 6, 0 ;
0,13; -1.221112, 1.424781, 0.721735 / -1.221112, 1.424781, 0.721735 / -1.221112, 1.424781, 0.721735; 1, 25, 1, 0; 0.698515940165; 1, 0, 1; 1, 0, 0; 2, 1, 2 ;
0,13; -1.218630, 1.433846, 0.737064 / -1.218630, 1.433846, 0.737064 / -1.218630, 1.433846, 0.737064; 1, 25, 1, 0; 0.698531970340; 1, 0, 1; 1, 0, 0; 3, 1, 2 ;
0,13; -1.191019, 1.449802, 0.762858 / -1.191019, 1.449802, 0.762858 / -1.191019, 1.449802, 0.762858; 1, 25, 1, 0; 0.699680999529; 1, 0, 1; 1, 0, 0; 3, 1, 2 ;
0,13; -1.194909, 1.452909, 0.755084 / -1.194909, 1.452909, 0.755084 / -1.194909, 1.452909, 0.755084; 1, 25, 1, 0; 0.699681779607; 1, 0, 1; 1, 0, 0; 2, 1, 2 / 2, 8, 0 / 2, 9, 0 / 3, 9, 0 ;
0,13; -1.189775, 1.447179, 0.774542 / -1.189775, 1.447179, 0.774542 / -1.189775, 1.447179, 0.774542; 1, 25, 1, 0; 0.699695340963; 1, 0, 1; 1, 0, 0; 3, 1, 2 ;
0,13; -1.192009, 1.449090, 0.775291 / -1.192009, 1.449090, 0.775291 / -1.192009, 1.449090, 0.775291; 1, 25, 1, 0; 0.699696412498; 1, 0, 1; 1, 0, 0; 3, 1, 2 ;
0,13; -1.195273, 1.452022, 0.767786 / -1.195273, 1.452022, 0.767786 / -1.195273, 1.452022, 0.767786; 1, 25, 1, 0; 0.699697089709; 1, 0, 1; 1, 0, 0; 3, 1, 2 ;
0,13; -1.188077, 1.443760, 0.777377 / -1.188077, 1.443760, 0.777377 / -1.188077, 1.443760, 0.777377; 1, 25, 1, 0; 0.699710111011; 1, 0, 1; 1, 0, 0; 2, 1, 2 ;
0,13; -1.187872, 1.445901, 0.778622 / -1.187872, 1.445901, 0.778622 / -1.187872, 1.445901, 0.778622; 1, 25, 1, 0; 0.699710308174; 1, 0, 1; 1, 0, 0; 3, 1, 2 ;
1,14; -0.824333, 1.17882, -4.13625 / -0.824333, 1.17882, -4.13625 / -0.824333, 1.17882, -4.13625; 1, 1, 1, 0; 0.118452202962; 1, 0, 1; 0, 1, 0; 4, 1, 2 ;
0,14; -0.726250, 0.898195, -3.884572 / -0.726250, 0.898195, -3.884572 / -0.726250, 0.898195, -3.884572; 1, 1, 1, 0; 0.540186327837; 1, 0, 1; 0, 1, 0; 4, 1, 2 ;
0,14; -0.027903, -2.181841, -1.662240 / -0.027903, -2.181841, -1.662240 / -0.027903, -2.181841, -1.662240; 1, 8, 1, 0; 0.281942822575; 1, 0, 1; 0, 1, 0; 1, 1, 2 ;
0,14; -0.011277, -2.176879, -1.657781 / -0.011277, -2.176879, -1.657781 / -0.011277, -2.176879, -1.657781; 1, 8, 1, 0; 0.281945895860; 0, 0, 0; 0, 1, 0; 4, 1, 3 ;
0,14; -0.030565, -2.183942, -1.658138 / -0.030565, -2.183942, -1.658138 / -0.030565, -2.183942, -1.658138; 1, 8, 1, 0; 0.281951658909; 1, 0, 1; 0, 1, 0; 4, 1, 2 / 4, 10, 0 ;
0,14; -0.004779, -2.176268, -1.653032 / -0.004779, -2.176268, -1.653032 / -0.004779, -2.176268, -1.653032; 1, 8, 1, 0; 0.281955381624; 1, 0, 1; 0, 1, 0; 4, 1, 2 ;
0,14; -0.031095, -2.188349, -1.649828 / -0.030203, -2.187203, -1.649715 / -0.031987, -2.189496, -1.649941; 1, 8, 1, 0; 0.281951168002; 0, 2, 0; 2, 0, 0; 3, 1, 1 / 3, 8, 1 ;
0,14; -0.024643, -2.179180, -1.653765 / -0.024454, -2.179064, -1.652663 / -0.024832, -2.179297, -1.654868; 1, 8, 1, 0; 0.281952502657; 1, 0, 2; 2, 0, 0; 2, 1, 2 / 3, 10, 2 ;
0,14; -0.023987, -2.172759, -1.668345 / -0.023987, -2.172759, -1.668345 / -0.023987, -2.172759, -1.668345; 1, 8, 1, 0; 0.281944029389; 1, 0, 1; 1, 0, 0; 3, 1, 2 ;
0,14; -0.011119, -2.181177, -1.658710 / -0.011119, -2.181177, -1.658710 / -0.011119, -2.181177, -1.658710; 1, 8, 1, 0; 0.281946478813; 1, 0, 1; 1, 0, 0; 3, 1, 2 ;
0,14; -0.033911, -2.189281, -1.652473 / -0.033911, -2.189281, -1.652473 / -0.033911, -2.189281, -1.652473; 1, 8, 1, 0; 0.281951270274; 1, 0, 1; 1, 0, 0; 3, 1, 2 ;
0,14; -0.026056, -2.182328, -1.654195 / -0.026056, -2.182328, -1.654195 / -0.026056, -2.182328, -1.654195; 1, 8, 1, 0; 0.281951894136; 1, 0, 1; 1, 0, 0; 2, 1, 2 ;
0,14; -0.031638, -2.191999, -1.646007 / -0.031638, -2.191999, -1.646007 / -0.031638, -2.191999, -1.646007; 1, 8, 1, 0; 0.281959968541; 1, 0, 1; 1, 0, 0; 2, 1, 2 ;
1,18; -4.13698, 1.71882, 0.126345 / -4.13698, 1.71882, 0.126345 / -4.13698, 1.71882, 0.126345; 1, 14, 1, 0; 0.720695131244; 1, 0, 1; 0, 1, 0; 4, 1, 2 ;
1,20; -1.76984, 1.49522, -2.60872 / -1.76918, 1.49546, -2.60836 / -1.77049, 1.49498, -2.60907; 1, 6, 1, 0; 0.024098667812; 2, 1, 2; 2, 1, 0; 1, 1, 2 / 2, 3, 1 / 2, 4, 2 ;
0,20; -1.679445, 1.461405, -2.419584 / -1.679445, 1.461405, -2.419584 / -1.679445, 1.461405, -2.419584; 1, 6, 1, 0; 0.229588703599; 1, 0, 1; 0, 1, 0; 4, 1, 2 ;
0,20; -1.776697, 1.498644, -2.607199 / -1.776697, 1.498644, -2.607199 / -1.776697, 1.498644, -2.607199; 1, 6, 1, 0; 0.024098486475; 1, 0, 1; 1, 0, 0; 3, 1, 2 ;
0,20; -1.630240, 1.442334, -2.305489 / -1.630240, 1.442334, -2.305489 / -1.630240, 1.442334, -2.305489; 1, 6, 1, 0; 0.229719677789; 1, 0, 1; 1, 0, 0; 3, 1, 2 ;
0,20; -1.002810, 1.223809, -1.094094 / -1.002810, 1.223809, -1.094094 / -1.002810, 1.223809, -1.094094; 1, 11, 1, 0; 0.837226795842; 1, 0, 1; 1, 0, 0; 3, 1, 2 ;
1,21; -1.74772, -1.46156, 2.01573 / -1.74772, -1.46156, 2.01573 / -1.74772, -1.46156, 2.01573; 1, 30, 1, 0; 0.391142305789; 1, 0, 1; 1, 0, 0; 2, 1, 2 ;
1,22; -0.100773, 1.32228, 3.48229 / -0.100773, 1.32228, 3.48229 / -0.100773, 1.32228, 3.48229; 1, 45, 1, 0; 0.278310098739; 1, 0, 1; 1, 0, 0; 2, 1, 2 ;
0,22; -0.098008, 1.326084, 3.481587 / -0.098008, 1.326084, 3.481587 / -0.098008, 1.326084, 3.481587; 1, 45, 1, 0; 0.278312557874; 0, 1, 0; 1, 0, 0; 3, 1, 1 ;
1,23; -2.68457, 2.25444, -1.64689 / -2.68457, 2.25444, -1.64689 / -2.68457, 2.25444, -1.64689; 1, 6, 1, 0; 0.612626796092; 1, 0, 1; 1, 0, 0; 2, 1, 2 ;
0,23; -2.742289, 2.372682, -1.371176 / -2.742289, 2.372682, -1.371176 / -2.742289, 2.372682, -1.371176; 1, 7, 1, 0; 0.376192577888; 1, 0, 1; 1, 0, 0; 2, 1, 2 ;
0,23; -2.905771, 2.752848, -0.493550 / -2.905771, 2.752848, -0.493550 / -2.905771, 2.752848, -0.493550; 1, 14, 1, 0; 0.224428049482; 1, 0, 1; 1, 0, 0; 2, 1, 2 ;
0,23; -3.068473, 3.279382, 0.414283 / -3.068473, 3.279382, 0.414283 / -3.068473, 3.279382, 0.414283; 1, 25, 1, 0; 0.134882131070; 1, 0, 1; 1, 0, 0; 2, 1, 2 ;
1,24; -2.52715, 2.40767, -2.35569 / -2.52715, 2.40767, -2.35569 / -2.52715, 2.40767, -2.35569; 1, 6, 1, 0; 0.175678528055; 1, 0, 1; 1, 0, 0; 3, 1, 2 ;
0,24; 0.060259, 2.548460, 0.749754 / 0.060367, 2.548469, 0.749784 / 0.060151, 2.548451, 0.749724; 1, 25, 1, 0; 0.553956795680; 2, 1, 1; 1, 1, 0; 3, 1, 1 / 4, 1, 2 ;
0,24; 0.059420, 2.546961, 0.752590 / 0.059420, 2.546961, 0.752590 / 0.059420, 2.546961, 0.752590; 1, 25, 1, 0; 0.553956667095; 1, 0, 1; 1, 0, 0; 3, 1, 2 ;
1,26; 2.97771, 0.336802, 0.380345 / 2.97771, 0.336802, 0.380345 / 2.97771, 0.336802, 0.380345; 1, 19, 1, 0; 0.666327999583; 1, 0, 1; 1, 0, 0; 2, 1, 2 ;
1,28; -0.906842, -1.97862, -2.11071 / -0.906842, -1.97862, -2.11071 / -0.906842, -1.97862, -2.11071; 1, 5, 1, 0; 0.821362314877; 1, 0, 1; 0, 1, 0; 1, 1, 2 ;
0,28; -0.832542, -2.866314, -2.522329 / -0.832128, -2.865633, -2.521886 / -0.832956, -2.866995, -2.522772; 1, 5, 1, 0; 0.248736895965; 1, 0, 2; 2, 0, 0; 1, 6, 0 / 2, 1, 2 / 2, 6, 0 / 2, 7, 2 ;
0,28; -0.794707, -0.310508, -1.316057 / -0.794707, -0.310508, -1.316057 / -0.794707, -0.310508, -1.316057; 1, 11, 1, 0; 0.490092241020; 1, 0, 1; 1, 0, 0; 3, 1, 2 ;
1,29; -0.973949, -2.07507, -2.33555 / -0.973949, -2.07507, -2.33555 / -0.973949, -2.07507, -2.33555; 1, 5, 1, 0; 0.523324982038; 1, 0, 1; 1, 0, 0; 2, 1, 2 ;
0,29; 0.659619, 0.050310, 2.951699 / 0.659619, 0.050310, 2.951699 / 0.659619, 0.050310, 2.951699; 1, 38, 1, 0; 0.989281581219; 1, 0, 1; 1, 0, 0; 2, 1, 2 ;
0,29; 0.676095, 0.102380, 3.016633 / 0.676095, 0.102380, 3.016633 / 0.676095, 0.102380, 3.016633; 1, 38, 1, 0; 0.989369737994; 1, 0, 1; 1, 0, 0; 3, 1, 2 ;
1,31; -1.26308, 1.97787, 1.43334 / -1.26308, 1.97787, 1.43334 / -1.26308, 1.97787, 1.43334; 1, 26, 1, 0; 0.642780918092; 1, 0, 1; 1, 0, 0; 3, 1, 2 ;
0,31; -1.129065, 1.332295, 2.950626 / -1.129065, 1.332295, 2.950626 / -1.129065, 1.332295, 2.950626; 1, 39, 1, 0; 0.604402388810; 1, 0, 1; 1, 0, 0; 2, 7, 0 / 3, 1, 2 / 3, 10, 0 ;
1,32; -0.994708, 0.865935, -1.36207 / -0.994708, 0.865935, -1.36207 / -0.994708, 0.865935, -1.36207; 1, 11, 1, 0; 0.345930861290; 1, 0, 1; 1, 0, 0; 3, 1, 2 ;
1,34; -2.10791, -0.704711, -1.72507 / -2.10791, -0.704711, -1.72507 / -2.10791, -0.704711, -1.72507; 1, 6, 1, 0; 0.836609981758; 1, 0, 1; 1, 0, 0; 2, 1, 2 ;
1,36; -2.26912, 2.5761, -0.528743 / -2.26912, 2.5761, -0.528743 / -2.26912, 2.5761, -0.528743; 1, 14, 1, 0; 0.218502227507; 1, 0, 1; 0, 1, 0; 4, 1, 2 ;
0,36; -2.272128, 2.571419, -0.533511 / -2.272128, 2.571419, -0.533511 / -2.272128, 2.571419, -0.533511; 1, 14, 1, 0; 0.218500528718; 1, 0, 1; 1, 0, 0; 3, 1, 2 ;
1,39; 0.863953, -3.76282, 1.05181 / 0.863953, -3.76282, 1.05181 / 0.863953, -3.76282, 1.05181; 1, 18, 1, 0; 0.889062425896; 1, 0, 1; 1, 0, 0; 3, 1, 2 ;
0,39; 0.537915, -2.879892, 1.082559 / 0.537915, -2.879892, 1.082559 / 0.537915, -2.879892, 1.082559; 1, 22, 1, 0; 0.097192340266; 0, 1, 0; 0, 1, 0; 1, 8, 0 / 4, 1, 1 ;
0,39; 0.537376, -2.881850, 1.080960 / 0.537376, -2.881850, 1.080960 / 0.537376, -2.881850, 1.080960; 1, 22, 1, 0; 0.097179796683; 1, 0, 1; 1, 0, 0; 3, 1, 2 ;
0,39; 0.538967, -2.876516, 1.082861 / 0.538967, -2.876516, 1.082861 / 0.538967, -2.876516, 1.082861; 1, 22, 1, 0; 0.097192172921; 1, 0, 1; 1, 0, 0; 3, 1, 2 ;
1,40; -2.28485, -1.21237, -2.6684 / -2.28485, -1.21237, -2.6684 / -2.28485, -1.21237, -2.6684; 1, 5, 1, 0; 0.372640161106; 1, 0, 1; 1, 0, 0; 3, 1, 2 ;
0,40; -2.286980, -1.213900, -2.666633 / -2.286980, -1.213900, -2.666633 / -2.286980, -1.213900, -2.666633; 1, 5, 1, 0; 0.372640224818; 1, 0, 1; 1, 0, 0; 3, 1, 2 ;
1,41; -2.34113, -0.989988, 0.0883734 / -2.34113, -0.989988, 0.0883734 / -2.34113, -0.989988, 0.0883734; 1, 14, 1, 0; 0.957095217168; 1, 0, 1; 1, 0, 0; 2, 1, 2 / 3, 4, 0 ;
1,43; 0.686402, 0.322222, -0.298703 / 0.686402, 0.322222, -0.298703 / 0.686402, 0.322222, -0.298703; 1, 13, 1, 0; 0.984872467665; 1, 0, 1; 0, 1, 0; 4, 1, 2 ;
0,43; -0.841698, 0.095640, 0.154323 / -0.841698, 0.095640, 0.154323 / -0.841698, 0.095640, 0.154323; 1, 16, 1, 0; 0.689358491653; 1, 0, 1; 1, 0, 0; 3, 1, 2 ;
1,44; 0.758469, 0.161193, 1.21545 / 0.758469, 0.161193, 1.21545 / 0.758469, 0.161193, 1.21545; 1, 23, 1, 0; 0.497985948841; 1, 0, 1; 1, 0, 0; 3, 1, 2 ;
0,44; 2.921820, 0.188379, 2.198288 / 2.921820, 0.188379, 2.198288 / 2.921820, 0.188379, 2.198288; 1, 28, 1, 0; 0.937656673591; 1, 0, 1; 1, 0, 0; 2, 1, 2 ;
1,46; -0.0321522, -2.19322, -3.78173 / -0.0321522, -2.19322, -3.78173 / -0.0321522, -2.19322, -3.78173; 1, 1, 1, 0; 0.312067037360; 1, 0, 1; 1, 0, 0; 2, 1, 2 ;
0,46; 0.175088, -1.263559, -2.356378 / 0.175088, -1.263559, -2.356378 / 0.175088, -1.263559, -2.356378; 1, 3, 1, 0; 0.854633381287; 1, 0, 1; 0, 1, 0; 4, 1, 2 ;
0,46; 0.284389, -0.952261, -1.663996 / 0.284389, -0.952261, -1.663996 / 0.284389, -0.952261, -1.663996; 1, 8, 1, 0; 0.145281857594; 1, 0, 1; 1, 0, 0; 3, 1, 2 ;
0,46; 0.495469, 0.955827, 1.676642 / 0.495469, 0.955827, 1.676642 / 0.495469, 0.955827, 1.676642; 1, 27, 1, 0; 0.407202611165; 0, 1, 0; 1, 0, 0; 1, 5, 0 / 3, 1, 1 ;
0,46; -0.366262, 1.632931, 2.375513 / -0.365744, 1.633300, 2.376754 / -0.366780, 1.632562, 2.374273; 1, 31, 1, 0; 0.545540181188; 2, 2, 2; 3, 1, 0; 1, 1, 2 / 3, 8, 1 / 3, 9, 1 / 3, 10, 2 ;
0,46; -0.371353, 1.645671, 2.359516 / -0.370741, 1.646377, 2.360406 / -0.371965, 1.644965, 2.358627; 1, 31, 1, 0; 0.545507475314; 2, 1, 2; 2, 1, 0; 2, 9, 2 / 3, 1, 2 / 3, 2, 0 / 4, 2, 1 ;
0,46; -0.373722, 1.642749, 2.365742 / -0.373528, 1.643264, 2.365974 / -0.373916, 1.642234, 2.365511; 1, 31, 1, 0; 0.545525629332; 2, 1, 1; 1, 1, 0; 1, 1, 1 / 3, 5, 2 ;
0,46; -0.367222, 1.647979, 2.360174 / -0.367164, 1.648313, 2.361409 / -0.367279, 1.647646, 2.358939; 1, 31, 1, 0; 0.545509359013; 2, 1, 1; 2, 0, 0; 1, 6, 0 / 3, 1, 1 / 3, 10, 2 ;
0,46; -0.363337, 1.650512, 2.351080 / -0.363337, 1.650512, 2.351080 / -0.363337, 1.650512, 2.351080; 1, 31, 1, 0; 0.545491171948; 1, 0, 1; 1, 0, 0; 3, 1, 2 ;
0,46; -0.372449, 1.637487, 2.352124 / -0.372449, 1.637487, 2.352124 / -0.372449, 1.637487, 2.352124; 1, 31, 1, 0; 0.545503994325; 1, 0, 1; 1, 0, 0; 3, 1, 2 ;
0,46; -0.377205, 1.645158, 2.361723 / -0.377205, 1.645158, 2.361723 / -0.377205, 1.645158, 2.361723; 1, 31, 1, 0; 0.545506417798; 1, 0, 1; 1, 0, 0; 2, 1, 2 ;
0,46; -0.368337, 1.648891, 2.355764 / -0.368337, 1.648891, 2.355764 / -0.368337, 1.648891, 2.355764; 1, 31, 1, 0; 0.545509204792; 1, 0, 1; 1, 0, 0; 3, 1, 2 ;
0,46; -0.378420, 1.646351, 2.373224 / -0.378420, 1.646351, 2.373224 / -0.378420, 1.646351, 2.373224; 1, 31, 1, 0; 0.545526268248; 1, 0, 1; 1, 0, 0; 3, 1, 2 ;
0,46; -0.366483, 1.632890, 2.376634 / -0.366186, 1.633300, 2.377048 / -0.366780, 1.632480, 2.376220; 1, 31, 1, 0; 0.545540258298; 1, 0, 1; 4, 0, 0; 2, 10, 0 / 3, 1, 1 / 3, 2, 1 / 3, 3, 2 / 3, 4, 2 / 3, 7, 0 ;
0,46; -0.374529, 1.635920, 2.375143 / -0.374529, 1.635920, 2.375143 / -0.374529, 1.635920, 2.375143; 1, 31, 1, 0; 0.545543375766; 1, 0, 1; 1, 0, 0; 2, 1, 2 ;
0,46; -0.367810, 1.625694, 2.395742 / -0.367810, 1.625694, 2.395742 / -0.367810, 1.625694, 2.395742; 1, 31, 1, 0; 0.545560516332; 0, 1, 0; 1, 0, 0; 3, 1, 1 ;
0,46; 1.028763, 2.111923, 3.583889 / 1.028763, 2.111923, 3.583889 / 1.028763, 2.111923, 3.583889; 1, 45, 1, 0; 0.536639480495; 0, 1, 0; 0, 1, 0; 4, 1, 1 ;
1,47; -2.48269, 1.04932, 2.7389 / -2.48252, 1.04967, 2.73915 / -2.48286, 1.04896, 2.73866; 1, 37, 1, 0; 0.602499709155; 1, 0, 2; 1, 1, 0; 2, 1, 2 / 4, 6, 2 ;
0,47; -2.609183, 2.046430, 2.525191 / -2.609183, 2.046430, 2.525191 / -2.609183, 2.046430, 2.525191; 1, 37, 1, 0; 0.461061539827; 1, 0, 1; 1, 0, 0; 3, 1, 2 ;
1,48; -0.265963, 1.28577, 2.62262 / -0.265963, 1.28577, 2.62262 / -0.265963, 1.28577, 2.62262; 1, 38, 1, 0; 0.807434544475; 1, 0, 1; 1, 0, 0; 3, 1, 2 ;
0,48; -0.222866, 1.326896, 2.665605 / -0.222866, 1.326896, 2.665605 / -0.222866, 1.326896, 2.665605; 1, 38, 1, 0; 0.809522493066; 0, 1, 0; 1, 0, 0; 3, 1, 1 ;
0,48; 0.908251, 2.287155, 3.568131 / 0.908251, 2.287155, 3.568131 / 0.908251, 2.287155, 3.568131; 1, 45, 1, 0; 0.588142317829; 1, 0, 1; 1, 0, 0; 1, 5, 0 / 3, 1, 2 ;
1,49; 0.170257, -1.83075, 0.977443 / 0.170257, -1.83075, 0.977443 / 0.170257, -1.83075, 0.977443; 1, 22, 1, 0; 0.281535126396; 1, 0, 1; 1, 0, 0; 2, 1, 2 ;
0,49; 0.759173, -2.739219, 1.924324 / 0.759173, -2.739219, 1.924324 / 0.759173, -2.739219, 1.924324; 1, 32, 1, 0; 0.370578824571; 1, 0, 1; 1, 0, 0; 3, 1, 2 ;
1,52; 2.28398, 3.21791, 1.09877 / 2.28433, 3.21842, 1.09878 / 2.28364, 3.21741, 1.09875; 1, 26, 1, 0; 0.475738228109; 0, 2, 0; 1, 1, 0; 2, 1, 1 / 4, 6, 1 ;
0,52; 2.284718, 3.220181, 1.097329 / 2.284718, 3.220181, 1.097329 / 2.284718, 3.220181, 1.097329; 1, 26, 1, 0; 0.475723432343; 1, 0, 1; 0, 1, 0; 4, 1, 2 ;
1,53; -3.57822, -1.99436, 1.20228 / -3.57822, -1.99436, 1.20228 / -3.57822, -1.99436, 1.20228; 1, 21, 1, 0; 0.706361458897; 1, 0, 1; 0, 1, 0; 4, 1, 2 ;
0,53; -3.163152, -1.869101, 1.355743 / -3.163152, -1.869101, 1.355743 / -3.163152, -1.869101, 1.355743; 1, 21, 1, 0; 0.941159728407; 1, 0, 1; 1, 0, 0; 2, 1, 2 / 4, 8, 0 ;
0,53; 1.710971, -0.603980, 2.598559 / 1.710971, -0.603980, 2.598559 / 1.710971, -0.603980, 2.598559; 1, 34, 1, 0; 0.768477881802; 0, 1, 0; 1, 0, 0; 1, 1, 0 / 2, 1, 1 ;
1,54; -1.95728, 1.2951, 1.71545 / -1.95728, 1.2951, 1.71545 / -1.95728, 1.2951, 1.71545; 1, 24, 1, 0; 0.900558809576; 1, 0, 1; 0, 1, 0; 1, 1, 2 ;
0,54; -1.957498, 1.301175, 1.705176 / -1.957498, 1.301175, 1.705176 / -1.957498, 1.301175, 1.705176; 1, 24, 1, 0; 0.900546571899; 1, 0, 1; 1, 0, 0; 2, 1, 2 / 3, 5, 0 / 3, 10, 0 ;
0,54; -1.921178, 1.332859, 1.672405 / -1.921178, 1.332859, 1.672405 / -1.921178, 1.332859, 1.672405; 1, 24, 1, 0; 0.901934543208; 1, 0, 1; 1, 0, 0; 3, 1, 2 ;
0,54; -1.403792, 1.735446, 1.225541 / -1.403792, 1.735446, 1.225541 / -1.403792, 1.735446, 1.225541; 1, 25, 1, 0; 0.835877956367; 1, 0, 1; 0, 1, 0; 4, 1, 2 ;
0,54; -2.377643, 0.948691, 2.174319 / -2.377643, 0.948691, 2.174319 / -2.377643, 0.948691, 2.174319; 1, 29, 1, 0; 0.996687220670; 1, 0, 1; 0, 1, 0; 4, 1, 2 ;
0,54; -1.823003, 1.416581, 1.589143 / -1.823003, 1.416581, 1.589143 / -1.823003, 1.416581, 1.589143; 1, 29, 1, 0; 0.293686092635; 1, 0, 1; 1, 0, 0; 3, 1, 2 ;
0,54; -2.378995, 0.947739, 2.175920 / -2.378995, 0.947739, 2.175920 / -2.378995, 0.947739, 2.175920; 1, 29, 1, 0; 0.996687327824; 0, 1, 0; 1, 0, 0; 3, 1, 1 ;
1,57; -0.526929, 0.227121, -0.26575 / -0.526635, 0.227122, -0.265638 / -0.527223, 0.22712, -0.265861; 1, 16, 1, 0; 0.489947300534; 0, 1, 0; 2, 0, 0; 3, 1, 1 / 3, 2, 0 / 3, 3, 3 / 4, 2, 0 / 4, 3, 0 ;
0,57; -0.584810, 0.151101, -0.432013 / -0.584810, 0.151101, -0.432013 / -0.584810, 0.151101, -0.432013; 1, 16, 1, 0; 0.133925691676; 1, 0, 1; 1, 0, 0; 3, 1, 2 ;
0,57; -0.574402, 0.169764, -0.394717 / -0.574402, 0.169764, -0.394717 / -0.574402, 0.169764, -0.394717; 1, 16, 1, 0; 0.134615807563; 0, 1, 0; 1, 0, 0; 3, 1, 1 ;
0,57; -0.576751, 0.166820, -0.393626 / -0.576751, 0.166820, -0.393626 / -0.576751, 0.166820, -0.393626; 1, 16, 1, 0; 0.134615908019; 1, 0, 1; 1, 0, 0; 2, 1, 2 ;
0,57; -0.575000, 0.172440, -0.395350 / -0.575000, 0.172440, -0.395350 / -0.575000, 0.172440, -0.395350; 1, 16, 1, 0; 0.134628130224; 1, 0, 1; 1, 0, 0; 3, 1, 2 ;
0,57; 0.003668, 1.007892, 1.422240 / 0.003668, 1.007892, 1.422240 / 0.003668, 1.007892, 1.422240; 1, 26, 1, 0; 0.785884214136; 1, 0, 1; 1, 0, 0; 2, 1, 2 ;
0,57; 0.473891, 1.514426, 3.224464 / 0.473891, 1.514426, 3.224464 / 0.473891, 1.514426, 3.224464; 1, 42, 1, 0; 0.566053623061; 1, 0, 1; 1, 0, 0; 2, 1, 2 ;
1,59; 0.0205551, -0.75619, -3.00611 / 0.0209361, -0.756048, -3.00605 / 0.0201741, -0.756333, -3.00616; 1, 2, 1, 0; 0.488398612153; 2, 1, 1; 1, 1, 0; 3, 1, 2 / 4, 1, 1 ;
0,59; 0.019823, -0.613526, -2.964551 / 0.019918, -0.612951, -2.964364 / 0.019729, -0.614100, -2.964737; 1, 2, 1, 0; 0.503640555930; 2, 1, 1; 1, 1, 0; 1, 1, 1 / 2, 1, 0 / 3, 6, 2 ;
0,59; 0.024032, -0.754295, -3.008265 / 0.024032, -0.754295, -3.008265 / 0.024032, -0.754295, -3.008265; 1, 2, 1, 0; 0.488397908103; 0, 1, 0; 0, 1, 0; 2, 8, 0 / 2, 9, 0 / 4, 1, 1 ;
0,59; 0.025323, -0.754563, -3.004932 / 0.025323, -0.754563, -3.004932 / 0.025323, -0.754563, -3.004932; 1, 2, 1, 0; 0.488397959523; 1, 0, 1; 1, 0, 0; 2, 1, 2 ;
0,59; 0.018303, -0.756860, -3.007572 / 0.018303, -0.756860, -3.007572 / 0.018303, -0.756860, -3.007572; 1, 2, 1, 0; 0.488399067016; 0, 1, 0; 1, 0, 0; 3, 1, 1 ;
0,59; -0.538486, 1.736881, -0.995115 / -0.538486, 1.736881, -0.995115 / -0.538486, 1.736881, -0.995115; 1, 7, 1, 0; 0.567530597342; 1, 0, 1; 1, 0, 0; 3, 1, 2 ;
0,59; -0.327494, 1.075931, -1.611361 / -0.327494, 1.075931, -1.611361 / -0.327494, 1.075931, -1.611361; 1, 11, 1, 0; 0.120822999776; 1, 0, 1; 0, 1, 0; 4, 1, 2 ;
1,60; -1.22542, 1.72145, -2.42588 / -1.22542, 1.72145, -2.42588 / -1.22542, 1.72145, -2.42588; 1, 6, 1, 0; 0.197658721174; 1, 0, 1; 0, 1, 0; 4, 1, 2 ;
0,60; -0.672305, -3.750645, -0.436499 / -0.672305, -3.750645, -0.436499 / -0.672305, -3.750645, -0.436499; 1, 9, 1, 0; 0.831469955318; 0, 1, 0; 0, 1, 0; 1, 1, 1 ;
1,63; 0.419503, 0.718177, -2.96129 / 0.419643, 0.718924, -2.96116 / 0.419362, 0.71743, -2.96143; 1, 2, 1, 0; 0.616858326293; 0, 2, 0; 0, 2, 1; 1, 7, 1 / 4, 1, 1 / 4, 2, 0 ;
0,63; 0.034697, 0.023897, -2.972887 / 0.034697, 0.023897, -2.972887 / 0.034697, 0.023897, -2.972887; 1, 2, 1, 0; 0.560685783583; 0, 1, 0; 0, 1, 0; 1, 1, 1 ;
0,63; 0.409939, 0.719519, -2.945227 / 0.409939, 0.719519, -2.945227 / 0.409939, 0.719519, -2.945227; 1, 2, 1, 0; 0.616864761620; 0, 1, 0; 0, 1, 0; 1, 1, 1 / 3, 1, 0 ;
0,63; 0.404540, 0.719908, -2.934898 / 0.404540, 0.719908, -2.934898 / 0.404540, 0.719908, -2.934898; 1, 2, 1, 0; 0.616871133662; 0, 1, 0; 0, 1, 0; 4, 1, 1 ;
0,63; 0.035591, 0.025254, -2.972180 / 0.035591, 0.025254, -2.972180 / 0.035591, 0.025254, -2.972180; 1, 2, 1, 0; 0.560685744030; 1, 0, 1; 1, 0, 0; 2, 1, 2 ;
0,63; 0.189314, 0.479821, -3.015727 / 0.189314, 0.479821, -3.015727 / 0.189314, 0.479821, -3.015727; 1, 2, 1, 0; 0.602365055897; 1, 0, 1; 1, 0, 0; 3, 1, 2 ;
0,63; 0.192408, 0.480835, -3.010021 / 0.192408, 0.480835, -3.010021 / 0.192408, 0.480835, -3.010021; 1, 2, 1, 0; 0.602371819517; 0, 1, 0; 1, 0, 0; 2, 1, 1 ;
0,63; 0.213024, 0.508984, -3.005494 / 0.213024, 0.508984, -3.005494 / 0.213024, 0.508984, -3.005494; 1, 2, 1, 0; 0.603131136699; 1, 0, 1; 1, 0, 0; 2, 1, 2 ;
0,63; 0.414073, 0.708204, -2.967289 / 0.414073, 0.708204, -2.967289 / 0.414073, 0.708204, -2.967289; 1, 2, 1, 0; 0.616851799993; 1, 0, 1; 1, 0, 0; 3, 1, 2 ;
0,63; 0.409192, 0.718676, -2.939211 / 0.409192, 0.718676, -2.939211 / 0.409192, 0.718676, -2.939211; 1, 2, 1, 0; 0.616871738828; 1, 0, 1; 1, 0, 0; 1, 1, 0 / 2, 1, 2 ;
0,63; -0.793374, -0.527510, -1.754940 / -0.793374, -0.527510, -1.754940 / -0.793374, -0.527510, -1.754940; 1, 4, 1, 0; 0.970442647195; 0, 1, 0; 1, 0, 0; 1, 1, 0 / 2, 1, 1 ;
0,63; -3.186309, -2.431077, 2.247283 / -3.186309, -2.431077, 2.247283 / -3.186309, -2.431077, 2.247283; 1, 32, 1, 0; 0.968465732087; 1, 0, 1; 1, 0, 0; 3, 1, 2 ;
1,65; -2.96959, 2.75923, -1.2929 / -2.96959, 2.75923, -1.2929 / -2.96959, 2.75923, -1.2929; 1, 7, 1, 0; 0.364261716069; 0, 1, 0; 0, 1, 0; 1, 1, 1 ;
1,68; 2.84814, -0.872963, -0.148431 / 2.84814, -0.872963, -0.148431 / 2.84814, -0.872963, -0.148431; 1, 16, 1, 0; 0.358941925443; 1, 0, 1; 1, 0, 0; 2, 1, 2 ;
1,69; 3.62112, 0.203166, 0.166704 / 3.62112, 0.203166, 0.166704 / 3.62112, 0.203166, 0.166704; 1, 19, 1, 0; 0.164083420831; 1, 0, 1; 1, 0, 0; 3, 1, 2 ;
1,70; -2.9631, -2.97723, -1.07975 / -2.9631, -2.97723, -1.07975 / -2.9631, -2.97723, -1.07975; 1, 9, 1, 0; 0.327575852441; 1, 0, 1; 1, 0, 0; 2, 1, 2 ;
0,70; -2.273219, -2.560686, -0.796088 / -2.273219, -2.560686, -0.796088 / -2.273219, -2.560686, -0.796088; 1, 9, 1, 0; 0.569908143337; 1, 0, 1; 1, 0, 0; 1, 5, 0 / 3, 1, 2 ;
0,70; 0.631757, -0.843366, 0.193915 / 0.631757, -0.843366, 0.193915 / 0.631757, -0.843366, 0.193915; 1, 16, 1, 0; 0.801482389310; 0, 1, 0; 0, 1, 0; 1, 1, 1 ;
1,72; -2.04782, -1.62063, 0.917276 / -2.04723, -1.62006, 0.918133 / -2.0484, -1.62121, 0.916419; 1, 21, 1, 0; 0.271249541621; 2, 1, 3; 4, 0, 0; 2, 6, 2 / 3, 1, 2 / 3, 3, 2 / 3, 4, 0 / 3, 6, 1 / 4, 6, 0 ;
1,73; -1.73201, 1.10842, -3.72514 / -1.73201, 1.10842, -3.72514 / -1.73201, 1.10842, -3.72514; 1, 1, 1, 0; 0.576952301055; 1, 0, 1; 0, 1, 0; 4, 1, 2 ;
1,75; 0.279231, -1.55319, -0.108472 / 0.279231, -1.55319, -0.108472 / 0.279231, -1.55319, -0.108472; 1, 15, 1, 0; 0.553921378745; 1, 0, 1; 1, 0, 0; 2, 1, 2 ;
0,75; 0.342227, -1.518117, -0.161444 / 0.342227, -1.518117, -0.161444 / 0.342227, -1.518117, -0.161444; 1, 16, 1, 0; 0.301638806738; 1, 0, 1; 1, 0, 0; 2, 1, 2 ;
0,75; 0.344710, -1.521930, -0.161758 / 0.344710, -1.521930, -0.161758 / 0.344710, -1.521930, -0.161758; 1, 16, 1, 0; 0.301639630481; 1, 0, 1; 1, 0, 0; 2, 1, 2 ;
0,75; 0.246416, -3.755619, 0.484778 / 0.246416, -3.755619, 0.484778 / 0.246416, -3.755619, 0.484778; 1, 18, 1, 0; 0.146509887041; 1, 0, 1; 1, 0, 0; 3, 1, 2 ;
1,76; -2.06637, -3.13594, -0.71292 / -2.06637, -3.13594, -0.71292 / -2.06637, -3.13594, -0.71292; 1, 9, 1, 0; 0.643589763138; 1, 0, 1; 1, 0, 0; 2, 1, 2 / 3, 5, 0 ;
0,76; 1.702428, -0.829580, 1.648232 / 1.702428, -0.829580, 1.648232 / 1.702428, -0.829580, 1.648232; 1, 27, 1, 0; 0.799625904276; 1, 0, 1; 0, 1, 0; 1, 1, 2 ;
1,78; 0.228157, 0.224626, -0.134713 / 0.228158, 0.224629, -0.134713 / 0.228156, 0.224622, -0.134714; 1, 16, 1, 0; 0.495721672614; 2, 1, 1; 2, 0, 0; 3, 1, 1 / 3, 2, 2 ;
1,80; -0.911251, 1.55142, -2.97616 / -0.911011, 1.55245, -2.97517 / -0.911492, 1.55039, -2.97715; 1, 2, 1, 0; 0.703298364232; 2, 1, 2; 2, 1, 0; 1, 1, 2 / 1, 5, 0 / 1, 9, 0 / 2, 1, 1 / 2, 10, 2 ;
0,80; -0.907074, 1.557244, -2.978510 / -0.906717, 1.557731, -2.978145 / -0.907431, 1.556756, -2.978875; 1, 2, 1, 0; 0.703297794664; 2, 1, 1; 1, 1, 0; 1, 1, 1 / 3, 1, 2 ;
0,80; -1.048108, 1.414264, -2.962014 / -1.048108, 1.414264, -2.962014 / -1.048108, 1.414264, -2.962014; 1, 2, 1, 0; 0.677903186891; 0, 0, 0; 1, 0, 0; 2, 1, 3 ;
0,80; -0.986748, 1.475931, -2.952830 / -0.986748, 1.475931, -2.952830 / -0.986748, 1.475931, -2.952830; 1, 2, 1, 0; 0.678701460151; 1, 0, 1; 1, 0, 0; 2, 1, 2 ;
0,80; -0.907067, 1.554242, -2.976877 / -0.907067, 1.554242, -2.976877 / -0.907067, 1.554242, -2.976877; 1, 2, 1, 0; 0.703297853994; 1, 0, 1; 1, 0, 0; 3, 1, 2 ;
0,80; -0.908269, 1.548429, -2.980955 / -0.908269, 1.548429, -2.980955 / -0.908269, 1.548429, -2.980955; 1, 2, 1, 0; 0.703297988476; 1, 0, 1; 1, 0, 0; 2, 1, 2 ;
0,80; -0.898541, 1.554616, -2.973609 / -0.898541, 1.554616, -2.973609 / -0.898541, 1.554616, -2.973609; 1, 2, 1, 0; 0.703304518731; 1, 0, 1; 1, 0, 0; 3, 1, 2 ;
0,80; 2.341814, -0.883403, -1.477910 / 2.341814, -0.883403, -1.477910 / 2.341814, -0.883403, -1.477910; 1, 11, 1, 0; 0.515269782526; 1, 0, 1; 1, 0, 0; 3, 1, 2 ;
1,83; 1.09318, -0.0631738, -3.31912 / 1.09318, -0.0631738, -3.31912 / 1.09318, -0.0631738, -3.31912; 1, 2, 1, 0; 0.393548424353; 1, 0, 1; 0, 1, 0; 1, 1, 2 ;
1,84; 1.90492, 1.5924, -2.0319 / 1.90492, 1.5924, -2.0319 / 1.90492, 1.5924, -2.0319; 1, 4, 1, 0; 0.744171597013; 1, 0, 1; 1, 0, 0; 2, 1, 0 / 2, 3, 0 / 2, 4, 0 / 3, 1, 2 / 3, 2, 0 / 3, 10, 0 / 4, 10, 0 ;
0,84; 1.660303, 1.152607, -0.560691 / 1.660303, 1.152607, -0.560691 / 1.660303, 1.152607, -0.560691; 1, 12, 1, 0; 0.935566995326; 1, 0, 1; 1, 0, 0; 2, 1, 2 ;
0,84; 1.662587, 1.150427, -0.557266 / 1.662587, 1.150427, -0.557266 / 1.662587, 1.150427, -0.557266; 1, 12, 1, 0; 0.935567905091; 1, 0, 1; 1, 0, 0; 2, 1, 2 ;
0,84; 1.571052, 0.935778, 0.081551 / 1.571052, 0.935778, 0.081551 / 1.571052, 0.935778, 0.081551; 1, 19, 1, 0; 0.126248116266; 0, 1, 0; 1, 0, 0; 1, 2, 0 / 1, 6, 0 / 3, 1, 1 ;
1,85; -0.673899, -0.311579, -2.03175 / -0.673899, -0.311579, -2.03175 / -0.673899, -0.311579, -2.03175; 1, 4, 1, 0; 0.560568503004; 1, 0, 1; 1, 0, 0; 2, 1, 2 ;
1,86; 0.0645834, 2.85147, -1.43149 / 0.0645834, 2.85147, -1.43149 / 0.0645834, 2.85147, -1.43149; 1, 7, 1, 0; 0.321765824863; 1, 0, 1; 0, 1, 0; 1, 1, 2 ;
0,86; -1.150942, -1.969960, -1.591502 / -1.150431, -1.969787, -1.591056 / -1.151452, -1.970133, -1.591949; 1, 9, 1, 0; 0.090904914377; 2, 1, 1; 1, 1, 0; 2, 1, 2 / 4, 8, 1 ;
1,87; -0.772345, -0.545187, -1.48733 / -0.772345, -0.545187, -1.48733 / -0.772345, -0.545187, -1.48733; 1, 11, 1, 0; 0.488587855838; 1, 0, 1; 1, 0, 0; 3, 1, 2 ;
0,87; 1.754601, -2.873855, 1.332266 / 1.754601, -2.873855, 1.332266 / 1.754601, -2.873855, 1.332266; 1, 22, 1, 0; 0.532306141990; 1, 0, 1; 1, 0, 0; 2, 1, 2 / 2, 3, 0 / 4, 6, 0 ;
1,89; -0.219362, -2.37247, -2.32271 / -0.219362, -2.37247, -2.32271 / -0.219362, -2.37247, -2.32271; 1, 3, 1, 0; 0.936162135261; 0, 1, 0; 0, 1, 0; 1, 1, 1 ;
0,89; -0.319441, -3.108343, -2.858027 / -0.319441, -3.108343, -2.858027 / -0.319441, -3.108343, -2.858027; 1, 5, 1, 0; 0.216195475205; 0, 1, 0; 0, 1, 0; 4, 1, 1 ;
0,89; -0.326151, -3.101024, -2.854736 / -0.326151, -3.101024, -2.854736 / -0.326151, -3.101024, -2.854736; 1, 5, 1, 0; 0.216202620856; 0, 1, 0; 0, 1, 0; 4, 1, 1 ;
0,89; -0.326211, -3.101676, -2.857969 / -0.326211, -3.101676, -2.857969 / -0.326211, -3.101676, -2.857969; 1, 5, 1, 0; 0.216194053917; 1, 0, 1; 1, 0, 0; 2, 1, 2 ;
0,89; -0.324491, -3.095469, -2.837342 / -0.324491, -3.095469, -2.837342 / -0.324491, -3.095469, -2.837342; 1, 5, 1, 0; 0.216211820024; 1, 0, 1; 1, 0, 0; 3, 1, 2 ;
1,90; -0.785335, -2.73244, -2.43186 / -0.785335, -2.73244, -2.43186 / -0.785335, -2.73244, -2.43186; 1, 5, 1, 0; 0.564035229332; 0, 1, 0; 0, 1, 0; 4, 1, 1 ;
0,90; -0.810372, -2.720598, -2.433596 / -0.810372, -2.720598, -2.433596 / -0.810372, -2.720598, -2.433596; 1, 5, 1, 0; 0.564053755093; 1, 0, 1; 1, 0, 0; 3, 1, 2 ;
0,90; -0.806502, -2.720591, -2.432593 / -0.806502, -2.720591, -2.432593 / -0.806502, -2.720591, -2.432593; 1, 5, 1, 0; 0.564053843311; 1, 0, 1; 1, 0, 0; 2, 1, 2 ;
0,90; -1.636562, -3.169206, 1.701626 / -1.636562, -3.169206, 1.701626 / -1.636562, -3.169206, 1.701626; 1, 32, 1, 0; 0.053689033122; 1, 0, 1; 1, 0, 0; 3, 1, 2 ;
0,90; -2.308701, -0.184046, 2.284648 / -2.308677, -0.183955, 2.284693 / -2.308725, -0.184137, 2.284602; 1, 36, 1, 0; 0.261299675635; 2, 1, 1; 1, 1, 0; 1, 1, 2 / 2, 1, 1 ;
1,91; 2.88804, 1.08306, -0.669477 / 2.88804, 1.08309, -0.669394 / 2.88803, 1.08303, -0.669559; 1, 12, 1, 0; 0.351021357163; 2, 1, 1; 1, 1, 0; 1, 1, 2 / 2, 1, 1 / 3, 4, 0 ;
0,91; 3.020691, 1.537611, 0.144474 / 3.020691, 1.537611, 0.144474 / 3.020691, 1.537611, 0.144474; 1, 20, 1, 0; 0.358703036824; 1, 0, 1; 1, 0, 0; 2, 1, 2 ;
1,92; 0.126366, -0.718138, 2.2098 / 0.126366, -0.718138, 2.2098 / 0.126366, -0.718138, 2.2098; 1, 34, 1, 0; 0.108212071774; 0, 1, 0; 1, 0, 0; 2, 1, 1 ;
0,92; -0.084647, 0.357801, 2.588789 / -0.084647, 0.357801, 2.588789 / -0.084647, 0.357801, 2.588789; 1, 38, 1, 0; 0.943243860100; 0, 1, 0; 0, 1, 0; 4, 1, 1 ;
1,93; -0.192432, -3.74022, -2.27234 / -0.192432, -3.74022, -2.27234 / -0.192432, -3.74022, -2.27234; 1, 5, 1, 0; 0.617272003262; 1, 0, 1; 1, 0, 0; 3, 1, 2 / 4, 2, 0 ;
0,93; -2.071650, -0.381896, -0.740555 / -2.071650, -0.381896, -0.740555 / -2.071650, -0.381896, -0.740555; 1, 10, 1, 0; 0.384390298630; 1, 0, 1; 1, 0, 0; 3, 1, 2 ;
0,93; -1.159469, -0.680105, -1.034773 / -1.159469, -0.680105, -1.034773 / -1.159469, -0.680105, -1.034773; 1, 11, 1, 0; 0.613105302729; 1, 0, 1; 1, 0, 0; 3, 1, 2 ;
0,93; -1.158466, -0.666345, -1.036073 / -1.158466, -0.666345, -1.036073 / -1.158466, -0.666345, -1.036073; 1, 11, 1, 0; 0.613106395591; 1, 0, 1; 1, 0, 0; 1, 2, 0 / 2, 1, 2 ;
1,96; -2.8899, -0.667913, 0.388534 / -2.8899, -0.667913, 0.388534 / -2.8899, -0.667913, 0.388534; 1, 21, 1, 0; 0.122046051827; 1, 0, 1; 1, 0, 0; 2, 1, 2 ;
0,96; -3.572620, -1.102823, 1.789806 / -3.572620, -1.102823, 1.789806 / -3.572620, -1.102823, 1.789806; 1, 24, 1, 0; 0.717402301807; 1, 0, 1; 0, 1, 0; 4, 1, 2 ;
1,101; 2.10841, 1.50566, -1.99399 / 2.10841, 1.50566, -1.99399 / 2.10841, 1.50566, -1.99399; 1, 4, 1, 0; 0.711993774103; 1, 0, 1; 1, 0, 0; 3, 1, 2 ;
0,101; 1.925673, 0.978678, -0.182218 / 1.925955, 0.979100, -0.181901 / 1.925391, 0.978256, -0.182534; 1, 13, 1, 0; 0.885992044001; 1, 0, 2; 1, 1, 0; 2, 1, 0 / 3, 1, 2 / 4, 2, 0 / 4, 3, 2 ;
0,101; 1.923586, 0.975827, -0.183286 / 1.923586, 0.975827, -0.183286 / 1.923586, 0.975827, -0.183286; 1, 13, 1, 0; 0.885992807226; 1, 0, 1; 0, 1, 0; 1, 1, 2 / 4, 9, 0 ;
0,101; 1.927324, 0.975834, -0.187702 / 1.927324, 0.975834, -0.187702 / 1.927324, 0.975834, -0.187702; 1, 13, 1, 0; 0.885992210187; 1, 0, 1; 1, 0, 0; 3, 1, 2 ;
1,102; 0.0925467, -2.66146, 3.35388 / 0.0925467, -2.66146, 3.35388 / 0.0925467, -2.66146, 3.35388; 1, 40, 1, 0; 0.857392487820; 1, 0, 1; 0, 1, 0; 1, 1, 2 ;
0,102; -0.163284, -2.678468, 3.176793 / -0.163284, -2.678468, 3.176793 / -0.163284, -2.678468, 3.176793; 1, 40, 1, 0; 0.864715464404; 0, 1, 0; 1, 0, 0; 2, 1, 1 / 2, 10, 0 / 3, 10, 0 ;
0,102; -0.162138, -2.678857, 3.178277 / -0.162138, -2.678857, 3.178277 / -0.162138, -2.678857, 3.178277; 1, 40, 1, 0; 0.864715637278; 1, 0, 1; 1, 0, 0; 2, 1, 0 / 3, 1, 2 ;
1,103; -1.47676, 3.45282, 0.473016 / -1.47594, 3.45304, 0.473989 / -1.47757, 3.4526, 0.472044; 1, 25, 1, 0; 0.208536899404; 1, 0, 1; 2, 1, 0; 1, 10, 2 / 3, 1, 3 / 3, 3, 3 ;
0,103; -0.719294, 4.165024, 0.433290 / -0.719294, 4.165024, 0.433290 / -0.719294, 4.165024, 0.433290; 1, 25, 1, 0; 0.290203840384; 0, 1, 0; 0, 1, 0; 4, 1, 1 ;
0,103; -1.481899, 3.457116, 0.471468 / -1.481899, 3.457116, 0.471468 / -1.481899, 3.457116, 0.471468; 1, 25, 1, 0; 0.208536633663; 1, 0, 1; 1, 0, 0; 2, 1, 2 ;
0,103; -1.476589, 3.451999, 0.466130 / -1.476589, 3.451999, 0.466130 / -1.476589, 3.451999, 0.466130; 1, 25, 1, 0; 0.208537208007; 1, 0, 1; 1, 0, 0; 3, 1, 2 ;
0,103; -1.439145, 3.506114, 0.455571 / -1.439145, 3.506114, 0.455571 / -1.439145, 3.506114, 0.455571; 1, 25, 1, 0; 0.209641789893; 1, 0, 1; 1, 0, 0; 1, 1, 0 / 2, 1, 2 ;
1,104; -2.57468, -1.79746, 2.34683 / -2.57468, -1.79746, 2.34683 / -2.57468, -1.79746, 2.34683; 1, 36, 1, 0; 0.050723972866; 1, 0, 1; 0, 1, 0; 1, 1, 2 ;
0,104; -2.021953, -2.025073, 3.625566 / -2.021953, -2.025073, 3.625566 / -2.021953, -2.025073, 3.625566; 1, 43, 1, 0; 0.780191046716; 0, 1, 0; 0, 1, 0; 4, 1, 1 ;
1,106; -2.99976, 2.64689, -1.5875 / -2.99976, 2.64689, -1.5875 / -2.99976, 2.64689, -1.5875; 1, 6, 1, 0; 0.602132418024; 0, 1, 0; 0, 1, 0; 1, 1, 1 ;
0,106; -2.668908, 2.792053, -1.519714 / -2.668908, 2.792053, -1.519714 / -2.668908, 2.792053, -1.519714; 1, 7, 1, 0; 0.301936128847; 1, 0, 1; 0, 1, 0; 1, 1, 2 ;
0,106; -2.668070, 2.792320, -1.521140 / -2.668070, 2.792320, -1.521140 / -2.668070, 2.792320, -1.521140; 1, 7, 1, 0; 0.301936185097; 0, 1, 0; 0, 1, 0; 1, 1, 1 / 1, 10, 0 ;
0,106; -1.580553, 3.219705, -1.297308 / -1.580553, 3.219705, -1.297308 / -1.580553, 3.219705, -1.297308; 1, 7, 1, 0; 0.288030908762; 1, 0, 1; 1, 0, 0; 2, 1, 2 ;
0,106; -0.756214, 3.526677, -1.107591 / -0.756214, 3.526677, -1.107591 / -0.756214, 3.526677, -1.107591; 1, 7, 1, 0; 0.784852630599; 1, 0, 1; 1, 0, 0; 3, 1, 2 ;
1,107; -0.643179, -3.72532, -0.40255 / -0.64221, -3.72532, -0.402097 / -0.644148, -3.72532, -0.403004; 1, 9, 1, 0; 0.832532916791; 0, 2, 0; 0, 2, 0; 1, 1, 1 / 1, 4, 1 / 1, 8, 0 / 4, 7, 0 / 4, 9, 0 ;
0,107; -0.636236, -3.721085, -0.393080 / -0.636236, -3.721085, -0.393080 / -0.636236, -3.721085, -0.393080; 1, 9, 1, 0; 0.832544119746; 1, 0, 1; 0, 1, 0; 4, 1, 2 ;
0,107; -0.644101, -3.725449, -0.401204 / -0.644053, -3.725320, -0.400312 / -0.644148, -3.725578, -0.402097; 1, 9, 1, 0; 0.832532933012; 1, 0, 1; 1, 1, 0; 1, 1, 1 / 1, 5, 0 / 3, 9, 2 / 4, 4, 0 / 4, 6, 0 ;
0,107; -0.638624, -3.720384, -0.396009 / -0.638624, -3.720384, -0.396009 / -0.638624, -3.720384, -0.396009; 1, 9, 1, 0; 0.832534003564; 1, 0, 1; 1, 0, 0; 3, 1, 2 ;
0,107; -0.635684, -3.719591, -0.396226 / -0.635684, -3.719591, -0.396226 / -0.635684, -3.719591, -0.396226; 1, 9, 1, 0; 0.832534668604; 1, 0, 1; 1, 0, 0; 1, 2, 0 / 2, 1, 2 / 4, 4, 0 / 4, 6, 0 ;
1,109; 2.25232, -0.375973, 2.99276 / 2.25232, -0.375973, 2.99276 / 2.25232, -0.375973, 2.99276; 1, 37, 1, 0; 0.731188761733; 1, 0, 1; 1, 0, 0; 2, 1, 2 ;
0,109; 2.026887, -0.195783, 2.912127 / 2.026887, -0.195783, 2.912127 / 2.026887, -0.195783, 2.912127; 1, 37, 1, 0; 0.797514220810; 1, 0, 1; 1, 0, 0; 2, 1, 2 ;
0,109; 2.031192, -0.190758, 2.908216 / 2.031192, -0.190758, 2.908216 / 2.031192, -0.190758, 2.908216; 1, 37, 1, 0; 0.797515154577; 1, 0, 1; 1, 0, 0; 3, 1, 2 ;
0,109; 1.642490, -0.754821, 3.954409 / 1.642490, -0.754821, 3.954409 / 1.642490, -0.754821, 3.954409; 1, 46, 1, 0; 0.103548922874; 1, 0, 1; 1, 0, 0; 3, 1, 2 ;
1,110; 1.44612, -0.250912, -1.71684 / 1.44635, -0.25073, -1.71666 / 1.44588, -0.251093, -1.71701; 1, 4, 1, 0; 0.925247452218; 1, 0, 2; 1, 1, 0; 1, 1, 2 / 2, 2, 2 ;
0,110; 1.461390, -0.249975, -1.699491 / 1.461390, -0.249975, -1.699491 / 1.461390, -0.249975, -1.699491; 1, 4, 1, 0; 0.925257586931; 1, 0, 1; 1, 0, 0; 3, 1, 2 ;
0,110; 3.264476, -0.140133, 1.308793 / 3.264476, -0.140133, 1.308793 / 3.264476, -0.140133, 1.308793; 1, 26, 1, 0; 0.967310968240; 1, 0, 1; 0, 1, 0; 4, 1, 2 ;
0,110; 3.966697, -0.170822, 2.303437 / 3.966697, -0.170822, 2.303437 / 3.966697, -0.170822, 2.303437; 1, 28, 1, 0; 0.885898244121; 0, 1, 0; 1, 0, 0; 3, 1, 1 / 4, 2, 0 ;
1,112; 1.72795, 1.24492, 0.723167 / 1.72795, 1.24492, 0.723167 / 1.72795, 1.24492, 0.723167; 1, 20, 1, 0; 0.773720001273; 1, 0, 1; 1, 0, 0; 2, 1, 2 ;
0,112; 1.725978, 1.241545, 0.726916 / 1.725978, 1.241545, 0.726916 / 1.725978, 1.241545, 0.726916; 1, 20, 1, 0; 0.773733364572; 1, 0, 1; 1, 0, 0; 3, 1, 2 / 4, 1, 0 ;
1,114; -2.34067, -1.70947, -2.29073 / -2.34067, -1.70947, -2.29073 / -2.34067, -1.70947, -2.29073; 1, 5, 1, 0; 0.498606279547; 1, 0, 1; 0, 1, 0; 4, 1, 2 ;
0,114; -2.098161, -1.666615, -2.469060 / -2.098161, -1.666615, -2.469060 / -2.098161, -1.666615, -2.469060; 1, 5, 1, 0; 0.494936316471; 1, 0, 1; 1, 0, 0; 2, 1, 2 ;
0,114; -2.109606, -1.669426, -2.471080 / -2.109606, -1.669426, -2.471080 / -2.109606, -1.669426, -2.471080; 1, 5, 1, 0; 0.494944540341; 1, 0, 1; 1, 0, 0; 2, 1, 2 ;
0,114; -2.343425, -1.716790, -2.284930 / -2.343425, -1.716790, -2.284930 / -2.343425, -1.716790, -2.284930; 1, 5, 1, 0; 0.498614787674; 1, 0, 1; 1, 0, 0; 3, 1, 2 / 4, 2, 0 ;
0,114; -0.704994, -1.718270, -1.117007 / -0.704994, -1.718270, -1.117007 / -0.704994, -1.718270, -1.117007; 1, 9, 1, 0; 0.426150179074; 1, 0, 1; 1, 0, 0; 3, 1, 2 ;
1,115; 2.80028, 0.11704, 0.171189 / 2.80088, 0.117175, 0.171615 / 2.79968, 0.116905, 0.170762; 1, 16, 1, 0; 0.653783632828; 1, 0, 2; 1, 1, 0; 1, 1, 0 / 1, 2, 2 / 2, 1, 0 / 2, 2, 0 / 3, 1, 2 ;
1,116; -3.74424, 1.52406, -1.65132 / -3.74387, 1.52415, -1.65119 / -3.74461, 1.52396, -1.65144; 1, 6, 1, 0; 0.683949069840; 2, 1, 1; 1, 1, 0; 2, 1, 1 / 4, 6, 2 ;
1,117; -1.99549, 2.35078, 2.25231 / -1.99549, 2.35078, 2.25231 / -1.99549, 2.35078, 2.25231; 1, 37, 1, 0; 0.201401155422; 1, 0, 1; 1, 0, 0; 2, 1, 2 ;
1,118; 0.805911, -0.400406, 3.1379 / 0.805911, -0.400406, 3.1379 / 0.805911, -0.400406, 3.1379; 1, 41, 1, 0; 0.472843687024; 1, 0, 1; 1, 0, 0; 2, 1, 2 ;
0,118; -0.294683, -1.826358, 3.528788 / -0.294683, -1.826358, 3.528788 / -0.294683, -1.826358, 3.528788; 1, 43, 1, 0; 0.589678227727; 1, 0, 1; 1, 0, 0; 2, 1, 2 ;
0,118; -0.116972, -1.634628, 3.474904 / -0.116972, -1.634628, 3.474904 / -0.116972, -1.634628, 3.474904; 1, 43, 1, 0; 0.591841132493; 1, 0, 1; 1, 0, 0; 3, 1, 2 ;
1,119; 0.739675, -1.57055, -2.87093 / 0.739675, -1.57055, -2.87093 / 0.739675, -1.57055, -2.87093; 1, 3, 1, 0; 0.375925450420; 1, 0, 1; 1, 0, 0; 3, 1, 2 / 4, 1, 0 ;
1,120; -1.14251, 3.95565, 0.217429 / -1.14251, 3.95565, 0.217429 / -1.14251, 3.95565, 0.217429; 1, 17, 1, 0; 0.433735336129; 0, 1, 0; 0, 1, 0; 4, 1, 1 ;
0,120; -1.404555, 4.316195, 0.161594 / -1.404555, 4.316195, 0.161594 / -1.404555, 4.316195, 0.161594; 1, 17, 1, 0; 0.413885371420; 0, 0, 0; 1, 0, 0; 2, 1, 3 ;
1,121; 2.89159, -1.4519, 2.60341 / 2.89159, -1.4519, 2.60341 / 2.89159, -1.4519, 2.60341; 1, 34, 1, 0; 0.458453335129; 1, 0, 1; 1, 0, 0; 2, 1, 2 ;
0,121; 2.555116, -1.152996, 2.667112 / 2.555116, -1.152996, 2.667112 / 2.555116, -1.152996, 2.667112; 1, 34, 1, 0; 0.606699869533; 1, 0, 1; 1, 0, 0; 3, 1, 2 ;
0,121; -1.525856, 2.502947, 3.523760 / -1.525856, 2.502947, 3.523760 / -1.525856, 2.502947, 3.523760; 1, 45, 1, 0; 0.648689840207; 1, 0, 1; 0, 1, 0; 4, 1, 2 ;
0,121; -1.540628, 2.484804, 3.507710 / -1.540628, 2.484804, 3.507710 / -1.540628, 2.484804, 3.507710; 1, 45, 1, 0; 0.648647797462; 1, 0, 1; 1, 0, 0; 2, 1, 2 ;
0,121; -1.534749, 2.484309, 3.511817 / -1.534749, 2.484309, 3.511817 / -1.534749, 2.484309, 3.511817; 1, 45, 1, 0; 0.648676696549; 1, 0, 1; 1, 0, 0; 2, 1, 2 ;
0,121; -1.526898, 2.506911, 3.529732 / -1.526898, 2.506911, 3.529732 / -1.526898, 2.506911, 3.529732; 1, 45, 1, 0; 0.648719485515; 1, 0, 1; 1, 0, 0; 3, 1, 2 ;
0,121; -1.488679, 2.539093, 3.536540 / -1.488679, 2.539093, 3.536540 / -1.488679, 2.539093, 3.536540; 1, 45, 1, 0; 0.649913658889; 1, 0, 1; 1, 0, 0; 2, 1, 2 ;
0,121; -1.479159, 2.537092, 3.543776 / -1.479159, 2.537092, 3.543776 / -1.479159, 2.537092, 3.543776; 1, 45, 1, 0; 0.649948409024; 0, 1, 0; 1, 0, 0; 2, 1, 1 ;
1,122; -0.556994, -1.97717, -3.98913 / -0.556994, -1.97717, -3.98913 / -0.556994, -1.97717, -3.98913; 1, 1, 1, 0; 0.328968919783; 1, 0, 1; 1, 0, 0; 2, 1, 2 ;
0,122; -0.512732, -1.923677, -3.864709 / -0.512732, -1.923677, -3.864709 / -0.512732, -1.923677, -3.864709; 1, 1, 1, 0; 0.329841197327; 0, 1, 0; 1, 0, 0; 2, 1, 1 ;
0,122; -0.141562, -1.425465, -2.667740 / -0.141562, -1.425465, -2.667740 / -0.141562, -1.425465, -2.667740; 1, 3, 1, 0; 0.599688205451; 1, 0, 1; 0, 1, 0; 4, 1, 2 ;
0,122; 0.140148, -1.023573, -1.871828 / 0.140148, -1.023573, -1.871828 / 0.140148, -1.023573, -1.871828; 1, 5, 1, 0; 0.918658739797; 1, 0, 1; 1, 0, 0; 2, 1, 2 ;
0,122; 1.768589, 2.104309, 2.889972 / 1.768589, 2.104309, 2.889972 / 1.768589, 2.104309, 2.889972; 1, 39, 1, 0; 0.816910341034; 0, 0, 0; 0, 1, 0; 3, 5, 0 / 4, 1, 3 ;
1,124; -1.15432, 2.42802, -0.435357 / -1.15432, 2.42802, -0.435357 / -1.15432, 2.42802, -0.435357; 1, 17, 1, 0; 0.099383371135; 1, 0, 1; 1, 0, 0; 3, 1, 2 ;
0,124; -0.055560, 2.462119, 3.240558 / -0.055560, 2.462119, 3.240558 / -0.055560, 2.462119, 3.240558; 1, 43, 1, 0; 0.049859706259; 1, 0, 1; 1, 0, 0; 2, 1, 2 ;
1,125; 0.255082, -0.533515, -1.11041 / 0.255082, -0.533515, -1.11041 / 0.255082, -0.533515, -1.11041; 1, 11, 1, 0; 0.674067405007; 0, 0, 0; 1, 0, 0; 3, 1, 3 ;
0,125; 1.481896, -2.216511, 0.433352 / 1.481896, -2.216511, 0.433352 / 1.481896, -2.216511, 0.433352; 1, 18, 1, 0; 0.412731051000; 1, 0, 1; 0, 1, 0; 4, 1, 2 ;
1,126; -0.208284, -1.01406, -2.21905 / -0.208284, -1.01406, -2.21905 / -0.208284, -1.01406, -2.21905; 1, 3, 1, 0; 0.850669628501; 0, 0, 0; 1, 0, 0; 2, 2, 0 / 3, 1, 3 ;
0,126; -1.758892, -2.156929, 1.888056 / -1.758892, -2.156929, 1.888056 / -1.758892, -2.156929, 1.888056; 1, 32, 1, 0; 0.253255319524; 1, 0, 1; 1, 0, 0; 2, 1, 2 ;
0,126; -2.085446, -2.346457, 2.716657 / -2.085446, -2.346457, 2.716657 / -2.085446, -2.346457, 2.716657; 1, 36, 1, 0; 0.713718230137; 0, 1, 0; 0, 1, 0; 1, 1, 1 ;
1,127; -1.87367, -1.26983, 2.05981 / -1.87367, -1.26983, 2.05981 / -1.87367, -1.26983, 2.05981; 1, 30, 1, 0; 0.396605433271; 1, 0, 1; 1, 0, 0; 2, 1, 2 ;
0,127; -1.874189, -1.272143, 2.057912 / -1.874189, -1.272143, 2.057912 / -1.874189, -1.272143, 2.057912; 1, 30, 1, 0; 0.396605559907; 1, 0, 1; 1, 0, 0; 3, 1, 2 ;
1,129; -2.52762, 0.729733, 1.70148 / -2.52762, 0.729733, 1.70148 / -2.52762, 0.729733, 1.70148; 1, 24, 1, 0; 0.858077613180; 1, 0, 1; 1, 0, 0; 2, 1, 2 ;
0,129; 2.567321, 2.714398, 1.369751 / 2.567321, 2.714398, 1.369751 / 2.567321, 2.714398, 1.369751; 1, 28, 1, 0; 0.107723877298; 1, 0, 1; 0, 1, 0; 1, 1, 2 ;
1,134; 1.41426, 0.936137, -0.848686 / 1.41426, 0.936137, -0.848686 / 1.41426, 0.936137, -0.848686; 1, 12, 1, 0; 0.337923647254; 1, 0, 1; 1, 0, 0; 3, 1, 2 ;
1,135; -0.70981, 0.894656, 0.130955 / -0.70981, 0.894656, 0.130955 / -0.70981, 0.894656, 0.130955; 1, 16, 1, 0; 0.604951164759; 1, 0, 1; 0, 1, 0; 4, 1, 2 ;
0,135; -0.708628, 0.894150, 0.128868 / -0.708628, 0.894150, 0.128868 / -0.708628, 0.894150, 0.128868; 1, 16, 1, 0; 0.604952008594; 0, 1, 0; 1, 0, 0; 3, 1, 1 / 4, 1, 0 ;
0,135; 1.116457, 2.461325, 0.736435 / 1.116457, 2.461325, 0.736435 / 1.116457, 2.461325, 0.736435; 1, 26, 1, 0; 0.072555166945; 0, 1, 0; 0, 1, 0; 4, 1, 1 ;
0,135; 1.113723, 2.464003, 0.736827 / 1.113723, 2.464003, 0.736827 / 1.113723, 2.464003, 0.736827; 1, 26, 1, 0; 0.072570922807; 0, 1, 0; 0, 1, 0; 1, 1, 1 ;
1,136; 1.32182, 0.78096, -0.686303 / 1.32182, 0.78096, -0.686303 / 1.32182, 0.78096, -0.686303; 1, 12, 1, 0; 0.387435011878; 1, 0, 1; 1, 0, 0; 2, 1, 2 ;
0,136; 2.701020, 0.363678, 2.308595 / 2.701020, 0.363678, 2.308595 / 2.701020, 0.363678, 2.308595; 1, 28, 1, 0; 0.969811879346; 1, 0, 1; 1, 0, 0; 2, 1, 2 ;
1,138; 0.902385, -3.42439, 0.174734 / 0.902457, -3.42385, 0.175696 / 0.902312, -3.42493, 0.173771; 1, 15, 1, 0; 0.880599249657; 1, 0, 2; 2, 0, 0; 1, 6, 0 / 2, 1, 2 / 2, 7, 0 / 3, 10, 2 ;
0,138; 0.645701, -1.360923, 0.672418 / 0.645701, -1.360923, 0.672418 / 0.645701, -1.360923, 0.672418; 1, 19, 1, 0; 0.834587878157; 0, 1, 0; 1, 0, 0; 2, 1, 1 ;
0,138; 0.380626, -0.396186, 0.767269 / 0.380626, -0.396186, 0.767269 / 0.380626, -0.396186, 0.767269; 1, 23, 1, 0; 0.264622087825; 1, 0, 1; 1, 0, 0; 3, 1, 2 ;
0,138; -0.126289, 1.370691, 0.740057 / -0.126289, 1.370691, 0.740057 / -0.126289, 1.370691, 0.740057; 1, 25, 1, 0; 0.690232437529; 0, 1, 0; 0, 1, 0; 1, 1, 1 ;
0,138; -0.757191, 3.442351, 0.676139 / -0.757191, 3.442351, 0.676139 / -0.757191, 3.442351, 0.676139; 1, 25, 1, 0; 0.444696429643; 1, 0, 1; 1, 0, 0; 2, 1, 2 ;
1,139; 1.61298, 2.96193, -2.8728 / 1.61298, 2.96193, -2.8728 / 1.61298, 2.96193, -2.8728; 1, 4, 1, 0; 0.034850522049; 1, 0, 1; 1, 0, 0; 3, 1, 2 ;
0,139; 1.606198, 2.966774, -2.866124 / 1.606198, 2.966774, -2.866124 / 1.606198, 2.966774, -2.866124; 1, 4, 1, 0; 0.034858726532; 1, 0, 1; 1, 0, 0; 2, 1, 2 ;
0,139; 0.452644, 1.875529, 1.578971 / 0.452644, 1.875529, 1.578971 / 0.452644, 1.875529, 1.578971; 1, 30, 1, 0; 0.120592617703; 1, 0, 1; 1, 0, 0; 2, 1, 2 ;
1,141; -0.0666123, -1.88629, -3.89331 / -0.0666123, -1.88629, -3.89331 / -0.0666123, -1.88629, -3.89331; 1, 1, 1, 0; 0.328749339459; 0, 0, 0; 0, 1, 0; 4, 1, 3 / 4, 4, 0 ;
0,141; -0.065081, -1.884176, -3.888452 / -0.065081, -1.884176, -3.888452 / -0.065081, -1.884176, -3.888452; 1, 1, 1, 0; 0.328748821311; 1, 0, 1; 1, 0, 0; 2, 1, 2 ;
1,145; 2.49387, 2.5812, -2.0041 / 2.49387, 2.5812, -2.0041 / 2.49387, 2.5812, -2.0041; 1, 4, 1, 0; 0.807056016957; 0, 1, 0; 0, 1, 0; 4, 1, 1 ;
0,145; 3.286351, -1.213792, -0.790889 / 3.286351, -1.213792, -0.790889 / 3.286351, -1.213792, -0.790889; 1, 12, 1, 0; 0.544282326984; 1, 0, 1; 0, 1, 0; 1, 1, 2 ;
1,146; -0.478391, 2.39602, -2.80016 / -0.478391, 2.39602, -2.80016 / -0.478391, 2.39602, -2.80016; 1, 2, 1, 0; 0.754837617750; 1, 0, 1; 1, 0, 0; 3, 1, 2 ;
0,146; 1.317540, 1.332632, -1.102096 / 1.317540, 1.332632, -1.102096 / 1.317540, 1.332632, -1.102096; 1, 7, 1, 0; 0.552385759183; 1, 0, 1; 0, 1, 0; 4, 1, 2 ;
0,146; 3.099971, 0.430824, 0.792074 / 3.099971, 0.430824, 0.792074 / 3.099971, 0.430824, 0.792074; 1, 20, 1, 0; 0.877703182895; 1, 0, 1; 1, 0, 0; 2, 1, 2 ;
1,147; -0.501729, 2.76401, -1.29823 / -0.501729, 2.76401, -1.29823 / -0.501729, 2.76401, -1.29823; 1, 7, 1, 0; 0.346909246549; 1, 0, 1; 1, 0, 0; 3, 1, 2 ;
0,147; 0.808678, -0.640146, 0.450090 / 0.808678, -0.640146, 0.450090 / 0.808678, -0.640146, 0.450090; 1, 19, 1, 0; 0.499860900200; 0, 1, 0; 0, 1, 0; 4, 1, 1 ;
0,147; 1.036227, -1.443890, 0.737994 / 1.036227, -1.443890, 0.737994 / 1.036227, -1.443890, 0.737994; 1, 19, 1, 0; 0.833260890944; 1, 0, 1; 1, 0, 0; 3, 1, 2 ;
0,147; 1.577190, -3.847613, 1.637609 / 1.577282, -3.847426, 1.637677 / 1.577098, -3.847800, 1.637540; 1, 22, 1, 0; 0.713225112194; 2, 2, 1; 1, 2, 0; 1, 1, 0 / 1, 6, 0 / 1, 7, 0 / 3, 1, 1 / 4, 1, 2 / 4, 2, 1 / 4, 5, 0 ;
0,147; 1.606384, -3.835719, 1.575376 / 1.606704, -3.835268, 1.575717 / 1.606063, -3.836169, 1.575036; 1, 22, 1, 0; 0.713164897178; 1, 0, 2; 1, 1, 0; 2, 4, 2 / 4, 1, 2 ;
0,147; 1.572982, -3.847058, 1.634327 / 1.572982, -3.847058, 1.634327 / 1.572982, -3.847058, 1.634327; 1, 22, 1, 0; 0.713225854331; 1, 0, 1; 0, 1, 0; 1, 1, 2 ;
0,147; 1.576224, -3.850451, 1.636775 / 1.576224, -3.850451, 1.636775 / 1.576224, -3.850451, 1.636775; 1, 22, 1, 0; 0.713226014400; 1, 0, 1; 1, 0, 0; 2, 1, 2 ;
0,147; 1.563719, -3.851534, 1.637612 / 1.563719, -3.851534, 1.637612 / 1.563719, -3.851534, 1.637612; 1, 22, 1, 0; 0.713228066193; 1, 0, 1; 1, 0, 0; 2, 1, 2 ;
0,147; 1.580183, -3.840747, 1.639714 / 1.580183, -3.840747, 1.639714 / 1.580183, -3.840747, 1.639714; 1, 22, 1, 0; 0.713237430225; 1, 0, 1; 1, 0, 0; 2, 1, 2 ;
0,147; 1.578565, -3.849489, 1.640352 / 1.578565, -3.849489, 1.640352 / 1.578565, -3.849489, 1.640352; 1, 22, 1, 0; 0.713238536155; 1, 0, 1; 1, 0, 0; 2, 1, 2 ;
0,147; 1.638206, -3.993281, 1.580134 / 1.638206, -3.993281, 1.580134 / 1.638206, -3.993281, 1.580134; 1, 22, 1, 0; 0.713579999534; 1, 0, 1; 1, 0, 0; 2, 1, 2 ;
1,148; -0.053928, -1.884, -2.65518 / -0.053928, -1.884, -2.65518 / -0.053928, -1.884, -2.65518; 1, 3, 1, 0; 0.557145915690; 1, 0, 1; 0, 1, 0; 4, 1, 2 ;
0,148; 1.019417, -1.108388, -2.537636 / 1.019417, -1.108388, -2.537636 / 1.019417, -1.108388, -2.537636; 1, 3, 1, 0; 0.607881538703; 0, 1, 0; 0, 1, 0; 1, 1, 1 / 2, 1, 0 ;
0,148; 0.017122, -1.783019, -2.615066 / 0.017325, -1.782639, -2.614555 / 0.016919, -1.783400, -2.615576; 1, 3, 1, 0; 0.559170920022; 2, 2, 1; 3, 0, 0; 2, 1, 1 / 3, 3, 1 / 3, 4, 2 ;
0,148; 0.021437, -1.783818, -2.616013 / 0.021661, -1.783609, -2.615929 / 0.021212, -1.784027, -2.616097; 1, 3, 1, 0; 0.559171419706; 2, 1, 1; 2, 0, 0; 2, 1, 1 / 2, 2, 2 / 4, 3, 0 ;
0,148; -0.052468, -1.866790, -2.655937 / -0.052468, -1.866790, -2.655937 / -0.052468, -1.866790, -2.655937; 1, 3, 1, 0; 0.557148913792; 1, 0, 1; 1, 0, 0; 3, 1, 2 ;
0,148; -0.056991, -1.867032, -2.655143 / -0.056991, -1.867032, -2.655143 / -0.056991, -1.867032, -2.655143; 1, 3, 1, 0; 0.557148986327; 1, 0, 1; 1, 0, 0; 2, 1, 2 ;
0,148; -0.050599, -1.864259, -2.653303 / -0.050599, -1.864259, -2.653303 / -0.050599, -1.864259, -2.653303; 1, 3, 1, 0; 0.557149353031; 1, 0, 1; 1, 0, 0; 3, 1, 2 ;
0,148; -0.060088, -1.869074, -2.647242 / -0.060088, -1.869074, -2.647242 / -0.060088, -1.869074, -2.647242; 1, 3, 1, 0; 0.557150207328; 1, 0, 1; 1, 0, 0; 3, 1, 2 ;
0,148; -0.059080, -1.883360, -2.650210 / -0.059080, -1.883360, -2.650210 / -0.059080, -1.883360, -2.650210; 1, 3, 1, 0; 0.557152524410; 1, 0, 1; 1, 0, 0; 2, 1, 2 ;
0,148; -0.060301, -1.880953, -2.659096 / -0.060301, -1.880953, -2.659096 / -0.060301, -1.880953, -2.659096; 1, 3, 1, 0; 0.557153725263; 1, 0, 1; 1, 0, 0; 3, 1, 2 ;
0,148; 0.016258, -1.787869, -2.612245 / 0.016258, -1.787869, -2.612245 / 0.016258, -1.787869, -2.612245; 1, 3, 1, 0; 0.559170835399; 1, 0, 1; 1, 0, 0; 2, 1, 2 ;
0,148; 0.025544, -1.791550, -2.617001 / 0.025544, -1.791550, -2.617001 / 0.025544, -1.791550, -2.617001; 1, 3, 1, 0; 0.559171806558; 1, 0, 1; 1, 0, 0; 2, 1, 2 ;
0,148; 0.030965, -1.780613, -2.609243 / 0.030965, -1.780613, -2.609243 / 0.030965, -1.780613, -2.609243; 1, 3, 1, 0; 0.559172656826; 1, 0, 1; 1, 0, 0; 2, 1, 2 / 4, 6, 0 ;
0,148; 0.030875, -1.779276, -2.600018 / 0.030875, -1.779276, -2.600018 / 0.030875, -1.779276, -2.600018; 1, 3, 1, 0; 0.559173382173; 1, 0, 1; 1, 0, 0; 2, 1, 2 ;
0,148; 1.029200, -1.113070, -2.537103 / 1.029200, -1.113070, -2.537103 / 1.029200, -1.113070, -2.537103; 1, 3, 1, 0; 0.607875619064; 1, 0, 1; 1, 0, 0; 3, 1, 2 ;
0,148; -1.064539, -2.298175, -2.347305 / -1.064539, -2.298175, -2.347305 / -1.064539, -2.298175, -2.347305; 1, 5, 1, 0; 0.532282373768; 1, 0, 1; 0, 1, 0; 1, 1, 2 ;
1,149; -0.395395, -3.80934, 0.391462 / -0.395395, -3.80934, 0.391462 / -0.395395, -3.80934, 0.391462; 1, 18, 1, 0; 0.152264185421; 0, 1, 0; 0, 1, 0; 4, 1, 1 ;
0,149; -2.114467, 1.465339, 0.793687 / -2.114467, 1.465339, 0.793687 / -2.114467, 1.465339, 0.793687; 1, 24, 1, 0; 0.189422915198; 1, 0, 1; 0, 1, 0; 1, 1, 2 ;
0,149; -2.119404, 1.464818, 0.795016 / -2.119404, 1.464818, 0.795016 / -2.119404, 1.464818, 0.795016; 1, 24, 1, 0; 0.189422678721; 1, 0, 1; 1, 0, 0; 2, 1, 2 / 3, 2, 0 ;
1,151; 2.31018, 0.312221, 1.87644 / 2.31018, 0.312221, 1.87644 / 2.31018, 0.312221, 1.87644; 1, 28, 1, 0; 0.711641149885; 1, 0, 1; 0, 1, 0; 1, 1, 2 ;
1,154; 0.31876, 2.2544, -3.54458 / 0.31876, 2.2544, -3.54458 / 0.31876, 2.2544, -3.54458; 1, 2, 1, 0; 0.112622840784; 1, 0, 1; 1, 0, 0; 2, 1, 2 ;
0,154; 1.675806, 3.644910, -0.645353 / 1.675806, 3.644910, -0.645353 / 1.675806, 3.644910, -0.645353; 1, 13, 1, 0; 0.219023688270; 1, 0, 1; 0, 1, 0; 1, 1, 2 ;
0,154; 1.679146, 3.643408, -0.645002 / 1.679146, 3.643408, -0.645002 / 1.679146, 3.643408, -0.645002; 1, 13, 1, 0; 0.219024414564; 1, 0, 1; 0, 1, 0; 1, 1, 2 ;
0,154; 1.745298, 3.517444, -0.489964 / 1.745298, 3.517444, -0.489964 / 1.745298, 3.517444, -0.489964; 1, 13, 1, 0; 0.657464137686; 0, 1, 0; 0, 1, 0; 4, 1, 1 / 4, 9, 0 ;
0,154; 1.670520, 3.640271, -0.642284 / 1.670520, 3.640271, -0.642284 / 1.670520, 3.640271, -0.642284; 1, 13, 1, 0; 0.219022537278; 1, 0, 1; 1, 0, 0; 3, 1, 2 ;
0,154; 1.670367, 3.588891, -0.611910 / 1.670367, 3.588891, -0.611910 / 1.670367, 3.588891, -0.611910; 1, 13, 1, 0; 0.655475802709; 0, 1, 0; 1, 0, 0; 3, 1, 1 ;
1,155; 3.29807, -0.190437, -1.10412 / 3.29807, -0.190437, -1.10412 / 3.29807, -0.190437, -1.10412; 1, 11, 1, 0; 0.720398431313; 1, 0, 1; 0, 1, 0; 1, 1, 2 ;
0,155; 3.295234, -0.190213, -1.102815 / 3.295234, -0.190213, -1.102815 / 3.295234, -0.190213, -1.102815; 1, 11, 1, 0; 0.720408312849; 0, 1, 0; 1, 0, 0; 2, 1, 1 ;
0,155; 3.854856, 0.254935, -1.439664 / 3.854856, 0.254935, -1.439664 / 3.854856, 0.254935, -1.439664; 1, 12, 1, 0; 0.091179398800; 1, 0, 1; 0, 1, 0; 4, 1, 2 ;
0,155; 1.496368, -1.732530, 0.133120 / 1.496368, -1.732530, 0.133120 / 1.496368, -1.732530, 0.133120; 1, 15, 1, 0; 0.618713587877; 1, 0, 1; 1, 0, 0; 2, 1, 2 ;
0,155; 1.845054, -1.413303, -0.138004 / 1.845237, -1.413035, -0.137569 / 1.844871, -1.413572, -0.138439; 1, 16, 1, 0; 0.291916401462; 2, 1, 1; 2, 0, 0; 2, 1, 1 / 3, 3, 2 ;
0,155; 1.143627, -2.073985, 0.412305 / 1.143627, -2.073985, 0.412305 / 1.143627, -2.073985, 0.412305; 1, 18, 1, 0; 0.419181996602; 1, 0, 1; 1, 0, 0; 3, 1, 2 ;
0,155; -0.090665, -3.177115, 1.397074 / -0.090543, -3.177002, 1.397667 / -0.090786, -3.177228, 1.396480; 1, 22, 1, 0; 0.566325079598; 1, 0, 2; 1, 1, 0; 1, 1, 2 / 3, 4, 2 ;
0,155; -0.099768, -3.190081, 1.404274 / -0.099768, -3.190081, 1.404274 / -0.099768, -3.190081, 1.404274; 1, 22, 1, 0; 0.566333723319; 1, 0, 1; 0, 1, 0; 1, 1, 2 ;
0,155; -0.187732, -3.268664, 1.483131 / -0.187732, -3.268664, 1.483131 / -0.187732, -3.268664, 1.483131; 1, 22, 1, 0; 0.567437398502; 1, 0, 1; 1, 0, 0; 2, 1, 2 ;
0,155; -0.191046, -3.279917, 1.485188 / -0.191046, -3.279917, 1.485188 / -0.191046, -3.279917, 1.485188; 1, 22, 1, 0; 0.567448705188; 1, 0, 1; 1, 0, 0; 3, 1, 2 / 3, 6, 0 / 4, 8, 0 ;
0,155; -0.188832, -3.277120, 1.484482 / -0.188832, -3.277120, 1.484482 / -0.188832, -3.277120, 1.484482; 1, 22, 1, 0; 0.567448814326; 1, 0, 1; 1, 0, 0; 3, 1, 2 ;
1,158; -3.22004, 0.476251, -2.67621 / -3.22004, 0.476251, -2.67621 / -3.22004, 0.476251, -2.67621; 1, 2, 1, 0; 0.859098168206; 0, 1, 0; 0, 1, 0; 1, 1, 1 ;
0,158; -2.960339, 0.530268, -1.581437 / -2.960339, 0.530268, -1.581437 / -2.960339, 0.530268, -1.581437; 1, 6, 1, 0; 0.739871162643; 1, 0, 1; 1, 0, 0; 3, 1, 2 ;
0,158; -2.802519, 0.583843, -0.977492 / -2.801505, 0.584360, -0.977131 / -2.803533, 0.583326, -0.977852; 1, 10, 1, 0; 0.243118655083; 1, 0, 3; 1, 2, 0; 3, 2, 2 / 4, 1, 2 / 4, 6, 2 ;
0,158; 0.583779, -0.492771, 2.637298 / 0.583779, -0.492771, 2.637298 / 0.583779, -0.492771, 2.637298; 1, 34, 1, 0; 0.750013869868; 1, 0, 1; 0, 1, 0; 4, 1, 2 ;
0,158; 1.628619, -1.197398, 2.532033 / 1.628619, -1.197398, 2.532033 / 1.628619, -1.197398, 2.532033; 1, 34, 1, 0; 0.589000608678; 1, 0, 1; 1, 0, 0; 3, 1, 2 ;
0,158; 0.570624, -0.516122, 2.652205 / 0.570624, -0.516122, 2.652205 / 0.570624, -0.516122, 2.652205; 1, 34, 1, 0; 0.749922668004; 1, 0, 1; 1, 0, 0; 2, 1, 2 ;
0,158; 0.583883, -0.494217, 2.638957 / 0.583883, -0.494217, 2.638957 / 0.583883, -0.494217, 2.638957; 1, 34, 1, 0; 0.750013657828; 1, 0, 1; 1, 0, 0; 3, 1, 2 ;
0,158; 0.592200, -0.484831, 2.643152 / 0.592200, -0.484831, 2.643152 / 0.592200, -0.484831, 2.643152; 1, 34, 1, 0; 0.750015316724; 1, 0, 1; 1, 0, 0; 3, 1, 2 ;
1,159; -1.63908, -0.937721, -1.40193 / -1.63908, -0.937721, -1.40193 / -1.63908, -0.937721, -1.40193; 1, 6, 1, 0; 0.929201044696; 1, 0, 1; 1, 0, 0; 2, 1, 2 ;
1,160; -0.0651195, 0.876012, -0.398573 / -0.0643383, 0.876335, -0.398123 / -0.0659007, 0.87569, -0.399023; 1, 13, 1, 0; 0.387813343625; 2, 1, 2; 1, 2, 0; 1, 2, 2 / 1, 5, 1 / 2, 1, 2 ;
0,160; 3.047220, 0.711037, 0.490752 / 3.047220, 0.711037, 0.490752 / 3.047220, 0.711037, 0.490752; 1, 19, 1, 0; 0.701644618669; 1, 0, 1; 0, 1, 0; 1, 1, 2 ;
0,160; 3.049176, 0.716449, 0.484564 / 3.049176, 0.716449, 0.484564 / 3.049176, 0.716449, 0.484564; 1, 19, 1, 0; 0.701630684103; 1, 0, 1; 1, 0, 0; 2, 1, 2 ;
0,160; 3.822166, 0.716752, 0.736454 / 3.822643, 0.716944, 0.736610 / 3.821689, 0.716560, 0.736298; 1, 20, 1, 0; 0.857801773385; 0, 2, 0; 1, 1, 0; 1, 1, 1 / 3, 4, 1 / 3, 8, 0 ;
1,161; 3.22044, 0.114018, -0.989503 / 3.22044, 0.114018, -0.989503 / 3.22044, 0.114018, -0.989503; 1, 11, 1, 0; 0.722944062610; 1, 0, 1; 1, 0, 0; 3, 1, 2 ;
1,162; -1.68818, -1.45393, 2.89139 / -1.68818, -1.45393, 2.89139 / -1.68818, -1.45393, 2.89139; 1, 35, 1, 0; 0.353553767555; 1, 0, 1; 1, 0, 0; 3, 1, 2 ;
1,163; 3.207, 2.66446, 0.0168881 / 3.207, 2.66446, 0.0168881 / 3.207, 2.66446, 0.0168881; 1, 20, 1, 0; 0.233275440165; 0, 1, 0; 0, 1, 0; 1, 1, 1 ;
1,165; -0.260155, 2.29907, -1.01098 / -0.260155, 2.29907, -1.01098 / -0.260155, 2.29907, -1.01098; 1, 7, 1, 0; 0.638559882019; 1, 0, 1; 1, 0, 0; 2, 1, 2 ;
0,165; -0.555537, 2.277142, -1.015760 / -0.555537, 2.277142, -1.015760 / -0.555537, 2.277142, -1.015760; 1, 7, 1, 0; 0.640708584029; 0, 0, 0; 1, 0, 0; 3, 1, 3 ;
1,166; 0.225115, -2.41072, -2.60981 / 0.225117, -2.41072, -2.60981 / 0.225113, -2.41073, -2.60982; 1, 3, 1, 0; 0.520136256483; 0, 2, 0; 1, 1, 0; 1, 1, 1 / 2, 1, 1 ;
0,166; 0.231186, -2.409360, -2.611224 / 0.231186, -2.409360, -2.611224 / 0.231186, -2.409360, -2.611224; 1, 3, 1, 0; 0.520136369315; 1, 0, 1; 0, 1, 0; 1, 3, 0 / 4, 1, 2 ;
0,166; 0.223077, -2.407239, -2.606444 / 0.223077, -2.407239, -2.606444 / 0.223077, -2.407239, -2.606444; 1, 3, 1, 0; 0.520143159371; 1, 0, 1; 1, 0, 0; 2, 1, 2 ;
1,167; -1.84412, 0.392428, 2.35475 / -1.84412, 0.392428, 2.35475 / -1.84412, 0.392428, 2.35475; 1, 36, 1, 0; 0.355857235606; 1, 0, 1; 0, 1, 0; 4, 1, 2 ;
1,168; 2.11924, 3.65389, -0.178651 / 2.11986, 3.65448, -0.178391 / 2.11862, 3.6533, -0.178912; 1, 20, 1, 0; 0.115045780871; 0, 2, 0; 0, 2, 0; 1, 1, 1 / 1, 7, 1 ;
0,168; 2.121329, 3.655591, -0.180840 / 2.121329, 3.655591, -0.180840 / 2.121329, 3.655591, -0.180840; 1, 20, 1, 0; 0.115045614553; 1, 0, 1; 0, 1, 0; 1, 1, 2 ;
0,168; 2.120235, 3.652642, -0.182330 / 2.120235, 3.652642, -0.182330 / 2.120235, 3.652642, -0.182330; 1, 20, 1, 0; 0.115033162387; 1, 0, 1; 1, 0, 0; 2, 1, 2 ;
0,168; 2.116455, 3.658966, -0.177126 / 2.116455, 3.658966, -0.177126 / 2.116455, 3.658966, -0.177126; 1, 20, 1, 0; 0.115044652800; 1, 0, 1; 1, 0, 0; 3, 1, 2 ;
0,168; 2.555651, 3.667000, 0.191524 / 2.555651, 3.667000, 0.191524 / 2.555651, 3.667000, 0.191524; 1, 20, 1, 0; 0.179741917662; 1, 0, 1; 1, 0, 0; 3, 1, 2 ;
1,169; 1.15578, 0.664865, -2.05261 / 1.15578, 0.664865, -2.05261 / 1.15578, 0.664865, -2.05261; 1, 4, 1, 0; 0.661982224962; 1, 0, 1; 0, 1, 0; 4, 1, 2 ;
0,169; 1.287525, 1.073109, -1.026331 / 1.287525, 1.073109, -1.026331 / 1.287525, 1.073109, -1.026331; 1, 11, 1, 0; 0.855284561917; 1, 0, 1; 0, 1, 0; 4, 1, 2 ;
0,169; 1.291953, 1.073772, -1.027996 / 1.291953, 1.073772, -1.027996 / 1.291953, 1.073772, -1.027996; 1, 11, 1, 0; 0.855285557509; 0, 1, 0; 1, 0, 0; 2, 1, 1 ;
0,169; 1.295097, 1.074756, -1.029406 / 1.295097, 1.074756, -1.029406 / 1.295097, 1.074756, -1.029406; 1, 11, 1, 0; 0.855286272733; 1, 0, 1; 1, 0, 0; 3, 1, 2 ;
0,169; 1.382279, 1.360030, -0.135136 / 1.382279, 1.360030, -0.135136 / 1.382279, 1.360030, -0.135136; 1, 13, 1, 0; 0.842889099801; 1, 0, 1; 0, 1, 0; 4, 1, 2 ;
0,169; 1.378284, 1.334090, -0.207841 / 1.378284, 1.334090, -0.207841 / 1.378284, 1.334090, -0.207841; 1, 13, 1, 0; 0.842580904864; 1, 0, 1; 1, 0, 0; 2, 1, 2 ;
0,169; 1.596806, 2.021176, 1.758978 / 1.596806, 2.021176, 1.758978 / 1.596806, 2.021176, 1.758978; 1, 28, 1, 0; 0.267131457007; 1, 0, 1; 1, 0, 0; 3, 1, 2 ;
0,169; 2.019379, 2.338256, 2.257342 / 2.019379, 2.338256, 2.257342 / 2.019379, 2.338256, 2.257342; 1, 31, 1, 0; 0.429977814203; 1, 0, 1; 1, 0, 0; 2, 1, 2 ;
0,169; 0.019808, 2.196328, 3.826304 / 0.019808, 2.196328, 3.826304 / 0.019808, 2.196328, 3.826304; 1, 46, 1, 0; 0.474980673288; 1, 0, 1; 1, 0, 0; 3, 1, 2 ;
1,170; 1.52888, -1.73991, 3.31385 / 1.52888, -1.73991, 3.31385 / 1.52888, -1.73991, 3.31385; 1, 40, 1, 0; 0.558485258526; 1, 0, 1; 1, 0, 0; 3, 1, 2 ;
0,170; 2.290081, -0.060568, 3.811087 / 2.290081, -0.060568, 3.811087 / 2.290081, -0.060568, 3.811087; 1, 46, 1, 0; 0.194559201803; 0, 1, 0; 0, 1, 0; 4, 1, 1 ;
1,172; -3.61692, -2.31196, 1.4992 / -3.61649, -2.31127, 1.49965 / -3.61735, -2.31265, 1.49875; 1, 21, 1, 0; 0.896979288537; 1, 0, 1; 1, 1, 0; 1, 7, 3 / 3, 1, 2 / 4, 10, 0 ;
0,172; -3.619085, -2.257804, 1.473759 / -3.619085, -2.257804, 1.473759 / -3.619085, -2.257804, 1.473759; 1, 21, 1, 0; 0.897038499485; 1, 0, 1; 1, 0, 0; 2, 1, 2 ;
1,174; 2.66852, 2.19317, -2.02128 / 2.66852, 2.19317, -2.02128 / 2.66852, 2.19317, -2.02128; 1, 4, 1, 0; 0.798715083596; 1, 0, 1; 1, 0, 0; 2, 1, 2 ;
0,174; 2.083192, -0.255538, 1.070522 / 2.083192, -0.255538, 1.070522 / 2.083192, -0.255538, 1.070522; 1, 26, 1, 0; 0.131897535468; 1, 0, 1; 1, 0, 0; 2, 1, 2 ;
1,175; -2.71334, -0.879551, -3.26527 / -2.71334, -0.879551, -3.26527 / -2.71334, -0.879551, -3.26527; 1, 2, 1, 0; 0.467012105693; 1, 0, 1; 1, 0, 0; 2, 1, 2 ;
0,175; -2.316939, -1.027632, -3.029269 / -2.316939, -1.027632, -3.029269 / -2.316939, -1.027632, -3.029269; 1, 5, 1, 0; 0.098623947634; 1, 0, 1; 1, 0, 0; 3, 1, 2 ;
1,176; 2.65406, 2.38512, 1.61849 / 2.65406, 2.38512, 1.61849 / 2.65406, 2.38512, 1.61849; 1, 28, 1, 0; 0.306380235959; 1, 0, 1; 0, 1, 0; 1, 1, 2 / 3, 5, 0 ;
0,176; 2.568399, 2.378771, 1.595682 / 2.568399, 2.378771, 1.595682 / 2.568399, 2.378771, 1.595682; 1, 28, 1, 0; 0.306486879715; 1, 0, 1; 1, 0, 0; 3, 1, 2 ;
1,177; -3.61856, 1.47412, -0.729264 / -3.61856, 1.47412, -0.729264 / -3.61856, 1.47412, -0.729264; 1, 7, 1, 0; 0.964421716110; 1, 0, 1; 1, 0, 0; 2, 1, 2 ;
0,177; -3.458881, 1.831053, 1.978053 / -3.458881, 1.831053, 1.978053 / -3.458881, 1.831053, 1.978053; 1, 29, 1, 0; 0.867482611898; 1, 0, 1; 1, 0, 0; 2, 1, 2 ;
0,177; -3.461364, 1.827319, 1.980303 / -3.461364, 1.827319, 1.980303 / -3.461364, 1.827319, 1.980303; 1, 29, 1, 0; 0.867499357079; 1, 0, 1; 1, 0, 0; 2, 1, 2 / 3, 9, 0 / 4, 6, 0 ;
1,178; -1.19144, 3.47053, 0.176331 / -1.19098, 3.47115, 0.176994 / -1.1919, 3.4699, 0.175669; 1, 17, 1, 0; 0.477379871335; 1, 0, 2; 1, 1, 0; 2, 1, 2 / 4, 10, 2 ;
0,178; -1.016867, 3.687882, 0.145013 / -1.016867, 3.687882, 0.145013 / -1.016867, 3.687882, 0.145013; 1, 17, 1, 0; 0.479118668207; 1, 0, 1; 0, 1, 0; 1, 1, 2 ;
0,178; -2.865619, 1.147744, 0.472410 / -2.865619, 1.147744, 0.472410 / -2.865619, 1.147744, 0.472410; 1, 17, 1, 0; 0.838727991988; 1, 0, 1; 0, 1, 0; 4, 1, 2 ;
0,178; -2.887763, 1.139719, 0.468894 / -2.887763, 1.139719, 0.468894 / -2.887763, 1.139719, 0.468894; 1, 17, 1, 0; 0.838733850562; 0, 1, 0; 0, 1, 0; 1, 1, 1 ;
0,178; -2.893305, 1.141156, 0.471439 / -2.893305, 1.141156, 0.471439 / -2.893305, 1.141156, 0.471439; 1, 17, 1, 0; 0.838734666577; 1, 0, 1; 0, 1, 0; 4, 1, 2 ;
0,178; -1.192252, 3.468078, 0.171274 / -1.192252, 3.468078, 0.171274 / -1.192252, 3.468078, 0.171274; 1, 17, 1, 0; 0.477366989446; 1, 0, 1; 1, 0, 0; 2, 1, 2 ;
0,178; -2.892523, 1.135902, 0.472707 / -2.892523, 1.135902, 0.472707 / -2.892523, 1.135902, 0.472707; 1, 17, 1, 0; 0.838733648301; 0, 1, 0; 1, 0, 0; 2, 1, 1 ;
0,178; -1.335723, 3.973273, 0.412120 / -1.335641, 3.973360, 0.412187 / -1.335805, 3.973186, 0.412053; 1, 25, 1, 0; 0.241963842098; 2, 1, 1; 1, 1, 0; 1, 1, 2 / 2, 1, 1 ;
0,178; -1.354646, 3.996516, 0.434270 / -1.354646, 3.996516, 0.434270 / -1.354646, 3.996516, 0.434270; 1, 25, 1, 0; 0.243461489006; 1, 0, 1; 0, 1, 0; 1, 1, 2 ;
0,178; -1.182068, 4.228207, 0.751109 / -1.182068, 4.228207, 0.751109 / -1.182068, 4.228207, 0.751109; 1, 25, 1, 0; 0.357859877416; 0, 1, 0; 0, 1, 0; 1, 1, 1 ;
0,178; -1.155458, 4.277503, 0.767979 / -1.155458, 4.277503, 0.767979 / -1.155458, 4.277503, 0.767979; 1, 25, 1, 0; 0.358482456817; 1, 0, 1; 0, 1, 0; 4, 1, 2 ;
0,178; -1.176962, 4.254412, 0.759971 / -1.176962, 4.254412, 0.759971 / -1.176962, 4.254412, 0.759971; 1, 25, 1, 0; 0.357868432558; 1, 0, 1; 1, 0, 0; 2, 1, 2 ;
0,178; -1.175811, 4.251041, 0.758988 / -1.175811, 4.251041, 0.758988 / -1.175811, 4.251041, 0.758988; 1, 25, 1, 0; 0.357868646865; 1, 0, 1; 1, 0, 0; 2, 1, 2 ;
1,180; 0.760546, 0.435623, -3.76882 / 0.760546, 0.435623, -3.76882 / 0.760546, 0.435623, -3.76882; 1, 1, 1, 0; 0.513174245876; 1, 0, 1; 1, 0, 0; 2, 1, 2 ;
1,182; -1.4465, 1.02846, 2.96342 / -1.4462, 1.02857, 2.96367 / -1.4468, 1.02834, 2.96318; 1, 39, 1, 0; 0.404426685526; 0, 1, 0; 2, 0, 0; 2, 1, 3 / 3, 5, 1 ;
1,186; -2.25094, 0.363373, -1.68251 / -2.25094, 0.363373, -1.68251 / -2.25094, 0.363373, -1.68251; 1, 6, 1, 0; 0.742786612638; 1, 0, 1; 1, 0, 0; 2, 1, 2 ;
0,186; -0.716964, -1.654861, -0.757079 / -0.716962, -1.654808, -0.757046 / -0.716966, -1.654913, -0.757112; 1, 9, 1, 0; 0.459852896332; 2, 1, 1; 1, 1, 0; 1, 1, 2 / 2, 1, 1 ;
0,186; 0.886136, -3.778048, 0.213058 / 0.886155, -3.778022, 0.213071 / 0.886116, -3.778074, 0.213045; 1, 15, 1, 0; 0.910598747375; 0, 2, 0; 1, 1, 0; 3, 1, 1 / 4, 1, 1 ;
0,186; 0.887331, -3.774945, 0.212411 / 0.887331, -3.774945, 0.212411 / 0.887331, -3.774945, 0.212411; 1, 15, 1, 0; 0.910597937026; 1, 0, 1; 1, 0, 0; 3, 1, 2 ;
1,188; 0.0853017, 2.60688, -3.46149 / 0.0853017, 2.60688, -3.46149 / 0.0853017, 2.60688, -3.46149; 1, 2, 1, 0; 0.135251753004; 1, 0, 1; 1, 0, 0; 2, 1, 2 ;
0,188; 0.081781, 2.607619, -3.463235 / 0.081781, 2.607619, -3.463235 / 0.081781, 2.607619, -3.463235; 1, 2, 1, 0; 0.135251816289; 1, 0, 1; 1, 0, 0; 2, 1, 2 ;
0,188; -1.220468, -2.345864, 0.504226 / -1.220468, -2.345864, 0.504226 / -1.220468, -2.345864, 0.504226; 1, 18, 1, 0; 0.387971489668; 1, 0, 1; 1, 0, 0; 3, 1, 2 ;
1,189; -0.165111, 1.95875, -3.63394 / -0.165111, 1.95875, -3.63394 / -0.165111, 1.95875, -3.63394; 1, 2, 1, 0; 0.098501612985; 1, 0, 1; 0, 1, 0; 1, 1, 2 ;
1,190; -2.27935, -0.320467, 0.426406 / -2.27935, -0.320467, 0.426406 / -2.27935, -0.320467, 0.426406; 1, 21, 1, 0; 0.083187503274; 1, 0, 1; 1, 0, 0; 2, 1, 2 ;
1,191; 0.224995, -3.15562, -1.46528 / 0.224995, -3.15562, -1.46528 / 0.224995, -3.15562, -1.46528; 1, 8, 1, 0; 0.515266971847; 1, 0, 1; 1, 0, 0; 3, 1, 2 ;
0,191; 0.222482, -3.153746, -1.469177 / 0.222482, -3.153746, -1.469177 / 0.222482, -3.153746, -1.469177; 1, 8, 1, 0; 0.515267565027; 1, 0, 1; 1, 0, 0; 2, 1, 2 ;
0,191; 0.012411, 0.722740, 0.176584 / 0.012411, 0.722740, 0.176584 / 0.012411, 0.722740, 0.176584; 1, 16, 1, 0; 0.594110585166; 0, 1, 0; 1, 0, 0; 2, 1, 1 ;
1,192; -0.479781, -1.92477, -2.19174 / -0.47951, -1.92424, -2.19149 / -0.480051, -1.9253, -2.19199; 1, 5, 1, 0; 0.527831030356; 0, 2, 0; 1, 1, 0; 1, 1, 1 / 2, 3, 1 ;
0,192; -0.825562, -1.610504, -2.877671 / -0.825562, -1.610504, -2.877671 / -0.825562, -1.610504, -2.877671; 1, 5, 1, 0; 0.148860989158; 1, 0, 1; 0, 1, 0; 1, 1, 2 / 3, 9, 0 ;
0,192; -0.672252, -1.466335, -2.655125 / -0.672252, -1.466335, -2.655125 / -0.672252, -1.466335, -2.655125; 1, 5, 1, 0; 0.356997547542; 1, 0, 1; 0, 1, 0; 1, 1, 2 ;
0,192; -0.812120, -1.574024, -2.843001 / -0.812120, -1.574024, -2.843001 / -0.812120, -1.574024, -2.843001; 1, 5, 1, 0; 0.149531754037; 1, 0, 1; 1, 0, 0; 3, 1, 2 ;
0,192; -0.614411, -1.493291, -2.598446 / -0.614411, -1.493291, -2.598446 / -0.614411, -1.493291, -2.598446; 1, 5, 1, 0; 0.357816440094; 0, 1, 0; 1, 0, 0; 2, 1, 1 ;
0,192; -0.481999, -1.711031, -2.272846 / -0.481999, -1.711031, -2.272846 / -0.481999, -1.711031, -2.272846; 1, 5, 1, 0; 0.486150131200; 1, 0, 1; 1, 0, 0; 2, 1, 2 ;
0,192; -0.477684, -1.925136, -2.189705 / -0.477684, -1.925136, -2.189705 / -0.477684, -1.925136, -2.189705; 1, 5, 1, 0; 0.527831623376; 1, 0, 1; 1, 0, 0; 3, 1, 2 ;
1,194; 2.02783, 0.570962, 3.79163 / 2.02783, 0.570962, 3.79163 / 2.02783, 0.570962, 3.79163; 1, 46, 1, 0; 0.277629140739; 1, 0, 1; 1, 0, 0; 3, 1, 2 ;
1,197; -0.284854, -1.06314, -3.31941 / -0.284854, -1.06314, -3.31941 / -0.284854, -1.06314, -3.31941; 1, 3, 1, 0; 0.138607075360; 1, 0, 1; 0, 1, 0; 1, 1, 2 ;
0,197; -0.291549, -1.065415, -3.327527 / -0.291549, -1.065415, -3.327527 / -0.291549, -1.065415, -3.327527; 1, 3, 1, 0; 0.138601083185; 1, 0, 1; 1, 0, 0; 3, 1, 2 ;
0,197; -0.425786, -1.218213, -3.260082 / -0.425595, -1.217727, -3.259372 / -0.425978, -1.218698, -3.260792; 1, 5, 1, 0; 0.073282162045; 0, 2, 0; 0, 2, 0; 4, 1, 1 / 4, 7, 1 ;
0,197; -0.426403, -1.226527, -3.270742 / -0.426403, -1.226527, -3.270742 / -0.426403, -1.226527, -3.270742; 1, 5, 1, 0; 0.073274055799; 1, 0, 1; 1, 0, 0; 3, 1, 2 ;
0,197; -0.428619, -1.225238, -3.259505 / -0.428619, -1.225238, -3.259505 / -0.428619, -1.225238, -3.259505; 1, 5, 1, 0; 0.073282902095; 1, 0, 1; 1, 0, 0; 2, 1, 2 ;
1,198; 1.91365, 1.67618, -1.00657 / 1.91365, 1.67618, -1.00657 / 1.91365, 1.67618, -1.00657; 1, 11, 1, 0; 0.889250914342; 1, 0, 1; 1, 0, 0; 3, 1, 2 ;
0,198; 1.909993, 1.675680, -1.007830 / 1.909993, 1.675680, -1.007830 / 1.909993, 1.675680, -1.007830; 1, 11, 1, 0; 0.889251589514; 1, 0, 1; 1, 0, 0; 2, 1, 2 ;
0,198; 2.614747, 3.097032, -1.527391 / 2.614747, 3.097032, -1.527391 / 2.614747, 3.097032, -1.527391; 1, 13, 1, 0; 0.057922817086; 1, 0, 1; 1, 0, 0; 3, 1, 2 ;
0,198; 1.735799, -2.832519, -0.833887 / 1.735799, -2.832519, -0.833887 / 1.735799, -2.832519, -0.833887; 1, 15, 1, 0; 0.038488772984; 1, 0, 1; 0, 1, 0; 4, 1, 2 ;
0,198; 1.737411, -2.907489, -0.849516 / 1.737411, -2.907489, -0.849516 / 1.737411, -2.907489, -0.849516; 1, 15, 1, 0; 0.036968558463; 1, 0, 1; 1, 0, 0; 2, 1, 2 ;
0,198; 1.739739, -2.824058, -0.830834 / 1.739739, -2.824058, -0.830834 / 1.739739, -2.824058, -0.830834; 1, 15, 1, 0; 0.038489235084; 1, 0, 1; 1, 0, 0; 3, 1, 2 ;
