1,2; -1.74946, -2.57658, -0.869647 / -1.74946, -2.57658, -0.869647 / -1.74946, -2.57658, -0.869647; 1, 9, 1, 0; 0.574439079065; 1, 0, 1; 1, 0, 0; 3, 1, 2 ;
0,2; 0.214443, -1.011529, 2.021280 / 0.214443, -1.011529, 2.021280 / 0.214443, -1.011529, 2.021280; 1, 30, 1, 0; 0.477244584848; 1, 0, 1; 0, 1, 0; 1, 1, 2 ;
0,2; 0.238359, -0.989669, 2.070226 / 0.238359, -0.989669, 2.070226 / 0.238359, -0.989669, 2.070226; 1, 30, 1, 0; 0.477405802269; 1, 0, 1; 0, 1, 0; 1, 1, 2 / 4, 5, 0 ;
0,2; 0.216373, -1.010539, 2.020444 / 0.216463, -1.009581, 2.021126 / 0.216282, -1.011498, 2.019763; 1, 30, 1, 0; 0.477245666125; 1, 0, 2; 2, 0, 0; 3, 1, 2 / 3, 10, 2 ;
0,2; 1.021105, -0.378810, 3.868854 / 1.021105, -0.378810, 3.868854 / 1.021105, -0.378810, 3.868854; 1, 46, 1, 0; 0.122213869223; 1, 0, 1; 0, 1, 0; 1, 1, 2 ;
0,2; 1.048268, -0.481200, 3.872993 / 1.048268, -0.481200, 3.872993 / 1.048268, -0.481200, 3.872993; 1, 46, 1, 0; 0.122853900672; 1, 0, 1; 1, 0, 0; 3, 1, 2 ;
1,3; 2.63156, -1.95982, -0.564871 / 2.63182, -1.95967, -0.564454 / 2.6313, -1.95997, -0.565288; 1, 12, 1, 0; 0.641841799298; 1, 0, 2; 0, 2, 1; 1, 1, 2 / 4, 4, 2 ;
0,3; 2.633718, -1.956438, -0.563412 / 2.633837, -1.956330, -0.563023 / 2.633598, -1.956546, -0.563802; 1, 12, 1, 0; 0.641841707749; 1, 0, 2; 1, 1, 0; 1, 1, 2 / 2, 2, 2 / 2, 7, 0 / 3, 8, 0 ;
0,3; 2.637214, -1.935370, -0.563802 / 2.637214, -1.935370, -0.563802 / 2.637214, -1.935370, -0.563802; 1, 12, 1, 0; 0.641836060340; 1, 0, 1; 1, 0, 0; 2, 1, 2 ;
0,3; 2.631743, -1.958301, -0.559971 / 2.631743, -1.958301, -0.559971 / 2.631743, -1.958301, -0.559971; 1, 12, 1, 0; 0.641841078352; 1, 0, 1; 1, 0, 0; 2, 1, 2 ;
0,3; 2.633716, -1.939113, -0.566026 / 2.633716, -1.939113, -0.566026 / 2.633716, -1.939113, -0.566026; 1, 12, 1, 0; 0.641845947598; 1, 0, 1; 1, 0, 0; 3, 1, 2 ;
0,3; 2.624355, -1.937683, -0.560889 / 2.624355, -1.937683, -0.560889 / 2.624355, -1.937683, -0.560889; 1, 12, 1, 0; 0.641846966077; 1, 0, 1; 1, 0, 0; 3, 1, 2 ;
0,3; 2.631324, -1.936906, -0.555712 / 2.631324, -1.936906, -0.555712 / 2.631324, -1.936906, -0.555712; 1, 12, 1, 0; 0.641847469594; 0, 1, 0; 1, 0, 0; 3, 1, 1 ;
1,4; 0.576924, -3.76618, -1.9618 / 0.576924, -3.76618, -1.9618 / 0.576924, -3.76618, -1.9618; 1, 5, 1, 0; 0.643513910494; 1, 0, 1; 0, 1, 0; 1, 1, 2 ;
0,4; 0.189939, -2.924703, -1.148565 / 0.189939, -2.924703, -1.148565 / 0.189939, -2.924703, -1.148565; 1, 8, 1, 0; 0.869878137333; 1, 0, 1; 0, 1, 0; 4, 1, 2 ;
0,4; -0.025435, -2.496247, -0.737876 / -0.025194, -2.495228, -0.737429 / -0.025676, -2.497266, -0.738323; 1, 9, 1, 0; 0.587099078027; 0, 4, 0; 2, 2, 0; 1, 4, 1 / 1, 5, 1 / 1, 6, 0 / 2, 1, 1 / 2, 5, 1 / 4, 7, 0 ;
0,4; -0.024255, -2.498477, -0.741050 / -0.024255, -2.498477, -0.741050 / -0.024255, -2.498477, -0.741050; 1, 9, 1, 0; 0.587098375139; 1, 0, 1; 0, 1, 0; 4, 1, 2 ;
0,4; -0.026545, -2.487105, -0.728510 / -0.026545, -2.487105, -0.728510 / -0.026545, -2.487105, -0.728510; 1, 9, 1, 0; 0.587110264762; 0, 1, 0; 0, 1, 0; 4, 1, 1 ;
1,5; -0.574947, -0.474328, 2.3862 / -0.574947, -0.474328, 2.3862 / -0.574947, -0.474328, 2.3862; 1, 31, 1, 0; 0.983068150273; 1, 0, 1; 1, 0, 0; 3, 1, 2 ;
0,5; 0.994874, -1.396623, 2.683218 / 0.994874, -1.396623, 2.683218 / 0.994874, -1.396623, 2.683218; 1, 34, 1, 0; 0.488774674520; 1, 0, 1; 1, 0, 0; 2, 1, 2 ;
0,5; 0.991102, -1.392678, 2.684050 / 0.991102, -1.392678, 2.684050 / 0.991102, -1.392678, 2.684050; 1, 34, 1, 0; 0.488796377370; 1, 0, 1; 1, 0, 0; 3, 1, 2 ;
1,8; -1.90706, -2.21476, 1.72765 / -1.90706, -2.21476, 1.72765 / -1.90706, -2.21476, 1.72765; 1, 32, 1, 0; 0.165986783258; 1, 0, 1; 0, 1, 0; 4, 1, 2 ;
1,9; -2.6659, -0.442215, 1.86722 / -2.6651, -0.441421, 1.86724 / -2.6667, -0.443008, 1.8672; 1, 30, 1, 0; 0.570440654455; 2, 1, 1; 0, 2, 0; 1, 1, 2 / 1, 8, 1 / 3, 8, 0 ;
0,9; -2.667839, -0.434636, 1.867886 / -2.667287, -0.434213, 1.868104 / -2.668390, -0.435058, 1.867667; 1, 30, 1, 0; 0.570443596308; 2, 2, 1; 2, 1, 0; 1, 3, 1 / 2, 1, 2 / 2, 3, 1 / 4, 6, 0 ;
0,9; -2.667632, -0.438313, 1.866817 / -2.667516, -0.438192, 1.866843 / -2.667749, -0.438433, 1.866790; 1, 30, 1, 0; 0.570442398136; 0, 1, 0; 1, 1, 0; 2, 8, 0 / 3, 1, 1 / 4, 1, 3 / 4, 4, 0 ;
0,9; -2.662997, -0.437663, 1.866813 / -2.662246, -0.437618, 1.867002 / -2.663748, -0.437708, 1.866624; 1, 30, 1, 0; 0.570442183829; 2, 1, 1; 2, 0, 0; 2, 1, 1 / 3, 8, 2 ;
1,12; -2.30717, -0.589715, -1.16695 / -2.30717, -0.589715, -1.16695 / -2.30717, -0.589715, -1.16695; 1, 10, 1, 0; 0.170233402108; 1, 0, 1; 1, 0, 0; 2, 1, 2 ;
0,12; -1.046048, -0.742438, -0.526651 / -1.045918, -0.742266, -0.525882 / -1.046179, -0.742609, -0.527421; 1, 16, 1, 0; 0.204594189330; 2, 1, 1; 2, 0, 0; 2, 3, 2 / 3, 1, 1 ;
0,12; 2.960322, -0.456053, 1.916974 / 2.960322, -0.456053, 1.916974 / 2.960322, -0.456053, 1.916974; 1, 28, 1, 0; 0.824242719752; 1, 0, 1; 1, 0, 0; 2, 1, 2 ;
1,13; 0.330589, -0.823801, -1.97607 / 0.330589, -0.823801, -1.97607 / 0.330589, -0.823801, -1.97607; 1, 4, 1, 0; 0.513035155164; 1, 0, 1; 1, 0, 0; 3, 1, 2 ;
0,13; 0.138657, -0.479612, -1.072776 / 0.138657, -0.479612, -1.072776 / 0.138657, -0.479612, -1.072776; 1, 11, 1, 0; 0.674334040547; 1, 0, 1; 1, 0, 0; 2, 1, 2 ;
0,13; -0.956664, 1.064222, 3.342536 / -0.956664, 1.064222, 3.342536 / -0.956664, 1.064222, 3.342536; 1, 42, 1, 0; 0.369758337401; 1, 0, 1; 0, 1, 0; 1, 1, 2 / 1, 3, 0 ;
1,14; 1.0005, -2.72341, -2.97348 / 1.0005, -2.72341, -2.97348 / 1.0005, -2.72341, -2.97348; 1, 3, 1, 0; 0.424503612632; 0, 1, 0; 0, 1, 0; 1, 1, 1 ;
0,14; 0.179658, -1.073547, -2.099339 / 0.179658, -1.073547, -2.099339 / 0.179658, -1.073547, -2.099339; 1, 5, 1, 0; 0.916851943882; 1, 0, 1; 1, 0, 0; 1, 4, 0 / 2, 1, 2 / 3, 1, 0 ;
0,14; -1.712944, 2.969642, -0.284838 / -1.712944, 2.969642, -0.284838 / -1.712944, 2.969642, -0.284838; 1, 14, 1, 0; 0.571905900586; 1, 0, 1; 1, 0, 0; 3, 1, 2 ;
1,15; 0.527889, 0.991522, -0.461392 / 0.527889, 0.991522, -0.461392 / 0.527889, 0.991522, -0.461392; 1, 13, 1, 0; 0.405417785344; 0, 1, 0; 0, 1, 0; 1, 1, 1 ;
0,15; 1.353740, 2.798931, -0.611277 / 1.353740, 2.798931, -0.611277 / 1.353740, 2.798931, -0.611277; 1, 13, 1, 0; 0.577518400479; 1, 0, 1; 1, 0, 0; 3, 1, 2 ;
0,15; -0.765807, -1.639451, -0.265823 / -0.765807, -1.639451, -0.265823 / -0.765807, -1.639451, -0.265823; 1, 15, 1, 0; 0.543862980048; 1, 0, 1; 1, 0, 0; 2, 1, 2 ;
0,15; -1.205990, -2.968932, -0.137703 / -1.205990, -2.968932, -0.137703 / -1.205990, -2.968932, -0.137703; 1, 16, 1, 0; 0.264581424660; 1, 0, 1; 0, 1, 0; 4, 1, 2 ;
1,18; 2.75851, 1.97652, -2.29219 / 2.75851, 1.97652, -2.29219 / 2.75851, 1.97652, -2.29219; 1, 4, 1, 0; 0.346599144896; 0, 0, 0; 1, 0, 0; 2, 1, 3 / 4, 4, 0 ;
0,18; 0.133614, -0.954506, -1.375262 / 0.134159, -0.953751, -1.374357 / 0.133070, -0.955260, -1.376167; 1, 8, 1, 0; 0.732968558399; 2, 1, 3; 3, 1, 0; 1, 8, 1 / 2, 9, 2 / 2, 10, 2 / 3, 1, 2 ;
0,18; 0.135857, -0.951162, -1.374291 / 0.135857, -0.951162, -1.374291 / 0.135857, -0.951162, -1.374291; 1, 8, 1, 0; 0.732967740220; 1, 0, 1; 0, 1, 0; 1, 1, 2 ;
0,18; 0.139158, -0.958107, -1.391323 / 0.139158, -0.958107, -1.391323 / 0.139158, -0.958107, -1.391323; 1, 8, 1, 0; 0.732959118657; 1, 0, 1; 1, 0, 0; 3, 1, 2 ;
0,18; 0.123875, -0.949876, -1.360092 / 0.123875, -0.949876, -1.360092 / 0.123875, -0.949876, -1.360092; 1, 8, 1, 0; 0.732979915748; 1, 0, 1; 1, 0, 0; 3, 1, 2 ;
0,18; 0.122095, -0.944951, -1.358657 / 0.122095, -0.944951, -1.358657 / 0.122095, -0.944951, -1.358657; 1, 8, 1, 0; 0.732980810631; 1, 0, 1; 1, 0, 0; 3, 1, 2 ;
0,18; -0.846650, -1.683368, -0.676808 / -0.846650, -1.683368, -0.676808 / -0.846650, -1.683368, -0.676808; 1, 9, 1, 0; 0.460153262050; 1, 0, 1; 0, 1, 0; 4, 1, 2 ;
0,18; -0.677482, -1.553923, -0.799077 / -0.677482, -1.553923, -0.799077 / -0.677482, -1.553923, -0.799077; 1, 9, 1, 0; 0.460853668427; 0, 1, 0; 0, 1, 0; 4, 1, 1 ;
0,18; -0.841929, -1.691420, -0.676178 / -0.841929, -1.691420, -0.676178 / -0.841929, -1.691420, -0.676178; 1, 9, 1, 0; 0.460143767653; 1, 0, 1; 1, 0, 0; 2, 1, 2 ;
0,18; -2.870078, -3.044520, 0.732457 / -2.870078, -3.044520, 0.732457 / -2.870078, -3.044520, 0.732457; 1, 18, 1, 0; 0.657572611445; 1, 0, 1; 0, 1, 0; 1, 1, 2 ;
1,19; 0.275964, -0.18471, -4.4105 / 0.275964, -0.18471, -4.4105 / 0.275964, -0.18471, -4.4105; 1, 1, 1, 0; 0.036533055511; 1, 0, 1; 1, 0, 0; 3, 1, 2 ;
0,19; 0.756215, 1.496038, 0.728746 / 0.756215, 1.496038, 0.728746 / 0.756215, 1.496038, 0.728746; 1, 25, 1, 0; 0.678421010672; 1, 0, 1; 0, 1, 0; 4, 1, 2 ;
1,20; 4.34246, -0.897921, -0.183777 / 4.34246, -0.897921, -0.183777 / 4.34246, -0.897921, -0.183777; 1, 19, 1, 0; 0.040403834862; 1, 0, 1; 0, 1, 0; 4, 1, 2 ;
0,20; 3.445460, -1.496160, 1.355992 / 3.445460, -1.496160, 1.355992 / 3.445460, -1.496160, 1.355992; 1, 27, 1, 0; 0.243486038057; 1, 0, 1; 1, 0, 0; 3, 1, 2 ;
0,20; 2.561804, -2.216863, 2.675836 / 2.561804, -2.216863, 2.675836 / 2.561804, -2.216863, 2.675836; 1, 34, 1, 0; 0.267724481065; 1, 0, 1; 1, 0, 0; 2, 1, 2 ;
0,20; 2.403979, -2.345613, 2.923871 / 2.403979, -2.345613, 2.923871 / 2.403979, -2.345613, 2.923871; 1, 35, 1, 0; 0.671010439451; 1, 0, 1; 0, 1, 0; 1, 1, 2 ;
1,22; 2.28585, -1.66107, 3.37881 / 2.28585, -1.66107, 3.37881 / 2.28585, -1.66107, 3.37881; 1, 40, 1, 0; 0.579123573786; 1, 0, 1; 0, 1, 0; 1, 1, 2 ;
0,22; 2.300278, -1.639466, 3.367199 / 2.300278, -1.639466, 3.367199 / 2.300278, -1.639466, 3.367199; 1, 40, 1, 0; 0.579187285871; 1, 0, 1; 0, 1, 0; 4, 1, 2 ;
1,23; 1.40866, -0.602172, 3.469 / 1.40866, -0.602172, 3.469 / 1.40866, -0.602172, 3.469; 1, 44, 1, 0; 0.396814963609; 0, 1, 0; 1, 0, 0; 3, 1, 1 ;
1,24; 0.143452, -0.0294355, -0.0774601 / 0.143452, -0.0294355, -0.0774601 / 0.143452, -0.0294355, -0.0774601; 1, 16, 1, 0; 0.465680291243; 1, 0, 1; 0, 1, 0; 1, 1, 2 ;
0,24; 0.495323, -0.035752, 0.131052 / 0.495323, -0.035752, 0.131052 / 0.495323, -0.035752, 0.131052; 1, 16, 1, 0; 0.715782823818; 1, 0, 1; 1, 0, 0; 2, 1, 2 ;
1,26; 2.81705, -2.04255, -0.139721 / 2.81705, -2.04255, -0.139721 / 2.81705, -2.04255, -0.139721; 1, 15, 1, 0; 0.506058764359; 1, 0, 1; 1, 0, 0; 2, 1, 2 / 4, 1, 0 ;
1,27; -4.16585, 2.02616, 0.0737078 / -4.16585, 2.02616, 0.0737078 / -4.16585, 2.02616, 0.0737078; 1, 14, 1, 0; 0.718043831239; 1, 0, 1; 0, 1, 0; 1, 5, 0 / 4, 1, 2 ;
1,29; 0.732596, -0.802537, -3.16525 / 0.732596, -0.802537, -3.16525 / 0.732596, -0.802537, -3.16525; 1, 2, 1, 0; 0.449411782621; 0, 1, 0; 0, 1, 0; 1, 1, 1 ;
0,29; 0.418422, -0.717720, -3.331947 / 0.418422, -0.717720, -3.331947 / 0.418422, -0.717720, -3.331947; 1, 2, 1, 0; 0.450427520101; 1, 0, 1; 0, 1, 0; 4, 1, 2 ;
0,29; 0.412581, -0.718025, -3.332696 / 0.412581, -0.718025, -3.332696 / 0.412581, -0.718025, -3.332696; 1, 2, 1, 0; 0.450434742539; 0, 1, 0; 0, 1, 0; 1, 1, 1 ;
0,29; 0.560602, -0.667734, -3.223811 / 0.560602, -0.667734, -3.223811 / 0.560602, -0.667734, -3.223811; 1, 2, 1, 0; 0.450537703818; 1, 0, 1; 0, 1, 0; 4, 1, 2 ;
0,29; 0.405392, -0.720664, -3.336551 / 0.405567, -0.720449, -3.336380 / 0.405217, -0.720880, -3.336722; 1, 2, 1, 0; 0.450435058966; 0, 2, 0; 2, 0, 0; 3, 1, 1 / 3, 2, 1 ;
0,29; 0.749537, -0.698205, -3.129057 / 0.749537, -0.698205, -3.129057 / 0.749537, -0.698205, -3.129057; 1, 2, 1, 0; 0.449466457192; 1, 0, 1; 1, 0, 0; 3, 1, 2 ;
0,29; 0.380773, -0.756180, -3.385049 / 0.380773, -0.756180, -3.385049 / 0.380773, -0.756180, -3.385049; 1, 2, 1, 0; 0.449769870803; 1, 0, 1; 1, 0, 0; 3, 1, 2 ;
0,29; 0.371702, -0.757578, -3.391468 / 0.371702, -0.757578, -3.391468 / 0.371702, -0.757578, -3.391468; 1, 2, 1, 0; 0.449777524373; 1, 0, 1; 1, 0, 0; 3, 1, 2 ;
0,29; 0.396843, -0.727679, -3.346495 / 0.396843, -0.727679, -3.346495 / 0.396843, -0.727679, -3.346495; 1, 2, 1, 0; 0.450443005231; 1, 0, 1; 1, 0, 0; 3, 1, 2 ;
0,29; 0.568518, -0.668404, -3.222842 / 0.568518, -0.668404, -3.222842 / 0.568518, -0.668404, -3.222842; 1, 2, 1, 0; 0.450538866686; 1, 0, 1; 1, 0, 0; 2, 1, 2 ;
0,29; -1.029428, -1.645918, -2.678116 / -1.029428, -1.645918, -2.678116 / -1.029428, -1.645918, -2.678116; 1, 5, 1, 0; 0.321144965551; 1, 0, 1; 1, 0, 0; 2, 1, 2 ;
0,29; -1.031400, -1.635252, -2.675487 / -1.031400, -1.635252, -2.675487 / -1.031400, -1.635252, -2.675487; 1, 5, 1, 0; 0.321146450552; 1, 0, 1; 1, 0, 0; 3, 1, 2 ;
1,30; 3.38975, 0.445252, 0.245508 / 3.38975, 0.445252, 0.245508 / 3.38975, 0.445252, 0.245508; 1, 19, 1, 0; 0.158833285607; 0, 1, 0; 0, 1, 0; 1, 1, 1 ;
0,30; 3.385120, 0.447983, 0.253111 / 3.385120, 0.447983, 0.253111 / 3.385120, 0.447983, 0.253111; 1, 19, 1, 0; 0.158844891720; 1, 0, 1; 1, 0, 0; 3, 1, 2 ;
0,30; 2.582634, 0.083196, 2.053859 / 2.582634, 0.083196, 2.053859 / 2.582634, 0.083196, 2.053859; 1, 28, 1, 0; 0.756521135372; 1, 0, 1; 0, 1, 0; 4, 1, 2 ;
1,32; -0.992389, -2.37514, 1.12726 / -0.992389, -2.37514, 1.12726 / -0.992389, -2.37514, 1.12726; 1, 23, 1, 0; 0.340886381742; 1, 0, 1; 1, 0, 0; 3, 1, 2 ;
1,33; -2.92273, -2.45388, -0.784151 / -2.92273, -2.45388, -0.784151 / -2.92273, -2.45388, -0.784151; 1, 9, 1, 0; 0.553318291528; 1, 0, 1; 1, 0, 0; 3, 1, 2 ;
0,33; -2.246415, -2.578938, 0.132849 / -2.246415, -2.578938, 0.132849 / -2.246415, -2.578938, 0.132849; 1, 18, 1, 0; 0.048764580177; 1, 0, 1; 1, 0, 0; 2, 1, 2 ;
0,33; -1.121618, -2.968585, 1.428657 / -1.121272, -2.968188, 1.428850 / -1.121964, -2.968981, 1.428465; 1, 23, 1, 0; 0.986935555625; 1, 0, 2; 2, 0, 0; 2, 6, 0 / 3, 1, 2 / 3, 5, 2 ;
1,35; 0.757843, 1.95396, 3.17611 / 0.757843, 1.95396, 3.17611 / 0.757843, 1.95396, 3.17611; 1, 42, 1, 0; 0.882361717841; 1, 0, 1; 1, 0, 0; 2, 1, 2 ;
1,36; -3.64716, -1.72286, -2.25628 / -3.64716, -1.72286, -2.25628 / -3.64716, -1.72286, -2.25628; 1, 5, 1, 0; 0.505976689888; 1, 0, 1; 1, 0, 0; 1, 6, 0 / 2, 6, 0 / 3, 1, 2 ;
0,36; -3.645028, -1.711249, -2.246603 / -3.645028, -1.711249, -2.246603 / -3.645028, -1.711249, -2.246603; 1, 5, 1, 0; 0.505986575194; 1, 0, 1; 1, 0, 0; 3, 1, 2 ;
1,37; 0.043131, -1.95008, -1.74599 / 0.0433065, -1.94992, -1.74586 / 0.0429554, -1.95023, -1.74612; 1, 8, 1, 0; 0.228642155043; 2, 1, 1; 1, 1, 0; 1, 1, 2 / 2, 1, 1 ;
0,37; -0.048532, -1.913789, -1.706241 / -0.048532, -1.913789, -1.706241 / -0.048532, -1.913789, -1.706241; 1, 8, 1, 0; 0.226701147803; 1, 0, 1; 0, 1, 0; 1, 1, 2 ;
0,37; -0.052542, -1.895781, -1.696724 / -0.052542, -1.895781, -1.696724 / -0.052542, -1.895781, -1.696724; 1, 8, 1, 0; 0.226708071644; 1, 0, 1; 0, 1, 0; 1, 1, 2 ;
0,37; -0.047764, -1.904751, -1.693855 / -0.047764, -1.904751, -1.693855 / -0.047764, -1.904751, -1.693855; 1, 8, 1, 0; 0.226708864255; 1, 0, 1; 1, 0, 0; 2, 1, 2 ;
0,37; -0.058900, -1.902960, -1.691413 / -0.058900, -1.902960, -1.691413 / -0.058900, -1.902960, -1.691413; 1, 8, 1, 0; 0.226716314799; 1, 0, 1; 1, 0, 0; 2, 4, 0 / 3, 1, 2 ;
0,37; 0.056942, -1.965843, -1.771998 / 0.056942, -1.965843, -1.771998 / 0.056942, -1.965843, -1.771998; 1, 8, 1, 0; 0.228621429543; 1, 0, 1; 1, 0, 0; 3, 1, 2 ;
0,37; 0.041939, -1.954109, -1.751014 / 0.041939, -1.954109, -1.751014 / 0.041939, -1.954109, -1.751014; 1, 8, 1, 0; 0.228632607915; 1, 0, 1; 1, 0, 0; 2, 1, 2 ;
0,37; 0.041304, -1.951872, -1.745262 / 0.041304, -1.951872, -1.745262 / 0.041304, -1.951872, -1.745262; 1, 8, 1, 0; 0.228642068111; 0, 1, 0; 1, 0, 0; 2, 1, 1 ;
0,37; -1.664338, -0.089377, -0.546517 / -1.664338, -0.089377, -0.546517 / -1.664338, -0.089377, -0.546517; 1, 10, 1, 0; 0.643186024205; 0, 1, 0; 0, 1, 0; 2, 4, 0 / 4, 1, 1 ;
0,37; -1.671403, -0.096165, -0.554203 / -1.671403, -0.096165, -0.554203 / -1.671403, -0.096165, -0.554203; 1, 10, 1, 0; 0.643186591923; 1, 0, 1; 1, 0, 0; 3, 1, 2 ;
0,37; -1.672993, -0.098325, -0.549615 / -1.672993, -0.098325, -0.549615 / -1.672993, -0.098325, -0.549615; 1, 10, 1, 0; 0.643186710873; 1, 0, 1; 1, 0, 0; 2, 1, 2 ;
0,37; -1.674675, -0.092921, -0.548917 / -1.674675, -0.092921, -0.548917 / -1.674675, -0.092921, -0.548917; 1, 10, 1, 0; 0.643195897080; 1, 0, 1; 1, 0, 0; 3, 1, 2 ;
1,39; -1.36148, -2.13995, -0.488857 / -1.36148, -2.13995, -0.488857 / -1.36148, -2.13995, -0.488857; 1, 10, 1, 0; 0.498265823633; 1, 0, 1; 1, 0, 0; 3, 1, 2 ;
0,39; -1.593328, 2.112810, 0.148767 / -1.593328, 2.112810, 0.148767 / -1.593328, 2.112810, 0.148767; 1, 14, 1, 0; 0.698456477129; 1, 0, 1; 1, 0, 0; 3, 1, 2 ;
0,39; -1.698976, 3.060256, 0.441127 / -1.698823, 3.060544, 0.441291 / -1.699129, 3.059968, 0.440964; 1, 25, 1, 0; 0.130778046376; 0, 2, 0; 0, 2, 1; 1, 6, 1 / 4, 1, 1 ;
0,39; -1.692944, 3.065268, 0.442699 / -1.692944, 3.065268, 0.442699 / -1.692944, 3.065268, 0.442699; 1, 25, 1, 0; 0.130777514894; 1, 0, 1; 1, 0, 0; 3, 1, 2 ;
1,40; 0.132393, 3.59166, 0.299251 / 0.132393, 3.59166, 0.299251 / 0.132393, 3.59166, 0.299251; 1, 17, 1, 0; 0.467062371495; 1, 0, 1; 1, 0, 0; 1, 10, 0 / 2, 1, 2 ;
0,40; 0.146107, 3.595030, 0.285467 / 0.146107, 3.595030, 0.285467 / 0.146107, 3.595030, 0.285467; 1, 17, 1, 0; 0.467072038142; 0, 1, 0; 1, 0, 0; 3, 1, 1 ;
0,40; 0.134449, 3.597995, 0.300654 / 0.134449, 3.597995, 0.300654 / 0.134449, 3.597995, 0.300654; 1, 17, 1, 0; 0.467074646602; 1, 0, 1; 1, 0, 0; 3, 1, 2 ;
0,40; 0.028561, 3.886568, 0.390102 / 0.028561, 3.886568, 0.390102 / 0.028561, 3.886568, 0.390102; 1, 25, 1, 0; 0.258491260555; 1, 0, 1; 0, 1, 0; 4, 1, 2 ;
0,40; 0.029405, 3.887527, 0.386687 / 0.030035, 3.887611, 0.386776 / 0.028774, 3.887443, 0.386597; 1, 25, 1, 0; 0.258475238952; 1, 0, 2; 2, 0, 0; 2, 5, 2 / 3, 1, 2 / 4, 3, 0 ;
0,40; 0.009084, 3.895225, 0.393038 / 0.009084, 3.895225, 0.393038 / 0.009084, 3.895225, 0.393038; 1, 25, 1, 0; 0.258482936865; 1, 0, 1; 1, 0, 0; 3, 1, 2 ;
0,40; 0.033568, 3.894249, 0.389557 / 0.033568, 3.894249, 0.389557 / 0.033568, 3.894249, 0.389557; 1, 25, 1, 0; 0.258489734688; 1, 0, 1; 1, 0, 0; 3, 1, 2 ;
1,44; -3.01317, -1.75683, -1.35111 / -3.01317, -1.75683, -1.35111 / -3.01317, -1.75683, -1.35111; 1, 9, 1, 0; 0.146025135279; 1, 0, 1; 1, 0, 0; 3, 1, 2 ;
0,44; -4.569113, -0.570687, 0.158310 / -4.569113, -0.570687, 0.158310 / -4.569113, -0.570687, 0.158310; 1, 14, 1, 0; 0.922578892167; 1, 0, 1; 1, 0, 0; 3, 1, 2 ;
1,45; -3.1479, -2.0613, 1.11313 / -3.1479, -2.0613, 1.11313 / -3.1479, -2.0613, 1.11313; 1, 21, 1, 0; 0.709058991217; 1, 0, 1; 1, 0, 0; 2, 1, 2 ;
0,45; -0.985396, 2.152974, 1.075070 / -0.985396, 2.152974, 1.075070 / -0.985396, 2.152974, 1.075070; 1, 25, 1, 0; 0.850666469504; 1, 0, 1; 1, 0, 0; 3, 1, 2 ;
1,46; -0.681974, 3.34343, -1.06293 / -0.681818, 3.34344, -1.06272 / -0.682129, 3.34342, -1.06314; 1, 7, 1, 0; 0.751668845069; 0, 2, 0; 2, 0, 0; 3, 1, 1 / 3, 2, 1 ;
0,46; -0.243793, 3.007135, -0.739577 / -0.243793, 3.007135, -0.739577 / -0.243793, 3.007135, -0.739577; 1, 13, 1, 0; 0.267432894726; 1, 0, 1; 1, 0, 0; 2, 1, 2 ;
0,46; 2.357033, 1.291937, 1.302319 / 2.357211, 1.292498, 1.302584 / 2.356856, 1.291376, 1.302053; 1, 26, 1, 0; 0.721041549869; 1, 0, 2; 1, 1, 0; 1, 4, 2 / 3, 1, 2 ;
0,46; 3.260034, 1.118760, 1.945307 / 3.260696, 1.118967, 1.945431 / 3.259372, 1.118552, 1.945184; 1, 28, 1, 0; 0.652406340243; 0, 2, 0; 1, 1, 0; 2, 6, 1 / 4, 1, 1 ;
0,46; 3.168102, 1.115722, 1.889079 / 3.168581, 1.116113, 1.889095 / 3.167624, 1.115331, 1.889062; 1, 28, 1, 0; 0.652583005510; 2, 1, 1; 1, 1, 0; 3, 1, 2 / 3, 4, 0 / 4, 3, 1 ;
0,46; 3.274027, 1.118157, 1.957529 / 3.274027, 1.118157, 1.957529 / 3.274027, 1.118157, 1.957529; 1, 28, 1, 0; 0.652424655970; 1, 0, 1; 0, 1, 0; 4, 1, 2 ;
0,46; 3.165642, 1.116088, 1.886398 / 3.165642, 1.116088, 1.886398 / 3.165642, 1.116088, 1.886398; 1, 28, 1, 0; 0.652582895008; 1, 0, 1; 0, 1, 0; 4, 1, 2 ;
0,46; 3.315314, 1.158708, 1.984837 / 3.315314, 1.158708, 1.984837 / 3.315314, 1.158708, 1.984837; 1, 28, 1, 0; 0.654222875413; 1, 0, 1; 0, 1, 0; 1, 1, 2 ;
0,46; 3.319353, 1.141843, 2.045795 / 3.319353, 1.141843, 2.045795 / 3.319353, 1.141843, 2.045795; 1, 28, 1, 0; 0.654292620668; 1, 0, 1; 0, 1, 0; 1, 7, 0 / 4, 1, 2 ;
0,46; 3.163072, 1.113842, 1.887140 / 3.163072, 1.113842, 1.887140 / 3.163072, 1.113842, 1.887140; 1, 28, 1, 0; 0.652599857084; 1, 0, 1; 1, 0, 0; 3, 1, 2 ;
0,46; 3.318470, 1.149495, 1.984846 / 3.318470, 1.149495, 1.984846 / 3.318470, 1.149495, 1.984846; 1, 28, 1, 0; 0.654224542153; 1, 0, 1; 1, 0, 0; 2, 1, 2 ;
0,46; 3.317373, 1.142966, 1.990920 / 3.317373, 1.142966, 1.990920 / 3.317373, 1.142966, 1.990920; 1, 28, 1, 0; 0.654226365438; 1, 0, 1; 1, 0, 0; 2, 1, 2 ;
1,47; -0.0442563, 3.79378, -1.0661 / -0.0442563, 3.79378, -1.0661 / -0.0442563, 3.79378, -1.0661; 1, 7, 1, 0; 0.815037804989; 0, 1, 0; 1, 0, 0; 3, 1, 1 ;
0,47; -0.042021, 3.080378, 1.683546 / -0.042021, 3.080378, 1.683546 / -0.042021, 3.080378, 1.683546; 1, 29, 1, 0; 0.433589225806; 0, 1, 0; 0, 1, 0; 1, 1, 1 ;
1,48; 1.90697, -1.9442, 0.725002 / 1.90697, -1.9442, 0.725002 / 1.90697, -1.9442, 0.725002; 1, 19, 1, 0; 0.893865826109; 1, 0, 1; 0, 1, 0; 1, 1, 2 ;
0,48; 3.081519, -1.552752, 0.524451 / 3.081519, -1.552752, 0.524451 / 3.081519, -1.552752, 0.524451; 1, 19, 1, 0; 0.398727991774; 1, 0, 1; 1, 0, 0; 2, 1, 2 ;
0,48; 0.481369, -2.449524, 1.035210 / 0.481369, -2.449524, 1.035210 / 0.481369, -2.449524, 1.035210; 1, 22, 1, 0; 0.185908609379; 1, 0, 1; 1, 0, 0; 3, 1, 2 ;
0,48; 0.487474, -2.439560, 1.048739 / 0.487474, -2.439560, 1.048739 / 0.487474, -2.439560, 1.048739; 1, 22, 1, 0; 0.185923226582; 1, 0, 1; 1, 0, 0; 3, 1, 2 ;
1,49; -0.122888, 0.0595049, 0.0467423 / -0.122888, 0.0595049, 0.0467423 / -0.122888, 0.0595049, 0.0467423; 1, 16, 1, 0; 0.682637853071; 1, 0, 1; 0, 1, 0; 1, 1, 2 ;
0,49; -0.130896, 0.060066, 0.046565 / -0.130896, 0.060066, 0.046565 / -0.130896, 0.060066, 0.046565; 1, 16, 1, 0; 0.682638141046; 0, 1, 0; 0, 1, 0; 1, 1, 1 / 3, 8, 0 ;
0,49; -0.121571, 0.048892, 0.049832 / -0.121571, 0.048892, 0.049832 / -0.121571, 0.048892, 0.049832; 1, 16, 1, 0; 0.682635870730; 1, 0, 1; 1, 0, 0; 3, 1, 2 ;
0,49; -0.129204, 0.048988, 0.044126 / -0.129204, 0.048988, 0.044126 / -0.129204, 0.048988, 0.044126; 1, 16, 1, 0; 0.682636265859; 0, 1, 0; 1, 0, 0; 2, 1, 1 ;
0,49; -0.130184, 0.051761, 0.045377 / -0.130184, 0.051761, 0.045377 / -0.130184, 0.051761, 0.045377; 1, 16, 1, 0; 0.682637002540; 1, 0, 1; 1, 0, 0; 2, 6, 0 / 3, 1, 2 / 3, 9, 0 ;
0,49; -0.129793, 0.050562, 0.042024 / -0.129793, 0.050562, 0.042024 / -0.129793, 0.050562, 0.042024; 1, 16, 1, 0; 0.682637102996; 1, 0, 1; 1, 0, 0; 2, 1, 2 ;
0,49; -0.129200, 0.058832, 0.048768 / -0.129200, 0.058832, 0.048768 / -0.129200, 0.058832, 0.048768; 1, 16, 1, 0; 0.682638053984; 1, 0, 1; 1, 0, 0; 2, 1, 2 ;
0,49; -0.123811, 0.062844, 0.044696 / -0.123811, 0.062844, 0.044696 / -0.123811, 0.062844, 0.044696; 1, 16, 1, 0; 0.682638583055; 1, 0, 1; 1, 0, 0; 3, 1, 2 ;
0,49; -0.136698, 0.052719, 0.048849 / -0.136698, 0.052719, 0.048849 / -0.136698, 0.052719, 0.048849; 1, 16, 1, 0; 0.682648782735; 1, 0, 1; 1, 0, 0; 3, 1, 2 ;
1,52; -2.3653, -1.47926, 0.977178 / -2.3651, -1.47883, 0.97725 / -2.36551, -1.47969, 0.977106; 1, 21, 1, 0; 0.658378130802; 0, 2, 0; 1, 1, 0; 1, 3, 1 / 2, 1, 1 ;
0,52; -2.395409, -1.596889, 0.838655 / -2.395409, -1.596889, 0.838655 / -2.395409, -1.596889, 0.838655; 1, 21, 1, 0; 0.267296297751; 1, 0, 1; 0, 1, 0; 1, 1, 2 ;
0,52; -2.379902, -1.591892, 0.832201 / -2.379902, -1.591892, 0.832201 / -2.379902, -1.591892, 0.832201; 1, 21, 1, 0; 0.267298866130; 1, 0, 1; 0, 1, 0; 1, 1, 2 ;
0,52; -2.374304, -1.589549, 0.834037 / -2.374304, -1.589549, 0.834037 / -2.374304, -1.589549, 0.834037; 1, 21, 1, 0; 0.267299862923; 1, 0, 1; 0, 1, 0; 4, 1, 2 ;
0,52; -2.993991, -1.766685, 0.169293 / -2.993991, -1.766685, 0.169293 / -2.993991, -1.766685, 0.169293; 1, 21, 1, 0; 0.023644398170; 0, 1, 0; 1, 0, 0; 2, 1, 1 ;
0,52; -2.997161, -1.772312, 0.170466 / -2.997161, -1.772312, 0.170466 / -2.997161, -1.772312, 0.170466; 1, 21, 1, 0; 0.023645613239; 0, 1, 0; 1, 0, 0; 3, 1, 1 ;
0,52; -2.378600, -1.586420, 0.827764 / -2.378600, -1.586420, 0.827764 / -2.378600, -1.586420, 0.827764; 1, 21, 1, 0; 0.267286329823; 1, 0, 1; 1, 0, 0; 2, 1, 2 ;
0,52; -2.380187, -1.593716, 0.834273 / -2.380187, -1.593716, 0.834273 / -2.380187, -1.593716, 0.834273; 1, 21, 1, 0; 0.267298938889; 1, 0, 1; 1, 0, 0; 2, 1, 2 / 2, 5, 0 ;
1,53; 0.847559, 2.07218, 2.03704 / 0.847848, 2.073, 2.03739 / 0.84727, 2.07135, 2.0367; 1, 30, 1, 0; 0.940077423327; 2, 3, 1; 3, 1, 0; 1, 9, 1 / 2, 1, 1 / 2, 10, 2 / 3, 5, 1 ;
1,54; -0.431181, 2.96726, 1.61425 / -0.431181, 2.96726, 1.61425 / -0.431181, 2.96726, 1.61425; 1, 29, 1, 0; 0.425655994171; 1, 0, 1; 1, 0, 0; 2, 1, 2 ;
0,54; -0.424196, 2.967646, 1.614685 / -0.424196, 2.967646, 1.614685 / -0.424196, 2.967646, 1.614685; 1, 29, 1, 0; 0.425656997518; 1, 0, 1; 1, 0, 0; 1, 1, 0 / 2, 1, 2 ;
1,55; 0.836598, 2.39105, 2.6093 / 0.836598, 2.39105, 2.6093 / 0.836598, 2.39105, 2.6093; 1, 38, 1, 0; 0.581044594255; 1, 0, 1; 1, 0, 0; 2, 1, 2 ;
1,56; 0.984649, 1.59477, -3.85013 / 0.984649, 1.59477, -3.85013 / 0.984649, 1.59477, -3.85013; 1, 2, 1, 0; 0.062672381332; 1, 0, 1; 0, 1, 0; 1, 1, 2 ;
0,56; 3.197854, 0.218602, 2.424509 / 3.197854, 0.218602, 2.424509 / 3.197854, 0.218602, 2.424509; 1, 28, 1, 0; 0.943913837812; 1, 0, 1; 0, 1, 0; 1, 1, 2 / 2, 2, 0 / 4, 5, 0 ;
1,57; -0.781004, 2.70478, -3.42588 / -0.781004, 2.70478, -3.42588 / -0.781004, 2.70478, -3.42588; 1, 2, 1, 0; 0.130676255185; 1, 0, 1; 1, 0, 0; 2, 1, 2 ;
0,57; -0.227934, -2.614945, -2.216749 / -0.227934, -2.614945, -2.216749 / -0.227934, -2.614945, -2.216749; 1, 3, 1, 0; 0.937815987460; 1, 0, 1; 1, 0, 0; 2, 1, 2 ;
0,57; -0.162928, -2.647120, -2.317154 / -0.162928, -2.647120, -2.317154 / -0.162928, -2.647120, -2.317154; 1, 3, 1, 0; 0.938157090068; 1, 0, 1; 1, 0, 0; 2, 1, 2 ;
0,57; -0.453046, -2.355246, -2.336359 / -0.452816, -2.354433, -2.335681 / -0.453277, -2.356059, -2.337037; 1, 5, 1, 0; 0.529773059427; 2, 3, 1; 1, 3, 0; 3, 9, 1 / 4, 1, 1 / 4, 2, 1 / 4, 9, 2 / 4, 10, 0 ;
0,57; -0.453859, -2.355146, -2.341033 / -0.453859, -2.355146, -2.341033 / -0.453859, -2.355146, -2.341033; 1, 5, 1, 0; 0.529773230961; 1, 0, 1; 0, 1, 0; 1, 1, 2 ;
0,57; -0.331407, -2.510421, -2.274633 / -0.331407, -2.510421, -2.274633 / -0.331407, -2.510421, -2.274633; 1, 5, 1, 0; 0.567523595840; 0, 1, 0; 0, 1, 0; 4, 1, 1 ;
0,57; -0.331260, -2.510169, -2.277063 / -0.330857, -2.510126, -2.276666 / -0.331663, -2.510213, -2.277461; 1, 5, 1, 0; 0.567523669355; 1, 0, 2; 2, 0, 0; 2, 3, 2 / 3, 1, 2 ;
0,57; -0.664361, -2.229380, -2.569946 / -0.664361, -2.229380, -2.569946 / -0.664361, -2.229380, -2.569946; 1, 5, 1, 0; 0.279689639591; 1, 0, 1; 1, 0, 0; 2, 1, 2 ;
0,57; -0.702987, -1.951380, -2.632936 / -0.702987, -1.951380, -2.632936 / -0.702987, -1.951380, -2.632936; 1, 5, 1, 0; 0.312861156772; 1, 0, 1; 1, 0, 0; 2, 1, 2 ;
1,58; -0.984726, -1.46554, 0.120001 / -0.984726, -1.46554, 0.120001 / -0.984726, -1.46554, 0.120001; 1, 16, 1, 0; 0.871352137446; 1, 0, 1; 0, 1, 0; 1, 1, 2 ;
1,61; 0.511805, -2.35323, 1.3712 / 0.511805, -2.35323, 1.3712 / 0.511805, -2.35323, 1.3712; 1, 22, 1, 0; 0.456198334119; 1, 0, 1; 0, 1, 0; 1, 1, 2 ;
1,62; -2.63311, 0.531173, 1.92888 / -2.63269, 0.531272, 1.92916 / -2.63353, 0.531074, 1.92861; 1, 30, 1, 0; 0.807610407145; 2, 1, 1; 1, 1, 0; 2, 1, 2 / 4, 5, 1 ;
0,62; -2.632169, 0.531218, 1.929149 / -2.631647, 0.531362, 1.929159 / -2.632691, 0.531074, 1.929139; 1, 30, 1, 0; 0.807610446110; 1, 0, 1; 1, 1, 0; 3, 7, 2 / 4, 1, 1 ;
0,62; -1.398951, 0.824130, 2.234222 / -1.398951, 0.824130, 2.234222 / -1.398951, 0.824130, 2.234222; 1, 31, 1, 0; 0.829170158671; 1, 0, 1; 1, 0, 0; 3, 1, 2 ;
0,62; -1.413454, 0.826654, 2.231563 / -1.413454, 0.826654, 2.231563 / -1.413454, 0.826654, 2.231563; 1, 31, 1, 0; 0.829189722711; 1, 0, 1; 1, 0, 0; 2, 1, 2 ;
0,62; 0.173079, 1.111673, 2.605090 / 0.173079, 1.111673, 2.605090 / 0.173079, 1.111673, 2.605090; 1, 38, 1, 0; 0.857328140977; 0, 1, 0; 1, 0, 0; 3, 1, 1 ;
0,62; 1.497601, 1.369370, 2.905798 / 1.497601, 1.369370, 2.905798 / 1.497601, 1.369370, 2.905798; 1, 39, 1, 0; 0.551923605218; 0, 0, 0; 0, 1, 0; 1, 1, 3 / 3, 2, 0 ;
1,64; -1.97552, 1.26135, 3.45181 / -1.97552, 1.26135, 3.45181 / -1.97552, 1.26135, 3.45181; 1, 45, 1, 0; 0.231760300388; 0, 1, 0; 0, 1, 0; 4, 1, 1 ;
1,65; 0.713877, 2.86276, -0.787792 / 0.713877, 2.86276, -0.787792 / 0.713877, 2.86276, -0.787792; 1, 13, 1, 0; 0.275845018668; 1, 0, 1; 1, 0, 0; 3, 1, 2 ;
0,65; 0.718687, 2.866098, -0.784773 / 0.718687, 2.866098, -0.784773 / 0.718687, 2.866098, -0.784773; 1, 13, 1, 0; 0.275855457608; 1, 0, 1; 1, 0, 0; 3, 1, 2 ;
0,65; -1.588340, 0.599812, 0.143521 / -1.588340, 0.599812, 0.143521 / -1.588340, 0.599812, 0.143521; 1, 14, 1, 0; 0.845768136120; 1, 0, 1; 1, 0, 0; 2, 1, 2 ;
1,69; 0.679851, -1.93363, -3.85573 / 0.679851, -1.93363, -3.85573 / 0.679851, -1.93363, -3.85573; 1, 1, 1, 0; 0.322856213354; 1, 0, 1; 1, 0, 0; 2, 1, 2 / 3, 6, 0 / 4, 7, 0 ;
1,70; 0.823131, -2.40854, -2.32925 / 0.823131, -2.40854, -2.32925 / 0.823131, -2.40854, -2.32925; 1, 3, 1, 0; 0.930376354485; 1, 0, 1; 1, 0, 0; 3, 1, 2 ;
0,70; 0.826445, -2.407249, -2.323818 / 0.826445, -2.407249, -2.323818 / 0.826445, -2.407249, -2.323818; 1, 3, 1, 0; 0.930383841681; 1, 0, 1; 1, 0, 0; 3, 1, 2 ;
0,70; 1.086920, -2.349658, -2.028241 / 1.086920, -2.349658, -2.028241 / 1.086920, -2.349658, -2.028241; 1, 5, 1, 0; 0.773015822372; 1, 0, 1; 1, 0, 0; 3, 1, 2 ;
0,70; 1.965037, 2.035594, 0.867605 / 1.965037, 2.035594, 0.867605 / 1.965037, 2.035594, 0.867605; 1, 20, 1, 0; 0.719720318000; 1, 0, 1; 0, 1, 0; 1, 1, 2 ;
0,70; 1.961368, 2.030818, 0.868335 / 1.961368, 2.030818, 0.868335 / 1.961368, 2.030818, 0.868335; 1, 20, 1, 0; 0.719706933007; 1, 0, 1; 1, 0, 0; 3, 1, 2 ;
0,70; 2.045651, 2.249516, 1.024094 / 2.045651, 2.249516, 1.024094 / 2.045651, 2.249516, 1.024094; 1, 26, 1, 0; 0.366155158373; 1, 0, 1; 1, 0, 0; 3, 1, 2 ;
0,70; 2.045087, 2.249569, 1.021519 / 2.045087, 2.249569, 1.021519 / 2.045087, 2.249569, 1.021519; 1, 26, 1, 0; 0.366156204192; 1, 0, 1; 1, 0, 0; 2, 1, 2 ;
1,73; -0.64374, 1.5326, 2.71456 / -0.643545, 1.53306, 2.71524 / -0.643935, 1.53214, 2.71388; 1, 38, 1, 0; 0.824628498564; 2, 1, 3; 3, 1, 0; 1, 8, 2 / 1, 10, 0 / 2, 7, 2 / 3, 1, 1 / 3, 2, 2 / 4, 10, 0 ;
0,73; -0.646100, 1.533956, 2.711085 / -0.646100, 1.533956, 2.711085 / -0.646100, 1.533956, 2.711085; 1, 38, 1, 0; 0.824628268949; 1, 0, 1; 1, 0, 0; 3, 1, 2 ;
0,73; -0.639515, 1.535913, 2.715609 / -0.639515, 1.535913, 2.715609 / -0.639515, 1.535913, 2.715609; 1, 38, 1, 0; 0.824631223326; 1, 0, 1; 1, 0, 0; 2, 1, 2 ;
1,74; 3.51109, -0.825307, -1.41504 / 3.51109, -0.825307, -1.41504 / 3.51109, -0.825307, -1.41504; 1, 12, 1, 0; 0.115648742579; 1, 0, 1; 1, 0, 0; 2, 1, 2 ;
0,74; 3.460749, 0.819926, 2.628223 / 3.460752, 0.820388, 2.628287 / 3.460747, 0.819464, 2.628159; 1, 35, 1, 0; 0.067844570171; 1, 0, 2; 2, 0, 0; 2, 1, 2 / 2, 4, 2 / 3, 3, 0 ;
1,75; -1.7397, 2.0305, 0.933626 / -1.7397, 2.0305, 0.933626 / -1.7397, 2.0305, 0.933626; 1, 25, 1, 0; 0.840169842699; 0, 1, 0; 0, 1, 0; 1, 1, 1 ;
0,75; -1.739741, 2.030912, 0.936921 / -1.739741, 2.030912, 0.936921 / -1.739741, 2.030912, 0.936921; 1, 25, 1, 0; 0.840169731259; 1, 0, 1; 1, 0, 0; 2, 1, 2 ;
1,76; -3.44467, 2.5603, 0.814166 / -3.44467, 2.5603, 0.814166 / -3.44467, 2.5603, 0.814166; 1, 24, 1, 0; 0.118309020557; 1, 0, 1; 1, 0, 0; 3, 1, 2 ;
0,76; -1.750176, 1.170999, 1.667730 / -1.750176, 1.170999, 1.667730 / -1.750176, 1.170999, 1.667730; 1, 29, 1, 0; 0.266829082259; 1, 0, 1; 0, 1, 0; 1, 1, 2 ;
0,76; -0.254966, 0.026288, 2.182274 / -0.254161, 0.026818, 2.183264 / -0.255771, 0.025759, 2.181284; 1, 31, 1, 0; 0.893512769501; 2, 3, 2; 1, 4, 1; 1, 1, 1 / 1, 5, 2 / 2, 1, 0 / 2, 5, 0 / 2, 6, 0 / 3, 5, 0 / 3, 6, 1 / 3, 7, 0 / 4, 6, 1 / 4, 7, 2 ;
0,76; -0.234829, 0.014224, 2.189437 / -0.234829, 0.014224, 2.189437 / -0.234829, 0.014224, 2.189437; 1, 31, 1, 0; 0.893481253332; 0, 1, 0; 0, 1, 0; 1, 1, 1 ;
0,76; -0.247470, 0.024878, 2.190394 / -0.247470, 0.024878, 2.190394 / -0.247470, 0.024878, 2.190394; 1, 31, 1, 0; 0.893496477151; 1, 0, 1; 1, 0, 0; 2, 1, 2 ;
0,76; -0.255943, 0.026611, 2.182309 / -0.254911, 0.027463, 2.183264 / -0.256975, 0.025759, 2.181354; 1, 31, 1, 0; 0.893512813564; 1, 0, 1; 2, 3, 1; 1, 1, 2 / 2, 1, 0 / 2, 2, 0 / 3, 1, 0 / 3, 2, 1 / 3, 3, 0 / 3, 9, 0 / 3, 10, 2 / 4, 2, 1 / 4, 3, 2 ;
0,76; -0.257947, 0.027343, 2.185607 / -0.257947, 0.027343, 2.185607 / -0.257947, 0.027343, 2.185607; 1, 31, 1, 0; 0.893514289680; 1, 0, 1; 1, 0, 0; 2, 1, 2 ;
0,76; -0.255086, 0.027970, 2.198715 / -0.255086, 0.027970, 2.198715 / -0.255086, 0.027970, 2.198715; 1, 31, 1, 0; 0.893516889406; 0, 0, 0; 1, 0, 0; 3, 1, 3 ;
0,76; 1.156550, -1.012868, 2.660965 / 1.156759, -1.012640, 2.661054 / 1.156341, -1.013095, 2.660876; 1, 34, 1, 0; 0.579355924255; 2, 1, 1; 0, 2, 0; 4, 1, 1 / 4, 2, 2 ;
0,76; 0.794594, -0.764143, 2.540249 / 0.794594, -0.764143, 2.540249 / 0.794594, -0.764143, 2.540249; 1, 34, 1, 0; 0.671989802155; 1, 0, 1; 0, 1, 0; 1, 1, 2 ;
0,76; 2.193738, -1.765415, 2.971246 / 2.193738, -1.765415, 2.971246 / 2.193738, -1.765415, 2.971246; 1, 35, 1, 0; 0.454212764368; 0, 1, 0; 0, 1, 0; 4, 1, 1 ;
0,76; 1.649131, -1.364651, 2.809780 / 1.649131, -1.364651, 2.809780 / 1.649131, -1.364651, 2.809780; 1, 35, 1, 0; 0.410125469221; 1, 0, 1; 1, 0, 0; 2, 1, 2 ;
1,79; 3.2518, 0.999093, -2.41808 / 3.2518, 0.999093, -2.41808 / 3.2518, 0.999093, -2.41808; 1, 4, 1, 0; 0.405637487558; 1, 0, 1; 1, 0, 0; 2, 1, 2 / 4, 5, 0 ;
0,79; 0.704136, -1.595856, 0.764363 / 0.704136, -1.595856, 0.764363 / 0.704136, -1.595856, 0.764363; 1, 19, 1, 0; 0.839198968538; 1, 0, 1; 1, 0, 0; 2, 10, 0 / 3, 1, 2 ;
0,79; 0.701883, -1.594301, 0.764445 / 0.701883, -1.594301, 0.764445 / 0.701883, -1.594301, 0.764445; 1, 19, 1, 0; 0.839199040851; 0, 1, 0; 1, 0, 0; 3, 1, 1 / 4, 1, 0 ;
0,79; -0.804467, -2.882163, 2.537723 / -0.804467, -2.882163, 2.537723 / -0.804467, -2.882163, 2.537723; 1, 33, 1, 0; 0.859527875690; 1, 0, 1; 1, 0, 0; 3, 1, 2 ;
1,81; -1.73669, -2.34261, -2.85729 / -1.73624, -2.34258, -2.85669 / -1.73714, -2.34264, -2.85789; 1, 5, 1, 0; 0.178481436501; 0, 2, 0; 1, 1, 0; 1, 1, 1 / 3, 8, 1 ;
0,81; -1.738325, -2.342534, -2.858608 / -1.738325, -2.342534, -2.858608 / -1.738325, -2.342534, -2.858608; 1, 5, 1, 0; 0.178481387491; 1, 0, 1; 0, 1, 0; 4, 1, 2 / 4, 6, 0 ;
0,81; -0.820761, -3.251828, -1.597247 / -0.820761, -3.251828, -1.597247 / -0.820761, -3.251828, -1.597247; 1, 8, 1, 0; 0.346239582279; 1, 0, 1; 0, 1, 0; 4, 1, 2 ;
0,81; -0.798367, -3.179521, -1.556514 / -0.798367, -3.179521, -1.556514 / -0.798367, -3.179521, -1.556514; 1, 8, 1, 0; 0.346811315622; 0, 1, 0; 0, 1, 0; 3, 8, 0 / 4, 1, 1 ;
0,81; -0.826395, -3.278480, -1.599613 / -0.826395, -3.278480, -1.599613 / -0.826395, -3.278480, -1.599613; 1, 8, 1, 0; 0.346221081203; 1, 0, 1; 1, 0, 0; 2, 1, 2 ;
0,81; -0.831977, -3.276182, -1.594680 / -0.831977, -3.276182, -1.594680 / -0.831977, -3.276182, -1.594680; 1, 8, 1, 0; 0.346222605062; 1, 0, 1; 1, 0, 0; 3, 1, 2 ;
0,81; -0.821684, -3.264326, -1.596975 / -0.821684, -3.264326, -1.596975 / -0.821684, -3.264326, -1.596975; 1, 8, 1, 0; 0.346230393104; 1, 0, 1; 1, 0, 0; 2, 1, 2 ;
0,81; -0.798760, -3.177255, -1.557783 / -0.798760, -3.177255, -1.557783 / -0.798760, -3.177255, -1.557783; 1, 8, 1, 0; 0.346811371872; 1, 0, 1; 1, 0, 0; 2, 1, 2 ;
0,81; -0.797080, -3.167555, -1.549069 / -0.797080, -3.167555, -1.549069 / -0.797080, -3.167555, -1.549069; 1, 8, 1, 0; 0.346820244001; 1, 0, 1; 1, 0, 0; 2, 1, 2 ;
0,81; -0.800133, -3.167432, -1.549131 / -0.800133, -3.167432, -1.549131 / -0.800133, -3.167432, -1.549131; 1, 8, 1, 0; 0.346820898545; 1, 0, 1; 1, 0, 0; 3, 1, 2 ;
0,81; -0.865053, -3.034578, -1.425438 / -0.865053, -3.034578, -1.425438 / -0.865053, -3.034578, -1.425438; 1, 8, 1, 0; 0.523502072550; 1, 0, 1; 1, 0, 0; 2, 1, 2 ;
0,81; -1.100577, -2.796067, -1.330992 / -1.100577, -2.796067, -1.330992 / -1.100577, -2.796067, -1.330992; 1, 9, 1, 0; 0.215399099871; 1, 0, 1; 0, 1, 0; 4, 1, 2 ;
0,81; -1.145846, -2.678553, -1.398878 / -1.145846, -2.678553, -1.398878 / -1.145846, -2.678553, -1.398878; 1, 9, 1, 0; 0.212501659897; 1, 0, 1; 1, 0, 0; 2, 1, 2 ;
0,81; -1.157541, -2.682359, -1.396469 / -1.157541, -2.682359, -1.396469 / -1.157541, -2.682359, -1.396469; 1, 9, 1, 0; 0.212509991825; 1, 0, 1; 1, 0, 0; 3, 1, 2 ;
0,81; -1.097262, -2.795756, -1.333415 / -1.097262, -2.795756, -1.333415 / -1.097262, -2.795756, -1.333415; 1, 9, 1, 0; 0.215389637915; 0, 1, 0; 1, 0, 0; 3, 1, 1 ;
1,83; 3.7296, -2.13898, -0.843816 / 3.7296, -2.13898, -0.843816 / 3.7296, -2.13898, -0.843816; 1, 12, 1, 0; 0.599890564993; 1, 0, 1; 0, 1, 0; 4, 1, 2 ;
0,83; -0.478423, -2.001830, 0.608612 / -0.478000, -2.001737, 0.608881 / -0.478846, -2.001922, 0.608344; 1, 18, 1, 0; 0.434491852397; 1, 0, 2; 2, 0, 0; 1, 1, 0 / 2, 1, 2 / 3, 6, 2 ;
0,83; -0.474573, -2.002113, 0.606656 / -0.474573, -2.002113, 0.606656 / -0.474573, -2.002113, 0.606656; 1, 18, 1, 0; 0.434491092178; 1, 0, 1; 1, 0, 0; 1, 6, 0 / 3, 1, 2 / 4, 6, 0 ;
1,86; 0.0126364, 2.041, -3.90122 / 0.0126364, 2.041, -3.90122 / 0.0126364, 2.041, -3.90122; 1, 2, 1, 0; 0.037073421268; 1, 0, 1; 1, 0, 0; 2, 1, 2 ;
0,86; 2.359870, -2.154790, 0.691485 / 2.359870, -2.154790, 0.691485 / 2.359870, -2.154790, 0.691485; 1, 19, 1, 0; 0.890256549318; 1, 0, 1; 1, 0, 0; 3, 1, 2 ;
1,87; 1.52558, -0.628383, 1.18127 / 1.52606, -0.62787, 1.1817 / 1.52509, -0.628896, 1.18084; 1, 23, 1, 0; 0.432593818495; 1, 0, 2; 1, 1, 0; 2, 2, 2 / 4, 1, 2 ;
0,87; -0.289757, 0.313520, 1.702113 / -0.289757, 0.313520, 1.702113 / -0.289757, 0.313520, 1.702113; 1, 27, 1, 0; 0.524133746243; 1, 0, 1; 0, 1, 0; 1, 7, 0 / 4, 1, 2 ;
1,89; -3.08718, -0.120168, -3.33592 / -3.08718, -0.120168, -3.33592 / -3.08718, -0.120168, -3.33592; 1, 2, 1, 0; 0.414561986400; 1, 0, 1; 0, 1, 0; 4, 1, 2 ;
0,89; -3.084854, -0.126612, -3.344110 / -3.084378, -0.126127, -3.343973 / -3.085330, -0.127098, -3.344248; 1, 2, 1, 0; 0.414554277456; 2, 1, 1; 2, 0, 0; 1, 1, 0 / 2, 1, 1 / 3, 5, 2 ;
0,89; -3.080518, -0.125499, -3.350528 / -3.080301, -0.125412, -3.350486 / -3.080734, -0.125587, -3.350569; 1, 2, 1, 0; 0.414554637391; 1, 0, 1; 2, 0, 0; 2, 2, 3 / 3, 1, 2 / 3, 4, 0 ;
0,89; -3.087571, -0.118887, -3.350093 / -3.087437, -0.118792, -3.349885 / -3.087705, -0.118982, -3.350301; 1, 2, 1, 0; 0.414554930086; 2, 1, 1; 2, 0, 0; 2, 1, 1 / 3, 5, 2 ;
0,89; -3.082231, -0.127493, -3.346296 / -3.082231, -0.127493, -3.346296 / -3.082231, -0.127493, -3.346296; 1, 2, 1, 0; 0.414554229992; 1, 0, 1; 1, 0, 0; 3, 1, 2 ;
0,89; -3.081106, -0.124236, -3.346644 / -3.081106, -0.124236, -3.346644 / -3.081106, -0.124236, -3.346644; 1, 2, 1, 0; 0.414554712542; 1, 0, 1; 1, 0, 0; 1, 6, 0 / 3, 1, 2 / 3, 2, 0 ;
0,89; -3.083900, -0.128732, -3.327297 / -3.083900, -0.128732, -3.327297 / -3.083900, -0.128732, -3.327297; 1, 2, 1, 0; 0.414568314933; 1, 0, 1; 1, 0, 0; 2, 1, 2 ;
0,89; -3.188051, -0.064222, -3.295005 / -3.188051, -0.064222, -3.295005 / -3.188051, -0.064222, -3.295005; 1, 2, 1, 0; 0.417014862560; 1, 0, 1; 1, 0, 0; 3, 1, 2 ;
0,89; -3.206969, -0.065216, -3.297060 / -3.206969, -0.065216, -3.297060 / -3.206969, -0.065216, -3.297060; 1, 2, 1, 0; 0.417022330229; 1, 0, 1; 1, 0, 0; 3, 1, 2 ;
1,91; 1.58971, 1.41707, -1.93929 / 1.58982, 1.41727, -1.93921 / 1.5896, 1.41686, -1.93938; 1, 4, 1, 0; 0.713485511188; 2, 1, 1; 1, 1, 0; 3, 1, 1 / 4, 1, 2 / 4, 2, 0 ;
0,91; 1.589181, 1.411121, -1.941447 / 1.589181, 1.411121, -1.941447 / 1.589181, 1.411121, -1.941447; 1, 4, 1, 0; 0.713485611931; 1, 0, 1; 1, 0, 0; 3, 1, 2 ;
0,91; -1.469899, 3.183316, 0.446049 / -1.469899, 3.183316, 0.446049 / -1.469899, 3.183316, 0.446049; 1, 25, 1, 0; 0.155089931850; 1, 0, 1; 0, 1, 0; 1, 1, 2 ;
0,91; -1.466751, 3.185997, 0.445022 / -1.466751, 3.185997, 0.445022 / -1.466751, 3.185997, 0.445022; 1, 25, 1, 0; 0.155090171874; 1, 0, 1; 1, 0, 0; 3, 1, 2 ;
1,92; -2.7646, -3.37566, -1.49372 / -2.7646, -3.37566, -1.49372 / -2.7646, -3.37566, -1.49372; 1, 9, 1, 0; 0.234281383414; 1, 0, 1; 1, 0, 0; 3, 1, 2 / 4, 2, 0 ;
1,93; -2.63964, -2.3204, -0.336185 / -2.63964, -2.3204, -0.336185 / -2.63964, -2.3204, -0.336185; 1, 10, 1, 0; 0.488204953523; 1, 0, 1; 1, 0, 0; 3, 1, 2 ;
0,93; -3.884720, 0.354791, 2.234525 / -3.884720, 0.354791, 2.234525 / -3.884720, 0.354791, 2.234525; 1, 36, 1, 0; 0.318600013397; 1, 0, 1; 1, 0, 0; 3, 1, 2 ;
1,98; -0.129999, -0.192356, -2.03706 / -0.129999, -0.192356, -2.03706 / -0.129999, -0.192356, -2.03706; 1, 4, 1, 0; 0.565492164235; 1, 0, 1; 0, 1, 0; 4, 1, 2 ;
0,98; -0.146192, -0.187398, -2.020056 / -0.146192, -0.187398, -2.020056 / -0.146192, -0.187398, -2.020056; 1, 4, 1, 0; 0.565505055267; 1, 0, 1; 0, 1, 0; 1, 1, 2 ;
0,98; -0.119339, -0.185989, -2.044210 / -0.119339, -0.185989, -2.044210 / -0.119339, -0.185989, -2.044210; 1, 4, 1, 0; 0.565485624020; 1, 0, 1; 1, 0, 0; 3, 1, 2 ;
0,98; -0.121601, -0.190857, -2.040556 / -0.121601, -0.190857, -2.040556 / -0.121601, -0.190857, -2.040556; 1, 4, 1, 0; 0.565492470492; 1, 0, 1; 1, 0, 0; 3, 1, 2 ;
0,98; -0.133852, -0.193089, -2.034620 / -0.133852, -0.193089, -2.034620 / -0.133852, -0.193089, -2.034620; 1, 4, 1, 0; 0.565499075182; 0, 1, 0; 1, 0, 0; 3, 1, 1 ;
0,98; -0.236686, -1.206820, -1.225599 / -0.236686, -1.206820, -1.225599 / -0.236686, -1.206820, -1.225599; 1, 11, 1, 0; 0.602445070790; 1, 0, 1; 1, 0, 0; 3, 1, 2 ;
1,101; -3.33482, 1.69749, 2.08232 / -3.33482, 1.69749, 2.08232 / -3.33482, 1.69749, 2.08232; 1, 29, 1, 0; 0.861072022787; 1, 0, 1; 1, 0, 0; 3, 1, 2 ;
1,102; -0.559999, 4.20691, -1.03428 / -0.559999, 4.20691, -1.03428 / -0.559999, 4.20691, -1.03428; 1, 7, 1, 0; 0.840326862559; 1, 0, 1; 1, 0, 0; 1, 3, 0 / 3, 1, 2 / 3, 4, 0 / 3, 5, 0 ;
0,102; -0.517012, 3.960272, -0.722047 / -0.517012, 3.960272, -0.722047 / -0.517012, 3.960272, -0.722047; 1, 13, 1, 0; 0.192172376693; 0, 1, 0; 1, 0, 0; 2, 1, 1 ;
0,102; -0.501008, 3.893437, -0.647350 / -0.501008, 3.893437, -0.647350 / -0.501008, 3.893437, -0.647350; 1, 13, 1, 0; 0.192858059957; 1, 0, 1; 1, 0, 0; 2, 1, 2 ;
0,102; -0.193397, 2.449964, 1.145217 / -0.193397, 2.449964, 1.145217 / -0.193397, 2.449964, 1.145217; 1, 25, 1, 0; 0.886953923964; 1, 0, 1; 1, 0, 0; 2, 1, 2 ;
0,102; -0.188404, 2.459808, 1.147928 / -0.188404, 2.459808, 1.147928 / -0.188404, 2.459808, 1.147928; 1, 25, 1, 0; 0.886955226951; 1, 0, 1; 1, 0, 0; 3, 1, 2 ;
0,102; -0.164651, 1.975398, 1.705280 / -0.164651, 1.975398, 1.705280 / -0.164651, 1.975398, 1.705280; 1, 29, 1, 0; 0.325713292108; 1, 0, 1; 0, 1, 0; 4, 1, 2 ;
0,102; -0.136212, 1.527117, 2.280977 / -0.136212, 1.527117, 2.280977 / -0.136212, 1.527117, 2.280977; 1, 31, 1, 0; 0.668041448003; 1, 0, 1; 0, 1, 0; 4, 1, 2 ;
0,102; -0.136529, 1.522397, 2.290462 / -0.136529, 1.522397, 2.290462 / -0.136529, 1.522397, 2.290462; 1, 31, 1, 0; 0.668038826246; 1, 0, 1; 1, 0, 0; 2, 1, 2 ;
0,102; -0.005796, 0.897263, 3.338562 / -0.005796, 0.897263, 3.338562 / -0.005796, 0.897263, 3.338562; 1, 42, 1, 0; 0.230045270014; 0, 1, 0; 0, 1, 0; 1, 1, 1 ;
0,102; 0.116100, 0.470255, 4.007952 / 0.116100, 0.470255, 4.007952 / 0.116100, 0.470255, 4.007952; 1, 46, 1, 0; 0.262358674205; 1, 0, 1; 0, 1, 0; 1, 1, 2 ;
0,102; 0.068459, 0.646409, 3.743525 / 0.068459, 0.646409, 3.743525 / 0.068459, 0.646409, 3.743525; 1, 46, 1, 0; 0.300826820522; 0, 1, 0; 1, 0, 0; 2, 1, 1 ;
1,103; 0.428179, 2.84458, -3.35358 / 0.428679, 2.84461, -3.3535 / 0.427678, 2.84455, -3.35366; 1, 2, 1, 0; 0.161593959732; 1, 0, 2; 0, 2, 1; 1, 6, 2 / 4, 1, 2 ;
0,103; 0.428777, 2.841915, -3.354410 / 0.429793, 2.842488, -3.353178 / 0.427761, 2.841342, -3.355642; 1, 2, 1, 0; 0.161593465315; 2, 1, 1; 1, 1, 0; 1, 1, 0 / 2, 1, 1 / 3, 1, 0 / 4, 10, 2 ;
0,103; 0.424471, 2.805937, -3.376901 / 0.425119, 2.806031, -3.376890 / 0.423824, 2.805843, -3.376912; 1, 2, 1, 0; 0.161395271478; 1, 0, 2; 2, 0, 0; 2, 1, 2 / 2, 6, 2 / 3, 1, 0 / 3, 3, 0 / 4, 5, 0 / 4, 10, 0 ;
0,103; 0.423302, 2.805756, -3.376467 / 0.423824, 2.806031, -3.376021 / 0.422780, 2.805481, -3.376912; 1, 2, 1, 0; 0.161395291255; 1, 0, 1; 2, 0, 0; 1, 7, 0 / 2, 1, 2 / 2, 6, 2 / 4, 5, 0 / 4, 6, 0 ;
0,103; 0.425919, 2.834763, -3.360857 / 0.425919, 2.834763, -3.360857 / 0.425919, 2.834763, -3.360857; 1, 2, 1, 0; 0.161592962988; 1, 0, 1; 1, 0, 0; 2, 1, 2 ;
0,103; 0.421288, 2.836466, -3.361754 / 0.421288, 2.836466, -3.361754 / 0.421288, 2.836466, -3.361754; 1, 2, 1, 0; 0.161600248711; 0, 1, 0; 1, 0, 0; 2, 1, 1 ;
0,103; 1.296018, 2.047144, -2.868669 / 1.296018, 2.047144, -2.868669 / 1.296018, 2.047144, -2.868669; 1, 2, 1, 0; 0.717101448759; 1, 0, 1; 1, 0, 0; 2, 1, 2 / 4, 5, 0 ;
0,103; 1.085945, 2.269581, -2.999610 / 1.085945, 2.269581, -2.999610 / 1.085945, 2.269581, -2.999610; 1, 2, 1, 0; 0.762925368400; 1, 0, 1; 1, 0, 0; 2, 1, 2 ;
1,105; -1.12195, -0.427501, 1.8293 / -1.12195, -0.427501, 1.8293 / -1.12195, -0.427501, 1.8293; 1, 30, 1, 0; 0.222597538975; 1, 0, 1; 1, 0, 0; 3, 1, 2 ;
1,106; -1.96581, -1.29495, -2.3963 / -1.9657, -1.29483, -2.39616 / -1.96592, -1.29507, -2.39643; 1, 5, 1, 0; 0.473070399853; 1, 0, 2; 1, 1, 0; 3, 1, 2 / 4, 1, 2 ;
0,106; -1.642782, 1.745248, -0.456569 / -1.642782, 1.745248, -0.456569 / -1.642782, 1.745248, -0.456569; 1, 14, 1, 0; 0.293711627970; 1, 0, 1; 0, 1, 0; 1, 1, 2 ;
0,106; -1.639200, 1.746541, -0.459234 / -1.639200, 1.746541, -0.459234 / -1.639200, 1.746541, -0.459234; 1, 14, 1, 0; 0.293710926296; 1, 0, 1; 1, 0, 0; 2, 1, 2 ;
1,108; 1.65139, 2.10783, 2.98897 / 1.65139, 2.10783, 2.98897 / 1.65139, 2.10783, 2.98897; 1, 39, 1, 0; 0.817344664466; 1, 0, 1; 1, 0, 0; 3, 1, 2 ;
1,110; -4.07099, 0.259146, -1.97921 / -4.07099, 0.259146, -1.97921 / -4.07099, 0.259146, -1.97921; 1, 6, 1, 0; 0.339960963575; 1, 0, 1; 1, 0, 0; 3, 1, 2 ;
1,111; -2.29374, 0.647684, -1.78313 / -2.29304, 0.648285, -1.7831 / -2.29444, 0.647083, -1.78315; 1, 6, 1, 0; 0.715639124055; 2, 1, 1; 2, 0, 0; 2, 1, 1 / 3, 3, 2 ;
1,112; 2.28537, 2.23079, 0.36725 / 2.28537, 2.23079, 0.36725 / 2.28537, 2.23079, 0.36725; 1, 20, 1, 0; 0.479480617431; 0, 0, 0; 0, 1, 0; 1, 1, 3 ;
0,112; 0.312908, 3.774790, 1.112692 / 0.312908, 3.774790, 1.112692 / 0.312908, 3.774790, 1.112692; 1, 26, 1, 0; 0.556778157816; 1, 0, 1; 1, 0, 0; 3, 1, 2 ;
1,113; -2.01173, -1.80415, -1.81016 / -2.01173, -1.80415, -1.81016 / -2.01173, -1.80415, -1.81016; 1, 9, 1, 0; 0.122240088196; 1, 0, 1; 1, 0, 0; 2, 1, 2 ;
0,113; -2.884389, -2.112161, -0.147380 / -2.884389, -2.112161, -0.147380 / -2.884389, -2.112161, -0.147380; 1, 10, 1, 0; 0.885958252772; 1, 0, 1; 1, 0, 0; 2, 1, 2 ;
1,114; -1.38953, 1.20895, 0.452567 / -1.38953, 1.20895, 0.452567 / -1.38953, 1.20895, 0.452567; 1, 17, 1, 0; 0.854921725266; 0, 1, 0; 0, 1, 0; 1, 1, 1 ;
1,117; -3.81409, 2.39332, -0.443221 / -3.81408, 2.39332, -0.44321 / -3.81409, 2.39331, -0.443233; 1, 14, 1, 0; 0.231063417793; 2, 1, 1; 2, 0, 0; 1, 1, 0 / 2, 1, 1 / 2, 2, 2 ;
0,117; -3.818086, 2.393224, -0.452636 / -3.818086, 2.393224, -0.452636 / -3.818086, 2.393224, -0.452636; 1, 14, 1, 0; 0.231052135613; 1, 0, 1; 1, 0, 0; 2, 1, 2 ;
1,118; -1.5293, 0.117031, 0.498064 / -1.5293, 0.117031, 0.498064 / -1.5293, 0.117031, 0.498064; 1, 17, 1, 0; 0.701568270521; 1, 0, 1; 1, 0, 0; 3, 1, 2 ;
0,118; -2.029355, -1.369897, 0.939724 / -2.029170, -1.369856, 0.939840 / -2.029539, -1.369938, 0.939608; 1, 21, 1, 0; 0.660624596190; 0, 2, 0; 0, 2, 0; 1, 1, 1 / 1, 2, 1 ;
0,118; -2.426725, -2.715938, 1.400032 / -2.426725, -2.715938, 1.400032 / -2.426725, -2.715938, 1.400032; 1, 21, 1, 0; 0.880710538646; 1, 0, 1; 1, 0, 0; 2, 1, 2 ;
1,119; -3.33312, 0.0450946, -2.06674 / -3.33312, 0.0450946, -2.06674 / -3.33312, 0.0450946, -2.06674; 1, 6, 1, 0; 0.345793814160; 1, 0, 1; 1, 0, 0; 3, 1, 2 / 4, 8, 0 ;
0,119; -0.673457, -1.591349, -1.086975 / -0.673205, -1.590807, -1.086779 / -0.673709, -1.591891, -1.087171; 1, 9, 1, 0; 0.425486804087; 2, 1, 2; 0, 3, 1; 1, 6, 1 / 4, 1, 2 / 4, 2, 2 ;
0,119; -0.669727, -1.586730, -1.084833 / -0.669478, -1.586172, -1.084573 / -0.669976, -1.587288, -1.085094; 1, 9, 1, 0; 0.425487431279; 2, 2, 1; 2, 1, 0; 1, 1, 1 / 1, 3, 0 / 1, 5, 0 / 3, 4, 1 / 3, 5, 2 / 3, 7, 0 / 4, 6, 0 / 4, 7, 0 ;
0,119; -0.671677, -1.588881, -1.089436 / -0.671677, -1.588881, -1.089436 / -0.671677, -1.588881, -1.089436; 1, 9, 1, 0; 0.425477450268; 0, 1, 0; 0, 1, 0; 4, 1, 1 ;
0,119; -0.672290, -1.585419, -1.080933 / -0.672290, -1.585419, -1.080933 / -0.672290, -1.585419, -1.080933; 1, 9, 1, 0; 0.425487263667; 1, 0, 1; 1, 0, 0; 3, 1, 2 ;
0,119; -0.667110, -1.592799, -1.084301 / -0.667110, -1.592799, -1.084301 / -0.667110, -1.592799, -1.084301; 1, 9, 1, 0; 0.425487690807; 1, 0, 1; 1, 0, 0; 3, 1, 2 ;
1,120; 2.29481, 2.72544, -1.77097 / 2.29481, 2.72544, -1.77097 / 2.29481, 2.72544, -1.77097; 1, 11, 1, 0; 0.188271360597; 1, 0, 1; 1, 0, 0; 1, 1, 0 / 2, 1, 2 ;
0,120; 0.176160, -2.231170, 2.561506 / 0.176160, -2.231170, 2.561506 / 0.176160, -2.231170, 2.561506; 1, 33, 1, 0; 0.997643831277; 1, 0, 1; 1, 0, 0; 3, 1, 2 ;
0,120; -0.096473, -3.026915, 3.219338 / -0.096473, -3.026915, 3.219338 / -0.096473, -3.026915, 3.219338; 1, 40, 1, 0; 0.935107889360; 1, 0, 1; 1, 0, 0; 3, 1, 2 / 4, 6, 0 ;
1,122; 2.66738, -1.30777, -1.76197 / 2.66738, -1.30777, -1.76197 / 2.66738, -1.30777, -1.76197; 1, 8, 1, 0; 0.176888761389; 0, 1, 0; 1, 0, 0; 2, 1, 1 ;
0,122; 1.413145, -1.048754, -1.121178 / 1.413191, -1.048684, -1.121100 / 1.413100, -1.048823, -1.121257; 1, 11, 1, 0; 0.589865726691; 2, 1, 1; 1, 1, 0; 3, 1, 1 / 4, 1, 2 / 4, 8, 0 ;
1,125; -1.56132, 1.51635, 3.93169 / -1.56037, 1.5168, 3.93196 / -1.56226, 1.5159, 3.93142; 1, 46, 1, 0; 0.402109341918; 2, 1, 1; 1, 1, 0; 3, 1, 1 / 4, 9, 2 ;
0,125; -1.557607, 1.516152, 3.929933 / -1.557287, 1.516377, 3.929984 / -1.557927, 1.515928, 3.929881; 1, 46, 1, 0; 0.402109202877; 0, 2, 0; 2, 0, 0; 2, 5, 1 / 3, 1, 1 ;
0,125; -1.565030, 1.515317, 3.931914 / -1.565030, 1.515317, 3.931914 / -1.565030, 1.515317, 3.931914; 1, 46, 1, 0; 0.402110169845; 1, 0, 1; 1, 0, 0; 3, 1, 2 ;
1,126; 1.28799, -2.26652, 0.111011 / 1.28799, -2.26652, 0.111011 / 1.28799, -2.26652, 0.111011; 1, 15, 1, 0; 0.711373407430; 0, 1, 0; 0, 1, 0; 1, 1, 1 ;
1,127; -1.49218, 3.00772, -0.203181 / -1.49218, 3.00772, -0.203181 / -1.49218, 3.00772, -0.203181; 1, 17, 1, 0; 0.193493077118; 1, 0, 1; 1, 0, 0; 2, 1, 2 ;
1,129; 0.23287, -3.34168, 2.30899 / 0.23287, -3.34168, 2.30899 / 0.23287, -3.34168, 2.30899; 1, 32, 1, 0; 0.790989085557; 1, 0, 1; 1, 0, 0; 2, 1, 2 ;
1,131; -2.39172, -2.07496, -0.733767 / -2.39172, -2.07496, -0.733767 / -2.39172, -2.07496, -0.733767; 1, 9, 1, 0; 0.492354377803; 1, 0, 1; 0, 1, 0; 1, 1, 2 ;
0,131; -2.029023, -2.497556, -0.384663 / -2.029023, -2.497556, -0.384663 / -2.029023, -2.497556, -0.384663; 1, 9, 1, 0; 0.981466192163; 0, 1, 0; 0, 1, 0; 4, 1, 1 ;
0,131; -2.389261, -2.067179, -0.740722 / -2.389261, -2.067179, -0.740722 / -2.389261, -2.067179, -0.740722; 1, 9, 1, 0; 0.492355756546; 1, 0, 1; 1, 0, 0; 2, 1, 2 ;
0,131; -2.374712, -2.083811, -0.721694 / -2.374712, -2.083811, -0.721694 / -2.374712, -2.083811, -0.721694; 1, 9, 1, 0; 0.492371057879; 1, 0, 1; 1, 0, 0; 2, 1, 2 ;
0,131; -2.149304, -1.385451, -0.210391 / -2.149304, -1.385451, -0.210391 / -2.149304, -1.385451, -0.210391; 1, 10, 1, 0; 0.832775786261; 0, 1, 0; 0, 1, 0; 4, 1, 1 ;
0,131; -1.977877, -2.397266, -0.529716 / -1.977877, -2.397266, -0.529716 / -1.977877, -2.397266, -0.529716; 1, 10, 1, 0; 0.492415604765; 1, 0, 1; 1, 0, 0; 2, 1, 2 ;
0,131; -1.838357, -0.740086, 0.368744 / -1.838357, -0.740086, 0.368744 / -1.838357, -0.740086, 0.368744; 1, 21, 1, 0; 0.132947640002; 1, 0, 1; 1, 0, 0; 2, 1, 2 ;
1,134; 0.441669, -1.40769, -1.66083 / 0.442167, -1.40721, -1.66018 / 0.44117, -1.40817, -1.66148; 1, 8, 1, 0; 0.162329197438; 1, 0, 4; 4, 0, 0; 2, 1, 2 / 3, 1, 2 / 3, 4, 2 / 3, 7, 2 / 4, 3, 0 ;
0,134; 0.442384, -1.406326, -1.659564 / 0.442600, -1.405441, -1.658945 / 0.442167, -1.407212, -1.660184; 1, 8, 1, 0; 0.162329228120; 1, 0, 1; 2, 0, 0; 3, 1, 2 / 3, 10, 2 ;
1,135; -1.64486, -0.485342, -1.40687 / -1.64486, -0.485342, -1.40687 / -1.64486, -0.485342, -1.40687; 1, 6, 1, 0; 0.974642398900; 1, 0, 1; 0, 1, 0; 1, 1, 2 ;
0,135; -1.802898, -2.306385, 0.643913 / -1.802898, -2.306385, 0.643913 / -1.802898, -2.306385, 0.643913; 1, 18, 1, 0; 0.544588407277; 1, 0, 1; 0, 1, 0; 4, 1, 2 ;
0,135; -1.804966, -2.288489, 0.628400 / -1.804966, -2.288489, 0.628400 / -1.804966, -2.288489, 0.628400; 1, 18, 1, 0; 0.544581467656; 1, 0, 1; 1, 0, 0; 3, 1, 2 ;
0,135; -1.803320, -2.301301, 0.644597 / -1.803320, -2.301301, 0.644597 / -1.803320, -2.301301, 0.644597; 1, 18, 1, 0; 0.544587430848; 1, 0, 1; 1, 0, 0; 1, 7, 0 / 2, 1, 2 ;
1,136; 2.34873, -0.372598, 3.18946 / 2.34873, -0.372598, 3.18946 / 2.34873, -0.372598, 3.18946; 1, 41, 1, 0; 0.518140487247; 1, 0, 1; 1, 0, 0; 3, 1, 2 ;
1,138; -0.862629, -3.80214, 1.36172 / -0.862227, -3.80197, 1.36237 / -0.86303, -3.80231, 1.36108; 1, 22, 1, 0; 0.637055284894; 1, 0, 2; 2, 0, 0; 2, 1, 2 / 3, 6, 2 ;
0,138; -1.035886, -0.828476, 0.390308 / -1.035886, -0.828476, 0.390308 / -1.035886, -0.828476, 0.390308; 1, 23, 1, 0; 0.058576025090; 0, 1, 0; 1, 0, 0; 3, 1, 1 ;
1,139; 3.722, 2.18033, 0.357603 / 3.72249, 2.1805, 0.357905 / 3.72152, 2.18017, 0.3573; 1, 20, 1, 0; 0.463635743066; 2, 1, 1; 1, 1, 0; 1, 1, 1 / 1, 7, 0 / 3, 6, 2 ;
0,139; 3.561234, 1.756361, 0.378861 / 3.561234, 1.756361, 0.378861 / 3.561234, 1.756361, 0.378861; 1, 20, 1, 0; 0.412386122705; 1, 0, 1; 1, 0, 0; 2, 1, 2 ;
0,139; 3.553070, 1.758638, 0.371955 / 3.553070, 1.758638, 0.371955 / 3.553070, 1.758638, 0.371955; 1, 20, 1, 0; 0.412399674016; 1, 0, 1; 1, 0, 0; 2, 1, 2 ;
0,139; 3.551447, 1.755910, 0.364447 / 3.551447, 1.755910, 0.364447 / 3.551447, 1.755910, 0.364447; 1, 20, 1, 0; 0.412401821690; 1, 0, 1; 1, 0, 0; 3, 1, 2 ;
0,139; 3.547692, 1.757844, 0.360272 / 3.547692, 1.757844, 0.360272 / 3.547692, 1.757844, 0.360272; 1, 20, 1, 0; 0.412403159466; 1, 0, 1; 1, 0, 0; 2, 1, 2 ;
0,139; 0.676525, 1.777476, 1.670091 / 0.676525, 1.777476, 1.670091 / 0.676525, 1.777476, 1.670091; 1, 30, 1, 0; 0.129773808550; 1, 0, 1; 0, 1, 0; 4, 1, 2 ;
0,139; -0.977735, 2.151648, 2.307831 / -0.977215, 2.151721, 2.308333 / -0.978255, 2.151575, 2.307330; 1, 31, 1, 0; 0.523032569278; 1, 0, 2; 1, 1, 0; 3, 1, 2 / 3, 4, 0 / 4, 4, 2 ;
1,141; 1.11889, 0.203509, 0.373814 / 1.11889, 0.203509, 0.373814 / 1.11889, 0.203509, 0.373814; 1, 17, 1, 0; 0.678786584702; 1, 0, 1; 0, 1, 0; 1, 1, 2 ;
0,141; 1.118455, 0.204609, 0.370346 / 1.118455, 0.204609, 0.370346 / 1.118455, 0.204609, 0.370346; 1, 17, 1, 0; 0.678786766039; 1, 0, 1; 0, 1, 0; 4, 1, 2 ;
1,142; -0.476803, 1.98219, -2.89155 / -0.476803, 1.98219, -2.89155 / -0.476803, 1.98219, -2.89155; 1, 2, 1, 0; 0.727910967032; 1, 0, 1; 1, 0, 0; 3, 1, 2 ;
0,142; -0.365270, 2.119763, -2.570115 / -0.365270, 2.119763, -2.570115 / -0.365270, 2.119763, -2.570115; 1, 4, 1, 0; 0.100057109008; 0, 1, 0; 0, 1, 0; 4, 1, 1 ;
0,142; -0.409597, 2.120493, -2.696205 / -0.409597, 2.120493, -2.696205 / -0.409597, 2.120493, -2.696205; 1, 4, 1, 0; 0.100074194965; 1, 0, 1; 0, 1, 0; 4, 1, 2 ;
0,142; -0.403041, 2.118117, -2.380622 / -0.403041, 2.118117, -2.380622 / -0.403041, 2.118117, -2.380622; 1, 4, 1, 0; 0.329127487840; 0, 1, 0; 0, 1, 0; 4, 1, 1 ;
0,142; -0.377798, 2.122062, -2.594140 / -0.377798, 2.122062, -2.594140 / -0.377798, 2.122062, -2.594140; 1, 4, 1, 0; 0.100041828359; 0, 1, 0; 1, 0, 0; 3, 1, 1 ;
0,142; -0.367591, 2.117373, -2.576009 / -0.367591, 2.117373, -2.576009 / -0.367591, 2.117373, -2.576009; 1, 4, 1, 0; 0.100049513010; 1, 0, 1; 1, 0, 0; 2, 1, 2 / 2, 10, 0 / 3, 7, 0 ;
0,142; -0.404384, 2.117420, -2.688823 / -0.404384, 2.117420, -2.688823 / -0.404384, 2.117420, -2.688823; 1, 4, 1, 0; 0.100067678929; 1, 0, 1; 1, 0, 0; 3, 1, 2 ;
0,142; -0.407239, 2.115539, -2.684608 / -0.407239, 2.115539, -2.684608 / -0.407239, 2.115539, -2.684608; 1, 4, 1, 0; 0.100068408306; 1, 0, 1; 1, 0, 0; 2, 1, 2 ;
0,142; -0.415055, 2.117874, -2.366689 / -0.415055, 2.117874, -2.366689 / -0.415055, 2.117874, -2.366689; 1, 4, 1, 0; 0.329135688294; 1, 0, 1; 1, 0, 0; 3, 1, 2 ;
0,142; -3.382907, 1.327588, 0.504920 / -3.382907, 1.327588, 0.504920 / -3.382907, 1.327588, 0.504920; 1, 17, 1, 0; 0.920477515630; 0, 1, 0; 1, 0, 0; 2, 9, 0 / 3, 1, 1 ;
0,142; -3.803718, 1.301631, 1.046838 / -3.803718, 1.301631, 1.046838 / -3.803718, 1.301631, 1.046838; 1, 24, 1, 0; 0.301762757557; 1, 0, 1; 1, 0, 0; 3, 1, 2 ;
1,144; -0.286787, -1.35154, 2.84261 / -0.286787, -1.35154, 2.84261 / -0.286787, -1.35154, 2.84261; 1, 35, 1, 0; 0.377461206308; 0, 1, 0; 0, 1, 0; 1, 2, 0 / 4, 1, 1 ;
0,144; -2.752974, -0.451585, 3.175430 / -2.752974, -0.451585, 3.175430 / -2.752974, -0.451585, 3.175430; 1, 41, 1, 0; 0.372436757582; 1, 0, 1; 0, 1, 0; 1, 1, 2 ;
0,144; -2.758743, -0.450835, 3.174401 / -2.758743, -0.450835, 3.174401 / -2.758743, -0.450835, 3.174401; 1, 41, 1, 0; 0.372437550329; 1, 0, 1; 0, 1, 0; 1, 1, 2 ;
1,145; -0.123405, -1.43323, -0.799651 / -0.123405, -1.43323, -0.799651 / -0.123405, -1.43323, -0.799651; 1, 11, 1, 0; 0.953429585330; 0, 1, 0; 0, 1, 0; 4, 1, 1 ;
0,145; -2.141471, 0.504107, 0.760212 / -2.141471, 0.504107, 0.760212 / -2.141471, 0.504107, 0.760212; 1, 23, 1, 0; 0.179012849561; 1, 0, 1; 1, 0, 0; 2, 1, 2 ;
1,147; 0.476895, -3.70074, 0.0939797 / 0.476948, -3.70068, 0.0940524 / 0.476842, -3.7008, 0.0939071; 1, 15, 1, 0; 0.881333003836; 1, 0, 2; 2, 0, 0; 2, 1, 2 / 2, 2, 2 ;
0,147; 1.440587, -3.448369, 0.080506 / 1.440587, -3.448369, 0.080506 / 1.440587, -3.448369, 0.080506; 1, 15, 1, 0; 0.873702296569; 1, 0, 1; 1, 0, 0; 2, 1, 2 ;
0,147; 0.480624, -3.696707, 0.104483 / 0.480624, -3.696707, 0.104483 / 0.480624, -3.696707, 0.104483; 1, 15, 1, 0; 0.881345661352; 1, 0, 1; 1, 0, 0; 3, 1, 2 / 4, 2, 0 ;
0,147; 0.481942, -3.688922, 0.103275 / 0.481942, -3.688922, 0.103275 / 0.481942, -3.688922, 0.103275; 1, 15, 1, 0; 0.881347563328; 1, 0, 1; 1, 0, 0; 2, 1, 2 ;
1,148; 1.90842, -3.08594, -1.82951 / 1.90842, -3.08594, -1.82951 / 1.90842, -3.08594, -1.82951; 1, 8, 1, 0; 0.323673992438; 1, 0, 1; 0, 1, 0; 4, 1, 2 ;
0,148; -1.195736, -2.883824, -0.500805 / -1.195736, -2.883824, -0.500805 / -1.195736, -2.883824, -0.500805; 1, 9, 1, 0; 0.934412536929; 0, 1, 0; 0, 1, 0; 1, 1, 1 ;
1,149; -0.816463, -3.67287, 1.60306 / -0.816463, -3.67287, 1.60306 / -0.816463, -3.67287, 1.60306; 1, 22, 1, 0; 0.741705861724; 1, 0, 1; 1, 0, 0; 2, 1, 2 ;
1,151; -3.30873, -0.689886, -1.9495 / -3.30873, -0.689886, -1.9495 / -3.30873, -0.689886, -1.9495; 1, 5, 1, 0; 0.947198738288; 1, 0, 1; 1, 0, 0; 3, 1, 2 / 3, 2, 0 / 4, 5, 0 ;
0,151; -3.308649, -0.690833, -1.951919 / -3.308649, -0.690833, -1.951919 / -3.308649, -0.690833, -1.951919; 1, 5, 1, 0; 0.947198792199; 1, 0, 1; 1, 0, 0; 3, 1, 2 ;
0,151; -3.172524, -0.409608, -1.774486 / -3.172524, -0.409608, -1.774486 / -3.172524, -0.409608, -1.774486; 1, 6, 1, 0; 0.813856989946; 1, 0, 1; 1, 0, 0; 2, 1, 2 ;
0,151; -2.295794, 1.091434, -1.083737 / -2.295794, 1.091434, -1.083737 / -2.295794, 1.091434, -1.083737; 1, 14, 1, 0; 0.062755603237; 1, 0, 1; 0, 1, 0; 1, 1, 2 ;
1,152; 0.104104, 2.5662, -0.399879 / 0.104104, 2.5662, -0.399879 / 0.104104, 2.5662, -0.399879; 1, 13, 1, 0; 0.550071496892; 0, 1, 0; 1, 0, 0; 3, 1, 1 ;
1,153; 0.719138, 1.27984, -1.18646 / 0.719138, 1.27984, -1.18646 / 0.719138, 1.27984, -1.18646; 1, 7, 1, 0; 0.547326032107; 1, 0, 1; 1, 0, 0; 2, 1, 2 ;
1,155; -3.53061, 0.913993, 1.98116 / -3.53061, 0.913993, 1.98116 / -3.53061, 0.913993, 1.98116; 1, 30, 1, 0; 0.834533414380; 1, 0, 1; 1, 0, 0; 3, 1, 2 ;
1,156; 1.83761, 0.452262, -0.727276 / 1.83761, 0.452262, -0.727276 / 1.83761, 0.452262, -0.727276; 1, 12, 1, 0; 0.397491440198; 1, 0, 1; 1, 0, 0; 1, 4, 0 / 2, 1, 2 ;
0,156; 1.953496, -2.596394, -0.277888 / 1.953496, -2.596394, -0.277888 / 1.953496, -2.596394, -0.277888; 1, 15, 1, 0; 0.420604466697; 1, 0, 1; 0, 1, 0; 1, 1, 2 ;
0,156; 1.949350, -2.598827, -0.277667 / 1.949350, -2.598827, -0.277667 / 1.949350, -2.598827, -0.277667; 1, 15, 1, 0; 0.420616755872; 1, 0, 1; 0, 1, 0; 1, 1, 2 ;
1,158; -1.46959, -2.44647, -3.39597 / -1.46959, -2.44647, -3.39597 / -1.46959, -2.44647, -3.39597; 1, 5, 1, 0; 0.012895978342; 1, 0, 1; 1, 0, 0; 2, 1, 2 ;
1,160; -0.134282, -0.207444, 0.0955656 / -0.133706, -0.207216, 0.095762 / -0.134857, -0.207673, 0.0953692; 1, 16, 1, 0; 0.709361203978; 2, 1, 1; 1, 1, 0; 1, 1, 2 / 3, 5, 1 / 4, 5, 0 ;
0,160; -1.527741, -2.043031, 0.472806 / -1.527741, -2.043031, 0.472806 / -1.527741, -2.043031, 0.472806; 1, 18, 1, 0; 0.441218834479; 0, 1, 0; 0, 1, 0; 1, 1, 1 ;
1,161; -0.0556676, 1.17004, -2.56305 / -0.0553975, 1.17042, -2.56295 / -0.0559378, 1.16966, -2.56315; 1, 3, 1, 0; 0.717154704481; 0, 3, 0; 0, 3, 1; 1, 1, 1 / 3, 4, 0 / 4, 5, 1 / 4, 6, 1 ;
0,161; -0.054812, 1.164518, -2.560485 / -0.054812, 1.164518, -2.560485 / -0.054812, 1.164518, -2.560485; 1, 3, 1, 0; 0.717154599709; 1, 0, 1; 1, 0, 0; 2, 1, 2 / 3, 4, 0 / 3, 6, 0 ;
0,161; -0.054836, 1.167528, -2.562417 / -0.054836, 1.167528, -2.562417 / -0.054836, 1.167528, -2.562417; 1, 3, 1, 0; 0.717154664184; 0, 1, 0; 1, 0, 0; 2, 1, 1 ;
0,161; -0.056047, 1.171580, -2.563482 / -0.055577, 1.172914, -2.563133 / -0.056517, 1.170245, -2.563830; 1, 3, 1, 0; 0.717154724630; 0, 1, 0; 1, 1, 0; 2, 10, 1 / 4, 1, 1 ;
0,161; 1.520978, 4.317022, 0.187332 / 1.520978, 4.317022, 0.187332 / 1.520978, 4.317022, 0.187332; 1, 20, 1, 0; 0.147165208852; 1, 0, 1; 1, 0, 0; 2, 1, 2 ;
1,163; 0.586274, -1.24779, 2.06076 / 0.586274, -1.24779, 2.06076 / 0.586274, -1.24779, 2.06076; 1, 30, 1, 0; 0.363553582631; 0, 1, 0; 0, 1, 0; 1, 1, 1 ;
1,164; 1.84515, 2.30282, -0.678254 / 1.84515, 2.30282, -0.678254 / 1.84515, 2.30282, -0.678254; 1, 12, 1, 0; 0.254319650238; 1, 0, 1; 1, 0, 0; 2, 1, 2 ;
0,164; 1.845060, 2.306452, -0.676098 / 1.845060, 2.306452, -0.676098 / 1.845060, 2.306452, -0.676098; 1, 12, 1, 0; 0.254329531774; 1, 0, 1; 1, 0, 0; 3, 1, 2 ;
0,164; -0.430056, 1.243732, -0.252017 / -0.430056, 1.243732, -0.252017 / -0.430056, 1.243732, -0.252017; 1, 13, 1, 0; 0.825639132731; 0, 1, 0; 1, 0, 0; 3, 1, 1 ;
0,164; -0.432655, 1.244885, -0.254059 / -0.432655, 1.244885, -0.254059 / -0.432655, 1.244885, -0.254059; 1, 13, 1, 0; 0.825639237366; 0, 1, 0; 1, 0, 0; 3, 1, 1 ;
1,166; -1.81027, 2.68282, -0.525072 / -1.81027, 2.68282, -0.525072 / -1.81027, 2.68282, -0.525072; 1, 14, 1, 0; 0.212519834602; 1, 0, 1; 1, 0, 0; 2, 1, 2 ;
0,166; -2.725404, 2.992686, 0.808666 / -2.725404, 2.992686, 0.808666 / -2.725404, 2.992686, 0.808666; 1, 24, 1, 0; 0.092251303948; 1, 0, 1; 1, 0, 0; 3, 1, 2 ;
1,169; -1.14384, 0.266375, -2.60849 / -1.14384, 0.266375, -2.60849 / -1.14384, 0.266375, -2.60849; 1, 2, 1, 0; 0.900322355702; 1, 0, 1; 1, 0, 0; 2, 1, 2 ;
0,169; -1.325796, -0.236977, -2.642882 / -1.325796, -0.236977, -2.642882 / -1.325796, -0.236977, -2.642882; 1, 2, 1, 0; 0.926629150331; 1, 0, 1; 1, 0, 0; 3, 1, 2 / 4, 1, 0 ;
0,169; -0.409104, 2.468312, -2.660284 / -0.409104, 2.468312, -2.660284 / -0.409104, 2.468312, -2.660284; 1, 4, 1, 0; 0.141793022159; 1, 0, 1; 1, 0, 0; 2, 1, 2 ;
1,170; 1.71387, -0.0554634, 2.27265 / 1.71387, -0.0554634, 2.27265 / 1.71387, -0.0554634, 2.27265; 1, 28, 1, 0; 0.912333860060; 1, 0, 1; 1, 0, 0; 3, 1, 2 ;
0,170; -0.991353, -1.291959, 1.762421 / -0.991353, -1.291959, 1.762421 / -0.991353, -1.291959, 1.762421; 1, 30, 1, 0; 0.274927525220; 1, 0, 1; 1, 0, 0; 2, 1, 2 ;
1,171; -0.895228, -0.445828, 1.28917 / -0.895228, -0.445828, 1.28917 / -0.895228, -0.445828, 1.28917; 1, 23, 1, 0; 0.799599607744; 1, 0, 1; 1, 0, 0; 3, 1, 2 ;
0,171; 0.144582, -0.701220, 2.538717 / 0.144582, -0.701220, 2.538717 / 0.144582, -0.701220, 2.538717; 1, 34, 1, 0; 0.684896412544; 0, 1, 0; 1, 0, 0; 3, 1, 1 ;
0,171; 0.772396, -1.024506, 3.778420 / 0.772396, -1.024506, 3.778420 / 0.772396, -1.024506, 3.778420; 1, 46, 1, 0; 0.038718388691; 1, 0, 1; 0, 1, 0; 1, 1, 2 ;
1,172; -2.0433, -0.0531207, -0.514825 / -2.0433, -0.0531207, -0.514825 / -2.0433, -0.0531207, -0.514825; 1, 10, 1, 0; 0.645802590089; 0, 1, 0; 0, 1, 0; 4, 1, 1 ;
0,172; -2.041870, -0.049801, -0.509362 / -2.041870, -0.049801, -0.509362 / -2.041870, -0.049801, -0.509362; 1, 10, 1, 0; 0.645802741480; 1, 0, 1; 1, 0, 0; 3, 1, 2 ;
0,172; -1.132487, 0.087192, 1.133107 / -1.132487, 0.087192, 1.133107 / -1.132487, 0.087192, 1.133107; 1, 23, 1, 0; 0.516217611909; 1, 0, 1; 1, 0, 0; 1, 2, 0 / 1, 4, 0 / 2, 1, 2 ;
0,172; -0.196192, 0.337392, 2.805232 / -0.196192, 0.337392, 2.805232 / -0.196192, 0.337392, 2.805232; 1, 39, 1, 0; 0.127939493949; 1, 0, 1; 1, 0, 0; 2, 1, 2 ;
1,173; 2.48533, 3.4796, -1.05915 / 2.48533, 3.4796, -1.05915 / 2.48533, 3.4796, -1.05915; 1, 13, 1, 0; 0.115191753976; 1, 0, 1; 0, 1, 0; 4, 1, 2 ;
1,175; 0.125417, 0.334796, -1.51175 / 0.125417, 0.334796, -1.51175 / 0.125417, 0.334796, -1.51175; 1, 11, 1, 0; 0.357251176401; 1, 0, 1; 1, 0, 0; 3, 1, 2 ;
1,177; 0.864148, 3.95727, 0.442977 / 0.864673, 3.95789, 0.443738 / 0.863622, 3.95666, 0.442217; 1, 25, 1, 0; 0.267295632420; 2, 2, 1; 1, 2, 1; 1, 3, 2 / 3, 10, 1 / 4, 1, 1 ;
1,178; 1.69103, -0.45549, -2.76745 / 1.69103, -0.45549, -2.76745 / 1.69103, -0.45549, -2.76745; 1, 3, 1, 0; 0.634252239510; 1, 0, 1; 0, 1, 0; 1, 1, 2 ;
0,178; 1.698370, -0.450193, -2.772884 / 1.698370, -0.450193, -2.772884 / 1.698370, -0.450193, -2.772884; 1, 3, 1, 0; 0.634252582035; 1, 0, 1; 1, 0, 0; 2, 1, 2 ;
0,178; -1.976201, 0.168393, 1.628693 / -1.976201, 0.168393, 1.628693 / -1.976201, 0.168393, 1.628693; 1, 24, 1, 0; 0.799416781580; 0, 0, 0; 0, 1, 0; 4, 1, 3 ;
1,181; -2.72971, -2.60012, -1.5118 / -2.72971, -2.60012, -1.5118 / -2.72971, -2.60012, -1.5118; 1, 9, 1, 0; 0.199701997067; 1, 0, 1; 1, 0, 0; 3, 1, 2 ;
0,181; -2.220767, -2.547260, -1.073773 / -2.220767, -2.547260, -1.073773 / -2.220767, -2.547260, -1.073773; 1, 9, 1, 0; 0.352096947735; 1, 0, 1; 1, 0, 0; 2, 1, 2 ;
0,181; -0.901983, -2.452309, 0.147682 / -0.901983, -2.452309, 0.147682 / -0.901983, -2.452309, 0.147682; 1, 15, 1, 0; 0.730616581747; 1, 0, 1; 0, 1, 0; 4, 1, 2 ;
0,181; -0.916383, -2.451136, 0.139111 / -0.916383, -2.451136, 0.139111 / -0.916383, -2.451136, 0.139111; 1, 15, 1, 0; 0.730612442941; 1, 0, 1; 1, 0, 0; 3, 1, 2 ;
0,181; -0.903276, -2.449636, 0.148688 / -0.903276, -2.449636, 0.148688 / -0.903276, -2.449636, 0.148688; 1, 15, 1, 0; 0.730615791490; 1, 0, 1; 1, 0, 0; 3, 1, 2 ;
1,183; 3.19463, 2.02365, -2.13298 / 3.19463, 2.02365, -2.13298 / 3.19463, 2.02365, -2.13298; 1, 4, 1, 0; 0.755647569885; 1, 0, 1; 1, 0, 0; 3, 1, 2 ;
0,183; 0.405871, 1.939611, -1.415363 / 0.405885, 1.939906, -1.415205 / 0.405858, 1.939316, -1.415521; 1, 7, 1, 0; 0.413554159878; 0, 2, 0; 0, 2, 1; 1, 5, 1 / 4, 1, 1 ;
0,183; -1.100666, 1.872514, -1.233533 / -1.099924, 1.872660, -1.233039 / -1.101408, 1.872369, -1.234027; 1, 7, 1, 0; 0.607777595392; 2, 1, 1; 1, 1, 0; 1, 1, 1 / 2, 6, 2 ;
0,183; -1.132432, 1.869955, -1.232461 / -1.132432, 1.869955, -1.232461 / -1.132432, 1.869955, -1.232461; 1, 7, 1, 0; 0.607795666923; 1, 0, 1; 1, 0, 0; 3, 1, 2 / 4, 1, 0 ;
1,184; 4.24743, -0.246721, -0.468425 / 4.24787, -0.246286, -0.468361 / 4.24699, -0.247156, -0.46849; 1, 12, 1, 0; 0.799202061676; 2, 1, 1; 1, 1, 0; 2, 6, 2 / 4, 1, 1 ;
0,184; 4.238261, -0.243467, -0.466921 / 4.238718, -0.242841, -0.466836 / 4.237804, -0.244093, -0.467006; 1, 12, 1, 0; 0.799211044891; 1, 0, 2; 1, 1, 0; 1, 4, 2 / 3, 1, 2 ;
0,184; 4.244285, -0.250514, -0.460948 / 4.244285, -0.250514, -0.460948 / 4.244285, -0.250514, -0.460948; 1, 12, 1, 0; 0.799212864421; 1, 0, 1; 0, 1, 0; 4, 1, 2 ;
0,184; 4.250193, -0.248407, -0.468106 / 4.250193, -0.248407, -0.468106 / 4.250193, -0.248407, -0.468106; 1, 12, 1, 0; 0.799202799788; 1, 0, 1; 1, 0, 0; 1, 4, 0 / 1, 5, 0 / 2, 5, 0 / 3, 1, 2 ;
0,184; 4.230799, -0.241656, -0.467820 / 4.230799, -0.241656, -0.467820 / 4.230799, -0.241656, -0.467820; 1, 12, 1, 0; 0.799210123682; 1, 0, 1; 1, 0, 0; 3, 1, 2 ;
0,184; 4.238301, -0.244650, -0.466127 / 4.238799, -0.244093, -0.465418 / 4.237804, -0.245206, -0.466836; 1, 12, 1, 0; 0.799211062056; 1, 0, 1; 1, 1, 0; 1, 1, 2 / 3, 8, 2 ;
1,185; 1.07262, -0.0247579, -4.1688 / 1.0732, -0.0246498, -4.16814 / 1.07204, -0.024866, -4.16947; 1, 1, 1, 0; 0.194452526509; 1, 0, 2; 1, 1, 0; 2, 1, 2 / 4, 7, 2 ;
0,185; 1.094730, -0.391598, -3.977832 / 1.094730, -0.391598, -3.977832 / 1.094730, -0.391598, -3.977832; 1, 1, 1, 0; 0.448718238674; 1, 0, 1; 1, 0, 0; 2, 1, 2 ;
0,185; 1.108902, -1.132473, -3.631421 / 1.108902, -1.132473, -3.631421 / 1.108902, -1.132473, -3.631421; 1, 1, 1, 0; 0.831702268621; 1, 0, 1; 1, 0, 0; 2, 1, 2 ;
0,185; 1.028016, -3.606309, -2.656282 / 1.028016, -3.606309, -2.656282 / 1.028016, -3.606309, -2.656282; 1, 3, 1, 0; 0.469482017433; 1, 0, 1; 0, 1, 0; 4, 1, 2 ;
0,185; 1.023245, -3.608643, -2.650403 / 1.023245, -3.608643, -2.650403 / 1.023245, -3.608643, -2.650403; 1, 3, 1, 0; 0.469481634610; 1, 0, 1; 1, 0, 0; 2, 1, 2 / 3, 1, 0 / 3, 5, 0 ;
1,186; -0.258369, -1.68819, 2.50723 / -0.258369, -1.68819, 2.50723 / -0.258369, -1.68819, 2.50723; 1, 34, 1, 0; 0.381326705233; 1, 0, 1; 1, 0, 0; 3, 1, 2 ;
0,186; -1.194657, -2.669550, 3.298136 / -1.194657, -2.669550, 3.298136 / -1.194657, -2.669550, 3.298136; 1, 40, 1, 0; 0.882459500236; 1, 0, 1; 0, 1, 0; 4, 1, 2 ;
0,186; -1.180917, -2.694990, 3.294969 / -1.180917, -2.694990, 3.294969 / -1.180917, -2.694990, 3.294969; 1, 40, 1, 0; 0.882406003457; 1, 0, 1; 1, 0, 0; 3, 1, 2 ;
1,187; 1.68419, 1.49448, -0.941913 / 1.68419, 1.49448, -0.941913 / 1.68419, 1.49448, -0.941913; 1, 11, 1, 0; 0.885660157555; 1, 0, 1; 1, 0, 0; 3, 1, 2 ;
1,189; 1.10493, -3.23531, 2.62908 / 1.10511, -3.23517, 2.62923 / 1.10475, -3.23544, 2.62892; 1, 33, 1, 0; 0.820294372975; 2, 1, 1; 1, 1, 0; 1, 2, 1 / 2, 1, 2 ;
1,190; 3.16647, 0.989223, -0.822565 / 3.16647, 0.989223, -0.822565 / 3.16647, 0.989223, -0.822565; 1, 12, 1, 0; 0.352743714039; 1, 0, 1; 0, 1, 0; 1, 1, 2 ;
0,190; 0.247498, 1.633498, 1.125245 / 0.247498, 1.633498, 1.125245 / 0.247498, 1.633498, 1.125245; 1, 25, 1, 0; 0.817242827140; 1, 0, 1; 0, 1, 0; 1, 1, 2 ;
0,190; 0.248350, 1.627414, 1.124179 / 0.248421, 1.627967, 1.124285 / 0.248278, 1.626861, 1.124073; 1, 25, 1, 0; 0.817242355664; 0, 2, 0; 2, 0, 0; 2, 6, 1 / 3, 1, 1 ;
0,190; 0.241088, 1.632299, 1.120708 / 0.241088, 1.632299, 1.120708 / 0.241088, 1.632299, 1.120708; 1, 25, 1, 0; 0.817227971369; 1, 0, 1; 1, 0, 0; 3, 1, 2 / 4, 2, 0 ;
0,190; 0.242112, 1.635843, 1.122385 / 0.242112, 1.635843, 1.122385 / 0.242112, 1.635843, 1.122385; 1, 25, 1, 0; 0.817228897175; 1, 0, 1; 1, 0, 0; 3, 1, 2 ;
0,190; 0.243293, 1.634676, 1.124763 / 0.243293, 1.634676, 1.124763 / 0.243293, 1.634676, 1.124763; 1, 25, 1, 0; 0.817243778664; 1, 0, 1; 1, 0, 0; 1, 1, 0 / 2, 1, 2 ;
0,190; 0.237560, 1.636332, 1.126890 / 0.237560, 1.636332, 1.126890 / 0.237560, 1.636332, 1.126890; 1, 25, 1, 0; 0.817244773049; 1, 0, 1; 1, 0, 0; 3, 1, 2 ;
0,190; -2.278466, 2.307390, 2.904419 / -2.278466, 2.307390, 2.904419 / -2.278466, 2.307390, 2.904419; 1, 39, 1, 0; 0.932068206821; 1, 0, 1; 1, 0, 0; 2, 1, 2 ;
1,192; 2.06722, 0.995318, -1.09911 / 2.06722, 0.995318, -1.09911 / 2.06722, 0.995318, -1.09911; 1, 11, 1, 0; 0.859879550542; 1, 0, 1; 1, 0, 0; 3, 1, 2 ;
1,193; 2.29922, 0.210334, -1.26734 / 2.29922, 0.210334, -1.26734 / 2.29922, 0.210334, -1.26734; 1, 11, 1, 0; 0.392897452887; 1, 0, 1; 0, 1, 0; 4, 1, 2 ;
0,193; 0.711585, 0.419294, -1.687936 / 0.711585, 0.419294, -1.687936 / 0.711585, 0.419294, -1.687936; 1, 11, 1, 0; 0.042862275305; 1, 0, 1; 1, 0, 0; 2, 1, 2 ;
0,193; 2.310323, 0.204514, -1.264436 / 2.310323, 0.204514, -1.264436 / 2.310323, 0.204514, -1.264436; 1, 11, 1, 0; 0.392898728847; 1, 0, 1; 1, 0, 0; 2, 1, 2 ;
0,193; 2.639209, 0.178412, -1.189308 / 2.639209, 0.178412, -1.189308 / 2.639209, 0.178412, -1.189308; 1, 11, 1, 0; 0.725734735401; 1, 0, 1; 1, 0, 0; 3, 1, 2 ;
0,193; 4.511089, 0.004245, -0.835593 / 4.511089, 0.004245, -0.835593 / 4.511089, 0.004245, -0.835593; 1, 12, 1, 0; 0.420457571763; 1, 0, 1; 0, 1, 0; 4, 1, 2 ;
0,193; 4.517217, 0.007673, -0.833696 / 4.517217, 0.007673, -0.833696 / 4.517217, 0.007673, -0.833696; 1, 12, 1, 0; 0.420467264480; 1, 0, 1; 1, 0, 0; 2, 1, 2 ;
1,194; -1.00768, -1.18833, -3.31448 / -1.00768, -1.18833, -3.31448 / -1.00768, -1.18833, -3.31448; 1, 5, 1, 0; 0.077444601603; 1, 0, 1; 1, 0, 0; 3, 1, 2 ;
0,194; 0.130368, 1.906670, 2.833521 / 0.130368, 1.906670, 2.833521 / 0.130368, 1.906670, 2.833521; 1, 39, 1, 0; 0.848698821311; 1, 0, 1; 1, 0, 0; 2, 1, 2 / 4, 5, 0 ;
0,194; 0.146085, 1.990832, 3.002257 / 0.146085, 1.990832, 3.002257 / 0.146085, 1.990832, 3.002257; 1, 39, 1, 0; 0.852287427314; 1, 0, 1; 1, 0, 0; 3, 1, 2 ;
1,196; -3.03626, 0.162728, -0.911759 / -3.03626, 0.162728, -0.911759 / -3.03626, 0.162728, -0.911759; 1, 10, 1, 0; 0.339603603545; 1, 0, 1; 1, 0, 0; 2, 1, 2 ;
1,197; 1.88436, 0.796574, 0.984696 / 1.88436, 0.796574, 0.984696 / 1.88436, 0.796574, 0.984696; 1, 26, 1, 0; 0.193004997643; 0, 1, 0; 0, 1, 0; 4, 1, 1 ;
0,197; 1.889733, 0.790378, 0.978602 / 1.889733, 0.790378, 0.978602 / 1.889733, 0.790378, 0.978602; 1, 26, 1, 0; 0.192990150444; 1, 0, 1; 1, 0, 0; 2, 1, 2 ;
