1,0; 0.0629195, -0.400506, 0.170534 / 0.0629195, -0.400506, 0.170534 / 0.0629195, -0.400506, 0.170534; 1, 16, 1, 0; 0.765405656637; 1, 0, 1; 0, 1, 0; 1, 1, 2 ;
0,0; -0.692409, -0.940868, 0.764462 / -0.692409, -0.940868, 0.764462 / -0.692409, -0.940868, 0.764462; 1, 23, 1, 0; 0.297609610715; 1, 0, 1; 1, 0, 0; 3, 1, 2 ;
0,0; -0.687033, -0.940815, 0.765413 / -0.687033, -0.940815, 0.765413 / -0.687033, -0.940815, 0.765413; 1, 23, 1, 0; 0.297609832412; 1, 0, 1; 1, 0, 0; 3, 1, 2 / 4, 1, 0 ;
1,2; -2.12016, -0.444245, -1.51729 / -2.11989, -0.443889, -1.51637 / -2.12043, -0.444601, -1.5182; 1, 6, 1, 0; 0.971040231288; 2, 1, 2; 1, 2, 1; 1, 5, 1 / 3, 7, 2 / 4, 1, 2 ;
0,2; -1.908158, -0.478218, -1.418401 / -1.908158, -0.478218, -1.418401 / -1.908158, -0.478218, -1.418401; 1, 6, 1, 0; 0.972534809317; 1, 0, 1; 1, 0, 0; 3, 1, 2 ;
0,2; 2.880132, -1.894842, 0.772867 / 2.880132, -1.894842, 0.772867 / 2.880132, -1.894842, 0.772867; 1, 19, 1, 0; 0.885226713294; 1, 0, 1; 0, 1, 0; 4, 1, 2 ;
0,2; 2.247611, -1.750793, 0.448389 / 2.247611, -1.750793, 0.448389 / 2.247611, -1.750793, 0.448389; 1, 19, 1, 0; 0.403835693604; 1, 0, 1; 1, 0, 0; 2, 1, 2 ;
1,3; 0.623201, -0.55532, 2.33642 / 0.623201, -0.55532, 2.33642 / 0.623201, -0.55532, 2.33642; 1, 31, 1, 0; 0.963151429629; 1, 0, 1; 1, 0, 0; 2, 1, 2 ;
0,3; 0.192524, 0.740111, 2.592235 / 0.192524, 0.740111, 2.592235 / 0.192524, 0.740111, 2.592235; 1, 38, 1, 0; 0.907851524948; 1, 0, 1; 1, 0, 0; 3, 1, 2 ;
1,5; -0.821061, -0.207013, -1.71254 / -0.821061, -0.207013, -1.71254 / -0.821061, -0.207013, -1.71254; 1, 4, 1, 0; 0.913934219063; 1, 0, 1; 0, 1, 0; 1, 1, 2 ;
0,5; -0.797136, -0.162698, -1.662820 / -0.797136, -0.162698, -1.662820 / -0.797136, -0.162698, -1.662820; 1, 4, 1, 0; 0.914245457513; 0, 1, 0; 1, 0, 0; 2, 1, 1 ;
0,5; -1.072388, -0.627289, -2.357086 / -1.072388, -0.627289, -2.357086 / -1.072388, -0.627289, -2.357086; 1, 5, 1, 0; 0.438589273094; 1, 0, 1; 1, 0, 0; 3, 1, 2 ;
0,5; -0.183026, 0.894313, -0.100851 / -0.182383, 0.894710, -0.100601 / -0.183669, 0.893917, -0.101102; 1, 13, 1, 0; 0.918829564605; 2, 2, 3; 3, 2, 1; 1, 1, 0 / 1, 3, 0 / 1, 4, 1 / 2, 1, 2 / 2, 4, 1 / 3, 7, 2 / 4, 6, 2 ;
0,5; 0.342232, 1.717961, 1.025626 / 0.342488, 1.718020, 1.025692 / 0.341976, 1.717902, 1.025560; 1, 25, 1, 0; 0.811233611933; 2, 1, 1; 1, 1, 0; 3, 1, 1 / 4, 1, 2 ;
0,5; 0.182409, 1.458575, 0.669284 / 0.182925, 1.458668, 0.669514 / 0.181893, 1.458482, 0.669055; 1, 25, 1, 0; 0.685206214907; 2, 1, 1; 2, 0, 0; 2, 1, 1 / 3, 6, 2 ;
0,5; 0.451702, 1.869520, 1.241440 / 0.451702, 1.869520, 1.241440 / 0.451702, 1.869520, 1.241440; 1, 30, 1, 0; 0.009012901290; 0, 1, 0; 0, 1, 0; 1, 1, 1 ;
0,5; 0.444881, 1.870717, 1.239470 / 0.444881, 1.870717, 1.239470 / 0.444881, 1.870717, 1.239470; 1, 30, 1, 0; 0.009030718007; 1, 0, 1; 0, 1, 0; 4, 1, 2 ;
0,5; 0.451044, 1.877158, 1.248549 / 0.451044, 1.877158, 1.248549 / 0.451044, 1.877158, 1.248549; 1, 30, 1, 0; 0.009014294287; 1, 0, 1; 1, 0, 0; 2, 3, 0 / 3, 1, 2 ;
1,6; 0.98371, 2.23715, -0.478904 / 0.98371, 2.23715, -0.478904 / 0.98371, 2.23715, -0.478904; 1, 13, 1, 0; 0.494365785142; 0, 1, 0; 1, 0, 0; 2, 1, 1 ;
1,8; -3.33124, 1.10016, 1.87351 / -3.33046, 1.10032, 1.87374 / -3.33201, 1.10001, 1.87328; 1, 29, 1, 0; 0.963069560203; 2, 1, 1; 1, 1, 0; 2, 1, 2 / 4, 6, 1 ;
0,8; -0.446994, 0.809585, 2.253672 / -0.446994, 0.809585, 2.253672 / -0.446994, 0.809585, 2.253672; 1, 31, 1, 0; 0.813159394044; 0, 1, 0; 1, 0, 0; 2, 1, 1 ;
1,9; -0.997166, 0.0863498, -3.82257 / -0.996662, 0.0863712, -3.82243 / -0.997669, 0.0863283, -3.8227; 1, 1, 1, 0; 0.487822142114; 0, 2, 0; 0, 2, 0; 1, 1, 1 / 1, 3, 1 ;
0,9; -1.375364, -1.646149, 3.134202 / -1.374685, -1.646124, 3.134508 / -1.376043, -1.646174, 3.133896; 1, 40, 1, 0; 0.496235895018; 2, 1, 1; 1, 1, 0; 3, 1, 2 / 4, 8, 1 ;
0,9; -1.396857, -1.770006, 3.483667 / -1.396857, -1.770006, 3.483667 / -1.396857, -1.770006, 3.483667; 1, 43, 1, 0; 0.560557113935; 1, 0, 1; 1, 0, 0; 2, 1, 2 ;
1,10; 1.1595, 2.22439, -1.09468 / 1.1595, 2.22439, -1.09468 / 1.1595, 2.22439, -1.09468; 1, 7, 1, 0; 0.629656630677; 1, 0, 1; 1, 0, 0; 3, 1, 2 ;
0,10; 3.734664, 0.478958, 0.095766 / 3.734664, 0.478958, 0.095766 / 3.734664, 0.478958, 0.095766; 1, 19, 1, 0; 0.150582055576; 1, 0, 1; 1, 0, 0; 2, 1, 2 ;
1,12; -0.941164, -1.25065, -3.45674 / -0.941164, -1.25065, -3.45674 / -0.941164, -1.25065, -3.45674; 1, 1, 1, 0; 0.862412994535; 1, 0, 1; 0, 1, 0; 4, 1, 2 ;
0,12; -1.029128, 0.217575, -2.656843 / -1.028711, 0.217704, -2.656527 / -1.029545, 0.217446, -2.657160; 1, 2, 1, 0; 0.900133927583; 2, 1, 1; 1, 1, 0; 1, 8, 0 / 2, 1, 2 / 4, 3, 1 ;
0,12; -1.027087, 0.220522, -2.655702 / -1.026824, 0.220540, -2.655126 / -1.027349, 0.220505, -2.656279; 1, 2, 1, 0; 0.900134418044; 1, 0, 2; 2, 0, 0; 1, 5, 0 / 1, 6, 0 / 2, 4, 0 / 2, 6, 2 / 3, 1, 2 ;
0,12; -1.008699, 0.210688, -2.669397 / -1.008699, 0.210688, -2.669397 / -1.008699, 0.210688, -2.669397; 1, 2, 1, 0; 0.900123449905; 1, 0, 1; 1, 0, 0; 3, 1, 2 ;
0,12; -1.030446, 0.212741, -2.652830 / -1.030446, 0.212741, -2.652830 / -1.030446, 0.212741, -2.652830; 1, 2, 1, 0; 0.900133338238; 1, 0, 1; 1, 0, 0; 1, 4, 0 / 1, 5, 0 / 2, 1, 2 / 3, 2, 0 ;
0,12; -0.832938, 3.331108, -0.699898 / -0.832938, 3.331108, -0.699898 / -0.832938, 3.331108, -0.699898; 1, 13, 1, 0; 0.260070044304; 1, 0, 1; 1, 0, 0; 2, 3, 0 / 3, 1, 2 ;
1,14; -1.23939, -0.0135002, 2.62991 / -1.23939, -0.0135002, 2.62991 / -1.23939, -0.0135002, 2.62991; 1, 34, 1, 0; 0.893993673744; 1, 0, 1; 1, 0, 0; 2, 1, 2 ;
1,16; -0.379819, -0.530519, -1.95339 / -0.379819, -0.530519, -1.95339 / -0.379819, -0.530519, -1.95339; 1, 4, 1, 0; 0.558541068759; 0, 1, 0; 0, 1, 0; 4, 1, 1 ;
0,16; -1.137680, -0.794495, -2.217136 / -1.137680, -0.794495, -2.217136 / -1.137680, -0.794495, -2.217136; 1, 5, 1, 0; 0.437863612171; 1, 0, 1; 1, 0, 0; 3, 1, 2 ;
1,17; -0.895467, 2.17738, -2.7327 / -0.895467, 2.17738, -2.7327 / -0.895467, 2.17738, -2.7327; 1, 4, 1, 0; 0.142125996849; 1, 0, 1; 1, 0, 0; 3, 1, 2 ;
0,17; -0.897328, 2.174963, -2.732147 / -0.897328, 2.174963, -2.732147 / -0.897328, 2.174963, -2.732147; 1, 4, 1, 0; 0.142126476384; 1, 0, 1; 1, 0, 0; 2, 2, 0 / 3, 1, 2 ;
1,20; 2.68682, 0.846036, 3.20634 / 2.68682, 0.846036, 3.20634 / 2.68682, 0.846036, 3.20634; 1, 42, 1, 0; 0.145807224844; 1, 0, 1; 1, 0, 0; 2, 1, 2 ;
1,22; 3.22937, -0.842036, 0.3891 / 3.22937, -0.842036, 0.3891 / 3.22937, -0.842036, 0.3891; 1, 19, 1, 0; 0.523651875924; 1, 0, 1; 1, 0, 0; 3, 1, 2 ;
1,23; 2.86633, -1.34491, -0.375562 / 2.86649, -1.34485, -0.375395 / 2.86618, -1.34497, -0.375729; 1, 12, 1, 0; 0.693290929128; 2, 1, 1; 1, 1, 0; 1, 6, 2 / 3, 1, 1 / 3, 2, 0 ;
0,23; 2.867891, -1.345677, -0.376747 / 2.867891, -1.345677, -0.376747 / 2.867891, -1.345677, -0.376747; 1, 12, 1, 0; 0.693291014954; 1, 0, 1; 1, 0, 0; 2, 1, 2 / 3, 3, 0 / 3, 4, 0 ;
0,23; 1.715853, -2.984139, -0.522176 / 1.715853, -2.984139, -0.522176 / 1.715853, -2.984139, -0.522176; 1, 15, 1, 0; 0.146873680672; 1, 0, 1; 0, 1, 0; 4, 1, 2 ;
0,23; 1.715589, -2.983346, -0.525391 / 1.715589, -2.983346, -0.525391 / 1.715589, -2.983346, -0.525391; 1, 15, 1, 0; 0.146872789958; 1, 0, 1; 1, 0, 0; 2, 1, 2 ;
1,24; 2.22793, -2.5645, 1.01083 / 2.22793, -2.5645, 1.01083 / 2.22793, -2.5645, 1.01083; 1, 22, 1, 0; 0.140102429555; 1, 0, 1; 0, 1, 0; 4, 1, 2 ;
0,24; 2.228456, -2.561381, 1.013322 / 2.228456, -2.561381, 1.013322 / 2.228456, -2.561381, 1.013322; 1, 22, 1, 0; 0.140101643762; 1, 0, 1; 1, 0, 0; 2, 1, 2 ;
0,24; 1.301357, -1.068939, 1.141658 / 1.301357, -1.068939, 1.141658 / 1.301357, -1.068939, 1.141658; 1, 23, 1, 0; 0.377388889135; 1, 0, 1; 1, 0, 0; 2, 1, 2 ;
0,24; 0.841367, -0.360447, 1.344203 / 0.841367, -0.360447, 1.344203 / 0.841367, -0.360447, 1.344203; 1, 23, 1, 0; 0.785379722701; 1, 0, 1; 1, 0, 0; 2, 1, 2 ;
0,24; -1.204058, 3.281415, 2.852181 / -1.204058, 3.281415, 2.852181 / -1.204058, 3.281415, 2.852181; 1, 40, 1, 0; 0.293867311017; 1, 0, 1; 1, 0, 0; 2, 1, 2 / 3, 4, 0 / 4, 5, 0 ;
1,25; -1.36582, -2.97182, -2.04882 / -1.36555, -2.97116, -2.04839 / -1.36609, -2.97248, -2.04925; 1, 5, 1, 0; 0.725183728501; 2, 1, 1; 0, 2, 1; 1, 1, 1 / 4, 2, 2 ;
0,25; -1.258614, -3.100823, -2.261282 / -1.258614, -3.100823, -2.261282 / -1.258614, -3.100823, -2.261282; 1, 5, 1, 0; 0.592483794860; 1, 0, 1; 0, 1, 0; 1, 1, 2 ;
0,25; -1.686374, -3.590039, -2.342829 / -1.686374, -3.590039, -2.342829 / -1.686374, -3.590039, -2.342829; 1, 5, 1, 0; 0.608766738123; 1, 0, 1; 0, 1, 0; 1, 1, 2 ;
0,25; -1.365004, -2.969613, -2.050066 / -1.365004, -2.969613, -2.050066 / -1.365004, -2.969613, -2.050066; 1, 5, 1, 0; 0.725184341125; 1, 0, 1; 0, 1, 0; 1, 1, 2 / 4, 5, 0 ;
0,25; -1.255146, -3.101954, -2.260562 / -1.254963, -3.100919, -2.260283 / -1.255329, -3.102989, -2.260841; 1, 5, 1, 0; 0.592484407484; 1, 0, 1; 2, 0, 0; 3, 1, 2 / 3, 10, 3 ;
0,25; -1.246812, -3.105275, -2.262761 / -1.246812, -3.105275, -2.262761 / -1.246812, -3.105275, -2.262761; 1, 5, 1, 0; 0.592476732526; 1, 0, 1; 1, 0, 0; 2, 1, 2 ;
0,25; -1.254890, -3.104717, -2.255275 / -1.254890, -3.104717, -2.255275 / -1.254890, -3.104717, -2.255275; 1, 5, 1, 0; 0.592484554514; 1, 0, 1; 1, 0, 0; 2, 1, 2 ;
0,25; -1.249648, -3.104754, -2.257620 / -1.249648, -3.104754, -2.257620 / -1.249648, -3.104754, -2.257620; 1, 5, 1, 0; 0.592485323970; 1, 0, 1; 1, 0, 0; 2, 1, 2 / 2, 10, 0 / 4, 5, 0 ;
0,25; -1.249331, -3.117262, -2.255021 / -1.249331, -3.117262, -2.255021 / -1.249331, -3.117262, -2.255021; 1, 5, 1, 0; 0.592487406893; 1, 0, 1; 1, 0, 0; 2, 1, 2 ;
0,25; -1.251315, -3.123407, -2.255086 / -1.251315, -3.123407, -2.255086 / -1.251315, -3.123407, -2.255086; 1, 5, 1, 0; 0.592488122439; 1, 0, 1; 1, 0, 0; 3, 1, 2 ;
1,28; -2.75994, -1.50023, -3.21847 / -2.75994, -1.50023, -3.21847 / -2.75994, -1.50023, -3.21847; 1, 5, 1, 0; 0.056357948091; 1, 0, 1; 0, 1, 0; 1, 1, 2 ;
0,28; -2.758254, -1.495327, -3.217756 / -2.758254, -1.495327, -3.217756 / -2.758254, -1.495327, -3.217756; 1, 5, 1, 0; 0.056358041210; 1, 0, 1; 1, 0, 0; 2, 1, 2 ;
0,28; -2.243332, 1.184688, 1.037088 / -2.243332, 1.184688, 1.037088 / -2.243332, 1.184688, 1.037088; 1, 24, 1, 0; 0.277543182890; 1, 0, 1; 0, 1, 0; 1, 1, 2 ;
0,28; -2.243121, 1.188617, 1.034184 / -2.243121, 1.188617, 1.034184 / -2.243121, 1.188617, 1.034184; 1, 24, 1, 0; 0.277542177863; 1, 0, 1; 1, 0, 0; 3, 1, 2 ;
1,29; -0.396987, -2.37019, -2.38503 / -0.396987, -2.37019, -2.38503 / -0.396987, -2.37019, -2.38503; 1, 5, 1, 0; 0.529484528049; 1, 0, 1; 1, 0, 0; 2, 6, 0 / 2, 10, 0 / 3, 1, 2 ;
0,29; 1.757421, -0.706182, -1.445312 / 1.757421, -0.706182, -1.445312 / 1.757421, -0.706182, -1.445312; 1, 11, 1, 0; 0.510853508374; 1, 0, 1; 0, 1, 0; 1, 1, 2 ;
0,29; 1.759787, -0.703015, -1.443831 / 1.759787, -0.703015, -1.443831 / 1.759787, -0.703015, -1.443831; 1, 11, 1, 0; 0.510854498245; 1, 0, 1; 1, 0, 0; 2, 1, 2 ;
0,29; 3.477392, 1.099214, -0.286829 / 3.477820, 1.099595, -0.286771 / 3.476964, 1.098834, -0.286887; 1, 13, 1, 0; 0.872225900882; 2, 1, 1; 0, 2, 1; 1, 1, 1 / 4, 6, 2 ;
0,29; 3.473802, 1.099644, -0.288544 / 3.473802, 1.099644, -0.288544 / 3.473802, 1.099644, -0.288544; 1, 13, 1, 0; 0.872226011672; 1, 0, 1; 1, 0, 0; 3, 1, 2 ;
0,29; 3.555580, 1.186781, -0.223892 / 3.555580, 1.186781, -0.223892 / 3.555580, 1.186781, -0.223892; 1, 13, 1, 0; 0.873524927278; 0, 1, 0; 1, 0, 0; 3, 1, 1 ;
0,29; 3.899303, 1.562888, 0.049787 / 3.899303, 1.562888, 0.049787 / 3.899303, 1.562888, 0.049787; 1, 20, 1, 0; 0.338083010098; 1, 0, 1; 1, 0, 0; 2, 1, 2 ;
1,30; -0.981581, 3.67332, 1.76572 / -0.981581, 3.67332, 1.76572 / -0.981581, 3.67332, 1.76572; 1, 29, 1, 0; 0.489808253553; 1, 0, 1; 1, 0, 0; 2, 1, 2 ;
1,32; 3.33175, -2.84412, 0.211648 / 3.33241, -2.84352, 0.212428 / 3.33109, -2.84471, 0.210867; 1, 15, 1, 0; 0.779921175153; 2, 1, 3; 1, 3, 1; 1, 1, 1 / 1, 2, 2 / 3, 7, 2 / 4, 3, 2 ;
0,32; 3.331749, -2.843877, 0.211643 / 3.332407, -2.843178, 0.212428 / 3.331091, -2.844576, 0.210858; 1, 15, 1, 0; 0.779921181850; 1, 0, 1; 2, 2, 1; 1, 1, 2 / 2, 10, 2 / 3, 6, 2 / 4, 2, 2 ;
1,34; -0.373049, 1.9819, -0.480854 / -0.373049, 1.9819, -0.480854 / -0.373049, 1.9819, -0.480854; 1, 13, 1, 0; 0.474650172403; 1, 0, 1; 0, 1, 0; 4, 1, 2 ;
0,34; -0.374999, 1.975672, -0.486328 / -0.374999, 1.975672, -0.486328 / -0.374999, 1.975672, -0.486328; 1, 13, 1, 0; 0.474651329549; 1, 0, 1; 1, 0, 0; 2, 1, 2 / 4, 8, 0 ;
0,34; -0.827775, 0.867150, 0.530736 / -0.827626, 0.867421, 0.531010 / -0.827924, 0.866880, 0.530463; 1, 17, 1, 0; 0.797651716144; 2, 1, 2; 2, 1, 0; 3, 1, 2 / 3, 3, 2 / 4, 1, 1 / 4, 3, 0 ;
0,34; -1.427307, -1.067333, 2.142326 / -1.426608, -1.067313, 2.142411 / -1.428007, -1.067353, 2.142241; 1, 30, 1, 0; 0.458099475532; 0, 2, 0; 1, 1, 0; 1, 5, 1 / 2, 1, 1 ;
1,35; 2.29292, -0.787437, -2.54584 / 2.29351, -0.786909, -2.54554 / 2.29233, -0.787965, -2.54614; 1, 3, 1, 0; 0.630513332286; 2, 1, 1; 1, 1, 0; 2, 1, 2 / 3, 9, 0 / 4, 8, 1 ;
0,35; 2.294187, -0.786903, -2.548861 / 2.294187, -0.786903, -2.548861 / 2.294187, -0.786903, -2.548861; 1, 3, 1, 0; 0.630506320595; 1, 0, 1; 1, 0, 0; 2, 1, 2 ;
0,35; 2.209219, -0.861251, -2.355148 / 2.209219, -0.861251, -2.355148 / 2.209219, -0.861251, -2.355148; 1, 3, 1, 0; 0.817663499317; 1, 0, 1; 1, 0, 0; 2, 1, 2 ;
0,35; 1.524395, -1.431759, -0.421400 / 1.525298, -1.431610, -0.421196 / 1.523492, -1.431909, -0.421605; 1, 12, 1, 0; 0.705739347166; 1, 0, 2; 0, 2, 0; 4, 1, 2 / 4, 2, 0 / 4, 7, 2 ;
0,35; 1.528353, -1.431563, -0.428207 / 1.528353, -1.431563, -0.428207 / 1.528353, -1.431563, -0.428207; 1, 12, 1, 0; 0.705728201114; 1, 0, 1; 0, 1, 0; 4, 1, 2 ;
0,35; 1.531848, -1.426730, -0.423222 / 1.531848, -1.426730, -0.423222 / 1.531848, -1.426730, -0.423222; 1, 12, 1, 0; 0.705738042598; 1, 0, 1; 0, 1, 0; 1, 1, 2 ;
0,35; 1.529109, -1.432476, -0.422858 / 1.529109, -1.432476, -0.422858 / 1.529109, -1.432476, -0.422858; 1, 12, 1, 0; 0.705738631942; 1, 0, 1; 0, 1, 0; 1, 1, 2 / 3, 6, 0 / 4, 4, 0 ;
0,35; 1.523671, -1.431473, -0.421669 / 1.523850, -1.431337, -0.421196 / 1.523492, -1.431610, -0.422142; 1, 12, 1, 0; 0.705739381497; 0, 2, 0; 2, 1, 0; 1, 5, 0 / 2, 5, 1 / 2, 6, 1 / 4, 1, 2 ;
0,35; 0.434190, -2.489151, 2.964846 / 0.434190, -2.489151, 2.964846 / 0.434190, -2.489151, 2.964846; 1, 35, 1, 0; 0.813662606307; 1, 0, 1; 0, 1, 0; 1, 1, 2 ;
1,36; -0.0490743, 1.1772, 1.14979 / -0.0490743, 1.1772, 1.14979 / -0.0490743, 1.1772, 1.14979; 1, 25, 1, 0; 0.754672212936; 1, 0, 1; 1, 0, 0; 3, 1, 2 ;
0,36; 0.213786, 1.007203, 1.326485 / 0.213786, 1.007203, 1.326485 / 0.213786, 1.007203, 1.326485; 1, 26, 1, 0; 0.787944605889; 1, 0, 1; 1, 0, 0; 2, 5, 0 / 3, 1, 2 ;
0,36; 0.214354, 1.008236, 1.324761 / 0.214354, 1.008236, 1.324761 / 0.214354, 1.008236, 1.324761; 1, 26, 1, 0; 0.787944717329; 1, 0, 1; 1, 0, 0; 3, 1, 2 ;
1,37; -0.782635, 0.39407, -2.6917 / -0.782635, 0.39407, -2.6917 / -0.782635, 0.39407, -2.6917; 1, 2, 1, 0; 0.873667305849; 1, 0, 1; 0, 1, 0; 4, 1, 2 ;
0,37; -0.885634, 0.666117, -2.654693 / -0.885634, 0.666117, -2.654693 / -0.885634, 0.666117, -2.654693; 1, 2, 1, 0; 0.841168444984; 1, 0, 1; 1, 0, 0; 3, 1, 2 ;
0,37; -0.758081, 0.340751, -2.695930 / -0.758081, 0.340751, -2.695930 / -0.758081, 0.340751, -2.695930; 1, 2, 1, 0; 0.872869748504; 1, 0, 1; 1, 0, 0; 2, 1, 2 ;
0,37; -0.782822, 0.397455, -2.695639 / -0.782822, 0.397455, -2.695639 / -0.782822, 0.397455, -2.695639; 1, 2, 1, 0; 0.873667966389; 1, 0, 1; 1, 0, 0; 2, 1, 2 ;
0,37; 0.042296, -1.499126, -2.943746 / 0.042296, -1.499126, -2.943746 / 0.042296, -1.499126, -2.943746; 1, 3, 1, 0; 0.344179313902; 1, 0, 1; 1, 0, 0; 2, 2, 0 / 3, 1, 2 ;
1,38; 0.416792, -3.45837, -0.799329 / 0.416792, -3.45837, -0.799329 / 0.416792, -3.45837, -0.799329; 1, 9, 1, 0; 0.677927215395; 1, 0, 1; 1, 0, 0; 3, 1, 2 ;
0,38; -1.056599, -0.672453, 2.273482 / -1.056599, -0.672453, 2.273482 / -1.056599, -0.672453, 2.273482; 1, 34, 1, 0; 0.129911167988; 1, 0, 1; 1, 0, 0; 3, 1, 2 ;
0,38; -1.058948, -0.677078, 2.269192 / -1.058948, -0.677078, 2.269192 / -1.058948, -0.677078, 2.269192; 1, 34, 1, 0; 0.129911816578; 1, 0, 1; 1, 0, 0; 3, 1, 2 ;
1,39; -1.63877, 1.27706, 1.67318 / -1.63809, 1.27779, 1.6733 / -1.63946, 1.27633, 1.67306; 1, 29, 1, 0; 0.294480422068; 0, 3, 0; 2, 2, 0; 1, 1, 1 / 1, 4, 1 / 2, 4, 3 / 3, 3, 1 / 3, 8, 0 ;
0,39; -1.633639, 1.289142, 1.670808 / -1.633639, 1.289142, 1.670808 / -1.633639, 1.289142, 1.670808; 1, 29, 1, 0; 0.294478259514; 1, 0, 1; 1, 0, 0; 3, 1, 2 ;
0,39; -1.626384, 1.282986, 1.683300 / -1.626384, 1.282986, 1.683300 / -1.626384, 1.282986, 1.683300; 1, 29, 1, 0; 0.294496202867; 1, 0, 1; 1, 0, 0; 3, 1, 2 ;
0,39; -0.026404, 0.911324, 3.875156 / -0.026404, 0.911324, 3.875156 / -0.026404, 0.911324, 3.875156; 1, 46, 1, 0; 0.305541893714; 1, 0, 1; 1, 0, 0; 2, 6, 0 / 3, 1, 2 ;
1,42; 1.91464, 2.02268, -0.392732 / 1.91464, 2.02268, -0.392732 / 1.91464, 2.02268, -0.392732; 1, 13, 1, 0; 0.457921721490; 1, 0, 1; 1, 0, 0; 2, 1, 2 ;
1,45; 0.76223, -3.78198, 0.296943 / 0.76223, -3.78198, 0.296943 / 0.76223, -3.78198, 0.296943; 1, 15, 1, 0; 0.911600445759; 1, 0, 1; 1, 0, 0; 3, 1, 2 ;
1,46; 0.593923, 3.68239, 1.4322 / 0.593923, 3.68239, 1.4322 / 0.593923, 3.68239, 1.4322; 1, 31, 1, 0; 0.037285059948; 0, 1, 0; 1, 0, 0; 2, 1, 1 ;
1,47; -2.17914, 0.738849, 2.64336 / -2.17914, 0.738849, 2.64336 / -2.17914, 0.738849, 2.64336; 1, 37, 1, 0; 0.654257027744; 1, 0, 1; 1, 0, 0; 3, 1, 2 ;
1,50; 3.141, 1.56095, -2.75906 / 3.141, 1.56095, -2.75906 / 3.141, 1.56095, -2.75906; 1, 4, 1, 0; 0.073869163473; 1, 0, 1; 1, 0, 0; 3, 1, 2 ;
0,50; 2.558025, -1.067568, -1.207063 / 2.558073, -1.067060, -1.206592 / 2.557976, -1.068076, -1.207534; 1, 11, 1, 0; 0.580237820592; 1, 0, 2; 2, 0, 0; 2, 1, 2 / 3, 6, 2 / 4, 6, 0 ;
0,50; 2.523773, -1.169847, -1.149457 / 2.523773, -1.169847, -1.149457 / 2.523773, -1.169847, -1.149457; 1, 11, 1, 0; 0.580885561857; 1, 0, 1; 1, 0, 0; 3, 1, 2 ;
1,51; 0.908798, -0.627309, 0.803393 / 0.908798, -0.627309, 0.803393 / 0.908798, -0.627309, 0.803393; 1, 19, 1, 0; 0.763718207929; 0, 1, 0; 0, 1, 0; 1, 1, 1 ;
0,51; 0.902653, -0.630711, 0.800452 / 0.902653, -0.630711, 0.800452 / 0.902653, -0.630711, 0.800452; 1, 19, 1, 0; 0.763716884616; 1, 0, 1; 1, 0, 0; 3, 1, 2 ;
0,51; -0.395834, -0.723217, 2.656834 / -0.395834, -0.723217, 2.656834 / -0.395834, -0.723217, 2.656834; 1, 34, 1, 0; 0.695764239689; 0, 1, 0; 1, 0, 0; 2, 1, 1 / 4, 5, 0 ;
0,51; -0.397125, -0.723013, 2.657311 / -0.397125, -0.723013, 2.657311 / -0.397125, -0.723013, 2.657311; 1, 34, 1, 0; 0.695764364418; 0, 1, 0; 1, 0, 0; 2, 1, 1 ;
0,51; -1.113487, -0.753294, 3.681748 / -1.113487, -0.753294, 3.681748 / -1.113487, -0.753294, 3.681748; 1, 44, 1, 0; 0.234157999834; 1, 0, 1; 1, 0, 0; 3, 1, 2 ;
1,52; -1.17356, 0.699332, -1.00999 / -1.17346, 0.69968, -1.00985 / -1.17367, 0.698985, -1.01013; 1, 11, 1, 0; 0.828539924381; 0, 2, 0; 2, 0, 0; 2, 1, 1 / 2, 2, 1 ;
0,52; -1.180870, 0.701304, -1.006620 / -1.180870, 0.701304, -1.006620 / -1.180870, 0.701304, -1.006620; 1, 11, 1, 0; 0.828540748319; 1, 0, 1; 1, 0, 0; 3, 1, 2 ;
0,52; 1.871816, -0.256408, 2.335823 / 1.871816, -0.256408, 2.335823 / 1.871816, -0.256408, 2.335823; 1, 28, 1, 0; 0.906682348759; 1, 0, 1; 1, 0, 0; 3, 1, 2 ;
0,52; 2.156967, -0.335988, 2.639098 / 2.156967, -0.335988, 2.639098 / 2.156967, -0.335988, 2.639098; 1, 34, 1, 0; 0.777594688040; 1, 0, 1; 1, 0, 0; 2, 6, 0 / 3, 1, 2 ;
1,55; -1.83753, -1.23273, -0.251003 / -1.83753, -1.23273, -0.251003 / -1.83753, -1.23273, -0.251003; 1, 10, 1, 0; 0.823735623235; 1, 0, 1; 1, 0, 0; 3, 1, 2 ;
1,57; 1.50702, 0.878516, -1.98279 / 1.50704, 0.878517, -1.98277 / 1.507, 0.878515, -1.98282; 1, 4, 1, 0; 0.660720725186; 2, 1, 1; 2, 0, 0; 3, 1, 1 / 3, 2, 2 ;
0,57; -1.404203, 4.142034, 1.127725 / -1.404203, 4.142034, 1.127725 / -1.404203, 4.142034, 1.127725; 1, 26, 1, 0; 0.621219133342; 1, 0, 1; 0, 1, 0; 1, 1, 2 ;
0,57; -1.344296, 4.068952, 1.057276 / -1.344296, 4.068952, 1.057276 / -1.344296, 4.068952, 1.057276; 1, 26, 1, 0; 0.619145325961; 1, 0, 1; 1, 0, 0; 3, 1, 2 ;
0,57; -1.410298, 4.141162, 1.122098 / -1.410298, 4.141162, 1.122098 / -1.410298, 4.141162, 1.122098; 1, 26, 1, 0; 0.621219844842; 1, 0, 1; 1, 0, 0; 2, 1, 2 ;
1,58; 0.336901, -0.441508, 0.713092 / 0.336901, -0.441508, 0.713092 / 0.336901, -0.441508, 0.713092; 1, 23, 1, 0; 0.263602074493; 1, 0, 1; 1, 0, 0; 3, 1, 2 ;
1,60; 1.0533, 2.45011, -3.15171 / 1.0535, 2.45099, -3.15124 / 1.0531, 2.44923, -3.15218; 1, 2, 1, 0; 0.196182225365; 2, 3, 1; 3, 1, 0; 1, 1, 2 / 1, 5, 0 / 1, 6, 0 / 2, 6, 1 / 2, 7, 1 / 3, 3, 0 / 3, 5, 0 / 3, 7, 1 / 4, 8, 0 ;
0,60; 1.058263, 2.444610, -3.157611 / 1.058263, 2.444610, -3.157611 / 1.058263, 2.444610, -3.157611; 1, 2, 1, 0; 0.196181434299; 1, 0, 1; 1, 0, 0; 2, 1, 2 ;
0,60; 1.056734, 2.444114, -3.149171 / 1.056734, 2.444114, -3.149171 / 1.056734, 2.444114, -3.149171; 1, 2, 1, 0; 0.196181667663; 1, 0, 1; 1, 0, 0; 2, 1, 2 ;
0,60; 1.051865, 2.450754, -3.148094 / 1.051865, 2.450754, -3.148094 / 1.051865, 2.450754, -3.148094; 1, 2, 1, 0; 0.196182308427; 1, 0, 1; 1, 0, 0; 3, 1, 2 ;
0,60; 1.827957, 4.005839, -1.300819 / 1.827957, 4.005839, -1.300819 / 1.827957, 4.005839, -1.300819; 1, 13, 1, 0; 0.036534130287; 1, 0, 1; 0, 1, 0; 1, 1, 2 ;
0,60; 1.826494, 4.015114, -1.309201 / 1.826494, 4.015114, -1.309201 / 1.826494, 4.015114, -1.309201; 1, 13, 1, 0; 0.036535318209; 0, 1, 0; 0, 1, 0; 1, 1, 1 ;
0,60; 1.845471, 3.995975, -1.333104 / 1.845471, 3.995975, -1.333104 / 1.845471, 3.995975, -1.333104; 1, 13, 1, 0; 0.036507288178; 1, 0, 1; 1, 0, 0; 2, 1, 2 ;
0,60; 1.847734, 3.997277, -1.329008 / 1.847734, 3.997277, -1.329008 / 1.847734, 3.997277, -1.329008; 1, 13, 1, 0; 0.036518022559; 0, 1, 0; 1, 0, 0; 2, 1, 1 / 2, 2, 0 ;
0,60; 1.845073, 3.997381, -1.327810 / 1.845073, 3.997381, -1.327810 / 1.845073, 3.997381, -1.327810; 1, 13, 1, 0; 0.036518090265; 1, 0, 1; 1, 0, 0; 3, 1, 2 ;
0,60; 1.828591, 3.995997, -1.302495 / 1.828591, 3.995997, -1.302495 / 1.828591, 3.995997, -1.302495; 1, 13, 1, 0; 0.036532333017; 1, 0, 1; 1, 0, 0; 3, 1, 2 ;
0,60; 1.825824, 4.010493, -1.310156 / 1.825824, 4.010493, -1.310156 / 1.825824, 4.010493, -1.310156; 1, 13, 1, 0; 0.036534524210; 1, 0, 1; 1, 0, 0; 2, 1, 2 ;
1,62; -2.37916, -3.52313, -0.348492 / -2.37916, -3.52313, -0.348492 / -2.37916, -3.52313, -0.348492; 1, 9, 1, 0; 0.850068504557; 0, 1, 0; 1, 0, 0; 2, 1, 1 ;
1,63; 3.23602, 1.16969, 0.903875 / 3.23602, 1.16969, 0.903875 / 3.23602, 1.16969, 0.903875; 1, 20, 1, 0; 0.812536814155; 0, 1, 0; 0, 1, 0; 4, 1, 1 ;
1,64; 1.36683, 2.90798, -0.987084 / 1.36683, 2.90798, -0.987084 / 1.36683, 2.90798, -0.987084; 1, 7, 1, 0; 0.702500605964; 1, 0, 1; 1, 0, 0; 3, 1, 2 ;
0,64; 1.777379, 3.464780, -1.138019 / 1.777600, 3.465083, -1.137991 / 1.777159, 3.464477, -1.138048; 1, 13, 1, 0; 0.107714512220; 1, 0, 2; 2, 0, 0; 1, 1, 0 / 2, 1, 2 / 2, 2, 2 / 4, 7, 0 ;
0,64; -1.069693, -0.171233, 0.128869 / -1.069693, -0.171233, 0.128869 / -1.069693, -0.171233, 0.128869; 1, 16, 1, 0; 0.701189973908; 1, 0, 1; 0, 1, 0; 4, 1, 2 ;
0,64; -1.068853, -0.170886, 0.130593 / -1.068853, -0.170886, 0.130593 / -1.068853, -0.170886, 0.130593; 1, 16, 1, 0; 0.701190757469; 0, 1, 0; 1, 0, 0; 3, 1, 1 ;
1,66; -2.34695, 1.20242, 0.573305 / -2.34695, 1.20242, 0.573305 / -2.34695, 1.20242, 0.573305; 1, 17, 1, 0; 0.845942477172; 1, 0, 1; 1, 0, 0; 2, 1, 2 ;
1,67; 1.2623, 2.03117, -1.48896 / 1.2623, 2.03117, -1.48896 / 1.2623, 2.03117, -1.48896; 1, 7, 1, 0; 0.405806233707; 1, 0, 1; 0, 1, 0; 1, 1, 2 / 4, 6, 0 / 4, 7, 0 ;
1,70; -1.35274, 2.78104, -2.03512 / -1.35274, 2.78104, -2.03512 / -1.35274, 2.78104, -2.03512; 1, 6, 1, 0; 0.513416767872; 1, 0, 1; 1, 0, 0; 3, 1, 2 ;
0,70; 0.527649, 2.152161, 0.743774 / 0.527649, 2.152161, 0.743774 / 0.527649, 2.152161, 0.743774; 1, 25, 1, 0; 0.617979675110; 1, 0, 1; 1, 0, 0; 3, 1, 2 ;
1,71; 3.97806, -1.59316, 0.123343 / 3.97806, -1.59316, 0.123343 / 3.97806, -1.59316, 0.123343; 1, 15, 1, 0; 0.595170883160; 1, 0, 1; 0, 1, 0; 1, 1, 2 ;
0,71; 3.377790, -3.107705, 0.498312 / 3.377790, -3.107705, 0.498312 / 3.377790, -3.107705, 0.498312; 1, 19, 1, 0; 0.291337045843; 1, 0, 1; 1, 0, 0; 2, 1, 2 ;
1,72; 0.0274406, 0.177101, -4.51644 / 0.0274406, 0.177101, -4.51644 / 0.0274406, 0.177101, -4.51644; 1, 1, 1, 0; 0.050499265890; 1, 0, 1; 1, 0, 0; 3, 1, 2 ;
0,72; 0.026564, 0.182560, -4.509195 / 0.026564, 0.182560, -4.509195 / 0.026564, 0.182560, -4.509195; 1, 1, 1, 0; 0.050505602334; 1, 0, 1; 1, 0, 0; 3, 1, 2 ;
0,72; 2.526403, -1.375949, -2.131387 / 2.526403, -1.375949, -2.131387 / 2.526403, -1.375949, -2.131387; 1, 8, 1, 0; 0.089089924022; 1, 0, 1; 1, 0, 0; 2, 1, 2 ;
0,72; 2.856301, -1.535071, -1.835327 / 2.856301, -1.535071, -1.835327 / 2.856301, -1.535071, -1.835327; 1, 8, 1, 0; 0.178319761787; 1, 0, 1; 1, 0, 0; 2, 1, 2 ;
0,72; 2.853959, -1.536397, -1.839856 / 2.853959, -1.536397, -1.839856 / 2.853959, -1.536397, -1.839856; 1, 8, 1, 0; 0.178320431671; 0, 1, 0; 1, 0, 0; 2, 1, 1 / 2, 7, 0 ;
0,72; 2.853040, -1.538452, -1.839323 / 2.853040, -1.538452, -1.839323 / 2.853040, -1.538452, -1.839323; 1, 8, 1, 0; 0.178320482807; 1, 0, 1; 1, 0, 0; 2, 1, 2 / 4, 1, 0 ;
1,73; 0.0576325, -1.48377, -0.142089 / 0.0576325, -1.48377, -0.142089 / 0.0576325, -1.48377, -0.142089; 1, 16, 1, 0; 0.304973425914; 1, 0, 1; 0, 1, 0; 4, 1, 2 ;
0,73; -0.425168, -0.598550, 0.130478 / -0.424884, -0.598374, 0.130641 / -0.425452, -0.598725, 0.130315; 1, 16, 1, 0; 0.770580892911; 1, 0, 2; 2, 0, 0; 2, 6, 2 / 3, 1, 2 / 3, 8, 0 / 4, 7, 0 / 4, 8, 0 ;
0,73; 0.054146, -1.479862, -0.135991 / 0.054146, -1.479862, -0.135991 / 0.054146, -1.479862, -0.135991; 1, 16, 1, 0; 0.304972809781; 1, 0, 1; 1, 0, 0; 3, 1, 2 ;
0,73; -0.433745, -0.605200, 0.125242 / -0.433745, -0.605200, 0.125242 / -0.433745, -0.605200, 0.125242; 1, 16, 1, 0; 0.770570217736; 1, 0, 1; 1, 0, 0; 3, 1, 2 ;
0,73; -0.438438, -0.612477, 0.129416 / -0.438438, -0.612477, 0.129416 / -0.438438, -0.612477, 0.129416; 1, 16, 1, 0; 0.770571570550; 1, 0, 1; 1, 0, 0; 2, 7, 0 / 2, 8, 0 / 3, 1, 2 ;
0,73; -2.358393, 1.918519, 2.535564 / -2.358393, 1.918519, 2.535564 / -2.358393, 1.918519, 2.535564; 1, 37, 1, 0; 0.456565697386; 1, 0, 1; 0, 1, 0; 1, 1, 2 ;
1,74; -0.190897, -1.64982, -1.5605 / -0.190897, -1.64982, -1.5605 / -0.190897, -1.64982, -1.5605; 1, 8, 1, 0; 0.216642852541; 1, 0, 1; 1, 0, 0; 2, 1, 2 ;
0,74; -0.258132, -1.667609, -1.513737 / -0.258132, -1.667609, -1.513737 / -0.258132, -1.667609, -1.513737; 1, 8, 1, 0; 0.657418061918; 1, 0, 1; 1, 0, 0; 3, 1, 2 ;
1,75; 2.95687, -0.435599, 0.0530456 / 2.95687, -0.435599, 0.0530456 / 2.95687, -0.435599, 0.0530456; 1, 16, 1, 0; 0.738645290868; 0, 1, 0; 0, 1, 0; 4, 1, 1 ;
0,75; 2.496512, 0.009216, 0.071351 / 2.496512, 0.009216, 0.071351 / 2.496512, 0.009216, 0.071351; 1, 16, 1, 0; 0.656683884906; 0, 1, 0; 1, 0, 0; 2, 1, 1 / 2, 2, 0 / 2, 3, 0 / 3, 2, 0 ;
0,75; -1.685958, 3.996077, 0.140895 / -1.685958, 3.996077, 0.140895 / -1.685958, 3.996077, 0.140895; 1, 17, 1, 0; 0.428873612425; 1, 0, 1; 0, 1, 0; 4, 1, 2 ;
0,75; -1.055401, 3.414071, 0.113696 / -1.055401, 3.414071, 0.113696 / -1.055401, 3.414071, 0.113696; 1, 17, 1, 0; 0.477032234711; 1, 0, 1; 0, 1, 0; 1, 1, 2 ;
0,75; -0.152972, 2.521034, 0.057589 / -0.152972, 2.521034, 0.057589 / -0.152972, 2.521034, 0.057589; 1, 17, 1, 0; 0.557087800496; 1, 0, 1; 1, 0, 0; 2, 1, 2 ;
1,76; -0.533371, -2.06611, -3.55145 / -0.533371, -2.06611, -3.55145 / -0.533371, -2.06611, -3.55145; 1, 1, 1, 0; 0.913856782131; 1, 0, 1; 0, 1, 0; 4, 1, 2 ;
1,77; -1.16709, -3.83807, -1.84308 / -1.16673, -3.83738, -1.84249 / -1.16745, -3.83877, -1.84367; 1, 9, 1, 0; 0.002440876296; 2, 1, 2; 1, 2, 0; 3, 1, 2 / 4, 1, 1 / 4, 5, 2 ;
0,77; -1.165427, -3.850697, -1.839178 / -1.165427, -3.850697, -1.839178 / -1.165427, -3.850697, -1.839178; 1, 9, 1, 0; 0.002437707893; 0, 1, 0; 0, 1, 0; 1, 1, 1 / 3, 1, 0 ;
1,78; -1.00686, -1.32529, 1.11573 / -1.00686, -1.32529, 1.11573 / -1.00686, -1.32529, 1.11573; 1, 23, 1, 0; 0.349525220995; 1, 0, 1; 1, 0, 0; 3, 1, 2 ;
0,78; -1.494981, -1.522180, 1.261307 / -1.494981, -1.522180, 1.261307 / -1.494981, -1.522180, 1.261307; 1, 23, 1, 0; 0.941104864181; 1, 0, 1; 1, 0, 0; 3, 1, 2 ;
1,80; -4.04115, -1.42373, -0.379328 / -4.04115, -1.42373, -0.379328 / -4.04115, -1.42373, -0.379328; 1, 10, 1, 0; 0.563709032437; 0, 1, 0; 1, 0, 0; 2, 1, 1 ;
0,80; -2.715523, -1.500650, -0.220951 / -2.715523, -1.500650, -0.220951 / -2.715523, -1.500650, -0.220951; 1, 10, 1, 0; 0.837895807110; 1, 0, 1; 1, 0, 0; 2, 1, 2 ;
0,80; 1.575020, -2.065719, 0.176675 / 1.575020, -2.065719, 0.176675 / 1.575020, -2.065719, 0.176675; 1, 15, 1, 0; 0.662285317817; 1, 0, 1; 0, 1, 0; 4, 1, 2 ;
1,84; -1.34726, -1.33681, -0.193708 / -1.34726, -1.33681, -0.193708 / -1.34726, -1.33681, -0.193708; 1, 10, 1, 0; 0.829071836247; 1, 0, 1; 0, 1, 0; 1, 1, 2 ;
0,84; 0.441918, -0.293142, 1.248800 / 0.441918, -0.293142, 1.248800 / 0.441918, -0.293142, 1.248800; 1, 23, 1, 0; 0.765471032325; 0, 0, 0; 1, 0, 0; 2, 1, 3 ;
0,84; 0.561605, -0.223434, 1.363606 / 0.561605, -0.223434, 1.363606 / 0.561605, -0.223434, 1.363606; 1, 23, 1, 0; 0.767134942558; 1, 0, 1; 1, 0, 0; 1, 5, 0 / 3, 1, 2 ;
0,84; 0.557435, -0.220923, 1.364329 / 0.557435, -0.220923, 1.364329 / 0.557435, -0.220923, 1.364329; 1, 23, 1, 0; 0.767136213621; 1, 0, 1; 1, 0, 0; 3, 1, 2 ;
1,85; 1.26613, 0.934547, 2.5955 / 1.26613, 0.934547, 2.5955 / 1.26613, 0.934547, 2.5955; 1, 35, 1, 0; 0.110215822519; 0, 1, 0; 1, 0, 0; 2, 1, 1 ;
0,85; 1.091413, 0.549578, 3.489908 / 1.091413, 0.549578, 3.489908 / 1.091413, 0.549578, 3.489908; 1, 44, 1, 0; 0.836629047659; 1, 0, 1; 1, 0, 0; 2, 1, 2 ;
1,86; 0.993981, -0.409704, -1.7424 / 0.993981, -0.409704, -1.7424 / 0.993981, -0.409704, -1.7424; 1, 4, 1, 0; 0.959662254138; 0, 1, 0; 0, 1, 0; 4, 1, 1 ;
0,86; 0.997018, -0.412054, -1.743013 / 0.997018, -0.412054, -1.743013 / 0.997018, -0.412054, -1.743013; 1, 4, 1, 0; 0.959662322643; 1, 0, 1; 1, 0, 0; 2, 1, 2 ;
1,88; 2.50112, -3.68216, -0.206924 / 2.50112, -3.68216, -0.206924 / 2.50112, -3.68216, -0.206924; 1, 15, 1, 0; 0.318647507608; 1, 0, 1; 1, 0, 0; 3, 1, 2 ;
1,90; 0.795524, -3.21455, 2.9068 / 0.795524, -3.21455, 2.9068 / 0.795524, -3.21455, 2.9068; 1, 35, 1, 0; 0.961883919071; 0, 0, 0; 1, 0, 0; 3, 1, 3 ;
1,91; 1.88278, -3.34336, 1.41398 / 1.88279, -3.3427, 1.41402 / 1.88278, -3.34402, 1.41394; 1, 22, 1, 0; 0.586764548809; 2, 1, 1; 2, 0, 0; 2, 1, 2 / 3, 6, 1 / 4, 7, 0 ;
0,91; -2.447424, 2.599104, 1.100104 / -2.447123, 2.599469, 1.100400 / -2.447726, 2.598738, 1.099809; 1, 24, 1, 0; 0.404804411476; 2, 1, 1; 0, 2, 1; 1, 1, 1 / 4, 6, 2 ;
1,92; 3.66147, 1.8164, -2.01162 / 3.66147, 1.8164, -2.01162 / 3.66147, 1.8164, -2.01162; 1, 4, 1, 0; 0.753012842676; 1, 0, 1; 0, 1, 0; 4, 1, 2 ;
0,92; 3.277144, 1.379839, -1.734053 / 3.277144, 1.379839, -1.734053 / 3.277144, 1.379839, -1.734053; 1, 11, 1, 0; 0.137899249530; 0, 1, 0; 1, 0, 0; 2, 1, 1 ;
0,92; 3.254420, 1.366221, -1.717144 / 3.254420, 1.366221, -1.717144 / 3.254420, 1.366221, -1.717144; 1, 11, 1, 0; 0.137913365192; 1, 0, 1; 1, 0, 0; 3, 1, 2 ;
1,96; -0.784526, 2.42701, -3.30845 / -0.784526, 2.42701, -3.30845 / -0.784526, 2.42701, -3.30845; 1, 2, 1, 0; 0.205645842628; 0, 0, 0; 1, 0, 0; 2, 1, 3 ;
0,96; -0.093163, 1.281937, -2.947942 / -0.093163, 1.281937, -2.947942 / -0.093163, 1.281937, -2.947942; 1, 2, 1, 0; 0.673276542659; 1, 0, 1; 1, 0, 0; 2, 1, 2 ;
0,96; 1.093333, -0.804715, -2.329629 / 1.093333, -0.804715, -2.329629 / 1.093333, -0.804715, -2.329629; 1, 3, 1, 0; 0.811658929629; 0, 1, 0; 0, 1, 0; 1, 1, 1 ;
0,96; 1.909574, -2.124429, -1.988276 / 1.909574, -2.124429, -1.988276 / 1.909574, -2.124429, -1.988276; 1, 8, 1, 0; 0.061503020615; 0, 1, 0; 1, 0, 0; 2, 1, 1 ;
0,96; 2.677922, -3.292456, -1.759616 / 2.677922, -3.292456, -1.759616 / 2.677922, -3.292456, -1.759616; 1, 8, 1, 0; 0.370253333824; 1, 0, 1; 1, 0, 0; 3, 1, 2 ;
1,98; 2.10365, -0.822041, 0.472054 / 2.10365, -0.822041, 0.472054 / 2.10365, -0.822041, 0.472054; 1, 19, 1, 0; 0.511442997718; 1, 0, 1; 0, 1, 0; 1, 1, 2 ;
1,99; -1.42628, 0.17337, 3.73958 / -1.42628, 0.17337, 3.73958 / -1.42628, 0.17337, 3.73958; 1, 46, 1, 0; 0.228003376171; 0, 1, 0; 1, 0, 0; 3, 1, 1 ;
1,102; 1.01061, 3.80789, 0.831546 / 1.01061, 3.80789, 0.831546 / 1.01061, 3.80789, 0.831546; 1, 26, 1, 0; 0.046091869187; 1, 0, 1; 0, 1, 0; 1, 1, 2 ;
0,102; 1.012028, 3.809883, 0.827289 / 1.012028, 3.809883, 0.827289 / 1.012028, 3.809883, 0.827289; 1, 26, 1, 0; 0.046076910548; 1, 0, 1; 1, 0, 0; 2, 1, 2 ;
1,103; 2.6919, -2.94521, 0.748089 / 2.6919, -2.94521, 0.748089 / 2.6919, -2.94521, 0.748089; 1, 19, 1, 0; 0.956448218661; 0, 1, 0; 0, 1, 0; 1, 1, 1 ;
0,103; 3.104163, -2.763070, 0.996304 / 3.104163, -2.763070, 0.996304 / 3.104163, -2.763070, 0.996304; 1, 22, 1, 0; 0.130092498006; 1, 0, 1; 1, 0, 0; 2, 1, 2 ;
1,104; -1.31846, -1.34186, -0.460546 / -1.31814, -1.34136, -0.460297 / -1.31878, -1.34236, -0.460794; 1, 10, 1, 0; 0.542410289849; 1, 0, 2; 2, 0, 0; 1, 2, 0 / 3, 1, 2 / 3, 6, 2 ;
0,104; -1.737611, -1.165351, -0.247791 / -1.737611, -1.165351, -0.247791 / -1.737611, -1.165351, -0.247791; 1, 10, 1, 0; 0.824107618658; 0, 1, 0; 1, 0, 0; 1, 1, 0 / 2, 1, 1 ;
0,104; -3.852649, -0.043660, 0.698624 / -3.852649, -0.043660, 0.698624 / -3.852649, -0.043660, 0.698624; 1, 21, 1, 0; 0.433814624187; 0, 1, 0; 0, 1, 0; 4, 1, 1 ;
1,105; 2.95699, 0.235983, -1.76248 / 2.95699, 0.235983, -1.76248 / 2.95699, 0.235983, -1.76248; 1, 11, 1, 0; 0.018335507615; 1, 0, 1; 0, 1, 0; 4, 1, 2 ;
0,105; 2.310577, -0.238863, -0.556334 / 2.310577, -0.238863, -0.556334 / 2.310577, -0.238863, -0.556334; 1, 12, 1, 0; 0.813841022278; 1, 0, 1; 1, 0, 0; 2, 1, 2 ;
0,105; 2.310046, -0.241903, -0.555008 / 2.310046, -0.241903, -0.555008 / 2.310046, -0.241903, -0.555008; 1, 12, 1, 0; 0.813841148158; 1, 0, 1; 1, 0, 0; 2, 1, 2 ;
0,105; -3.763872, -2.055376, 0.437363 / -3.763872, -2.055376, 0.437363 / -3.763872, -2.055376, 0.437363; 1, 21, 1, 0; 0.236784979424; 1, 0, 1; 1, 0, 0; 3, 1, 2 ;
0,105; 1.600858, -0.884840, 1.031768 / 1.600858, -0.884840, 1.031768 / 1.600858, -0.884840, 1.031768; 1, 27, 1, 0; 0.145810468603; 1, 0, 1; 1, 0, 0; 2, 1, 2 ;
0,105; 1.592483, -0.878866, 1.034293 / 1.592483, -0.878866, 1.034293 / 1.592483, -0.878866, 1.034293; 1, 27, 1, 0; 0.145812089300; 1, 0, 1; 1, 0, 0; 2, 1, 2 / 4, 8, 0 ;
0,105; 1.596282, -0.882504, 1.036923 / 1.596282, -0.882504, 1.036923 / 1.596282, -0.882504, 1.036923; 1, 27, 1, 0; 0.145827817436; 1, 0, 1; 1, 0, 0; 2, 1, 2 / 2, 2, 0 / 2, 7, 0 / 3, 4, 0 ;
1,107; -2.48517, 1.36335, 1.78982 / -2.48417, 1.36357, 1.78997 / -2.48618, 1.36312, 1.78967; 1, 24, 1, 0; 0.908403086614; 2, 1, 2; 1, 2, 0; 2, 1, 2 / 4, 7, 2 / 4, 8, 1 ;
0,107; -0.870123, 2.356017, 2.184005 / -0.870123, 2.356017, 2.184005 / -0.870123, 2.356017, 2.184005; 1, 31, 1, 0; 0.388173395110; 0, 1, 0; 0, 1, 0; 1, 1, 1 ;
1,108; 1.43814, 1.64658, -3.60263 / 1.43814, 1.64658, -3.60263 / 1.43814, 1.64658, -3.60263; 1, 2, 1, 0; 0.066589751257; 0, 1, 0; 1, 0, 0; 2, 1, 1 ;
0,108; 2.860086, 2.176263, -2.453505 / 2.860086, 2.176263, -2.453505 / 2.860086, 2.176263, -2.453505; 1, 4, 1, 0; 0.304624568318; 1, 0, 1; 1, 0, 0; 3, 1, 2 ;
1,109; -1.14403, 0.0275128, -2.76692 / -1.14403, 0.0275128, -2.76692 / -1.14403, 0.0275128, -2.76692; 1, 2, 1, 0; 0.899662815754; 1, 0, 1; 0, 1, 0; 1, 1, 2 ;
0,109; 2.966039, -1.174332, 2.234250 / 2.966689, -1.173866, 2.234469 / 2.965388, -1.174797, 2.234031; 1, 33, 1, 0; 0.318995669408; 2, 1, 2; 1, 2, 1; 1, 3, 1 / 3, 1, 2 / 4, 2, 2 ;
0,109; 2.965965, -1.176174, 2.231928 / 2.965965, -1.176174, 2.231928 / 2.965965, -1.176174, 2.231928; 1, 33, 1, 0; 0.318995844029; 1, 0, 1; 1, 0, 0; 2, 1, 2 ;
1,110; 1.0585, 1.72878, -1.55013 / 1.0585, 1.72878, -1.55013 / 1.0585, 1.72878, -1.55013; 1, 7, 1, 0; 0.027911592678; 0, 1, 0; 0, 1, 0; 1, 1, 1 ;
0,110; 1.765902, -1.499996, -2.043892 / 1.765902, -1.499996, -2.043892 / 1.765902, -1.499996, -2.043892; 1, 8, 1, 0; 0.096017579601; 1, 0, 1; 1, 0, 0; 3, 1, 2 ;
1,112; -0.46709, -0.535637, -3.92795 / -0.46709, -0.535637, -3.92795 / -0.46709, -0.535637, -3.92795; 1, 1, 1, 0; 0.440781265327; 1, 0, 1; 1, 0, 0; 2, 1, 2 ;
0,112; -1.938877, 0.223073, -0.541249 / -1.938877, 0.223073, -0.541249 / -1.938877, 0.223073, -0.541249; 1, 10, 1, 0; 0.684551708775; 1, 0, 1; 0, 1, 0; 3, 10, 0 / 4, 1, 2 ;
0,112; -1.941626, 0.219500, -0.538949 / -1.941626, 0.219500, -0.538949 / -1.941626, 0.219500, -0.538949; 1, 10, 1, 0; 0.684551811505; 1, 0, 1; 1, 0, 0; 2, 1, 2 ;
0,112; -2.491406, 0.756607, 1.169899 / -2.491406, 0.756607, 1.169899 / -2.491406, 0.756607, 1.169899; 1, 23, 1, 0; 0.613727961466; 1, 0, 1; 0, 1, 0; 4, 1, 2 ;
1,113; 3.53972, 1.37357, -1.39214 / 3.53972, 1.37357, -1.39214 / 3.53972, 1.37357, -1.39214; 1, 12, 1, 0; 0.060246237349; 1, 0, 1; 0, 1, 0; 1, 1, 2 ;
0,113; 3.540691, 1.372190, -1.393116 / 3.540691, 1.372190, -1.393116 / 3.540691, 1.372190, -1.393116; 1, 12, 1, 0; 0.060246906799; 1, 0, 1; 0, 1, 0; 1, 1, 2 ;
0,113; -1.103518, -3.242762, 0.298679 / -1.103518, -3.242762, 0.298679 / -1.103518, -3.242762, 0.298679; 1, 16, 1, 0; 0.976870975044; 1, 0, 1; 1, 0, 0; 2, 1, 2 ;
0,113; -1.107168, -3.241874, 0.298026 / -1.107168, -3.241874, 0.298026 / -1.107168, -3.241874, 0.298026; 1, 16, 1, 0; 0.976871818878; 1, 0, 1; 1, 0, 0; 3, 1, 2 ;
0,113; -1.491309, -3.639350, 0.488666 / -1.491309, -3.639350, 0.488666 / -1.491309, -3.639350, 0.488666; 1, 18, 1, 0; 0.187440130953; 1, 0, 1; 1, 0, 0; 3, 1, 2 ;
1,114; -1.8902, 2.45471, -0.716806 / -1.8902, 2.45471, -0.716806 / -1.8902, 2.45471, -0.716806; 1, 7, 1, 0; 0.878489999294; 1, 0, 1; 0, 1, 0; 1, 1, 2 ;
1,116; -0.351493, -2.52268, -1.65176 / -0.351493, -2.52268, -1.65176 / -0.351493, -2.52268, -1.65176; 1, 8, 1, 0; 0.289652555122; 1, 0, 1; 1, 0, 0; 3, 1, 2 ;
0,116; -0.326693, -2.510520, -1.668264 / -0.326693, -2.510520, -1.668264 / -0.326693, -2.510520, -1.668264; 1, 8, 1, 0; 0.290616768990; 1, 0, 1; 1, 0, 0; 2, 1, 2 ;
0,116; 0.555436, -3.303703, 1.090821 / 0.555436, -3.303703, 1.090821 / 0.555436, -3.303703, 1.090821; 1, 18, 1, 0; 0.966657062790; 1, 0, 1; 1, 0, 0; 2, 1, 2 ;
1,118; -0.305039, 1.04336, -3.23233 / -0.305039, 1.04336, -3.23233 / -0.305039, 1.04336, -3.23233; 1, 2, 1, 0; 0.295522333393; 1, 0, 1; 1, 0, 0; 1, 8, 0 / 2, 1, 2 / 2, 9, 0 ;
0,118; 2.287934, -3.487359, 1.616331 / 2.287934, -3.487359, 1.616331 / 2.287934, -3.487359, 1.616331; 1, 22, 1, 0; 0.772993405161; 0, 1, 0; 0, 1, 0; 4, 1, 1 ;
1,119; -3.0723, -0.559908, -0.122612 / -3.0723, -0.559908, -0.122612 / -3.0723, -0.559908, -0.122612; 1, 10, 1, 0; 0.764020179377; 1, 0, 1; 0, 1, 0; 4, 1, 2 ;
1,121; -0.403165, -3.04598, -1.05424 / -0.403165, -3.04598, -1.05424 / -0.403165, -3.04598, -1.05424; 1, 8, 1, 0; 0.866129143438; 0, 1, 0; 1, 0, 0; 2, 1, 1 ;
1,122; -0.615906, -2.28751, 2.52874 / -0.615906, -2.28751, 2.52874 / -0.615906, -2.28751, 2.52874; 1, 33, 1, 0; 0.984520816027; 0, 1, 0; 1, 0, 0; 2, 1, 1 ;
0,122; -0.366402, -2.391672, 2.603080 / -0.366402, -2.391672, 2.603080 / -0.366402, -2.391672, 2.603080; 1, 33, 1, 0; 0.987915765499; 0, 1, 0; 1, 0, 0; 2, 1, 1 ;
0,122; 0.399905, -2.722108, 2.834807 / 0.399905, -2.722108, 2.834807 / 0.399905, -2.722108, 2.834807; 1, 35, 1, 0; 0.810483584658; 1, 0, 1; 0, 1, 0; 4, 1, 2 ;
1,123; 0.912004, 0.431706, -1.97669 / 0.912228, 0.432261, -1.97585 / 0.91178, 0.43115, -1.97752; 1, 4, 1, 0; 0.628649447729; 1, 0, 2; 1, 1, 0; 1, 10, 2 / 2, 1, 2 ;
0,123; 1.082982, 0.570318, -2.066631 / 1.082982, 0.570318, -2.066631 / 1.082982, 0.570318, -2.066631; 1, 4, 1, 0; 0.630018979920; 1, 0, 1; 0, 1, 0; 4, 1, 2 ;
0,123; 1.066459, 0.557608, -2.065015 / 1.066459, 0.557608, -2.065015 / 1.066459, 0.557608, -2.065015; 1, 4, 1, 0; 0.630027925870; 0, 1, 0; 0, 1, 0; 1, 1, 1 ;
0,123; 0.912821, 0.431186, -1.981886 / 0.912821, 0.431186, -1.981886 / 0.912821, 0.431186, -1.981886; 1, 4, 1, 0; 0.628649363105; 1, 0, 1; 1, 0, 0; 2, 1, 2 ;
0,123; 0.908503, 0.433247, -1.978405 / 0.908503, 0.433247, -1.978405 / 0.908503, 0.433247, -1.978405; 1, 4, 1, 0; 0.628649919204; 1, 0, 1; 1, 0, 0; 3, 1, 2 / 4, 10, 0 ;
0,123; 1.085703, 0.573934, -2.072561 / 1.085703, 0.573934, -2.072561 / 1.085703, 0.573934, -2.072561; 1, 4, 1, 0; 0.630018214276; 0, 1, 0; 1, 0, 0; 3, 1, 1 ;
0,123; 1.080880, 0.570916, -2.071122 / 1.080880, 0.570916, -2.071122 / 1.080880, 0.570916, -2.071122; 1, 4, 1, 0; 0.630018335167; 1, 0, 1; 1, 0, 0; 3, 1, 2 ;
1,125; -2.72258, 2.07871, -1.73786 / -2.72258, 2.07871, -1.73786 / -2.72258, 2.07871, -1.73786; 1, 6, 1, 0; 0.634938811077; 1, 0, 1; 1, 0, 0; 2, 5, 0 / 3, 1, 2 ;
0,125; -1.553721, 3.851362, -0.691624 / -1.553721, 3.851362, -0.691624 / -1.553721, 3.851362, -0.691624; 1, 17, 1, 0; 0.031880211690; 1, 0, 1; 1, 0, 0; 2, 1, 2 ;
1,127; -1.69915, -1.17503, -1.78804 / -1.69915, -1.17503, -1.78804 / -1.69915, -1.17503, -1.78804; 1, 6, 1, 0; 0.848853750388; 1, 0, 1; 1, 0, 0; 2, 1, 2 ;
0,127; -0.429914, -2.574400, 0.354088 / -0.429914, -2.574400, 0.354088 / -0.429914, -2.574400, 0.354088; 1, 18, 1, 0; 0.332635904968; 1, 0, 1; 1, 0, 0; 2, 1, 2 ;
0,127; -0.209397, -2.827341, 0.744559 / -0.209397, -2.827341, 0.744559 / -0.209397, -2.827341, 0.744559; 1, 18, 1, 0; 0.631880330256; 0, 1, 0; 1, 0, 0; 2, 1, 1 ;
1,128; -2.46831, 0.135207, 0.186885 / -2.46831, 0.135207, 0.186885 / -2.46831, 0.135207, 0.186885; 1, 14, 1, 0; 0.851538118750; 1, 0, 1; 0, 1, 0; 4, 1, 2 ;
0,128; -2.655534, -0.476961, 0.498171 / -2.655534, -0.476961, 0.498171 / -2.655534, -0.476961, 0.498171; 1, 21, 1, 0; 0.085905546242; 0, 1, 0; 0, 1, 0; 4, 1, 1 ;
0,128; -2.459316, -0.307449, 0.420294 / -2.459316, -0.307449, 0.420294 / -2.459316, -0.307449, 0.420294; 1, 21, 1, 0; 0.059154064877; 1, 0, 1; 1, 0, 0; 3, 1, 2 ;
1,129; 1.61226, -1.97523, -1.63202 / 1.61226, -1.97523, -1.63202 / 1.61226, -1.97523, -1.63202; 1, 8, 1, 0; 0.239462210863; 1, 0, 1; 1, 0, 0; 3, 1, 2 ;
0,129; 1.328470, 0.337439, -1.203018 / 1.328470, 0.337439, -1.203018 / 1.328470, 0.337439, -1.203018; 1, 11, 1, 0; 0.777184260035; 1, 0, 1; 0, 1, 0; 1, 1, 0 / 4, 1, 2 / 4, 6, 0 ;
0,129; 1.340259, 0.865297, -1.319514 / 1.340259, 0.865297, -1.319514 / 1.340259, 0.865297, -1.319514; 1, 11, 1, 0; 0.326714466523; 1, 0, 1; 1, 0, 0; 3, 1, 2 / 3, 6, 0 ;
0,129; 1.341416, -0.517660, -1.011621 / 1.341416, -0.517660, -1.011621 / 1.341416, -0.517660, -1.011621; 1, 11, 1, 0; 0.664264103075; 1, 0, 1; 1, 0, 0; 3, 1, 2 ;
1,130; 1.17219, -3.45687, -1.06092 / 1.17219, -3.45687, -1.06092 / 1.17219, -3.45687, -1.06092; 1, 8, 1, 0; 0.936051534035; 0, 1, 0; 1, 0, 0; 3, 1, 1 ;
0,130; -1.632149, 2.219681, -0.506228 / -1.632149, 2.219681, -0.506228 / -1.632149, 2.219681, -0.506228; 1, 14, 1, 0; 0.248718620090; 1, 0, 1; 1, 0, 0; 2, 1, 2 ;
0,130; -0.162516, -0.876891, -0.568656 / -0.162516, -0.876891, -0.568656 / -0.162516, -0.876891, -0.568656; 1, 16, 1, 0; 0.196876573818; 1, 0, 1; 0, 1, 0; 1, 1, 2 ;
0,130; -0.168456, -0.865407, -0.569481 / -0.168456, -0.865407, -0.569481 / -0.168456, -0.865407, -0.569481; 1, 16, 1, 0; 0.196879513844; 1, 0, 1; 1, 0, 0; 2, 1, 2 ;
0,130; -0.168121, -0.864494, -0.565082 / -0.168121, -0.864494, -0.565082 / -0.168121, -0.864494, -0.565082; 1, 16, 1, 0; 0.196880612168; 1, 0, 1; 1, 0, 0; 2, 1, 2 ;
1,131; -1.60919, -2.52557, 1.36353 / -1.60919, -2.52557, 1.36353 / -1.60919, -2.52557, 1.36353; 1, 21, 1, 0; 0.875009655066; 1, 0, 1; 1, 0, 0; 3, 1, 2 ;
0,131; 3.121958, -1.446385, 2.955843 / 3.121958, -1.446385, 2.955843 / 3.121958, -1.446385, 2.955843; 1, 35, 1, 0; 0.437837008525; 1, 0, 1; 1, 0, 0; 2, 1, 2 / 3, 2, 0 / 4, 1, 0 ;
1,132; -0.532456, -1.67962, 3.34965 / -0.532456, -1.67962, 3.34965 / -0.532456, -1.67962, 3.34965; 1, 40, 1, 0; 0.517510026717; 1, 0, 1; 1, 0, 0; 2, 1, 2 ;
1,133; -0.819118, 1.02372, -3.86735 / -0.819118, 1.02372, -3.86735 / -0.819118, 1.02372, -3.86735; 1, 1, 1, 0; 0.571570662819; 1, 0, 1; 1, 0, 0; 3, 1, 2 ;
0,133; -1.573351, 0.596468, -1.317040 / -1.572904, 0.596477, -1.317015 / -1.573798, 0.596458, -1.317066; 1, 10, 1, 0; 0.045843822587; 2, 1, 1; 1, 1, 0; 1, 1, 1 / 3, 4, 2 / 4, 5, 0 ;
0,133; -1.579067, 0.592336, -1.322402 / -1.579067, 0.592336, -1.322402 / -1.579067, 0.592336, -1.322402; 1, 10, 1, 0; 0.045843481956; 1, 0, 1; 1, 0, 0; 2, 1, 2 ;
0,133; -1.577820, 0.595172, -1.315555 / -1.577820, 0.595172, -1.315555 / -1.577820, 0.595172, -1.315555; 1, 10, 1, 0; 0.045843941537; 1, 0, 1; 1, 0, 0; 2, 1, 2 ;
0,133; -2.160167, -0.122397, 1.301834 / -2.159942, -0.121880, 1.302158 / -2.160391, -0.122915, 1.301509; 1, 23, 1, 0; 0.740058579750; 2, 2, 2; 3, 1, 0; 3, 1, 2 / 3, 2, 1 / 3, 3, 2 / 4, 1, 1 ;
1,134; 1.29631, -0.546584, 0.12216 / 1.29631, -0.546584, 0.12216 / 1.29631, -0.546584, 0.12216; 1, 16, 1, 0; 0.753789338755; 1, 0, 1; 1, 0, 0; 2, 1, 2 ;
1,135; 1.90116, -1.84432, -3.06556 / 1.90116, -1.84432, -3.06556 / 1.90116, -1.84432, -3.06556; 1, 3, 1, 0; 0.367886330025; 0, 1, 0; 1, 0, 0; 3, 1, 1 ;
0,135; 2.013516, 0.068816, 2.847445 / 2.014016, 0.068888, 2.847640 / 2.013016, 0.068744, 2.847251; 1, 39, 1, 0; 0.041988637435; 0, 1, 0; 2, 0, 0; 3, 1, 3 / 3, 2, 1 / 4, 2, 0 ;
1,136; 2.87119, 0.450574, -0.988409 / 2.87119, 0.450574, -0.988409 / 2.87119, 0.450574, -0.988409; 1, 11, 1, 0; 0.790326519823; 1, 0, 1; 1, 0, 0; 3, 1, 2 ;
1,138; 2.81965, -1.05291, -0.189812 / 2.81972, -1.05273, -0.189701 / 2.81958, -1.05309, -0.189924; 1, 16, 1, 0; 0.355390072489; 1, 0, 2; 2, 0, 0; 2, 2, 2 / 3, 1, 2 ;
0,138; 2.409377, -1.140934, -0.147320 / 2.409377, -1.140934, -0.147320 / 2.409377, -1.140934, -0.147320; 1, 16, 1, 0; 0.351505085776; 1, 0, 1; 1, 0, 0; 3, 1, 2 ;
0,138; 2.405421, -1.144755, -0.136630 / 2.405421, -1.144755, -0.136630 / 2.405421, -1.144755, -0.136630; 1, 16, 1, 0; 0.351516805698; 1, 0, 1; 1, 0, 0; 3, 1, 2 ;
0,138; -3.467849, -2.068198, 0.478787 / -3.467663, -2.067344, 0.479089 / -3.468034, -2.069051, 0.478485; 1, 18, 1, 0; 0.463697848229; 2, 1, 1; 2, 0, 0; 3, 1, 2 / 3, 7, 1 ;
1,139; 1.59263, 1.04007, 3.92558 / 1.59263, 1.04007, 3.92558 / 1.59263, 1.04007, 3.92558; 1, 46, 1, 0; 0.360237014510; 1, 0, 1; 1, 0, 0; 3, 1, 2 / 3, 2, 0 ;
1,140; 1.90373, 1.29032, 2.92766 / 1.90373, 1.29032, 2.92766 / 1.90373, 1.29032, 2.92766; 1, 39, 1, 0; 0.535605547698; 1, 0, 1; 1, 0, 0; 2, 1, 2 ;
0,140; 1.904276, 1.296719, 2.929157 / 1.904276, 1.296719, 2.929157 / 1.904276, 1.296719, 2.929157; 1, 39, 1, 0; 0.535608297973; 1, 0, 1; 1, 0, 0; 3, 1, 2 ;
1,144; -1.72585, 1.28947, -1.80836 / -1.72585, 1.28947, -1.80836 / -1.72585, 1.28947, -1.80836; 1, 6, 1, 0; 0.667993993341; 0, 1, 0; 1, 0, 0; 2, 1, 1 ;
1,145; -0.0907283, 1.92069, 2.87987 / -0.0907283, 1.92069, 2.87987 / -0.0907283, 1.92069, 2.87987; 1, 39, 1, 0; 0.855025868301; 1, 0, 1; 0, 1, 0; 4, 1, 2 / 4, 9, 0 ;
0,145; 1.661884, 1.131778, 3.700115 / 1.661884, 1.131778, 3.700115 / 1.661884, 1.131778, 3.700115; 1, 45, 1, 0; 0.114189892782; 1, 0, 1; 1, 0, 0; 2, 1, 2 ;
1,146; -1.13452, 1.60599, -2.42587 / -1.13452, 1.60599, -2.42587 / -1.13452, 1.60599, -2.42587; 1, 6, 1, 0; 0.198157965930; 0, 1, 0; 1, 0, 0; 2, 1, 1 ;
0,146; 1.053458, 1.416799, -1.540128 / 1.053720, 1.417091, -1.540066 / 1.053196, 1.416507, -1.540190; 1, 7, 1, 0; 0.481663588268; 2, 1, 1; 0, 2, 0; 1, 1, 2 / 1, 2, 1 / 4, 9, 0 ;
0,146; 0.540390, 1.462347, -1.736748 / 0.540390, 1.462347, -1.736748 / 0.540390, 1.462347, -1.736748; 1, 7, 1, 0; 0.016219460186; 1, 0, 1; 1, 0, 0; 3, 1, 2 ;
0,146; 1.051971, 1.419187, -1.539019 / 1.051971, 1.419187, -1.539019 / 1.051971, 1.419187, -1.539019; 1, 7, 1, 0; 0.481663685426; 1, 0, 1; 1, 0, 0; 3, 1, 2 ;
0,146; 3.852855, 1.213480, -0.141854 / 3.852855, 1.213480, -0.141854 / 3.852855, 1.213480, -0.141854; 1, 13, 1, 0; 0.871796500985; 1, 0, 1; 1, 0, 0; 3, 1, 2 ;
0,146; 4.454361, 1.221090, 0.205667 / 4.454361, 1.221090, 0.205667 / 4.454361, 1.221090, 0.205667; 1, 19, 1, 0; 0.100946104251; 1, 0, 1; 1, 0, 0; 3, 1, 2 ;
1,147; 1.13243, 3.61222, -1.77139 / 1.13243, 3.61222, -1.77139 / 1.13243, 3.61222, -1.77139; 1, 7, 1, 0; 0.131164084800; 1, 0, 1; 1, 0, 0; 2, 1, 2 / 3, 1, 0 ;
1,148; 1.17545, 3.65084, 0.819433 / 1.17545, 3.65084, 0.819433 / 1.17545, 3.65084, 0.819433; 1, 26, 1, 0; 0.056463717800; 0, 1, 0; 0, 1, 0; 1, 1, 1 ;
1,149; 3.83749, 0.998112, -2.11057 / 3.83749, 0.998112, -2.11057 / 3.83749, 0.998112, -2.11057; 1, 4, 1, 0; 0.699668870916; 1, 0, 1; 1, 0, 0; 3, 1, 2 ;
0,149; 3.228936, 1.607758, -1.786139 / 3.228936, 1.607758, -1.786139 / 3.228936, 1.607758, -1.786139; 1, 11, 1, 0; 0.139085079624; 1, 0, 1; 1, 0, 0; 3, 1, 2 ;
1,150; -0.989776, -0.359423, -2.64567 / -0.989776, -0.359423, -2.64567 / -0.989776, -0.359423, -2.64567; 1, 2, 1, 0; 0.957227113651; 0, 1, 0; 0, 1, 0; 1, 1, 1 ;
0,150; -1.043300, -0.349860, -2.685669 / -1.043300, -0.349860, -2.685669 / -1.043300, -0.349860, -2.685669; 1, 2, 1, 0; 0.957295707040; 1, 0, 1; 1, 0, 0; 2, 1, 2 ;
0,150; 2.470725, -0.941779, -0.122292 / 2.470725, -0.941779, -0.122292 / 2.470725, -0.941779, -0.122292; 1, 16, 1, 0; 0.352196500900; 1, 0, 1; 0, 1, 0; 1, 1, 2 ;
0,150; 2.250419, -0.897317, -0.296903 / 2.250785, -0.897101, -0.296761 / 2.250054, -0.897533, -0.297044; 1, 16, 1, 0; 0.364213499475; 2, 1, 2; 3, 0, 0; 2, 1, 1 / 2, 2, 2 / 2, 9, 0 / 3, 1, 2 ;
0,150; 2.252836, -0.894486, -0.290990 / 2.252836, -0.894486, -0.290990 / 2.252836, -0.894486, -0.290990; 1, 16, 1, 0; 0.364202134499; 1, 0, 1; 1, 0, 0; 2, 1, 2 ;
1,152; -2.71432, 3.31912, 0.405921 / -2.71432, 3.31912, 0.405921 / -2.71432, 3.31912, 0.405921; 1, 25, 1, 0; 0.139626394068; 1, 0, 1; 1, 0, 0; 3, 1, 2 ;
1,153; -0.464477, 0.950158, -2.75884 / -0.464477, 0.950158, -2.75884 / -0.464477, 0.950158, -2.75884; 1, 4, 1, 0; 0.066972465012; 0, 1, 0; 1, 0, 0; 2, 1, 1 ;
0,153; -1.746527, -2.733143, 1.301240 / -1.746338, -2.733100, 1.301593 / -1.746717, -2.733185, 1.300887; 1, 21, 1, 0; 0.874420230383; 2, 1, 1; 2, 0, 0; 3, 1, 2 / 3, 2, 1 ;
1,154; -3.88913, -2.37169, -0.524401 / -3.88913, -2.37169, -0.524401 / -3.88913, -2.37169, -0.524401; 1, 10, 1, 0; 0.485577952454; 0, 1, 0; 1, 0, 0; 3, 1, 1 ;
0,154; -2.411271, -0.835669, 0.521601 / -2.411117, -0.835296, 0.521787 / -2.411424, -0.836041, 0.521414; 1, 21, 1, 0; 0.127659472296; 2, 1, 1; 1, 1, 0; 1, 10, 0 / 2, 5, 2 / 4, 1, 1 ;
0,154; -2.146410, -0.554519, 0.787371 / -2.146380, -0.554033, 0.788122 / -2.146440, -0.555004, 0.786621; 1, 21, 1, 0; 0.398503595730; 2, 1, 1; 2, 0, 0; 3, 1, 1 / 3, 9, 2 ;
0,154; -2.406908, -0.835983, 0.526910 / -2.406908, -0.835983, 0.526910 / -2.406908, -0.835983, 0.526910; 1, 21, 1, 0; 0.127660563675; 1, 0, 1; 1, 0, 0; 3, 1, 2 ;
0,154; -2.149567, -0.554058, 0.788034 / -2.149567, -0.554058, 0.788034 / -2.149567, -0.554058, 0.788034; 1, 21, 1, 0; 0.398502766282; 1, 0, 1; 1, 0, 0; 3, 1, 2 ;
0,154; -0.909743, 0.985393, 2.047858 / -0.909743, 0.985393, 2.047858 / -0.909743, 0.985393, 2.047858; 1, 29, 1, 0; 0.930219168021; 1, 0, 1; 1, 0, 0; 3, 1, 2 ;
0,154; -1.282261, 0.569520, 1.709254 / -1.282261, 0.569520, 1.709254 / -1.282261, 0.569520, 1.709254; 1, 30, 1, 0; 0.171540537171; 0, 1, 0; 0, 1, 0; 4, 1, 1 ;
0,154; -0.401073, 1.535858, 2.612137 / -0.401073, 1.535858, 2.612137 / -0.401073, 1.535858, 2.612137; 1, 38, 1, 0; 0.817827874624; 1, 0, 1; 1, 0, 0; 3, 1, 2 ;
1,155; 1.96526, -0.124988, -1.22582 / 1.96526, -0.124988, -1.22582 / 1.96526, -0.124988, -1.22582; 1, 11, 1, 0; 0.708862913857; 0, 1, 0; 1, 0, 0; 2, 1, 1 ;
0,155; 1.637568, -0.542594, -0.431944 / 1.637743, -0.542433, -0.431313 / 1.637393, -0.542756, -0.432574; 1, 12, 1, 0; 0.773460889258; 2, 1, 1; 1, 1, 0; 1, 8, 1 / 2, 1, 2 ;
0,155; 1.612802, -0.539587, -0.395697 / 1.612802, -0.539587, -0.395697 / 1.612802, -0.539587, -0.395697; 1, 12, 1, 0; 0.772713863446; 1, 0, 1; 0, 1, 0; 4, 1, 2 ;
0,155; 1.590373, -0.534210, -0.396130 / 1.590373, -0.534210, -0.396130 / 1.590373, -0.534210, -0.396130; 1, 12, 1, 0; 0.772717227860; 1, 0, 1; 0, 1, 0; 4, 1, 2 ;
0,155; 1.594855, -0.534644, -0.397654 / 1.594855, -0.534644, -0.397654 / 1.594855, -0.534644, -0.397654; 1, 12, 1, 0; 0.772717325131; 1, 0, 1; 0, 1, 0; 2, 2, 0 / 4, 1, 2 ;
0,155; 1.601897, -0.535191, -0.394019 / 1.601897, -0.535191, -0.394019 / 1.601897, -0.535191, -0.394019; 1, 12, 1, 0; 0.772715660089; 0, 0, 0; 1, 0, 0; 2, 1, 3 ;
0,155; 1.263753, -1.488369, 1.108647 / 1.263753, -1.488369, 1.108647 / 1.263753, -1.488369, 1.108647; 1, 23, 1, 0; 0.373392186509; 1, 0, 1; 0, 1, 0; 1, 1, 2 ;
0,155; 1.260990, -1.490022, 1.117179 / 1.260990, -1.490022, 1.117179 / 1.260990, -1.490022, 1.117179; 1, 23, 1, 0; 0.373394159613; 1, 0, 1; 0, 1, 0; 1, 1, 2 ;
0,155; 1.263044, -1.495585, 1.112782 / 1.263044, -1.495585, 1.112782 / 1.263044, -1.495585, 1.112782; 1, 23, 1, 0; 0.373379985782; 1, 0, 1; 1, 0, 0; 2, 1, 2 ;
0,155; 1.249741, -1.825087, 1.621981 / 1.249741, -1.825087, 1.621981 / 1.249741, -1.825087, 1.621981; 1, 27, 1, 0; 0.984979474231; 1, 0, 1; 1, 0, 0; 2, 1, 2 / 4, 6, 0 ;
0,155; 1.255257, -2.084331, 2.017959 / 1.255257, -2.084331, 2.017959 / 1.255257, -2.084331, 2.017959; 1, 32, 1, 0; 0.206165007689; 1, 0, 1; 1, 0, 0; 2, 1, 2 ;
0,155; 1.252040, -2.077271, 2.023392 / 1.252040, -2.077271, 2.023392 / 1.252040, -2.077271, 2.023392; 1, 32, 1, 0; 0.206183635386; 1, 0, 1; 1, 0, 0; 2, 1, 2 ;
1,156; 0.103764, -1.44722, -4.1267 / 0.103919, -1.4469, -4.12647 / 0.103609, -1.44754, -4.12693; 1, 1, 1, 0; 0.279652215461; 2, 2, 1; 1, 2, 1; 1, 5, 1 / 2, 5, 2 / 4, 1, 1 ;
1,158; 2.07502, 0.691443, 0.714431 / 2.07567, 0.691466, 0.715599 / 2.07437, 0.691421, 0.713263; 1, 20, 1, 0; 0.838202346966; 1, 0, 1; 1, 1, 0; 2, 9, 2 / 3, 1, 0 / 4, 1, 3 ;
0,158; 2.073755, 0.722871, 0.698735 / 2.074049, 0.722950, 0.698905 / 2.073460, 0.722793, 0.698564; 1, 20, 1, 0; 0.839514878964; 1, 0, 2; 2, 0, 0; 3, 1, 2 / 3, 3, 2 / 4, 6, 0 ;
1,159; -2.25173, 0.846466, -3.27597 / -2.25173, 0.846466, -3.27597 / -2.25173, 0.846466, -3.27597; 1, 2, 1, 0; 0.316243481611; 1, 0, 1; 1, 0, 0; 2, 1, 2 ;
1,160; 2.28277, 0.248559, -1.25714 / 2.28287, 0.248608, -1.25687 / 2.28266, 0.248509, -1.25742; 1, 11, 1, 0; 0.392935645853; 2, 1, 1; 2, 0, 0; 3, 1, 1 / 3, 2, 2 ;
0,160; -0.363197, 0.262120, 0.146544 / -0.363197, 0.262120, 0.146544 / -0.363197, 0.262120, 0.146544; 1, 16, 1, 0; 0.686102610261; 1, 0, 1; 1, 0, 0; 3, 1, 2 ;
0,160; -1.029701, 0.293082, 0.432382 / -1.029701, 0.293082, 0.432382 / -1.029701, 0.293082, 0.432382; 1, 17, 1, 0; 0.701030571992; 1, 0, 1; 1, 0, 0; 2, 1, 2 ;
1,161; -0.827711, -1.60808, 3.01049 / -0.827711, -1.60808, 3.01049 / -0.827711, -1.60808, 3.01049; 1, 35, 1, 0; 0.511510010486; 1, 0, 1; 1, 0, 0; 2, 1, 2 ;
1,162; -4.13813, -0.438224, -1.19541 / -4.13813, -0.438224, -1.19541 / -4.13813, -0.438224, -1.19541; 1, 10, 1, 0; 0.155964654460; 1, 0, 1; 1, 0, 0; 3, 1, 2 ;
0,162; -3.534962, -0.611404, -0.488670 / -3.534962, -0.611404, -0.488670 / -3.534962, -0.611404, -0.488670; 1, 10, 1, 0; 0.622113460199; 0, 0, 0; 1, 0, 0; 2, 1, 3 ;
1,163; -2.27556, 0.58301, -0.178586 / -2.27556, 0.58301, -0.178586 / -2.27556, 0.58301, -0.178586; 1, 14, 1, 0; 0.391517837908; 1, 0, 1; 0, 1, 0; 1, 1, 2 ;
0,163; -2.027627, 2.299990, 2.336800 / -2.027325, 2.300101, 2.337224 / -2.027929, 2.299880, 2.336376; 1, 37, 1, 0; 0.206662334601; 0, 3, 0; 1, 2, 0; 2, 6, 1 / 4, 1, 1 / 4, 2, 1 ;
0,163; -2.022188, 2.355314, 2.460971 / -2.022188, 2.355314, 2.460971 / -2.022188, 2.355314, 2.460971; 1, 37, 1, 0; 0.206924860853; 1, 0, 1; 0, 1, 0; 4, 1, 2 ;
0,163; -2.023073, 2.360018, 2.468856 / -2.023073, 2.360018, 2.468856 / -2.023073, 2.360018, 2.468856; 1, 37, 1, 0; 0.206955016930; 0, 1, 0; 0, 1, 0; 1, 1, 1 ;
0,163; -2.026640, 2.352586, 2.459337 / -2.026640, 2.352586, 2.459337 / -2.026640, 2.352586, 2.459337; 1, 37, 1, 0; 0.206924539393; 1, 0, 1; 1, 0, 0; 2, 1, 2 ;
1,165; 1.64772, -0.228479, -1.67475 / 1.64772, -0.228479, -1.67475 / 1.64772, -0.228479, -1.67475; 1, 4, 1, 0; 0.927633002494; 1, 0, 1; 0, 1, 0; 4, 1, 2 / 4, 2, 0 ;
1,167; 2.29463, -3.59286, 1.80094 / 2.29471, -3.59238, 1.80134 / 2.29456, -3.59335, 1.80053; 1, 22, 1, 0; 0.774237140645; 1, 0, 2; 2, 0, 0; 2, 1, 2 / 3, 4, 2 ;
0,167; -0.127241, -0.887491, 1.295690 / -0.127241, -0.887491, 1.295690 / -0.127241, -0.887491, 1.295690; 1, 23, 1, 0; 0.866104302548; 1, 0, 1; 0, 1, 0; 1, 1, 2 ;
0,167; -0.971044, -0.227508, 1.433877 / -0.971044, -0.227508, 1.433877 / -0.971044, -0.227508, 1.433877; 1, 23, 1, 0; 0.751538762251; 1, 0, 1; 1, 0, 0; 3, 1, 2 ;
0,167; -0.137522, -0.882043, 1.306525 / -0.137522, -0.882043, 1.306525 / -0.137522, -0.882043, 1.306525; 1, 23, 1, 0; 0.866116266799; 1, 0, 1; 1, 0, 0; 3, 1, 2 ;
1,168; -0.397311, -1.00714, -4.21616 / -0.397311, -1.00714, -4.21616 / -0.397311, -1.00714, -4.21616; 1, 1, 1, 0; 0.259189322815; 1, 0, 1; 1, 0, 0; 3, 1, 2 ;
0,168; -0.418055, -1.025173, -3.612594 / -0.418055, -1.025173, -3.612594 / -0.418055, -1.025173, -3.612594; 1, 1, 1, 0; 0.839716715080; 0, 1, 0; 1, 0, 0; 2, 1, 1 ;
0,168; -0.439239, -1.111740, -2.040404 / -0.439239, -1.111740, -2.040404 / -0.439239, -1.111740, -2.040404; 1, 5, 1, 0; 0.922688725065; 1, 0, 1; 0, 1, 0; 1, 1, 2 ;
0,168; -0.652561, -1.265058, -0.094847 / -0.652561, -1.265058, -0.094847 / -0.652561, -1.265058, -0.094847; 1, 16, 1, 0; 0.315294029403; 1, 0, 1; 0, 1, 0; 1, 1, 2 ;
0,168; -0.653752, -1.262376, -0.094135 / -0.653752, -1.262376, -0.094135 / -0.653752, -1.262376, -0.094135; 1, 16, 1, 0; 0.315294833055; 1, 0, 1; 0, 1, 0; 1, 1, 2 ;
0,168; -0.651538, -1.261228, -0.092073 / -0.651538, -1.261228, -0.092073 / -0.651538, -1.261228, -0.092073; 1, 16, 1, 0; 0.315294745992; 1, 0, 1; 1, 0, 0; 2, 1, 2 ;
0,168; -0.858487, -1.706706, 2.392636 / -0.858487, -1.706706, 2.392636 / -0.858487, -1.706706, 2.392636; 1, 33, 1, 0; 0.541690227980; 1, 0, 1; 1, 0, 0; 2, 1, 2 ;
0,168; -0.871100, -1.626224, 2.316725 / -0.871100, -1.626224, 2.316725 / -0.871100, -1.626224, 2.316725; 1, 33, 1, 0; 0.541892987485; 1, 0, 1; 1, 0, 0; 1, 5, 0 / 2, 1, 2 ;
1,171; 0.812809, -0.165627, -1.40937 / 0.813249, -0.165572, -1.40882 / 0.812368, -0.165681, -1.40992; 1, 11, 1, 0; 0.436434413379; 1, 0, 2; 1, 1, 0; 2, 1, 2 / 4, 2, 2 ;
1,173; -1.64491, -1.47889, -0.196804 / -1.64413, -1.47844, -0.19643 / -1.64569, -1.47934, -0.197178; 1, 10, 1, 0; 0.830875928353; 2, 1, 2; 0, 3, 1; 1, 1, 1 / 4, 5, 0 / 4, 8, 2 / 4, 9, 2 ;
0,173; -1.642775, -1.480966, -0.199937 / -1.642775, -1.480966, -0.199937 / -1.642775, -1.480966, -0.199937; 1, 10, 1, 0; 0.830866606975; 1, 0, 1; 0, 1, 0; 1, 1, 2 ;
0,173; -1.641376, -1.474866, -0.200769 / -1.641376, -1.474866, -0.200769 / -1.641376, -1.474866, -0.200769; 1, 10, 1, 0; 0.830866763773; 1, 0, 1; 1, 0, 0; 2, 1, 2 ;
0,173; -1.651677, -1.482841, -0.197709 / -1.651677, -1.482841, -0.197709 / -1.651677, -1.482841, -0.197709; 1, 10, 1, 0; 0.830875047039; 1, 0, 1; 1, 0, 0; 3, 1, 2 ;
0,173; -1.649790, -1.478806, -0.195527 / -1.649790, -1.478806, -0.195527 / -1.649790, -1.478806, -0.195527; 1, 10, 1, 0; 0.830875771555; 1, 0, 1; 1, 0, 0; 3, 1, 2 ;
0,173; -1.647714, -1.478351, -0.197062 / -1.647714, -1.478351, -0.197062 / -1.647714, -1.478351, -0.197062; 1, 10, 1, 0; 0.830875858064; 1, 0, 1; 1, 0, 0; 3, 1, 2 / 4, 1, 0 ;
0,173; -1.643040, -1.480816, -0.194509 / -1.643040, -1.480816, -0.194509 / -1.643040, -1.480816, -0.194509; 1, 10, 1, 0; 0.830876112185; 1, 0, 1; 1, 0, 0; 2, 1, 2 ;
0,173; 0.629968, 2.334698, 1.928191 / 0.629968, 2.334698, 1.928191 / 0.629968, 2.334698, 1.928191; 1, 30, 1, 0; 0.942487385102; 1, 0, 1; 1, 0, 0; 3, 1, 2 ;
1,174; -4.19499, 0.518371, -0.560004 / -4.19383, 0.518446, -0.559346 / -4.19615, 0.518297, -0.560662; 1, 10, 1, 0; 0.712034239302; 1, 0, 2; 1, 1, 0; 2, 10, 2 / 4, 1, 2 / 4, 2, 0 ;
0,174; -4.182673, 0.517346, -0.548338 / -4.182673, 0.517346, -0.548338 / -4.182673, 0.517346, -0.548338; 1, 10, 1, 0; 0.712023236400; 0, 1, 0; 0, 1, 0; 3, 1, 0 / 4, 1, 1 ;
0,174; -4.203968, 0.535245, -0.560996 / -4.203968, 0.535245, -0.560996 / -4.203968, 0.535245, -0.560996; 1, 10, 1, 0; 0.712039846186; 0, 1, 0; 0, 1, 0; 1, 1, 1 ;
0,174; -3.643547, 0.485309, -0.406969 / -3.643547, 0.485309, -0.406969 / -3.643547, 0.485309, -0.406969; 1, 10, 1, 0; 0.707309993123; 1, 0, 1; 1, 0, 0; 3, 1, 2 ;
0,174; -3.641939, 0.488715, -0.403018 / -3.641939, 0.488715, -0.403018 / -3.641939, 0.488715, -0.403018; 1, 10, 1, 0; 0.707320130932; 1, 0, 1; 1, 0, 0; 2, 1, 2 ;
0,174; -4.190525, 0.515175, -0.558104 / -4.190525, 0.515175, -0.558104 / -4.190525, 0.515175, -0.558104; 1, 10, 1, 0; 0.712034077097; 1, 0, 1; 1, 0, 0; 3, 1, 2 ;
0,174; -4.197602, 0.517158, -0.563357 / -4.197602, 0.517158, -0.563357 / -4.197602, 0.517158, -0.563357; 1, 10, 1, 0; 0.712034980038; 1, 0, 1; 1, 0, 0; 3, 1, 2 ;
0,174; -4.204047, 0.533835, -0.563906 / -4.204047, 0.533835, -0.563906 / -4.204047, 0.533835, -0.563906; 1, 10, 1, 0; 0.712039175739; 1, 0, 1; 1, 0, 0; 2, 1, 2 ;
0,174; 0.759649, -0.170853, 1.462756 / 0.759649, -0.170853, 1.462756 / 0.759649, -0.170853, 1.462756; 1, 23, 1, 0; 0.770666753868; 1, 0, 1; 1, 0, 0; 3, 1, 2 ;
1,175; 2.10215, -0.672265, -1.03145 / 2.10215, -0.672265, -1.03145 / 2.10215, -0.672265, -1.03145; 1, 11, 1, 0; 0.637204509459; 1, 0, 1; 1, 0, 0; 3, 1, 2 ;
1,176; 3.51859, 1.37546, -2.25679 / 3.51859, 1.37546, -2.25679 / 3.51859, 1.37546, -2.25679; 1, 4, 1, 0; 0.401438174220; 0, 0, 0; 1, 0, 0; 3, 1, 3 ;
1,177; 3.36925, -0.48067, 0.230743 / 3.36925, -0.48067, 0.230743 / 3.36925, -0.48067, 0.230743; 1, 19, 1, 0; 0.192558688603; 1, 0, 1; 1, 0, 0; 2, 1, 2 ;
1,178; -1.5137, 0.704377, -1.04718 / -1.5137, 0.704377, -1.04718 / -1.5137, 0.704377, -1.04718; 1, 10, 1, 0; 0.275506895873; 0, 1, 0; 0, 1, 0; 1, 1, 1 / 2, 5, 0 ;
0,178; -1.516180, 0.701317, -1.046983 / -1.516026, 0.701513, -1.046763 / -1.516335, 0.701122, -1.047204; 1, 10, 1, 0; 0.275507036451; 2, 2, 1; 3, 0, 0; 2, 1, 1 / 2, 2, 2 / 3, 3, 1 ;
0,178; -1.531773, 0.731077, -1.040875 / -1.531773, 0.731077, -1.040875 / -1.531773, 0.731077, -1.040875; 1, 10, 1, 0; 0.275527944669; 0, 1, 0; 1, 0, 0; 3, 1, 1 ;
0,178; -1.184833, 0.791105, -0.696428 / -1.184833, 0.791105, -0.696428 / -1.184833, 0.791105, -0.696428; 1, 16, 1, 0; 0.109058783110; 1, 0, 1; 1, 0, 0; 2, 1, 2 ;
0,178; 1.720628, 0.568410, 1.345985 / 1.720628, 0.568410, 1.345985 / 1.720628, 0.568410, 1.345985; 1, 26, 1, 0; 0.900192996443; 0, 1, 0; 1, 0, 0; 3, 1, 1 ;
0,178; 3.148567, 0.380918, 2.287974 / 3.148605, 0.381406, 2.288334 / 3.148530, 0.380430, 2.287615; 1, 28, 1, 0; 0.962240430516; 1, 0, 2; 2, 0, 0; 2, 6, 2 / 3, 1, 2 ;
0,178; 2.811747, 0.416205, 2.040582 / 2.811747, 0.416205, 2.040582 / 2.811747, 0.416205, 2.040582; 1, 28, 1, 0; 0.719254994696; 0, 1, 0; 1, 0, 0; 2, 1, 1 ;
1,179; 0.849874, 1.15288, -2.0077 / 0.849874, 1.15288, -2.0077 / 0.849874, 1.15288, -2.0077; 1, 4, 1, 0; 0.682888639047; 1, 0, 1; 1, 0, 0; 3, 1, 2 ;
0,179; 0.279630, 1.839080, -1.335765 / 0.279630, 1.839080, -1.335765 / 0.279630, 1.839080, -1.335765; 1, 7, 1, 0; 0.470681082983; 1, 0, 1; 1, 0, 0; 3, 1, 2 ;
0,179; -0.256477, 2.515128, -0.767363 / -0.255616, 2.515212, -0.767314 / -0.257339, 2.515043, -0.767412; 1, 13, 1, 0; 0.306393530811; 2, 1, 1; 1, 1, 0; 3, 7, 1 / 3, 9, 0 / 4, 1, 2 ;
0,179; -0.537019, 2.887925, -0.487624 / -0.537019, 2.887925, -0.487624 / -0.537019, 2.887925, -0.487624; 1, 13, 1, 0; 0.563044692944; 1, 0, 1; 1, 0, 0; 2, 1, 2 ;
1,180; 1.21765, -1.73271, 3.89681 / 1.21765, -1.73271, 3.89681 / 1.21765, -1.73271, 3.89681; 1, 45, 1, 0; 0.804030082864; 1, 0, 1; 1, 0, 0; 3, 1, 2 ;
1,182; 2.40559, -3.61132, -0.46877 / 2.40559, -3.61132, -0.46877 / 2.40559, -3.61132, -0.46877; 1, 15, 1, 0; 0.189561902619; 1, 0, 1; 1, 0, 0; 2, 1, 2 ;
0,182; 1.910809, -1.676897, 3.318939 / 1.910809, -1.676897, 3.318939 / 1.910809, -1.676897, 3.318939; 1, 40, 1, 0; 0.569256859972; 1, 0, 1; 1, 0, 0; 2, 1, 2 ;
1,183; 1.20361, 1.98087, 0.22761 / 1.20361, 1.98087, 0.22761 / 1.20361, 1.98087, 0.22761; 1, 17, 1, 0; 0.623590887407; 1, 0, 1; 1, 0, 0; 3, 1, 2 ;
0,183; 0.301217, 1.360339, 0.535975 / 0.301217, 1.360339, 0.535975 / 0.301217, 1.360339, 0.535975; 1, 17, 1, 0; 0.889858752570; 0, 1, 0; 1, 0, 0; 2, 1, 1 ;
0,183; 1.257789, 2.171202, 0.143019 / 1.258252, 2.171467, 0.143574 / 1.257325, 2.170936, 0.142465; 1, 20, 1, 0; 0.255134956309; 2, 1, 2; 2, 1, 0; 2, 3, 2 / 3, 1, 1 / 4, 1, 2 / 4, 7, 0 ;
0,183; 1.788800, 2.766055, -0.165515 / 1.788800, 2.766055, -0.165515 / 1.788800, 2.766055, -0.165515; 1, 20, 1, 0; 0.039686027542; 1, 0, 1; 0, 1, 0; 4, 1, 2 ;
0,183; 1.991474, 2.967724, -0.298861 / 1.991474, 2.967724, -0.298861 / 1.991474, 2.967724, -0.298861; 1, 20, 1, 0; 0.073751688490; 1, 0, 1; 0, 1, 0; 1, 7, 0 / 2, 8, 0 / 2, 10, 0 / 4, 1, 2 ;
0,183; 1.984181, 2.965392, -0.283748 / 1.984181, 2.965392, -0.283748 / 1.984181, 2.965392, -0.283748; 1, 20, 1, 0; 0.073756135692; 1, 0, 1; 0, 1, 0; 1, 1, 2 ;
0,183; 1.980154, 2.966015, -0.282918 / 1.980154, 2.966015, -0.282918 / 1.980154, 2.966015, -0.282918; 1, 20, 1, 0; 0.073756236930; 1, 0, 1; 0, 1, 0; 4, 1, 2 ;
0,183; 1.253622, 2.171704, 0.142910 / 1.253622, 2.171704, 0.142910 / 1.253622, 2.171704, 0.142910; 1, 20, 1, 0; 0.255135831287; 1, 0, 1; 0, 1, 0; 4, 1, 2 ;
0,183; 1.967457, 2.968957, -0.275407 / 1.967457, 2.968957, -0.275407 / 1.967457, 2.968957, -0.275407; 1, 20, 1, 0; 0.073769441142; 1, 0, 1; 1, 0, 0; 2, 1, 2 ;
0,183; -0.994294, 0.095696, 0.818836 / -0.994294, 0.095696, 0.818836 / -0.994294, 0.095696, 0.818836; 1, 23, 1, 0; 0.199819664232; 1, 0, 1; 1, 0, 0; 1, 3, 0 / 2, 1, 2 ;
1,184; -3.90612, 2.14044, -0.70274 / -3.90612, 2.14044, -0.70274 / -3.90612, 2.14044, -0.70274; 1, 14, 1, 0; 0.104220920227; 1, 0, 1; 0, 1, 0; 4, 1, 2 ;
0,184; -3.905776, 2.144210, -0.705269 / -3.905776, 2.144210, -0.705269 / -3.905776, 2.144210, -0.705269; 1, 14, 1, 0; 0.104221104878; 1, 0, 1; 1, 0, 0; 3, 1, 2 ;
1,185; 1.3552, -2.48817, -2.25423 / 1.3552, -2.48817, -2.25423 / 1.3552, -2.48817, -2.25423; 1, 3, 1, 0; 0.946859359196; 0, 1, 0; 0, 1, 0; 1, 1, 1 ;
0,185; 2.182720, -3.521667, -0.494775 / 2.182720, -3.521667, -0.494775 / 2.182720, -3.521667, -0.494775; 1, 15, 1, 0; 0.187773321975; 1, 0, 1; 1, 0, 0; 3, 1, 2 ;
1,186; 0.363988, -0.578765, 1.11631 / 0.363988, -0.578765, 1.11631 / 0.363988, -0.578765, 1.11631; 1, 23, 1, 0; 0.443125824898; 1, 0, 1; 0, 1, 0; 1, 1, 2 ;
0,186; 0.157416, -0.097673, 4.087728 / 0.157416, -0.097673, 4.087728 / 0.157416, -0.097673, 4.087728; 1, 46, 1, 0; 0.692862837222; 1, 0, 1; 0, 1, 0; 4, 1, 2 ;
1,190; 4.08915, 0.0519937, -1.10971 / 4.08915, 0.0519937, -1.10971 / 4.08915, 0.0519937, -1.10971; 1, 12, 1, 0; 0.170715859207; 1, 0, 1; 1, 0, 0; 3, 1, 2 ;
0,190; 2.343589, 2.177708, 1.610339 / 2.343589, 2.177708, 1.610339 / 2.343589, 2.177708, 1.610339; 1, 28, 1, 0; 0.309454174770; 1, 0, 1; 0, 1, 0; 4, 1, 2 ;
0,190; 2.336695, 2.186178, 1.637720 / 2.336695, 2.186178, 1.637720 / 2.336695, 2.186178, 1.637720; 1, 28, 1, 0; 0.309491533696; 1, 0, 1; 1, 0, 0; 3, 1, 2 ;
1,191; -2.10835, -1.46121, 2.08946 / -2.10835, -1.46121, 2.08946 / -2.10835, -1.46121, 2.08946; 1, 30, 1, 0; 0.394044433664; 0, 0, 0; 1, 0, 0; 2, 1, 3 ;
1,192; -3.301, -1.45455, 0.738379 / -3.30046, -1.45446, 0.738501 / -3.30155, -1.45464, 0.738257; 1, 21, 1, 0; 0.298282664245; 1, 0, 2; 1, 1, 0; 3, 1, 2 / 4, 3, 2 ;
0,192; -3.304068, -1.447756, 0.739709 / -3.304068, -1.447756, 0.739709 / -3.304068, -1.447756, 0.739709; 1, 21, 1, 0; 0.298280590625; 1, 0, 1; 1, 0, 0; 3, 1, 2 ;
0,192; -3.060421, -0.137907, 1.988375 / -3.060421, -0.137907, 1.988375 / -3.060421, -0.137907, 1.988375; 1, 30, 1, 0; 0.669842805709; 1, 0, 1; 1, 0, 0; 3, 1, 2 ;
0,192; -2.986142, 0.252907, 2.382662 / -2.986142, 0.252907, 2.382662 / -2.986142, 0.252907, 2.382662; 1, 36, 1, 0; 0.298392795954; 1, 0, 1; 1, 0, 0; 3, 1, 2 / 4, 1, 0 ;
1,194; 0.410148, 1.74904, -1.18691 / 0.410963, 1.74947, -1.18594 / 0.409334, 1.7486, -1.18787; 1, 7, 1, 0; 0.560651076263; 2, 2, 3; 2, 3, 1; 1, 6, 1 / 3, 1, 2 / 3, 2, 2 / 4, 8, 2 / 4, 10, 1 ;
0,194; 0.409747, 1.748811, -1.185839 / 0.410415, 1.749020, -1.185122 / 0.409079, 1.748603, -1.186555; 1, 7, 1, 0; 0.560651035355; 0, 2, 0; 4, 0, 0; 2, 8, 1 / 3, 1, 1 / 3, 9, 2 / 3, 10, 2 ;
0,194; 0.410746, 1.751174, -1.187513 / 0.410746, 1.751174, -1.187513 / 0.410746, 1.751174, -1.187513; 1, 7, 1, 0; 0.560651178536; 0, 1, 0; 1, 0, 0; 1, 2, 0 / 2, 1, 1 ;
0,194; 0.403027, 1.754462, -1.195249 / 0.403027, 1.754462, -1.195249 / 0.403027, 1.754462, -1.195249; 1, 7, 1, 0; 0.560651756375; 1, 0, 1; 1, 0, 0; 3, 1, 2 ;
1,195; -1.60559, 3.50533, 0.47526 / -1.60528, 3.50539, 0.475305 / -1.6059, 3.50528, 0.475214; 1, 25, 1, 0; 0.213565505122; 2, 1, 1; 1, 1, 0; 1, 2, 1 / 2, 1, 2 ;
1,196; -2.36605, -0.827938, -2.623 / -2.36605, -0.827938, -2.623 / -2.36605, -0.827938, -2.623; 1, 2, 1, 0; 0.979288570036; 1, 0, 1; 0, 1, 0; 4, 1, 2 ;
0,196; -2.365286, -0.831098, -2.616903 / -2.365286, -0.831098, -2.616903 / -2.365286, -0.831098, -2.616903; 1, 2, 1, 0; 0.979295843894; 1, 0, 1; 1, 0, 0; 2, 1, 2 / 2, 3, 0 ;
0,196; 1.146358, 3.141761, 1.390315 / 1.146358, 3.141761, 1.390315 / 1.146358, 3.141761, 1.390315; 1, 31, 1, 0; 0.019965553631; 1, 0, 1; 1, 0, 0; 3, 1, 2 ;
1,198; 0.0677848, 1.75419, -3.22699 / 0.0677848, 1.75419, -3.22699 / 0.0677848, 1.75419, -3.22699; 1, 2, 1, 0; 0.245677176778; 0, 1, 0; 0, 1, 0; 1, 1, 1 ;
0,198; -0.172800, 1.330501, -2.086375 / -0.172800, 1.330501, -2.086375 / -0.172800, 1.330501, -2.086375; 1, 4, 1, 0; 0.724292117490; 1, 0, 1; 1, 0, 0; 3, 1, 2 ;
1,199; 3.5473, 1.79265, 1.65002 / 3.5473, 1.79265, 1.65002 / 3.5473, 1.79265, 1.65002; 1, 28, 1, 0; 0.232664832331; 1, 0, 1; 1, 0, 0; 2, 1, 2 ;
0,199; 3.539722, 0.793965, 2.484566 / 3.539722, 0.793965, 2.484566 / 3.539722, 0.793965, 2.484566; 1, 35, 1, 0; 0.065805205813; 0, 1, 0; 1, 0, 0; 2, 1, 1 ;
