1,0; 1.43067, -1.41269, 1.68568 / 1.43067, -1.41269, 1.68568 / 1.43067, -1.41269, 1.68568; 1, 27, 1, 0; 0.921138208687; 1, 0, 1; 0, 1, 0; 1, 1, 2 ;
0,0; 1.075634, -0.839772, 2.243394 / 1.075634, -0.839772, 2.243394 / 1.075634, -0.839772, 2.243394; 1, 34, 1, 0; 0.093685605522; 0, 1, 0; 1, 0, 0; 2, 1, 1 ;
0,0; 0.389020, 0.251963, 3.229220 / 0.389020, 0.251963, 3.229220 / 0.389020, 0.251963, 3.229220; 1, 41, 1, 0; 0.854675745704; 1, 0, 1; 1, 0, 0; 2, 1, 2 ;
1,1; 0.796536, -0.519105, -0.199106 / 0.796536, -0.519105, -0.199106 / 0.796536, -0.519105, -0.199106; 1, 16, 1, 0; 0.416749945084; 1, 0, 1; 1, 0, 0; 3, 1, 2 ;
0,1; 1.761095, -0.069049, 0.397445 / 1.761095, -0.069049, 0.397445 / 1.761095, -0.069049, 0.397445; 1, 19, 1, 0; 0.587551949104; 1, 0, 1; 1, 0, 0; 3, 1, 2 ;
1,2; 4.01028, -1.24427, 0.213976 / 4.01038, -1.24421, 0.214231 / 4.01018, -1.24434, 0.213721; 1, 19, 1, 0; 0.242286317370; 2, 1, 1; 2, 0, 0; 1, 10, 0 / 2, 1, 2 / 3, 5, 1 ;
0,2; 4.010715, -1.247472, 0.214909 / 4.010715, -1.247472, 0.214909 / 4.010715, -1.247472, 0.214909; 1, 19, 1, 0; 0.242286483688; 1, 0, 1; 1, 0, 0; 3, 1, 2 ;
0,2; 3.490538, -0.211449, 1.056121 / 3.490538, -0.211449, 1.056121 / 3.490538, -0.211449, 1.056121; 1, 26, 1, 0; 0.115076379066; 1, 0, 1; 1, 0, 0; 3, 1, 2 ;
0,2; 2.602710, 1.787011, 3.090962 / 2.602710, 1.787011, 3.090962 / 2.602710, 1.787011, 3.090962; 1, 39, 1, 0; 0.779229121484; 1, 0, 1; 1, 0, 0; 1, 6, 0 / 3, 1, 2 ;
1,3; 0.985268, 0.818571, -1.06399 / 0.985268, 0.818571, -1.06399 / 0.985268, 0.818571, -1.06399; 1, 11, 1, 0; 0.811708916384; 1, 0, 1; 1, 0, 0; 2, 1, 2 ;
0,3; -0.874471, -2.386569, 0.207050 / -0.874471, -2.386569, 0.207050 / -0.874471, -2.386569, 0.207050; 1, 15, 1, 0; 0.731138252218; 0, 1, 0; 0, 1, 0; 4, 1, 1 ;
0,3; -1.170204, -2.870231, 0.397295 / -1.170204, -2.870231, 0.397295 / -1.170204, -2.870231, 0.397295; 1, 18, 1, 0; 0.288144917408; 1, 0, 1; 0, 1, 0; 4, 1, 2 ;
0,3; -1.169896, -2.871813, 0.399142 / -1.169896, -2.871813, 0.399142 / -1.169896, -2.871813, 0.399142; 1, 18, 1, 0; 0.288157820220; 1, 0, 1; 0, 1, 0; 4, 1, 2 ;
0,3; -1.167637, -2.867936, 0.393774 / -1.167637, -2.867936, 0.393774 / -1.167637, -2.867936, 0.393774; 1, 18, 1, 0; 0.288145049923; 1, 0, 1; 1, 0, 0; 2, 1, 2 ;
1,4; -3.42207, 1.36175, -1.28508 / -3.42207, 1.36175, -1.28508 / -3.42207, 1.36175, -1.28508; 1, 7, 1, 0; 0.515803835419; 1, 0, 1; 0, 1, 0; 4, 1, 2 ;
1,5; -1.45153, -2.83066, -2.90937 / -1.45078, -2.83032, -2.90891 / -1.45228, -2.831, -2.90983; 1, 5, 1, 0; 0.207052463191; 2, 1, 2; 2, 1, 0; 2, 1, 2 / 2, 5, 1 / 4, 2, 2 ;
0,5; -1.445510, -2.837958, -2.920082 / -1.445510, -2.837958, -2.920082 / -1.445510, -2.837958, -2.920082; 1, 5, 1, 0; 0.207045121501; 1, 0, 1; 0, 1, 0; 1, 1, 2 ;
0,5; -1.685091, -2.913308, -3.028554 / -1.685091, -2.913308, -3.028554 / -1.685091, -2.913308, -3.028554; 1, 5, 1, 0; 0.203756921430; 1, 0, 1; 1, 0, 0; 3, 1, 2 ;
0,5; -1.455463, -2.831681, -2.913175 / -1.455463, -2.831681, -2.913175 / -1.455463, -2.831681, -2.913175; 1, 5, 1, 0; 0.207051786854; 1, 0, 1; 1, 0, 0; 3, 1, 2 ;
0,5; -1.446495, -2.832086, -2.914795 / -1.446495, -2.832086, -2.914795 / -1.446495, -2.832086, -2.914795; 1, 5, 1, 0; 0.207053149330; 1, 0, 1; 1, 0, 0; 1, 1, 0 / 2, 1, 2 ;
0,5; 3.216988, -2.042276, -0.446545 / 3.217430, -2.041657, -0.445747 / 3.216546, -2.042896, -0.447342; 1, 12, 1, 0; 0.637931428892; 0, 4, 0; 3, 1, 0; 1, 5, 0 / 1, 8, 1 / 2, 8, 1 / 3, 1, 1 / 3, 2, 0 / 3, 4, 0 / 3, 9, 1 ;
0,5; 3.216947, -2.043110, -0.447337 / 3.217349, -2.042595, -0.447333 / 3.216546, -2.043625, -0.447342; 1, 12, 1, 0; 0.637931394561; 1, 0, 1; 2, 0, 0; 3, 1, 2 / 3, 6, 0 / 3, 7, 1 / 3, 8, 0 / 3, 10, 0 ;
0,5; 3.214297, -2.040650, -0.446958 / 3.214297, -2.040650, -0.446958 / 3.214297, -2.040650, -0.446958; 1, 12, 1, 0; 0.637932126951; 1, 0, 1; 1, 0, 0; 3, 1, 2 ;
1,6; 1.90424, -0.247128, 1.05232 / 1.90424, -0.247128, 1.05232 / 1.90424, -0.247128, 1.05232; 1, 26, 1, 0; 0.132135330676; 1, 0, 1; 1, 0, 0; 3, 1, 2 ;
0,6; 1.519645, -1.252741, 3.893800 / 1.520496, -1.251946, 3.894476 / 1.518794, -1.253536, 3.893125; 1, 46, 1, 0; 0.018690106468; 2, 1, 3; 0, 4, 1; 1, 1, 1 / 1, 2, 2 / 1, 3, 0 / 1, 7, 2 / 4, 6, 2 / 4, 9, 0 ;
0,6; 1.516806, -1.251673, 3.895030 / 1.516806, -1.251673, 3.895030 / 1.516806, -1.251673, 3.895030; 1, 46, 1, 0; 0.018690207588; 1, 0, 1; 1, 0, 0; 2, 1, 2 / 3, 3, 0 / 4, 5, 0 ;
1,7; -1.20586, -0.481938, -2.28508 / -1.20586, -0.481938, -2.28508 / -1.20586, -0.481938, -2.28508; 1, 5, 1, 0; 0.401534124158; 1, 0, 1; 1, 0, 0; 3, 1, 2 ;
0,7; -2.986137, -0.113304, -0.065205 / -2.986137, -0.113304, -0.065205 / -2.986137, -0.113304, -0.065205; 1, 14, 1, 0; 0.356743339944; 1, 0, 1; 1, 0, 0; 2, 1, 2 ;
0,7; -3.221441, -0.582919, 0.133752 / -3.221441, -0.582919, 0.133752 / -3.221441, -0.582919, 0.133752; 1, 14, 1, 0; 0.911863283121; 0, 1, 0; 1, 0, 0; 3, 1, 1 ;
0,7; -3.188467, -0.555105, 0.132018 / -3.188467, -0.555105, 0.132018 / -3.188467, -0.555105, 0.132018; 1, 14, 1, 0; 0.911922365306; 1, 0, 1; 1, 0, 0; 2, 1, 2 ;
0,7; -3.493175, -0.719875, 0.146489 / -3.493175, -0.719875, 0.146489 / -3.493175, -0.719875, 0.146489; 1, 14, 1, 0; 0.933386045057; 1, 0, 1; 1, 0, 0; 2, 1, 2 ;
0,7; -3.344365, -0.695601, 0.146930 / -3.344365, -0.695601, 0.146930 / -3.344365, -0.695601, 0.146930; 1, 14, 1, 0; 0.935806106534; 1, 0, 1; 1, 0, 0; 2, 1, 2 ;
0,7; -3.246341, 0.553536, 0.400677 / -3.246341, 0.553536, 0.400677 / -3.246341, 0.553536, 0.400677; 1, 17, 1, 0; 0.735380598077; 1, 0, 1; 1, 0, 0; 2, 1, 2 ;
0,7; -4.175668, -0.531046, 0.397963 / -4.175668, -0.531046, 0.397963 / -4.175668, -0.531046, 0.397963; 1, 21, 1, 0; 0.100931790269; 1, 0, 1; 0, 1, 0; 4, 1, 2 ;
0,7; -4.171010, -0.519493, 0.392313 / -4.171010, -0.519493, 0.392313 / -4.171010, -0.519493, 0.392313; 1, 21, 1, 0; 0.100934562372; 0, 1, 0; 0, 1, 0; 1, 1, 1 ;
0,7; -4.169661, -0.532996, 0.401665 / -4.169661, -0.532996, 0.401665 / -4.169661, -0.532996, 0.401665; 1, 21, 1, 0; 0.100930386028; 1, 0, 1; 1, 0, 0; 3, 1, 2 ;
0,7; -4.175400, -0.539186, 0.400426 / -4.175400, -0.539186, 0.400426 / -4.175400, -0.539186, 0.400426; 1, 21, 1, 0; 0.100930698890; 1, 0, 1; 1, 0, 0; 2, 1, 2 ;
0,7; -4.131177, -0.481554, 0.446490 / -4.131177, -0.481554, 0.446490 / -4.131177, -0.481554, 0.446490; 1, 21, 1, 0; 0.101255944378; 1, 0, 1; 1, 0, 0; 3, 1, 2 ;
0,7; -4.137151, -0.494012, 0.434620 / -4.137151, -0.494012, 0.434620 / -4.137151, -0.494012, 0.434620; 1, 21, 1, 0; 0.101262456272; 1, 0, 1; 1, 0, 0; 3, 1, 2 ;
0,7; -4.139671, -0.493725, 0.433280 / -4.139671, -0.493725, 0.433280 / -4.139671, -0.493725, 0.433280; 1, 21, 1, 0; 0.101262529031; 1, 0, 1; 1, 0, 0; 2, 1, 2 ;
0,7; -3.483420, 0.833283, 0.786585 / -3.483420, 0.833283, 0.786585 / -3.483420, 0.833283, 0.786585; 1, 23, 1, 0; 0.098728951713; 1, 0, 1; 1, 0, 0; 2, 1, 2 ;
1,8; -0.406442, 1.66709, 1.05155 / -0.406442, 1.66709, 1.05155 / -0.406442, 1.66709, 1.05155; 1, 25, 1, 0; 0.824744280142; 0, 1, 0; 0, 1, 0; 4, 1, 1 ;
1,9; -0.673735, 4.26116, -0.79975 / -0.673735, 4.26116, -0.79975 / -0.673735, 4.26116, -0.79975; 1, 13, 1, 0; 0.144912653891; 1, 0, 1; 1, 0, 0; 2, 1, 2 ;
0,9; -1.501058, 3.764531, -0.141087 / -1.501058, 3.764531, -0.141087 / -1.501058, 3.764531, -0.141087; 1, 17, 1, 0; 0.296891447598; 0, 1, 0; 0, 1, 0; 1, 1, 1 / 4, 3, 0 ;
0,9; -1.698621, 3.986513, -0.181841 / -1.697897, 3.986691, -0.181267 / -1.699346, 3.986336, -0.182415; 1, 17, 1, 0; 0.301669407642; 0, 2, 0; 2, 0, 0; 2, 7, 1 / 3, 1, 1 ;
0,9; -1.635743, 3.959486, -0.203031 / -1.635743, 3.959486, -0.203031 / -1.635743, 3.959486, -0.203031; 1, 17, 1, 0; 0.300404004475; 1, 0, 1; 1, 0, 0; 1, 1, 0 / 2, 1, 2 ;
0,9; -1.682012, 3.986489, -0.182721 / -1.682012, 3.986489, -0.182721 / -1.682012, 3.986489, -0.182721; 1, 17, 1, 0; 0.301657118586; 1, 0, 1; 1, 0, 0; 2, 1, 2 ;
0,9; -0.978634, 3.236432, 0.120012 / -0.978634, 3.236432, 0.120012 / -0.978634, 3.236432, 0.120012; 1, 17, 1, 0; 0.496417405265; 1, 0, 1; 1, 0, 0; 3, 1, 2 ;
0,9; -0.331574, 2.616165, 0.782288 / -0.331574, 2.616165, 0.782288 / -0.331574, 2.616165, 0.782288; 1, 25, 1, 0; 0.562740002572; 1, 0, 1; 1, 0, 0; 2, 1, 2 ;
0,9; -0.058374, 2.094792, 1.364383 / -0.058374, 2.094792, 1.364383 / -0.058374, 2.094792, 1.364383; 1, 29, 1, 0; 0.250007627386; 1, 0, 1; 0, 1, 0; 4, 1, 2 ;
0,9; -0.058744, 2.093934, 1.362001 / -0.058744, 2.093934, 1.362001 / -0.058744, 2.093934, 1.362001; 1, 29, 1, 0; 0.250007754022; 0, 1, 0; 0, 1, 0; 1, 1, 1 / 3, 9, 0 ;
0,9; -0.053220, 2.101006, 1.364255 / -0.053220, 2.101006, 1.364255 / -0.053220, 2.101006, 1.364255; 1, 29, 1, 0; 0.250006136977; 1, 0, 1; 1, 0, 0; 2, 1, 2 ;
1,10; 0.186522, 1.40436, -2.66448 / 0.186522, 1.40436, -2.66448 / 0.186522, 1.40436, -2.66448; 1, 3, 1, 0; 0.719703731912; 1, 0, 1; 1, 0, 0; 2, 1, 2 ;
0,10; 1.024255, 2.938781, -1.309673 / 1.024255, 2.938781, -1.309673 / 1.024255, 2.938781, -1.309673; 1, 7, 1, 0; 0.328892886035; 1, 0, 1; 1, 0, 0; 3, 1, 2 ;
1,11; -0.298761, -0.522577, 2.02843 / -0.298761, -0.522577, 2.02843 / -0.298761, -0.522577, 2.02843; 1, 30, 1, 0; 0.603814199602; 1, 0, 1; 1, 0, 0; 3, 1, 2 ;
0,11; -2.450439, -1.362373, 2.557454 / -2.450439, -1.362373, 2.557454 / -2.450439, -1.362373, 2.557454; 1, 36, 1, 0; 0.601552765347; 1, 0, 1; 1, 0, 0; 2, 1, 2 ;
1,13; 3.47231, -2.25009, -1.41724 / 3.47231, -2.25009, -1.41724 / 3.47231, -2.25009, -1.41724; 1, 8, 1, 0; 0.616941426557; 1, 0, 1; 1, 0, 0; 3, 1, 2 ;
1,15; 0.179469, -0.362957, 1.32284 / 0.180368, -0.362593, 1.32323 / 0.17857, -0.363321, 1.32245; 1, 23, 1, 0; 0.791696787905; 2, 1, 1; 2, 1, 0; 1, 10, 0 / 2, 8, 0 / 2, 10, 0 / 3, 5, 3 / 3, 7, 2 / 4, 1, 1 ;
0,15; -1.043087, -0.048031, 0.723772 / -1.043087, -0.048031, 0.723772 / -1.043087, -0.048031, 0.723772; 1, 23, 1, 0; 0.246233995321; 1, 0, 1; 0, 1, 0; 1, 1, 2 ;
0,15; 0.178346, -0.362583, 1.323277 / 0.178995, -0.361919, 1.323421 / 0.177697, -0.363247, 1.323133; 1, 23, 1, 0; 0.791696817465; 0, 1, 0; 2, 1, 0; 1, 6, 0 / 1, 8, 1 / 2, 4, 0 / 2, 6, 0 / 3, 1, 3 / 3, 3, 2 / 3, 9, 0 / 3, 10, 0 ;
0,15; 0.183707, -0.363239, 1.322781 / 0.184514, -0.362638, 1.323257 / 0.182900, -0.363839, 1.322304; 1, 23, 1, 0; 0.791696647497; 1, 0, 2; 2, 0, 0; 2, 1, 2 / 2, 9, 2 ;
0,15; 0.187146, -0.368681, 1.322812 / 0.187146, -0.368681, 1.322812 / 0.187146, -0.368681, 1.322812; 1, 23, 1, 0; 0.791695324705; 1, 0, 1; 1, 0, 0; 2, 1, 2 ;
0,15; 0.177007, -0.359009, 1.323795 / 0.177007, -0.359009, 1.323795 / 0.177007, -0.359009, 1.323795; 1, 23, 1, 0; 0.791697785542; 1, 0, 1; 1, 0, 0; 3, 1, 2 ;
0,15; 0.168470, -0.370948, 1.325556 / 0.168470, -0.370948, 1.325556 / 0.168470, -0.370948, 1.325556; 1, 23, 1, 0; 0.791707865368; 1, 0, 1; 1, 0, 0; 2, 1, 2 ;
0,15; 1.775798, -0.554597, 2.331967 / 1.775798, -0.554597, 2.331967 / 1.775798, -0.554597, 2.331967; 1, 28, 1, 0; 0.852655614613; 1, 0, 1; 1, 0, 0; 2, 1, 2 ;
1,19; 0.610124, 0.118092, -2.25533 / 0.610124, 0.118092, -2.25533 / 0.610124, 0.118092, -2.25533; 1, 3, 1, 0; 0.751747720193; 1, 0, 1; 0, 1, 0; 1, 1, 2 ;
0,19; 0.607430, 0.125845, -2.256173 / 0.607430, 0.125845, -2.256173 / 0.607430, 0.125845, -2.256173; 1, 3, 1, 0; 0.751747256777; 1, 0, 1; 1, 0, 0; 2, 1, 2 ;
0,19; 0.472854, 0.324860, -2.027428 / 0.473206, 0.325085, -2.027167 / 0.472501, 0.324635, -2.027690; 1, 4, 1, 0; 0.626062460459; 2, 1, 1; 2, 0, 0; 2, 7, 1 / 3, 1, 2 ;
0,19; -0.058509, 1.170574, -1.083819 / -0.058509, 1.170574, -1.083819 / -0.058509, 1.170574, -1.083819; 1, 11, 1, 0; 0.843471497462; 1, 0, 1; 0, 1, 0; 4, 1, 2 ;
0,19; -0.047506, 1.180065, -1.088534 / -0.047506, 1.180065, -1.088534 / -0.047506, 1.180065, -1.088534; 1, 11, 1, 0; 0.843468991317; 1, 0, 1; 1, 0, 0; 2, 1, 2 ;
0,19; -0.071698, 1.175184, -1.085769 / -0.071698, 1.175184, -1.085769 / -0.071698, 1.175184, -1.085769; 1, 11, 1, 0; 0.843473408541; 1, 0, 1; 1, 0, 0; 2, 1, 2 ;
0,19; -0.053735, 1.189976, -1.079159 / -0.053735, 1.189976, -1.079159 / -0.053735, 1.189976, -1.079159; 1, 11, 1, 0; 0.843476555527; 1, 0, 1; 1, 0, 0; 3, 1, 2 ;
1,21; -1.776, -0.436379, 0.954458 / -1.776, -0.436379, 0.954458 / -1.776, -0.436379, 0.954458; 1, 21, 1, 0; 0.546485774239; 1, 0, 1; 1, 0, 0; 3, 1, 2 ;
0,21; -2.329880, 0.588945, 1.461467 / -2.329880, 0.588945, 1.461467 / -2.329880, 0.588945, 1.461467; 1, 23, 1, 0; 0.639232499605; 1, 0, 1; 0, 1, 0; 1, 1, 2 ;
1,23; 1.4758, 1.32589, -4.11763 / 1.47603, 1.32617, -4.11762 / 1.47556, 1.3256, -4.11763; 1, 1, 1, 0; 0.103601524702; 0, 2, 0; 0, 2, 0; 1, 1, 1 / 1, 2, 1 ;
0,23; 1.476287, 1.322287, -4.117417 / 1.476287, 1.322287, -4.117417 / 1.476287, 1.322287, -4.117417; 1, 1, 1, 0; 0.103601010509; 1, 0, 1; 1, 0, 0; 1, 8, 0 / 3, 1, 2 / 3, 6, 0 / 3, 10, 0 / 4, 1, 0 ;
0,23; 2.339805, 1.091027, -2.699390 / 2.339805, 1.091027, -2.699390 / 2.339805, 1.091027, -2.699390; 1, 3, 1, 0; 0.702589114955; 1, 0, 1; 1, 0, 0; 2, 1, 2 ;
0,23; 2.296230, 1.099604, -2.778217 / 2.296230, 1.099604, -2.778217 / 2.296230, 1.099604, -2.778217; 1, 3, 1, 0; 0.702636254468; 0, 1, 0; 1, 0, 0; 2, 1, 1 ;
0,23; 3.576813, 0.924373, -0.793846 / 3.576813, 0.924373, -0.793846 / 3.576813, 0.924373, -0.793846; 1, 12, 1, 0; 0.371257032083; 1, 0, 1; 0, 1, 0; 1, 1, 2 ;
0,23; 3.582172, 0.930621, -0.780383 / 3.582172, 0.930621, -0.780383 / 3.582172, 0.930621, -0.780383; 1, 12, 1, 0; 0.354975098758; 1, 0, 1; 1, 0, 0; 1, 5, 0 / 3, 1, 2 ;
0,23; 4.423751, 0.728503, 0.442727 / 4.423751, 0.728503, 0.442727 / 4.423751, 0.728503, 0.442727; 1, 19, 1, 0; 0.686032336582; 1, 0, 1; 1, 0, 0; 3, 1, 2 ;
1,24; 0.352047, 0.97469, -3.24896 / 0.352369, 0.975048, -3.24891 / 0.351726, 0.974333, -3.24901; 1, 2, 1, 0; 0.292524926510; 2, 1, 1; 1, 1, 0; 1, 2, 1 / 2, 1, 2 / 3, 4, 0 ;
0,24; 0.353725, 0.975557, -3.247455 / 0.353725, 0.975557, -3.247455 / 0.353725, 0.975557, -3.247455; 1, 2, 1, 0; 0.292524886957; 1, 0, 1; 1, 0, 0; 1, 9, 0 / 2, 1, 2 / 4, 4, 0 ;
0,24; 0.358332, 0.973563, -3.244377 / 0.358332, 0.973563, -3.244377 / 0.358332, 0.973563, -3.244377; 1, 2, 1, 0; 0.292531614978; 1, 0, 1; 1, 0, 0; 3, 1, 2 ;
0,24; -1.635869, 0.727545, -1.144619 / -1.635343, 0.727611, -1.144041 / -1.636395, 0.727479, -1.145196; 1, 10, 1, 0; 0.274500733166; 2, 2, 1; 2, 1, 0; 3, 1, 1 / 3, 3, 1 / 4, 3, 2 ;
0,24; -2.018597, 0.742121, -0.705201 / -2.018597, 0.742121, -0.705201 / -2.018597, 0.742121, -0.705201; 1, 10, 1, 0; 0.284044634477; 1, 0, 1; 0, 1, 0; 4, 1, 2 ;
0,24; -2.044539, 0.743515, -0.681761 / -2.044539, 0.743515, -0.681761 / -2.044539, 0.743515, -0.681761; 1, 10, 1, 0; 0.284067451306; 1, 0, 1; 0, 1, 0; 4, 1, 2 ;
0,24; -1.669494, 0.733094, -1.105890 / -1.669494, 0.733094, -1.105890 / -1.669494, 0.733094, -1.105890; 1, 10, 1, 0; 0.274799785024; 1, 0, 1; 1, 0, 0; 2, 1, 2 ;
0,24; -2.022680, 0.740302, -0.701442 / -2.022680, 0.740302, -0.701442 / -2.022680, 0.740302, -0.701442; 1, 10, 1, 0; 0.284045196787; 1, 0, 1; 1, 0, 0; 3, 1, 2 ;
0,24; -2.041502, 0.738514, -0.682357 / -2.041502, 0.738514, -0.682357 / -2.041502, 0.738514, -0.682357; 1, 10, 1, 0; 0.284066656502; 1, 0, 1; 1, 0, 0; 3, 1, 2 ;
0,24; -2.754260, 0.786233, 0.044965 / -2.753798, 0.786281, 0.045034 / -2.754721, 0.786185, 0.044897; 1, 14, 1, 0; 0.801756320914; 2, 1, 1; 2, 0, 0; 1, 5, 0 / 2, 6, 2 / 3, 1, 1 / 3, 3, 0 ;
1,25; -2.65558, 2.48098, -1.21829 / -2.65548, 2.481, -1.21817 / -2.65568, 2.48095, -1.2184; 1, 7, 1, 0; 0.670691305108; 1, 0, 2; 1, 1, 0; 1, 1, 2 / 2, 1, 2 ;
1,26; 2.90387, -2.22703, -1.75428 / 2.90387, -2.22703, -1.75428 / 2.90387, -2.22703, -1.75428; 1, 8, 1, 0; 0.259372308319; 1, 0, 1; 0, 1, 0; 1, 1, 2 ;
0,26; 2.541649, 0.793001, -0.303839 / 2.542092, 0.793196, -0.303039 / 2.541206, 0.792807, -0.304638; 1, 13, 1, 0; 0.940113880467; 1, 0, 2; 2, 0, 0; 2, 1, 2 / 2, 9, 2 ;
0,26; 2.249803, 2.598014, 0.556905 / 2.249803, 2.598014, 0.556905 / 2.249803, 2.598014, 0.556905; 1, 20, 1, 0; 0.501871881535; 1, 0, 1; 1, 0, 0; 2, 1, 2 ;
0,26; 2.255181, 2.600200, 0.551424 / 2.255181, 2.600200, 0.551424 / 2.255181, 2.600200, 0.551424; 1, 20, 1, 0; 0.501873081918; 1, 0, 1; 1, 0, 0; 3, 1, 2 ;
0,26; 2.256521, 2.600659, 0.552829 / 2.256521, 2.600659, 0.552829 / 2.256521, 2.600659, 0.552829; 1, 20, 1, 0; 0.501873175924; 1, 0, 1; 1, 0, 0; 2, 1, 2 ;
1,28; -0.414413, -2.04809, 1.67536 / -0.414413, -2.04809, 1.67536 / -0.414413, -2.04809, 1.67536; 1, 22, 1, 0; 0.983964361383; 0, 1, 0; 0, 1, 0; 4, 1, 1 ;
1,30; 3.6969, 1.38443, -0.737285 / 3.6969, 1.38443, -0.737285 / 3.6969, 1.38443, -0.737285; 1, 12, 1, 0; 0.319811896065; 1, 0, 1; 1, 0, 0; 3, 1, 2 ;
1,31; -2.96786, -0.892895, -3.38513 / -2.96786, -0.892895, -3.38513 / -2.96786, -0.892895, -3.38513; 1, 2, 1, 0; 0.468433684092; 0, 1, 0; 0, 1, 0; 4, 1, 1 ;
1,33; -0.258276, 1.34995, 1.75068 / -0.258276, 1.34995, 1.75068 / -0.258276, 1.34995, 1.75068; 1, 27, 1, 0; 0.388160369887; 1, 0, 1; 0, 1, 0; 1, 1, 2 ;
1,34; 1.57789, -0.7536, 1.99721 / 1.57803, -0.753548, 1.99725 / 1.57776, -0.753651, 1.99717; 1, 34, 1, 0; 0.011120952231; 0, 2, 0; 1, 1, 0; 3, 1, 1 / 4, 1, 1 ;
0,34; 1.577554, -0.754846, 1.999511 / 1.577554, -0.754846, 1.999511 / 1.577554, -0.754846, 1.999511; 1, 34, 1, 0; 0.011144014628; 1, 0, 1; 0, 1, 0; 4, 1, 2 ;
0,34; 1.575282, -0.752499, 1.995848 / 1.575282, -0.752499, 1.995848 / 1.575282, -0.752499, 1.995848; 1, 34, 1, 0; 0.011120802556; 1, 0, 1; 1, 0, 0; 1, 6, 0 / 2, 1, 2 / 4, 3, 0 ;
0,34; 1.575119, -0.756405, 1.995827 / 1.575119, -0.756405, 1.995827 / 1.575119, -0.756405, 1.995827; 1, 34, 1, 0; 0.011122399088; 1, 0, 1; 1, 0, 0; 3, 1, 2 ;
0,34; 1.576438, -0.760270, 1.989175 / 1.576438, -0.760270, 1.989175 / 1.576438, -0.760270, 1.989175; 1, 34, 1, 0; 0.011123197354; 1, 0, 1; 1, 0, 0; 3, 1, 2 ;
1,36; 1.17595, 0.568306, -1.6548 / 1.17595, 0.568306, -1.6548 / 1.17595, 0.568306, -1.6548; 1, 11, 1, 0; 0.040117731607; 0, 1, 0; 1, 0, 0; 2, 1, 1 ;
1,38; 1.39864, -0.864664, -2.1202 / 1.39864, -0.864664, -2.1202 / 1.39864, -0.864664, -2.1202; 1, 4, 1, 0; 0.518456827734; 1, 0, 1; 1, 0, 0; 2, 1, 2 ;
0,38; 1.396855, -0.860262, -2.116453 / 1.396855, -0.860262, -2.116453 / 1.396855, -0.860262, -2.116453; 1, 4, 1, 0; 0.518457432190; 1, 0, 1; 1, 0, 0; 3, 1, 2 ;
0,38; -0.431617, 0.486894, -2.041325 / -0.431617, 0.486894, -2.041325 / -0.431617, 0.486894, -2.041325; 1, 4, 1, 0; 0.620557497874; 1, 0, 1; 1, 0, 0; 3, 1, 2 ;
0,38; -0.429255, 0.483701, -2.037883 / -0.429255, 0.483701, -2.037883 / -0.429255, 0.483701, -2.037883; 1, 4, 1, 0; 0.620557586528; 1, 0, 1; 1, 0, 0; 2, 1, 2 ;
0,38; -2.922029, 2.341003, -2.064468 / -2.921779, 2.341007, -2.064393 / -2.922280, 2.340999, -2.064543; 1, 6, 1, 0; 0.494842717268; 2, 1, 1; 1, 1, 0; 1, 1, 1 / 2, 3, 2 ;
0,38; -2.921783, 2.346993, -2.062168 / -2.921783, 2.346993, -2.062168 / -2.921783, 2.346993, -2.062168; 1, 6, 1, 0; 0.494843604349; 1, 0, 1; 0, 1, 0; 4, 1, 2 ;
0,38; -2.922120, 2.342022, -2.061408 / -2.922120, 2.342022, -2.061408 / -2.922120, 2.342022, -2.061408; 1, 6, 1, 0; 0.494842790783; 1, 0, 1; 1, 0, 0; 2, 1, 2 ;
0,38; -2.923487, 2.346319, -2.064792 / -2.923487, 2.346319, -2.064792 / -2.923487, 2.346319, -2.064792; 1, 6, 1, 0; 0.494843545537; 1, 0, 1; 1, 0, 0; 3, 1, 2 ;
0,38; -2.921528, 2.348288, -2.062379 / -2.921528, 2.348288, -2.062379 / -2.921528, 2.348288, -2.062379; 1, 6, 1, 0; 0.494844187567; 0, 1, 0; 1, 0, 0; 2, 1, 1 ;
0,38; -2.884085, 2.252791, -2.088269 / -2.884085, 2.252791, -2.088269 / -2.884085, 2.252791, -2.088269; 1, 6, 1, 0; 0.496227454198; 1, 0, 1; 1, 0, 0; 3, 1, 2 ;
0,38; -2.909975, 2.267284, -2.086553 / -2.909975, 2.267284, -2.086553 / -2.909975, 2.267284, -2.086553; 1, 6, 1, 0; 0.496245921147; 1, 0, 1; 1, 0, 0; 3, 1, 2 ;
0,38; 2.931318, -1.993581, -2.131905 / 2.931318, -1.993581, -2.131905 / 2.931318, -1.993581, -2.131905; 1, 8, 1, 0; 0.054309272731; 1, 0, 1; 1, 0, 0; 2, 1, 2 ;
1,40; -1.27023, 1.04944, -0.390402 / -1.27023, 1.04944, -0.390402 / -1.27023, 1.04944, -0.390402; 1, 16, 1, 0; 0.121515432793; 1, 0, 1; 1, 0, 0; 2, 1, 2 ;
0,40; -0.448263, -1.671124, 3.452744 / -0.448263, -1.671124, 3.452744 / -0.448263, -1.671124, 3.452744; 1, 43, 1, 0; 0.579857982797; 0, 0, 0; 1, 0, 0; 2, 1, 3 ;
0,40; -0.244486, -2.105194, 4.106645 / -0.244486, -2.105194, 4.106645 / -0.244486, -2.105194, 4.106645; 1, 46, 1, 0; 0.856090587803; 1, 0, 1; 0, 1, 0; 1, 1, 2 ;
0,40; -0.245921, -2.099770, 4.112088 / -0.245921, -2.099770, 4.112088 / -0.245921, -2.099770, 4.112088; 1, 46, 1, 0; 0.856100832603; 1, 0, 1; 1, 0, 0; 2, 1, 2 ;
1,41; -0.811676, 3.90164, -1.54146 / -0.811676, 3.90164, -1.54146 / -0.811676, 3.90164, -1.54146; 1, 7, 1, 0; 0.223530238366; 1, 0, 1; 0, 1, 0; 4, 1, 2 ;
0,41; -0.798137, 3.902020, -1.541292 / -0.798137, 3.902020, -1.541292 / -0.798137, 3.902020, -1.541292; 1, 7, 1, 0; 0.223521084987; 1, 0, 1; 1, 0, 0; 3, 1, 2 ;
0,41; -1.604167, 2.432042, -1.038858 / -1.604167, 2.432042, -1.038858 / -1.604167, 2.432042, -1.038858; 1, 7, 1, 0; 0.649728400327; 1, 0, 1; 1, 0, 0; 2, 1, 2 ;
0,41; -1.527804, 2.669356, -1.147933 / -1.527804, 2.669356, -1.147933 / -1.527804, 2.669356, -1.147933; 1, 7, 1, 0; 0.679149390303; 1, 0, 1; 1, 0, 0; 1, 3, 0 / 1, 4, 0 / 3, 1, 2 ;
0,41; -1.525640, 2.666468, -1.139169 / -1.525640, 2.666468, -1.139169 / -1.525640, 2.666468, -1.139169; 1, 7, 1, 0; 0.679149773825; 1, 0, 1; 1, 0, 0; 3, 1, 2 ;
0,41; -1.525183, 2.669366, -1.142459 / -1.525183, 2.669366, -1.142459 / -1.525183, 2.669366, -1.142459; 1, 7, 1, 0; 0.679149891438; 0, 1, 0; 1, 0, 0; 2, 1, 1 ;
0,41; -3.588582, -0.948878, 0.200945 / -3.588582, -0.948878, 0.200945 / -3.588582, -0.948878, 0.200945; 1, 14, 1, 0; 0.968428163965; 1, 0, 1; 1, 0, 0; 3, 1, 2 ;
0,41; -3.950744, -1.790456, 0.478953 / -3.950444, -1.790060, 0.479411 / -3.951044, -1.790852, 0.478494; 1, 21, 1, 0; 0.229479084813; 2, 2, 1; 2, 1, 0; 1, 1, 1 / 2, 1, 1 / 2, 7, 2 / 3, 3, 0 ;
0,41; -3.963269, -1.791808, 0.481775 / -3.963269, -1.791808, 0.481775 / -3.963269, -1.791808, 0.481775; 1, 21, 1, 0; 0.229477447745; 1, 0, 1; 0, 1, 0; 4, 1, 2 ;
0,41; -3.957940, -1.797369, 0.482499 / -3.957940, -1.797369, 0.482499 / -3.957940, -1.797369, 0.482499; 1, 21, 1, 0; 0.229479579572; 1, 0, 1; 1, 0, 0; 2, 1, 2 ;
1,42; -0.28489, 1.35207, -1.38078 / -0.28489, 1.35207, -1.38078 / -0.28489, 1.35207, -1.38078; 1, 7, 1, 0; 0.490525807926; 1, 0, 1; 0, 1, 0; 4, 1, 2 ;
0,42; -1.943067, -0.258506, -0.150173 / -1.943067, -0.258506, -0.150173 / -1.943067, -0.258506, -0.150173; 1, 14, 1, 0; 0.347980151242; 1, 0, 1; 0, 1, 0; 1, 1, 2 ;
0,42; -3.399331, -1.472893, 1.109448 / -3.399331, -1.472893, 1.109448 / -3.399331, -1.472893, 1.109448; 1, 21, 1, 0; 0.648513214417; 1, 0, 1; 1, 0, 0; 2, 1, 2 ;
1,45; 0.820797, -2.06953, -2.06473 / 0.820797, -2.06953, -2.06473 / 0.820797, -2.06953, -2.06473; 1, 5, 1, 0; 0.833029853921; 0, 1, 0; 1, 0, 0; 2, 1, 1 ;
0,45; -0.394218, -0.873812, -1.396009 / -0.394218, -0.873812, -1.396009 / -0.394218, -0.873812, -1.396009; 1, 11, 1, 0; 0.493378455391; 1, 0, 1; 1, 0, 0; 1, 3, 0 / 3, 1, 2 ;
0,45; -2.334608, 0.626801, -0.277546 / -2.334608, 0.626801, -0.277546 / -2.334608, 0.626801, -0.277546; 1, 14, 1, 0; 0.428678901646; 1, 0, 1; 1, 0, 0; 3, 1, 2 ;
1,46; -0.878059, 1.76872, -2.02261 / -0.878059, 1.76872, -2.02261 / -0.878059, 1.76872, -2.02261; 1, 4, 1, 0; 0.728911007951; 1, 0, 1; 1, 0, 0; 3, 1, 2 ;
1,47; 2.90484, -0.279617, 0.328128 / 2.90484, -0.279617, 0.328128 / 2.90484, -0.279617, 0.328128; 1, 19, 1, 0; 0.598744876679; 0, 1, 0; 0, 1, 0; 4, 1, 1 ;
0,47; -2.706791, -1.299650, 1.440088 / -2.706791, -1.299650, 1.440088 / -2.706791, -1.299650, 1.440088; 1, 21, 1, 0; 0.983331434334; 1, 0, 1; 1, 0, 0; 2, 1, 2 ;
0,47; -0.143287, -0.828944, 0.728497 / -0.143287, -0.828944, 0.728497 / -0.143287, -0.828944, 0.728497; 1, 23, 1, 0; 0.281191924611; 1, 0, 1; 1, 0, 0; 3, 1, 2 ;
0,47; -2.616910, -1.435597, 1.642558 / -2.616910, -1.435597, 1.642558 / -2.616910, -1.435597, 1.642558; 1, 24, 1, 0; 0.691847948342; 1, 0, 1; 0, 1, 0; 4, 1, 2 ;
0,47; -4.182896, -0.765511, 1.253535 / -4.182896, -0.765511, 1.253535 / -4.182896, -0.765511, 1.253535; 1, 24, 1, 0; 0.623942290781; 1, 0, 1; 1, 0, 0; 2, 1, 2 ;
1,48; 1.87474, -2.77616, 0.0959184 / 1.87474, -2.77616, 0.0959184 / 1.87474, -2.77616, 0.0959184; 1, 15, 1, 0; 0.758981404837; 1, 0, 1; 1, 0, 0; 2, 1, 2 ;
0,48; 0.403177, -0.486270, 0.887121 / 0.403177, -0.486270, 0.887121 / 0.403177, -0.486270, 0.887121; 1, 23, 1, 0; 0.265244568792; 1, 0, 1; 1, 0, 0; 2, 1, 2 ;
1,49; -2.93281, -3.26558, -0.481735 / -2.93281, -3.26558, -0.481735 / -2.93281, -3.26558, -0.481735; 1, 9, 1, 0; 0.912430327567; 1, 0, 1; 1, 0, 0; 2, 1, 2 ;
0,49; -2.422886, -2.434919, -0.534242 / -2.422886, -2.434919, -0.534242 / -2.422886, -2.434919, -0.534242; 1, 10, 1, 0; 0.489273776001; 1, 0, 1; 1, 0, 0; 3, 1, 2 ;
1,51; -0.892406, 1.88126, -3.61649 / -0.892406, 1.88126, -3.61649 / -0.892406, 1.88126, -3.61649; 1, 2, 1, 0; 0.094228607185; 1, 0, 1; 1, 0, 0; 3, 1, 2 / 4, 6, 0 ;
0,51; -1.866572, 2.904407, -1.599181 / -1.866572, 2.904407, -1.599181 / -1.866572, 2.904407, -1.599181; 1, 6, 1, 0; 0.581673871129; 1, 0, 1; 0, 1, 0; 1, 1, 2 ;
0,51; -2.071958, 2.980508, -1.281480 / -2.071958, 2.980508, -1.281480 / -2.071958, 2.980508, -1.281480; 1, 7, 1, 0; 0.307232519347; 0, 1, 0; 0, 1, 0; 4, 1, 1 ;
0,51; -2.060169, 2.984532, -1.301349 / -2.060169, 2.984532, -1.301349 / -2.060169, 2.984532, -1.301349; 1, 7, 1, 0; 0.307229180154; 1, 0, 1; 1, 0, 0; 3, 1, 2 ;
0,51; -2.057135, 2.979993, -1.303377 / -2.057135, 2.979993, -1.303377 / -2.057135, 2.979993, -1.303377; 1, 7, 1, 0; 0.307229287540; 0, 1, 0; 1, 0, 0; 2, 1, 1 ;
0,51; -2.068797, 2.982597, -1.285338 / -2.068797, 2.982597, -1.285338 / -2.068797, 2.982597, -1.285338; 1, 7, 1, 0; 0.307232018213; 1, 0, 1; 1, 0, 0; 3, 1, 2 ;
0,51; -2.074113, 2.983310, -1.277420 / -2.074113, 2.983310, -1.277420 / -2.074113, 2.983310, -1.277420; 1, 7, 1, 0; 0.307233000028; 0, 1, 0; 1, 0, 0; 3, 1, 1 ;
0,51; -2.460307, 3.096975, -0.806423 / -2.460307, 3.096975, -0.806423 / -2.460307, 3.096975, -0.806423; 1, 14, 1, 0; 0.146658462004; 0, 1, 0; 0, 1, 0; 1, 1, 1 ;
0,51; -2.251888, 3.007139, -0.829714 / -2.251888, 3.007139, -0.829714 / -2.251888, 3.007139, -0.829714; 1, 14, 1, 0; 0.131771788518; 1, 0, 1; 1, 0, 0; 3, 1, 2 ;
0,51; -2.253672, 3.013652, -0.825819 / -2.253672, 3.013652, -0.825819 / -2.253672, 3.013652, -0.825819; 1, 14, 1, 0; 0.131782276698; 0, 1, 0; 1, 0, 0; 3, 1, 1 ;
0,51; -2.458498, 3.097717, -0.811145 / -2.458498, 3.097717, -0.811145 / -2.458498, 3.097717, -0.811145; 1, 14, 1, 0; 0.146647099809; 1, 0, 1; 1, 0, 0; 3, 1, 2 ;
0,51; -2.460984, 3.098960, -0.805738 / -2.460984, 3.098960, -0.805738 / -2.460984, 3.098960, -0.805738; 1, 14, 1, 0; 0.146658523555; 1, 0, 1; 1, 0, 0; 3, 1, 2 ;
0,51; -2.469361, 3.104923, -0.804748 / -2.469361, 3.104923, -0.804748 / -2.469361, 3.104923, -0.804748; 1, 14, 1, 0; 0.146659465275; 1, 0, 1; 1, 0, 0; 3, 1, 2 ;
0,51; -2.181967, 3.835551, -0.418519 / -2.181963, 3.835721, -0.417952 / -2.181971, 3.835382, -0.419086; 1, 17, 1, 0; 0.061432386476; 2, 1, 1; 2, 0, 0; 2, 5, 2 / 3, 1, 1 ;
1,54; 0.120353, -2.18662, -0.685039 / 0.120353, -2.18662, -0.685039 / 0.120353, -2.18662, -0.685039; 1, 9, 1, 0; 0.531928287029; 0, 1, 0; 1, 0, 0; 2, 1, 1 ;
1,55; 3.86461, 0.933362, 0.0133324 / 3.86461, 0.933362, 0.0133324 / 3.86461, 0.933362, 0.0133324; 1, 19, 1, 0; 0.104848346798; 1, 0, 1; 1, 0, 0; 1, 2, 0 / 2, 1, 2 ;
1,57; 3.77952, 1.76187, 1.63927 / 3.77952, 1.76187, 1.63927 / 3.77952, 1.76187, 1.63927; 1, 28, 1, 0; 0.228116242707; 0, 1, 0; 0, 1, 0; 3, 1, 0 / 3, 2, 0 / 4, 1, 1 ;
1,59; -1.12093, 0.354355, -1.4854 / -1.12093, 0.354355, -1.4854 / -1.12093, 0.354355, -1.4854; 1, 11, 1, 0; 0.347845716437; 1, 0, 1; 0, 1, 0; 1, 1, 2 ;
0,59; 0.180607, -2.446021, 1.062857 / 0.180607, -2.446021, 1.062857 / 0.180607, -2.446021, 1.062857; 1, 22, 1, 0; 0.182850492721; 1, 0, 1; 1, 0, 0; 3, 1, 2 / 4, 2, 0 ;
1,63; 2.97593, 3.54167, -0.181367 / 2.97593, 3.54167, -0.181367 / 2.97593, 3.54167, -0.181367; 1, 20, 1, 0; 0.106780435493; 0, 1, 0; 1, 0, 0; 3, 1, 1 ;
1,65; 0.247907, -0.0691226, 2.63292 / 0.247907, -0.0691226, 2.63292 / 0.247907, -0.0691226, 2.63292; 1, 34, 1, 0; 0.865157046317; 1, 0, 1; 1, 0, 0; 3, 1, 2 ;
0,65; 0.239042, -0.061634, 2.642485 / 0.239042, -0.061634, 2.642485 / 0.239042, -0.061634, 2.642485; 1, 34, 1, 0; 0.865159989922; 1, 0, 1; 1, 0, 0; 3, 1, 2 ;
1,66; -0.592321, 3.58874, -2.67957 / -0.592321, 3.58874, -2.67957 / -0.592321, 3.58874, -2.67957; 1, 4, 1, 0; 0.210414656850; 1, 0, 1; 1, 0, 0; 2, 1, 2 ;
1,67; 1.80062, 0.880981, 3.86434 / 1.80062, 0.880981, 3.86434 / 1.80062, 0.880981, 3.86434; 1, 46, 1, 0; 0.288236668171; 1, 0, 1; 1, 0, 0; 2, 1, 2 ;
0,67; 1.797808, 0.855814, 3.877065 / 1.797808, 0.855814, 3.877065 / 1.797808, 0.855814, 3.877065; 1, 46, 1, 0; 0.288242741739; 1, 0, 1; 1, 0, 0; 1, 1, 0 / 3, 1, 2 ;
1,69; 1.68169, -3.21165, 0.0109527 / 1.68169, -3.21165, 0.0109527 / 1.68169, -3.21165, 0.0109527; 1, 15, 1, 0; 0.841032250546; 1, 0, 1; 1, 0, 0; 3, 1, 2 ;
0,69; 2.887506, 3.334920, 0.169639 / 2.887506, 3.334920, 0.169639 / 2.887506, 3.334920, 0.169639; 1, 20, 1, 0; 0.188925201679; 1, 0, 1; 1, 0, 0; 3, 1, 2 ;
0,69; 2.900351, 3.392449, 0.163395 / 2.900351, 3.392449, 0.163395 / 2.900351, 3.392449, 0.163395; 1, 20, 1, 0; 0.189864682130; 1, 0, 1; 1, 0, 0; 1, 4, 0 / 2, 4, 0 / 3, 1, 2 / 3, 3, 0 / 3, 5, 0 / 4, 9, 0 ;
1,70; 1.91299, -1.42032, 0.851732 / 1.91299, -1.42032, 0.851732 / 1.91299, -1.42032, 0.851732; 1, 19, 1, 0; 0.823225190398; 1, 0, 1; 1, 0, 0; 2, 1, 2 ;
0,70; 2.833766, 1.909981, 1.338955 / 2.833766, 1.909981, 1.338955 / 2.833766, 1.909981, 1.338955; 1, 28, 1, 0; 0.169250408858; 1, 0, 1; 1, 0, 0; 2, 1, 2 ;
1,71; -2.69895, 1.64405, -1.66083 / -2.69895, 1.64405, -1.66083 / -2.69895, 1.64405, -1.66083; 1, 6, 1, 0; 0.652114152015; 1, 0, 1; 0, 1, 0; 1, 1, 2 ;
0,71; -3.952166, -0.084323, -1.979934 / -3.952166, -0.084323, -1.979934 / -3.952166, -0.084323, -1.979934; 1, 6, 1, 0; 0.335606762785; 1, 0, 1; 1, 0, 0; 2, 1, 2 ;
1,72; -2.89597, 0.435281, 1.06612 / -2.89559, 0.435728, 1.06624 / -2.89635, 0.434835, 1.06601; 1, 23, 1, 0; 0.526043616677; 2, 2, 1; 2, 1, 0; 2, 5, 2 / 3, 1, 1 / 3, 3, 0 / 3, 4, 0 / 4, 1, 1 ;
0,72; -2.890054, 0.435758, 1.045240 / -2.889638, 0.436124, 1.045686 / -2.890470, 0.435391, 1.044794; 1, 23, 1, 0; 0.526034985272; 1, 0, 2; 1, 1, 0; 2, 6, 2 / 2, 9, 0 / 4, 1, 2 ;
0,72; -2.896233, 0.431174, 1.045336 / -2.895734, 0.431410, 1.046205 / -2.896732, 0.430938, 1.044466; 1, 23, 1, 0; 0.526047570274; 1, 0, 2; 1, 1, 0; 1, 8, 2 / 2, 1, 2 ;
0,72; -2.887551, 0.434315, 1.042366 / -2.887551, 0.434315, 1.042366 / -2.887551, 0.434315, 1.042366; 1, 23, 1, 0; 0.526035118290; 0, 1, 0; 0, 1, 0; 4, 1, 1 ;
0,72; -2.902045, 0.432292, 1.050083 / -2.902045, 0.432292, 1.050083 / -2.902045, 0.432292, 1.050083; 1, 23, 1, 0; 0.526047282068; 0, 1, 0; 0, 1, 0; 1, 7, 0 / 2, 6, 0 / 3, 7, 0 / 4, 1, 1 ;
0,72; -2.898429, 0.438118, 1.051423 / -2.898429, 0.438118, 1.051423 / -2.898429, 0.438118, 1.051423; 1, 23, 1, 0; 0.526047991499; 0, 1, 0; 0, 1, 0; 3, 2, 0 / 4, 1, 1 ;
0,72; -2.896019, 0.432833, 1.061781 / -2.896019, 0.432833, 1.061781 / -2.896019, 0.432833, 1.061781; 1, 23, 1, 0; 0.526044865570; 1, 0, 1; 1, 0, 0; 3, 1, 2 ;
0,72; -2.894401, 0.432528, 1.051214 / -2.894401, 0.432528, 1.051214 / -2.894401, 0.432528, 1.051214; 1, 23, 1, 0; 0.526046905183; 1, 0, 1; 1, 0, 0; 3, 1, 2 ;
0,72; -2.902173, 0.432004, 1.047953 / -2.902173, 0.432004, 1.047953 / -2.902173, 0.432004, 1.047953; 1, 23, 1, 0; 0.526047355967; 1, 0, 1; 1, 0, 0; 3, 1, 2 ;
0,72; -2.895900, 0.435892, 1.043764 / -2.895900, 0.435892, 1.043764 / -2.895900, 0.435892, 1.043764; 1, 23, 1, 0; 0.526048627030; 1, 0, 1; 1, 0, 0; 3, 1, 2 ;
0,72; -2.801202, 2.758656, 0.843493 / -2.801202, 2.758656, 0.843493 / -2.801202, 2.758656, 0.843493; 1, 24, 1, 0; 0.112811576724; 1, 0, 1; 0, 1, 0; 4, 1, 2 ;
0,72; -2.716250, 2.327358, 0.826769 / -2.715587, 2.327977, 0.827106 / -2.716914, 2.326739, 0.826432; 1, 24, 1, 0; 0.132860956046; 2, 1, 1; 2, 0, 0; 1, 4, 0 / 3, 1, 2 / 3, 10, 1 ;
0,72; -3.839292, 2.383069, 0.357845 / -3.839292, 2.383069, 0.357845 / -3.839292, 2.383069, 0.357845; 1, 24, 1, 0; 0.045239595388; 1, 0, 1; 1, 0, 0; 3, 1, 2 ;
0,72; -3.690431, 2.525621, 0.497397 / -3.690431, 2.525621, 0.497397 / -3.690431, 2.525621, 0.497397; 1, 24, 1, 0; 0.047362425898; 0, 1, 0; 1, 0, 0; 3, 1, 1 / 3, 3, 0 / 3, 9, 0 / 4, 2, 0 ;
0,72; -3.691722, 2.528042, 0.497856 / -3.691722, 2.528042, 0.497856 / -3.691722, 2.528042, 0.497856; 1, 24, 1, 0; 0.047362507187; 1, 0, 1; 1, 0, 0; 2, 1, 2 ;
1,73; 3.6166, -0.579677, -2.38746 / 3.61683, -0.579546, -2.38688 / 3.61637, -0.579808, -2.38803; 1, 3, 1, 0; 0.781627135241; 1, 0, 2; 2, 0, 0; 2, 5, 2 / 3, 1, 2 ;
0,73; 3.706392, -0.642548, -2.519914 / 3.706392, -0.642548, -2.519914 / 3.706392, -0.642548, -2.519914; 1, 3, 1, 0; 0.623929838771; 1, 0, 1; 1, 0, 0; 3, 1, 2 ;
0,73; 2.806518, -0.424540, -1.184497 / 2.806518, -0.424540, -1.184497 / 2.806518, -0.424540, -1.184497; 1, 11, 1, 0; 0.650668665861; 1, 0, 1; 0, 1, 0; 4, 1, 2 ;
0,73; -0.067677, 0.265367, 2.998722 / -0.067677, 0.265367, 2.998722 / -0.067677, 0.265367, 2.998722; 1, 37, 1, 0; 0.990473680021; 1, 0, 1; 1, 0, 0; 2, 1, 2 ;
0,73; -0.388183, 0.374635, 3.483481 / -0.388183, 0.374635, 3.483481 / -0.388183, 0.374635, 3.483481; 1, 44, 1, 0; 0.876052143630; 1, 0, 1; 1, 0, 0; 2, 1, 2 ;
1,76; -0.305936, 1.28575, -1.05466 / -0.305936, 1.28575, -1.05466 / -0.305936, 1.28575, -1.05466; 1, 7, 1, 0; 0.540368339127; 1, 0, 1; 1, 0, 0; 1, 6, 0 / 3, 1, 2 ;
0,76; 0.751063, 0.607515, -1.367655 / 0.751063, 0.607515, -1.367655 / 0.751063, 0.607515, -1.367655; 1, 11, 1, 0; 0.363837211564; 1, 0, 1; 1, 0, 0; 3, 1, 2 ;
0,76; -1.554072, 2.446375, -0.057511 / -1.554072, 2.446375, -0.057511 / -1.554072, 2.446375, -0.057511; 1, 14, 1, 0; 0.535235036185; 1, 0, 1; 0, 1, 0; 1, 1, 2 ;
0,76; -1.477768, 2.375385, -0.119910 / -1.477768, 2.375385, -0.119910 / -1.477768, 2.375385, -0.119910; 1, 17, 1, 0; 0.140318141493; 1, 0, 1; 1, 0, 0; 2, 1, 2 / 3, 5, 0 / 4, 5, 0 ;
1,77; -2.22554, -0.1727, 2.31122 / -2.22554, -0.1727, 2.31122 / -2.22554, -0.1727, 2.31122; 1, 36, 1, 0; 0.261149653607; 0, 1, 0; 1, 0, 0; 2, 1, 1 / 4, 4, 0 ;
0,77; -3.217401, -0.294502, 2.841905 / -3.217401, -0.294502, 2.841905 / -3.217401, -0.294502, 2.841905; 1, 37, 1, 0; 0.904022912495; 1, 0, 1; 1, 0, 0; 1, 1, 0 / 2, 1, 2 ;
1,78; 2.7601, -1.88962, -2.90952 / 2.76057, -1.88952, -2.90926 / 2.75963, -1.88972, -2.90979; 1, 3, 1, 0; 0.398247363564; 2, 1, 2; 2, 1, 0; 2, 7, 1 / 3, 1, 2 / 4, 3, 2 ;
0,78; -0.041697, 2.569821, -1.031721 / -0.041697, 2.569821, -1.031721 / -0.041697, 2.569821, -1.031721; 1, 7, 1, 0; 0.689250496788; 0, 1, 0; 0, 1, 0; 4, 1, 1 ;
0,78; 1.106772, 0.715073, -1.754795 / 1.106772, 0.715073, -1.754795 / 1.106772, 0.715073, -1.754795; 1, 11, 1, 0; 0.072077188128; 1, 0, 1; 1, 0, 0; 2, 1, 2 ;
0,78; 1.106437, 0.710765, -1.753551 / 1.106437, 0.710765, -1.753551 / 1.106437, 0.710765, -1.753551; 1, 11, 1, 0; 0.072078160833; 1, 0, 1; 1, 0, 0; 3, 1, 2 ;
1,81; 2.61968, 2.91967, 0.781011 / 2.61968, 2.91967, 0.781011 / 2.61968, 2.91967, 0.781011; 1, 20, 1, 0; 0.646692785843; 0, 1, 0; 1, 0, 0; 2, 1, 1 ;
1,82; 4.11266, -0.0987571, -0.995411 / 4.11266, -0.0987571, -0.995411 / 4.11266, -0.0987571, -0.995411; 1, 12, 1, 0; 0.159311050384; 0, 1, 0; 0, 1, 0; 1, 1, 1 ;
0,82; 4.102821, -0.106424, -0.995134 / 4.102821, -0.106424, -0.995134 / 4.102821, -0.106424, -0.995134; 1, 12, 1, 0; 0.159310283664; 1, 0, 1; 1, 0, 0; 3, 1, 2 ;
0,82; 2.604283, -0.677234, -0.533592 / 2.604283, -0.677234, -0.533592 / 2.604283, -0.677234, -0.533592; 1, 12, 1, 0; 0.753805335457; 1, 0, 1; 1, 0, 0; 3, 1, 2 ;
0,82; -1.964133, -2.505296, 2.289669 / -1.964133, -2.505296, 2.289669 / -1.964133, -2.505296, 2.289669; 1, 32, 1, 0; 0.953045479782; 1, 0, 1; 1, 0, 0; 2, 1, 2 ;
1,83; -0.789768, -0.724473, -0.0268521 / -0.789768, -0.724473, -0.0268521 / -0.789768, -0.724473, -0.0268521; 1, 16, 1, 0; 0.394528524281; 1, 0, 1; 1, 0, 0; 1, 6, 0 / 3, 1, 2 ;
1,84; -0.209249, 3.89038, 1.24265 / -0.209249, 3.89038, 1.24265 / -0.209249, 3.89038, 1.24265; 1, 29, 1, 0; 0.078741091642; 1, 0, 1; 1, 0, 0; 3, 1, 2 ;
0,84; 2.002286, 1.240123, 2.803898 / 2.002286, 1.240123, 2.803898 / 2.002286, 1.240123, 2.803898; 1, 39, 1, 0; 0.534534307716; 1, 0, 1; 1, 0, 0; 3, 1, 2 ;
1,86; -0.327282, -2.78793, 1.18023 / -0.327282, -2.78793, 1.18023 / -0.327282, -2.78793, 1.18023; 1, 22, 1, 0; 0.089498911531; 1, 0, 1; 1, 0, 0; 2, 1, 2 ;
0,86; -1.753833, -0.985766, 2.389116 / -1.753833, -0.985766, 2.389116 / -1.753833, -0.985766, 2.389116; 1, 36, 1, 0; 0.101672270272; 0, 1, 0; 0, 1, 0; 4, 1, 1 ;
1,87; 0.0824662, -0.409638, -1.17117 / 0.0829787, -0.408644, -1.17061 / 0.0819537, -0.410631, -1.17173; 1, 11, 1, 0; 0.673455098804; 1, 0, 2; 1, 1, 0; 2, 9, 2 / 4, 1, 2 ;
1,88; 2.605, -2.4012, 2.84381 / 2.605, -2.4012, 2.84381 / 2.605, -2.4012, 2.84381; 1, 35, 1, 0; 0.662877882636; 1, 0, 1; 1, 0, 0; 2, 1, 2 ;
1,89; -1.11282, 0.136601, -3.49285 / -1.11282, 0.136601, -3.49285 / -1.11282, 0.136601, -3.49285; 1, 1, 1, 0; 0.731277730841; 1, 0, 1; 1, 0, 0; 3, 1, 2 ;
0,89; -2.104342, 0.222604, -1.463813 / -2.104342, 0.222604, -1.463813 / -2.104342, 0.222604, -1.463813; 1, 10, 1, 0; 0.053653450207; 0, 1, 0; 0, 1, 0; 4, 1, 1 ;
1,90; 3.85797, -1.05632, -1.53555 / 3.85797, -1.05632, -1.53555 / 3.85797, -1.05632, -1.53555; 1, 8, 1, 0; 0.757133545242; 1, 0, 1; 1, 0, 0; 1, 7, 0 / 2, 6, 0 / 3, 1, 2 / 3, 8, 0 ;
1,91; 0.513984, 1.90729, 1.70332 / 0.513984, 1.90729, 1.70332 / 0.513984, 1.90729, 1.70332; 1, 30, 1, 0; 0.120965560842; 1, 0, 1; 1, 0, 0; 2, 1, 2 ;
0,91; 0.517967, 1.903945, 1.706155 / 0.517967, 1.903945, 1.706155 / 0.517967, 1.903945, 1.706155; 1, 30, 1, 0; 0.120981205263; 1, 0, 1; 1, 0, 0; 2, 1, 2 ;
0,91; 2.040869, 0.007162, 3.238806 / 2.040869, 0.007162, 3.238806 / 2.040869, 0.007162, 3.238806; 1, 41, 1, 0; 0.896012880049; 1, 0, 1; 1, 0, 0; 2, 1, 2 ;
1,92; -1.66858, -0.75475, -3.67014 / -1.66858, -0.75475, -3.67014 / -1.66858, -0.75475, -3.67014; 1, 1, 1, 0; 0.803692920586; 1, 0, 1; 0, 1, 0; 1, 1, 2 ;
0,92; -3.852598, 2.153779, 1.044346 / -3.852598, 2.153779, 1.044346 / -3.852598, 2.153779, 1.044346; 1, 24, 1, 0; 0.350975526124; 1, 0, 1; 0, 1, 0; 1, 1, 2 ;
1,93; 2.73138, 3.54458, -0.501009 / 2.73162, 3.54568, -0.500576 / 2.73113, 3.54347, -0.501442; 1, 13, 1, 0; 0.665245456661; 2, 3, 1; 2, 2, 1; 1, 4, 1 / 2, 4, 1 / 3, 1, 2 / 4, 4, 1 ;
0,93; 2.727832, 3.540603, -0.502572 / 2.727832, 3.540603, -0.502572 / 2.727832, 3.540603, -0.502572; 1, 13, 1, 0; 0.665244625731; 1, 0, 1; 1, 0, 0; 3, 1, 2 ;
1,95; -2.04806, -1.57288, -0.742386 / -2.04806, -1.57288, -0.742386 / -2.04806, -1.57288, -0.742386; 1, 9, 1, 0; 0.469962509029; 1, 0, 1; 1, 0, 0; 3, 1, 2 ;
1,96; -1.51325, 3.27823, -0.19798 / -1.51325, 3.27823, -0.19798 / -1.51325, 3.27823, -0.19798; 1, 17, 1, 0; 0.242878735887; 0, 1, 0; 1, 0, 0; 3, 1, 1 ;
1,100; 0.814533, 2.41268, -2.39842 / 0.814533, 2.41268, -2.39842 / 0.814533, 2.41268, -2.39842; 1, 4, 1, 0; 0.317173954392; 1, 0, 1; 0, 1, 0; 1, 1, 2 ;
1,104; 2.96125, 0.314883, 0.747699 / 2.96125, 0.314883, 0.747699 / 2.96125, 0.314883, 0.747699; 1, 20, 1, 0; 0.881108857380; 1, 0, 1; 1, 0, 0; 2, 1, 2 ;
1,105; 2.2095, 2.3483, 2.06395 / 2.2095, 2.3483, 2.06395 / 2.2095, 2.3483, 2.06395; 1, 28, 1, 0; 0.517148428291; 0, 1, 0; 1, 0, 0; 2, 1, 1 ;
1,106; -2.66503, 0.803931, 3.69271 / -2.66477, 0.804523, 3.69317 / -2.66529, 0.80334, 3.69225; 1, 44, 1, 0; 0.956876889370; 0, 3, 0; 0, 3, 1; 1, 6, 1 / 1, 8, 1 / 4, 1, 1 / 4, 10, 0 ;
0,106; -2.666217, 0.804071, 3.692997 / -2.665295, 0.804523, 3.693170 / -2.667139, 0.803619, 3.692825; 1, 44, 1, 0; 0.956876790320; 0, 1, 0; 0, 2, 0; 3, 2, 0 / 4, 1, 1 / 4, 6, 1 ;
0,106; -2.666936, 0.816547, 3.695988 / -2.666936, 0.816547, 3.695988 / -2.666936, 0.816547, 3.695988; 1, 44, 1, 0; 0.956911972710; 1, 0, 1; 0, 1, 0; 4, 1, 2 ;
0,106; -2.344978, 0.522202, 3.701244 / -2.344978, 0.522202, 3.701244 / -2.344978, 0.522202, 3.701244; 1, 44, 1, 0; 0.931729483873; 1, 0, 1; 1, 0, 0; 3, 1, 2 ;
0,106; -2.668037, 0.832755, 3.686200 / -2.668037, 0.832755, 3.686200 / -2.668037, 0.832755, 3.686200; 1, 44, 1, 0; 0.956950285065; 1, 0, 1; 1, 0, 0; 2, 1, 2 ;
1,107; -2.96346, -0.0632574, 3.36765 / -2.96346, -0.0632574, 3.36765 / -2.96346, -0.0632574, 3.36765; 1, 41, 1, 0; 0.733506235579; 1, 0, 1; 1, 0, 0; 2, 1, 2 ;
1,108; 1.65004, -0.528084, 3.29481 / 1.65004, -0.528084, 3.29481 / 1.65004, -0.528084, 3.29481; 1, 41, 1, 0; 0.501495808873; 1, 0, 1; 1, 0, 0; 2, 1, 2 ;
1,109; 0.134544, 2.5627, -3.6235 / 0.134544, 2.5627, -3.6235 / 0.134544, 2.5627, -3.6235; 1, 2, 1, 0; 0.135419997057; 1, 0, 1; 0, 1, 0; 4, 1, 2 ;
1,110; 1.0899, 2.7205, 2.89226 / 1.0899, 2.7205, 2.89226 / 1.0899, 2.7205, 2.89226; 1, 40, 1, 0; 0.070384991356; 1, 0, 1; 1, 0, 0; 2, 1, 2 ;
1,111; -0.765892, 2.14182, 3.53967 / -0.765892, 2.14182, 3.53967 / -0.765892, 2.14182, 3.53967; 1, 45, 1, 0; 0.496139817990; 1, 0, 1; 1, 0, 0; 2, 1, 2 ;
1,112; -0.0846142, -1.29773, -1.4482 / -0.0846142, -1.29773, -1.4482 / -0.0846142, -1.29773, -1.4482; 1, 8, 1, 0; 0.719168663535; 1, 0, 1; 0, 1, 0; 4, 1, 2 ;
0,112; -0.081381, -1.298146, -1.446579 / -0.081381, -1.298146, -1.446579 / -0.081381, -1.298146, -1.446579; 1, 8, 1, 0; 0.719168597058; 1, 0, 1; 1, 0, 0; 2, 1, 2 ;
0,112; -0.081009, -1.303585, -1.449375 / -0.081009, -1.303585, -1.449375 / -0.081009, -1.303585, -1.449375; 1, 8, 1, 0; 0.719169394783; 1, 0, 1; 1, 0, 0; 2, 1, 2 ;
0,112; 2.898427, -0.333303, -0.133672 / 2.898427, -0.333303, -0.133672 / 2.898427, -0.333303, -0.133672; 1, 16, 1, 0; 0.437215018377; 1, 0, 1; 1, 0, 0; 2, 1, 2 ;
1,113; 1.33134, 2.93531, -0.657499 / 1.33134, 2.93531, -0.657499 / 1.33134, 2.93531, -0.657499; 1, 13, 1, 0; 0.280984811834; 1, 0, 1; 1, 0, 0; 3, 1, 2 ;
0,113; 2.096890, 0.558427, 1.728120 / 2.097178, 0.558551, 1.728211 / 2.096601, 0.558302, 1.728029; 1, 27, 1, 0; 0.552810317583; 2, 1, 1; 2, 0, 0; 3, 1, 1 / 3, 3, 2 ;
0,113; 2.292593, 0.047755, 2.237139 / 2.292593, 0.047755, 2.237139 / 2.292593, 0.047755, 2.237139; 1, 28, 1, 0; 0.930889726249; 1, 0, 1; 0, 1, 0; 1, 1, 2 ;
1,115; 0.984614, 2.05582, -2.02568 / 0.984614, 2.05582, -2.02568 / 0.984614, 2.05582, -2.02568; 1, 4, 1, 0; 0.768224527215; 1, 0, 1; 0, 1, 0; 1, 1, 2 ;
0,115; 1.595476, 2.679783, -2.947119 / 1.595476, 2.679783, -2.947119 / 1.595476, 2.679783, -2.947119; 1, 4, 1, 0; 0.041736811776; 1, 0, 1; 1, 0, 0; 3, 1, 2 ;
0,115; 0.978157, 2.076674, -2.025854 / 0.978157, 2.076674, -2.025854 / 0.978157, 2.076674, -2.025854; 1, 4, 1, 0; 0.768227190851; 1, 0, 1; 1, 0, 0; 3, 1, 2 ;
0,115; 0.992429, 2.080908, -2.024313 / 0.992429, 2.080908, -2.024313 / 0.992429, 2.080908, -2.024313; 1, 4, 1, 0; 0.768229012279; 1, 0, 1; 1, 0, 0; 3, 1, 2 ;
0,115; 1.253686, 1.863034, -1.750813 / 1.253686, 1.863034, -1.750813 / 1.253686, 1.863034, -1.750813; 1, 7, 1, 0; 0.056749645370; 1, 0, 1; 0, 1, 0; 1, 1, 2 ;
0,115; 1.900590, 0.520927, -0.747008 / 1.900709, 0.521060, -0.746696 / 1.900471, 0.520794, -0.747319; 1, 12, 1, 0; 0.399089760051; 2, 1, 1; 1, 1, 0; 1, 1, 1 / 2, 1, 2 ;
1,117; 3.54518, -0.70741, -0.555385 / 3.54518, -0.70741, -0.555385 / 3.54518, -0.70741, -0.555385; 1, 12, 1, 0; 0.746227650678; 0, 1, 0; 1, 0, 0; 2, 1, 1 ;
0,117; 3.163821, 0.064732, 0.716499 / 3.163821, 0.064732, 0.716499 / 3.163821, 0.064732, 0.716499; 1, 20, 1, 0; 0.918177363091; 1, 0, 1; 1, 0, 0; 3, 1, 2 ;
1,120; -3.99746, -1.09578, -0.454081 / -3.99746, -1.09578, -0.454081 / -3.99746, -1.09578, -0.454081; 1, 10, 1, 0; 0.569130343572; 1, 0, 1; 1, 0, 0; 3, 1, 2 ;
0,120; -3.565855, -1.297960, 0.916904 / -3.565855, -1.297960, 0.916904 / -3.565855, -1.297960, 0.916904; 1, 21, 1, 0; 0.302122310115; 1, 0, 1; 0, 1, 0; 1, 1, 2 ;
0,120; -3.199714, -1.174016, 1.036164 / -3.199714, -1.174016, 1.036164 / -3.199714, -1.174016, 1.036164; 1, 21, 1, 0; 0.627337013463; 1, 0, 1; 0, 1, 0; 1, 1, 2 ;
0,120; -3.198875, -1.173529, 1.038963 / -3.198875, -1.173529, 1.038963 / -3.198875, -1.173529, 1.038963; 1, 21, 1, 0; 0.627350364666; 1, 0, 1; 0, 1, 0; 4, 1, 2 ;
0,120; -3.187595, -1.167152, 1.037954 / -3.187595, -1.167152, 1.037954 / -3.187595, -1.167152, 1.037954; 1, 21, 1, 0; 0.627339159842; 0, 1, 0; 1, 0, 0; 1, 4, 0 / 3, 1, 1 ;
0,120; -3.192264, -1.169696, 1.040359 / -3.192264, -1.169696, 1.040359 / -3.192264, -1.169696, 1.040359; 1, 21, 1, 0; 0.627351565183; 1, 0, 1; 1, 0, 0; 2, 1, 2 / 3, 7, 0 ;
0,120; -3.186573, -1.167248, 1.041568 / -3.186573, -1.167248, 1.041568 / -3.186573, -1.167248, 1.041568; 1, 21, 1, 0; 0.627352554700; 1, 0, 1; 1, 0, 0; 2, 1, 2 ;
0,120; -3.437014, -1.421905, 1.412731 / -3.437014, -1.421905, 1.412731 / -3.437014, -1.421905, 1.412731; 1, 21, 1, 0; 0.993076633722; 1, 0, 1; 1, 0, 0; 3, 1, 2 ;
1,121; 0.262919, 2.2631, -2.86891 / 0.262919, 2.2631, -2.86891 / 0.262919, 2.2631, -2.86891; 1, 2, 1, 0; 0.757967279110; 1, 0, 1; 1, 0, 0; 2, 1, 2 ;
0,121; 0.234970, 2.299413, -2.953120 / 0.234970, 2.299413, -2.953120 / 0.234970, 2.299413, -2.953120; 1, 2, 1, 0; 0.758044550500; 1, 0, 1; 1, 0, 0; 2, 1, 2 ;
0,121; 0.483201, 1.533439, -1.718573 / 0.483201, 1.533439, -1.718573 / 0.483201, 1.533439, -1.718573; 1, 7, 1, 0; 0.017263011861; 0, 1, 0; 0, 1, 0; 1, 1, 1 ;
0,121; 0.473026, 1.522907, -1.718016 / 0.473026, 1.522907, -1.718016 / 0.473026, 1.522907, -1.718016; 1, 7, 1, 0; 0.017274215801; 0, 1, 0; 0, 1, 0; 1, 1, 1 ;
0,121; 0.469470, 1.522256, -1.719609 / 0.469470, 1.522256, -1.719609 / 0.469470, 1.522256, -1.719609; 1, 7, 1, 0; 0.017274307846; 1, 0, 1; 0, 1, 0; 1, 1, 2 ;
0,121; 0.901570, 0.298635, -1.376176 / 0.901570, 0.298635, -1.376176 / 0.901570, 0.298635, -1.376176; 1, 11, 1, 0; 0.405260913747; 1, 0, 1; 0, 1, 0; 1, 1, 2 ;
0,121; 0.894529, 0.299194, -1.367940 / 0.894529, 0.299194, -1.367940 / 0.894529, 0.299194, -1.367940; 1, 11, 1, 0; 0.405270675126; 1, 0, 1; 1, 0, 0; 2, 1, 2 ;
0,121; 0.900258, 0.303155, -1.372713 / 0.900258, 0.303155, -1.372713 / 0.900258, 0.303155, -1.372713; 1, 11, 1, 0; 0.405271613500; 0, 1, 0; 1, 0, 0; 2, 1, 1 ;
0,121; 1.336987, 1.337688, -0.178843 / 1.336987, 1.337688, -0.178843 / 1.336987, 1.337688, -0.178843; 1, 13, 1, 0; 0.842420646205; 1, 0, 1; 1, 0, 0; 2, 1, 2 / 4, 7, 0 ;
0,121; 1.331537, 1.338836, -0.169229 / 1.331537, 1.338836, -0.169229 / 1.331537, 1.338836, -0.169229; 1, 13, 1, 0; 0.842430586587; 1, 0, 1; 1, 0, 0; 2, 1, 2 ;
1,122; 3.03654, -2.53855, -0.182624 / 3.03654, -2.53855, -0.182624 / 3.03654, -2.53855, -0.182624; 1, 15, 1, 0; 0.413357288854; 1, 0, 1; 1, 0, 0; 3, 1, 2 ;
1,123; 0.490275, 3.72344, 0.461485 / 0.490275, 3.72344, 0.461485 / 0.490275, 3.72344, 0.461485; 1, 25, 1, 0; 0.262725789722; 0, 1, 0; 1, 0, 0; 2, 1, 1 ;
1,125; 1.52097, -0.795181, -2.90167 / 1.52097, -0.795181, -2.90167 / 1.52097, -0.795181, -2.90167; 1, 2, 1, 0; 0.496243845502; 1, 0, 1; 1, 0, 0; 3, 1, 2 ;
0,125; 1.604106, 0.042265, -2.902221 / 1.604106, 0.042265, -2.902221 / 1.604106, 0.042265, -2.902221; 1, 3, 1, 0; 0.286080013862; 1, 0, 1; 1, 0, 0; 2, 1, 2 ;
0,125; 1.605548, 0.094596, -2.893444 / 1.605548, 0.094596, -2.893444 / 1.605548, 0.094596, -2.893444; 1, 3, 1, 0; 0.286087392256; 1, 0, 1; 1, 0, 0; 3, 1, 2 / 3, 4, 0 / 3, 9, 0 ;
0,125; 1.602951, 0.105607, -2.894485 / 1.602951, 0.105607, -2.894485 / 1.602951, 0.105607, -2.894485; 1, 3, 1, 0; 0.286094162163; 1, 0, 1; 1, 0, 0; 3, 1, 2 ;
1,126; 0.179066, -1.63102, -4.26124 / 0.179459, -1.63045, -4.26107 / 0.178673, -1.63159, -4.26142; 1, 1, 1, 0; 0.296028529027; 2, 2, 1; 2, 1, 0; 2, 4, 2 / 2, 5, 1 / 4, 1, 1 ;
0,126; 0.532017, -1.174890, -4.143656 / 0.532201, -1.174730, -4.143614 / 0.531833, -1.175050, -4.143699; 1, 1, 1, 0; 0.263899183303; 2, 1, 1; 1, 1, 0; 1, 1, 1 / 2, 2, 2 ;
0,126; 0.178520, -1.634130, -4.259132 / 0.178520, -1.634130, -4.259132 / 0.178520, -1.634130, -4.259132; 1, 1, 1, 0; 0.296029027399; 1, 0, 1; 1, 0, 0; 2, 1, 2 ;
0,126; 1.333248, -0.161303, -3.779991 / 1.333248, -0.161303, -3.779991 / 1.333248, -0.161303, -3.779991; 1, 1, 1, 0; 0.459086068842; 0, 1, 0; 1, 0, 0; 2, 1, 1 ;
0,126; 1.330855, -0.157737, -3.783752 / 1.330855, -0.157737, -3.783752 / 1.330855, -0.157737, -3.783752; 1, 1, 1, 0; 0.459092872015; 1, 0, 1; 1, 0, 0; 2, 1, 2 ;
1,128; 2.97925, 1.42297, -1.41212 / 2.97925, 1.42297, -1.41212 / 2.97925, 1.42297, -1.41212; 1, 11, 1, 0; 0.257354529142; 1, 0, 1; 1, 0, 0; 2, 1, 2 ;
0,128; 2.224952, 1.383584, 0.224675 / 2.225038, 1.383660, 0.225086 / 2.224866, 1.383509, 0.224265; 1, 20, 1, 0; 0.363127937684; 2, 1, 1; 1, 1, 0; 1, 2, 1 / 2, 1, 2 / 4, 9, 0 ;
0,128; 2.220637, 1.384707, 0.223818 / 2.220637, 1.384707, 0.223818 / 2.220637, 1.384707, 0.223818; 1, 20, 1, 0; 0.363128856049; 0, 1, 0; 0, 1, 0; 4, 1, 1 / 4, 7, 0 ;
0,128; 2.220756, 1.388919, 0.224091 / 2.220756, 1.388919, 0.224091 / 2.220756, 1.388919, 0.224091; 1, 20, 1, 0; 0.363128971749; 1, 0, 1; 1, 0, 0; 3, 1, 2 ;
1,130; -1.10533, -2.9776, 1.11769 / -1.10533, -2.9776, 1.11769 / -1.10533, -2.9776, 1.11769; 1, 23, 1, 0; 0.334894812141; 1, 0, 1; 1, 0, 0; 2, 1, 2 ;
1,131; 2.27869, 0.356751, 3.45213 / 2.27869, 0.356751, 3.45213 / 2.27869, 0.356751, 3.45213; 1, 44, 1, 0; 0.800950915019; 1, 0, 1; 1, 0, 0; 2, 1, 2 ;
1,134; 0.662709, 0.13026, 1.13302 / 0.662709, 0.13026, 1.13302 / 0.662709, 0.13026, 1.13302; 1, 23, 1, 0; 0.496467420141; 1, 0, 1; 0, 1, 0; 1, 1, 2 ;
1,135; 4.08482, -0.82239, 0.522293 / 4.08482, -0.82239, 0.522293 / 4.08482, -0.82239, 0.522293; 1, 19, 1, 0; 0.531797277011; 0, 0, 0; 1, 0, 0; 3, 1, 3 / 3, 8, 0 ;
0,135; 4.085258, -0.819787, 0.522989 / 4.085258, -0.819787, 0.522989 / 4.085258, -0.819787, 0.522989; 1, 19, 1, 0; 0.531797356554; 1, 0, 1; 1, 0, 0; 2, 1, 2 ;
1,137; -1.36334, 0.423335, -1.72885 / -1.36334, 0.423335, -1.72885 / -1.36334, 0.423335, -1.72885; 1, 6, 1, 0; 0.750130900675; 1, 0, 1; 0, 1, 0; 4, 1, 2 ;
0,137; 1.118932, 0.981802, -1.790628 / 1.118932, 0.981802, -1.790628 / 1.118932, 0.981802, -1.790628; 1, 11, 1, 0; 0.107491337206; 1, 0, 1; 1, 0, 0; 3, 1, 2 ;
1,138; -3.27257, -1.31427, 2.16008 / -3.27237, -1.31384, 2.16062 / -3.27276, -1.31471, 2.15954; 1, 30, 1, 0; 0.412744514711; 0, 3, 0; 3, 1, 0; 1, 2, 3 / 2, 1, 1 / 3, 4, 1 / 3, 6, 1 ;
0,138; -3.268960, -1.282357, 1.939289 / -3.268960, -1.282357, 1.939289 / -3.268960, -1.282357, 1.939289; 1, 30, 1, 0; 0.411440874607; 0, 1, 0; 0, 1, 0; 1, 1, 1 ;
0,138; -3.258557, -1.321431, 2.156907 / -3.258557, -1.321431, 2.156907 / -3.258557, -1.321431, 2.156907; 1, 30, 1, 0; 0.412724954314; 0, 1, 0; 0, 1, 0; 2, 1, 0 / 4, 1, 1 ;
0,138; -3.269814, -1.317696, 2.158843 / -3.269814, -1.317696, 2.158843 / -3.269814, -1.317696, 2.158843; 1, 30, 1, 0; 0.412726493429; 1, 0, 1; 0, 1, 0; 1, 2, 0 / 4, 1, 2 ;
0,138; -3.268506, -1.281485, 1.941991 / -3.268506, -1.281485, 1.941991 / -3.268506, -1.281485, 1.941991; 1, 30, 1, 0; 0.411441049949; 1, 0, 1; 1, 0, 0; 3, 1, 2 ;
0,138; -3.264546, -1.320046, 2.153316 / -3.264546, -1.320046, 2.153316 / -3.264546, -1.320046, 2.153316; 1, 30, 1, 0; 0.412724681559; 1, 0, 1; 1, 0, 0; 3, 1, 2 ;
0,138; -3.263025, -1.316756, 2.152353 / -3.263025, -1.316756, 2.152353 / -3.263025, -1.316756, 2.152353; 1, 30, 1, 0; 0.412741728718; 1, 0, 1; 1, 0, 0; 3, 1, 2 ;
1,141; -3.88033, -0.574111, 0.0657868 / -3.88033, -0.574111, 0.0657868 / -3.88033, -0.574111, 0.0657868; 1, 14, 1, 0; 0.917242574873; 1, 0, 1; 1, 0, 0; 2, 1, 2 ;
0,141; -1.417259, -2.210716, 0.390367 / -1.417259, -2.210716, 0.390367 / -1.417259, -2.210716, 0.390367; 1, 18, 1, 0; 0.386297625325; 1, 0, 1; 1, 0, 0; 3, 1, 2 ;
1,142; 0.706307, -1.3562, -4.30984 / 0.706307, -1.3562, -4.30984 / 0.706307, -1.3562, -4.30984; 1, 1, 1, 0; 0.275262665768; 0, 1, 0; 1, 0, 0; 3, 1, 1 ;
0,142; -0.797796, -2.249880, 0.058214 / -0.797796, -2.249880, 0.058214 / -0.797796, -2.249880, 0.058214; 1, 15, 1, 0; 0.731390150176; 0, 1, 0; 1, 0, 0; 3, 1, 1 ;
0,142; -0.797887, -2.258561, 0.069526 / -0.797887, -2.258561, 0.069526 / -0.797887, -2.258561, 0.069526; 1, 15, 1, 0; 0.731392996443; 1, 0, 1; 1, 0, 0; 2, 1, 2 ;
1,143; 2.72693, 2.40886, -1.35055 / 2.72693, 2.40886, -1.35055 / 2.72693, 2.40886, -1.35055; 1, 11, 1, 0; 0.219725891799; 0, 1, 0; 1, 0, 0; 3, 1, 1 / 4, 1, 0 ;
0,143; 2.576877, 2.326939, -1.295896 / 2.576877, 2.326939, -1.295896 / 2.576877, 2.326939, -1.295896; 1, 11, 1, 0; 0.219951936941; 1, 0, 1; 1, 0, 0; 2, 1, 2 ;
0,143; 1.982055, 1.973183, -1.054376 / 1.982055, 1.973183, -1.054376 / 1.982055, 1.973183, -1.054376; 1, 11, 1, 0; 0.912213269524; 1, 0, 1; 1, 0, 0; 3, 1, 2 ;
0,143; -2.962905, -0.812660, 0.814115 / -2.962905, -0.812660, 0.814115 / -2.962905, -0.812660, 0.814115; 1, 21, 1, 0; 0.357517753098; 1, 0, 1; 1, 0, 0; 2, 1, 2 ;
1,144; 1.32436, 0.197038, 0.263066 / 1.32436, 0.197038, 0.263066 / 1.32436, 0.197038, 0.263066; 1, 16, 1, 0; 0.669416428250; 0, 1, 0; 0, 1, 0; 1, 1, 1 ;
0,144; 3.813870, 1.170223, 1.406795 / 3.813870, 1.170223, 1.406795 / 3.813870, 1.170223, 1.406795; 1, 27, 1, 0; 0.365584547015; 1, 0, 1; 1, 0, 0; 3, 1, 2 ;
1,145; -1.72936, -1.86392, 0.162651 / -1.72918, -1.86345, 0.163315 / -1.72954, -1.86438, 0.161988; 1, 16, 1, 0; 0.925841852042; 2, 1, 2; 1, 2, 1; 1, 6, 2 / 3, 7, 2 / 4, 1, 1 ;
0,145; -1.719179, -1.946513, 0.063248 / -1.719179, -1.946513, 0.063248 / -1.719179, -1.946513, 0.063248; 1, 16, 1, 0; 0.924562049955; 0, 1, 0; 0, 1, 0; 1, 1, 1 / 1, 2, 0 ;
0,145; -1.726035, -1.913838, 0.106495 / -1.726035, -1.913838, 0.106495 / -1.726035, -1.913838, 0.106495; 1, 16, 1, 0; 0.924915308495; 0, 1, 0; 0, 1, 0; 4, 1, 1 ;
0,145; -1.723172, -1.915457, 0.104015 / -1.722622, -1.915207, 0.104620 / -1.723722, -1.915707, 0.103411; 1, 16, 1, 0; 0.924903735909; 1, 0, 2; 2, 0, 0; 2, 8, 2 / 3, 1, 2 ;
0,145; -1.723353, -1.915866, 0.104991 / -1.722983, -1.915707, 0.105362 / -1.723722, -1.916025, 0.104620; 1, 16, 1, 0; 0.924903782789; 0, 1, 0; 2, 0, 0; 2, 1, 2 / 3, 4, 1 ;
0,145; -1.728615, -1.919133, 0.107605 / -1.728615, -1.919133, 0.107605 / -1.728615, -1.919133, 0.107605; 1, 16, 1, 0; 0.924916112147; 1, 0, 1; 1, 0, 0; 2, 1, 2 ;
1,146; -2.75353, 2.64476, 1.0301 / -2.75353, 2.64476, 1.0301 / -2.75353, 2.64476, 1.0301; 1, 24, 1, 0; 0.401534402209; 1, 0, 1; 1, 0, 0; 2, 1, 2 ;
1,149; 3.02299, 1.66581, -0.803296 / 3.02299, 1.66581, -0.803296 / 3.02299, 1.66581, -0.803296; 1, 12, 1, 0; 0.302903369220; 1, 0, 1; 1, 0, 0; 2, 1, 2 ;
0,149; 1.666001, 4.034827, -0.305579 / 1.666618, 4.034877, -0.305540 / 1.665384, 4.034777, -0.305618; 1, 20, 1, 0; 0.138618380900; 1, 0, 1; 2, 0, 0; 2, 1, 2 / 3, 6, 3 ;
1,150; 0.130807, 3.10982, -0.917725 / 0.130807, 3.10982, -0.917725 / 0.130807, 3.10982, -0.917725; 1, 13, 1, 0; 0.251136502684; 1, 0, 1; 1, 0, 0; 2, 1, 2 ;
0,150; -0.954591, 3.695265, 2.024094 / -0.954591, 3.695265, 2.024094 / -0.954591, 3.695265, 2.024094; 1, 29, 1, 0; 0.586641203081; 1, 0, 1; 0, 1, 0; 4, 1, 2 ;
0,150; -0.811709, 3.566996, 1.519934 / -0.811709, 3.566996, 1.519934 / -0.811709, 3.566996, 1.519934; 1, 29, 1, 0; 0.094463491804; 1, 0, 1; 1, 0, 0; 2, 1, 2 ;
1,151; 0.663608, -2.86524, 1.68603 / 0.663608, -2.86524, 1.68603 / 0.663608, -2.86524, 1.68603; 1, 22, 1, 0; 0.828435580992; 1, 0, 1; 1, 0, 0; 3, 1, 2 ;
1,152; -0.499868, -2.02418, -3.53108 / -0.499868, -2.02418, -3.53108 / -0.499868, -2.02418, -3.53108; 1, 1, 1, 0; 0.914142479804; 1, 0, 1; 1, 0, 0; 3, 1, 2 ;
0,152; -0.502622, -2.026749, -3.473568 / -0.502622, -2.026749, -3.473568 / -0.502622, -2.026749, -3.473568; 1, 1, 1, 0; 0.914177575476; 1, 0, 1; 1, 0, 0; 2, 1, 2 ;
0,152; -0.742664, -2.284617, -1.185911 / -0.742664, -2.284617, -1.185911 / -0.742664, -2.284617, -1.185911; 1, 8, 1, 0; 0.796104434429; 1, 0, 1; 0, 1, 0; 1, 1, 2 ;
0,152; -0.704266, -2.255468, -1.441804 / -0.704266, -2.255468, -1.441804 / -0.704266, -2.255468, -1.441804; 1, 8, 1, 0; 0.586709431867; 1, 0, 1; 1, 0, 0; 2, 1, 2 ;
0,152; -0.971534, -2.373925, -0.117815 / -0.971534, -2.373925, -0.117815 / -0.971534, -2.373925, -0.117815; 1, 16, 1, 0; 0.271988348388; 1, 0, 1; 1, 0, 0; 2, 1, 2 ;
0,152; -0.978563, -2.375654, -0.102719 / -0.978563, -2.375654, -0.102719 / -0.978563, -2.375654, -0.102719; 1, 16, 1, 0; 0.271999780335; 1, 0, 1; 1, 0, 0; 3, 1, 2 ;
0,152; -1.047987, -2.382977, 0.101338 / -1.047987, -2.382977, 0.101338 / -1.047987, -2.382977, 0.101338; 1, 16, 1, 0; 0.933784061442; 1, 0, 1; 1, 0, 0; 3, 1, 2 ;
0,152; -1.140513, -2.364828, 0.442379 / -1.140513, -2.364828, 0.442379 / -1.140513, -2.364828, 0.442379; 1, 18, 1, 0; 0.389487660727; 0, 1, 0; 0, 1, 0; 4, 1, 1 ;
0,152; -1.459959, -2.291060, 3.051643 / -1.459959, -2.291060, 3.051643 / -1.459959, -2.291060, 3.051643; 1, 35, 1, 0; 0.735684618813; 1, 0, 1; 0, 1, 0; 1, 1, 2 ;
1,153; -1.6399, -1.34388, -0.435477 / -1.63968, -1.34321, -0.434932 / -1.64012, -1.34455, -0.436022; 1, 10, 1, 0; 0.544724246180; 1, 0, 2; 1, 1, 0; 1, 6, 2 / 2, 1, 2 ;
0,153; 0.970181, -2.117770, -0.477912 / 0.970181, -2.117770, -0.477912 / 0.970181, -2.117770, -0.477912; 1, 12, 1, 0; 0.653739403240; 1, 0, 1; 1, 0, 0; 3, 1, 2 ;
0,153; 0.968865, -2.114786, -0.478393 / 0.968865, -2.114786, -0.478393 / 0.968865, -2.114786, -0.478393; 1, 12, 1, 0; 0.653740107020; 1, 0, 1; 1, 0, 0; 3, 1, 2 ;
0,153; 0.795988, -1.995168, -0.467219 / 0.795988, -1.995168, -0.467219 / 0.795988, -1.995168, -0.467219; 1, 15, 1, 0; 0.091010203699; 0, 1, 0; 0, 1, 0; 1, 1, 1 ;
0,153; 0.569753, -1.918009, -0.482306 / 0.569753, -1.918009, -0.482306 / 0.569753, -1.918009, -0.482306; 1, 15, 1, 0; 0.095185482834; 0, 1, 0; 0, 1, 0; 4, 1, 1 ;
0,153; 0.565983, -1.920376, -0.483194 / 0.565983, -1.920376, -0.483194 / 0.565983, -1.920376, -0.483194; 1, 15, 1, 0; 0.095186561067; 1, 0, 1; 0, 1, 0; 4, 1, 2 ;
0,153; -0.622142, -1.573503, -0.422515 / -0.622142, -1.573503, -0.422515 / -0.622142, -1.573503, -0.422515; 1, 15, 1, 0; 0.076641686490; 1, 0, 1; 1, 0, 0; 3, 1, 2 ;
0,153; 0.562700, -1.927010, -0.478845 / 0.562700, -1.927010, -0.478845 / 0.562700, -1.927010, -0.478845; 1, 15, 1, 0; 0.095186902619; 0, 1, 0; 1, 0, 0; 2, 1, 1 ;
0,153; 0.560267, -1.928737, -0.479705 / 0.560267, -1.928737, -0.479705 / 0.560267, -1.928737, -0.479705; 1, 15, 1, 0; 0.095187759847; 1, 0, 1; 1, 0, 0; 2, 1, 2 ;
0,153; 0.572824, -1.918578, -0.475974 / 0.572824, -1.918578, -0.475974 / 0.572824, -1.918578, -0.475974; 1, 15, 1, 0; 0.095197236241; 1, 0, 1; 1, 0, 0; 2, 1, 2 ;
0,153; 1.948575, -2.726087, -0.548508 / 1.948575, -2.726087, -0.548508 / 1.948575, -2.726087, -0.548508; 1, 15, 1, 0; 0.140114011401; 1, 0, 1; 1, 0, 0; 3, 1, 2 ;
0,153; -1.157673, -1.445764, -0.475037 / -1.157416, -1.445329, -0.474444 / -1.157931, -1.446198, -0.475629; 1, 16, 1, 0; 0.246164953549; 2, 1, 1; 1, 1, 0; 3, 3, 2 / 4, 1, 1 ;
0,153; -1.144530, -1.440495, -0.480769 / -1.144530, -1.440495, -0.480769 / -1.144530, -1.440495, -0.480769; 1, 16, 1, 0; 0.246167230562; 0, 1, 0; 0, 1, 0; 1, 1, 1 ;
0,153; -1.155828, -1.444270, -0.474123 / -1.155828, -1.444270, -0.474123 / -1.155828, -1.444270, -0.474123; 1, 16, 1, 0; 0.246165723715; 1, 0, 1; 1, 0, 0; 3, 1, 2 / 4, 7, 0 ;
0,153; -1.145053, -1.443529, -0.472085 / -1.145053, -1.443529, -0.472085 / -1.145053, -1.443529, -0.472085; 1, 16, 1, 0; 0.246166761765; 1, 0, 1; 1, 0, 0; 3, 1, 2 ;
0,153; -1.138455, -1.446988, -0.471548 / -1.138455, -1.446988, -0.471548 / -1.138455, -1.446988, -0.471548; 1, 16, 1, 0; 0.246168690530; 1, 0, 1; 1, 0, 0; 2, 1, 2 ;
0,153; 0.380559, -2.249504, 0.467137 / 0.380559, -2.249504, 0.467137 / 0.380559, -2.249504, 0.467137; 1, 18, 1, 0; 0.403604801520; 1, 0, 1; 1, 0, 0; 3, 1, 2 ;
0,153; 0.379603, -2.250138, 0.478520 / 0.379603, -2.250138, 0.478520 / 0.379603, -2.250138, 0.478520; 1, 18, 1, 0; 0.403617362582; 1, 0, 1; 1, 0, 0; 3, 1, 2 ;
0,153; 0.381592, -2.251853, 0.480674 / 0.381592, -2.251853, 0.480674 / 0.381592, -2.251853, 0.480674; 1, 18, 1, 0; 0.403618136750; 1, 0, 1; 1, 0, 0; 3, 1, 2 ;
1,157; 2.23409, -3.37872, 1.57361 / 2.23409, -3.37872, 1.57361 / 2.23409, -3.37872, 1.57361; 1, 22, 1, 0; 0.778421182065; 1, 0, 1; 0, 1, 0; 4, 1, 2 ;
1,158; 3.01444, -2.40893, 2.0165 / 3.01444, -2.40893, 2.0165 / 3.01444, -2.40893, 2.0165; 1, 33, 1, 0; 0.112569006334; 1, 0, 1; 1, 0, 0; 2, 1, 2 ;
1,159; -1.57519, -0.181895, -1.34103 / -1.57519, -0.181895, -1.34103 / -1.57519, -0.181895, -1.34103; 1, 6, 1, 0; 0.982879805058; 1, 0, 1; 1, 0, 0; 2, 1, 2 ;
0,159; -1.573654, -0.175797, -1.340020 / -1.573654, -0.175797, -1.340020 / -1.573654, -0.175797, -1.340020; 1, 6, 1, 0; 0.982880633326; 1, 0, 1; 1, 0, 0; 2, 1, 2 ;
0,159; -1.851816, 0.048330, -1.364869 / -1.851816, 0.048330, -1.364869 / -1.851816, 0.048330, -1.364869; 1, 10, 1, 0; 0.050710603662; 0, 1, 0; 1, 0, 0; 3, 1, 1 ;
0,159; -3.953122, 1.978695, -1.319445 / -3.953122, 1.978695, -1.319445 / -3.953122, 1.978695, -1.319445; 1, 14, 1, 0; 0.029689312273; 0, 1, 0; 1, 0, 0; 3, 1, 1 ;
1,160; 0.559462, 0.386, 1.99267 / 0.559462, 0.386, 1.99267 / 0.559462, 0.386, 1.99267; 1, 30, 1, 0; 0.767439682280; 1, 0, 1; 1, 0, 0; 3, 1, 2 ;
1,161; 0.164405, 3.66278, -1.43663 / 0.164405, 3.66278, -1.43663 / 0.164405, 3.66278, -1.43663; 1, 7, 1, 0; 0.255005067597; 1, 0, 1; 1, 0, 0; 2, 1, 2 ;
0,161; 1.424409, -2.608013, -0.195947 / 1.424409, -2.608013, -0.195947 / 1.424409, -2.608013, -0.195947; 1, 15, 1, 0; 0.426198653347; 1, 0, 1; 1, 0, 0; 3, 1, 2 ;
1,162; -3.22067, 1.40872, -2.65916 / -3.22067, 1.40872, -2.65916 / -3.22067, 1.40872, -2.65916; 1, 6, 1, 0; 0.033319811488; 1, 0, 1; 0, 1, 0; 1, 1, 2 ;
0,162; -3.332344, 1.461109, -2.628251 / -3.332344, 1.461109, -2.628251 / -3.332344, 1.461109, -2.628251; 1, 6, 1, 0; 0.034133984382; 0, 1, 0; 0, 1, 0; 4, 1, 1 ;
0,162; -2.856742, 1.324500, -2.335679 / -2.856742, 1.324500, -2.335679 / -2.856742, 1.324500, -2.335679; 1, 6, 1, 0; 0.221873395537; 1, 0, 1; 0, 1, 0; 4, 1, 2 ;
0,162; -3.214414, 1.410878, -2.678163 / -3.214414, 1.410878, -2.678163 / -3.214414, 1.410878, -2.678163; 1, 6, 1, 0; 0.033310024201; 0, 0, 0; 1, 0, 0; 2, 1, 3 ;
0,162; -3.223057, 1.400084, -2.656227 / -3.223057, 1.400084, -2.656227 / -3.223057, 1.400084, -2.656227; 1, 6, 1, 0; 0.033320051637; 1, 0, 1; 1, 0, 0; 3, 1, 2 ;
0,162; -3.223983, 1.404976, -2.651543 / -3.223983, 1.404976, -2.651543 / -3.223983, 1.404976, -2.651543; 1, 6, 1, 0; 0.033329064567; 1, 0, 1; 1, 0, 0; 3, 1, 2 ;
0,162; -3.225083, 1.408225, -2.647273 / -3.225083, 1.408225, -2.647273 / -3.225083, 1.408225, -2.647273; 1, 6, 1, 0; 0.033329182191; 1, 0, 1; 1, 0, 0; 3, 1, 2 / 4, 1, 0 ;
1,164; -1.29113, -1.75186, 1.74471 / -1.29113, -1.75186, 1.74471 / -1.29113, -1.75186, 1.74471; 1, 30, 1, 0; 0.288179100378; 0, 1, 0; 1, 0, 0; 2, 1, 1 ;
0,164; -0.128337, 0.165582, 3.506411 / -0.128337, 0.165582, 3.506411 / -0.128337, 0.165582, 3.506411; 1, 44, 1, 0; 0.689230721992; 1, 0, 1; 0, 1, 0; 1, 1, 2 ;
0,164; -0.133239, 0.166803, 3.507201 / -0.133239, 0.166803, 3.507201 / -0.133239, 0.166803, 3.507201; 1, 44, 1, 0; 0.689233039751; 0, 0, 0; 0, 1, 0; 1, 1, 3 ;
1,166; -2.94269, -0.361999, -1.4635 / -2.94269, -0.361999, -1.4635 / -2.94269, -0.361999, -1.4635; 1, 6, 1, 0; 0.965820750029; 1, 0, 1; 0, 1, 0; 1, 1, 2 ;
0,166; -1.688789, 1.675528, -0.785100 / -1.688789, 1.675528, -0.785100 / -1.688789, 1.675528, -0.785100; 1, 7, 1, 0; 0.949718433882; 1, 0, 1; 1, 0, 0; 2, 1, 2 ;
1,168; 0.368802, 0.0272438, 0.00506094 / 0.368802, 0.0272438, 0.00506094 / 0.368802, 0.0272438, 0.00506094; 1, 16, 1, 0; 0.676736403551; 1, 0, 1; 1, 0, 0; 3, 1, 2 ;
1,170; 3.84744, 2.38802, 0.0474443 / 3.84744, 2.38802, 0.0474443 / 3.84744, 2.38802, 0.0474443; 1, 20, 1, 0; 0.280517126428; 1, 0, 1; 1, 0, 0; 3, 1, 2 / 4, 2, 0 ;
0,170; 2.840621, 2.397434, 0.487048 / 2.840621, 2.397434, 0.487048 / 2.840621, 2.397434, 0.487048; 1, 20, 1, 0; 0.473700035867; 1, 0, 1; 1, 0, 0; 2, 1, 2 ;
0,170; 0.761911, 3.306827, 1.305237 / 0.761911, 3.306827, 1.305237 / 0.761911, 3.306827, 1.305237; 1, 30, 1, 0; 0.055562614703; 1, 0, 1; 0, 1, 0; 1, 1, 2 ;
0,170; 0.783361, 3.300265, 1.296572 / 0.783361, 3.300265, 1.296572 / 0.783361, 3.300265, 1.296572; 1, 30, 1, 0; 0.055530731645; 0, 1, 0; 1, 0, 0; 2, 1, 1 ;
0,170; 0.759570, 3.307721, 1.302156 / 0.759570, 3.307721, 1.302156 / 0.759570, 3.307721, 1.302156; 1, 30, 1, 0; 0.055562838751; 1, 0, 1; 1, 0, 0; 3, 1, 2 ;
1,172; -3.32192, -2.22012, -1.10127 / -3.32192, -2.22012, -1.10127 / -3.32192, -2.22012, -1.10127; 1, 9, 1, 0; 0.366005530107; 1, 0, 1; 1, 0, 0; 3, 1, 2 ;
0,172; -3.468060, -2.209786, -0.443804 / -3.468060, -2.209786, -0.443804 / -3.468060, -2.209786, -0.443804; 1, 9, 1, 0; 0.994312634900; 1, 0, 1; 1, 0, 0; 3, 1, 2 ;
1,173; 1.07813, -1.83985, -2.47045 / 1.07813, -1.83985, -2.47045 / 1.07813, -1.83985, -2.47045; 1, 3, 1, 0; 0.887489319262; 1, 0, 1; 1, 0, 0; 3, 1, 2 ;
1,174; -1.14614, 0.236332, 2.01792 / -1.14614, 0.236332, 2.01792 / -1.14614, 0.236332, 2.01792; 1, 30, 1, 0; 0.733826454074; 1, 0, 1; 1, 0, 0; 3, 1, 2 ;
0,174; -1.762842, 0.856146, 2.646935 / -1.762260, 0.856409, 2.647462 / -1.763423, 0.855883, 2.646409; 1, 37, 1, 0; 0.640194560272; 2, 2, 1; 1, 2, 1; 1, 6, 1 / 3, 1, 1 / 3, 2, 0 / 4, 2, 2 ;
0,174; -1.761993, 0.855479, 2.648044 / -1.761008, 0.856309, 2.648691 / -1.762977, 0.854650, 2.647397; 1, 37, 1, 0; 0.640194453119; 0, 1, 0; 2, 1, 0; 2, 1, 1 / 2, 5, 0 / 3, 8, 1 / 3, 9, 0 / 4, 9, 2 ;
0,174; -1.767041, 0.857536, 2.646874 / -1.767041, 0.857536, 2.646874 / -1.767041, 0.857536, 2.646874; 1, 37, 1, 0; 0.640196764574; 1, 0, 1; 1, 0, 0; 3, 1, 2 ;
1,177; -3.23107, 0.326253, 1.36527 / -3.23107, 0.326253, 1.36527 / -3.23107, 0.326253, 1.36527; 1, 23, 1, 0; 0.627718220098; 1, 0, 1; 1, 0, 0; 2, 1, 2 ;
0,177; -1.640819, 0.970299, 1.019360 / -1.640819, 0.970299, 1.019360 / -1.640819, 0.970299, 1.019360; 1, 25, 1, 0; 0.771824833912; 1, 0, 1; 0, 1, 0; 4, 1, 2 ;
0,177; -1.635735, 0.973067, 1.023008 / -1.635735, 0.973067, 1.023008 / -1.635735, 0.973067, 1.023008; 1, 25, 1, 0; 0.771838540997; 1, 0, 1; 1, 0, 0; 3, 1, 2 ;
0,177; -1.637270, 0.974011, 1.023119 / -1.637270, 0.974011, 1.023119 / -1.637270, 0.974011, 1.023119; 1, 25, 1, 0; 0.771838635292; 1, 0, 1; 1, 0, 0; 1, 2, 0 / 2, 1, 2 ;
0,177; -1.640107, 0.974703, 1.023002 / -1.640107, 0.974703, 1.023002 / -1.640107, 0.974703, 1.023002; 1, 25, 1, 0; 0.771839715400; 1, 0, 1; 1, 0, 0; 2, 1, 2 ;
0,177; -1.639876, 0.974126, 1.035893 / -1.639876, 0.974126, 1.035893 / -1.639876, 0.974126, 1.035893; 1, 25, 1, 0; 0.771855085509; 1, 0, 1; 1, 0, 0; 3, 1, 2 / 4, 2, 0 ;
0,177; -1.647960, 0.986087, 1.043789 / -1.647960, 0.986087, 1.043789 / -1.647960, 0.986087, 1.043789; 1, 25, 1, 0; 0.771859337362; 0, 1, 0; 1, 0, 0; 3, 1, 1 ;
0,177; 1.950610, 3.357041, 1.362692 / 1.950610, 3.357041, 1.362692 / 1.950610, 3.357041, 1.362692; 1, 28, 1, 0; 0.056934505393; 1, 0, 1; 0, 1, 0; 4, 1, 2 ;
1,178; -0.861324, 0.523953, -1.68815 / -0.861324, 0.523953, -1.68815 / -0.861324, 0.523953, -1.68815; 1, 11, 1, 0; 0.054425091434; 0, 1, 0; 0, 1, 0; 1, 1, 1 ;
0,178; 0.405828, 0.864691, -1.013463 / 0.405828, 0.864691, -1.013463 / 0.405828, 0.864691, -1.013463; 1, 11, 1, 0; 0.817006569762; 1, 0, 1; 1, 0, 0; 3, 1, 2 ;
0,178; 0.400918, 0.863907, -1.010135 / 0.400918, 0.863907, -1.010135 / 0.400918, 0.863907, -1.010135; 1, 11, 1, 0; 0.817007347926; 1, 0, 1; 1, 0, 0; 3, 1, 2 / 4, 1, 0 / 4, 3, 0 ;
1,179; 2.09576, 0.711747, -1.73413 / 2.09623, 0.712075, -1.73389 / 2.09529, 0.711419, -1.73437; 1, 11, 1, 0; 0.079410180442; 1, 0, 2; 1, 1, 0; 3, 1, 2 / 4, 9, 2 ;
0,179; 2.100705, 0.708091, -1.734239 / 2.100705, 0.708091, -1.734239 / 2.100705, 0.708091, -1.734239; 1, 11, 1, 0; 0.079409425166; 1, 0, 1; 1, 0, 0; 3, 1, 2 ;
0,179; 2.096495, 0.712125, -1.733846 / 2.096760, 0.712175, -1.733322 / 2.096229, 0.712075, -1.734369; 1, 11, 1, 0; 0.079410226217; 1, 0, 1; 1, 1, 0; 2, 3, 2 / 4, 1, 2 ;
0,179; 2.032841, 1.554093, -1.454647 / 2.032841, 1.554093, -1.454647 / 2.032841, 1.554093, -1.454647; 1, 11, 1, 0; 0.243273740862; 1, 0, 1; 1, 0, 0; 1, 4, 0 / 2, 2, 0 / 2, 3, 0 / 3, 1, 2 ;
0,179; 1.946894, 2.711283, -1.087573 / 1.946894, 2.711283, -1.087573 / 1.946894, 2.711283, -1.087573; 1, 11, 1, 0; 0.940732440963; 1, 0, 1; 1, 0, 0; 1, 1, 0 / 3, 1, 2 / 4, 2, 0 ;
1,180; 0.471238, -0.350669, -2.07325 / 0.471238, -0.350669, -2.07325 / 0.471238, -0.350669, -2.07325; 1, 4, 1, 0; 0.553087678365; 1, 0, 1; 1, 0, 0; 2, 1, 2 ;
0,180; 0.646551, 0.486166, -2.051814 / 0.646551, 0.486166, -2.051814 / 0.646551, 0.486166, -2.051814; 1, 4, 1, 0; 0.627510011807; 1, 0, 1; 1, 0, 0; 2, 1, 2 ;
0,180; 0.635110, 0.496147, -2.045242 / 0.635110, 0.496147, -2.045242 / 0.635110, 0.496147, -2.045242; 1, 4, 1, 0; 0.627514799099; 1, 0, 1; 1, 0, 0; 3, 1, 2 ;
0,180; 0.640117, 0.480681, -2.042294 / 0.640117, 0.480681, -2.042294 / 0.640117, 0.480681, -2.042294; 1, 4, 1, 0; 0.627518357330; 1, 0, 1; 1, 0, 0; 2, 1, 2 ;
1,182; -3.44892, 1.17896, -2.65291 / -3.44892, 1.17896, -2.65291 / -3.44892, 1.17896, -2.65291; 1, 6, 1, 0; 0.001049763723; 0, 1, 0; 1, 0, 0; 3, 1, 1 ;
0,182; -1.439857, 0.479414, 0.945540 / -1.439316, 0.479417, 0.945621 / -1.440399, 0.479411, 0.945458; 1, 23, 1, 0; 0.539342254422; 2, 1, 1; 1, 1, 0; 3, 1, 1 / 4, 3, 2 ;
0,182; -1.443994, 0.476150, 0.946202 / -1.443666, 0.476361, 0.946443 / -1.444322, 0.475938, 0.945960; 1, 23, 1, 0; 0.539355164580; 1, 0, 2; 1, 1, 0; 1, 4, 2 / 3, 1, 2 ;
0,182; -1.437887, 0.480854, 0.949165 / -1.437631, 0.480884, 0.949363 / -1.438144, 0.480824, 0.948966; 1, 23, 1, 0; 0.539341286345; 1, 0, 2; 2, 0, 0; 2, 1, 2 / 3, 3, 2 ;
1,183; -0.497316, -2.79411, 2.34837 / -0.497316, -2.79411, 2.34837 / -0.497316, -2.79411, 2.34837; 1, 32, 1, 0; 0.868693042869; 1, 0, 1; 1, 0, 0; 2, 1, 2 / 3, 5, 0 ;
1,184; -2.41056, 1.60541, -3.57736 / -2.41056, 1.60541, -3.57736 / -2.41056, 1.60541, -3.57736; 1, 2, 1, 0; 0.086138752298; 1, 0, 1; 1, 0, 0; 3, 1, 2 ;
0,184; -0.362227, -0.841811, 0.791853 / -0.362227, -0.841811, 0.791853 / -0.362227, -0.841811, 0.791853; 1, 23, 1, 0; 0.284428354165; 1, 0, 1; 1, 0, 0; 3, 1, 2 ;
0,184; 0.438309, -1.552215, 2.091689 / 0.438309, -1.552215, 2.091689 / 0.438309, -1.552215, 2.091689; 1, 30, 1, 0; 0.350899378899; 0, 0, 0; 1, 0, 0; 2, 1, 3 ;
0,184; 0.970510, -2.079054, 3.001223 / 0.970510, -2.079054, 3.001223 / 0.970510, -2.079054, 3.001223; 1, 35, 1, 0; 0.624917272758; 1, 0, 1; 0, 1, 0; 4, 1, 2 ;
1,185; 0.751309, -1.4705, -1.45171 / 0.751309, -1.4705, -1.45171 / 0.751309, -1.4705, -1.45171; 1, 8, 1, 0; 0.713036339426; 1, 0, 1; 0, 1, 0; 4, 1, 2 ;
0,185; 0.749289, -1.468389, -1.451779 / 0.749289, -1.468389, -1.451779 / 0.749289, -1.468389, -1.451779; 1, 8, 1, 0; 0.713036288290; 1, 0, 1; 1, 0, 0; 3, 1, 2 ;
0,185; 0.381528, -1.415537, -1.025382 / 0.381528, -1.415537, -1.025382 / 0.381528, -1.415537, -1.025382; 1, 11, 1, 0; 0.551880055204; 1, 0, 1; 1, 0, 0; 3, 1, 2 ;
0,185; -0.284033, -1.359841, -0.192498 / -0.284033, -1.359841, -0.192498 / -0.284033, -1.359841, -0.192498; 1, 16, 1, 0; 0.307093198159; 0, 1, 0; 0, 1, 0; 1, 1, 1 ;
0,185; -0.263104, -1.336688, -0.190405 / -0.263104, -1.336688, -0.190405 / -0.263104, -1.336688, -0.190405; 1, 16, 1, 0; 0.307964617890; 1, 0, 1; 0, 1, 0; 1, 1, 2 ;
0,185; -0.079839, -1.341634, -0.431559 / -0.079839, -1.341634, -0.431559 / -0.079839, -1.341634, -0.431559; 1, 16, 1, 0; 0.237213873173; 1, 0, 1; 1, 0, 0; 2, 1, 2 ;
0,185; -0.251991, -1.321878, -0.188860 / -0.251991, -1.321878, -0.188860 / -0.251991, -1.321878, -0.188860; 1, 16, 1, 0; 0.307969305859; 1, 0, 1; 1, 0, 0; 2, 1, 2 ;
0,185; -0.265965, -1.337714, -0.187022 / -0.265965, -1.337714, -0.187022 / -0.265965, -1.337714, -0.187022; 1, 16, 1, 0; 0.307976974037; 1, 0, 1; 1, 0, 0; 3, 1, 2 ;
1,186; 1.72492, -1.66336, -3.29247 / 1.72492, -1.66336, -3.29247 / 1.72492, -1.66336, -3.29247; 1, 3, 1, 0; 0.112855680074; 0, 1, 0; 1, 0, 0; 3, 1, 1 ;
0,186; 1.756483, -1.646556, -2.996102 / 1.756483, -1.646556, -2.996102 / 1.756483, -1.646556, -2.996102; 1, 3, 1, 0; 0.370035272025; 1, 0, 1; 1, 0, 0; 2, 1, 2 ;
0,186; 1.769429, -1.643933, -2.947413 / 1.769429, -1.643933, -2.947413 / 1.769429, -1.643933, -2.947413; 1, 3, 1, 0; 0.370062311359; 1, 0, 1; 1, 0, 0; 2, 1, 2 ;
1,187; -1.76863, 2.68666, -1.28701 / -1.76863, 2.68666, -1.28701 / -1.76863, 2.68666, -1.28701; 1, 7, 1, 0; 0.354965033070; 1, 0, 1; 1, 0, 0; 2, 1, 2 ;
0,187; 1.327557, -4.161995, -1.527505 / 1.327557, -4.161995, -1.527505 / 1.327557, -4.161995, -1.527505; 1, 8, 1, 0; 0.444812473345; 1, 0, 1; 0, 1, 0; 4, 1, 2 ;
0,187; 1.321712, -4.157360, -1.532728 / 1.321712, -4.157360, -1.532728 / 1.321712, -4.157360, -1.532728; 1, 8, 1, 0; 0.444813475615; 1, 0, 1; 1, 0, 0; 2, 1, 2 ;
0,187; 1.317941, -4.144706, -1.530018 / 1.317941, -4.144706, -1.530018 / 1.317941, -4.144706, -1.530018; 1, 8, 1, 0; 0.444816523332; 1, 0, 1; 1, 0, 0; 2, 1, 2 ;
1,188; -1.68948, -1.53328, 0.699733 / -1.6888, -1.5332, 0.699912 / -1.69016, -1.53335, 0.699553; 1, 21, 1, 0; 0.281559471423; 1, 0, 1; 1, 1, 0; 1, 1, 2 / 3, 6, 3 ;
0,188; -2.725806, -2.383905, 2.705646 / -2.725806, -2.383905, 2.705646 / -2.725806, -2.383905, 2.705646; 1, 36, 1, 0; 0.701413602719; 1, 0, 1; 0, 1, 0; 4, 1, 2 ;
0,188; -2.728191, -2.378550, 2.705264 / -2.728191, -2.378550, 2.705264 / -2.728191, -2.378550, 2.705264; 1, 36, 1, 0; 0.701437266677; 1, 0, 1; 0, 1, 0; 4, 1, 2 ;
1,192; 0.373117, -1.64193, 1.06464 / 0.373117, -1.64193, 1.06464 / 0.373117, -1.64193, 1.06464; 1, 22, 1, 0; 0.285217708279; 1, 0, 1; 1, 0, 0; 3, 1, 2 ;
0,192; -0.525410, -2.569906, 1.476492 / -0.525410, -2.569906, 1.476492 / -0.525410, -2.569906, 1.476492; 1, 22, 1, 0; 0.474199095174; 1, 0, 1; 1, 0, 0; 3, 1, 2 ;
1,196; 0.954266, 0.173267, -2.74103 / 0.954266, 0.173267, -2.74103 / 0.954266, 0.173267, -2.74103; 1, 2, 1, 0; 0.887705408364; 1, 0, 1; 0, 1, 0; 4, 1, 2 ;
0,196; 0.994461, 0.522630, -2.372582 / 0.994461, 0.522630, -2.372582 / 0.994461, 0.522630, -2.372582; 1, 4, 1, 0; 0.472475021861; 1, 0, 1; 0, 1, 0; 1, 1, 2 ;
0,196; 0.993107, 0.518774, -2.372915 / 0.993118, 0.518784, -2.372911 / 0.993096, 0.518765, -2.372918; 1, 4, 1, 0; 0.472475521545; 2, 1, 1; 2, 0, 0; 3, 1, 1 / 3, 2, 2 ;
0,196; 0.998431, 0.534283, -2.364335 / 0.998431, 0.534283, -2.364335 / 0.998431, 0.534283, -2.364335; 1, 4, 1, 0; 0.472481159105; 1, 0, 1; 1, 0, 0; 2, 1, 2 ;
0,196; 1.624677, 2.414112, -0.467596 / 1.624677, 2.414112, -0.467596 / 1.624677, 2.414112, -0.467596; 1, 13, 1, 0; 0.500215389312; 0, 1, 0; 0, 1, 0; 4, 1, 1 ;
1,197; 3.27987, 0.021342, 0.0709193 / 3.27987, 0.021342, 0.0709193 / 3.27987, 0.021342, 0.0709193; 1, 19, 1, 0; 0.160193493057; 1, 0, 1; 1, 0, 0; 2, 1, 2 ;
0,197; 3.484738, 0.497784, 1.882995 / 3.484738, 0.497784, 1.882995 / 3.484738, 0.497784, 1.882995; 1, 28, 1, 0; 0.726800935953; 1, 0, 1; 1, 0, 0; 2, 1, 2 ;
1,198; 3.65395, -0.374436, 1.13163 / 3.65395, -0.374436, 1.13163 / 3.65395, -0.374436, 1.13163; 1, 26, 1, 0; 0.111007852214; 1, 0, 1; 0, 1, 0; 4, 1, 2 ;
0,198; 3.694243, -0.344809, 1.101826 / 3.694373, -0.344803, 1.101840 / 3.694113, -0.344816, 1.101811; 1, 26, 1, 0; 0.112618593288; 0, 1, 0; 2, 0, 0; 3, 1, 1 / 3, 2, 3 ;
