1,0; -1.1325, 3.95531, -1.08022 / -1.1325, 3.95531, -1.08022 / -1.1325, 3.95531, -1.08022; 1, 7, 1, 0; 0.808211189418; 0, 0, 0; 0, 1, 0; 4, 1, 3 ;
1,1; -0.848121, 0.451313, 1.48006 / -0.848121, 0.451313, 1.48006 / -0.848121, 0.451313, 1.48006; 1, 23, 1, 0; 0.653964438316; 1, 0, 1; 1, 0, 0; 2, 1, 2 ;
1,2; 0.447512, 1.08684, 2.76338 / 0.447512, 1.08684, 2.76338 / 0.447512, 1.08684, 2.76338; 1, 38, 1, 0; 0.869204476570; 1, 0, 1; 1, 0, 0; 1, 3, 0 / 2, 1, 2 ;
0,2; 0.157417, 0.377081, 3.157074 / 0.157417, 0.377081, 3.157074 / 0.157417, 0.377081, 3.157074; 1, 42, 1, 0; 0.038038222912; 1, 0, 1; 1, 0, 0; 3, 1, 2 ;
0,2; -0.266754, -0.760702, 3.733123 / -0.266754, -0.760702, 3.733123 / -0.266754, -0.760702, 3.733123; 1, 46, 1, 0; 0.085981415261; 1, 0, 1; 1, 0, 0; 3, 1, 2 ;
1,3; 1.57979, -1.09794, -4.1446 / 1.57979, -1.09794, -4.1446 / 1.57979, -1.09794, -4.1446; 1, 1, 1, 0; 0.270365104943; 1, 0, 1; 1, 0, 0; 3, 1, 2 ;
0,3; -0.562211, -1.197866, -3.614608 / -0.562211, -1.197866, -3.614608 / -0.562211, -1.197866, -3.614608; 1, 1, 1, 0; 0.839475289451; 1, 0, 1; 1, 0, 0; 3, 1, 2 ;
0,3; -2.411772, -1.174127, -3.310005 / -2.411271, -1.173887, -3.309251 / -2.412273, -1.174367, -3.310759; 1, 5, 1, 0; 0.085916138094; 2, 1, 1; 1, 1, 0; 1, 7, 0 / 2, 7, 0 / 2, 8, 1 / 4, 1, 2 ;
1,4; -3.15683, 0.409878, -1.33835 / -3.15683, 0.409878, -1.33835 / -3.15683, 0.409878, -1.33835; 1, 10, 1, 0; 0.033813903343; 1, 0, 1; 1, 0, 0; 2, 1, 2 ;
1,5; -3.88349, -0.265108, 0.359801 / -3.88349, -0.265108, 0.359801 / -3.88349, -0.265108, 0.359801; 1, 21, 1, 0; 0.044150135913; 1, 0, 1; 0, 1, 0; 1, 1, 2 ;
0,5; -3.854018, -0.258179, 0.351063 / -3.854018, -0.258179, 0.351063 / -3.854018, -0.258179, 0.351063; 1, 21, 1, 0; 0.044112628855; 1, 0, 1; 1, 0, 0; 2, 1, 2 ;
0,5; -3.858370, -0.259988, 0.353069 / -3.858370, -0.259988, 0.353069 / -3.858370, -0.259988, 0.353069; 1, 21, 1, 0; 0.044125085128; 1, 0, 1; 1, 0, 0; 3, 1, 2 ;
1,6; 1.97717, -1.09988, 0.780468 / 1.97717, -1.09988, 0.780468 / 1.97717, -1.09988, 0.780468; 1, 19, 1, 0; 0.778602804847; 1, 0, 1; 0, 1, 0; 3, 6, 0 / 4, 1, 2 ;
0,6; 1.435934, -0.654113, 1.987703 / 1.435934, -0.654113, 1.987703 / 1.435934, -0.654113, 1.987703; 1, 34, 1, 0; 0.010324470089; 0, 1, 0; 1, 0, 0; 2, 1, 1 ;
0,6; 0.561591, 0.085911, 4.170618 / 0.561591, 0.085911, 4.170618 / 0.561591, 0.085911, 4.170618; 1, 46, 1, 0; 0.650735881325; 0, 1, 0; 1, 0, 0; 2, 1, 1 ;
1,7; -4.21996, 0.517734, -1.80144 / -4.21927, 0.518119, -1.80134 / -4.22066, 0.51735, -1.80154; 1, 6, 1, 0; 0.730677077360; 2, 1, 1; 1, 1, 0; 1, 1, 1 / 3, 6, 2 ;
0,7; -4.212713, 0.512557, -1.802189 / -4.212713, 0.512557, -1.802189 / -4.212713, 0.512557, -1.802189; 1, 6, 1, 0; 0.730668476114; 1, 0, 1; 1, 0, 0; 3, 1, 2 ;
0,7; 1.958637, 2.555746, 3.237506 / 1.958637, 2.555746, 3.237506 / 1.958637, 2.555746, 3.237506; 1, 43, 1, 0; 0.123131113832; 1, 0, 1; 0, 1, 0; 4, 1, 2 ;
1,8; -0.830235, 1.93946, 0.812543 / -0.830235, 1.93946, 0.812543 / -0.830235, 1.93946, 0.812543; 1, 25, 1, 0; 0.631525815439; 0, 1, 0; 0, 1, 0; 1, 1, 1 ;
0,8; 0.299499, 1.989978, 0.558030 / 0.300188, 1.990123, 0.558897 / 0.298810, 1.989833, 0.557162; 1, 25, 1, 0; 0.024654399726; 1, 0, 1; 2, 0, 0; 2, 10, 2 / 3, 1, 3 ;
0,8; -0.690005, 1.945841, 0.780376 / -0.690005, 1.945841, 0.780376 / -0.690005, 1.945841, 0.780376; 1, 25, 1, 0; 0.631744100124; 0, 1, 0; 1, 0, 0; 2, 1, 1 ;
1,9; 1.5606, -1.23289, 0.0465221 / 1.56072, -1.23242, 0.0469429 / 1.56048, -1.23337, 0.0461014; 1, 16, 1, 0; 0.835638708960; 1, 0, 2; 2, 0, 0; 2, 1, 2 / 2, 5, 2 ;
1,10; 2.36887, 1.01399, -0.843931 / 2.36887, 1.01399, -0.843931 / 2.36887, 1.01399, -0.843931; 1, 12, 1, 0; 0.346322889917; 1, 0, 1; 1, 0, 0; 2, 1, 2 ;
0,10; 2.354835, 1.009895, -0.841217 / 2.354835, 1.009895, -0.841217 / 2.354835, 1.009895, -0.841217; 1, 12, 1, 0; 0.346342910470; 1, 0, 1; 1, 0, 0; 3, 1, 2 ;
1,11; 1.34528, 1.50042, 2.36294 / 1.34528, 1.50042, 2.36294 / 1.34528, 1.50042, 2.36294; 1, 31, 1, 0; 0.642976509934; 1, 0, 1; 1, 0, 0; 2, 1, 2 ;
1,12; -1.36754, 1.63157, -3.01274 / -1.36754, 1.63157, -3.01274 / -1.36754, 1.63157, -3.01274; 1, 2, 1, 0; 0.700828052963; 1, 0, 1; 1, 0, 0; 2, 1, 2 ;
0,12; -1.316893, 1.754920, -2.652155 / -1.316893, 1.754920, -2.652155 / -1.316893, 1.754920, -2.652155; 1, 6, 1, 0; 0.050898396492; 1, 0, 1; 1, 0, 0; 2, 1, 2 ;
0,12; -1.318147, 1.750828, -2.649806 / -1.318147, 1.750828, -2.649806 / -1.318147, 1.750828, -2.649806; 1, 6, 1, 0; 0.050898989513; 0, 1, 0; 1, 0, 0; 2, 1, 1 / 4, 4, 0 ;
0,12; -1.318286, 1.751376, -2.652317 / -1.318286, 1.751376, -2.652317 / -1.318286, 1.751376, -2.652317; 1, 6, 1, 0; 0.050899048325; 0, 1, 0; 1, 0, 0; 3, 1, 1 ;
0,12; -1.053697, 2.049911, -1.183305 / -1.053697, 2.049911, -1.183305 / -1.053697, 2.049911, -1.183305; 1, 7, 1, 0; 0.607384092143; 1, 0, 1; 0, 1, 0; 1, 1, 2 ;
1,13; 0.945458, 3.53059, 2.35965 / 0.945458, 3.53059, 2.35965 / 0.945458, 3.53059, 2.35965; 1, 38, 1, 0; 0.169703689757; 1, 0, 1; 0, 1, 0; 1, 1, 2 ;
0,13; 0.981586, 3.468711, 2.349866 / 0.981586, 3.468711, 2.349866 / 0.981586, 3.468711, 2.349866; 1, 38, 1, 0; 0.171134052181; 0, 1, 0; 0, 1, 0; 4, 1, 1 ;
1,14; -1.05697, 0.629236, -0.799626 / -1.05697, 0.629236, -0.799626 / -1.05697, 0.629236, -0.799626; 1, 16, 1, 0; 0.108639625123; 1, 0, 1; 1, 0, 0; 2, 1, 2 / 2, 9, 0 ;
0,14; -1.056368, 0.630435, -0.789254 / -1.056368, 0.630435, -0.789254 / -1.056368, 0.630435, -0.789254; 1, 16, 1, 0; 0.108651572747; 1, 0, 1; 1, 0, 0; 1, 2, 0 / 2, 6, 0 / 3, 1, 2 ;
0,14; -3.795859, -0.403878, 1.653825 / -3.795859, -0.403878, 1.653825 / -3.795859, -0.403878, 1.653825; 1, 24, 1, 0; 0.769509280977; 0, 1, 0; 0, 1, 0; 1, 1, 1 ;
1,15; -2.39998, 2.34079, 1.26198 / -2.39998, 2.34079, 1.26198 / -2.39998, 2.34079, 1.26198; 1, 24, 1, 0; 0.473548985440; 1, 0, 1; 0, 1, 0; 1, 1, 2 ;
0,15; -2.410517, 2.334850, 1.255765 / -2.410517, 2.334850, 1.255765 / -2.410517, 2.334850, 1.255765; 1, 24, 1, 0; 0.473564304706; 1, 0, 1; 1, 0, 0; 2, 1, 2 ;
0,15; 0.805630, 2.581253, 1.019723 / 0.805630, 2.581253, 1.019723 / 0.805630, 2.581253, 1.019723; 1, 25, 1, 0; 0.937057005701; 1, 0, 1; 1, 0, 0; 2, 1, 2 ;
1,16; -0.667467, 2.77239, -1.73506 / -0.667467, 2.77239, -1.73506 / -0.667467, 2.77239, -1.73506; 1, 7, 1, 0; 0.077942852234; 1, 0, 1; 1, 0, 0; 3, 1, 2 ;
1,17; 0.336055, -2.72493, -1.05615 / 0.336055, -2.72493, -1.05615 / 0.336055, -2.72493, -1.05615; 1, 8, 1, 0; 0.852737775637; 1, 0, 1; 1, 0, 0; 2, 1, 2 / 2, 4, 0 / 4, 3, 0 ;
0,17; 0.301879, -4.036285, -0.975150 / 0.301879, -4.036285, -0.975150 / 0.301879, -4.036285, -0.975150; 1, 8, 1, 0; 0.980474001847; 0, 1, 0; 1, 0, 0; 2, 1, 1 ;
0,17; 0.576804, 3.811575, -0.728958 / 0.576804, 3.811575, -0.728958 / 0.576804, 3.811575, -0.728958; 1, 13, 1, 0; 0.184699978950; 1, 0, 1; 1, 0, 0; 3, 1, 2 ;
1,20; 0.826582, 1.29706, 0.132317 / 0.826582, 1.29706, 0.132317 / 0.826582, 1.29706, 0.132317; 1, 17, 1, 0; 0.672383400428; 1, 0, 1; 1, 0, 0; 2, 1, 2 ;
0,20; 0.021316, -1.226612, 1.930385 / 0.021316, -1.226612, 1.930385 / 0.021316, -1.226612, 1.930385; 1, 30, 1, 0; 0.475837872748; 1, 0, 1; 1, 0, 0; 3, 1, 2 / 4, 1, 0 ;
0,20; 0.017938, -1.225888, 1.930779 / 0.017938, -1.225888, 1.930779 / 0.017938, -1.225888, 1.930779; 1, 30, 1, 0; 0.475839070920; 0, 1, 0; 1, 0, 0; 1, 4, 0 / 3, 1, 1 / 4, 2, 0 ;
0,20; -0.139227, -1.719904, 2.289619 / -0.139227, -1.719904, 2.289619 / -0.139227, -1.719904, 2.289619; 1, 33, 1, 0; 0.533430921323; 1, 0, 1; 1, 0, 0; 1, 8, 0 / 2, 1, 2 / 3, 6, 0 / 3, 7, 0 / 4, 3, 0 ;
0,20; -0.538774, -2.838524, 3.266555 / -0.538774, -2.838524, 3.266555 / -0.538774, -2.838524, 3.266555; 1, 40, 1, 0; 0.930607260726; 1, 0, 1; 0, 1, 0; 4, 1, 2 ;
0,20; -0.540206, -2.841567, 3.266846 / -0.539730, -2.841162, 3.267670 / -0.540681, -2.841972, 3.266022; 1, 40, 1, 0; 0.930606852114; 2, 2, 2; 4, 0, 0; 1, 4, 0 / 2, 1, 1 / 2, 2, 2 / 2, 4, 1 / 2, 10, 2 ;
0,20; -0.534995, -2.844412, 3.265855 / -0.534995, -2.844412, 3.265855 / -0.534995, -2.844412, 3.265855; 1, 40, 1, 0; 0.930604903347; 1, 0, 1; 1, 0, 0; 3, 1, 2 ;
1,21; 1.21707, -0.804921, 0.820282 / 1.21707, -0.804921, 0.820282 / 1.21707, -0.804921, 0.820282; 1, 19, 1, 0; 0.760013652548; 1, 0, 1; 1, 0, 0; 3, 1, 2 ;
0,21; 2.988031, -0.680001, 1.935687 / 2.988031, -0.680001, 1.935687 / 2.988031, -0.680001, 1.935687; 1, 34, 1, 0; 0.034616321043; 1, 0, 1; 1, 0, 0; 2, 1, 2 ;
1,22; -2.07469, -1.68423, 0.270082 / -2.07469, -1.68423, 0.270082 / -2.07469, -1.68423, 0.270082; 1, 16, 1, 0; 0.919392010630; 1, 0, 1; 0, 1, 0; 1, 1, 2 ;
0,22; -2.071287, -1.678310, 0.268649 / -2.071287, -1.678310, 0.268649 / -2.071287, -1.678310, 0.268649; 1, 16, 1, 0; 0.919390959185; 1, 0, 1; 1, 0, 0; 2, 1, 2 ;
0,22; -0.368536, -0.183078, 1.357548 / -0.368536, -0.183078, 1.357548 / -0.368536, -0.183078, 1.357548; 1, 23, 1, 0; 0.757969676278; 1, 0, 1; 0, 1, 0; 1, 1, 2 ;
0,22; -0.364084, -0.187002, 1.354918 / -0.364084, -0.187002, 1.354918 / -0.364084, -0.187002, 1.354918; 1, 23, 1, 0; 0.757956056689; 1, 0, 1; 1, 0, 0; 2, 1, 2 ;
1,23; -0.575123, 1.77433, -3.23678 / -0.574474, 1.77453, -3.23601 / -0.575773, 1.77412, -3.23755; 1, 2, 1, 0; 0.249029412649; 2, 1, 2; 2, 1, 0; 2, 5, 1 / 2, 7, 0 / 2, 9, 2 / 4, 1, 2 ;
0,23; -1.019054, 1.935840, -3.311479 / -1.019054, 1.935840, -3.311479 / -1.019054, 1.935840, -3.311479; 1, 2, 1, 0; 0.224295970465; 1, 0, 1; 1, 0, 0; 2, 1, 2 ;
1,24; -0.661143, 2.24901, -3.22725 / -0.661143, 2.24901, -3.22725 / -0.661143, 2.24901, -3.22725; 1, 2, 1, 0; 0.205926766214; 0, 1, 0; 0, 1, 0; 1, 1, 1 ;
1,25; -1.12205, -2.86504, 2.46303 / -1.12205, -2.86504, 2.46303 / -1.12205, -2.86504, 2.46303; 1, 32, 1, 0; 0.859256335180; 1, 0, 1; 0, 1, 0; 1, 1, 2 ;
0,25; -1.113606, -2.844583, 2.462974 / -1.113606, -2.844583, 2.462974 / -1.113606, -2.844583, 2.462974; 1, 32, 1, 0; 0.859293810890; 0, 1, 0; 0, 1, 0; 4, 1, 1 ;
1,26; -0.287736, 1.74028, -2.97125 / -0.287736, 1.74028, -2.97125 / -0.287736, 1.74028, -2.97125; 1, 2, 1, 0; 0.706537797955; 1, 0, 1; 1, 0, 0; 3, 1, 2 / 4, 8, 0 ;
0,26; -0.284833, 1.740584, -2.965404 / -0.284833, 1.740584, -2.965404 / -0.284833, 1.740584, -2.965404; 1, 2, 1, 0; 0.706545115322; 1, 0, 1; 1, 0, 0; 3, 1, 2 ;
1,28; 0.735788, 0.608788, -4.10321 / 0.735788, 0.608788, -4.10321 / 0.735788, 0.608788, -4.10321; 1, 1, 1, 0; 0.150867483680; 1, 0, 1; 0, 1, 0; 4, 1, 2 ;
0,28; 0.735807, 0.607548, -4.099492 / 0.735807, 0.607548, -4.099492 / 0.735807, 0.607548, -4.099492; 1, 1, 1, 0; 0.150867416440; 1, 0, 1; 1, 0, 0; 2, 1, 2 ;
0,28; 0.069549, 0.126902, -3.490321 / 0.069549, 0.126902, -3.490321 / 0.069549, 0.126902, -3.490321; 1, 1, 1, 0; 0.723776291100; 1, 0, 1; 1, 0, 0; 3, 1, 2 ;
0,28; 0.066392, 0.127492, -3.487481 / 0.066392, 0.127492, -3.487481 / 0.066392, 0.127492, -3.487481; 1, 1, 1, 0; 0.723776753874; 1, 0, 1; 1, 0, 0; 2, 1, 2 ;
0,28; 0.063738, 0.131690, -3.490255 / 0.063738, 0.131690, -3.490255 / 0.063738, 0.131690, -3.490255; 1, 1, 1, 0; 0.723783651975; 1, 0, 1; 1, 0, 0; 2, 1, 2 ;
1,30; 0.73897, -1.33439, -1.87691 / 0.739489, -1.33433, -1.87614 / 0.738451, -1.33445, -1.87767; 1, 5, 1, 0; 0.904109900892; 2, 1, 2; 0, 3, 1; 1, 1, 2 / 2, 1, 0 / 4, 8, 1 / 4, 9, 2 ;
0,30; 0.740474, -1.334648, -1.880365 / 0.740911, -1.333790, -1.880320 / 0.740037, -1.335506, -1.880409; 1, 5, 1, 0; 0.904110493912; 2, 1, 1; 2, 0, 0; 2, 10, 1 / 3, 1, 2 ;
0,30; 0.547756, -1.444940, -1.987171 / 0.547756, -1.444940, -1.987171 / 0.547756, -1.444940, -1.987171; 1, 5, 1, 0; 0.901734329804; 1, 0, 1; 1, 0, 0; 2, 1, 2 ;
0,30; 3.594674, -0.290536, -0.178117 / 3.594674, -0.290536, -0.178117 / 3.594674, -0.290536, -0.178117; 1, 19, 1, 0; 0.062099737362; 1, 0, 1; 0, 1, 0; 1, 1, 2 ;
0,30; 3.588282, -0.283828, -0.179386 / 3.588282, -0.283828, -0.179386 / 3.588282, -0.283828, -0.179386; 1, 19, 1, 0; 0.062097850013; 1, 0, 1; 1, 0, 0; 3, 1, 2 ;
0,30; 4.364473, 0.011494, 0.359857 / 4.364473, 0.011494, 0.359857 / 4.364473, 0.011494, 0.359857; 1, 19, 1, 0; 0.617005275900; 1, 0, 1; 1, 0, 0; 2, 1, 2 ;
1,32; -2.0301, -0.620881, -1.29307 / -2.0301, -0.620881, -1.29307 / -2.0301, -0.620881, -1.29307; 1, 6, 1, 0; 0.941635163071; 1, 0, 1; 1, 0, 0; 3, 1, 2 ;
0,32; -2.028220, -0.628870, -1.294019 / -2.028220, -0.628870, -1.294019 / -2.028220, -0.628870, -1.294019; 1, 6, 1, 0; 0.941635476734; 0, 1, 0; 1, 0, 0; 3, 1, 1 ;
0,32; -2.107270, 2.828589, 0.797853 / -2.107270, 2.828589, 0.797853 / -2.107270, 2.828589, 0.797853; 1, 24, 1, 0; 0.098283872722; 1, 0, 1; 1, 0, 0; 3, 1, 2 ;
1,33; 4.0405, -1.22605, 1.05398 / 4.0405, -1.22605, 1.05398 / 4.0405, -1.22605, 1.05398; 1, 27, 1, 0; 0.180351488832; 0, 1, 0; 0, 1, 0; 4, 1, 1 ;
0,33; 3.839013, -0.708593, 1.284707 / 3.839013, -0.708593, 1.284707 / 3.839013, -0.708593, 1.284707; 1, 27, 1, 0; 0.318157800713; 1, 0, 1; 1, 0, 0; 2, 1, 2 ;
0,33; 3.836079, -0.710868, 1.281454 / 3.836079, -0.710868, 1.281454 / 3.836079, -0.710868, 1.281454; 1, 27, 1, 0; 0.318173713019; 1, 0, 1; 1, 0, 0; 2, 1, 2 ;
1,34; 0.0234748, 2.20038, 2.21762 / 0.0236095, 2.20045, 2.21766 / 0.0233401, 2.20031, 2.21758; 1, 31, 1, 0; 0.402555717855; 0, 2, 0; 1, 1, 0; 3, 1, 1 / 4, 1, 1 ;
0,34; -0.433388, 1.989867, 2.285920 / -0.433388, 1.989867, 2.285920 / -0.433388, 1.989867, 2.285920; 1, 31, 1, 0; 0.513149017171; 1, 0, 1; 1, 0, 0; 2, 1, 2 ;
1,35; -2.2909, -0.903507, -0.832859 / -2.29079, -0.902878, -0.832426 / -2.291, -0.904136, -0.833291; 1, 10, 1, 0; 0.420255137571; 2, 2, 1; 2, 1, 0; 1, 6, 0 / 2, 4, 2 / 3, 2, 1 / 4, 1, 1 / 4, 2, 0 / 4, 4, 0 ;
1,36; 0.183552, 3.84487, -0.80578 / 0.183552, 3.84487, -0.80578 / 0.183552, 3.84487, -0.80578; 1, 13, 1, 0; 0.187503714564; 1, 0, 1; 1, 0, 0; 3, 1, 2 ;
0,36; 0.104835, 3.650334, -0.709712 / 0.104835, 3.650334, -0.709712 / 0.104835, 3.650334, -0.709712; 1, 13, 1, 0; 0.205238169099; 1, 0, 1; 1, 0, 0; 3, 1, 2 ;
1,38; -1.21768, -0.919294, -0.514623 / -1.21768, -0.919294, -0.514623 / -1.21768, -0.919294, -0.514623; 1, 16, 1, 0; 0.205003643221; 0, 1, 0; 0, 1, 0; 1, 1, 1 / 4, 5, 0 ;
1,40; -3.79844, 1.79623, 1.62573 / -3.79844, 1.79623, 1.62573 / -3.79844, 1.79623, 1.62573; 1, 24, 1, 0; 0.923317762811; 0, 1, 0; 0, 1, 0; 4, 1, 1 ;
1,41; -1.72354, 3.166, 2.53572 / -1.72354, 3.166, 2.53572 / -1.72354, 3.166, 2.53572; 1, 37, 1, 0; 0.326666850359; 0, 1, 0; 1, 0, 0; 2, 1, 1 ;
1,42; 2.30102, 0.156427, 0.594706 / 2.30132, 0.156628, 0.59489 / 2.30071, 0.156225, 0.594521; 1, 19, 1, 0; 0.640666198083; 2, 1, 1; 2, 0, 0; 2, 1, 2 / 2, 2, 1 ;
0,42; 2.304660, 0.160180, 0.596666 / 2.304660, 0.160180, 0.596666 / 2.304660, 0.160180, 0.596666; 1, 19, 1, 0; 0.640667195992; 1, 0, 1; 1, 0, 0; 2, 1, 2 ;
1,44; 0.240389, -3.57979, -2.35151 / 0.240389, -3.57979, -2.35151 / 0.240389, -3.57979, -2.35151; 1, 3, 1, 0; 0.997936467639; 0, 1, 0; 1, 0, 0; 2, 1, 1 ;
0,44; 0.381940, -1.225707, -0.910601 / 0.381940, -1.225707, -0.910601 / 0.381940, -1.225707, -0.910601; 1, 16, 1, 0; 0.009107075886; 1, 0, 1; 1, 0, 0; 2, 1, 2 ;
0,44; 0.500762, -0.139458, -0.245689 / 0.500762, -0.139458, -0.245689 / 0.500762, -0.139458, -0.245689; 1, 16, 1, 0; 0.460242522020; 1, 0, 1; 1, 0, 0; 3, 1, 2 ;
1,45; -3.07576, -0.893003, -2.70654 / -3.07576, -0.893003, -2.70654 / -3.07576, -0.893003, -2.70654; 1, 2, 1, 0; 0.975092384718; 1, 0, 1; 0, 1, 0; 1, 1, 2 ;
0,45; -2.992733, -0.526924, -1.939859 / -2.992733, -0.526924, -1.939859 / -2.992733, -0.526924, -1.939859; 1, 5, 1, 0; 0.976460422995; 1, 0, 1; 0, 1, 0; 4, 1, 2 ;
0,45; -2.704380, 0.706370, 0.514695 / -2.704380, 0.706370, 0.514695 / -2.704380, 0.706370, 0.514695; 1, 17, 1, 0; 0.815594017559; 1, 0, 1; 1, 0, 0; 3, 1, 2 ;
0,45; -2.701494, 0.706821, 0.519476 / -2.701494, 0.706821, 0.519476 / -2.701494, 0.706821, 0.519476; 1, 17, 1, 0; 0.815606027636; 1, 0, 1; 1, 0, 0; 2, 1, 2 ;
0,45; -2.331089, 1.875608, 2.816764 / -2.331089, 1.875608, 2.816764 / -2.331089, 1.875608, 2.816764; 1, 39, 1, 0; 0.901222725130; 1, 0, 1; 1, 0, 0; 3, 1, 2 ;
1,46; -1.50432, -0.874333, -0.521018 / -1.50432, -0.874333, -0.521018 / -1.50432, -0.874333, -0.521018; 1, 10, 1, 0; 0.590202637236; 0, 0, 0; 0, 1, 0; 4, 1, 3 ;
0,46; -1.403576, -0.320180, 0.524936 / -1.403576, -0.320180, 0.524936 / -1.403576, -0.320180, 0.524936; 1, 21, 1, 0; 0.073809385568; 1, 0, 1; 1, 0, 0; 3, 1, 2 ;
0,46; -1.399256, -0.322298, 0.528571 / -1.399256, -0.322298, 0.528571 / -1.399256, -0.322298, 0.528571; 1, 21, 1, 0; 0.073810185913; 1, 0, 1; 1, 0, 0; 2, 1, 2 ;
0,46; -1.405362, -0.322530, 0.537471 / -1.405362, -0.322530, 0.537471 / -1.405362, -0.322530, 0.537471; 1, 21, 1, 0; 0.073822518495; 1, 0, 1; 1, 0, 0; 3, 1, 2 / 4, 7, 0 / 4, 8, 0 ;
0,46; -0.994328, 0.716231, 2.633418 / -0.994328, 0.716231, 2.633418 / -0.994328, 0.716231, 2.633418; 1, 38, 1, 0; 0.933283568153; 1, 0, 1; 1, 0, 0; 2, 1, 2 ;
1,47; -1.01506, -0.25844, 2.62368 / -1.01506, -0.25844, 2.62368 / -1.01506, -0.25844, 2.62368; 1, 34, 1, 0; 0.885038054826; 1, 0, 1; 1, 0, 0; 3, 1, 2 ;
0,47; 0.175050, -0.280702, 3.763443 / 0.175050, -0.280702, 3.763443 / 0.175050, -0.280702, 3.763443; 1, 46, 1, 0; 0.174846625030; 0, 1, 0; 0, 1, 0; 1, 1, 1 / 3, 1, 0 ;
1,48; -1.05073, 1.41988, -2.09258 / -1.05073, 1.41988, -2.09258 / -1.05073, 1.41988, -2.09258; 1, 6, 1, 0; 0.442845767648; 1, 0, 1; 1, 0, 0; 3, 1, 2 ;
0,48; -1.173686, 1.599826, -2.016772 / -1.173686, 1.599826, -2.016772 / -1.173686, 1.599826, -2.016772; 1, 6, 1, 0; 0.445620240521; 0, 1, 0; 1, 0, 0; 3, 1, 1 ;
1,49; 1.04535, -2.9, -2.50424 / 1.04535, -2.9, -2.50424 / 1.04535, -2.9, -2.50424; 1, 3, 1, 0; 0.493792941565; 1, 0, 1; 0, 1, 0; 4, 1, 2 ;
0,49; 1.748957, -2.960250, 0.137622 / 1.748957, -2.960250, 0.137622 / 1.748957, -2.960250, 0.137622; 1, 15, 1, 0; 0.794906776392; 1, 0, 1; 1, 0, 0; 2, 1, 2 ;
0,49; 1.864859, -2.999685, 0.496177 / 1.864859, -2.999685, 0.496177 / 1.864859, -2.999685, 0.496177; 1, 19, 1, 0; 0.307122906199; 1, 0, 1; 1, 0, 0; 3, 1, 2 ;
1,50; -2.99749, -2.20564, 2.06633 / -2.99749, -2.20564, 2.06633 / -2.99749, -2.20564, 2.06633; 1, 32, 1, 0; 0.292526922585; 0, 1, 0; 0, 1, 0; 4, 1, 1 ;
0,50; -3.262911, -1.991979, 2.143590 / -3.262911, -1.991979, 2.143590 / -3.262911, -1.991979, 2.143590; 1, 32, 1, 0; 0.279727788867; 0, 1, 0; 1, 0, 0; 2, 1, 1 ;
1,51; -0.841176, -1.64772, -0.868659 / -0.840987, -1.64757, -0.86819 / -0.841366, -1.64787, -0.869128; 1, 9, 1, 0; 0.459779449931; 1, 0, 1; 1, 1, 0; 1, 1, 2 / 2, 2, 3 / 3, 3, 0 / 4, 3, 0 ;
0,51; -0.838934, -1.631908, -0.869877 / -0.838213, -1.631470, -0.869707 / -0.839654, -1.632346, -0.870047; 1, 9, 1, 0; 0.459775329925; 1, 0, 2; 2, 0, 0; 2, 1, 2 / 3, 8, 2 ;
0,51; -0.843529, -1.642321, -0.864114 / -0.843529, -1.642321, -0.864114 / -0.843529, -1.642321, -0.864114; 1, 9, 1, 0; 0.459777936018; 1, 0, 1; 1, 0, 0; 3, 1, 2 ;
0,51; 0.367261, -1.400288, -0.100983 / 0.367261, -1.400288, -0.100983 / 0.367261, -1.400288, -0.100983; 1, 16, 1, 0; 0.302210062524; 1, 0, 1; 1, 0, 0; 3, 1, 2 / 4, 5, 0 ;
1,52; 1.30481, -1.6517, -0.435286 / 1.30481, -1.6517, -0.435286 / 1.30481, -1.6517, -0.435286; 1, 12, 1, 0; 0.658805667321; 1, 0, 1; 1, 0, 0; 2, 1, 2 ;
0,52; 1.366084, 0.026698, 0.325084 / 1.366084, 0.026698, 0.325084 / 1.366084, 0.026698, 0.325084; 1, 19, 1, 0; 0.647810971500; 0, 1, 0; 0, 1, 0; 4, 1, 1 ;
0,52; 1.420927, 0.787260, 0.738075 / 1.420927, 0.787260, 0.738075 / 1.420927, 0.787260, 0.738075; 1, 20, 1, 0; 0.831370338392; 1, 0, 1; 0, 1, 0; 4, 1, 2 ;
0,52; 1.423485, 0.792767, 0.742853 / 1.423485, 0.792767, 0.742853 / 1.423485, 0.792767, 0.742853; 1, 20, 1, 0; 0.831369412796; 0, 1, 0; 1, 0, 0; 2, 1, 1 ;
0,52; 1.629848, 3.433497, 1.862717 / 1.629848, 3.433497, 1.862717 / 1.629848, 3.433497, 1.862717; 1, 28, 1, 0; 0.426574425021; 0, 1, 0; 1, 0, 0; 2, 1, 1 ;
1,53; -1.14646, 0.679328, 4.09284 / -1.14646, 0.679328, 4.09284 / -1.14646, 0.679328, 4.09284; 1, 46, 1, 0; 0.596032392784; 0, 0, 0; 0, 1, 0; 4, 1, 3 ;
1,54; -2.67764, -0.375671, 2.08059 / -2.67764, -0.375671, 2.08059 / -2.67764, -0.375671, 2.08059; 1, 30, 1, 0; 0.572753817590; 0, 0, 0; 1, 0, 0; 3, 1, 3 ;
0,54; -2.612589, -0.441504, 2.291806 / -2.612589, -0.441504, 2.291806 / -2.612589, -0.441504, 2.291806; 1, 36, 1, 0; 0.202337785301; 1, 0, 1; 0, 1, 0; 4, 1, 2 ;
1,57; -3.88247, 1.71025, -1.84243 / -3.88247, 1.71025, -1.84243 / -3.88247, 1.71025, -1.84243; 1, 6, 1, 0; 0.642498762499; 1, 0, 1; 0, 1, 0; 1, 1, 2 / 1, 2, 0 ;
1,59; 0.468423, -3.45082, 1.9598 / 0.468423, -3.45082, 1.9598 / 0.468423, -3.45082, 1.9598; 1, 32, 1, 0; 0.610079346720; 1, 0, 1; 1, 0, 0; 3, 1, 2 ;
1,63; -1.25728, -2.043, -1.60368 / -1.25719, -2.04235, -1.60335 / -1.25737, -2.04366, -1.60401; 1, 9, 1, 0; 0.093535256868; 2, 2, 1; 2, 1, 0; 2, 1, 0 / 2, 2, 1 / 3, 1, 2 / 4, 1, 1 / 4, 2, 0 ;
1,65; 1.04553, 0.22544, 4.30539 / 1.04553, 0.22544, 4.30539 / 1.04553, 0.22544, 4.30539; 1, 46, 1, 0; 0.645794461867; 1, 0, 1; 1, 0, 0; 3, 1, 2 ;
1,66; 1.96163, -2.8905, -1.59668 / 1.96171, -2.89023, -1.59643 / 1.96155, -2.89076, -1.59693; 1, 8, 1, 0; 0.324584267847; 2, 1, 1; 1, 1, 0; 1, 1, 1 / 2, 1, 2 ;
0,66; 2.267175, -2.293808, -1.296277 / 2.267175, -2.293808, -1.296277 / 2.267175, -2.293808, -1.296277; 1, 8, 1, 0; 0.608738822906; 1, 0, 1; 0, 1, 0; 1, 1, 2 ;
0,66; 2.953618, -0.907625, -0.567629 / 2.953965, -0.907396, -0.567527 / 2.953270, -0.907855, -0.567730; 1, 12, 1, 0; 0.750526982830; 2, 2, 1; 2, 1, 0; 3, 1, 1 / 3, 2, 1 / 4, 2, 2 ;
0,66; 2.965971, -0.919691, -0.574611 / 2.965971, -0.919691, -0.574611 / 2.965971, -0.919691, -0.574611; 1, 12, 1, 0; 0.750523463928; 1, 0, 1; 0, 1, 0; 1, 1, 2 ;
0,66; 2.956949, -0.912351, -0.568905 / 2.956949, -0.912351, -0.568905 / 2.956949, -0.912351, -0.568905; 1, 12, 1, 0; 0.750526010125; 1, 0, 1; 0, 1, 0; 1, 1, 2 ;
0,66; 2.964700, -0.902453, -0.561720 / 2.964700, -0.902453, -0.561720 / 2.964700, -0.902453, -0.561720; 1, 12, 1, 0; 0.750529488975; 1, 0, 1; 0, 1, 0; 1, 1, 2 ;
0,66; 2.965932, -0.916516, -0.571236 / 2.965932, -0.916516, -0.571236 / 2.965932, -0.916516, -0.571236; 1, 12, 1, 0; 0.750523595529; 1, 0, 1; 1, 0, 0; 2, 3, 0 / 3, 1, 2 ;
0,66; 2.965173, -0.917300, -0.567648 / 2.965173, -0.917300, -0.567648 / 2.965173, -0.917300, -0.567648; 1, 12, 1, 0; 0.750523681356; 1, 0, 1; 1, 0, 0; 3, 1, 2 / 4, 7, 0 ;
0,66; 2.956134, -0.916954, -0.571614 / 2.956134, -0.916954, -0.571614 / 2.956134, -0.916954, -0.571614; 1, 12, 1, 0; 0.750525203353; 1, 0, 1; 1, 0, 0; 2, 1, 2 / 2, 9, 0 ;
0,66; 2.962517, -0.883977, -0.554339 / 2.962517, -0.883977, -0.554339 / 2.962517, -0.883977, -0.554339; 1, 12, 1, 0; 0.750706893158; 1, 0, 1; 1, 0, 0; 2, 4, 0 / 3, 1, 2 ;
0,66; 2.962529, -0.883920, -0.555827 / 2.962529, -0.883920, -0.555827 / 2.962529, -0.883920, -0.555827; 1, 12, 1, 0; 0.750706950376; 1, 0, 1; 1, 0, 0; 3, 1, 2 ;
1,67; -3.37742, 0.632102, 0.757611 / -3.37677, 0.632194, 0.758347 / -3.37807, 0.63201, 0.756875; 1, 23, 1, 0; 0.100857428107; 1, 0, 2; 1, 1, 0; 1, 1, 2 / 2, 8, 2 ;
0,67; -3.381408, 0.629349, 0.754651 / -3.381408, 0.629349, 0.754651 / -3.381408, 0.629349, 0.754651; 1, 23, 1, 0; 0.100858610492; 0, 0, 0; 1, 0, 0; 2, 1, 3 ;
1,68; 0.0574767, -1.0082, -3.93276 / 0.0574767, -1.0082, -3.93276 / 0.0574767, -1.0082, -3.93276; 1, 1, 1, 0; 0.393282942388; 1, 0, 1; 0, 1, 0; 1, 1, 2 ;
0,68; 2.852256, 1.753474, -1.123229 / 2.852256, 1.753474, -1.123229 / 2.852256, 1.753474, -1.123229; 1, 11, 1, 0; 0.896607886690; 1, 0, 1; 1, 0, 0; 3, 1, 2 ;
1,69; -1.17293, -0.0876574, -2.70591 / -1.17293, -0.0876574, -2.70591 / -1.17293, -0.0876574, -2.70591; 1, 2, 1, 0; 0.928511979913; 1, 0, 1; 0, 1, 0; 4, 1, 2 ;
1,71; 0.0788028, -1.94815, -0.358843 / 0.0795876, -1.94775, -0.358565 / 0.0780181, -1.94856, -0.359121; 1, 15, 1, 0; 0.098407088477; 2, 1, 1; 1, 1, 0; 1, 1, 2 / 3, 8, 1 / 4, 8, 0 ;
0,71; 0.107678, -1.945375, -0.374897 / 0.107678, -1.945375, -0.374897 / 0.107678, -1.945375, -0.374897; 1, 15, 1, 0; 0.098412405973; 1, 0, 1; 0, 1, 0; 4, 1, 2 ;
0,71; 0.096092, -1.942505, -0.376896 / 0.096092, -1.942505, -0.376896 / 0.096092, -1.942505, -0.376896; 1, 15, 1, 0; 0.098410992885; 1, 0, 1; 1, 0, 0; 2, 1, 2 ;
0,71; 0.100907, -1.949727, -0.376206 / 0.100907, -1.949727, -0.376206 / 0.100907, -1.949727, -0.376206; 1, 15, 1, 0; 0.098411635806; 1, 0, 1; 1, 0, 0; 3, 1, 2 ;
0,71; 0.107674, -1.942540, -0.373567 / 0.107674, -1.942540, -0.373567 / 0.107674, -1.942540, -0.373567; 1, 15, 1, 0; 0.098412339002; 1, 0, 1; 1, 0, 0; 3, 1, 2 ;
0,71; -0.995578, -1.716771, 0.426110 / -0.995578, -1.716771, 0.426110 / -0.995578, -1.716771, 0.426110; 1, 23, 1, 0; 0.002485682066; 0, 1, 0; 0, 1, 0; 1, 1, 1 / 3, 3, 0 ;
0,71; -3.501249, -0.885377, 2.596339 / -3.500971, -0.885061, 2.596565 / -3.501527, -0.885693, 2.596113; 1, 36, 1, 0; 0.547894345641; 0, 2, 0; 2, 0, 0; 2, 1, 1 / 3, 6, 1 ;
1,72; 2.96171, -1.03561, -0.561848 / 2.96171, -1.03561, -0.561848 / 2.96171, -1.03561, -0.561848; 1, 12, 1, 0; 0.724355451495; 0, 1, 0; 1, 0, 0; 2, 1, 1 ;
0,72; 3.528061, 0.451450, 0.508802 / 3.528061, 0.451450, 0.508802 / 3.528061, 0.451450, 0.508802; 1, 19, 1, 0; 0.674348358368; 1, 0, 1; 1, 0, 0; 3, 1, 2 ;
1,73; -0.0695435, 3.79732, -1.06222 / -0.0695435, 3.79732, -1.06222 / -0.0695435, 3.79732, -1.06222; 1, 7, 1, 0; 0.815040172595; 1, 0, 1; 1, 0, 0; 2, 1, 2 ;
1,75; -0.133136, 0.95766, -4.52568 / -0.133136, 0.95766, -4.52568 / -0.133136, 0.95766, -4.52568; 1, 1, 1, 0; 0.084293522113; 1, 0, 1; 1, 0, 0; 3, 1, 2 ;
0,75; -0.133625, 0.955993, -4.524402 / -0.133625, 0.955993, -4.524402 / -0.133625, 0.955993, -4.524402; 1, 1, 1, 0; 0.084293569577; 1, 0, 1; 1, 0, 0; 3, 1, 2 ;
1,76; -3.58569, -2.67038, 1.17542 / -3.58569, -2.67038, 1.17542 / -3.58569, -2.67038, 1.17542; 1, 21, 1, 0; 0.758805442052; 1, 0, 1; 0, 1, 0; 1, 1, 2 ;
0,76; -3.580195, -2.670353, 1.178087 / -3.580195, -2.670353, 1.178087 / -3.580195, -2.670353, 1.178087; 1, 21, 1, 0; 0.758804401604; 1, 0, 1; 1, 0, 0; 3, 1, 2 ;
0,76; -3.583538, -2.670155, 1.178389 / -3.583538, -2.670155, 1.178389 / -3.583538, -2.670155, 1.178389; 1, 21, 1, 0; 0.758805274707; 1, 0, 1; 1, 0, 0; 3, 1, 2 ;
0,76; -2.210544, 0.392545, 0.762652 / -2.210544, 0.392545, 0.762652 / -2.210544, 0.392545, 0.762652; 1, 23, 1, 0; 0.184087760993; 0, 1, 0; 0, 1, 0; 4, 1, 1 ;
1,80; -1.54149, -0.569378, 2.35384 / -1.54149, -0.569378, 2.35384 / -1.54149, -0.569378, 2.35384; 1, 31, 1, 0; 0.995838631927; 1, 0, 1; 0, 1, 0; 4, 1, 2 ;
1,83; 1.37094, 3.57296, 1.20153 / 1.37094, 3.57296, 1.20153 / 1.37094, 3.57296, 1.20153; 1, 26, 1, 0; 0.501313171317; 1, 0, 1; 0, 1, 0; 1, 1, 2 ;
0,83; 0.331380, 3.598397, 1.680442 / 0.331380, 3.598397, 1.680442 / 0.331380, 3.598397, 1.680442; 1, 31, 1, 0; 0.121966263048; 1, 0, 1; 1, 0, 0; 2, 1, 2 ;
1,85; -0.193636, -1.09821, -0.725748 / -0.193636, -1.09821, -0.725748 / -0.193636, -1.09821, -0.725748; 1, 16, 1, 0; 0.016582765419; 0, 0, 0; 1, 0, 0; 2, 1, 3 ;
0,85; -0.192059, -1.099352, -0.728477 / -0.192059, -1.099352, -0.728477 / -0.192059, -1.099352, -0.728477; 1, 16, 1, 0; 0.016582845785; 1, 0, 1; 1, 0, 0; 1, 6, 0 / 3, 1, 2 ;
0,85; 3.620398, 0.209166, 1.091507 / 3.620398, 0.209166, 1.091507 / 3.620398, 0.209166, 1.091507; 1, 26, 1, 0; 0.161785907162; 1, 0, 1; 0, 1, 0; 1, 1, 2 ;
1,88; 1.63955, 3.27418, 0.0114109 / 1.63955, 3.27418, 0.0114109 / 1.63955, 3.27418, 0.0114109; 1, 20, 1, 0; 0.199556762206; 1, 0, 1; 1, 0, 0; 3, 1, 2 ;
0,88; 2.943076, 1.633221, 1.951395 / 2.943704, 1.633858, 1.951562 / 2.942448, 1.632584, 1.951228; 1, 28, 1, 0; 0.584770220047; 2, 1, 1; 2, 0, 0; 2, 7, 2 / 3, 1, 1 ;
1,91; -3.18407, -2.71346, 0.135146 / -3.18407, -2.71346, 0.135146 / -3.18407, -2.71346, 0.135146; 1, 18, 1, 0; 0.039250402428; 1, 0, 1; 1, 0, 0; 3, 1, 2 ;
0,91; -3.180516, -2.721729, 0.134321 / -3.180516, -2.721729, 0.134321 / -3.180516, -2.721729, 0.134321; 1, 18, 1, 0; 0.039251413730; 1, 0, 1; 1, 0, 0; 2, 1, 2 ;
0,91; 0.522568, -2.743136, 1.427507 / 0.522568, -2.743136, 1.427507 / 0.522568, -2.743136, 1.427507; 1, 22, 1, 0; 0.482363221110; 1, 0, 1; 0, 1, 0; 1, 1, 2 ;
1,92; 1.36931, -1.11911, 3.94144 / 1.37017, -1.11869, 3.94169 / 1.36846, -1.11954, 3.94119; 1, 46, 1, 0; 0.034434583060; 2, 1, 1; 1, 1, 0; 2, 4, 0 / 3, 1, 2 / 4, 4, 1 ;
0,92; 1.367155, -1.119290, 3.941524 / 1.367155, -1.119290, 3.941524 / 1.367155, -1.119290, 3.941524; 1, 46, 1, 0; 0.034435366746; 1, 0, 1; 0, 1, 0; 1, 1, 2 ;
1,93; 2.33351, -1.35572, -1.48301 / 2.33351, -1.35572, -1.48301 / 2.33351, -1.35572, -1.48301; 1, 8, 1, 0; 0.700667225074; 1, 0, 1; 1, 0, 0; 3, 1, 2 ;
1,94; 0.0671185, 0.680813, -1.39213 / 0.0674836, 0.681091, -1.39199 / 0.0667533, 0.680535, -1.39227; 1, 11, 1, 0; 0.335793830076; 0, 2, 0; 1, 1, 0; 1, 1, 1 / 3, 5, 0 / 3, 6, 1 ;
0,94; -0.316124, 0.447705, -1.593906 / -0.316124, 0.447705, -1.593906 / -0.316124, 0.447705, -1.593906; 1, 11, 1, 0; 0.052873707447; 1, 0, 1; 1, 0, 0; 2, 1, 2 ;
0,94; 2.697981, 1.819788, -0.182108 / 2.698005, 1.819798, -0.182095 / 2.697957, 1.819779, -0.182121; 1, 13, 1, 0; 0.793585271246; 0, 2, 0; 1, 1, 0; 1, 1, 1 / 2, 1, 1 ;
0,94; 2.758720, 1.841798, -0.147099 / 2.758720, 1.841798, -0.147099 / 2.758720, 1.841798, -0.147099; 1, 13, 1, 0; 0.793648581941; 1, 0, 1; 0, 1, 0; 4, 1, 2 ;
0,94; 2.700148, 1.824103, -0.183900 / 2.700148, 1.824103, -0.183900 / 2.700148, 1.824103, -0.183900; 1, 13, 1, 0; 0.793585498983; 1, 0, 1; 1, 0, 0; 3, 1, 2 ;
0,94; 3.612975, 2.121432, 0.397893 / 3.612975, 2.121432, 0.397893 / 3.612975, 2.121432, 0.397893; 1, 20, 1, 0; 0.458722091096; 1, 0, 1; 1, 0, 0; 2, 1, 2 ;
1,96; -2.69782, 1.18412, -0.774714 / -2.69782, 1.18412, -0.774714 / -2.69782, 1.18412, -0.774714; 1, 14, 1, 0; 0.077239558906; 1, 0, 1; 0, 1, 0; 1, 1, 2 ;
1,97; -0.562992, -1.66927, 0.00395038 / -0.562977, -1.66884, 0.00434351 / -0.563008, -1.66969, 0.00355725; 1, 15, 1, 0; 0.633716822575; 1, 0, 2; 2, 0, 0; 2, 1, 2 / 3, 1, 2 ;
0,97; -0.215106, 1.936747, 4.191018 / -0.215106, 1.936747, 4.191018 / -0.215106, 1.936747, 4.191018; 1, 46, 1, 0; 0.489708949064; 1, 0, 1; 0, 1, 0; 1, 1, 2 ;
0,97; -0.218038, 1.936713, 4.188590 / -0.218038, 1.936713, 4.188590 / -0.218038, 1.936713, 4.188590; 1, 46, 1, 0; 0.489698028018; 1, 0, 1; 1, 0, 0; 2, 1, 2 ;
0,97; -0.216852, 1.934126, 4.192396 / -0.216852, 1.934126, 4.192396 / -0.216852, 1.934126, 4.192396; 1, 46, 1, 0; 0.489708879544; 0, 1, 0; 1, 0, 0; 3, 1, 1 ;
1,100; 2.02164, 3.93923, -1.19336 / 2.02164, 3.93923, -1.19336 / 2.02164, 3.93923, -1.19336; 1, 13, 1, 0; 0.121242972488; 1, 0, 1; 0, 1, 0; 4, 1, 2 ;
0,100; 2.021580, 3.935818, -1.183421 / 2.021580, 3.935818, -1.183421 / 2.021580, 3.935818, -1.183421; 1, 13, 1, 0; 0.121243815728; 1, 0, 1; 1, 0, 0; 3, 1, 2 ;
0,100; 0.492262, 2.760665, 0.763226 / 0.492262, 2.760665, 0.763226 / 0.492262, 2.760665, 0.763226; 1, 25, 1, 0; 0.552562873430; 0, 1, 0; 1, 0, 0; 2, 1, 1 ;
0,100; -1.173661, 1.448079, 2.625905 / -1.173661, 1.448079, 2.625905 / -1.173661, 1.448079, 2.625905; 1, 38, 1, 0; 0.827370635023; 1, 0, 1; 1, 0, 0; 3, 1, 2 ;
0,100; -1.174122, 1.448399, 2.630447 / -1.174122, 1.448399, 2.630447 / -1.174122, 1.448399, 2.630447; 1, 38, 1, 0; 0.827397576492; 0, 1, 0; 1, 0, 0; 1, 1, 0 / 2, 1, 1 ;
0,100; -1.651561, 0.996970, 3.219926 / -1.651561, 0.996970, 3.219926 / -1.651561, 0.996970, 3.219926; 1, 42, 1, 0; 0.347487076141; 0, 1, 0; 0, 1, 0; 1, 1, 1 ;
1,101; -3.61314, -0.669477, -0.152169 / -3.61314, -0.669477, -0.152169 / -3.61314, -0.669477, -0.152169; 1, 10, 1, 0; 0.794917789125; 0, 1, 0; 0, 1, 0; 1, 1, 1 ;
0,101; -3.036200, -0.734595, 0.022969 / -3.036200, -0.734595, 0.022969 / -3.036200, -0.734595, 0.022969; 1, 14, 1, 0; 0.937518006556; 0, 1, 0; 1, 0, 0; 2, 1, 1 ;
0,101; 2.524432, -1.016107, 0.775817 / 2.524432, -1.016107, 0.775817 / 2.524432, -1.016107, 0.775817; 1, 19, 1, 0; 0.783488291204; 1, 0, 1; 1, 0, 0; 2, 1, 2 ;
1,102; 2.73945, -2.52492, 0.48736 / 2.73945, -2.52492, 0.48736 / 2.73945, -2.52492, 0.48736; 1, 19, 1, 0; 0.323685284173; 1, 0, 1; 1, 0, 0; 2, 1, 2 ;
0,102; 2.742611, -2.528878, 0.500901 / 2.742611, -2.528878, 0.500901 / 2.742611, -2.528878, 0.500901; 1, 19, 1, 0; 0.323699262126; 1, 0, 1; 1, 0, 0; 3, 1, 2 ;
1,105; 2.89208, -1.5976, -0.3943 / 2.89208, -1.5976, -0.3943 / 2.89208, -1.5976, -0.3943; 1, 12, 1, 0; 0.671373041430; 1, 0, 1; 1, 0, 0; 3, 1, 2 ;
1,106; 1.04483, -2.19314, 2.72869 / 1.04483, -2.19314, 2.72869 / 1.04483, -2.19314, 2.72869; 1, 34, 1, 0; 0.242988058443; 0, 0, 0; 1, 0, 0; 3, 1, 3 ;
0,106; 0.812988, -2.612759, 3.192809 / 0.813498, -2.611849, 3.193643 / 0.812479, -2.613668, 3.191975; 1, 40, 1, 0; 0.840118591859; 2, 2, 2; 3, 1, 0; 1, 6, 2 / 2, 1, 2 / 2, 6, 1 / 3, 4, 1 ;
0,106; 0.810668, -2.613391, 3.200837 / 0.810668, -2.613391, 3.200837 / 0.810668, -2.613391, 3.200837; 1, 40, 1, 0; 0.840147163288; 1, 0, 1; 0, 1, 0; 4, 1, 2 ;
0,106; 0.798415, -2.621694, 3.183366 / 0.798415, -2.621694, 3.183366 / 0.798415, -2.621694, 3.183366; 1, 40, 1, 0; 0.840095080937; 1, 0, 1; 1, 0, 0; 3, 1, 2 ;
0,106; 0.810253, -2.617041, 3.189505 / 0.810253, -2.617041, 3.189505 / 0.810253, -2.617041, 3.189505; 1, 40, 1, 0; 0.840120917806; 1, 0, 1; 1, 0, 0; 3, 1, 2 ;
1,108; 0.758796, 3.42536, -2.77544 / 0.758796, 3.42536, -2.77544 / 0.758796, 3.42536, -2.77544; 1, 4, 1, 0; 0.203729042501; 1, 0, 1; 1, 0, 0; 2, 1, 2 ;
0,108; 1.937414, 2.111970, -1.979369 / 1.937414, 2.111970, -1.979369 / 1.937414, 2.111970, -1.979369; 1, 4, 1, 0; 0.763410840718; 1, 0, 1; 1, 0, 0; 2, 1, 2 ;
1,109; 3.28064, -2.51586, -1.45112 / 3.28064, -2.51586, -1.45112 / 3.28064, -2.51586, -1.45112; 1, 8, 1, 0; 0.556503516636; 1, 0, 1; 1, 0, 0; 3, 1, 2 ;
0,109; 3.277534, -2.517197, -1.452929 / 3.277534, -2.517197, -1.452929 / 3.277534, -2.517197, -1.452929; 1, 8, 1, 0; 0.556512312062; 1, 0, 1; 1, 0, 0; 3, 1, 2 ;
0,109; 1.993229, -2.288090, -0.322480 / 1.993296, -2.287861, -0.321975 / 1.993162, -2.288319, -0.322984; 1, 12, 1, 0; 0.616181201164; 1, 0, 2; 2, 0, 0; 2, 1, 2 / 2, 5, 2 ;
0,109; -1.426075, -1.572497, 2.731698 / -1.425550, -1.572460, 2.732007 / -1.426600, -1.572534, 2.731389; 1, 34, 1, 0; 0.364680893259; 2, 1, 1; 1, 1, 0; 2, 1, 2 / 4, 5, 1 ;
1,110; -1.20571, -1.83684, -2.12434 / -1.20571, -1.83684, -2.12434 / -1.20571, -1.83684, -2.12434; 1, 5, 1, 0; 0.854768133927; 1, 0, 1; 0, 1, 0; 4, 1, 2 ;
0,110; 1.772508, 1.770766, 2.044091 / 1.772508, 1.770766, 2.044091 / 1.772508, 1.770766, 2.044091; 1, 28, 1, 0; 0.568352468617; 1, 0, 1; 1, 0, 0; 3, 1, 2 ;
1,111; -1.05208, 0.501034, 2.8735 / -1.05208, 0.501034, 2.8735 / -1.05208, 0.501034, 2.8735; 1, 39, 1, 0; 0.106778705013; 1, 0, 1; 0, 1, 0; 1, 1, 2 ;
1,112; -1.53928, -2.13561, -2.38615 / -1.53927, -2.13557, -2.38585 / -1.53929, -2.13565, -2.38645; 1, 5, 1, 0; 0.520080866418; 2, 1, 1; 1, 1, 0; 3, 1, 2 / 4, 2, 1 ;
1,113; 2.88261, 0.321885, 2.18318 / 2.88261, 0.321885, 2.18318 / 2.88261, 0.321885, 2.18318; 1, 28, 1, 0; 0.965614170792; 1, 0, 1; 0, 1, 0; 1, 1, 2 ;
0,113; 1.566338, 0.161653, 2.303526 / 1.566338, 0.161653, 2.303526 / 1.566338, 0.161653, 2.303526; 1, 28, 1, 0; 0.922275892489; 1, 0, 1; 1, 0, 0; 1, 1, 0 / 2, 4, 0 / 3, 1, 2 ;
0,113; 3.971900, 0.391630, 2.284313 / 3.971900, 0.391630, 2.284313 / 3.971900, 0.391630, 2.284313; 1, 28, 1, 0; 0.955920362963; 1, 0, 1; 1, 0, 0; 2, 1, 2 ;
0,113; -2.963828, -0.434909, 2.797382 / -2.963305, -0.434806, 2.797517 / -2.964352, -0.435012, 2.797247; 1, 36, 1, 0; 0.983842114891; 2, 1, 1; 1, 1, 0; 1, 5, 1 / 3, 1, 2 ;
1,114; 1.30048, 1.59076, 1.69116 / 1.30048, 1.59076, 1.69116 / 1.30048, 1.59076, 1.69116; 1, 28, 1, 0; 0.259155828250; 1, 0, 1; 1, 0, 0; 2, 1, 2 ;
0,114; 0.719408, 0.557118, 3.564192 / 0.719408, 0.557118, 3.564192 / 0.719408, 0.557118, 3.564192; 1, 44, 1, 0; 0.845253546963; 0, 1, 0; 0, 1, 0; 1, 1, 1 ;
0,114; 0.723553, 0.553514, 3.579779 / 0.723553, 0.553514, 3.579779 / 0.723553, 0.553514, 3.579779; 1, 44, 1, 0; 0.845289700038; 1, 0, 1; 1, 0, 0; 2, 1, 2 ;
1,115; 1.92609, -3.79675, -1.08252 / 1.92609, -3.79675, -1.08252 / 1.92609, -3.79675, -1.08252; 1, 8, 1, 0; 0.951016163129; 1, 0, 1; 1, 0, 0; 2, 1, 2 ;
0,115; 1.653447, -3.862998, 0.264183 / 1.653447, -3.862998, 0.264183 / 1.653447, -3.862998, 0.264183; 1, 15, 1, 0; 0.919377926632; 1, 0, 1; 1, 0, 0; 3, 1, 2 ;
1,116; 0.379504, 1.90167, -3.26759 / 0.379504, 1.90167, -3.26759 / 0.379504, 1.90167, -3.26759; 1, 2, 1, 0; 0.232113291027; 1, 0, 1; 1, 0, 0; 3, 1, 2 ;
1,117; 0.639191, 1.40837, 0.706791 / 0.639191, 1.40837, 0.706791 / 0.639191, 1.40837, 0.706791; 1, 25, 1, 0; 0.676674827483; 0, 0, 0; 0, 1, 0; 4, 1, 3 ;
0,117; 0.709594, 1.560610, 0.644372 / 0.709594, 1.560610, 0.644372 / 0.709594, 1.560610, 0.644372; 1, 25, 1, 0; 0.673457168574; 1, 0, 1; 1, 0, 0; 2, 1, 2 ;
0,117; -0.871442, -1.168726, 1.943665 / -0.871442, -1.168726, 1.943665 / -0.871442, -1.168726, 1.943665; 1, 30, 1, 0; 0.464153759532; 0, 1, 0; 0, 1, 0; 4, 1, 1 ;
1,118; 2.18554, -0.805125, -1.6892 / 2.18554, -0.805125, -1.6892 / 2.18554, -0.805125, -1.6892; 1, 4, 1, 0; 0.988260194151; 0, 1, 0; 0, 1, 0; 1, 1, 1 ;
0,118; 2.208946, -0.859344, -1.728760 / 2.208946, -0.859344, -1.728760 / 2.208946, -0.859344, -1.728760; 1, 4, 1, 0; 0.988611016413; 1, 0, 1; 0, 1, 0; 1, 1, 2 ;
1,120; -2.37505, -2.01687, -0.0499155 / -2.37505, -2.01687, -0.0499155 / -2.37505, -2.01687, -0.0499155; 1, 10, 1, 0; 0.882148285602; 1, 0, 1; 0, 1, 0; 4, 1, 2 / 4, 2, 0 ;
0,120; -3.255683, -2.153708, 1.564852 / -3.255683, -2.153708, 1.564852 / -3.255683, -2.153708, 1.564852; 1, 24, 1, 0; 0.640063708341; 1, 0, 1; 1, 0, 0; 2, 1, 2 ;
1,121; 1.79082, 2.88032, -0.795651 / 1.79082, 2.88032, -0.795651 / 1.79082, 2.88032, -0.795651; 1, 13, 1, 0; 0.283856899118; 1, 0, 1; 0, 1, 0; 4, 1, 2 ;
1,123; 1.19705, -2.33654, 0.761479 / 1.19718, -2.33602, 0.76151 / 1.19692, -2.33707, 0.761448; 1, 18, 1, 0; 0.520076775218; 1, 0, 2; 1, 1, 0; 1, 6, 0 / 2, 5, 2 / 3, 1, 0 / 4, 1, 2 ;
0,123; 0.783989, -2.188984, 0.758161 / 0.783989, -2.188984, 0.758161 / 0.783989, -2.188984, 0.758161; 1, 18, 1, 0; 0.523560339128; 1, 0, 1; 1, 0, 0; 2, 1, 2 / 3, 3, 0 / 3, 5, 0 / 4, 7, 0 ;
0,123; -2.110427, -1.051106, 0.822040 / -2.110427, -1.051106, 0.822040 / -2.110427, -1.051106, 0.822040; 1, 21, 1, 0; 0.331451832353; 1, 0, 1; 1, 0, 0; 3, 1, 2 ;
0,123; -4.492781, -0.152073, 0.903637 / -4.492781, -0.152073, 0.903637 / -4.492781, -0.152073, 0.903637; 1, 21, 1, 0; 0.440918577307; 1, 0, 1; 1, 0, 0; 2, 1, 2 ;
1,124; 2.80166, -1.82438, -1.3971 / 2.80166, -1.82438, -1.3971 / 2.80166, -1.82438, -1.3971; 1, 8, 1, 0; 0.679340787968; 1, 0, 1; 0, 1, 0; 4, 1, 2 ;
1,126; 3.95821, -0.528554, -0.123286 / 3.95859, -0.527815, -0.122536 / 3.95782, -0.529293, -0.124036; 1, 19, 1, 0; 0.051343054989; 1, 0, 3; 2, 1, 0; 2, 1, 2 / 2, 5, 2 / 4, 9, 2 ;
0,126; 3.963282, -0.538577, -0.129783 / 3.963399, -0.537465, -0.129762 / 3.963165, -0.539688, -0.129803; 1, 19, 1, 0; 0.051328267139; 1, 0, 2; 1, 1, 0; 1, 10, 2 / 2, 1, 2 ;
0,126; 3.954181, -0.531992, -0.125551 / 3.954181, -0.531992, -0.125551 / 3.954181, -0.531992, -0.125551; 1, 19, 1, 0; 0.051342924827; 1, 0, 1; 0, 1, 0; 1, 1, 2 ;
0,126; 3.967247, -0.535422, -0.118624 / 3.967247, -0.535422, -0.118624 / 3.967247, -0.535422, -0.118624; 1, 19, 1, 0; 0.051340292662; 1, 0, 1; 1, 0, 0; 2, 1, 2 ;
0,126; 3.957579, -0.529107, -0.124087 / 3.958050, -0.528358, -0.123322 / 3.957107, -0.529857, -0.124851; 1, 19, 1, 0; 0.051343026064; 1, 0, 1; 3, 0, 0; 2, 5, 2 / 2, 9, 2 / 3, 1, 2 / 3, 4, 0 ;
0,126; 3.957928, -0.523335, -0.119848 / 3.957928, -0.523335, -0.119848 / 3.957928, -0.523335, -0.119848; 1, 19, 1, 0; 0.051344414459; 1, 0, 1; 1, 0, 0; 3, 1, 2 ;
0,126; 3.467694, -0.564255, 0.459398 / 3.467694, -0.564255, 0.459398 / 3.467694, -0.564255, 0.459398; 1, 19, 1, 0; 0.547065483060; 1, 0, 1; 1, 0, 0; 3, 1, 2 ;
0,126; 2.994470, -0.570102, 1.013206 / 2.994470, -0.570102, 1.013206 / 2.994470, -0.570102, 1.013206; 1, 26, 1, 0; 0.102734987784; 0, 1, 0; 0, 1, 0; 1, 1, 1 / 4, 4, 0 ;
0,126; 2.994045, -0.570342, 1.025301 / 2.994243, -0.569815, 1.025529 / 2.993847, -0.570869, 1.025073; 1, 26, 1, 0; 0.102750289315; 0, 2, 0; 2, 0, 0; 1, 7, 0 / 2, 6, 0 / 2, 7, 1 / 3, 1, 1 ;
0,126; 2.999309, -0.570935, 1.018448 / 2.999309, -0.570935, 1.018448 / 2.999309, -0.570935, 1.018448; 1, 26, 1, 0; 0.102733727658; 1, 0, 1; 1, 0, 0; 2, 1, 2 ;
0,126; 2.997944, -0.575028, 1.032092 / 2.997944, -0.575028, 1.032092 / 2.997944, -0.575028, 1.032092; 1, 26, 1, 0; 0.102749260640; 1, 0, 1; 1, 0, 0; 2, 1, 2 ;
0,126; 2.996435, -0.577341, 1.025031 / 2.996435, -0.577341, 1.025031 / 2.996435, -0.577341, 1.025031; 1, 26, 1, 0; 0.102749749261; 1, 0, 1; 1, 0, 0; 2, 1, 2 ;
0,126; 2.993366, -0.572620, 1.023726 / 2.993366, -0.572620, 1.023726 / 2.993366, -0.572620, 1.023726; 1, 26, 1, 0; 0.102750100724; 1, 0, 1; 1, 0, 0; 2, 1, 2 / 4, 4, 0 ;
0,126; 2.558666, -0.662898, 1.413007 / 2.559190, -0.662472, 1.413424 / 2.558141, -0.663324, 1.412590; 1, 27, 1, 0; 0.303092678129; 2, 1, 1; 1, 1, 0; 1, 1, 1 / 2, 6, 2 ;
0,126; 2.575012, -0.663324, 1.415794 / 2.575012, -0.663324, 1.415794 / 2.575012, -0.663324, 1.415794; 1, 27, 1, 0; 0.303095670895; 1, 0, 1; 0, 1, 0; 1, 1, 2 ;
0,126; 2.566882, -0.662826, 1.410809 / 2.566882, -0.662826, 1.410809 / 2.566882, -0.662826, 1.410809; 1, 27, 1, 0; 0.303077152581; 1, 0, 1; 1, 0, 0; 3, 1, 2 ;
0,126; 2.564365, -0.664040, 1.412971 / 2.564365, -0.664040, 1.412971 / 2.564365, -0.664040, 1.412971; 1, 27, 1, 0; 0.303093083304; 1, 0, 1; 1, 0, 0; 3, 1, 2 ;
0,126; 2.571388, -0.657849, 1.416484 / 2.571388, -0.657849, 1.416484 / 2.571388, -0.657849, 1.416484; 1, 27, 1, 0; 0.303095210470; 1, 0, 1; 1, 0, 0; 3, 1, 2 ;
0,126; 1.645971, -0.819156, 2.602093 / 1.646119, -0.818918, 2.602569 / 1.645823, -0.819394, 2.601616; 1, 34, 1, 0; 0.659507607223; 0, 2, 0; 0, 2, 0; 1, 1, 1 / 1, 3, 1 ;
0,126; 1.654387, -0.826006, 2.591497 / 1.654387, -0.826006, 2.591497 / 1.654387, -0.826006, 2.591497; 1, 34, 1, 0; 0.659487164136; 1, 0, 1; 1, 0, 0; 3, 1, 2 ;
1,127; 3.08058, 0.605871, 0.565372 / 3.08058, 0.605871, 0.565372 / 3.08058, 0.605871, 0.565372; 1, 19, 1, 0; 0.668705972701; 1, 0, 1; 1, 0, 0; 3, 1, 2 ;
1,128; 1.06847, 1.12936, -2.8003 / 1.06847, 1.12936, -2.8003 / 1.06847, 1.12936, -2.8003; 1, 2, 1, 0; 0.662534601255; 0, 1, 0; 0, 1, 0; 4, 1, 1 ;
0,128; 1.104740, 1.197308, -2.687686 / 1.104740, 1.197308, -2.687686 / 1.104740, 1.197308, -2.687686; 1, 3, 1, 0; 0.710345938257; 1, 0, 1; 1, 0, 0; 3, 1, 2 ;
0,128; 2.417013, 2.285879, -0.803442 / 2.417013, 2.285879, -0.803442 / 2.417013, 2.285879, -0.803442; 1, 12, 1, 0; 0.259203829710; 1, 0, 1; 0, 1, 0; 4, 1, 2 ;
0,128; 2.386404, 2.253624, -0.850301 / 2.386404, 2.253624, -0.850301 / 2.386404, 2.253624, -0.850301; 1, 12, 1, 0; 0.258934865401; 1, 0, 1; 1, 0, 0; 2, 1, 2 ;
0,128; 2.415122, 2.288432, -0.803898 / 2.415122, 2.288432, -0.803898 / 2.415122, 2.288432, -0.803898; 1, 12, 1, 0; 0.259204012808; 0, 1, 0; 1, 0, 0; 1, 2, 0 / 2, 1, 1 ;
0,128; 2.999635, 2.856417, 0.165857 / 2.999635, 2.856417, 0.165857 / 2.999635, 2.856417, 0.165857; 1, 20, 1, 0; 0.221715079703; 1, 0, 1; 1, 0, 0; 3, 1, 2 ;
1,129; -1.6207, 2.76717, 0.121413 / -1.6207, 2.76717, 0.121413 / -1.6207, 2.76717, 0.121413; 1, 14, 1, 0; 0.660417360647; 1, 0, 1; 0, 1, 0; 4, 1, 2 ;
0,129; 1.269242, 2.228911, 2.041728 / 1.269242, 2.228911, 2.041728 / 1.269242, 2.228911, 2.041728; 1, 28, 1, 0; 0.504344611917; 0, 0, 0; 0, 1, 0; 4, 1, 3 ;
0,129; 1.196978, 2.251801, 1.992041 / 1.196978, 2.251801, 1.992041 / 1.196978, 2.251801, 1.992041; 1, 31, 1, 0; 0.213642028756; 1, 0, 1; 1, 0, 0; 3, 1, 2 ;
0,129; 1.195461, 2.248340, 1.990808 / 1.195461, 2.248340, 1.990808 / 1.195461, 2.248340, 1.990808; 1, 31, 1, 0; 0.213643427761; 1, 0, 1; 1, 0, 0; 3, 1, 2 / 4, 4, 0 ;
0,129; 2.037690, 2.027483, 2.613143 / 2.037690, 2.027483, 2.613143 / 2.037690, 2.027483, 2.613143; 1, 38, 1, 0; 0.656045864791; 1, 0, 1; 1, 0, 0; 2, 4, 0 / 3, 1, 2 / 4, 1, 0 ;
0,129; 2.488989, 1.933586, 2.968940 / 2.488989, 1.933586, 2.968940 / 2.488989, 1.933586, 2.968940; 1, 39, 1, 0; 0.794118434701; 1, 0, 1; 1, 0, 0; 3, 1, 2 ;
1,130; -1.71197, 1.44114, -0.945962 / -1.71197, 1.44114, -0.945962 / -1.71197, 1.44114, -0.945962; 1, 7, 1, 0; 0.531181517129; 1, 0, 1; 1, 0, 0; 2, 1, 2 ;
0,130; 0.188906, -1.618539, 1.949904 / 0.188906, -1.618539, 1.949904 / 0.188906, -1.618539, 1.949904; 1, 30, 1, 0; 0.345248070262; 1, 0, 1; 1, 0, 0; 2, 1, 2 ;
1,131; 0.130998, 2.07914, -2.16829 / 0.130998, 2.07914, -2.16829 / 0.130998, 2.07914, -2.16829; 1, 4, 1, 0; 0.333128035881; 0, 1, 0; 0, 1, 0; 4, 1, 1 ;
0,131; 0.128382, 1.973010, -2.245774 / 0.128382, 1.973010, -2.245774 / 0.128382, 1.973010, -2.245774; 1, 4, 1, 0; 0.333067352523; 1, 0, 1; 1, 0, 0; 2, 1, 2 ;
1,132; 3.54397, -0.569893, -0.882488 / 3.54488, -0.569526, -0.881974 / 3.54305, -0.57026, -0.883003; 1, 12, 1, 0; 0.486166599150; 2, 2, 2; 1, 3, 1; 1, 2, 2 / 2, 2, 1 / 3, 2, 0 / 4, 1, 2 / 4, 2, 1 ;
0,132; 4.220768, -0.822384, -1.142094 / 4.221463, -0.822156, -1.141837 / 4.220072, -0.822611, -1.142350; 1, 12, 1, 0; 0.140016318553; 2, 1, 1; 1, 1, 0; 1, 1, 2 / 3, 3, 1 ;
0,132; 4.217428, -0.819671, -1.144337 / 4.217428, -0.819671, -1.144337 / 4.217428, -0.819671, -1.144337; 1, 12, 1, 0; 0.140026182923; 1, 0, 1; 1, 0, 0; 3, 1, 2 ;
1,133; -2.45446, -1.38437, -2.71973 / -2.45446, -1.38437, -2.71973 / -2.45446, -1.38437, -2.71973; 1, 5, 1, 0; 0.345274911513; 1, 0, 1; 1, 0, 0; 2, 1, 2 ;
0,133; -2.834818, -0.838978, 0.779707 / -2.834818, -0.838978, 0.779707 / -2.834818, -0.838978, 0.779707; 1, 21, 1, 0; 0.357185239027; 1, 0, 1; 0, 1, 0; 1, 1, 2 ;
0,133; -3.045978, -0.868667, 1.709370 / -3.045978, -0.868667, 1.709370 / -3.045978, -0.868667, 1.709370; 1, 24, 1, 0; 0.737773127066; 1, 0, 1; 0, 1, 0; 1, 1, 2 ;
1,134; 0.743148, 2.82922, 3.16286 / 0.743148, 2.82922, 3.16286 / 0.743148, 2.82922, 3.16286; 1, 43, 1, 0; 0.296706187425; 1, 0, 1; 1, 0, 0; 3, 1, 2 ;
1,135; 2.96133, -0.299877, 0.759537 / 2.96133, -0.299877, 0.759537 / 2.96133, -0.299877, 0.759537; 1, 20, 1, 0; 0.948606348146; 1, 0, 1; 1, 0, 0; 3, 1, 2 ;
0,135; 2.542393, 1.381310, 1.146933 / 2.542393, 1.381310, 1.146933 / 2.542393, 1.381310, 1.146933; 1, 26, 1, 0; 0.266832634692; 1, 0, 1; 0, 1, 0; 1, 1, 2 ;
0,135; 2.540801, 1.376720, 1.147398 / 2.540801, 1.376720, 1.147398 / 2.540801, 1.376720, 1.147398; 1, 26, 1, 0; 0.266817658909; 1, 0, 1; 1, 0, 0; 2, 1, 2 ;
0,135; 2.546736, 1.383790, 1.137887 / 2.546736, 1.383790, 1.137887 / 2.546736, 1.383790, 1.137887; 1, 26, 1, 0; 0.266831828897; 1, 0, 1; 1, 0, 0; 2, 10, 0 / 3, 1, 2 / 4, 5, 0 ;
0,135; 2.221158, 3.301766, 1.685702 / 2.221531, 3.302316, 1.686051 / 2.220785, 3.301216, 1.685352; 1, 28, 1, 0; 0.388326279615; 2, 1, 2; 3, 0, 0; 1, 2, 0 / 2, 1, 1 / 2, 2, 2 / 2, 3, 2 ;
1,136; 1.30285, 0.476356, 2.49373 / 1.30285, 0.476356, 2.49373 / 1.30285, 0.476356, 2.49373; 1, 35, 1, 0; 0.022223987036; 1, 0, 1; 1, 0, 0; 3, 1, 2 ;
1,137; 1.02489, 1.40999, -1.92482 / 1.02489, 1.40999, -1.92482 / 1.02489, 1.40999, -1.92482; 1, 4, 1, 0; 0.717305580741; 1, 0, 1; 0, 1, 0; 1, 1, 2 ;
0,137; 1.026978, 1.402076, -1.924446 / 1.026978, 1.402076, -1.924446 / 1.026978, 1.402076, -1.924446; 1, 4, 1, 0; 0.717305886999; 0, 1, 0; 0, 1, 0; 1, 1, 1 ;
0,137; 1.023778, 1.397413, -1.922614 / 1.023778, 1.397413, -1.922614 / 1.023778, 1.397413, -1.922614; 1, 4, 1, 0; 0.717298311150; 1, 0, 1; 1, 0, 0; 3, 1, 2 ;
1,138; -1.71914, -1.31833, -3.658 / -1.71914, -1.31833, -3.658 / -1.71914, -1.31833, -3.658; 1, 1, 1, 0; 0.858129024552; 1, 0, 1; 1, 0, 0; 2, 1, 2 ;
0,138; -1.722568, -1.320065, -3.659364 / -1.722568, -1.320065, -3.659364 / -1.722568, -1.320065, -3.659364; 1, 1, 1, 0; 0.858135891010; 1, 0, 1; 1, 0, 0; 3, 1, 2 ;
0,138; -1.752540, -1.055662, -3.067317 / -1.752540, -1.055662, -3.067317 / -1.752540, -1.055662, -3.067317; 1, 5, 1, 0; 0.101981188021; 1, 0, 1; 1, 0, 0; 3, 1, 2 ;
0,138; -2.192210, 0.435241, 2.660436 / -2.192210, 0.435241, 2.660436 / -2.192210, 0.435241, 2.660436; 1, 36, 1, 0; 0.375742419675; 0, 1, 0; 0, 1, 0; 1, 1, 1 ;
1,139; -0.895703, 0.0899868, 4.2066 / -0.895703, 0.0899868, 4.2066 / -0.895703, 0.0899868, 4.2066; 1, 46, 1, 0; 0.659840943305; 1, 0, 1; 1, 0, 0; 3, 1, 2 ;
1,140; 2.04663, -0.902474, -3.67165 / 2.04663, -0.902474, -3.67165 / 2.04663, -0.902474, -3.67165; 1, 1, 1, 0; 0.824185462410; 0, 1, 0; 1, 0, 0; 2, 1, 1 ;
1,143; 3.1549, -0.865613, -1.99591 / 3.1549, -0.865613, -1.99591 / 3.1549, -0.865613, -1.99591; 1, 4, 1, 0; 0.528805240231; 1, 0, 1; 1, 0, 0; 3, 1, 2 ;
0,143; 3.121929, -0.746140, -1.769453 / 3.121929, -0.746140, -1.769453 / 3.121929, -0.746140, -1.769453; 1, 4, 1, 0; 0.993306817861; 1, 0, 1; 1, 0, 0; 2, 1, 2 / 2, 4, 0 ;
0,143; 3.087868, 1.063387, 1.178297 / 3.087868, 1.063387, 1.178297 / 3.087868, 1.063387, 1.178297; 1, 26, 1, 0; 0.224654605461; 0, 0, 0; 1, 0, 0; 3, 1, 3 ;
0,143; 3.097948, 1.411903, 1.678149 / 3.098062, 1.411969, 1.678374 / 3.097835, 1.411837, 1.677923; 1, 28, 1, 0; 0.215231824243; 2, 1, 1; 1, 1, 0; 1, 1, 2 / 2, 2, 1 ;
1,144; 2.90795, 1.25852, 2.19284 / 2.9081, 1.25857, 2.19304 / 2.90779, 1.25847, 2.19265; 1, 31, 1, 0; 0.617698107928; 2, 1, 1; 1, 1, 0; 3, 1, 1 / 4, 1, 2 ;
1,145; 0.729713, 3.09628, 2.18579 / 0.729713, 3.09628, 2.18579 / 0.729713, 3.09628, 2.18579; 1, 38, 1, 0; 0.072680921153; 0, 1, 0; 1, 0, 0; 2, 1, 1 ;
1,146; -1.16629, -3.5406, 2.6823 / -1.16629, -3.5406, 2.6823 / -1.16629, -3.5406, 2.6823; 1, 36, 1, 0; 0.778070646643; 1, 0, 1; 1, 0, 0; 2, 1, 2 ;
0,146; -1.324776, -1.870012, 3.852665 / -1.324776, -1.870012, 3.852665 / -1.324776, -1.870012, 3.852665; 1, 45, 1, 0; 0.877278007862; 1, 0, 1; 0, 1, 0; 1, 1, 2 ;
1,148; -1.64944, -1.63128, -0.213919 / -1.64944, -1.63128, -0.213919 / -1.64944, -1.63128, -0.213919; 1, 10, 1, 0; 0.870338327083; 1, 0, 1; 1, 0, 0; 3, 1, 2 ;
0,148; -1.566541, -1.717506, 0.539297 / -1.566541, -1.717506, 0.539297 / -1.566541, -1.717506, 0.539297; 1, 21, 1, 0; 0.209181196559; 1, 0, 1; 0, 1, 0; 1, 1, 2 ;
1,150; -2.08576, -0.448217, 1.86343 / -2.08576, -0.448217, 1.86343 / -2.08576, -0.448217, 1.86343; 1, 30, 1, 0; 0.578756677616; 0, 0, 0; 1, 0, 0; 2, 1, 3 ;
1,151; -3.39191, 1.40745, 2.21263 / -3.39191, 1.40745, 2.21263 / -3.39191, 1.40745, 2.21263; 1, 37, 1, 0; 0.071905894671; 0, 0, 0; 0, 1, 0; 4, 1, 3 ;
1,152; -2.02698, 2.60875, -2.54158 / -2.02698, 2.60875, -2.54158 / -2.02698, 2.60875, -2.54158; 1, 6, 1, 0; 0.093246022107; 1, 0, 1; 1, 0, 0; 2, 1, 2 ;
0,152; 1.625666, 0.187536, -0.051924 / 1.625666, 0.187536, -0.051924 / 1.625666, 0.187536, -0.051924; 1, 16, 1, 0; 0.510315165445; 0, 1, 0; 0, 1, 0; 4, 1, 1 ;
0,152; 2.603106, -0.479608, 0.528594 / 2.603295, -0.479362, 0.528792 / 2.602917, -0.479855, 0.528396; 1, 19, 1, 0; 0.557797311721; 1, 0, 2; 1, 1, 0; 1, 1, 2 / 2, 3, 2 ;
1,153; 2.80987, 0.792703, 0.422803 / 2.81015, 0.792869, 0.423419 / 2.80959, 0.792537, 0.422187; 1, 19, 1, 0; 0.699673720001; 2, 2, 1; 1, 2, 0; 1, 5, 2 / 1, 6, 1 / 3, 1, 1 ;
0,153; 3.137241, 1.135303, 0.104972 / 3.137241, 1.135303, 0.104972 / 3.137241, 1.135303, 0.104972; 1, 19, 1, 0; 0.111654445900; 1, 0, 1; 1, 0, 0; 3, 1, 2 ;
0,153; 2.810592, 0.796417, 0.420354 / 2.810592, 0.796417, 0.420354 / 2.810592, 0.796417, 0.420354; 1, 19, 1, 0; 0.699672787174; 1, 0, 1; 1, 0, 0; 3, 1, 2 ;
1,158; -0.613632, 0.644526, -0.788633 / -0.613632, 0.644526, -0.788633 / -0.613632, 0.644526, -0.788633; 1, 13, 1, 0; 0.334661879280; 1, 0, 1; 0, 1, 0; 1, 1, 2 / 1, 2, 0 ;
1,161; -0.886562, -0.405266, 1.63297 / -0.886505, -0.404984, 1.63304 / -0.886619, -0.405549, 1.6329; 1, 30, 1, 0; 0.216510456240; 0, 1, 0; 2, 0, 0; 2, 4, 1 / 3, 1, 3 ;
1,162; 1.41335, -0.283536, 2.24652 / 1.41335, -0.283536, 2.24652 / 1.41335, -0.283536, 2.24652; 1, 28, 1, 0; 0.914946535390; 1, 0, 1; 0, 1, 0; 4, 1, 2 ;
0,162; -0.126949, -0.859453, 2.846647 / -0.126949, -0.859453, 2.846647 / -0.126949, -0.859453, 2.846647; 1, 36, 1, 0; 0.870436282504; 1, 0, 1; 1, 0, 0; 3, 1, 2 / 4, 1, 0 ;
1,165; 3.60567, -1.1812, -0.779047 / 3.60567, -1.1812, -0.779047 / 3.60567, -1.1812, -0.779047; 1, 12, 1, 0; 0.541926876634; 1, 0, 1; 1, 0, 0; 2, 1, 2 ;
0,165; -0.512885, 0.034048, 0.950870 / -0.512885, 0.034048, 0.950870 / -0.512885, 0.034048, 0.950870; 1, 23, 1, 0; 0.508449251329; 0, 1, 0; 1, 0, 0; 3, 1, 1 ;
0,165; -2.636161, 0.558751, 1.943001 / -2.636161, 0.558751, 1.943001 / -2.636161, 0.558751, 1.943001; 1, 30, 1, 0; 0.808113668510; 1, 0, 1; 0, 1, 0; 1, 1, 2 ;
1,166; -1.80633, 1.68278, 3.00638 / -1.80633, 1.68278, 3.00638 / -1.80633, 1.68278, 3.00638; 1, 39, 1, 0; 0.682507920792; 0, 1, 0; 0, 1, 0; 4, 1, 1 ;
0,166; -0.230849, 2.037512, 3.104674 / -0.230849, 2.037512, 3.104674 / -0.230849, 2.037512, 3.104674; 1, 42, 1, 0; 0.903183629362; 1, 0, 1; 1, 0, 0; 1, 3, 0 / 3, 1, 2 ;
0,166; -0.229335, 2.042673, 3.110740 / -0.229335, 2.042673, 3.110740 / -0.229335, 2.042673, 3.110740; 1, 42, 1, 0; 0.903189574963; 1, 0, 1; 1, 0, 0; 2, 1, 2 ;
0,166; -0.232365, 2.043835, 3.114384 / -0.232365, 2.043835, 3.114384 / -0.232365, 2.043835, 3.114384; 1, 42, 1, 0; 0.903192412162; 1, 0, 1; 1, 0, 0; 3, 1, 2 ;
0,166; -0.231899, 2.037821, 3.119614 / -0.231899, 2.037821, 3.119614 / -0.231899, 2.037821, 3.119614; 1, 42, 1, 0; 0.903198378624; 0, 1, 0; 1, 0, 0; 3, 1, 1 ;
0,166; -0.240387, 2.040332, 3.106571 / -0.240387, 2.040332, 3.106571 / -0.240387, 2.040332, 3.106571; 1, 42, 1, 0; 0.903223329286; 1, 0, 1; 1, 0, 0; 3, 1, 2 ;
1,167; 0.207843, 0.665257, 4.41412 / 0.208065, 0.665555, 4.41443 / 0.207621, 0.664959, 4.41382; 1, 46, 1, 0; 0.979228024871; 2, 1, 1; 1, 1, 0; 1, 5, 2 / 3, 1, 1 ;
1,168; 2.45803, 1.20369, -2.54372 / 2.45803, 1.20369, -2.54372 / 2.45803, 1.20369, -2.54372; 1, 3, 1, 0; 0.704258493615; 1, 0, 1; 1, 0, 0; 3, 1, 2 ;
0,168; -0.637023, 0.894858, 2.671776 / -0.637023, 0.894858, 2.671776 / -0.637023, 0.894858, 2.671776; 1, 38, 1, 0; 0.928432496311; 0, 1, 0; 1, 0, 0; 3, 1, 1 ;
1,169; 0.519395, -0.240941, -3.00625 / 0.519395, -0.240941, -3.00625 / 0.519395, -0.240941, -3.00625; 1, 2, 1, 0; 0.547405095735; 1, 0, 1; 1, 0, 0; 3, 1, 2 ;
0,169; -1.557371, 1.217217, -1.697332 / -1.557371, 1.217217, -1.697332 / -1.557371, 1.217217, -1.697332; 1, 6, 1, 0; 0.702630001343; 0, 0, 0; 1, 0, 0; 3, 1, 3 / 3, 2, 0 ;
0,169; -2.182581, 1.668240, -1.305553 / -2.182581, 1.668240, -1.305553 / -2.182581, 1.668240, -1.305553; 1, 7, 1, 0; 0.452878251878; 1, 0, 1; 1, 0, 0; 3, 1, 2 ;
0,169; -2.184409, 1.669344, -1.300561 / -2.184409, 1.669344, -1.300561 / -2.184409, 1.669344, -1.300561; 1, 7, 1, 0; 0.452887880824; 1, 0, 1; 1, 0, 0; 2, 1, 2 ;
0,169; -2.190170, 1.670787, -1.297304 / -2.190170, 1.670787, -1.297304 / -2.190170, 1.670787, -1.297304; 1, 7, 1, 0; 0.452888801276; 1, 0, 1; 1, 0, 0; 3, 1, 2 ;
1,170; -1.07445, 2.92357, -2.02101 / -1.07445, 2.92357, -2.02101 / -1.07445, 2.92357, -2.02101; 1, 6, 1, 0; 0.517296733683; 1, 0, 1; 0, 1, 0; 1, 1, 2 ;
0,170; -0.448508, 2.346439, -1.482351 / -0.448508, 2.346439, -1.482351 / -0.448508, 2.346439, -1.482351; 1, 7, 1, 0; 0.390470872312; 1, 0, 1; 1, 0, 0; 3, 1, 2 ;
1,171; 2.4132, -2.49595, -0.185826 / 2.4132, -2.49595, -0.185826 / 2.4132, -2.49595, -0.185826; 1, 15, 1, 0; 0.420270529285; 1, 0, 1; 1, 0, 0; 2, 1, 2 ;
0,171; 2.401988, -2.510417, -0.178531 / 2.401988, -2.510417, -0.178531 / 2.401988, -2.510417, -0.178531; 1, 15, 1, 0; 0.420280226683; 1, 0, 1; 1, 0, 0; 3, 1, 2 ;
0,171; 2.402491, -2.509860, -0.182646 / 2.402491, -2.509860, -0.182646 / 2.402491, -2.509860, -0.182646; 1, 15, 1, 0; 0.420281137489; 1, 0, 1; 1, 0, 0; 2, 1, 2 ;
0,171; 2.577019, 0.250926, 0.125720 / 2.577019, 0.250926, 0.125720 / 2.577019, 0.250926, 0.125720; 1, 16, 1, 0; 0.657875613454; 1, 0, 1; 1, 0, 0; 2, 1, 2 ;
1,173; -2.34515, -3.04381, 0.379015 / -2.34515, -3.04381, 0.379015 / -2.34515, -3.04381, 0.379015; 1, 18, 1, 0; 0.276058581556; 1, 0, 1; 0, 1, 0; 4, 1, 2 ;
0,173; -1.765471, -3.853587, 0.327857 / -1.765035, -3.852959, 0.328167 / -1.765906, -3.854215, 0.327548; 1, 18, 1, 0; 0.162895070149; 2, 1, 1; 2, 0, 0; 2, 1, 2 / 2, 5, 1 ;
0,173; -1.762292, -3.854960, 0.330305 / -1.762292, -3.854960, 0.330305 / -1.762292, -3.854960, 0.330305; 1, 18, 1, 0; 0.162882125491; 1, 0, 1; 1, 0, 0; 3, 1, 2 ;
0,173; -4.545979, 0.319201, 0.639489 / -4.545979, 0.319201, 0.639489 / -4.545979, 0.319201, 0.639489; 1, 24, 1, 0; 0.248266402995; 1, 0, 1; 1, 0, 0; 3, 1, 2 ;
0,173; -4.555376, 0.322497, 0.643973 / -4.555376, 0.322497, 0.643973 / -4.555376, 0.322497, 0.643973; 1, 24, 1, 0; 0.248278315516; 1, 0, 1; 1, 0, 0; 3, 1, 2 ;
0,173; -4.564718, 0.331428, 0.644638 / -4.564718, 0.331428, 0.644638 / -4.564718, 0.331428, 0.644638; 1, 24, 1, 0; 0.248289311690; 1, 0, 1; 1, 0, 0; 3, 1, 2 ;
1,174; 0.51456, 2.06771, 1.10924 / 0.514623, 2.06789, 1.10972 / 0.514497, 2.06753, 1.10875; 1, 25, 1, 0; 0.867259628820; 0, 2, 0; 1, 1, 0; 2, 5, 0 / 3, 1, 1 / 4, 3, 1 ;
0,174; 0.514626, 2.065428, 1.110587 / 0.514626, 2.065428, 1.110587 / 0.514626, 2.065428, 1.110587; 1, 25, 1, 0; 0.867258651579; 1, 0, 1; 0, 1, 0; 4, 1, 2 ;
0,174; -1.978446, 3.386693, 0.447611 / -1.978446, 3.386693, 0.447611 / -1.978446, 3.386693, 0.447611; 1, 25, 1, 0; 0.148924709614; 1, 0, 1; 1, 0, 0; 3, 1, 2 ;
0,174; 0.150747, 2.264299, 1.010264 / 0.150747, 2.264299, 1.010264 / 0.150747, 2.264299, 1.010264; 1, 25, 1, 0; 0.882555106939; 1, 0, 1; 1, 0, 0; 3, 1, 2 ;
0,174; 0.146328, 2.267242, 1.007813 / 0.146328, 2.267242, 1.007813 / 0.146328, 2.267242, 1.007813; 1, 25, 1, 0; 0.882570854228; 0, 0, 0; 1, 0, 0; 2, 1, 3 ;
1,175; -0.499101, -3.98784, 1.57095 / -0.498712, -3.98753, 1.57152 / -0.499491, -3.98816, 1.57039; 1, 22, 1, 0; 0.735157733366; 1, 0, 1; 1, 1, 0; 1, 8, 2 / 2, 1, 3 ;
1,177; 0.446284, 3.22011, 1.43352 / 0.446284, 3.22011, 1.43352 / 0.446284, 3.22011, 1.43352; 1, 30, 1, 0; 0.061302247108; 1, 0, 1; 1, 0, 0; 3, 1, 2 ;
1,179; -1.12504, 1.1447, -1.19442 / -1.12504, 1.1447, -1.19442 / -1.12504, 1.1447, -1.19442; 1, 11, 1, 0; 0.836059899159; 1, 0, 1; 0, 1, 0; 1, 1, 2 ;
0,179; -2.396292, -0.447550, 0.628948 / -2.395699, -0.447398, 0.629661 / -2.396885, -0.447703, 0.628235; 1, 21, 1, 0; 0.395244054167; 2, 1, 1; 0, 2, 1; 1, 1, 2 / 4, 8, 1 ;
0,179; -2.295532, -0.312029, 0.443657 / -2.295532, -0.312029, 0.443657 / -2.295532, -0.312029, 0.443657; 1, 21, 1, 0; 0.083203612028; 0, 1, 0; 0, 1, 0; 4, 1, 1 ;
0,179; -2.293612, -0.314489, 0.447006 / -2.293612, -0.314489, 0.447006 / -2.293612, -0.314489, 0.447006; 1, 21, 1, 0; 0.083203881235; 0, 1, 0; 0, 1, 0; 4, 1, 1 / 4, 3, 0 ;
1,180; 0.429099, -0.124799, -3.6836 / 0.429099, -0.124799, -3.6836 / 0.429099, -0.124799, -3.6836; 1, 1, 1, 0; 0.760148775903; 1, 0, 1; 1, 0, 0; 2, 1, 2 ;
0,180; 1.457869, -0.333300, -2.022750 / 1.457920, -0.332448, -2.022078 / 1.457818, -0.334152, -2.023421; 1, 4, 1, 0; 0.548618938817; 0, 0, 0; 2, 0, 0; 2, 1, 3 / 2, 5, 0 / 2, 9, 3 ;
0,180; 1.976307, -0.448760, -1.217195 / 1.976307, -0.448760, -1.217195 / 1.976307, -0.448760, -1.217195; 1, 11, 1, 0; 0.657877827138; 1, 0, 1; 0, 1, 0; 4, 1, 2 ;
1,182; 0.499448, 1.95511, 0.718074 / 0.499448, 1.95511, 0.718074 / 0.499448, 1.95511, 0.718074; 1, 25, 1, 0; 0.617059268784; 1, 0, 1; 1, 0, 0; 2, 1, 2 ;
0,182; 1.660734, 0.950498, 2.809645 / 1.660734, 0.950498, 2.809645 / 1.660734, 0.950498, 2.809645; 1, 39, 1, 0; 0.467943972969; 0, 1, 0; 0, 1, 0; 1, 1, 1 ;
1,183; 0.358329, 0.828987, 3.79764 / 0.358329, 0.828987, 3.79764 / 0.358329, 0.828987, 3.79764; 1, 46, 1, 0; 0.298646055720; 0, 1, 0; 1, 0, 0; 3, 1, 1 ;
1,184; 1.20614, -3.57572, -2.26726 / 1.20614, -3.57572, -2.26726 / 1.20614, -3.57572, -2.26726; 1, 3, 1, 0; 0.992761779841; 1, 0, 1; 1, 0, 0; 2, 1, 2 ;
0,184; 1.100483, 3.278232, -1.799466 / 1.100483, 3.278232, -1.799466 / 1.100483, 3.278232, -1.799466; 1, 7, 1, 0; 0.123651149900; 0, 1, 0; 1, 0, 0; 3, 1, 1 ;
1,185; 0.559851, 1.21069, -1.1134 / 0.559851, 1.21069, -1.1134 / 0.559851, 1.21069, -1.1134; 1, 11, 1, 0; 0.849356532914; 1, 0, 1; 1, 0, 0; 2, 1, 2 ;
1,186; -3.29478, 1.0648, -1.9175 / -3.29478, 1.0648, -1.9175 / -3.29478, 1.0648, -1.9175; 1, 6, 1, 0; 0.419151358409; 1, 0, 1; 1, 0, 0; 2, 1, 2 ;
1,187; -2.42146, -0.451463, -1.52 / -2.42104, -0.451009, -1.51988 / -2.42187, -0.451917, -1.52011; 1, 6, 1, 0; 0.968962263319; 1, 0, 2; 2, 0, 0; 2, 2, 2 / 3, 1, 2 ;
0,187; -3.115176, 1.820594, 0.831951 / -3.115176, 1.820594, 0.831951 / -3.115176, 1.820594, 0.831951; 1, 24, 1, 0; 0.175495522459; 1, 0, 1; 1, 0, 0; 3, 1, 2 ;
1,188; 2.42625, -2.21856, 2.60928 / 2.42625, -2.21856, 2.60928 / 2.42625, -2.21856, 2.60928; 1, 34, 1, 0; 0.261928984282; 0, 0, 0; 1, 0, 0; 1, 5, 0 / 3, 1, 3 ;
0,188; 2.429556, -2.216952, 2.612401 / 2.429556, -2.216952, 2.612401 / 2.429556, -2.216952, 2.612401; 1, 34, 1, 0; 0.261929221267; 1, 0, 1; 1, 0, 0; 3, 1, 2 ;
1,190; 2.35497, -2.44942, -2.42167 / 2.35497, -2.44942, -2.42167 / 2.35497, -2.44942, -2.42167; 1, 3, 1, 0; 0.921741494296; 1, 0, 1; 1, 0, 0; 2, 1, 2 ;
0,190; 2.394653, -2.166980, -2.343920 / 2.394653, -2.166980, -2.343920 / 2.394653, -2.166980, -2.343920; 1, 3, 1, 0; 0.922975632362; 1, 0, 1; 1, 0, 0; 2, 1, 2 ;
1,191; -0.251131, 3.28562, -0.59359 / -0.250894, 3.28599, -0.593348 / -0.251367, 3.28524, -0.593833; 1, 13, 1, 0; 0.626813119581; 2, 1, 2; 2, 1, 0; 1, 1, 0 / 2, 1, 2 / 3, 6, 2 / 4, 5, 1 ;
0,191; -0.247579, 3.285853, -0.600779 / -0.247579, 3.285853, -0.600779 / -0.247579, 3.285853, -0.600779; 1, 13, 1, 0; 0.626800889526; 1, 0, 1; 1, 0, 0; 3, 1, 2 ;
0,191; -0.249339, 3.278739, -0.591527 / -0.249339, 3.278739, -0.591527 / -0.249339, 3.278739, -0.591527; 1, 13, 1, 0; 0.626802649866; 1, 0, 1; 1, 0, 0; 2, 1, 2 ;
0,191; -0.252806, 3.281374, -0.598618 / -0.252806, 3.281374, -0.598618 / -0.252806, 3.281374, -0.598618; 1, 13, 1, 0; 0.626812393287; 1, 0, 1; 1, 0, 0; 2, 1, 2 ;
0,191; 3.109346, -0.143476, -0.154722 / 3.109346, -0.143476, -0.154722 / 3.109346, -0.143476, -0.154722; 1, 19, 1, 0; 0.058610694111; 1, 0, 1; 0, 1, 0; 1, 1, 2 ;
1,192; -1.47476, -1.51563, -2.77149 / -1.47476, -1.51563, -2.77149 / -1.47476, -1.51563, -2.77149; 1, 5, 1, 0; 0.351782506584; 1, 0, 1; 1, 0, 0; 2, 1, 2 ;
0,192; -1.986200, -0.573282, -0.245046 / -1.986200, -0.573282, -0.245046 / -1.986200, -0.573282, -0.245046; 1, 10, 1, 0; 0.771310183443; 1, 0, 1; 0, 1, 0; 1, 1, 2 ;
1,193; -2.06134, -0.531226, -3.20966 / -2.06093, -0.530517, -3.20916 / -2.06175, -0.531935, -3.21015; 1, 2, 1, 0; 0.425619452645; 2, 1, 1; 2, 1, 0; 2, 1, 1 / 3, 1, 3 / 3, 2, 0 / 4, 6, 2 ;
0,193; -2.671316, -0.917260, -0.600533 / -2.671311, -0.917181, -0.599977 / -2.671321, -0.917340, -0.601088; 1, 10, 1, 0; 0.599066461856; 2, 1, 1; 2, 0, 0; 2, 1, 1 / 3, 1, 2 ;
1,195; 3.19262, 1.98294, 0.548733 / 3.19262, 1.98294, 0.548733 / 3.19262, 1.98294, 0.548733; 1, 20, 1, 0; 0.455862684866; 1, 0, 1; 1, 0, 0; 3, 1, 2 ;
0,195; 3.374633, 2.609668, 0.517571 / 3.374633, 2.609668, 0.517571 / 3.374633, 2.609668, 0.517571; 1, 20, 1, 0; 0.511550945410; 0, 0, 0; 1, 0, 0; 2, 1, 3 ;
0,195; 3.381153, 2.613681, 0.525362 / 3.381153, 2.613681, 0.525362 / 3.381153, 2.613681, 0.525362; 1, 20, 1, 0; 0.511565841729; 1, 0, 1; 1, 0, 0; 3, 1, 2 ;
0,195; 3.389749, 2.618691, 0.536675 / 3.389749, 2.618691, 0.536675 / 3.389749, 2.618691, 0.536675; 1, 20, 1, 0; 0.511580528342; 1, 0, 1; 1, 0, 0; 3, 1, 2 ;
0,195; 3.391026, 2.618526, 0.548885 / 3.391026, 2.618526, 0.548885 / 3.391026, 2.618526, 0.548885; 1, 20, 1, 0; 0.511593537312; 1, 0, 1; 1, 0, 0; 2, 1, 2 ;
0,195; 3.428452, 2.922891, 0.493502 / 3.428452, 2.922891, 0.493502 / 3.428452, 2.922891, 0.493502; 1, 20, 1, 0; 0.515760160591; 1, 0, 1; 1, 0, 0; 3, 1, 2 ;
0,195; 2.728675, -0.377227, 0.813428 / 2.728675, -0.377227, 0.813428 / 2.728675, -0.377227, 0.813428; 1, 20, 1, 0; 0.980144306280; 1, 0, 1; 1, 0, 0; 2, 1, 2 ;
0,195; 2.411182, -1.714826, 1.045940 / 2.411182, -1.714826, 1.045940 / 2.411182, -1.714826, 1.045940; 1, 22, 1, 0; 0.304917499025; 0, 1, 0; 0, 1, 0; 4, 1, 1 ;
0,195; 1.789619, -3.729318, 1.382019 / 1.789619, -3.729318, 1.382019 / 1.789619, -3.729318, 1.382019; 1, 22, 1, 0; 0.663387727662; 1, 0, 1; 1, 0, 0; 3, 1, 2 ;
1,196; -0.303683, -2.39827, -1.99316 / -0.303683, -2.39827, -1.99316 / -0.303683, -2.39827, -1.99316; 1, 5, 1, 0; 0.779872432001; 0, 1, 0; 0, 1, 0; 1, 1, 1 ;
0,196; -0.295605, -2.043095, -1.972594 / -0.295605, -2.043095, -1.972594 / -0.295605, -2.043095, -1.972594; 1, 5, 1, 0; 0.825643451634; 0, 0, 0; 1, 0, 0; 3, 1, 3 ;
1,198; -0.352198, -1.30321, 3.59089 / -0.351941, -1.30238, 3.59131 / -0.352455, -1.30404, 3.59046; 1, 43, 1, 0; 0.466573877076; 1, 0, 2; 0, 2, 1; 1, 1, 2 / 4, 2, 2 ;
0,198; -0.355464, -1.304872, 3.596897 / -0.355464, -1.304872, 3.596897 / -0.355464, -1.304872, 3.596897; 1, 43, 1, 0; 0.466610505588; 1, 0, 1; 1, 0, 0; 2, 1, 2 ;
0,198; -0.327618, -1.268919, 3.610460 / -0.327618, -1.268919, 3.610460 / -0.327618, -1.268919, 3.610460; 1, 43, 1, 0; 0.470444217291; 1, 0, 1; 1, 0, 0; 2, 1, 2 ;
