1,0; -0.585661, 2.33619, -0.507315 / -0.585661, 2.33619, -0.507315 / -0.585661, 2.33619, -0.507315; 1, 13, 1, 0; 0.480661777106; 1, 0, 1; 0, 1, 0; 1, 1, 2 ;
0,0; -0.387855, 2.389799, -0.485180 / -0.387855, 2.389799, -0.485180 / -0.387855, 2.389799, -0.485180; 1, 13, 1, 0; 0.481674643593; 0, 1, 0; 0, 1, 0; 1, 1, 1 ;
1,1; -3.89219, 1.72481, 0.274201 / -3.89219, 1.72481, 0.274201 / -3.89219, 1.72481, 0.274201; 1, 14, 1, 0; 0.725496354372; 1, 0, 1; 0, 1, 0; 1, 1, 2 ;
0,1; -3.971461, 1.948352, -0.097900 / -3.971157, 1.949330, -0.097430 / -3.971766, 1.947374, -0.098369; 1, 14, 1, 0; 0.512690064419; 1, 0, 2; 2, 0, 0; 1, 4, 0 / 2, 1, 2 / 3, 10, 2 ;
0,1; -3.968336, 1.947456, -0.100581 / -3.968336, 1.947456, -0.100581 / -3.968336, 1.947456, -0.100581; 1, 14, 1, 0; 0.512691110775; 1, 0, 1; 1, 0, 0; 2, 1, 2 ;
0,1; -3.958801, 1.633472, 0.828447 / -3.958801, 1.633472, 0.828447 / -3.958801, 1.633472, 0.828447; 1, 24, 1, 0; 0.167264036749; 1, 0, 1; 0, 1, 0; 1, 1, 2 ;
0,1; -3.939866, 1.432912, 0.951934 / -3.939866, 1.432912, 0.951934 / -3.939866, 1.432912, 0.951934; 1, 24, 1, 0; 0.301131408707; 0, 1, 0; 0, 1, 0; 1, 1, 1 ;
0,1; -3.926257, 1.319334, 1.132695 / -3.926257, 1.319334, 1.132695 / -3.926257, 1.319334, 1.132695; 1, 24, 1, 0; 0.303039976411; 1, 0, 1; 1, 0, 0; 3, 1, 2 ;
0,1; -3.930283, 1.314362, 1.127817 / -3.930283, 1.314362, 1.127817 / -3.930283, 1.314362, 1.127817; 1, 24, 1, 0; 0.303041107066; 1, 0, 1; 1, 0, 0; 3, 1, 2 ;
0,1; -3.933979, 1.325353, 1.132399 / -3.933979, 1.325353, 1.132399 / -3.933979, 1.325353, 1.132399; 1, 24, 1, 0; 0.303042060364; 1, 0, 1; 1, 0, 0; 2, 1, 2 ;
0,1; -3.928520, 1.318140, 1.135525 / -3.928520, 1.318140, 1.135525 / -3.928520, 1.318140, 1.135525; 1, 24, 1, 0; 0.303053684679; 1, 0, 1; 1, 0, 0; 2, 1, 2 ;
1,2; 0.138272, 1.44083, -1.88323 / 0.138272, 1.44083, -1.88323 / 0.138272, 1.44083, -1.88323; 1, 4, 1, 0; 0.722861591654; 1, 0, 1; 1, 0, 0; 2, 1, 2 ;
0,2; 0.137405, 1.441339, -1.881043 / 0.137405, 1.441339, -1.881043 / 0.137405, 1.441339, -1.881043; 1, 4, 1, 0; 0.722861652099; 1, 0, 1; 1, 0, 0; 2, 1, 2 ;
0,2; 0.593161, 0.451305, -1.618371 / 0.593161, 0.451305, -1.618371 / 0.593161, 0.451305, -1.618371; 1, 11, 1, 0; 0.045579617601; 1, 0, 1; 1, 0, 0; 2, 1, 2 ;
1,3; -0.0284266, -0.0226436, 1.71932 / -0.0284266, -0.0226436, 1.71932 / -0.0284266, -0.0226436, 1.71932; 1, 27, 1, 0; 0.652230126193; 0, 1, 0; 1, 0, 0; 3, 1, 1 ;
0,3; 3.348637, 2.915281, 1.381491 / 3.349133, 2.915890, 1.381536 / 3.348142, 2.914672, 1.381446; 1, 28, 1, 0; 0.092931814666; 1, 0, 2; 1, 1, 0; 2, 9, 2 / 4, 1, 2 ;
0,3; 3.354199, 2.910879, 1.373434 / 3.354199, 2.910879, 1.373434 / 3.354199, 2.910879, 1.373434; 1, 28, 1, 0; 0.092917044216; 0, 1, 0; 0, 1, 0; 1, 1, 1 ;
1,8; 3.61875, -1.16616, 2.29258 / 3.61898, -1.16562, 2.29293 / 3.61852, -1.1667, 2.29222; 1, 33, 1, 0; 0.308288044224; 1, 0, 2; 1, 1, 0; 1, 2, 2 / 3, 1, 2 ;
0,8; 3.630107, -1.174411, 2.293756 / 3.630762, -1.173342, 2.293769 / 3.629453, -1.175480, 2.293743; 1, 33, 1, 0; 0.308291860932; 1, 0, 1; 1, 1, 0; 2, 9, 3 / 4, 1, 2 ;
0,8; 1.184222, -2.849371, 2.627637 / 1.184469, -2.848904, 2.627890 / 1.183975, -2.849838, 2.627385; 1, 33, 1, 0; 0.891587039656; 2, 1, 1; 1, 1, 0; 1, 1, 1 / 3, 5, 2 ;
0,8; 3.630532, -1.175790, 2.290642 / 3.630532, -1.175790, 2.290642 / 3.630532, -1.175790, 2.290642; 1, 33, 1, 0; 0.308270332702; 1, 0, 1; 0, 1, 0; 1, 1, 2 ;
0,8; 3.629168, -1.176053, 2.293522 / 3.629453, -1.175480, 2.293769 / 3.628883, -1.176625, 2.293275; 1, 33, 1, 0; 0.308291960715; 1, 0, 1; 1, 1, 0; 2, 1, 3 / 4, 6, 2 ;
0,8; 1.457895, -2.642746, 2.603207 / 1.457895, -2.642746, 2.603207 / 1.457895, -2.642746, 2.603207; 1, 33, 1, 0; 0.940750868738; 0, 1, 0; 0, 1, 0; 1, 1, 1 ;
0,8; 3.621099, -1.172856, 2.286656 / 3.621099, -1.172856, 2.286656 / 3.621099, -1.172856, 2.286656; 1, 33, 1, 0; 0.308266353846; 1, 0, 1; 1, 0, 0; 3, 1, 2 ;
0,8; 3.618568, -1.165676, 2.299312 / 3.618568, -1.165676, 2.299312 / 3.618568, -1.165676, 2.299312; 1, 33, 1, 0; 0.308287645091; 1, 0, 1; 1, 0, 0; 2, 1, 2 / 3, 5, 0 / 4, 6, 0 ;
0,8; 3.633916, -1.188530, 2.299694 / 3.633916, -1.188530, 2.299694 / 3.633916, -1.188530, 2.299694; 1, 33, 1, 0; 0.308295328399; 1, 0, 1; 1, 0, 0; 3, 1, 2 ;
1,11; 2.22055, 1.08245, -3.17579 / 2.2207, 1.083, -3.1756 / 2.22039, 1.0819, -3.17599; 1, 3, 1, 0; 0.219453132493; 2, 1, 1; 1, 1, 0; 1, 2, 1 / 2, 1, 2 ;
0,11; 2.224275, 1.086152, -3.177542 / 2.224275, 1.086152, -3.177542 / 2.224275, 1.086152, -3.177542; 1, 3, 1, 0; 0.219459713004; 1, 0, 1; 0, 1, 0; 1, 1, 2 ;
0,11; 1.595611, 1.902224, -2.032106 / 1.595611, 1.902224, -2.032106 / 1.595611, 1.902224, -2.032106; 1, 4, 1, 0; 0.764684429615; 1, 0, 1; 1, 0, 0; 2, 1, 2 ;
0,11; 1.537159, 1.974719, -1.921691 / 1.537159, 1.974719, -1.921691 / 1.537159, 1.974719, -1.921691; 1, 4, 1, 0; 0.767146818345; 1, 0, 1; 1, 0, 0; 3, 1, 2 ;
0,11; 0.575569, 3.372147, -0.172958 / 0.575569, 3.372147, -0.172958 / 0.575569, 3.372147, -0.172958; 1, 17, 1, 0; 0.227603278291; 1, 0, 1; 0, 1, 0; 1, 1, 2 ;
0,11; 0.570627, 3.376830, -0.175713 / 0.570627, 3.376830, -0.175713 / 0.570627, 3.376830, -0.175713; 1, 17, 1, 0; 0.227603599117; 1, 0, 1; 1, 0, 0; 2, 1, 2 ;
1,12; 3.80825, -1.06535, 0.00277234 / 3.80825, -1.06535, 0.00277234 / 3.80825, -1.06535, 0.00277234; 1, 19, 1, 0; 0.227163256422; 1, 0, 1; 0, 1, 0; 1, 1, 2 ;
0,12; 0.735948, -2.901458, 1.227769 / 0.735948, -2.901458, 1.227769 / 0.735948, -2.901458, 1.227769; 1, 22, 1, 0; 0.101444047182; 1, 0, 1; 1, 0, 0; 2, 1, 2 ;
0,12; -0.766504, -3.767280, 1.936553 / -0.766276, -3.767186, 1.937173 / -0.766733, -3.767373, 1.935933; 1, 32, 1, 0; 0.661493432387; 1, 0, 2; 2, 0, 0; 3, 1, 2 / 3, 7, 2 ;
1,14; 1.3677, -0.70882, -0.00776888 / 1.36818, -0.708601, -0.006504 / 1.36723, -0.709038, -0.00903377; 1, 16, 1, 0; 0.374658983756; 0, 2, 0; 0, 2, 0; 4, 1, 1 / 4, 9, 1 ;
0,14; 1.370228, -0.701984, -0.011155 / 1.370572, -0.701158, -0.010767 / 1.369885, -0.702809, -0.011544; 1, 16, 1, 0; 0.374658381017; 1, 0, 3; 2, 1, 0; 2, 5, 2 / 3, 8, 2 / 4, 1, 2 ;
0,14; 1.366633, -0.711163, -0.008329 / 1.366633, -0.711163, -0.008329 / 1.366633, -0.711163, -0.008329; 1, 16, 1, 0; 0.374647317410; 1, 0, 1; 0, 1, 0; 4, 1, 2 ;
0,14; 1.008291, -0.224270, -0.132652 / 1.008291, -0.224270, -0.132652 / 1.008291, -0.224270, -0.132652; 1, 16, 1, 0; 0.456426347992; 0, 1, 0; 0, 1, 0; 1, 1, 1 / 1, 2, 0 ;
0,14; 1.008431, -0.223351, -0.135621 / 1.009099, -0.222865, -0.134921 / 1.007762, -0.223837, -0.136320; 1, 16, 1, 0; 0.456426421660; 2, 1, 2; 3, 0, 0; 2, 4, 1 / 2, 10, 0 / 3, 1, 2 / 3, 10, 2 ;
0,14; 1.365940, -0.712257, -0.005619 / 1.365940, -0.712257, -0.005619 / 1.365940, -0.712257, -0.005619; 1, 16, 1, 0; 0.374647384381; 1, 0, 1; 1, 0, 0; 2, 1, 2 ;
0,14; 1.371340, -0.705368, -0.010549 / 1.371340, -0.705368, -0.010549 / 1.371340, -0.705368, -0.010549; 1, 16, 1, 0; 0.374658314046; 1, 0, 1; 1, 0, 0; 2, 1, 2 ;
0,14; 1.009386, -0.222378, -0.136916 / 1.009672, -0.221891, -0.136320 / 1.009099, -0.222865, -0.137511; 1, 16, 1, 0; 0.456426481934; 1, 0, 1; 2, 0, 0; 1, 6, 0 / 2, 1, 0 / 3, 1, 2 / 3, 3, 0 / 3, 4, 0 / 3, 8, 2 ;
0,14; 1.012476, -0.220568, -0.137464 / 1.012476, -0.220568, -0.137464 / 1.012476, -0.220568, -0.137464; 1, 16, 1, 0; 0.456426609179; 1, 0, 1; 1, 0, 0; 2, 1, 2 ;
0,14; 1.006348, -0.221895, -0.129883 / 1.006348, -0.221895, -0.129883 / 1.006348, -0.221895, -0.129883; 1, 16, 1, 0; 0.456427084673; 1, 0, 1; 1, 0, 0; 2, 1, 2 ;
0,14; 1.010699, -0.213419, -0.135991 / 1.010699, -0.213419, -0.135991 / 1.010699, -0.213419, -0.135991; 1, 16, 1, 0; 0.456427720897; 1, 0, 1; 1, 0, 0; 3, 1, 2 ;
0,14; 1.008460, -0.221114, -0.116402 / 1.008460, -0.221114, -0.116402 / 1.008460, -0.221114, -0.116402; 1, 16, 1, 0; 0.456439038993; 1, 0, 1; 1, 0, 0; 2, 1, 2 ;
1,15; 2.83818, -1.06042, -3.17012 / 2.83818, -1.06042, -3.17012 / 2.83818, -1.06042, -3.17012; 1, 3, 1, 0; 0.156219848725; 1, 0, 1; 1, 0, 0; 2, 1, 2 ;
0,15; 2.253597, -0.998800, -2.922089 / 2.253597, -0.998800, -2.922089 / 2.253597, -0.998800, -2.922089; 1, 3, 1, 0; 0.327504809455; 1, 0, 1; 1, 0, 0; 3, 1, 2 ;
0,15; -2.580482, 0.088444, -0.539644 / -2.580482, 0.088444, -0.539644 / -2.580482, 0.088444, -0.539644; 1, 10, 1, 0; 0.680470967477; 1, 0, 1; 0, 1, 0; 1, 1, 2 ;
1,18; -1.63292, 1.76682, 2.60514 / -1.6327, 1.7671, 2.60517 / -1.63314, 1.76654, 2.60512; 1, 37, 1, 0; 0.516113677694; 0, 2, 0; 1, 1, 0; 1, 1, 1 / 2, 2, 1 ;
0,18; -1.868217, 1.534060, 2.648092 / -1.868217, 1.534060, 2.648092 / -1.868217, 1.534060, 2.648092; 1, 37, 1, 0; 0.545250601591; 1, 0, 1; 1, 0, 0; 2, 1, 2 ;
0,18; -1.867282, 1.537186, 2.652650 / -1.867282, 1.537186, 2.652650 / -1.867282, 1.537186, 2.652650; 1, 37, 1, 0; 0.545277328753; 1, 0, 1; 1, 0, 0; 2, 1, 2 / 3, 7, 0 / 3, 10, 0 ;
0,18; 0.681636, 3.891784, 2.373507 / 0.681636, 3.891784, 2.373507 / 0.681636, 3.891784, 2.373507; 1, 38, 1, 0; 0.197343953783; 0, 1, 0; 0, 1, 0; 4, 1, 1 ;
0,18; 0.304701, 3.539624, 2.402397 / 0.304701, 3.539624, 2.402397 / 0.304701, 3.539624, 2.402397; 1, 38, 1, 0; 0.154388321485; 1, 0, 1; 1, 0, 0; 2, 1, 2 ;
1,19; 3.37716, 0.903097, -2.00645 / 3.37716, 0.903097, -2.00645 / 3.37716, 0.903097, -2.00645; 1, 4, 1, 0; 0.651224603779; 0, 1, 0; 0, 1, 0; 1, 1, 1 ;
0,19; 0.883947, 1.321407, 2.600141 / 0.883947, 1.321407, 2.600141 / 0.883947, 1.321407, 2.600141; 1, 38, 1, 0; 0.790359898235; 1, 0, 1; 1, 0, 0; 3, 1, 2 ;
0,19; 0.712500, 1.348384, 2.913099 / 0.712500, 1.348384, 2.913099 / 0.712500, 1.348384, 2.913099; 1, 39, 1, 0; 0.564310561056; 0, 1, 0; 0, 1, 0; 1, 1, 1 ;
1,21; -0.771413, -4.55483, 0.104542 / -0.771413, -4.55483, 0.104542 / -0.771413, -4.55483, 0.104542; 1, 15, 1, 0; 0.956536461682; 1, 0, 1; 0, 1, 0; 1, 1, 2 ;
0,21; 0.960598, -2.466810, -0.174809 / 0.960598, -2.466810, -0.174809 / 0.960598, -2.466810, -0.174809; 1, 15, 1, 0; 0.466402446048; 1, 0, 1; 1, 0, 0; 2, 1, 2 ;
0,21; 2.207937, -1.022409, -0.161660 / 2.207937, -1.022409, -0.161660 / 2.207937, -1.022409, -0.161660; 1, 16, 1, 0; 0.350615644154; 1, 0, 1; 0, 1, 0; 4, 1, 2 ;
0,21; 3.162576, 0.154458, -0.092481 / 3.162576, 0.154458, -0.092481 / 3.162576, 0.154458, -0.092481; 1, 19, 1, 0; 0.087064868406; 1, 0, 1; 1, 0, 0; 3, 1, 2 ;
1,22; -0.649901, -0.0079375, 3.32517 / -0.649901, -0.0079375, 3.32517 / -0.649901, -0.0079375, 3.32517; 1, 41, 1, 0; 0.672466339554; 1, 0, 1; 1, 0, 0; 3, 1, 2 / 3, 8, 0 ;
1,24; -0.829562, -2.14939, 3.10489 / -0.829562, -2.14939, 3.10489 / -0.829562, -2.14939, 3.10489; 1, 40, 1, 0; 0.661319393368; 1, 0, 1; 1, 0, 0; 2, 1, 2 ;
1,26; -2.88048, 1.53079, -1.09967 / -2.88048, 1.53079, -1.09967 / -2.88048, 1.53079, -1.09967; 1, 7, 1, 0; 0.522659066805; 1, 0, 1; 1, 0, 0; 3, 1, 2 ;
1,32; -0.530451, -1.44111, -2.27355 / -0.530451, -1.44111, -2.27355 / -0.530451, -1.44111, -2.27355; 1, 5, 1, 0; 0.483724922834; 1, 0, 1; 0, 1, 0; 4, 1, 2 ;
0,32; -0.439439, -2.595925, -3.299725 / -0.439439, -2.595925, -3.299725 / -0.439439, -2.595925, -3.299725; 1, 5, 1, 0; 0.004201113310; 1, 0, 1; 1, 0, 0; 2, 1, 2 ;
0,32; -0.468064, -1.955329, -2.739985 / -0.468064, -1.955329, -2.739985 / -0.468064, -1.955329, -2.739985; 1, 5, 1, 0; 0.314851602772; 1, 0, 1; 1, 0, 0; 2, 1, 2 ;
0,32; -0.534521, -1.389845, -2.228216 / -0.534521, -1.389845, -2.228216 / -0.534521, -1.389845, -2.228216; 1, 5, 1, 0; 0.483614998417; 0, 1, 0; 1, 0, 0; 3, 1, 1 ;
0,32; -0.554377, -1.171297, -2.012351 / -0.554377, -1.171297, -2.012351 / -0.554377, -1.171297, -2.012351; 1, 5, 1, 0; 0.921718813253; 1, 0, 1; 1, 0, 0; 2, 1, 2 ;
0,32; -0.333853, 1.373438, 0.486731 / -0.333853, 1.373438, 0.486731 / -0.333853, 1.373438, 0.486731; 1, 17, 1, 0; 0.895731868411; 1, 0, 1; 1, 0, 0; 3, 1, 2 ;
0,32; -0.329927, 1.376665, 0.486856 / -0.329927, 1.376665, 0.486856 / -0.329927, 1.376665, 0.486856; 1, 17, 1, 0; 0.895733047100; 1, 0, 1; 1, 0, 0; 3, 1, 2 ;
0,32; -0.181063, 1.881261, 0.963779 / -0.181063, 1.881261, 0.963779 / -0.181063, 1.881261, 0.963779; 1, 25, 1, 0; 0.858863700656; 1, 0, 1; 1, 0, 0; 3, 1, 2 ;
1,33; -2.31125, 0.0155824, -2.07785 / -2.31125, 0.0155824, -2.07785 / -2.31125, 0.0155824, -2.07785; 1, 6, 1, 0; 0.351828747472; 0, 1, 0; 0, 1, 0; 1, 1, 1 ;
0,33; -0.177098, 0.214584, 0.307608 / -0.177098, 0.214584, 0.307608 / -0.177098, 0.214584, 0.307608; 1, 16, 1, 0; 0.684305765398; 1, 0, 1; 0, 1, 0; 1, 1, 2 ;
0,33; 1.356545, 0.233136, 1.833071 / 1.356545, 0.233136, 1.833071 / 1.356545, 0.233136, 1.833071; 1, 27, 1, 0; 0.620629788425; 1, 0, 1; 1, 0, 0; 2, 1, 2 ;
1,34; -0.897208, -0.755584, -3.9523 / -0.897044, -0.755385, -3.95213 / -0.897371, -0.755783, -3.95247; 1, 1, 1, 0; 0.419598715624; 0, 2, 0; 0, 2, 0; 1, 1, 1 / 1, 2, 1 ;
0,34; -1.759505, -1.301594, -3.488949 / -1.759191, -1.301256, -3.487947 / -1.759819, -1.301933, -3.489951; 1, 1, 1, 0; 0.858400483025; 1, 0, 2; 1, 1, 0; 2, 1, 2 / 4, 9, 2 ;
0,34; -1.760024, -1.302759, -3.492177 / -1.760024, -1.302759, -3.492177 / -1.760024, -1.302759, -3.492177; 1, 1, 1, 0; 0.858400435561; 1, 0, 1; 0, 1, 0; 1, 1, 2 ;
0,34; -0.897242, -0.751240, -3.954480 / -0.897242, -0.751240, -3.954480 / -0.897242, -0.751240, -3.954480; 1, 1, 1, 0; 0.419598229118; 1, 0, 1; 1, 0, 0; 2, 1, 2 ;
0,34; -1.774080, -1.288505, -3.503273 / -1.774080, -1.288505, -3.503273 / -1.774080, -1.288505, -3.503273; 1, 1, 1, 0; 0.858388826658; 1, 0, 1; 1, 0, 0; 2, 1, 2 ;
0,34; -1.769343, -1.287973, -3.504928 / -1.769343, -1.287973, -3.504928 / -1.769343, -1.287973, -3.504928; 1, 1, 1, 0; 0.858389238013; 1, 0, 1; 1, 0, 0; 3, 1, 2 ;
0,34; -1.749615, -1.288744, -3.499246 / -1.749615, -1.288744, -3.499246 / -1.749615, -1.288744, -3.499246; 1, 1, 1, 0; 0.858391686364; 1, 0, 1; 1, 0, 0; 3, 1, 2 ;
0,34; -1.764386, -1.304646, -3.494850 / -1.764386, -1.304646, -3.494850 / -1.764386, -1.304646, -3.494850; 1, 1, 1, 0; 0.858394023966; 1, 0, 1; 1, 0, 0; 2, 1, 2 ;
0,34; -1.772588, -1.290580, -3.498430 / -1.772588, -1.290580, -3.498430 / -1.772588, -1.290580, -3.498430; 1, 1, 1, 0; 0.858395728715; 0, 1, 0; 1, 0, 0; 2, 1, 1 ;
0,34; -1.751304, -1.296881, -3.485525 / -1.751304, -1.296881, -3.485525 / -1.751304, -1.296881, -3.485525; 1, 1, 1, 0; 0.858399450683; 0, 1, 0; 1, 0, 0; 3, 1, 1 / 3, 2, 0 ;
1,36; -0.556739, -2.58044, -1.73729 / -0.556739, -2.58044, -1.73729 / -0.556739, -2.58044, -1.73729; 1, 8, 1, 0; 0.289385854297; 1, 0, 1; 0, 1, 0; 1, 1, 2 ;
0,36; -0.520670, -2.514517, -1.727590 / -0.520670, -2.514517, -1.727590 / -0.520670, -2.514517, -1.727590; 1, 8, 1, 0; 0.289751585478; 1, 0, 1; 1, 0, 0; 3, 1, 2 ;
1,37; 2.38376, 2.88524, -0.539855 / 2.38376, 2.88524, -0.539855 / 2.38376, 2.88524, -0.539855; 1, 13, 1, 0; 0.586635959195; 1, 0, 1; 1, 0, 0; 2, 1, 2 / 2, 2, 0 ;
0,37; 2.385865, 2.889133, -0.538269 / 2.385865, 2.889133, -0.538269 / 2.385865, 2.889133, -0.538269; 1, 13, 1, 0; 0.586636790124; 1, 0, 1; 1, 0, 0; 3, 1, 2 ;
0,37; 0.737770, 4.208421, 0.944676 / 0.737770, 4.208421, 0.944676 / 0.737770, 4.208421, 0.944676; 1, 26, 1, 0; 0.592900810081; 0, 1, 0; 1, 0, 0; 3, 1, 1 ;
1,38; 1.2588, -2.59528, -3.30413 / 1.25895, -2.59508, -3.30397 / 1.25866, -2.59548, -3.30428; 1, 3, 1, 0; 0.059979525059; 2, 1, 1; 1, 1, 0; 1, 1, 0 / 1, 2, 2 / 2, 1, 1 ;
0,38; 1.259576, -2.587630, -3.311131 / 1.259576, -2.587630, -3.311131 / 1.259576, -2.587630, -3.311131; 1, 3, 1, 0; 0.059979734603; 1, 0, 1; 0, 1, 0; 1, 1, 2 ;
0,38; 1.254338, -2.595099, -3.301319 / 1.254338, -2.595099, -3.301319 / 1.254338, -2.595099, -3.301319; 1, 3, 1, 0; 0.059986081392; 1, 0, 1; 0, 1, 0; 4, 1, 2 ;
0,38; 1.255107, -2.595159, -3.305447 / 1.255336, -2.594321, -3.305008 / 1.254877, -2.595998, -3.305887; 1, 3, 1, 0; 0.059979021345; 2, 1, 1; 2, 0, 0; 3, 1, 2 / 3, 5, 1 ;
0,38; 1.257106, -2.591756, -3.301160 / 1.257181, -2.590787, -3.300746 / 1.257031, -2.592725, -3.301574; 1, 3, 1, 0; 0.059986508541; 1, 0, 2; 2, 0, 0; 2, 1, 2 / 2, 10, 2 ;
0,38; 1.258473, -2.591257, -3.304405 / 1.258473, -2.591257, -3.304405 / 1.258473, -2.591257, -3.304405; 1, 3, 1, 0; 0.059979585504; 1, 0, 1; 1, 0, 0; 3, 1, 2 ;
0,38; 1.250028, -2.611088, -3.297097 / 1.250028, -2.611088, -3.297097 / 1.250028, -2.611088, -3.297097; 1, 3, 1, 0; 0.059983828786; 1, 0, 1; 1, 0, 0; 3, 1, 2 ;
0,38; 1.249032, -2.607391, -3.300472 / 1.249032, -2.607391, -3.300472 / 1.249032, -2.607391, -3.300472; 1, 3, 1, 0; 0.059984263994; 1, 0, 1; 1, 0, 0; 2, 1, 2 / 4, 4, 0 ;
0,38; 1.256791, -2.593435, -3.301481 / 1.257181, -2.592725, -3.301388 / 1.256401, -2.594145, -3.301574; 1, 3, 1, 0; 0.059986544808; 1, 0, 1; 2, 0, 0; 1, 9, 0 / 2, 1, 2 / 2, 6, 2 / 3, 8, 0 ;
0,38; 1.257205, -2.597438, -3.296380 / 1.257205, -2.597438, -3.296380 / 1.257205, -2.597438, -3.296380; 1, 3, 1, 0; 0.059986669729; 1, 0, 1; 1, 0, 0; 3, 1, 2 / 4, 1, 0 ;
0,38; 1.262175, -2.598859, -3.293965 / 1.262175, -2.598859, -3.293965 / 1.262175, -2.598859, -3.293965; 1, 3, 1, 0; 0.059987395077; 1, 0, 1; 1, 0, 0; 2, 1, 2 ;
0,38; 0.325905, -2.615043, 0.128221 / 0.326095, -2.614982, 0.128284 / 0.325715, -2.615105, 0.128158; 1, 15, 1, 0; 0.744598267863; 0, 2, 0; 1, 1, 0; 3, 1, 1 / 4, 1, 1 ;
0,38; 0.325869, -2.622089, 0.124476 / 0.325869, -2.622089, 0.124476 / 0.325869, -2.622089, 0.124476; 1, 15, 1, 0; 0.744598582626; 1, 0, 1; 1, 0, 0; 3, 1, 2 ;
1,39; 1.90486, 1.59151, 0.752458 / 1.90489, 1.5923, 0.752741 / 1.90484, 1.59071, 0.752175; 1, 20, 1, 0; 0.761780254713; 2, 1, 1; 1, 1, 0; 3, 7, 0 / 3, 10, 2 / 4, 1, 1 / 4, 6, 0 ;
0,39; -0.554217, 0.534158, 2.332022 / -0.554217, 0.534158, 2.332022 / -0.554217, 0.534158, 2.332022; 1, 31, 1, 0; 0.847768388655; 1, 0, 1; 0, 1, 0; 4, 1, 2 ;
1,40; -0.0221497, -2.05177, -3.81108 / -0.0221497, -2.05177, -3.81108 / -0.0221497, -2.05177, -3.81108; 1, 1, 1, 0; 0.328471188562; 1, 0, 1; 1, 0, 0; 2, 1, 2 ;
1,43; -2.39974, 1.1222, -2.76654 / -2.39974, 1.1222, -2.76654 / -2.39974, 1.1222, -2.76654; 1, 6, 1, 0; 0.008441846264; 1, 0, 1; 1, 0, 0; 2, 1, 2 ;
0,43; -2.405551, 1.123242, -2.761140 / -2.405551, 1.123242, -2.761140 / -2.405551, 1.123242, -2.761140; 1, 6, 1, 0; 0.008451442412; 0, 0, 0; 1, 0, 0; 3, 1, 3 ;
1,49; -0.330643, 1.68695, -1.66724 / -0.330282, 1.68758, -1.66656 / -0.331003, 1.68632, -1.66792; 1, 7, 1, 0; 0.038529225870; 2, 2, 1; 2, 1, 0; 1, 2, 1 / 2, 1, 2 / 2, 8, 0 / 2, 9, 1 / 4, 1, 0 ;
0,49; -0.330867, 1.685252, -1.662829 / -0.330797, 1.685356, -1.662287 / -0.330936, 1.685149, -1.663371; 1, 7, 1, 0; 0.038529338369; 2, 1, 1; 1, 1, 0; 1, 6, 1 / 3, 1, 2 ;
0,49; -0.336205, 1.690412, -1.668639 / -0.336205, 1.690412, -1.668639 / -0.336205, 1.690412, -1.668639; 1, 7, 1, 0; 0.038528995757; 0, 1, 0; 0, 1, 0; 1, 1, 1 ;
0,49; -0.492627, 1.884672, -1.527027 / -0.492627, 1.884672, -1.527027 / -0.492627, 1.884672, -1.527027; 1, 7, 1, 0; 0.419060075825; 1, 0, 1; 0, 1, 0; 1, 1, 2 ;
0,49; -0.330913, 1.685873, -1.666204 / -0.330823, 1.686317, -1.665844 / -0.331003, 1.685430, -1.666565; 1, 7, 1, 0; 0.038529266779; 1, 0, 1; 2, 0, 0; 2, 1, 1 / 3, 6, 2 ;
0,49; -0.489875, 1.882567, -1.530505 / -0.489875, 1.882567, -1.530505 / -0.489875, 1.882567, -1.530505; 1, 7, 1, 0; 0.419059385486; 1, 0, 1; 1, 0, 0; 3, 1, 2 ;
1,50; 3.2586, 1.83571, -0.787369 / 3.2586, 1.83571, -0.787369 / 3.2586, 1.83571, -0.787369; 1, 12, 1, 0; 0.305735713828; 1, 0, 1; 1, 0, 0; 2, 1, 2 ;
1,51; -3.45445, 0.0824049, 0.528322 / -3.45435, 0.0825409, 0.528324 / -3.45455, 0.082269, 0.528321; 1, 17, 1, 0; 0.724110863749; 2, 1, 1; 0, 2, 1; 1, 1, 2 / 4, 5, 1 ;
0,51; 0.925696, 1.843926, 0.827953 / 0.925696, 1.843926, 0.827953 / 0.925696, 1.843926, 0.827953; 1, 25, 1, 0; 0.676296952552; 1, 0, 1; 1, 0, 0; 3, 1, 2 ;
1,52; 2.11833, 2.25436, 2.9521 / 2.11833, 2.25436, 2.9521 / 2.11833, 2.25436, 2.9521; 1, 40, 1, 0; 0.024881250982; 1, 0, 1; 0, 1, 0; 1, 1, 2 ;
0,52; 2.117483, 2.247735, 2.953508 / 2.117483, 2.247735, 2.953508 / 2.117483, 2.247735, 2.953508; 1, 40, 1, 0; 0.024883356907; 1, 0, 1; 1, 0, 0; 1, 5, 0 / 3, 1, 2 / 3, 2, 0 ;
1,54; -2.07364, -0.205293, 1.10097 / -2.07364, -0.205293, 1.10097 / -2.07364, -0.205293, 1.10097; 1, 21, 1, 0; 0.535985085942; 1, 0, 1; 1, 0, 0; 2, 1, 2 ;
1,55; -2.04517, 2.14891, 0.210931 / -2.04517, 2.14891, 0.210931 / -2.04517, 2.14891, 0.210931; 1, 14, 1, 0; 0.702121579185; 1, 0, 1; 1, 0, 0; 2, 1, 2 ;
0,55; -0.900495, 2.354175, 1.043422 / -0.900495, 2.354175, 1.043422 / -0.900495, 2.354175, 1.043422; 1, 25, 1, 0; 0.891260906091; 1, 0, 1; 0, 1, 0; 1, 1, 2 ;
0,55; -0.344675, 2.450003, 1.476310 / -0.344417, 2.450043, 1.476492 / -0.344934, 2.449963, 1.476129; 1, 29, 1, 0; 0.218976235286; 2, 1, 1; 2, 0, 0; 2, 5, 1 / 3, 1, 2 ;
0,55; -0.132758, 2.502271, 1.629265 / -0.132758, 2.502271, 1.629265 / -0.132758, 2.502271, 1.629265; 1, 29, 1, 0; 0.372836072568; 1, 0, 1; 1, 0, 0; 3, 1, 2 ;
1,56; -1.64333, -3.82058, -0.224022 / -1.64333, -3.82058, -0.224022 / -1.64333, -3.82058, -0.224022; 1, 10, 1, 0; 0.987307846610; 0, 1, 0; 0, 1, 0; 1, 1, 1 ;
0,56; 0.070831, -2.885469, 0.084878 / 0.070831, -2.885469, 0.084878 / 0.070831, -2.885469, 0.084878; 1, 15, 1, 0; 0.807936784750; 1, 0, 1; 1, 0, 0; 2, 2, 0 / 3, 1, 2 / 3, 2, 0 / 4, 1, 0 ;
1,57; -0.782745, 0.609619, -3.82482 / -0.782745, 0.609619, -3.82482 / -0.782745, 0.609619, -3.82482; 1, 1, 1, 0; 0.521653886985; 1, 0, 1; 1, 0, 0; 2, 1, 2 ;
1,58; -1.75714, 1.35802, -0.989106 / -1.75714, 1.35802, -0.989106 / -1.75714, 1.35802, -0.989106; 1, 7, 1, 0; 0.530601290064; 1, 0, 1; 1, 0, 0; 3, 1, 2 ;
0,58; 0.337913, 0.940049, -0.851536 / 0.337913, 0.940049, -0.851536 / 0.337913, 0.940049, -0.851536; 1, 13, 1, 0; 0.318935818983; 0, 1, 0; 0, 1, 0; 4, 1, 1 ;
0,58; 0.093937, 0.989704, -0.862971 / 0.093937, 0.989704, -0.862971 / 0.093937, 0.989704, -0.862971; 1, 13, 1, 0; 0.321983878731; 0, 1, 0; 0, 1, 0; 4, 1, 1 ;
1,60; 2.30404, -3.88887, 0.222037 / 2.30404, -3.88887, 0.222037 / 2.30404, -3.88887, 0.222037; 1, 15, 1, 0; 0.925690129281; 1, 0, 1; 0, 1, 0; 1, 1, 2 ;
0,60; 2.315163, -3.469254, 0.416548 / 2.315163, -3.469254, 0.416548 / 2.315163, -3.469254, 0.416548; 1, 19, 1, 0; 0.265528428829; 1, 0, 1; 1, 0, 0; 3, 1, 2 ;
1,63; 1.10835, -1.30485, -0.527466 / 1.10835, -1.30485, -0.527466 / 1.10835, -1.30485, -0.527466; 1, 12, 1, 0; 0.707646140308; 1, 0, 1; 1, 0, 0; 3, 1, 2 ;
1,66; -0.327453, -1.89129, 0.226138 / -0.327453, -1.89129, 0.226138 / -0.327453, -1.89129, 0.226138; 1, 15, 1, 0; 0.644849462625; 1, 0, 1; 1, 0, 0; 3, 1, 2 ;
1,67; 0.333653, 1.28359, -0.444965 / 0.333653, 1.28359, -0.444965 / 0.333653, 1.28359, -0.444965; 1, 13, 1, 0; 0.412812525005; 1, 0, 1; 1, 0, 0; 3, 1, 2 ;
0,67; 0.456804, -2.266806, 0.986409 / 0.457087, -2.266634, 0.987097 / 0.456521, -2.266978, 0.985721; 1, 22, 1, 0; 0.186551606219; 2, 1, 1; 1, 1, 0; 3, 1, 1 / 4, 3, 2 ;
0,67; 0.400301, -0.900569, 0.342079 / 0.400469, -0.900435, 0.342286 / 0.400134, -0.900703, 0.341871; 1, 23, 1, 0; 0.041379044308; 2, 1, 1; 1, 1, 0; 2, 1, 2 / 4, 5, 1 ;
0,67; 0.402925, -0.901955, 0.335108 / 0.402925, -0.901955, 0.335108 / 0.402925, -0.901955, 0.335108; 1, 23, 1, 0; 0.041378438336; 1, 0, 1; 1, 0, 0; 3, 1, 2 ;
1,69; -0.922692, -2.68079, 0.168051 / -0.922692, -2.68079, 0.168051 / -0.922692, -2.68079, 0.168051; 1, 15, 1, 0; 0.733316376280; 1, 0, 1; 1, 0, 0; 3, 1, 2 ;
0,69; -2.875731, -1.789587, 0.135382 / -2.875683, -1.789105, 0.135809 / -2.875779, -1.790070, 0.134954; 1, 21, 1, 0; 0.022427743436; 1, 0, 2; 2, 0, 0; 2, 1, 2 / 3, 6, 2 ;
1,70; 2.52451, -0.45508, -0.091041 / 2.52451, -0.45508, -0.091041 / 2.52451, -0.45508, -0.091041; 1, 16, 1, 0; 0.432911804573; 1, 0, 1; 0, 1, 0; 4, 1, 2 ;
0,70; 1.866147, -1.050688, 0.393305 / 1.866769, -1.050624, 0.393853 / 1.865525, -1.050751, 0.392757; 1, 19, 1, 0; 0.481849999855; 1, 0, 1; 1, 1, 0; 1, 1, 2 / 2, 5, 3 / 3, 4, 0 ;
0,70; 1.865592, -1.047508, 0.396926 / 1.865592, -1.047508, 0.396926 / 1.865592, -1.047508, 0.396926; 1, 19, 1, 0; 0.481863515011; 1, 0, 1; 0, 1, 0; 1, 1, 2 ;
0,70; 1.458669, -1.403375, 0.738018 / 1.458669, -1.403375, 0.738018 / 1.458669, -1.403375, 0.738018; 1, 19, 1, 0; 0.830680255580; 1, 0, 1; 0, 1, 0; 4, 1, 2 ;
0,70; 1.865707, -1.056346, 0.383999 / 1.865707, -1.056346, 0.383999 / 1.865707, -1.056346, 0.383999; 1, 19, 1, 0; 0.481848799472; 1, 0, 1; 1, 0, 0; 1, 3, 0 / 3, 1, 2 ;
0,70; 1.871840, -1.049570, 0.387133 / 1.871840, -1.049570, 0.387133 / 1.871840, -1.049570, 0.387133; 1, 19, 1, 0; 0.481850983302; 1, 0, 1; 1, 0, 0; 2, 1, 2 ;
0,70; 1.455999, -1.399499, 0.753863 / 1.455999, -1.399499, 0.753863 / 1.455999, -1.399499, 0.753863; 1, 19, 1, 0; 0.830682374329; 1, 0, 1; 1, 0, 0; 2, 1, 2 / 3, 5, 0 / 4, 2, 0 ;
0,70; -0.812615, -3.067539, 2.807936 / -0.812615, -3.067539, 2.807936 / -0.812615, -3.067539, 2.807936; 1, 35, 1, 0; 0.897220212654; 0, 1, 0; 1, 0, 0; 3, 1, 1 ;
1,71; -1.76374, -0.907219, -1.5128 / -1.76336, -0.90646, -1.51218 / -1.76412, -0.907977, -1.51341; 1, 6, 1, 0; 0.938046321264; 2, 2, 1; 2, 1, 0; 3, 1, 1 / 3, 9, 1 / 4, 8, 2 ;
0,71; -2.991729, -1.446920, -1.036550 / -2.991729, -1.446920, -1.036550 / -2.991729, -1.446920, -1.036550; 1, 10, 1, 0; 0.097863149847; 1, 0, 1; 0, 1, 0; 1, 1, 2 / 3, 5, 0 ;
0,71; -1.406117, -0.494799, -1.044228 / -1.406117, -0.494799, -1.044228 / -1.406117, -0.494799, -1.044228; 1, 10, 1, 0; 0.178520842255; 1, 0, 1; 0, 1, 0; 4, 1, 2 ;
0,71; -3.943643, -1.831330, -0.606949 / -3.943643, -1.831330, -0.606949 / -3.943643, -1.831330, -0.606949; 1, 10, 1, 0; 0.521107578648; 0, 1, 0; 1, 0, 0; 3, 1, 1 ;
0,71; -0.645921, 0.297797, -0.991220 / -0.645351, 0.298062, -0.990868 / -0.646491, 0.297531, -0.991572; 1, 11, 1, 0; 0.754837054787; 1, 0, 2; 1, 1, 0; 1, 6, 2 / 3, 1, 2 ;
0,71; -0.642787, 0.295887, -0.998777 / -0.642787, 0.295887, -0.998777 / -0.642787, 0.295887, -0.998777; 1, 11, 1, 0; 0.754836865968; 1, 0, 1; 0, 1, 0; 1, 1, 2 ;
0,71; -0.640065, 0.299898, -0.983551 / -0.639831, 0.299989, -0.982869 / -0.640298, 0.299808, -0.984234; 1, 11, 1, 0; 0.754848126456; 2, 1, 1; 2, 0, 0; 2, 6, 1 / 3, 1, 2 ;
0,71; -0.648513, 0.300684, -1.004556 / -0.648513, 0.300684, -1.004556 / -0.648513, 0.300684, -1.004556; 1, 11, 1, 0; 0.754826887162; 1, 0, 1; 1, 0, 0; 3, 1, 2 ;
0,71; -0.643653, 0.302012, -0.986860 / -0.643653, 0.302012, -0.986860 / -0.643653, 0.302012, -0.986860; 1, 11, 1, 0; 0.754847886141; 1, 0, 1; 1, 0, 0; 2, 1, 2 / 2, 10, 0 ;
0,71; -0.639055, 0.298101, -0.981054 / -0.639055, 0.298101, -0.981054 / -0.639055, 0.298101, -0.981054; 1, 11, 1, 0; 0.754848212283; 1, 0, 1; 1, 0, 0; 3, 1, 2 ;
0,71; -0.719165, 0.361742, -0.843262 / -0.719165, 0.361742, -0.843262 / -0.719165, 0.361742, -0.843262; 1, 13, 1, 0; 0.360972341732; 1, 0, 1; 0, 1, 0; 1, 1, 2 ;
0,71; -1.029359, -0.096518, -0.830997 / -1.029359, -0.096518, -0.830997 / -1.029359, -0.096518, -0.830997; 1, 16, 1, 0; 0.066678741535; 1, 0, 1; 0, 1, 0; 1, 1, 2 ;
0,71; -1.029803, -0.099761, -0.834127 / -1.029803, -0.099761, -0.834127 / -1.029803, -0.099761, -0.834127; 1, 16, 1, 0; 0.066666211264; 1, 0, 1; 1, 0, 0; 2, 1, 2 ;
1,73; 4.45963, 0.782822, 0.924306 / 4.45963, 0.782822, 0.924306 / 4.45963, 0.782822, 0.924306; 1, 20, 1, 0; 0.864598124799; 1, 0, 1; 0, 1, 0; 4, 1, 2 ;
0,73; 4.461557, 0.789019, 0.923876 / 4.461557, 0.789019, 0.923876 / 4.461557, 0.789019, 0.923876; 1, 20, 1, 0; 0.864610490190; 1, 0, 1; 1, 0, 0; 3, 1, 2 ;
0,73; 3.256678, 1.066650, 1.357631 / 3.256678, 1.066650, 1.357631 / 3.256678, 1.066650, 1.357631; 1, 26, 1, 0; 0.824794719472; 0, 0, 0; 0, 1, 0; 1, 1, 3 ;
1,75; 0.760509, 3.28743, -0.00649044 / 0.760509, 3.28743, -0.00649044 / 0.760509, 3.28743, -0.00649044; 1, 17, 1, 0; 0.224470656914; 1, 0, 1; 1, 0, 0; 3, 1, 2 ;
1,77; 2.02987, 0.417333, -0.526132 / 2.02987, 0.417333, -0.526132 / 2.02987, 0.417333, -0.526132; 1, 12, 1, 0; 0.875473100708; 0, 1, 0; 0, 1, 0; 4, 1, 1 ;
0,77; 2.603999, -2.173954, 0.543941 / 2.604399, -2.173324, 0.544385 / 2.603598, -2.174584, 0.543498; 1, 19, 1, 0; 0.349440527532; 1, 0, 2; 2, 0, 0; 2, 1, 2 / 2, 7, 2 ;
0,77; 2.679009, -2.575346, 0.740717 / 2.679009, -2.575346, 0.740717 / 2.679009, -2.575346, 0.740717; 1, 19, 1, 0; 0.933985669163; 1, 0, 1; 1, 0, 0; 2, 1, 2 ;
1,78; 2.72166, -2.83495, 0.440349 / 2.72166, -2.83495, 0.440349 / 2.72166, -2.83495, 0.440349; 1, 19, 1, 0; 0.302156986952; 0, 1, 0; 1, 0, 0; 2, 1, 1 ;
0,78; 1.748836, -2.870252, 0.726180 / 1.748836, -2.870252, 0.726180 / 1.748836, -2.870252, 0.726180; 1, 19, 1, 0; 0.946231549535; 1, 0, 1; 1, 0, 0; 3, 1, 2 ;
0,78; 0.125161, -2.878004, 1.280318 / 0.125161, -2.878004, 1.280318 / 0.125161, -2.878004, 1.280318; 1, 22, 1, 0; 0.547692693873; 1, 0, 1; 0, 1, 0; 1, 1, 2 ;
0,78; -2.467781, -3.005977, 2.033537 / -2.467781, -3.005977, 2.033537 / -2.467781, -3.005977, 2.033537; 1, 32, 1, 0; 0.444498131722; 1, 0, 1; 0, 1, 0; 1, 1, 2 ;
0,78; -2.530254, -3.013845, 2.051925 / -2.530254, -3.013845, 2.051925 / -2.530254, -3.013845, 2.051925; 1, 32, 1, 0; 0.442716405152; 1, 0, 1; 1, 0, 0; 3, 1, 2 ;
1,81; 1.75377, 2.07401, -0.777565 / 1.75377, 2.07401, -0.777565 / 1.75377, 2.07401, -0.777565; 1, 12, 1, 0; 0.290020043440; 1, 0, 1; 1, 0, 0; 2, 1, 2 ;
0,81; 1.565937, 2.509829, -0.225803 / 1.565939, 2.509833, -0.225798 / 1.565935, 2.509824, -0.225808; 1, 20, 1, 0; 0.037285276074; 0, 2, 0; 1, 1, 0; 1, 1, 1 / 2, 1, 1 ;
0,81; 1.098540, 3.975262, 1.331049 / 1.098540, 3.975262, 1.331049 / 1.098540, 3.975262, 1.331049; 1, 31, 1, 0; 0.058674954945; 1, 0, 1; 1, 0, 0; 3, 1, 2 ;
1,82; 2.59892, -0.859181, -2.11056 / 2.59892, -0.859181, -2.11056 / 2.59892, -0.859181, -2.11056; 1, 4, 1, 0; 0.525309872379; 1, 0, 1; 1, 0, 0; 3, 1, 2 ;
0,82; 2.257023, -2.678254, 0.519320 / 2.257023, -2.678254, 0.519320 / 2.257023, -2.678254, 0.519320; 1, 19, 1, 0; 0.321079368454; 0, 1, 0; 0, 1, 0; 4, 1, 1 ;
1,83; -1.59632, -1.91721, 0.804411 / -1.59632, -1.91721, 0.804411 / -1.59632, -1.91721, 0.804411; 1, 18, 1, 0; 0.483793461552; 1, 0, 1; 1, 0, 0; 3, 1, 2 ;
1,85; -1.84922, -3.53754, -1.47747 / -1.84922, -3.53754, -1.47747 / -1.84922, -3.53754, -1.47747; 1, 9, 1, 0; 0.252472884739; 1, 0, 1; 1, 0, 0; 1, 1, 0 / 2, 1, 2 / 3, 4, 0 / 3, 5, 0 / 3, 9, 0 / 4, 4, 0 ;
1,87; 2.93147, 1.41194, -1.20864 / 2.93147, 1.41194, -1.20864 / 2.93147, 1.41194, -1.20864; 1, 11, 1, 0; 0.873875032614; 0, 1, 0; 1, 0, 0; 2, 1, 1 ;
0,87; -0.437565, -3.850901, 0.444966 / -0.437565, -3.850901, 0.444966 / -0.437565, -3.850901, 0.444966; 1, 18, 1, 0; 0.150979400138; 1, 0, 1; 1, 0, 0; 2, 1, 2 ;
1,89; 3.22588, -2.22057, 2.16046 / 3.22588, -2.22057, 2.16046 / 3.22588, -2.22057, 2.16046; 1, 33, 1, 0; 0.121102043311; 1, 0, 1; 1, 0, 0; 2, 1, 2 ;
0,89; 3.200965, -2.065929, 2.339562 / 3.200965, -2.065929, 2.339562 / 3.200965, -2.065929, 2.339562; 1, 33, 1, 0; 0.617249762391; 1, 0, 1; 1, 0, 0; 3, 1, 2 / 4, 1, 0 ;
1,90; -3.22251, -0.33888, -2.03249 / -3.22251, -0.33888, -2.03249 / -3.22251, -0.33888, -2.03249; 1, 5, 1, 0; 0.979117379810; 0, 1, 0; 1, 0, 0; 3, 1, 1 ;
0,90; -2.323280, -1.287117, -1.156172 / -2.323280, -1.287117, -1.156172 / -2.323280, -1.287117, -1.156172; 1, 10, 1, 0; 0.093027090389; 0, 1, 0; 1, 0, 0; 2, 1, 1 ;
1,91; 3.79827, -0.845999, -0.138783 / 3.79827, -0.845999, -0.138783 / 3.79827, -0.845999, -0.138783; 1, 19, 1, 0; 0.035772395820; 1, 0, 1; 0, 1, 0; 1, 1, 2 ;
1,92; 2.3008, -2.37572, -1.43817 / 2.3008, -2.37572, -1.43817 / 2.3008, -2.37572, -1.43817; 1, 8, 1, 0; 0.608912389380; 1, 0, 1; 1, 0, 0; 3, 1, 2 ;
1,94; -1.37902, 1.37591, -4.18676 / -1.37902, 1.37591, -4.18676 / -1.37902, 1.37591, -4.18676; 1, 1, 1, 0; 0.088623785317; 1, 0, 1; 1, 0, 0; 2, 1, 2 ;
1,95; -0.0281926, 2.92111, 0.198142 / -0.0281926, 2.92111, 0.198142 / -0.0281926, 2.92111, 0.198142; 1, 17, 1, 0; 0.531851400060; 1, 0, 1; 1, 0, 0; 2, 1, 2 ;
0,95; 0.719787, 3.507243, 1.143547 / 0.719787, 3.507243, 1.143547 / 0.719787, 3.507243, 1.143547; 1, 26, 1, 0; 0.507914980069; 1, 0, 1; 1, 0, 0; 2, 1, 2 ;
0,95; 1.184642, 3.956893, 1.717882 / 1.184642, 3.956893, 1.717882 / 1.184642, 3.956893, 1.717882; 1, 31, 1, 0; 0.100552970517; 0, 0, 0; 1, 0, 0; 3, 1, 3 ;
0,95; 1.184383, 3.958109, 1.720074 / 1.184383, 3.958109, 1.720074 / 1.184383, 3.958109, 1.720074; 1, 31, 1, 0; 0.100553080675; 1, 0, 1; 1, 0, 0; 3, 1, 2 ;
1,97; 2.77992, -2.02456, -2.22736 / 2.77992, -2.02456, -2.22736 / 2.77992, -2.02456, -2.22736; 1, 3, 1, 0; 0.912444057593; 1, 0, 1; 0, 1, 0; 4, 1, 2 ;
0,97; 3.268954, -2.163523, -0.258190 / 3.268954, -2.163523, -0.258190 / 3.268954, -2.163523, -0.258190; 1, 15, 1, 0; 0.503454992821; 0, 1, 0; 1, 0, 0; 2, 1, 1 ;
1,103; -2.98941, -1.1392, -1.32095 / -2.98941, -1.1392, -1.32095 / -2.98941, -1.1392, -1.32095; 1, 6, 1, 0; 0.920326582703; 1, 0, 1; 0, 1, 0; 4, 1, 2 / 4, 4, 0 ;
0,103; -3.369100, -0.430537, -1.400802 / -3.369100, -0.430537, -1.400802 / -3.369100, -0.430537, -1.400802; 1, 6, 1, 0; 0.962797193886; 1, 0, 1; 1, 0, 0; 2, 1, 2 ;
1,104; 2.16995, 1.10306, 2.6114 / 2.16996, 1.10307, 2.61141 / 2.16995, 1.10305, 2.6114; 1, 35, 1, 0; 0.126249681174; 0, 2, 0; 1, 1, 0; 1, 4, 0 / 3, 1, 1 / 4, 1, 1 ;
0,104; 2.176795, 1.097556, 2.596672 / 2.176795, 1.097556, 2.596672 / 2.176795, 1.097556, 2.596672; 1, 35, 1, 0; 0.126223312027; 1, 0, 1; 1, 0, 0; 3, 1, 2 ;
0,104; 2.170264, 1.097780, 2.603848 / 2.170264, 1.097780, 2.603848 / 2.170264, 1.097780, 2.603848; 1, 35, 1, 0; 0.126224535803; 1, 0, 1; 1, 0, 0; 3, 1, 2 ;
0,104; 2.170987, 1.099669, 2.599081 / 2.170987, 1.099669, 2.599081 / 2.170987, 1.099669, 2.599081; 1, 35, 1, 0; 0.126224819203; 1, 0, 1; 1, 0, 0; 2, 1, 2 ;
0,104; 2.169939, 1.100915, 2.605175 / 2.169939, 1.100915, 2.605175 / 2.169939, 1.100915, 2.605175; 1, 35, 1, 0; 0.126226004333; 1, 0, 1; 1, 0, 0; 2, 1, 2 ;
0,104; 1.749786, 1.460165, 3.268513 / 1.749786, 1.460165, 3.268513 / 1.749786, 1.460165, 3.268513; 1, 42, 1, 0; 0.526521614867; 1, 0, 1; 0, 1, 0; 4, 1, 2 ;
1,105; 0.95657, -3.63518, -0.122468 / 0.957298, -3.6348, -0.122207 / 0.955843, -3.63556, -0.122729; 1, 15, 1, 0; 0.304308805881; 2, 2, 1; 3, 0, 0; 2, 7, 1 / 3, 1, 2 / 3, 4, 0 / 3, 7, 1 ;
0,105; 0.859425, -3.608416, -0.090124 / 0.860012, -3.608295, -0.089315 / 0.858838, -3.608537, -0.090934; 1, 15, 1, 0; 0.303258941966; 1, 0, 2; 2, 0, 0; 2, 1, 2 / 2, 8, 2 ;
0,105; -1.537575, -2.911795, 0.421835 / -1.536811, -2.911346, 0.422283 / -1.538338, -2.912244, 0.421387; 1, 18, 1, 0; 0.284305856621; 1, 0, 2; 0, 2, 0; 4, 1, 2 / 4, 6, 0 / 4, 7, 2 ;
1,109; 1.02024, 1.17329, -3.17506 / 1.02024, 1.17329, -3.17506 / 1.02024, 1.17329, -3.17506; 1, 2, 1, 0; 0.289609114195; 0, 0, 0; 1, 0, 0; 2, 1, 3 ;
1,110; 1.86156, -3.26312, -1.04922 / 1.86156, -3.26216, -1.04904 / 1.86155, -3.26407, -1.04939; 1, 8, 1, 0; 0.900518526132; 2, 1, 1; 1, 1, 0; 1, 10, 1 / 3, 1, 2 ;
0,110; 0.276290, -4.047866, -1.683291 / 0.276290, -4.047866, -1.683291 / 0.276290, -4.047866, -1.683291; 1, 8, 1, 0; 0.422930257389; 1, 0, 1; 0, 1, 0; 1, 1, 2 ;
0,110; 1.778970, -3.343897, -1.106758 / 1.778970, -3.343897, -1.106758 / 1.778970, -3.343897, -1.106758; 1, 8, 1, 0; 0.902966313520; 1, 0, 1; 0, 1, 0; 1, 1, 2 ;
0,110; 0.284796, -4.053815, -1.686198 / 0.284879, -4.053617, -1.686041 / 0.284714, -4.054014, -1.686355; 1, 8, 1, 0; 0.422929495460; 2, 1, 1; 2, 0, 0; 2, 1, 1 / 3, 6, 2 ;
0,110; 1.193252, -3.620952, -1.637627 / 1.193252, -3.620952, -1.637627 / 1.193252, -3.620952, -1.637627; 1, 8, 1, 0; 0.381233814116; 1, 0, 1; 1, 0, 0; 3, 1, 2 ;
0,110; 0.634962, -3.859599, -1.805306 / 0.634962, -3.859599, -1.805306 / 0.634962, -3.859599, -1.805306; 1, 8, 1, 0; 0.405798916117; 1, 0, 1; 1, 0, 0; 2, 1, 2 ;
0,110; 0.371053, -4.099991, -1.766653 / 0.371053, -4.099991, -1.766653 / 0.371053, -4.099991, -1.766653; 1, 8, 1, 0; 0.419516154435; 1, 0, 1; 1, 0, 0; 3, 1, 2 ;
0,110; 1.401545, -3.575583, -1.410845 / 1.401545, -3.575583, -1.410845 / 1.401545, -3.575583, -1.410845; 1, 8, 1, 0; 0.485508871618; 1, 0, 1; 1, 0, 0; 1, 4, 0 / 2, 9, 0 / 3, 1, 2 ;
0,110; 1.395979, -3.573834, -1.406334 / 1.395979, -3.573834, -1.406334 / 1.395979, -3.573834, -1.406334; 1, 8, 1, 0; 0.485509030141; 1, 0, 1; 1, 0, 0; 3, 1, 2 ;
0,110; 1.911026, -3.176501, -1.051352 / 1.911026, -3.176501, -1.051352 / 1.911026, -3.176501, -1.051352; 1, 8, 1, 0; 0.901141175785; 1, 0, 1; 1, 0, 0; 3, 1, 2 ;
0,110; 1.732215, -3.389054, -1.151090 / 1.732215, -3.389054, -1.151090 / 1.732215, -3.389054, -1.151090; 1, 8, 1, 0; 0.902880737098; 1, 0, 1; 1, 0, 0; 3, 1, 2 / 4, 5, 0 ;
0,110; 1.776299, -3.353218, -1.111143 / 1.776299, -3.353218, -1.111143 / 1.776299, -3.353218, -1.111143; 1, 8, 1, 0; 0.902957778889; 0, 1, 0; 1, 0, 0; 3, 1, 1 ;
1,115; -1.88205, 3.07156, 0.21232 / -1.88205, 3.07156, 0.21232 / -1.88205, 3.07156, 0.21232; 1, 14, 1, 0; 0.655309746006; 1, 0, 1; 1, 0, 0; 2, 1, 2 ;
1,117; -2.10312, -3.19155, 2.3159 / -2.10312, -3.19155, 2.3159 / -2.10312, -3.19155, 2.3159; 1, 32, 1, 0; 0.824369456305; 1, 0, 1; 1, 0, 0; 3, 1, 2 ;
1,119; 1.43261, 1.26286, -0.571246 / 1.43306, 1.26321, -0.570375 / 1.43216, 1.26251, -0.572117; 1, 12, 1, 0; 0.944695955379; 2, 1, 1; 0, 2, 1; 1, 7, 1 / 4, 1, 2 ;
0,119; -2.066436, 1.187551, 0.813439 / -2.066029, 1.188141, 0.814131 / -2.066842, 1.186961, 0.812747; 1, 24, 1, 0; 0.236980670974; 1, 0, 2; 2, 0, 0; 3, 1, 2 / 3, 7, 2 ;
0,119; -2.756058, 1.110369, 1.052021 / -2.756058, 1.110369, 1.052021 / -2.756058, 1.110369, 1.052021; 1, 24, 1, 0; 0.279301484336; 1, 0, 1; 1, 0, 0; 2, 1, 2 ;
1,121; 2.25688, -0.997758, -0.167154 / 2.25688, -0.997758, -0.167154 / 2.25688, -0.997758, -0.167154; 1, 16, 1, 0; 0.351072392954; 1, 0, 1; 0, 1, 0; 4, 1, 2 ;
1,122; 2.74373, -1.75656, -3.184 / 2.74373, -1.75656, -3.184 / 2.74373, -1.75656, -3.184; 1, 3, 1, 0; 0.119228419912; 1, 0, 1; 0, 1, 0; 1, 1, 2 / 3, 7, 0 / 4, 5, 0 ;
0,122; 0.762460, -1.736084, -2.537142 / 0.762460, -1.736073, -2.537132 / 0.762460, -1.736095, -2.537152; 1, 3, 1, 0; 0.563849953860; 2, 1, 1; 2, 0, 0; 2, 1, 1 / 2, 2, 2 ;
0,122; 2.741042, -1.755146, -3.185816 / 2.741042, -1.755146, -3.185816 / 2.741042, -1.755146, -3.185816; 1, 3, 1, 0; 0.119227952466; 0, 0, 0; 1, 0, 0; 2, 1, 3 ;
0,122; 0.762846, -1.733380, -2.540324 / 0.762846, -1.733380, -2.540324 / 0.762846, -1.733380, -2.540324; 1, 3, 1, 0; 0.563849510592; 1, 0, 1; 1, 0, 0; 3, 1, 2 ;
1,123; -1.04693, 3.0264, -3.00009 / -1.04693, 3.0264, -3.00009 / -1.04693, 3.0264, -3.00009; 1, 2, 1, 0; 0.792869258043; 1, 0, 1; 1, 0, 0; 2, 1, 2 ;
1,124; 1.93898, 3.57368, 0.24959 / 1.93898, 3.57368, 0.24959 / 1.93898, 3.57368, 0.24959; 1, 20, 1, 0; 0.173689434894; 0, 1, 0; 1, 0, 0; 3, 1, 1 ;
0,124; 0.003456, -1.370322, 1.644717 / 0.003456, -1.370322, 1.644717 / 0.003456, -1.370322, 1.644717; 1, 27, 1, 0; 0.902699327410; 0, 1, 0; 0, 1, 0; 1, 1, 1 / 3, 7, 0 ;
0,124; -1.226787, -0.493570, 2.958128 / -1.226787, -0.493570, 2.958128 / -1.226787, -0.493570, 2.958128; 1, 36, 1, 0; 0.951560764976; 1, 0, 1; 1, 0, 0; 2, 1, 2 ;
0,124; -1.250378, -0.492859, 2.945142 / -1.250378, -0.492859, 2.945142 / -1.250378, -0.492859, 2.945142; 1, 36, 1, 0; 0.960388258966; 1, 0, 1; 1, 0, 0; 2, 1, 2 ;
0,124; -1.243219, -0.493849, 2.960733 / -1.243219, -0.493849, 2.960733 / -1.243219, -0.493849, 2.960733; 1, 36, 1, 0; 0.960410209639; 1, 0, 1; 1, 0, 0; 3, 1, 2 ;
0,124; -1.986439, -0.145058, 2.892628 / -1.986017, -0.144961, 2.892926 / -1.986861, -0.145155, 2.892329; 1, 37, 1, 0; 0.876771355707; 2, 1, 1; 2, 0, 0; 2, 1, 1 / 3, 2, 2 ;
0,124; -2.022062, -0.044382, 2.864871 / -2.022062, -0.044382, 2.864871 / -2.022062, -0.044382, 2.864871; 1, 37, 1, 0; 0.880288227802; 1, 0, 1; 1, 0, 0; 3, 1, 2 ;
0,124; -2.061996, 0.024329, 2.796816 / -2.061996, 0.024329, 2.796816 / -2.061996, 0.024329, 2.796816; 1, 37, 1, 0; 0.949314538597; 1, 0, 1; 1, 0, 0; 2, 1, 2 ;
1,125; -2.68968, -1.53588, -0.597506 / -2.68968, -1.53588, -0.597506 / -2.68968, -1.53588, -0.597506; 1, 10, 1, 0; 0.550910499634; 1, 0, 1; 0, 1, 0; 4, 1, 2 ;
0,125; 0.574161, 0.550424, -0.102316 / 0.574161, 0.550424, -0.102316 / 0.574161, 0.550424, -0.102316; 1, 13, 1, 0; 0.988331209846; 0, 1, 0; 0, 1, 0; 1, 1, 1 ;
0,125; 0.828797, 0.530330, -0.167531 / 0.829106, 0.530757, -0.167492 / 0.828488, 0.529902, -0.167570; 1, 13, 1, 0; 0.985598841869; 2, 1, 1; 2, 0, 0; 2, 2, 1 / 3, 1, 2 / 4, 5, 0 ;
0,125; 0.999068, 0.478666, -0.102169 / 0.999068, 0.478666, -0.102169 / 0.999068, 0.478666, -0.102169; 1, 13, 1, 0; 0.982733543589; 1, 0, 1; 1, 0, 0; 3, 1, 2 ;
0,125; 0.850034, 0.535234, -0.162676 / 0.850034, 0.535234, -0.162676 / 0.850034, 0.535234, -0.162676; 1, 13, 1, 0; 0.985602110192; 0, 1, 0; 1, 0, 0; 2, 1, 1 ;
0,125; 0.829817, 0.537530, -0.159014 / 0.829817, 0.537530, -0.159014 / 0.829817, 0.537530, -0.159014; 1, 13, 1, 0; 0.985610671847; 1, 0, 1; 1, 0, 0; 3, 1, 2 ;
1,127; 3.29998, -2.09713, -0.468176 / 3.29998, -2.09713, -0.468176 / 3.29998, -2.09713, -0.468176; 1, 12, 1, 0; 0.636588672910; 1, 0, 1; 1, 0, 0; 3, 1, 2 ;
0,127; 3.184869, -2.083805, -0.180613 / 3.184869, -2.083805, -0.180613 / 3.184869, -2.083805, -0.180613; 1, 15, 1, 0; 0.504672344467; 1, 0, 1; 1, 0, 0; 2, 1, 2 ;
1,130; -0.620986, 2.46041, -1.36676 / -0.620986, 2.46041, -1.36676 / -0.620986, 2.46041, -1.36676; 1, 7, 1, 0; 0.390397568576; 1, 0, 1; 1, 0, 0; 3, 1, 2 ;
0,130; -0.764237, 2.352002, -0.798936 / -0.764237, 2.352002, -0.798936 / -0.764237, 2.352002, -0.798936; 1, 7, 1, 0; 0.867740531878; 1, 0, 1; 1, 0, 0; 2, 1, 2 ;
0,130; -0.967787, 2.263456, -0.153271 / -0.967787, 2.263456, -0.153271 / -0.967787, 2.263456, -0.153271; 1, 17, 1, 0; 0.144164183747; 1, 0, 1; 1, 0, 0; 2, 1, 2 ;
0,130; -1.114953, 2.182935, 0.336796 / -1.114953, 2.182935, 0.336796 / -1.114953, 2.182935, 0.336796; 1, 25, 1, 0; 0.055228391411; 1, 0, 1; 0, 1, 0; 2, 6, 0 / 3, 5, 0 / 4, 1, 2 ;
0,130; -1.324300, 2.067096, 1.015793 / -1.324300, 2.067096, 1.015793 / -1.324300, 2.067096, 1.015793; 1, 25, 1, 0; 0.845328541426; 1, 0, 1; 1, 0, 0; 3, 1, 2 ;
0,130; -1.328401, 2.060205, 1.019774 / -1.328401, 2.060205, 1.019774 / -1.328401, 2.060205, 1.019774; 1, 25, 1, 0; 0.845330221594; 1, 0, 1; 1, 0, 0; 3, 1, 2 ;
0,130; -1.323265, 2.066820, 1.022318 / -1.323265, 2.066820, 1.022318 / -1.323265, 2.066820, 1.022318; 1, 25, 1, 0; 0.845343697227; 1, 0, 1; 1, 0, 0; 2, 1, 2 ;
0,130; -1.317741, 2.061829, 1.025447 / -1.317741, 2.061829, 1.025447 / -1.317741, 2.061829, 1.025447; 1, 25, 1, 0; 0.845344348721; 1, 0, 1; 1, 0, 0; 2, 1, 2 ;
0,130; -2.232404, 1.636362, 3.571483 / -2.232404, 1.636362, 3.571483 / -2.232404, 1.636362, 3.571483; 1, 45, 1, 0; 0.458485511449; 1, 0, 1; 1, 0, 0; 3, 1, 2 ;
1,131; 0.196338, -0.476985, -1.11463 / 0.196338, -0.476985, -1.11463 / 0.196338, -0.476985, -1.11463; 1, 11, 1, 0; 0.674296780233; 0, 1, 0; 0, 1, 0; 1, 1, 1 / 3, 8, 0 ;
0,131; 0.199373, -0.472923, -1.108060 / 0.199373, -0.472923, -1.108060 / 0.199373, -0.472923, -1.108060; 1, 11, 1, 0; 0.674287127569; 1, 0, 1; 1, 0, 0; 3, 1, 2 ;
0,131; 0.184373, -0.475653, -1.114258 / 0.184373, -0.475653, -1.114258 / 0.184373, -0.475653, -1.114258; 1, 11, 1, 0; 0.674307050851; 1, 0, 1; 1, 0, 0; 2, 1, 2 ;
0,131; 0.174248, -0.472954, -1.103970 / 0.174248, -0.472954, -1.103970 / 0.174248, -0.472954, -1.103970; 1, 11, 1, 0; 0.674308349698; 1, 0, 1; 1, 0, 0; 2, 1, 2 ;
0,131; -0.424434, 0.791277, -0.221076 / -0.424434, 0.791277, -0.221076 / -0.424434, 0.791277, -0.221076; 1, 13, 1, 0; 0.913873499248; 1, 0, 1; 0, 1, 0; 4, 1, 2 ;
0,131; -1.444454, 3.318233, 1.487392 / -1.444454, 3.318233, 1.487392 / -1.444454, 3.318233, 1.487392; 1, 29, 1, 0; 0.143146067854; 0, 0, 0; 1, 0, 0; 3, 1, 3 ;
1,132; -0.657801, 0.40852, 1.43105 / -0.657801, 0.40852, 1.43105 / -0.657801, 0.40852, 1.43105; 1, 23, 1, 0; 0.654357891454; 1, 0, 1; 0, 1, 0; 1, 1, 2 ;
0,132; -0.726668, 0.372224, 1.408214 / -0.726668, 0.372224, 1.408214 / -0.726668, 0.372224, 1.408214; 1, 23, 1, 0; 0.652910172791; 0, 1, 0; 1, 0, 0; 1, 4, 0 / 3, 1, 1 ;
0,132; 1.104410, 1.355596, 1.980018 / 1.104410, 1.355596, 1.980018 / 1.104410, 1.355596, 1.980018; 1, 31, 1, 0; 0.200080966041; 1, 0, 1; 0, 1, 0; 4, 1, 2 ;
0,132; 1.096805, 1.358736, 1.973124 / 1.096805, 1.358736, 1.973124 / 1.096805, 1.358736, 1.973124; 1, 31, 1, 0; 0.200082276919; 1, 0, 1; 1, 0, 0; 2, 1, 2 ;
1,133; -2.10302, -0.516559, 1.13056 / -2.10302, -0.516559, 1.13056 / -2.10302, -0.516559, 1.13056; 1, 21, 1, 0; 0.550510736259; 1, 0, 1; 1, 0, 0; 3, 1, 2 ;
0,133; -2.101725, -0.515337, 1.135008 / -2.101725, -0.515337, 1.135008 / -2.101725, -0.515337, 1.135008; 1, 21, 1, 0; 0.550510976362; 1, 0, 1; 1, 0, 0; 3, 1, 2 ;
0,133; -2.097783, -0.515100, 1.137361 / -2.097783, -0.515100, 1.137361 / -2.097783, -0.515100, 1.137361; 1, 21, 1, 0; 0.550511878569; 1, 0, 1; 1, 0, 0; 2, 1, 2 ;
0,133; -2.095533, -0.502243, 1.144786 / -2.095533, -0.502243, 1.144786 / -2.095533, -0.502243, 1.144786; 1, 21, 1, 0; 0.550526066496; 1, 0, 1; 1, 0, 0; 3, 1, 2 ;
1,136; -4.37702, -0.826727, 0.534849 / -4.37702, -0.826727, 0.534849 / -4.37702, -0.826727, 0.534849; 1, 21, 1, 0; 0.107247636801; 1, 0, 1; 1, 0, 0; 3, 1, 2 ;
1,137; 0.20475, 0.989908, 2.91754 / 0.205204, 0.990293, 2.9179 / 0.204295, 0.989523, 2.91718; 1, 39, 1, 0; 0.435104164702; 1, 0, 2; 2, 1, 0; 1, 7, 0 / 2, 5, 2 / 2, 9, 0 / 3, 2, 3 / 3, 9, 0 / 4, 1, 2 / 4, 2, 0 ;
0,137; 0.206177, 0.992621, 2.918534 / 0.206177, 0.992621, 2.918534 / 0.206177, 0.992621, 2.918534; 1, 39, 1, 0; 0.435106082037; 0, 1, 0; 0, 1, 0; 1, 1, 1 ;
0,137; 0.208300, 0.986578, 2.915589 / 0.208300, 0.986578, 2.915589 / 0.208300, 0.986578, 2.915589; 1, 39, 1, 0; 0.435103850385; 1, 0, 1; 1, 0, 0; 2, 1, 2 / 2, 2, 0 ;
1,138; -2.871, 3.18117, -0.541576 / -2.871, 3.18117, -0.541576 / -2.871, 3.18117, -0.541576; 1, 14, 1, 0; 0.189768109038; 1, 0, 1; 1, 0, 0; 3, 1, 2 ;
0,138; -0.531359, 4.279160, -0.094313 / -0.530667, 4.279435, -0.094189 / -0.532051, 4.278886, -0.094438; 1, 17, 1, 0; 0.324272678959; 2, 2, 1; 1, 2, 0; 1, 1, 1 / 1, 3, 2 / 2, 3, 1 ;
0,138; -0.532345, 4.276756, -0.092499 / -0.532345, 4.276756, -0.092499 / -0.532345, 4.276756, -0.092499; 1, 17, 1, 0; 0.324271897815; 1, 0, 1; 1, 0, 0; 3, 1, 2 ;
1,139; -3.34173, -1.9345, 1.35316 / -3.34173, -1.9345, 1.35316 / -3.34173, -1.9345, 1.35316; 1, 21, 1, 0; 0.939522827283; 1, 0, 1; 1, 0, 0; 3, 1, 2 ;
1,140; -0.256553, 3.13266, 2.93245 / -0.256553, 3.13266, 2.93245 / -0.256553, 3.13266, 2.93245; 1, 40, 1, 0; 0.275629922992; 1, 0, 1; 1, 0, 0; 3, 1, 2 ;
0,140; -1.122712, 3.117109, 2.793022 / -1.122712, 3.117109, 2.793022 / -1.122712, 3.117109, 2.793022; 1, 40, 1, 0; 0.294599701399; 1, 0, 1; 1, 0, 0; 3, 1, 2 ;
1,143; -1.78898, -1.34259, 1.9505 / -1.78886, -1.34247, 1.95137 / -1.78911, -1.34271, 1.94964; 1, 30, 1, 0; 0.390075728352; 2, 2, 1; 1, 2, 1; 1, 8, 2 / 2, 1, 1 / 3, 5, 0 / 4, 6, 1 ;
0,143; -1.784791, -1.328342, 1.961733 / -1.784660, -1.328193, 1.961860 / -1.784923, -1.328492, 1.961607; 1, 30, 1, 0; 0.390090418133; 2, 1, 1; 1, 1, 0; 1, 5, 2 / 3, 1, 1 ;
0,143; -1.607433, -0.663976, 1.980729 / -1.607433, -0.663976, 1.980729 / -1.607433, -0.663976, 1.980729; 1, 30, 1, 0; 0.522741582600; 0, 1, 0; 0, 1, 0; 1, 1, 1 / 2, 2, 0 ;
0,143; -1.786077, -1.330661, 1.960310 / -1.785642, -1.330170, 1.960648 / -1.786512, -1.331152, 1.959972; 1, 30, 1, 0; 0.390090583734; 1, 0, 2; 2, 0, 0; 3, 1, 2 / 3, 9, 2 ;
0,143; -1.787194, -1.342776, 1.951742 / -1.787194, -1.342776, 1.951742 / -1.787194, -1.342776, 1.951742; 1, 30, 1, 0; 0.390075621198; 0, 1, 0; 1, 0, 0; 2, 1, 1 ;
0,143; -1.791608, -1.342744, 1.950253 / -1.791608, -1.342744, 1.950253 / -1.791608, -1.342744, 1.950253; 1, 30, 1, 0; 0.390075962142; 1, 0, 1; 1, 0, 0; 3, 1, 2 ;
0,143; -0.811014, 2.384921, 2.237527 / -0.811014, 2.384921, 2.237527 / -0.811014, 2.384921, 2.237527; 1, 31, 1, 0; 0.389974278135; 1, 0, 1; 1, 0, 0; 3, 1, 2 ;
1,144; 0.255892, -2.70042, -3.24538 / 0.256307, -2.69959, -3.24527 / 0.255476, -2.70124, -3.24548; 1, 3, 1, 0; 0.067911733298; 2, 1, 1; 2, 0, 0; 3, 1, 2 / 3, 9, 1 ;
0,144; 0.256769, -2.698815, -3.242975 / 0.256769, -2.698815, -3.242975 / 0.256769, -2.698815, -3.242975; 1, 3, 1, 0; 0.067911805833; 1, 0, 1; 1, 0, 0; 2, 1, 2 ;
0,144; 0.053860, -2.558716, -2.637137 / 0.053860, -2.558716, -2.637137 / 0.053860, -2.558716, -2.637137; 1, 3, 1, 0; 0.515236547831; 0, 1, 0; 1, 0, 0; 2, 1, 1 ;
0,144; -0.130073, -2.430630, -2.101564 / -0.130073, -2.430630, -2.101564 / -0.130073, -2.430630, -2.101564; 1, 5, 1, 0; 0.780231282855; 1, 0, 1; 1, 0, 0; 2, 1, 2 ;
0,144; -0.586895, -2.084620, -0.439401 / -0.586895, -2.084620, -0.439401 / -0.586895, -2.084620, -0.439401; 1, 15, 1, 0; 0.102614935601; 1, 0, 1; 0, 1, 0; 4, 1, 2 ;
0,144; -0.583240, -2.084469, -0.444173 / -0.583240, -2.084469, -0.444173 / -0.583240, -2.084469, -0.444173; 1, 15, 1, 0; 0.102614647625; 1, 0, 1; 1, 0, 0; 2, 6, 0 / 3, 1, 2 ;
0,144; -0.585530, -2.084504, -0.440763 / -0.585530, -2.084504, -0.440763 / -0.585530, -2.084504, -0.440763; 1, 15, 1, 0; 0.102614835144; 0, 1, 0; 1, 0, 0; 1, 10, 0 / 2, 1, 1 ;
0,144; -0.821327, -1.774031, 0.531975 / -0.821327, -1.774031, 0.531975 / -0.821327, -1.774031, 0.531975; 1, 22, 1, 0; 0.017524308648; 1, 0, 1; 1, 0, 0; 3, 1, 2 ;
1,145; 2.80861, -1.22962, 0.145504 / 2.80861, -1.22962, 0.145504 / 2.80861, -1.22962, 0.145504; 1, 16, 1, 0; 0.824369407923; 1, 0, 1; 1, 0, 0; 2, 1, 2 ;
0,145; 1.595200, 1.456573, 2.941066 / 1.595200, 1.456573, 2.941066 / 1.595200, 1.456573, 2.941066; 1, 39, 1, 0; 0.542779302216; 1, 0, 1; 1, 0, 0; 3, 1, 2 ;
0,145; 1.597185, 1.458670, 2.940002 / 1.597185, 1.458670, 2.940002 / 1.597185, 1.458670, 2.940002; 1, 39, 1, 0; 0.542781140971; 1, 0, 1; 1, 0, 0; 2, 4, 0 / 3, 1, 2 ;
0,145; 1.465831, 1.757898, 3.270943 / 1.465831, 1.757898, 3.270943 / 1.465831, 1.757898, 3.270943; 1, 42, 1, 0; 0.783139110371; 0, 0, 0; 1, 0, 0; 2, 1, 3 ;
1,147; 0.373269, 0.62594, -3.37167 / 0.373269, 0.62594, -3.37167 / 0.373269, 0.62594, -3.37167; 1, 2, 1, 0; 0.330888245224; 1, 0, 1; 1, 0, 0; 3, 1, 2 ;
1,148; 1.88367, 2.0333, 2.59842 / 1.88389, 2.03342, 2.59844 / 1.88345, 2.03319, 2.5984; 1, 38, 1, 0; 0.656477663072; 2, 1, 1; 1, 1, 0; 3, 1, 2 / 4, 2, 1 ;
0,148; 1.626877, 2.789295, 2.186207 / 1.626877, 2.789295, 2.186207 / 1.626877, 2.789295, 2.186207; 1, 38, 1, 0; 0.014293873265; 1, 0, 1; 0, 1, 0; 1, 1, 2 ;
1,149; -0.902922, -3.53733, 0.0728159 / -0.902922, -3.53733, 0.0728159 / -0.902922, -3.53733, 0.0728159; 1, 15, 1, 0; 0.892275352535; 1, 0, 1; 1, 0, 0; 3, 1, 2 ;
1,150; 1.35505, -1.10092, 2.37285 / 1.35505, -1.10092, 2.37285 / 1.35505, -1.10092, 2.37285; 1, 33, 1, 0; 0.348344297015; 1, 0, 1; 1, 0, 0; 2, 1, 2 ;
1,152; -1.77741, 0.495031, 1.80101 / -1.77741, 0.495031, 1.80101 / -1.77741, 0.495031, 1.80101; 1, 30, 1, 0; 0.167896692267; 1, 0, 1; 0, 1, 0; 4, 1, 2 ;
0,152; -1.776393, 0.495231, 1.798618 / -1.776393, 0.495231, 1.798618 / -1.776393, 0.495231, 1.798618; 1, 30, 1, 0; 0.167896838385; 0, 1, 0; 1, 0, 0; 2, 1, 1 ;
0,152; -1.777858, 0.500123, 1.791959 / -1.777858, 0.500123, 1.791959 / -1.777858, 0.500123, 1.791959; 1, 30, 1, 0; 0.167897939145; 1, 0, 1; 1, 0, 0; 3, 1, 2 ;
1,153; -0.237629, 3.45135, -0.829368 / -0.237629, 3.45135, -0.829368 / -0.237629, 3.45135, -0.829368; 1, 13, 1, 0; 0.201896969630; 1, 0, 1; 1, 0, 0; 3, 1, 2 ;
1,154; -1.39999, -0.133979, -2.4475 / -1.39951, -0.133529, -2.44725 / -1.40047, -0.13443, -2.44775; 1, 5, 1, 0; 0.397165274294; 2, 1, 1; 0, 2, 1; 1, 6, 1 / 4, 1, 2 ;
0,154; -2.028511, -0.011964, -1.917622 / -2.028377, -0.011672, -1.917602 / -2.028646, -0.012256, -1.917641; 1, 5, 1, 0; 0.993601937265; 1, 0, 2; 1, 1, 0; 2, 9, 0 / 3, 1, 2 / 4, 2, 2 ;
0,154; -2.032911, -0.010492, -1.921586 / -2.032911, -0.010492, -1.921586 / -2.032911, -0.010492, -1.921586; 1, 5, 1, 0; 0.993601025680; 1, 0, 1; 1, 0, 0; 2, 1, 2 ;
0,154; -2.031846, -0.008887, -1.919128 / -2.031846, -0.008887, -1.919128 / -2.031846, -0.008887, -1.919128; 1, 5, 1, 0; 0.993601099195; 0, 1, 0; 1, 0, 0; 1, 6, 0 / 3, 1, 1 ;
1,155; -0.210167, -0.509379, 0.809229 / -0.210167, -0.509379, 0.809229 / -0.210167, -0.509379, 0.809229; 1, 23, 1, 0; 0.259147567466; 1, 0, 1; 0, 1, 0; 4, 1, 2 ;
1,156; 2.90663, 1.26446, 0.933055 / 2.90663, 1.26446, 0.933055 / 2.90663, 1.26446, 0.933055; 1, 26, 1, 0; 0.269782066778; 1, 0, 1; 1, 0, 0; 3, 1, 2 ;
1,157; 1.84829, -2.96894, -0.4015 / 1.84829, -2.96894, -0.4015 / 1.84829, -2.96894, -0.4015; 1, 15, 1, 0; 0.147079857539; 1, 0, 1; 1, 0, 0; 3, 1, 2 ;
0,157; 1.985781, -0.521719, 3.813508 / 1.985781, -0.521719, 3.813508 / 1.985781, -0.521719, 3.813508; 1, 46, 1, 0; 0.114511270545; 1, 0, 1; 1, 0, 0; 1, 4, 0 / 2, 1, 2 / 4, 8, 0 ;
1,159; -1.40142, 1.72121, -3.41443 / -1.40142, 1.72121, -3.41443 / -1.40142, 1.72121, -3.41443; 1, 2, 1, 0; 0.081983619383; 1, 0, 1; 1, 0, 0; 2, 1, 2 ;
0,159; -0.176641, 2.947631, -0.321177 / -0.176641, 2.947631, -0.321177 / -0.176641, 2.947631, -0.321177; 1, 13, 1, 0; 0.566210480056; 0, 1, 0; 1, 0, 0; 2, 1, 1 ;
1,160; -0.103955, 1.68652, 2.29768 / -0.103955, 1.68652, 2.29768 / -0.103955, 1.68652, 2.29768; 1, 31, 1, 0; 0.550497506026; 1, 0, 1; 0, 1, 0; 1, 1, 2 ;
0,160; 0.169178, 1.849669, 3.520932 / 0.169178, 1.849669, 3.520932 / 0.169178, 1.849669, 3.520932; 1, 45, 1, 0; 0.402600731296; 1, 0, 1; 0, 1, 0; 4, 1, 2 ;
0,160; 0.166369, 1.848563, 3.520919 / 0.166369, 1.848563, 3.520919 / 0.166369, 1.848563, 3.520919; 1, 45, 1, 0; 0.402600375145; 1, 0, 1; 1, 0, 0; 3, 1, 2 ;
1,161; 1.11776, 1.93532, -1.45332 / 1.11776, 1.93532, -1.45332 / 1.11776, 1.93532, -1.45332; 1, 7, 1, 0; 0.409312161926; 1, 0, 1; 1, 0, 0; 3, 1, 2 ;
0,161; 0.343213, 2.193819, 0.057674 / 0.343213, 2.193819, 0.057674 / 0.343213, 2.193819, 0.057674; 1, 17, 1, 0; 0.577358808366; 1, 0, 1; 1, 0, 0; 3, 1, 2 ;
0,161; 0.327880, 2.201498, 0.104856 / 0.327880, 2.201498, 0.104856 / 0.327880, 2.201498, 0.104856; 1, 17, 1, 0; 0.577406799852; 1, 0, 1; 1, 0, 0; 3, 1, 2 ;
1,163; 2.5051, -0.140535, 0.0510555 / 2.5051, -0.140535, 0.0510555 / 2.5051, -0.140535, 0.0510555; 1, 16, 1, 0; 0.733160702231; 1, 0, 1; 0, 1, 0; 4, 1, 2 ;
1,164; 0.201536, -2.71969, -1.44427 / 0.201536, -2.71969, -1.44427 / 0.201536, -2.71969, -1.44427; 1, 8, 1, 0; 0.577564526208; 0, 0, 0; 1, 0, 0; 2, 1, 3 ;
0,164; 0.216360, -2.702509, -1.446981 / 0.216360, -2.702509, -1.446981 / 0.216360, -2.702509, -1.446981; 1, 8, 1, 0; 0.578490515770; 1, 0, 1; 1, 0, 0; 2, 1, 2 ;
1,170; 0.246389, -0.476063, -0.185154 / 0.246515, -0.475943, -0.184943 / 0.246264, -0.476183, -0.185366; 1, 16, 1, 0; 0.411344817517; 2, 1, 1; 1, 1, 0; 3, 1, 2 / 4, 2, 1 ;
0,170; 0.831366, -1.036883, 0.443369 / 0.831366, -1.036883, 0.443369 / 0.831366, -1.036883, 0.443369; 1, 19, 1, 0; 0.495347062533; 1, 0, 1; 0, 1, 0; 4, 1, 2 ;
0,170; 1.900881, -2.100862, 1.640904 / 1.900881, -2.100862, 1.640904 / 1.900881, -2.100862, 1.640904; 1, 22, 1, 0; 0.957792198532; 0, 1, 0; 0, 1, 0; 1, 1, 1 ;
1,172; -2.34462, 0.895183, 2.08865 / -2.34426, 0.895523, 2.08956 / -2.34497, 0.894843, 2.08774; 1, 30, 1, 0; 0.850908584365; 2, 1, 2; 0, 3, 1; 1, 1, 0 / 1, 3, 2 / 1, 4, 1 / 4, 1, 2 / 4, 2, 0 ;
0,172; -2.343198, 0.894445, 2.083852 / -2.342882, 0.895592, 2.084617 / -2.343514, 0.893299, 2.083088; 1, 30, 1, 0; 0.850890699460; 1, 0, 4; 2, 2, 0; 1, 1, 2 / 1, 8, 2 / 2, 1, 2 / 3, 10, 2 ;
0,172; -2.343035, 0.896042, 2.085043 / -2.342556, 0.896819, 2.085672 / -2.343514, 0.895265, 2.084415; 1, 30, 1, 0; 0.850890631271; 1, 0, 1; 2, 1, 0; 1, 8, 2 / 2, 4, 0 / 2, 6, 0 / 2, 8, 2 / 3, 1, 2 ;
0,172; -2.343106, 0.892521, 2.078828 / -2.343106, 0.892521, 2.078828 / -2.343106, 0.892521, 2.078828; 1, 30, 1, 0; 0.850890972214; 1, 0, 1; 1, 0, 0; 2, 1, 2 ;
1,174; -3.3329, -0.396923, -1.75805 / -3.3329, -0.396923, -1.75805 / -3.3329, -0.396923, -1.75805; 1, 6, 1, 0; 0.813716252974; 1, 0, 1; 0, 1, 0; 4, 1, 2 ;
0,174; -3.965974, -0.134955, -1.323977 / -3.965974, -0.134955, -1.323977 / -3.965974, -0.134955, -1.323977; 1, 6, 1, 0; 0.996649645511; 0, 1, 0; 0, 1, 0; 1, 1, 1 / 1, 2, 0 ;
0,174; -3.340719, -0.396039, -1.758243 / -3.340719, -0.396039, -1.758243 / -3.340719, -0.396039, -1.758243; 1, 6, 1, 0; 0.813715503121; 1, 0, 1; 1, 0, 0; 2, 1, 2 ;
0,174; -3.339533, -0.394990, -1.753044 / -3.339533, -0.394990, -1.753044 / -3.339533, -0.394990, -1.753044; 1, 6, 1, 0; 0.813724123972; 1, 0, 1; 1, 0, 0; 3, 1, 2 ;
1,175; 0.840332, -4.20734, -0.47293 / 0.840332, -4.20734, -0.47293 / 0.840332, -4.20734, -0.47293; 1, 9, 1, 0; 0.809172630402; 1, 0, 1; 1, 0, 0; 3, 1, 2 ;
0,175; -0.531039, -2.066166, 1.443038 / -0.531039, -2.066166, 1.443038 / -0.531039, -2.066166, 1.443038; 1, 22, 1, 0; 0.378615432972; 1, 0, 1; 1, 0, 0; 3, 1, 2 ;
1,176; -0.193844, -2.96482, -1.02739 / -0.193844, -2.96482, -1.02739 / -0.193844, -2.96482, -1.02739; 1, 8, 1, 0; 0.869503314137; 1, 0, 1; 0, 1, 0; 1, 1, 2 ;
1,177; 0.624283, -1.05056, -2.65228 / 0.624307, -1.05051, -2.65227 / 0.624259, -1.05062, -2.65228; 1, 3, 1, 0; 0.605298774566; 0, 2, 0; 1, 1, 0; 3, 1, 1 / 3, 5, 0 / 4, 1, 1 / 4, 2, 0 ;
0,177; 0.624490, -1.051519, -2.647007 / 0.624490, -1.051519, -2.647007 / 0.624490, -1.051519, -2.647007; 1, 3, 1, 0; 0.605306132811; 1, 0, 1; 0, 1, 0; 4, 1, 2 ;
0,177; -1.027689, -2.079466, 1.333934 / -1.026628, -2.079354, 1.333943 / -1.028749, -2.079579, 1.333925; 1, 23, 1, 0; 0.977066622918; 1, 0, 2; 1, 1, 0; 2, 1, 2 / 4, 8, 2 ;
0,177; -1.031783, -2.085311, 1.332780 / -1.031783, -2.085311, 1.332780 / -1.031783, -2.085311, 1.332780; 1, 23, 1, 0; 0.977066888955; 1, 0, 1; 1, 0, 0; 3, 1, 2 ;
1,179; -2.09569, 0.51844, -3.22137 / -2.09569, 0.51844, -3.22137 / -2.09569, 0.51844, -3.22137; 1, 2, 1, 0; 0.356422191476; 1, 0, 1; 1, 0, 0; 3, 1, 2 ;
0,179; -0.848381, -1.151622, 2.907224 / -0.848381, -1.151622, 2.907224 / -0.848381, -1.151622, 2.907224; 1, 35, 1, 0; 0.276749677310; 0, 1, 0; 1, 0, 0; 3, 1, 1 ;
1,180; -3.67889, -2.15386, -0.252243 / -3.67889, -2.15386, -0.252243 / -3.67889, -2.15386, -0.252243; 1, 10, 1, 0; 0.890247724805; 1, 0, 1; 1, 0, 0; 2, 1, 2 ;
1,181; -0.800142, -2.27445, 0.926807 / -0.800142, -2.27445, 0.926807 / -0.800142, -2.27445, 0.926807; 1, 18, 1, 0; 0.538081965635; 1, 0, 1; 1, 0, 0; 3, 1, 2 ;
0,181; -0.733050, -1.834804, 1.355731 / -0.733050, -1.834804, 1.355731 / -0.733050, -1.834804, 1.355731; 1, 22, 1, 0; 0.371111787766; 1, 0, 1; 0, 1, 0; 1, 1, 2 ;
0,181; -0.826575, -2.223813, 1.074364 / -0.826383, -2.223578, 1.074400 / -0.826766, -2.224047, 1.074329; 1, 22, 1, 0; 0.174631572284; 2, 1, 1; 2, 0, 0; 2, 3, 0 / 3, 1, 2 / 3, 2, 1 / 3, 9, 0 ;
0,181; -0.812273, -2.253618, 0.989275 / -0.812273, -2.253618, 0.989275 / -0.812273, -2.253618, 0.989275; 1, 22, 1, 0; 0.174240676713; 0, 1, 0; 1, 0, 0; 2, 1, 1 ;
0,181; -0.738215, -1.848424, 1.358086 / -0.738215, -1.848424, 1.358086 / -0.738215, -1.848424, 1.358086; 1, 22, 1, 0; 0.371113912317; 0, 1, 0; 1, 0, 0; 1, 4, 0 / 2, 1, 1 / 2, 4, 0 ;
0,181; -0.751483, -1.871325, 1.359649 / -0.751483, -1.871325, 1.359649 / -0.751483, -1.871325, 1.359649; 1, 22, 1, 0; 0.376410039814; 1, 0, 1; 1, 0, 0; 3, 1, 2 ;
0,181; -1.065695, -1.404791, 1.358993 / -1.065228, -1.404326, 1.359228 / -1.066163, -1.405257, 1.358758; 1, 23, 1, 0; 0.946140136181; 1, 0, 2; 0, 2, 1; 1, 8, 2 / 4, 1, 2 ;
0,181; -1.084198, -1.464209, 1.342065 / -1.084198, -1.464209, 1.342065 / -1.084198, -1.464209, 1.342065; 1, 23, 1, 0; 0.945784319811; 1, 0, 1; 0, 1, 0; 1, 1, 2 ;
0,181; -1.065941, -1.404067, 1.356711 / -1.065616, -1.403780, 1.357209 / -1.066266, -1.404354, 1.356214; 1, 23, 1, 0; 0.946140047502; 0, 2, 0; 2, 0, 0; 2, 1, 1 / 3, 3, 0 / 3, 5, 1 ;
0,181; -1.054280, -1.405182, 1.363842 / -1.054280, -1.405182, 1.363842 / -1.054280, -1.405182, 1.363842; 1, 23, 1, 0; 0.946127181684; 1, 0, 1; 1, 0, 0; 3, 1, 2 ;
0,181; -1.059827, -1.398573, 1.367541 / -1.059827, -1.398573, 1.367541 / -1.059827, -1.398573, 1.367541; 1, 23, 1, 0; 0.946127883724; 1, 0, 1; 1, 0, 0; 2, 1, 2 ;
0,181; -1.069427, -1.404419, 1.355303 / -1.069427, -1.404419, 1.355303 / -1.069427, -1.404419, 1.355303; 1, 23, 1, 0; 0.946139862755; 1, 0, 1; 1, 0, 0; 2, 1, 2 ;
0,181; -0.616068, -1.532522, 1.337981 / -0.616068, -1.532522, 1.337981 / -0.616068, -1.532522, 1.337981; 1, 23, 1, 0; 0.950352357896; 1, 0, 1; 1, 0, 0; 3, 1, 2 ;
1,182; 0.66927, 3.7737, 1.94475 / 0.66927, 3.7737, 1.94475 / 0.66927, 3.7737, 1.94475; 1, 31, 1, 0; 0.258525966415; 1, 0, 1; 0, 1, 0; 4, 1, 2 ;
1,183; 0.803424, 0.190569, -3.32531 / 0.803424, 0.190569, -3.32531 / 0.803424, 0.190569, -3.32531; 1, 2, 1, 0; 0.385927169658; 1, 0, 1; 0, 1, 0; 4, 1, 2 ;
0,183; 0.798919, 0.187336, -3.324527 / 0.798919, 0.187336, -3.324527 / 0.798919, 0.187336, -3.324527; 1, 2, 1, 0; 0.385926655465; 1, 0, 1; 1, 0, 0; 2, 1, 2 ;
1,186; 0.317725, -0.752009, 2.58136 / 0.317725, -0.752009, 2.58136 / 0.317725, -0.752009, 2.58136; 1, 34, 1, 0; 0.677729370443; 1, 0, 1; 0, 1, 0; 4, 1, 2 ;
1,189; 2.00909, 3.03229, 0.100663 / 2.00909, 3.03229, 0.100663 / 2.00909, 3.03229, 0.100663; 1, 20, 1, 0; 0.213380639992; 1, 0, 1; 1, 0, 0; 2, 1, 2 ;
1,192; -1.59614, 0.739468, 1.07202 / -1.59614, 0.739468, 1.07202 / -1.59614, 0.739468, 1.07202; 1, 23, 1, 0; 0.604347545592; 1, 0, 1; 1, 0, 0; 3, 1, 2 ;
1,193; 3.02724, 3.03422, -1.41591 / 3.02724, 3.03422, -1.41591 / 3.02724, 3.03422, -1.41591; 1, 13, 1, 0; 0.066586177267; 1, 0, 1; 1, 0, 0; 2, 1, 2 ;
0,193; 2.270618, 3.458501, -1.167367 / 2.270618, 3.458501, -1.167367 / 2.270618, 3.458501, -1.167367; 1, 13, 1, 0; 0.113096438327; 1, 0, 1; 1, 0, 0; 2, 1, 2 ;
1,195; -2.17555, -0.180424, -1.63124 / -2.17555, -0.180424, -1.63124 / -2.17555, -0.180424, -1.63124; 1, 6, 1, 0; 0.789546613854; 1, 0, 1; 1, 0, 0; 1, 7, 0 / 3, 1, 2 ;
1,199; 4.15572, -0.709881, -1.27333 / 4.15579, -0.709744, -1.2733 / 4.15565, -0.710018, -1.27336; 1, 12, 1, 0; 0.111354502822; 0, 2, 0; 0, 2, 1; 1, 4, 1 / 4, 1, 1 ;
0,199; 2.575615, 1.739999, 0.326088 / 2.575615, 1.739999, 0.326088 / 2.575615, 1.739999, 0.326088; 1, 20, 1, 0; 0.420405100326; 0, 1, 0; 1, 0, 0; 2, 1, 1 ;
0,199; 1.375137, 4.206861, 1.272441 / 1.375137, 4.206861, 1.272441 / 1.375137, 4.206861, 1.272441; 1, 28, 1, 0; 0.007970297030; 1, 0, 1; 1, 0, 0; 2, 1, 2 ;
