1,0; 3.57506, 0.184008, -0.562368 / 3.57506, 0.184008, -0.562368 / 3.57506, 0.184008, -0.562368; 1, 12, 1, 0; 0.844667907151; 1, 0, 1; 1, 0, 0; 2, 1, 2 / 2, 2, 0 ;
0,0; 3.171124, 0.246937, 0.215172 / 3.171124, 0.246937, 0.215172 / 3.171124, 0.246937, 0.215172; 1, 19, 1, 0; 0.161360778716; 1, 0, 1; 1, 0, 0; 3, 1, 2 ;
0,0; 1.134227, 0.413912, 3.483734 / 1.134227, 0.413912, 3.483734 / 1.134227, 0.413912, 3.483734; 1, 44, 1, 0; 0.837698247616; 1, 0, 1; 1, 0, 0; 2, 1, 2 ;
1,1; -0.821667, -2.01746, 0.243567 / -0.821667, -2.01746, 0.243567 / -0.821667, -2.01746, 0.243567; 1, 15, 1, 0; 0.640953854314; 0, 1, 0; 1, 0, 0; 2, 1, 1 ;
1,2; -1.12272, -1.42139, 1.72118 / -1.12272, -1.42139, 1.72118 / -1.12272, -1.42139, 1.72118; 1, 30, 1, 0; 0.276149903951; 1, 0, 1; 1, 0, 0; 2, 1, 2 ;
1,3; -0.712871, -3.02012, -1.13212 / -0.712871, -3.02012, -1.13212 / -0.712871, -3.02012, -1.13212; 1, 8, 1, 0; 0.863900096238; 1, 0, 1; 1, 0, 0; 2, 1, 2 ;
0,3; -1.652936, -1.267761, 1.992741 / -1.652936, -1.267761, 1.992741 / -1.652936, -1.267761, 1.992741; 1, 30, 1, 0; 0.392359716491; 1, 0, 1; 1, 0, 0; 2, 1, 2 ;
1,4; 0.033678, -0.448088, -3.92566 / 0.033678, -0.448088, -3.92566 / 0.033678, -0.448088, -3.92566; 1, 1, 1, 0; 0.443102776960; 1, 0, 1; 1, 0, 0; 3, 1, 2 ;
0,4; 0.289508, -3.899136, -0.367687 / 0.289508, -3.899136, -0.367687 / 0.289508, -3.899136, -0.367687; 1, 9, 1, 0; 0.825186605980; 1, 0, 1; 1, 0, 0; 3, 1, 2 ;
1,5; 2.19585, 0.49396, 1.32866 / 2.19585, 0.49396, 1.32866 / 2.19585, 0.49396, 1.32866; 1, 26, 1, 0; 0.905776734816; 1, 0, 1; 1, 0, 0; 3, 1, 2 ;
1,6; 3.52778, 1.55746, 0.652572 / 3.52778, 1.55746, 0.652572 / 3.52778, 1.55746, 0.652572; 1, 20, 1, 0; 0.745975209922; 1, 0, 1; 1, 0, 0; 2, 1, 2 ;
1,11; -2.65242, -2.55136, -1.48761 / -2.65242, -2.55136, -1.48761 / -2.65242, -2.55136, -1.48761; 1, 9, 1, 0; 0.200572307722; 1, 0, 1; 0, 1, 0; 1, 1, 2 ;
0,11; -0.046223, -0.536453, 0.143247 / -0.045599, -0.535959, 0.143400 / -0.046846, -0.536946, 0.143094; 1, 16, 1, 0; 0.769102307552; 1, 0, 2; 0, 2, 0; 1, 1, 2 / 1, 9, 2 ;
0,11; -0.047195, -0.532716, 0.139251 / -0.046344, -0.532085, 0.139298 / -0.048047, -0.533348, 0.139204; 1, 16, 1, 0; 0.769089783978; 1, 0, 2; 2, 0, 0; 2, 1, 2 / 3, 9, 2 ;
0,11; -0.041996, -0.536225, 0.134444 / -0.041996, -0.536225, 0.134444 / -0.041996, -0.536225, 0.134444; 1, 16, 1, 0; 0.769090045165; 1, 0, 1; 1, 0, 0; 3, 1, 2 ;
0,11; -0.047439, -0.521868, 0.141865 / -0.047439, -0.521868, 0.141865 / -0.047439, -0.521868, 0.141865; 1, 16, 1, 0; 0.769099548348; 1, 0, 1; 1, 0, 0; 3, 1, 2 ;
0,11; -0.043985, -0.535924, 0.145139 / -0.043985, -0.535924, 0.145139 / -0.043985, -0.535924, 0.145139; 1, 16, 1, 0; 0.769102193702; 1, 0, 1; 1, 0, 0; 3, 1, 2 ;
1,13; -3.29893, 0.17696, -0.665643 / -3.29893, 0.17696, -0.665643 / -3.29893, 0.17696, -0.665643; 1, 10, 1, 0; 0.343177016424; 1, 0, 1; 1, 0, 0; 3, 1, 2 ;
1,14; -0.390208, -2.8834, -1.66607 / -0.390208, -2.8834, -1.66607 / -0.390208, -2.8834, -1.66607; 1, 8, 1, 0; 0.341646324688; 1, 0, 1; 1, 0, 0; 2, 1, 2 ;
0,14; -0.458056, -2.077909, -0.840988 / -0.457522, -2.077031, -0.840670 / -0.458591, -2.078788, -0.841306; 1, 9, 1, 0; 0.506196877879; 2, 1, 1; 2, 1, 0; 1, 6, 2 / 3, 1, 3 / 3, 10, 1 ;
0,14; -0.459217, -2.079869, -0.835969 / -0.459217, -2.079869, -0.835969 / -0.459217, -2.079869, -0.835969; 1, 9, 1, 0; 0.506196023600; 1, 0, 1; 1, 0, 0; 3, 1, 2 ;
0,14; -0.828740, 2.041865, 2.733515 / -0.828333, 2.043007, 2.734488 / -0.829148, 2.040722, 2.732543; 1, 38, 1, 0; 0.718372214772; 2, 2, 1; 2, 1, 0; 1, 7, 0 / 1, 8, 1 / 1, 9, 0 / 2, 10, 1 / 3, 1, 2 ;
0,14; -0.840877, 2.033062, 2.724010 / -0.840877, 2.033062, 2.724010 / -0.840877, 2.033062, 2.724010; 1, 38, 1, 0; 0.718358391962; 1, 0, 1; 1, 0, 0; 3, 1, 2 ;
0,14; -0.821286, 2.035575, 2.728186 / -0.821286, 2.035575, 2.728186 / -0.821286, 2.035575, 2.728186; 1, 38, 1, 0; 0.718369490010; 0, 1, 0; 1, 0, 0; 2, 4, 0 / 3, 1, 1 ;
0,14; -0.825536, 2.038228, 2.730969 / -0.825536, 2.038228, 2.730969 / -0.825536, 2.038228, 2.730969; 1, 38, 1, 0; 0.718370163547; 1, 0, 1; 1, 0, 0; 3, 1, 2 ;
0,14; -0.826890, 2.045018, 2.735144 / -0.826890, 2.045018, 2.735144 / -0.826890, 2.045018, 2.735144; 1, 38, 1, 0; 0.718372536233; 1, 0, 1; 1, 0, 0; 2, 1, 2 ;
1,15; 0.362437, 1.30189, -2.04633 / 0.362437, 1.30189, -2.04633 / 0.362437, 1.30189, -2.04633; 1, 4, 1, 0; 0.720228141862; 1, 0, 1; 0, 1, 0; 1, 1, 2 ;
0,15; 2.570016, 0.518560, 3.466812 / 2.570653, 0.518610, 3.466947 / 2.569378, 0.518510, 3.466677; 1, 44, 1, 0; 0.793775292295; 0, 2, 0; 0, 2, 1; 1, 1, 1 / 1, 10, 0 / 2, 2, 0 / 4, 4, 1 ;
1,16; -2.75195, -3.2187, 0.990062 / -2.75195, -3.2187, 0.990062 / -2.75195, -3.2187, 0.990062; 1, 18, 1, 0; 0.994307928046; 1, 0, 1; 1, 0, 0; 2, 1, 2 ;
1,18; 2.37382, 0.825172, 3.20273 / 2.37382, 0.825172, 3.20273 / 2.37382, 0.825172, 3.20273; 1, 42, 1, 0; 0.154644286173; 1, 0, 1; 1, 0, 0; 3, 1, 2 ;
1,22; 0.477519, 3.77531, -1.1738 / 0.477682, 3.77583, -1.17372 / 0.477357, 3.7748, -1.17388; 1, 7, 1, 0; 0.818425531893; 2, 1, 1; 1, 1, 0; 1, 4, 1 / 3, 1, 2 ;
0,22; 0.231517, 3.625357, -1.063291 / 0.231517, 3.625357, -1.063291 / 0.231517, 3.625357, -1.063291; 1, 7, 1, 0; 0.777644973670; 1, 0, 1; 1, 0, 0; 2, 1, 2 ;
0,22; 0.231179, 3.620853, -1.056723 / 0.231179, 3.620853, -1.056723 / 0.231179, 3.620853, -1.056723; 1, 7, 1, 0; 0.777654438980; 1, 0, 1; 1, 0, 0; 3, 1, 2 ;
0,22; 0.477419, 3.772486, -1.173584 / 0.477419, 3.772486, -1.173584 / 0.477419, 3.772486, -1.173584; 1, 7, 1, 0; 0.818426186436; 1, 0, 1; 1, 0, 0; 2, 1, 2 ;
1,23; 0.182021, 1.09901, -3.94422 / 0.182021, 1.09901, -3.94422 / 0.182021, 1.09901, -3.94422; 1, 1, 1, 0; 0.565452917296; 0, 1, 0; 0, 1, 0; 4, 1, 1 ;
0,23; -1.264667, 0.452336, -1.979161 / -1.264664, 0.452426, -1.979055 / -1.264671, 0.452246, -1.979266; 1, 6, 1, 0; 0.365409272290; 2, 1, 1; 0, 2, 0; 1, 1, 1 / 1, 2, 2 ;
1,24; 3.22251, 0.505502, 3.08409 / 3.22251, 0.505507, 3.08413 / 3.2225, 0.505497, 3.08405; 1, 39, 1, 0; 0.205810246739; 0, 2, 0; 1, 1, 0; 1, 1, 1 / 2, 1, 1 ;
1,27; -1.52033, 3.89377, 0.76565 / -1.52033, 3.89377, 0.76565 / -1.52033, 3.89377, 0.76565; 1, 25, 1, 0; 0.407656731387; 1, 0, 1; 1, 0, 0; 3, 1, 2 ;
0,27; 1.345271, 2.047648, 1.181171 / 1.345271, 2.047648, 1.181171 / 1.345271, 2.047648, 1.181171; 1, 26, 1, 0; 0.318665886589; 1, 0, 1; 1, 0, 0; 2, 1, 2 ;
0,27; 3.120525, 0.714267, 1.737719 / 3.120525, 0.714267, 1.737719 / 3.120525, 0.714267, 1.737719; 1, 27, 1, 0; 0.469239671735; 1, 0, 1; 0, 1, 0; 4, 1, 2 ;
1,28; 1.49822, 3.69681, -2.35339 / 1.49822, 3.69681, -2.35339 / 1.49822, 3.69681, -2.35339; 1, 4, 1, 0; 0.228942532348; 1, 0, 1; 0, 1, 0; 1, 1, 2 ;
1,29; -1.30533, -3.73452, -1.42737 / -1.30533, -3.73452, -1.42737 / -1.30533, -3.73452, -1.42737; 1, 9, 1, 0; 0.268200260393; 0, 1, 0; 1, 0, 0; 3, 1, 1 ;
0,29; -4.092565, -1.733595, 0.455290 / -4.092565, -1.733595, 0.455290 / -4.092565, -1.733595, 0.455290; 1, 21, 1, 0; 0.233935418013; 1, 0, 1; 1, 0, 0; 3, 1, 2 ;
1,31; -0.792377, -0.295895, 3.42797 / -0.792377, -0.295895, 3.42797 / -0.792377, -0.295895, 3.42797; 1, 44, 1, 0; 0.547763521250; 1, 0, 1; 1, 0, 0; 3, 1, 2 ;
0,31; -0.676746, 0.411396, 3.536714 / -0.676746, 0.411396, 3.536714 / -0.676746, 0.411396, 3.536714; 1, 44, 1, 0; 0.888385611670; 1, 0, 1; 1, 0, 0; 2, 1, 2 ;
0,31; -0.477305, 1.774307, 3.697350 / -0.477305, 1.774307, 3.697350 / -0.477305, 1.774307, 3.697350; 1, 45, 1, 0; 0.416396399147; 0, 1, 0; 0, 1, 0; 1, 1, 1 ;
1,34; -0.128879, 0.312341, -2.06344 / -0.128879, 0.312341, -2.06344 / -0.128879, 0.312341, -2.06344; 1, 4, 1, 0; 0.622620131610; 1, 0, 1; 1, 0, 0; 3, 1, 2 ;
0,34; -1.838337, -2.376426, -1.069166 / -1.838337, -2.376426, -1.069166 / -1.838337, -2.376426, -1.069166; 1, 9, 1, 0; 0.376429950171; 1, 0, 1; 1, 0, 0; 2, 1, 2 / 3, 4, 0 ;
0,34; -1.846342, -2.373455, -1.070550 / -1.846342, -2.373455, -1.070550 / -1.846342, -2.373455, -1.070550; 1, 9, 1, 0; 0.376439109343; 1, 0, 1; 1, 0, 0; 1, 10, 0 / 2, 1, 2 ;
1,35; 4.2419, -1.31361, 0.762857 / 4.2419, -1.31361, 0.762857 / 4.2419, -1.31361, 0.762857; 1, 19, 1, 0; 0.802101819954; 0, 1, 0; 1, 0, 0; 2, 1, 1 ;
0,35; 3.721290, -2.301165, 0.703503 / 3.721290, -2.301165, 0.703503 / 3.721290, -2.301165, 0.703503; 1, 19, 1, 0; 0.920510734027; 1, 0, 1; 1, 0, 0; 2, 1, 2 ;
1,36; -1.41223, -1.30483, -3.74789 / -1.41223, -1.30483, -3.74789 / -1.41223, -1.30483, -3.74789; 1, 1, 1, 0; 0.375648563898; 1, 0, 1; 1, 0, 0; 2, 1, 2 ;
0,36; 0.864787, -3.152144, -1.644897 / 0.864787, -3.152144, -1.644897 / 0.864787, -3.152144, -1.644897; 1, 8, 1, 0; 0.356902430094; 0, 1, 0; 0, 1, 0; 1, 1, 1 / 2, 1, 0 / 3, 3, 0 / 3, 5, 0 ;
1,38; 0.564466, 1.04986, -0.191414 / 0.564466, 1.04986, -0.191414 / 0.564466, 1.04986, -0.191414; 1, 13, 1, 0; 0.900229724390; 0, 1, 0; 1, 0, 0; 3, 1, 1 ;
0,38; -0.252942, 1.277792, 0.133787 / -0.252942, 1.277792, 0.133787 / -0.252942, 1.277792, 0.133787; 1, 17, 1, 0; 0.663727740906; 1, 0, 1; 1, 0, 0; 3, 1, 2 ;
0,38; -0.831003, 1.437227, 0.365891 / -0.831003, 1.437227, 0.365891 / -0.831003, 1.437227, 0.365891; 1, 17, 1, 0; 0.897809967387; 1, 0, 1; 1, 0, 0; 2, 1, 2 ;
1,39; 0.145065, -2.76021, -2.13617 / 0.145065, -2.76021, -2.13617 / 0.145065, -2.76021, -2.13617; 1, 5, 1, 0; 0.759216360305; 1, 0, 1; 1, 0, 0; 2, 1, 2 ;
0,39; 2.290902, -0.819460, -0.525776 / 2.290902, -0.819460, -0.525776 / 2.290902, -0.819460, -0.525776; 1, 12, 1, 0; 0.756582161510; 1, 0, 1; 1, 0, 0; 3, 1, 2 ;
0,39; 2.792312, -0.258261, -0.141685 / 2.792745, -0.257989, -0.141319 / 2.791879, -0.258534, -0.142052; 1, 16, 1, 0; 0.437813919785; 2, 1, 2; 3, 0, 0; 2, 1, 0 / 2, 2, 2 / 2, 6, 0 / 2, 7, 2 / 3, 1, 1 ;
0,39; 3.597160, 0.594693, 0.452481 / 3.597394, 0.595648, 0.452951 / 3.596927, 0.593738, 0.452012; 1, 19, 1, 0; 0.674694907484; 2, 1, 1; 2, 0, 0; 2, 8, 1 / 3, 1, 2 ;
0,39; 3.597778, 0.593430, 0.453264 / 3.598630, 0.593738, 0.453576 / 3.596927, 0.593122, 0.452951; 1, 19, 1, 0; 0.674694958102; 1, 0, 1; 2, 0, 0; 2, 1, 1 / 3, 7, 2 ;
1,40; 0.91277, -1.57269, -2.00599 / 0.913096, -1.5726, -2.0055 / 0.912444, -1.57277, -2.00649; 1, 5, 1, 0; 0.844003568905; 2, 1, 1; 1, 1, 0; 2, 6, 2 / 4, 1, 1 ;
0,40; 0.909928, -1.576187, -2.008294 / 0.910186, -1.575846, -2.008198 / 0.909671, -1.576529, -2.008389; 1, 5, 1, 0; 0.844004078608; 2, 1, 1; 1, 1, 0; 1, 1, 1 / 3, 5, 2 ;
0,40; 0.915352, -1.570557, -2.005721 / 0.915352, -1.570557, -2.005721 / 0.915352, -1.570557, -2.005721; 1, 5, 1, 0; 0.844002760240; 1, 0, 1; 1, 0, 0; 3, 1, 2 ;
0,40; 0.909851, -1.554171, -2.002856 / 0.909851, -1.554171, -2.002856 / 0.909851, -1.554171, -2.002856; 1, 5, 1, 0; 0.844008479702; 1, 0, 1; 1, 0, 0; 2, 1, 2 / 2, 4, 0 / 3, 6, 0 ;
0,40; -0.442170, -1.719632, -1.102190 / -0.442170, -1.719632, -1.102190 / -0.442170, -1.719632, -1.102190; 1, 9, 1, 0; 0.428475597887; 1, 0, 1; 0, 1, 0; 1, 1, 2 ;
0,40; -3.535587, -2.287433, 0.753198 / -3.535587, -2.287433, 0.753198 / -3.535587, -2.287433, 0.753198; 1, 18, 1, 0; 0.562215901007; 1, 0, 1; 1, 0, 0; 3, 1, 2 ;
1,41; 2.65136, -0.898906, 3.46366 / 2.65136, -0.898906, 3.46366 / 2.65136, -0.898906, 3.46366; 1, 44, 1, 0; 0.127881588279; 1, 0, 1; 0, 1, 0; 1, 1, 2 ;
0,41; 2.640634, -0.917730, 3.463503 / 2.640634, -0.917730, 3.463503 / 2.640634, -0.917730, 3.463503; 1, 44, 1, 0; 0.127906330849; 1, 0, 1; 0, 1, 0; 2, 6, 0 / 4, 1, 2 ;
0,41; 2.654957, -0.900335, 3.470217 / 2.654957, -0.900335, 3.470217 / 2.654957, -0.900335, 3.470217; 1, 44, 1, 0; 0.127918949758; 0, 1, 0; 0, 1, 0; 1, 1, 1 ;
0,41; 2.655270, -0.900412, 3.471713 / 2.655270, -0.900412, 3.471713 / 2.655270, -0.900412, 3.471713; 1, 44, 1, 0; 0.127919147857; 1, 0, 1; 0, 1, 0; 1, 1, 2 ;
0,41; 2.643651, -0.904958, 3.460473 / 2.643651, -0.904958, 3.460473 / 2.643651, -0.904958, 3.460473; 1, 44, 1, 0; 0.127875684927; 1, 0, 1; 1, 0, 0; 3, 1, 2 ;
0,41; 2.642161, -0.903458, 3.460914 / 2.642161, -0.903458, 3.460914 / 2.642161, -0.903458, 3.460914; 1, 44, 1, 0; 0.127875883026; 0, 0, 0; 1, 0, 0; 3, 1, 3 ;
0,41; 2.655068, -0.898793, 3.463230 / 2.655068, -0.898793, 3.463230 / 2.655068, -0.898793, 3.463230; 1, 44, 1, 0; 0.127883965467; 1, 0, 1; 1, 0, 0; 2, 1, 2 ;
0,41; 2.650406, -0.898291, 3.465938 / 2.650406, -0.898291, 3.465938 / 2.650406, -0.898291, 3.465938; 1, 44, 1, 0; 0.127916017892; 1, 0, 1; 1, 0, 0; 3, 1, 2 ;
1,42; 1.74045, -1.89028, -2.96471 / 1.74045, -1.89028, -2.96471 / 1.74045, -1.89028, -2.96471; 1, 3, 1, 0; 0.393079594773; 1, 0, 1; 1, 0, 0; 2, 1, 2 / 2, 8, 0 ;
0,42; 2.299294, 0.529733, -0.653855 / 2.299294, 0.529733, -0.653855 / 2.299294, 0.529733, -0.653855; 1, 12, 1, 0; 0.402616592970; 1, 0, 1; 1, 0, 0; 3, 1, 2 ;
1,43; -2.9116, -1.28625, 2.55436 / -2.9116, -1.28625, 2.55436 / -2.9116, -1.28625, 2.55436; 1, 36, 1, 0; 0.615035077278; 0, 1, 0; 0, 1, 0; 4, 1, 1 ;
0,43; -2.913563, -1.284718, 2.554436 / -2.913563, -1.284718, 2.554436 / -2.913563, -1.284718, 2.554436; 1, 36, 1, 0; 0.615034948460; 0, 1, 0; 1, 0, 0; 2, 1, 1 ;
1,48; -2.17334, 2.29031, -2.59123 / -2.17334, 2.29031, -2.59123 / -2.17334, 2.29031, -2.59123; 1, 6, 1, 0; 0.076431708065; 1, 0, 1; 1, 0, 0; 2, 1, 2 ;
1,54; -0.802465, 1.37917, 0.521837 / -0.802465, 1.37917, 0.521837 / -0.802465, 1.37917, 0.521837; 1, 17, 1, 0; 0.898940246730; 1, 0, 1; 1, 0, 0; 3, 1, 2 ;
0,54; -1.173090, 2.220377, 1.036022 / -1.173090, 2.220377, 1.036022 / -1.173090, 2.220377, 1.036022; 1, 25, 1, 0; 0.895747709057; 1, 0, 1; 1, 0, 0; 3, 1, 2 ;
1,55; 3.3138, -0.503441, 0.441063 / 3.3138, -0.503441, 0.441063 / 3.3138, -0.503441, 0.441063; 1, 19, 1, 0; 0.551533655557; 0, 0, 0; 1, 0, 0; 2, 1, 3 ;
0,55; 3.304116, -0.485143, 0.448717 / 3.304116, -0.485143, 0.448717 / 3.304116, -0.485143, 0.448717; 1, 19, 1, 0; 0.551542940447; 1, 0, 1; 1, 0, 0; 3, 1, 2 ;
0,55; 3.299649, -0.483556, 0.449388 / 3.299649, -0.483556, 0.449388 / 3.299649, -0.483556, 0.449388; 1, 19, 1, 0; 0.551555645705; 1, 0, 1; 1, 0, 0; 2, 1, 2 ;
0,55; 2.661839, 0.640028, 1.012800 / 2.661839, 0.640028, 1.012800 / 2.661839, 0.640028, 1.012800; 1, 26, 1, 0; 0.200826625520; 1, 0, 1; 0, 1, 0; 1, 1, 2 ;
1,56; 4.31115, 1.52145, -0.134963 / 4.31142, 1.52182, -0.134644 / 4.31088, 1.52107, -0.135281; 1, 13, 1, 0; 0.866763072988; 0, 1, 0; 1, 1, 0; 1, 2, 1 / 2, 1, 3 ;
0,56; 0.320749, 1.354937, 0.177743 / 0.320749, 1.354937, 0.177743 / 0.320749, 1.354937, 0.177743; 1, 17, 1, 0; 0.669027100090; 1, 0, 1; 1, 0, 0; 2, 1, 2 ;
1,57; 1.75136, 1.01452, -0.821965 / 1.75136, 1.01452, -0.821965 / 1.75136, 1.01452, -0.821965; 1, 12, 1, 0; 0.341475667504; 1, 0, 1; 1, 0, 0; 3, 1, 2 ;
1,58; -2.88455, 1.14084, -0.790012 / -2.88424, 1.14103, -0.789667 / -2.88485, 1.14065, -0.790356; 1, 14, 1, 0; 0.079591724185; 1, 0, 2; 1, 1, 0; 1, 3, 2 / 2, 5, 0 / 3, 1, 2 ;
0,58; -2.885665, 1.148982, -0.790515 / -2.885544, 1.149128, -0.790487 / -2.885785, 1.148836, -0.790543; 1, 14, 1, 0; 0.079593490681; 2, 1, 1; 1, 1, 0; 3, 1, 2 / 4, 1, 1 ;
0,58; -2.892163, 1.151882, -0.788342 / -2.892163, 1.151882, -0.788342 / -2.892163, 1.151882, -0.788342; 1, 14, 1, 0; 0.079593281409; 1, 0, 1; 1, 0, 0; 2, 1, 2 ;
1,60; -2.68711, -0.269944, -2.11145 / -2.68711, -0.269944, -2.11145 / -2.68711, -0.269944, -2.11145; 1, 5, 1, 0; 0.988185436007; 0, 0, 0; 1, 0, 0; 3, 1, 3 ;
1,61; -0.872129, -1.31569, 2.02157 / -0.871671, -1.31539, 2.02197 / -0.872587, -1.31599, 2.02118; 1, 30, 1, 0; 0.377776787419; 2, 1, 1; 2, 1, 0; 1, 1, 1 / 2, 1, 2 / 3, 5, 3 / 3, 6, 0 ;
1,62; 1.52609, 3.99593, -1.6929 / 1.52609, 3.99593, -1.6929 / 1.52609, 3.99593, -1.6929; 1, 7, 1, 0; 0.169123735274; 0, 1, 0; 0, 1, 0; 1, 1, 1 ;
0,62; 1.520851, 4.009253, -1.694973 / 1.520851, 4.009253, -1.694973 / 1.520851, 4.009253, -1.694973; 1, 7, 1, 0; 0.169126660264; 1, 0, 1; 0, 1, 0; 4, 1, 2 ;
0,62; 2.086924, 2.539526, -1.426449 / 2.086924, 2.539526, -1.426449 / 2.086924, 2.539526, -1.426449; 1, 11, 1, 0; 0.206948733882; 1, 0, 1; 1, 0, 0; 2, 1, 2 ;
0,62; 2.026583, 2.722361, -1.445874 / 2.026583, 2.722361, -1.445874 / 2.026583, 2.722361, -1.445874; 1, 11, 1, 0; 0.207654637170; 1, 0, 1; 1, 0, 0; 2, 1, 2 ;
0,62; 2.568473, 1.250041, -1.233476 / 2.568473, 1.250041, -1.233476 / 2.568473, 1.250041, -1.233476; 1, 11, 1, 0; 0.876694302925; 1, 0, 1; 1, 0, 0; 2, 4, 0 / 3, 1, 2 / 3, 5, 0 / 4, 6, 0 ;
0,62; 2.571305, 1.250277, -1.233923 / 2.571305, 1.250277, -1.233923 / 2.571305, 1.250277, -1.233923; 1, 11, 1, 0; 0.876694377309; 1, 0, 1; 1, 0, 0; 3, 1, 2 ;
1,65; 3.15339, -0.200973, -1.93971 / 3.15339, -0.200973, -1.93971 / 3.15339, -0.200973, -1.93971; 1, 4, 1, 0; 0.583533351870; 1, 0, 1; 0, 1, 0; 4, 1, 2 ;
0,65; 3.154204, -0.201252, -1.937983 / 3.154204, -0.201252, -1.937983 / 3.154204, -0.201252, -1.937983; 1, 4, 1, 0; 0.583533287395; 0, 1, 0; 1, 0, 0; 1, 4, 0 / 2, 1, 1 / 3, 7, 0 ;
0,65; 2.116197, -1.154869, -0.784437 / 2.116197, -1.154869, -0.784437 / 2.116197, -1.154869, -0.784437; 1, 12, 1, 0; 0.555155501160; 1, 0, 1; 1, 0, 0; 3, 1, 2 ;
0,65; 1.302171, -2.025648, 0.224038 / 1.302171, -2.025648, 0.224038 / 1.302171, -2.025648, 0.224038; 1, 15, 1, 0; 0.660156698706; 1, 0, 1; 1, 0, 0; 3, 1, 2 ;
1,66; -3.47218, -1.25336, 1.99502 / -3.47218, -1.25336, 1.99502 / -3.47218, -1.25336, 1.99502; 1, 30, 1, 0; 0.417096498611; 0, 1, 0; 0, 1, 0; 4, 1, 1 ;
1,69; -0.379488, 3.03598, -1.36109 / -0.379081, 3.03694, -1.36005 / -0.379894, 3.03502, -1.36214; 1, 7, 1, 0; 0.317839122462; 2, 3, 1; 1, 3, 1; 1, 1, 2 / 1, 2, 0 / 1, 7, 1 / 2, 2, 1 / 4, 8, 1 ;
0,69; -0.375870, 3.031820, -1.362218 / -0.375870, 3.031820, -1.362218 / -0.375870, 3.031820, -1.362218; 1, 7, 1, 0; 0.317838437237; 0, 0, 0; 1, 0, 0; 2, 1, 3 ;
0,69; -0.379223, 3.036754, -1.361094 / -0.378551, 3.037024, -1.360048 / -0.379894, 3.036483, -1.362140; 1, 7, 1, 0; 0.317839153144; 1, 0, 1; 1, 2, 1; 1, 1, 1 / 3, 8, 2 / 4, 2, 1 ;
1,70; 1.40833, 1.72707, -0.21909 / 1.40833, 1.72707, -0.21909 / 1.40833, 1.72707, -0.21909; 1, 13, 1, 0; 0.801607153628; 1, 0, 1; 1, 0, 0; 3, 1, 2 ;
1,72; -1.48423, 3.53011, -1.03469 / -1.48423, 3.53011, -1.03469 / -1.48423, 3.53011, -1.03469; 1, 7, 1, 0; 0.788229802993; 1, 0, 1; 1, 0, 0; 3, 1, 2 ;
1,73; 1.50129, 0.71878, 2.38122 / 1.50181, 0.719418, 2.38126 / 1.50077, 0.718141, 2.38119; 1, 28, 1, 0; 0.991204583628; 2, 1, 1; 2, 1, 0; 2, 6, 2 / 3, 2, 3 / 4, 1, 1 / 4, 2, 0 ;
0,73; 1.498356, 0.721391, 2.369647 / 1.498356, 0.721391, 2.369647 / 1.498356, 0.721391, 2.369647; 1, 28, 1, 0; 0.991186940123; 1, 0, 1; 0, 1, 0; 1, 1, 2 ;
0,73; 1.501394, 0.715179, 2.377316 / 1.501394, 0.715179, 2.377316 / 1.501394, 0.715179, 2.377316; 1, 28, 1, 0; 0.991188560820; 0, 1, 0; 0, 1, 0; 1, 1, 1 ;
0,73; 1.482141, 0.714904, 2.353385 / 1.482575, 0.715044, 2.353870 / 1.481708, 0.714764, 2.352899; 1, 28, 1, 0; 0.991165051494; 1, 0, 2; 2, 0, 0; 2, 6, 0 / 2, 7, 2 / 3, 1, 2 ;
0,73; 1.776761, 0.209360, 2.252941 / 1.776761, 0.209360, 2.252941 / 1.776761, 0.209360, 2.252941; 1, 28, 1, 0; 0.923691977178; 1, 0, 1; 1, 0, 0; 3, 1, 2 ;
0,73; 1.775962, 0.206686, 2.253178 / 1.775962, 0.206686, 2.253178 / 1.775962, 0.206686, 2.253178; 1, 28, 1, 0; 0.923693100616; 1, 0, 1; 1, 0, 0; 3, 1, 2 ;
0,73; 1.485408, 0.716636, 2.356297 / 1.485408, 0.716636, 2.356297 / 1.485408, 0.716636, 2.356297; 1, 28, 1, 0; 0.991166322268; 1, 0, 1; 1, 0, 0; 3, 1, 2 ;
0,73; 1.488363, 0.722105, 2.354417 / 1.488363, 0.722105, 2.354417 / 1.488363, 0.722105, 2.354417; 1, 28, 1, 0; 0.991167758796; 1, 0, 1; 1, 0, 0; 2, 1, 2 ;
0,73; 1.491765, 0.720293, 2.356341 / 1.491765, 0.720293, 2.356341 / 1.491765, 0.720293, 2.356341; 1, 28, 1, 0; 0.991168992736; 1, 0, 1; 1, 0, 0; 3, 1, 2 ;
0,73; 1.491722, 0.719577, 2.359103 / 1.491722, 0.719577, 2.359103 / 1.491722, 0.719577, 2.359103; 1, 28, 1, 0; 0.991169094030; 1, 0, 1; 1, 0, 0; 2, 1, 2 ;
0,73; 1.497173, 0.718466, 2.362670 / 1.497173, 0.718466, 2.362670 / 1.497173, 0.718466, 2.362670; 1, 28, 1, 0; 0.991170806813; 1, 0, 1; 1, 0, 0; 2, 1, 2 ;
1,74; 0.660093, -1.67703, -1.95766 / 0.660093, -1.67703, -1.95766 / 0.660093, -1.67703, -1.95766; 1, 5, 1, 0; 0.842806148004; 1, 0, 1; 1, 0, 0; 2, 1, 2 ;
0,74; -1.840278, -2.288243, 1.069667 / -1.840278, -2.288243, 1.069667 / -1.840278, -2.288243, 1.069667; 1, 21, 1, 0; 0.731804253177; 1, 0, 1; 0, 1, 0; 4, 1, 2 ;
0,74; -2.415597, -2.287514, 1.860900 / -2.415597, -2.287514, 1.860900 / -2.415597, -2.287514, 1.860900; 1, 32, 1, 0; 0.299384834345; 1, 0, 1; 1, 0, 0; 3, 1, 2 ;
1,75; -1.48973, 2.05503, 1.34832 / -1.48961, 2.0553, 1.34867 / -1.48985, 2.05476, 1.34797; 1, 26, 1, 0; 0.641465166517; 1, 0, 1; 1, 1, 0; 1, 7, 0 / 3, 1, 3 / 4, 2, 2 ;
0,75; -1.487712, 2.061087, 1.354210 / -1.487712, 2.061087, 1.354210 / -1.487712, 2.061087, 1.354210; 1, 26, 1, 0; 0.641464840770; 1, 0, 1; 0, 1, 0; 1, 1, 2 ;
1,76; -1.92363, 2.14097, 3.52456 / -1.92363, 2.14097, 3.52456 / -1.92363, 2.14097, 3.52456; 1, 45, 1, 0; 0.467158409058; 1, 0, 1; 0, 1, 0; 1, 1, 2 ;
1,77; -3.6999, 2.02538, -1.17945 / -3.6999, 2.02538, -1.17945 / -3.6999, 2.02538, -1.17945; 1, 7, 1, 0; 0.590190252214; 1, 0, 1; 0, 1, 0; 1, 1, 2 ;
0,77; -3.209220, 2.352211, -1.157329 / -3.209220, 2.352211, -1.157329 / -3.209220, 2.352211, -1.157329; 1, 7, 1, 0; 0.659464000630; 0, 1, 0; 0, 1, 0; 1, 1, 0 / 2, 6, 0 / 4, 1, 1 ;
0,77; -1.797233, 3.278746, -1.030133 / -1.797233, 3.278746, -1.030133 / -1.797233, 3.278746, -1.030133; 1, 7, 1, 0; 0.744882085048; 0, 1, 0; 1, 0, 0; 1, 3, 0 / 2, 1, 1 / 3, 9, 0 ;
0,77; -0.179322, 4.195365, -0.916807 / -0.179322, 4.195365, -0.916807 / -0.179322, 4.195365, -0.916807; 1, 13, 1, 0; 0.148935111154; 1, 0, 1; 0, 1, 0; 4, 1, 2 ;
0,77; 0.360702, 4.505062, -0.903000 / 0.360702, 4.505062, -0.903000 / 0.360702, 4.505062, -0.903000; 1, 13, 1, 0; 0.130732560015; 1, 0, 1; 1, 0, 0; 2, 1, 2 ;
0,77; -3.865753, 1.903350, -1.193525 / -3.865526, 1.903738, -1.192589 / -3.865980, 1.902962, -1.194460; 1, 14, 1, 0; 0.034716535995; 2, 1, 1; 1, 1, 0; 1, 1, 1 / 3, 8, 2 ;
0,77; -3.868630, 1.906160, -1.189109 / -3.868630, 1.906160, -1.189109 / -3.868630, 1.906160, -1.189109; 1, 14, 1, 0; 0.034716412895; 0, 1, 0; 1, 0, 0; 3, 1, 1 ;
1,78; 1.80907, 1.6385, -0.423793 / 1.80907, 1.6385, -0.423793 / 1.80907, 1.6385, -0.423793; 1, 12, 1, 0; 0.989661121105; 1, 0, 1; 1, 0, 0; 2, 1, 2 ;
0,78; 1.876818, 1.883781, -0.162469 / 1.876818, 1.883781, -0.162469 / 1.876818, 1.883781, -0.162469; 1, 13, 1, 0; 0.762862522358; 0, 1, 0; 1, 0, 0; 3, 1, 1 ;
1,79; 0.756089, -1.70015, 1.83521 / 0.756089, -1.70015, 1.83521 / 0.756089, -1.70015, 1.83521; 1, 27, 1, 0; 0.995536975852; 0, 1, 0; 0, 1, 0; 1, 1, 1 / 1, 4, 0 / 3, 1, 0 ;
0,79; 0.613655, -1.266492, 2.029435 / 0.613655, -1.266492, 2.029435 / 0.613655, -1.266492, 2.029435; 1, 30, 1, 0; 0.363511071886; 1, 0, 1; 1, 0, 0; 3, 1, 2 ;
0,79; -0.104170, 0.889154, 3.187199 / -0.104170, 0.889154, 3.187199 / -0.104170, 0.889154, 3.187199; 1, 42, 1, 0; 0.226050139148; 1, 0, 1; 1, 0, 0; 2, 1, 2 ;
0,79; -0.104353, 0.889687, 3.189802 / -0.104353, 0.889687, 3.189802 / -0.104353, 0.889687, 3.189802; 1, 42, 1, 0; 0.226052705144; 1, 0, 1; 1, 0, 0; 3, 1, 2 ;
0,79; -0.115851, 0.939460, 3.206809 / -0.115851, 0.939460, 3.206809 / -0.115851, 0.939460, 3.206809; 1, 42, 1, 0; 0.391471650958; 1, 0, 1; 1, 0, 0; 2, 1, 2 ;
1,83; -0.782322, 4.08818, -0.884178 / -0.782227, 4.08819, -0.884097 / -0.782416, 4.08817, -0.884259; 1, 13, 1, 0; 0.144390940773; 0, 1, 0; 0, 2, 0; 4, 1, 1 / 4, 2, 3 ;
0,83; -1.712040, 3.264767, -0.317028 / -1.711318, 3.265404, -0.316238 / -1.712761, 3.264129, -0.317817; 1, 14, 1, 0; 0.179797788619; 2, 3, 1; 2, 2, 1; 1, 10, 2 / 2, 10, 1 / 3, 5, 1 / 4, 1, 1 ;
0,83; -1.712756, 3.263519, -0.316679 / -1.712750, 3.264238, -0.315541 / -1.712761, 3.262800, -0.317817; 1, 14, 1, 0; 0.179797844014; 0, 1, 0; 1, 2, 1; 1, 1, 2 / 1, 3, 0 / 2, 1, 1 / 2, 7, 0 / 4, 8, 0 / 4, 10, 1 ;
0,83; -2.088522, 2.920232, -0.051297 / -2.088522, 2.920232, -0.051297 / -2.088522, 2.920232, -0.051297; 1, 14, 1, 0; 0.576015703958; 1, 0, 1; 0, 1, 0; 1, 1, 2 ;
0,83; -1.710877, 3.263836, -0.319475 / -1.710426, 3.264350, -0.318878 / -1.711328, 3.263321, -0.320072; 1, 14, 1, 0; 0.179797074635; 2, 2, 1; 3, 0, 0; 2, 1, 1 / 2, 8, 0 / 2, 9, 0 / 3, 3, 2 / 3, 4, 1 ;
0,83; -1.711085, 3.267801, -0.320526 / -1.710397, 3.268494, -0.320365 / -1.711774, 3.267107, -0.320688; 1, 14, 1, 0; 0.179796945379; 1, 0, 2; 2, 0, 0; 2, 1, 2 / 3, 9, 2 ;
0,83; -1.710374, 3.266555, -0.319919 / -1.710351, 3.267107, -0.319473 / -1.710397, 3.266003, -0.320365; 1, 14, 1, 0; 0.179796994619; 1, 0, 1; 2, 0, 0; 1, 8, 0 / 3, 1, 2 / 3, 5, 2 / 4, 10, 0 ;
0,83; -1.711896, 3.266130, -0.316545 / -1.711318, 3.266856, -0.316238 / -1.712474, 3.265404, -0.316851; 1, 14, 1, 0; 0.179797745534; 0, 1, 0; 1, 1, 0; 2, 1, 1 / 3, 2, 0 / 4, 8, 1 ;
1,84; -0.781401, -2.17961, 2.73062 / -0.781401, -2.17961, 2.73062 / -0.781401, -2.17961, 2.73062; 1, 33, 1, 0; 0.983741908204; 1, 0, 1; 1, 0, 0; 2, 5, 0 / 3, 1, 2 ;
0,84; -0.299143, -1.974573, 2.537250 / -0.299143, -1.974573, 2.537250 / -0.299143, -1.974573, 2.537250; 1, 34, 1, 0; 0.333751637068; 0, 1, 0; 1, 0, 0; 1, 6, 0 / 3, 1, 1 ;
0,84; -1.995597, -2.607981, 3.224216 / -1.995597, -2.607981, 3.224216 / -1.995597, -2.607981, 3.224216; 1, 40, 1, 0; 0.900185745717; 1, 0, 1; 1, 0, 0; 3, 1, 2 ;
1,86; 1.35854, -1.49675, -3.64755 / 1.35854, -1.49675, -3.64755 / 1.35854, -1.49675, -3.64755; 1, 1, 1, 0; 0.874677762958; 1, 0, 1; 1, 0, 0; 1, 1, 0 / 2, 1, 2 ;
0,86; 0.358593, -0.718450, -2.642391 / 0.358593, -0.718450, -2.642391 / 0.358593, -0.718450, -2.642391; 1, 2, 1, 0; 0.993979812770; 1, 0, 1; 0, 1, 0; 1, 1, 2 ;
0,86; 0.352933, -0.721050, -2.640851 / 0.352933, -0.721050, -2.640851 / 0.352933, -0.721050, -2.640851; 1, 2, 1, 0; 0.993979923520; 1, 0, 1; 0, 1, 0; 4, 1, 2 ;
0,86; -0.260636, -0.262462, -2.017921 / -0.260636, -0.262462, -2.017921 / -0.260636, -0.262462, -2.017921; 1, 4, 1, 0; 0.564691699207; 1, 0, 1; 0, 1, 0; 1, 1, 2 ;
0,86; -0.269723, -0.258640, -2.002016 / -0.269723, -0.258640, -2.002016 / -0.269723, -0.258640, -2.002016; 1, 4, 1, 0; 0.564699851304; 1, 0, 1; 1, 0, 0; 3, 1, 2 ;
0,86; -0.626461, -0.010790, -1.668611 / -0.626461, -0.010790, -1.668611 / -0.626461, -0.010790, -1.668611; 1, 4, 1, 0; 0.914483536632; 1, 0, 1; 1, 0, 0; 3, 1, 2 ;
1,88; -0.278206, 4.35641, 1.00684 / -0.277733, 4.35703, 1.00723 / -0.27868, 4.35579, 1.00644; 1, 26, 1, 0; 0.626021019245; 1, 0, 2; 2, 0, 0; 2, 1, 2 / 2, 8, 2 ;
0,88; 1.679953, 1.849317, 2.040085 / 1.679953, 1.849317, 2.040085 / 1.679953, 1.849317, 2.040085; 1, 28, 1, 0; 0.569925816242; 0, 1, 0; 0, 1, 0; 4, 1, 1 ;
0,88; 3.304758, 0.041367, 2.930887 / 3.305181, 0.042306, 2.930938 / 3.304334, 0.040428, 2.930836; 1, 39, 1, 0; 0.015154046833; 2, 2, 1; 2, 1, 0; 3, 1, 1 / 3, 6, 2 / 4, 1, 1 ;
0,88; 3.308219, 0.047986, 2.935702 / 3.309198, 0.048907, 2.936736 / 3.307239, 0.047066, 2.934669; 1, 39, 1, 0; 0.015152616690; 2, 2, 2; 4, 0, 0; 1, 4, 0 / 2, 1, 2 / 2, 3, 2 / 2, 8, 1 / 3, 7, 0 / 3, 10, 1 / 4, 2, 0 / 4, 9, 0 ;
0,88; 3.321136, 0.060685, 2.934780 / 3.321136, 0.060685, 2.934780 / 3.321136, 0.060685, 2.934780; 1, 39, 1, 0; 0.015143642936; 1, 0, 1; 1, 0, 0; 3, 1, 2 ;
0,88; 3.321878, 0.051554, 2.936326 / 3.321878, 0.051554, 2.936326 / 3.321878, 0.051554, 2.936326; 1, 39, 1, 0; 0.015146487506; 1, 0, 1; 1, 0, 0; 2, 1, 2 ;
0,88; 3.302454, 0.053468, 2.959169 / 3.302454, 0.053468, 2.959169 / 3.302454, 0.053468, 2.959169; 1, 39, 1, 0; 0.015213531353; 1, 0, 1; 1, 0, 0; 2, 1, 0 / 3, 1, 2 ;
1,89; 2.91397, 2.2205, 0.688803 / 2.91397, 2.2205, 0.688803 / 2.91397, 2.2205, 0.688803; 1, 20, 1, 0; 0.694194745504; 1, 0, 1; 0, 1, 0; 4, 1, 2 ;
0,89; 2.919389, 2.227499, 0.688429 / 2.919389, 2.227499, 0.688429 / 2.919389, 2.227499, 0.688429; 1, 20, 1, 0; 0.694181143574; 1, 0, 1; 1, 0, 0; 2, 1, 2 ;
0,89; 2.917704, 2.216461, 0.687649 / 2.917704, 2.216461, 0.687649 / 2.917704, 2.216461, 0.687649; 1, 20, 1, 0; 0.694182416270; 1, 0, 1; 1, 0, 0; 2, 1, 2 ;
1,90; -0.856414, -3.81253, 0.471114 / -0.856414, -3.81253, 0.471114 / -0.856414, -3.81253, 0.471114; 1, 18, 1, 0; 0.155086128013; 1, 0, 1; 1, 0, 0; 3, 1, 2 ;
1,91; -0.101167, -0.0440929, 1.64752 / -0.101167, -0.0440929, 1.64752 / -0.101167, -0.0440929, 1.64752; 1, 27, 1, 0; 0.650562824140; 1, 0, 1; 1, 0, 0; 2, 1, 2 / 4, 7, 0 ;
0,91; -0.153693, -0.096100, 1.904618 / -0.153693, -0.096100, 1.904618 / -0.153693, -0.096100, 1.904618; 1, 30, 1, 0; 0.634047531377; 1, 0, 1; 1, 0, 0; 3, 1, 2 ;
0,91; -0.363643, -0.372298, 2.920569 / -0.363643, -0.372298, 2.920569 / -0.363643, -0.372298, 2.920569; 1, 36, 1, 0; 0.942653996079; 0, 1, 0; 0, 1, 0; 4, 1, 1 ;
0,91; -0.592175, -0.754360, 4.142766 / -0.592141, -0.754265, 4.143307 / -0.592208, -0.754455, 4.142224; 1, 46, 1, 0; 0.753613425303; 2, 1, 1; 0, 2, 1; 1, 1, 2 / 4, 6, 1 ;
0,91; -0.603135, -0.789687, 4.217822 / -0.602925, -0.789132, 4.217986 / -0.603345, -0.790242, 4.217659; 1, 46, 1, 0; 0.753722844326; 1, 0, 2; 1, 1, 0; 1, 1, 2 / 1, 9, 0 / 3, 5, 2 / 3, 7, 0 ;
0,91; -0.604002, -0.791053, 4.217157 / -0.604002, -0.791053, 4.217157 / -0.604002, -0.791053, 4.217157; 1, 46, 1, 0; 0.753722945447; 1, 0, 1; 0, 1, 0; 1, 1, 2 ;
0,91; -0.606273, -0.793252, 4.214193 / -0.606273, -0.793252, 4.214193 / -0.606273, -0.793252, 4.214193; 1, 46, 1, 0; 0.753723160328; 1, 0, 1; 0, 1, 0; 3, 5, 0 / 4, 1, 2 ;
0,91; -0.661069, -0.845648, 4.504971 / -0.661069, -0.845648, 4.504971 / -0.661069, -0.845648, 4.504971; 1, 46, 1, 0; 0.873277122810; 1, 0, 1; 1, 0, 0; 3, 1, 2 ;
1,92; 1.4401, -0.0923504, 1.39772 / 1.4401, -0.0923504, 1.39772 / 1.4401, -0.0923504, 1.39772; 1, 23, 1, 0; 0.775838221753; 0, 1, 0; 0, 1, 0; 1, 1, 1 ;
1,93; -1.30414, 1.32616, 1.7657 / -1.30414, 1.32616, 1.7657 / -1.30414, 1.32616, 1.7657; 1, 29, 1, 0; 0.292340506778; 1, 0, 1; 1, 0, 0; 3, 1, 2 ;
1,94; 2.36142, 2.35059, 1.33312 / 2.36147, 2.35073, 1.33329 / 2.36137, 2.35044, 1.33295; 1, 28, 1, 0; 0.136786690388; 2, 1, 1; 0, 2, 1; 1, 4, 1 / 4, 1, 2 ;
0,94; 2.360292, 2.347833, 1.330359 / 2.360292, 2.347833, 1.330359 / 2.360292, 2.347833, 1.330359; 1, 28, 1, 0; 0.136786985060; 1, 0, 1; 1, 0, 0; 2, 1, 2 ;
1,95; 0.0994678, 0.409714, -2.66633 / 0.0994678, 0.409714, -2.66633 / 0.0994678, 0.409714, -2.66633; 1, 2, 1, 0; 0.878595433489; 1, 0, 1; 1, 0, 0; 1, 4, 0 / 3, 1, 2 ;
0,95; -0.932013, 2.156342, 0.259440 / -0.932013, 2.156342, 0.259440 / -0.932013, 2.156342, 0.259440; 1, 17, 1, 0; 0.603545246325; 1, 0, 1; 1, 0, 0; 2, 1, 2 ;
0,95; -1.372740, 2.841742, 1.280052 / -1.372740, 2.841742, 1.280052 / -1.372740, 2.841742, 1.280052; 1, 29, 1, 0; 0.178895383045; 1, 0, 1; 0, 1, 0; 1, 1, 2 ;
1,96; 3.45916, 1.58725, -1.45145 / 3.45916, 1.58725, -1.45145 / 3.45916, 1.58725, -1.45145; 1, 12, 1, 0; 0.056619650696; 1, 0, 1; 0, 1, 0; 4, 1, 2 ;
1,97; -1.84604, -0.505849, -0.142357 / -1.84604, -0.505849, -0.142357 / -1.84604, -0.505849, -0.142357; 1, 10, 1, 0; 0.773237816246; 1, 0, 1; 1, 0, 0; 2, 1, 2 ;
1,100; -0.758606, 1.01298, -2.68806 / -0.758606, 1.01298, -2.68806 / -0.758606, 1.01298, -2.68806; 1, 4, 1, 0; 0.069567479459; 1, 0, 1; 1, 0, 0; 3, 1, 2 ;
0,100; -0.718921, 1.042048, -2.652023 / -0.718921, 1.042048, -2.652023 / -0.718921, 1.042048, -2.652023; 1, 4, 1, 0; 0.069750802919; 1, 0, 1; 1, 0, 0; 2, 1, 2 ;
0,100; 0.698159, 1.481855, -1.418021 / 0.698159, 1.481855, -1.418021 / 0.698159, 1.481855, -1.418021; 1, 7, 1, 0; 0.484975505763; 1, 0, 1; 1, 0, 0; 3, 1, 2 ;
1,101; 1.20478, -1.10929, -2.53528 / 1.20478, -1.10929, -2.53528 / 1.20478, -1.10929, -2.53528; 1, 3, 1, 0; 0.608174844957; 1, 0, 1; 0, 1, 0; 4, 1, 2 ;
1,105; 3.60329, -1.77917, 0.402735 / 3.6035, -1.7786, 0.402804 / 3.60309, -1.77974, 0.402667; 1, 19, 1, 0; 0.391682973074; 1, 0, 1; 1, 1, 0; 1, 1, 2 / 2, 3, 3 ;
0,105; 3.881189, -1.994230, 0.365746 / 3.881189, -1.994230, 0.365746 / 3.881189, -1.994230, 0.365746; 1, 19, 1, 0; 0.380374953359; 1, 0, 1; 1, 0, 0; 2, 1, 2 ;
1,106; 0.211611, 0.66028, -3.92568 / 0.211611, 0.66028, -3.92568 / 0.211611, 0.66028, -3.92568; 1, 1, 1, 0; 0.544054022732; 1, 0, 1; 1, 0, 0; 3, 1, 2 / 3, 6, 0 ;
1,109; 0.799606, -3.98541, -0.227957 / 0.799606, -3.98541, -0.227957 / 0.799606, -3.98541, -0.227957; 1, 15, 1, 0; 0.270530510640; 1, 0, 1; 0, 1, 0; 1, 1, 2 ;
1,110; -1.48662, 2.21177, -2.01904 / -1.48662, 2.21177, -2.01904 / -1.48662, 2.21177, -2.01904; 1, 6, 1, 0; 0.485122613093; 1, 0, 1; 0, 1, 0; 4, 1, 2 ;
0,110; -1.488644, 2.213212, -2.018486 / -1.488644, 2.213212, -2.018486 / -1.488644, 2.213212, -2.018486; 1, 6, 1, 0; 0.485122667004; 1, 0, 1; 0, 1, 0; 1, 1, 2 ;
0,110; -0.516793, 2.262079, -1.037448 / -0.516793, 2.262079, -1.037448 / -0.516793, 2.262079, -1.037448; 1, 7, 1, 0; 0.641363567097; 1, 0, 1; 0, 1, 0; 4, 1, 2 ;
0,110; 3.075421, 2.591270, 1.804509 / 3.075421, 2.591270, 1.804509 / 3.075421, 2.591270, 1.804509; 1, 28, 1, 0; 0.346818284786; 1, 0, 1; 1, 0, 0; 2, 1, 2 ;
1,111; -2.33758, -1.0093, -2.50461 / -2.33758, -1.0093, -2.50461 / -2.33758, -1.0093, -2.50461; 1, 5, 1, 0; 0.373975937095; 1, 0, 1; 0, 1, 0; 1, 1, 2 ;
0,111; -2.343113, -1.010731, -2.503357 / -2.343113, -1.010731, -2.503357 / -2.343113, -1.010731, -2.503357; 1, 5, 1, 0; 0.373975250955; 1, 0, 1; 1, 0, 0; 3, 1, 2 ;
0,111; -2.340836, -1.008694, -2.509318 / -2.340836, -1.008694, -2.509318 / -2.340836, -1.008694, -2.509318; 1, 5, 1, 0; 0.373975731253; 1, 0, 1; 1, 0, 0; 3, 1, 2 ;
0,111; -2.338788, -1.009495, -2.508499 / -2.338788, -1.009495, -2.508499 / -2.338788, -1.009495, -2.508499; 1, 5, 1, 0; 0.373975804768; 1, 0, 1; 1, 0, 0; 2, 4, 0 / 3, 1, 2 / 4, 1, 0 ;
0,111; -2.652286, -0.962147, -1.912168 / -2.652286, -0.962147, -1.912168 / -2.652286, -0.962147, -1.912168; 1, 5, 1, 0; 0.937471973660; 1, 0, 1; 1, 0, 0; 3, 1, 2 ;
0,111; -2.654993, -0.960660, -1.911668 / -2.654993, -0.960660, -1.911668 / -2.654993, -0.960660, -1.911668; 1, 5, 1, 0; 0.937472542176; 1, 0, 1; 1, 0, 0; 3, 1, 2 ;
0,111; -3.702682, -0.784338, 0.182200 / -3.702331, -0.784130, 0.182309 / -3.703032, -0.784547, 0.182092; 1, 14, 1, 0; 0.932478423523; 1, 0, 3; 3, 0, 0; 2, 1, 2 / 2, 2, 2 / 2, 3, 2 / 3, 1, 0 / 3, 7, 0 / 4, 7, 0 ;
1,113; 2.08745, -2.7357, -0.521943 / 2.08745, -2.7357, -0.521943 / 2.08745, -2.7357, -0.521943; 1, 15, 1, 0; 0.139929338916; 0, 1, 0; 1, 0, 0; 2, 1, 1 ;
1,114; -2.875, -3.15503, -0.230964 / -2.87494, -3.15478, -0.230525 / -2.87507, -3.15529, -0.231402; 1, 10, 1, 0; 0.966830909991; 1, 0, 2; 2, 0, 0; 2, 1, 2 / 3, 2, 2 ;
1,115; -1.7398, -0.807359, -1.98866 / -1.7398, -0.807359, -1.98866 / -1.7398, -0.807359, -1.98866; 1, 5, 1, 0; 0.958062274003; 1, 0, 1; 0, 1, 0; 1, 1, 2 ;
0,115; -2.116162, -0.572831, -2.303694 / -2.116162, -0.572831, -2.303694 / -2.116162, -0.572831, -2.303694; 1, 5, 1, 0; 0.408218449110; 1, 0, 1; 1, 0, 0; 2, 1, 2 ;
0,115; 0.188871, -1.688288, -0.252063 / 0.188871, -1.688288, -0.252063 / 0.188871, -1.688288, -0.252063; 1, 15, 1, 0; 0.551151981270; 1, 0, 1; 1, 0, 0; 2, 1, 2 ;
0,115; 1.290727, -2.029545, 1.160657 / 1.290910, -2.029413, 1.161210 / 1.290543, -2.029677, 1.160103; 1, 22, 1, 0; 0.248073970757; 0, 2, 0; 1, 1, 0; 1, 1, 0 / 1, 7, 1 / 2, 1, 1 ;
0,115; 1.994324, -2.254271, 2.453547 / 1.994324, -2.254271, 2.453547 / 1.994324, -2.254271, 2.453547; 1, 33, 1, 0; 0.644860440693; 0, 1, 0; 1, 0, 0; 2, 1, 1 ;
1,116; -4.37856, -0.671457, -0.798774 / -4.37818, -0.671114, -0.798304 / -4.37894, -0.6718, -0.799243; 1, 10, 1, 0; 0.404826889471; 2, 2, 1; 2, 1, 0; 1, 1, 1 / 2, 1, 2 / 3, 5, 1 ;
1,117; 0.468244, 0.977971, -3.98105 / 0.468244, 0.977971, -3.98105 / 0.468244, 0.977971, -3.98105; 1, 1, 1, 0; 0.564256322205; 1, 0, 1; 1, 0, 0; 3, 1, 2 ;
1,118; -0.726167, 2.57776, -2.05673 / -0.725455, 2.57808, -2.05646 / -0.726879, 2.57745, -2.057; 1, 4, 1, 0; 0.826815745677; 2, 1, 2; 2, 1, 0; 1, 1, 2 / 2, 5, 1 / 3, 3, 2 ;
0,118; -0.706225, 2.612940, -2.046646 / -0.705992, 2.613134, -2.046622 / -0.706458, 2.612746, -2.046671; 1, 4, 1, 0; 0.827011041397; 2, 1, 1; 1, 1, 0; 2, 1, 0 / 3, 1, 2 / 3, 2, 0 / 4, 2, 1 ;
0,118; -0.722840, 2.600613, -2.041915 / -0.722840, 2.600613, -2.041915 / -0.722840, 2.600613, -2.041915; 1, 4, 1, 0; 0.827016787759; 0, 1, 0; 0, 1, 0; 1, 1, 1 ;
0,118; -0.718099, 2.602596, -2.040806 / -0.718099, 2.602596, -2.040806 / -0.718099, 2.602596, -2.040806; 1, 4, 1, 0; 0.827017194760; 1, 0, 1; 0, 1, 0; 4, 1, 2 ;
0,118; -0.694499, 2.620083, -2.034496 / -0.694499, 2.620083, -2.034496 / -0.694499, 2.620083, -2.034496; 1, 4, 1, 0; 0.827005021015; 1, 0, 1; 1, 0, 0; 3, 1, 2 ;
0,118; -0.730013, 2.595332, -2.021925 / -0.730013, 2.595332, -2.021925 / -0.730013, 2.595332, -2.021925; 1, 4, 1, 0; 0.827022264131; 1, 0, 1; 1, 0, 0; 3, 1, 2 / 3, 4, 0 ;
0,118; -0.728005, 2.595467, -2.022028 / -0.728005, 2.595467, -2.022028 / -0.728005, 2.595467, -2.022028; 1, 4, 1, 0; 0.827022324577; 0, 1, 0; 1, 0, 0; 3, 1, 1 ;
1,119; 0.724599, -2.39262, -1.72401 / 0.724599, -2.39262, -1.72401 / 0.724599, -2.39262, -1.72401; 1, 8, 1, 0; 0.274725199201; 1, 0, 1; 1, 0, 0; 2, 1, 2 ;
1,123; 0.67296, 0.042576, 1.32904 / 0.67296, 0.042576, 1.32904 / 0.67296, 0.042576, 1.32904; 1, 23, 1, 0; 0.678129320321; 1, 0, 1; 1, 0, 0; 2, 1, 2 ;
0,123; 0.660984, 0.047807, 1.378660 / 0.660984, 0.047807, 1.378660 / 0.660984, 0.047807, 1.378660; 1, 23, 1, 0; 0.678183783896; 1, 0, 1; 1, 0, 0; 2, 1, 2 ;
1,124; -2.1581, -1.227, -3.90229 / -2.1581, -1.227, -3.90229 / -2.1581, -1.227, -3.90229; 1, 1, 1, 0; 0.381151433096; 1, 0, 1; 1, 0, 0; 3, 1, 2 ;
1,125; 1.05857, 0.197226, 1.84563 / 1.05857, 0.197226, 1.84563 / 1.05857, 0.197226, 1.84563; 1, 27, 1, 0; 0.624498246700; 1, 0, 1; 1, 0, 0; 2, 1, 2 ;
1,126; -1.60029, -3.60236, 1.43383 / -1.60029, -3.60236, 1.43383 / -1.60029, -3.60236, 1.43383; 1, 21, 1, 0; 0.826356169347; 1, 0, 1; 1, 0, 0; 3, 1, 2 ;
1,127; -2.60725, 0.729201, 0.71194 / -2.60725, 0.729201, 0.71194 / -2.60725, 0.729201, 0.71194; 1, 23, 1, 0; 0.108761607688; 1, 0, 1; 1, 0, 0; 2, 1, 2 ;
0,127; -1.438753, 2.877077, 2.022997 / -1.438753, 2.877077, 2.022997 / -1.438753, 2.877077, 2.022997; 1, 29, 1, 0; 0.655621422532; 1, 0, 1; 0, 1, 0; 2, 9, 0 / 4, 1, 2 ;
1,128; -0.28192, 2.49132, -2.69518 / -0.28192, 2.49132, -2.69518 / -0.28192, 2.49132, -2.69518; 1, 4, 1, 0; 0.147275777028; 1, 0, 1; 1, 0, 0; 2, 1, 2 ;
0,128; -0.281459, 2.488822, -2.690794 / -0.281459, 2.488822, -2.690794 / -0.281459, 2.488822, -2.690794; 1, 4, 1, 0; 0.147283344818; 1, 0, 1; 1, 0, 0; 2, 1, 2 ;
0,128; -0.283546, -3.061396, -0.503820 / -0.283546, -3.061396, -0.503820 / -0.283546, -3.061396, -0.503820; 1, 9, 1, 0; 0.940752566082; 1, 0, 1; 0, 1, 0; 4, 1, 2 ;
1,129; -0.137927, -1.88507, -3.87836 / -0.137927, -1.88507, -3.87836 / -0.137927, -1.88507, -3.87836; 1, 1, 1, 0; 0.328790815083; 1, 0, 1; 1, 0, 0; 2, 1, 2 ;
1,130; 2.68706, -0.682623, -0.538331 / 2.68706, -0.682623, -0.538331 / 2.68706, -0.682623, -0.538331; 1, 12, 1, 0; 0.753743408495; 0, 1, 0; 1, 0, 0; 3, 1, 1 ;
0,130; -3.657271, -1.211038, 0.959212 / -3.657271, -1.211038, 0.959212 / -3.657271, -1.211038, 0.959212; 1, 21, 1, 0; 0.630285926741; 0, 1, 0; 1, 0, 0; 2, 1, 1 ;
1,132; -0.132051, 3.40647, -0.154808 / -0.132051, 3.40647, -0.154808 / -0.132051, 3.40647, -0.154808; 1, 17, 1, 0; 0.258135969134; 1, 0, 1; 0, 1, 0; 1, 1, 2 / 3, 1, 0 ;
1,133; 1.02679, -0.220816, 2.00309 / 1.02679, -0.220816, 2.00309 / 1.02679, -0.220816, 2.00309; 1, 31, 1, 0; 0.175945562180; 0, 1, 0; 0, 1, 0; 1, 1, 1 / 3, 4, 0 ;
1,136; 1.95091, 1.76151, -1.92389 / 1.95112, 1.76171, -1.92343 / 1.95071, 1.7613, -1.92434; 1, 4, 1, 0; 0.744684667368; 2, 1, 1; 0, 2, 1; 1, 1, 1 / 4, 5, 2 ;
0,136; 1.987238, 2.123010, -3.098319 / 1.987238, 2.123010, -3.098319 / 1.987238, 2.123010, -3.098319; 1, 4, 1, 0; 0.023747889441; 0, 1, 0; 1, 0, 0; 2, 1, 1 ;
0,136; 1.987181, 2.119408, -3.095595 / 1.987181, 2.119408, -3.095595 / 1.987181, 2.119408, -3.095595; 1, 4, 1, 0; 0.023747970035; 1, 0, 1; 1, 0, 0; 2, 1, 2 ;
0,136; 1.934650, 1.648743, -1.356117 / 1.935017, 1.649259, -1.354830 / 1.934283, 1.648228, -1.357404; 1, 11, 1, 0; 0.244337387796; 2, 1, 2; 3, 0, 0; 1, 10, 0 / 2, 10, 1 / 3, 1, 2 / 3, 2, 2 ;
0,136; 1.913528, 1.557254, -0.899834 / 1.913528, 1.557254, -0.899834 / 1.913528, 1.557254, -0.899834; 1, 12, 1, 0; 0.294197283979; 1, 0, 1; 0, 1, 0; 1, 1, 2 / 3, 4, 0 ;
0,136; 1.368934, 1.379583, 1.180012 / 1.368936, 1.379614, 1.180054 / 1.368932, 1.379552, 1.179970; 1, 26, 1, 0; 0.254017556041; 2, 1, 1; 1, 1, 0; 3, 1, 2 / 4, 1, 1 ;
0,136; 1.418495, 1.376889, 1.056778 / 1.418495, 1.376889, 1.056778 / 1.418495, 1.376889, 1.056778; 1, 26, 1, 0; 0.253871381424; 0, 0, 0; 1, 0, 0; 2, 5, 0 / 3, 1, 3 ;
0,136; 1.370496, 1.380145, 1.176286 / 1.370496, 1.380145, 1.176286 / 1.370496, 1.380145, 1.176286; 1, 26, 1, 0; 0.254002648836; 1, 0, 1; 1, 0, 0; 2, 1, 2 ;
1,140; -0.511622, 0.514443, 2.41847 / -0.511622, 0.514443, 2.41847 / -0.511622, 0.514443, 2.41847; 1, 31, 1, 0; 0.848772664983; 1, 0, 1; 1, 0, 0; 2, 1, 2 ;
1,141; 0.209564, -3.48454, -2.32457 / 0.209564, -3.48454, -2.32457 / 0.209564, -3.48454, -2.32457; 1, 3, 1, 0; 0.997416857070; 1, 0, 1; 1, 0, 0; 3, 1, 2 ;
1,142; -1.30119, 0.713293, 2.37933 / -1.30119, 0.713293, 2.37933 / -1.30119, 0.713293, 2.37933; 1, 31, 1, 0; 0.830592208754; 1, 0, 1; 0, 1, 0; 4, 1, 2 ;
0,142; -1.300595, 0.708789, 2.378525 / -1.300595, 0.708789, 2.378525 / -1.300595, 0.708789, 2.378525; 1, 31, 1, 0; 0.830590280991; 1, 0, 1; 1, 0, 0; 2, 1, 2 / 3, 9, 0 / 4, 9, 0 ;
1,146; -0.295025, 1.24112, -3.62697 / -0.295025, 1.24112, -3.62697 / -0.295025, 1.24112, -3.62697; 1, 1, 1, 0; 0.616036063937; 1, 0, 1; 1, 0, 0; 2, 1, 2 ;
1,148; -0.185025, 3.91852, 0.285604 / -0.185025, 3.91852, 0.285604 / -0.185025, 3.91852, 0.285604; 1, 17, 1, 0; 0.443411266317; 1, 0, 1; 1, 0, 0; 2, 1, 2 ;
1,150; 0.787027, 1.16735, -0.52445 / 0.787329, 1.16794, -0.523949 / 0.786725, 1.16677, -0.52495; 1, 13, 1, 0; 0.408757636860; 2, 1, 1; 1, 2, 1; 1, 3, 2 / 3, 1, 3 / 3, 7, 0 / 4, 1, 1 ;
0,150; 0.782000, 1.166019, -0.524679 / 0.782651, 1.166775, -0.524548 / 0.781350, 1.165263, -0.524809; 1, 13, 1, 0; 0.408768894420; 2, 1, 2; 2, 1, 0; 2, 5, 0 / 3, 1, 2 / 3, 5, 0 / 3, 7, 2 / 4, 5, 1 ;
0,150; 0.826974, 1.149077, -0.505701 / 0.827183, 1.149395, -0.505645 / 0.826766, 1.148758, -0.505758; 1, 13, 1, 0; 0.408553141961; 1, 0, 2; 1, 1, 0; 1, 1, 2 / 2, 2, 2 ;
0,150; 0.827009, 1.145704, -0.504851 / 0.827009, 1.145704, -0.504851 / 0.827009, 1.145704, -0.504851; 1, 13, 1, 0; 0.408552446442; 0, 0, 0; 1, 0, 0; 3, 1, 3 / 3, 4, 0 / 3, 5, 0 ;
0,150; 0.786812, 1.171231, -0.523777 / 0.786812, 1.171231, -0.523777 / 0.786812, 1.171231, -0.523777; 1, 13, 1, 0; 0.408757544535; 1, 0, 1; 1, 0, 0; 1, 8, 0 / 1, 10, 0 / 2, 1, 2 ;
0,150; 0.788993, 1.165967, -0.527312 / 0.788993, 1.165967, -0.527312 / 0.788993, 1.165967, -0.527312; 1, 13, 1, 0; 0.408758449325; 1, 0, 1; 1, 0, 0; 3, 1, 2 ;
0,150; 0.784815, 1.169861, -0.518972 / 0.784815, 1.169861, -0.518972 / 0.784815, 1.169861, -0.518972; 1, 13, 1, 0; 0.408768106576; 1, 0, 1; 1, 0, 0; 3, 1, 2 ;
1,155; -0.66129, 3.95933, 1.72344 / -0.66129, 3.95933, 1.72344 / -0.66129, 3.95933, 1.72344; 1, 29, 1, 0; 0.514536210115; 1, 0, 1; 1, 0, 0; 2, 1, 2 ;
1,157; 1.97847, 1.43198, 2.45333 / 1.97847, 1.43198, 2.45333 / 1.97847, 1.43198, 2.45333; 1, 31, 1, 0; 0.634899558047; 1, 0, 1; 1, 0, 0; 2, 1, 2 ;
0,157; 1.979528, 1.450702, 2.451140 / 1.979528, 1.450702, 2.451140 / 1.979528, 1.450702, 2.451140; 1, 31, 1, 0; 0.634940085130; 1, 0, 1; 1, 0, 0; 3, 1, 2 ;
0,157; 1.983586, 1.451569, 2.447107 / 1.983586, 1.451569, 2.447107 / 1.983586, 1.451569, 2.447107; 1, 31, 1, 0; 0.634941990861; 1, 0, 1; 1, 0, 0; 3, 1, 2 ;
1,158; 1.3408, 0.390603, -1.05549 / 1.3408, 0.390603, -1.05549 / 1.3408, 0.390603, -1.05549; 1, 11, 1, 0; 0.778313770524; 1, 0, 1; 1, 0, 0; 2, 1, 2 / 4, 8, 0 ;
1,159; -0.361797, -3.91188, 0.451407 / -0.361797, -3.91188, 0.451407 / -0.361797, -3.91188, 0.451407; 1, 18, 1, 0; 0.153025263008; 1, 0, 1; 1, 0, 0; 3, 1, 2 ;
0,159; -0.370406, -3.901641, 0.453760 / -0.370406, -3.901641, 0.453760 / -0.370406, -3.901641, 0.453760; 1, 18, 1, 0; 0.153228130083; 1, 0, 1; 1, 0, 0; 3, 1, 2 ;
0,159; -1.860039, -2.484222, 2.011314 / -1.860039, -2.484222, 2.011314 / -1.860039, -2.484222, 2.011314; 1, 32, 1, 0; 0.415721919655; 1, 0, 1; 1, 0, 0; 2, 1, 2 ;
0,159; -2.184073, -2.196833, 2.347975 / -2.184073, -2.196833, 2.347975 / -2.184073, -2.196833, 2.347975; 1, 32, 1, 0; 0.985861710003; 1, 0, 1; 1, 0, 0; 3, 1, 2 ;
1,160; 0.934417, -0.259846, 2.64619 / 0.934417, -0.259846, 2.64619 / 0.934417, -0.259846, 2.64619; 1, 34, 1, 0; 0.847143904867; 0, 0, 0; 1, 0, 0; 3, 1, 3 ;
1,162; -0.843117, 1.41069, 2.42321 / -0.843117, 1.41069, 2.42321 / -0.843117, 1.41069, 2.42321; 1, 31, 1, 0; 0.675824608829; 0, 0, 0; 1, 0, 0; 2, 1, 3 ;
1,165; 1.37501, 3.07119, 1.80359 / 1.37501, 3.07119, 1.80359 / 1.37501, 3.07119, 1.80359; 1, 28, 1, 0; 0.374717565786; 1, 0, 1; 0, 1, 0; 4, 1, 2 ;
1,167; -2.00092, -2.16758, -2.6537 / -2.00092, -2.16758, -2.6537 / -2.00092, -2.16758, -2.6537; 1, 5, 1, 0; 0.288902025189; 1, 0, 1; 1, 0, 0; 3, 1, 2 ;
1,169; 1.88427, -0.286162, 4.06251 / 1.88427, -0.286162, 4.06251 / 1.88427, -0.286162, 4.06251; 1, 46, 1, 0; 0.708158546035; 1, 0, 1; 1, 0, 0; 2, 1, 2 ;
0,169; 1.872733, -0.281804, 4.079418 / 1.872733, -0.281804, 4.079418 / 1.872733, -0.281804, 4.079418; 1, 46, 1, 0; 0.708167425705; 1, 0, 1; 1, 0, 0; 2, 1, 2 ;
1,170; -1.40013, -2.02991, 1.76431 / -1.40013, -2.02991, 1.76431 / -1.40013, -2.02991, 1.76431; 1, 32, 1, 0; 0.190855618272; 1, 0, 1; 1, 0, 0; 3, 1, 2 ;
0,170; -1.382960, 0.336574, 3.162710 / -1.382960, 0.336574, 3.162710 / -1.382960, 0.336574, 3.162710; 1, 41, 1, 0; 0.940013268078; 1, 0, 1; 0, 1, 0; 1, 1, 2 ;
0,170; -1.379778, 0.337382, 3.163852 / -1.379778, 0.337382, 3.163852 / -1.379778, 0.337382, 3.163852; 1, 41, 1, 0; 0.940015604595; 1, 0, 1; 1, 0, 0; 3, 1, 2 ;
0,170; -1.381496, 0.391383, 3.190989 / -1.381496, 0.391383, 3.190989 / -1.381496, 0.391383, 3.190989; 1, 41, 1, 0; 0.944257342296; 1, 0, 1; 1, 0, 0; 2, 1, 2 ;
0,170; -1.383017, 0.388135, 3.186606 / -1.383017, 0.388135, 3.186606 / -1.383017, 0.388135, 3.186606; 1, 41, 1, 0; 0.944259824845; 1, 0, 1; 1, 0, 0; 2, 1, 2 ;
1,175; -2.68314, 3.44535, -0.56906 / -2.68314, 3.44535, -0.56906 / -2.68314, 3.44535, -0.56906; 1, 14, 1, 0; 0.167930307764; 1, 0, 1; 0, 1, 0; 4, 1, 2 ;
0,175; -1.976378, 2.968829, 1.069424 / -1.976378, 2.968829, 1.069424 / -1.976378, 2.968829, 1.069424; 1, 24, 1, 0; 0.410765202136; 0, 1, 0; 1, 0, 0; 2, 1, 1 ;
1,180; 0.894683, -0.788341, 0.798155 / 0.894683, -0.788341, 0.798155 / 0.894683, -0.788341, 0.798155; 1, 19, 1, 0; 0.763058973513; 1, 0, 1; 0, 1, 0; 4, 1, 2 ;
1,182; 1.92415, 0.976229, 2.65176 / 1.92415, 0.976229, 2.65176 / 1.92415, 0.976229, 2.65176; 1, 35, 1, 0; 0.122142960198; 0, 1, 0; 1, 0, 0; 3, 1, 1 ;
1,183; 0.959757, 0.320494, -1.18023 / 0.959934, 0.32066, -1.18021 / 0.95958, 0.320327, -1.18024; 1, 11, 1, 0; 0.774631110302; 2, 1, 1; 0, 2, 0; 1, 1, 1 / 1, 2, 2 / 1, 3, 0 ;
0,183; 0.825832, 0.369734, -1.376921 / 0.825832, 0.369734, -1.376921 / 0.825832, 0.369734, -1.376921; 1, 11, 1, 0; 0.362325937344; 0, 1, 0; 0, 1, 0; 4, 1, 1 ;
0,183; 0.828462, 0.371043, -1.379410 / 0.828462, 0.371043, -1.379410 / 0.828462, 0.371043, -1.379410; 1, 11, 1, 0; 0.362326543854; 1, 0, 1; 0, 1, 0; 1, 1, 2 / 3, 9, 0 ;
0,183; 2.245075, -0.356537, 0.794655 / 2.245075, -0.356537, 0.794655 / 2.245075, -0.356537, 0.794655; 1, 20, 1, 0; 0.977274168916; 1, 0, 1; 0, 1, 0; 1, 1, 2 / 1, 2, 0 ;
1,185; 1.59713, 3.31439, -0.207402 / 1.59713, 3.31439, -0.207402 / 1.59713, 3.31439, -0.207402; 1, 20, 1, 0; 0.087117244152; 1, 0, 1; 1, 0, 0; 3, 1, 2 ;
1,187; -2.02754, 2.61603, -1.66648 / -2.02685, 2.6163, -1.66595 / -2.02823, 2.61576, -1.66701; 1, 6, 1, 0; 0.596328566626; 1, 0, 2; 1, 1, 0; 3, 6, 2 / 4, 1, 2 ;
0,187; -2.022634, 2.614480, -1.668541 / -2.022634, 2.614480, -1.668541 / -2.022634, 2.614480, -1.668541; 1, 6, 1, 0; 0.596320215330; 1, 0, 1; 0, 1, 0; 1, 1, 2 ;
0,187; -2.029191, 2.611913, -1.663235 / -2.029191, 2.611913, -1.663235 / -2.029191, 2.611913, -1.663235; 1, 6, 1, 0; 0.596328772467; 1, 0, 1; 1, 0, 0; 3, 1, 2 ;
0,187; 0.022072, 2.617498, -1.075450 / 0.022244, 2.617801, -1.075424 / 0.021900, 2.617194, -1.075475; 1, 7, 1, 0; 0.690110111569; 1, 0, 2; 2, 0, 0; 2, 1, 2 / 3, 6, 2 ;
0,187; 1.738947, 2.643812, -0.496512 / 1.738947, 2.643812, -0.496512 / 1.738947, 2.643812, -0.496512; 1, 13, 1, 0; 0.535317409025; 0, 1, 0; 0, 1, 0; 4, 1, 1 ;
1,189; 1.45878, 2.0785, 1.06241 / 1.45878, 2.0785, 1.06241 / 1.45878, 2.0785, 1.06241; 1, 26, 1, 0; 0.318113668510; 1, 0, 1; 1, 0, 0; 3, 1, 2 ;
1,191; 0.947932, 0.752151, -0.756356 / 0.947932, 0.752151, -0.756356 / 0.947932, 0.752151, -0.756356; 1, 12, 1, 0; 0.388680560324; 1, 0, 1; 0, 1, 0; 1, 1, 2 ;
0,191; 1.239703, -0.754776, -0.553205 / 1.239703, -0.754776, -0.553205 / 1.239703, -0.754776, -0.553205; 1, 12, 1, 0; 0.762325811465; 1, 0, 1; 0, 1, 0; 4, 1, 2 ;
0,191; 0.943055, 0.757173, -0.760482 / 0.943055, 0.757173, -0.760482 / 0.943055, 0.757173, -0.760482; 1, 12, 1, 0; 0.388689858237; 1, 0, 1; 1, 0, 0; 2, 1, 2 ;
1,193; 1.79252, 1.9439, 2.99023 / 1.79326, 1.94439, 2.99042 / 1.79178, 1.94342, 2.99003; 1, 39, 1, 0; 0.818279082194; 2, 2, 1; 2, 1, 0; 1, 8, 0 / 2, 7, 1 / 3, 1, 2 / 4, 1, 1 ;
0,193; 1.841165, 1.853674, 2.962315 / 1.841165, 1.853674, 2.962315 / 1.841165, 1.853674, 2.962315; 1, 39, 1, 0; 0.759817051705; 0, 1, 0; 1, 0, 0; 2, 1, 1 ;
1,195; 0.762774, 0.124966, -2.62048 / 0.762774, 0.124966, -2.62048 / 0.762774, 0.124966, -2.62048; 1, 2, 1, 0; 0.890641392879; 1, 0, 1; 1, 0, 0; 3, 1, 2 ;
0,195; 0.207381, 0.299543, -2.655702 / 0.207381, 0.299543, -2.655702 / 0.207381, 0.299543, -2.655702; 1, 2, 1, 0; 0.894209767933; 1, 0, 1; 1, 0, 0; 3, 1, 2 ;
0,195; 2.419995, -0.353907, -2.607703 / 2.419995, -0.353907, -2.607703 / 2.419995, -0.353907, -2.607703; 1, 3, 1, 0; 0.638496943467; 1, 0, 1; 1, 0, 0; 3, 1, 2 ;
0,195; 1.948300, -0.223186, -2.609201 / 1.948300, -0.223186, -2.609201 / 1.948300, -0.223186, -2.609201; 1, 3, 1, 0; 0.655831654960; 0, 0, 0; 1, 0, 0; 2, 1, 3 ;
1,196; -0.638631, 2.75091, -1.294 / -0.638598, 2.75098, -1.29396 / -0.638663, 2.75085, -1.29405; 1, 7, 1, 0; 0.349231525260; 0, 2, 0; 1, 1, 0; 1, 1, 1 / 2, 1, 1 / 2, 2, 0 / 4, 8, 0 ;
0,196; -0.241347, 3.530235, -0.718538 / -0.241347, 3.530235, -0.718538 / -0.241347, 3.530235, -0.718538; 1, 13, 1, 0; 0.202021695269; 1, 0, 1; 0, 1, 0; 4, 1, 2 ;
1,199; 0.875529, 0.553377, -1.99534 / 0.875529, 0.553377, -1.99534 / 0.875529, 0.553377, -1.99534; 1, 4, 1, 0; 0.628236447088; 1, 0, 1; 1, 0, 0; 2, 1, 2 ;
0,199; 1.999661, 0.841291, -1.553804 / 1.999661, 0.841291, -1.553804 / 1.999661, 0.841291, -1.553804; 1, 11, 1, 0; 0.079804526396; 1, 0, 1; 0, 1, 0; 4, 1, 2 ;
