1,2; 1.34116, 2.26228, -2.89325 / 1.34211, 2.26274, -2.89246 / 1.34021, 2.26183, -2.89405; 1, 2, 1, 0; 0.764544642264; 1, 0, 2; 1, 1, 0; 3, 1, 2 / 4, 10, 2 ;
0,2; 1.343081, 2.258390, -2.877042 / 1.343288, 2.258612, -2.877035 / 1.342875, 2.258168, -2.877050; 1, 2, 1, 0; 0.764559269086; 2, 1, 1; 1, 1, 0; 3, 1, 1 / 4, 2, 2 ;
0,2; 1.345409, 2.261699, -2.888775 / 1.345409, 2.261699, -2.888775 / 1.345409, 2.261699, -2.888775; 1, 2, 1, 0; 0.764552066424; 1, 0, 1; 1, 0, 0; 3, 1, 2 ;
0,2; 1.459143, 2.121144, -2.702610 / 1.459143, 2.121144, -2.702610 / 1.459143, 2.121144, -2.702610; 1, 4, 1, 0; 0.110323186531; 1, 0, 1; 1, 0, 0; 2, 1, 2 ;
0,2; 1.888137, 1.554349, -2.029520 / 1.888137, 1.554349, -2.029520 / 1.888137, 1.554349, -2.029520; 1, 4, 1, 0; 0.743886563748; 1, 0, 1; 1, 0, 0; 3, 1, 2 ;
0,2; 1.875960, 1.549444, -2.024434 / 1.875960, 1.549444, -2.024434 / 1.875960, 1.549444, -2.024434; 1, 4, 1, 0; 0.743887228650; 1, 0, 1; 1, 0, 0; 2, 1, 2 ;
1,3; -0.699909, 0.207365, -1.7039 / -0.699909, 0.207365, -1.7039 / -0.699909, 0.207365, -1.7039; 1, 4, 1, 0; 0.911942838606; 1, 0, 1; 1, 0, 0; 3, 1, 2 ;
0,3; -0.705004, 0.203996, -1.699346 / -0.705004, 0.203996, -1.699346 / -0.705004, 0.203996, -1.699346; 1, 4, 1, 0; 0.911950390277; 1, 0, 1; 1, 0, 0; 3, 1, 2 ;
0,3; -0.601924, 0.150771, -1.041428 / -0.601924, 0.150771, -1.041428 / -0.601924, 0.150771, -1.041428; 1, 11, 1, 0; 0.750346734916; 1, 0, 1; 1, 0, 0; 2, 1, 2 ;
0,3; -0.954211, -0.806132, 3.933736 / -0.953977, -0.805736, 3.933812 / -0.954444, -0.806529, 3.933660; 1, 46, 1, 0; 0.079820952988; 1, 0, 2; 2, 0, 0; 2, 1, 2 / 3, 4, 2 ;
0,3; -0.958275, -0.805371, 3.930701 / -0.958275, -0.805371, 3.930701 / -0.958275, -0.805371, 3.930701; 1, 46, 1, 0; 0.079810101462; 1, 0, 1; 1, 0, 0; 2, 1, 2 ;
1,5; -2.79024, 2.5979, -0.153047 / -2.78994, 2.598, -0.152738 / -2.79053, 2.59779, -0.153357; 1, 14, 1, 0; 0.560707392075; 2, 1, 1; 0, 2, 1; 1, 5, 2 / 4, 1, 1 ;
0,5; -3.212263, 2.953264, 0.050488 / -3.212263, 2.953264, 0.050488 / -3.212263, 2.953264, 0.050488; 1, 14, 1, 0; 0.642300629168; 1, 0, 1; 0, 1, 0; 4, 1, 2 ;
1,7; -1.42411, 0.123266, -2.92528 / -1.42411, 0.123266, -2.92528 / -1.42411, 0.123266, -2.92528; 1, 2, 1, 0; 0.570173900180; 0, 1, 0; 0, 1, 0; 1, 1, 1 / 3, 2, 0 ;
0,7; -1.421559, 0.124198, -2.926813 / -1.421559, 0.124198, -2.926813 / -1.421559, 0.124198, -2.926813; 1, 2, 1, 0; 0.570173860627; 0, 1, 0; 1, 0, 0; 2, 1, 1 ;
0,7; -1.425692, 0.124867, -2.921963 / -1.425692, 0.124867, -2.921963 / -1.425692, 0.124867, -2.921963; 1, 2, 1, 0; 0.570181272921; 1, 0, 1; 1, 0, 0; 3, 1, 2 ;
0,7; -1.898940, 0.258560, -2.930969 / -1.898940, 0.258560, -2.930969 / -1.898940, 0.258560, -2.930969; 1, 2, 1, 0; 0.573008560923; 1, 0, 1; 1, 0, 0; 2, 1, 2 ;
0,7; -2.394051, 0.412597, -2.949406 / -2.394051, 0.412597, -2.949406 / -2.394051, 0.412597, -2.949406; 1, 2, 1, 0; 0.590017359957; 1, 0, 1; 1, 0, 0; 2, 1, 2 ;
1,8; 0.64395, 2.35037, 0.136802 / 0.64395, 2.35037, 0.136802 / 0.64395, 2.35037, 0.136802; 1, 17, 1, 0; 0.574263640016; 1, 0, 1; 1, 0, 0; 3, 1, 2 ;
0,8; 0.659788, 1.052035, 0.839922 / 0.660222, 1.052468, 0.840239 / 0.659353, 1.051603, 0.839606; 1, 25, 1, 0; 0.739536247911; 2, 2, 1; 2, 2, 1; 1, 1, 2 / 2, 3, 1 / 3, 6, 3 / 4, 6, 1 ;
0,8; 0.680950, 1.059595, 0.829692 / 0.680950, 1.059595, 0.829692 / 0.680950, 1.059595, 0.829692; 1, 25, 1, 0; 0.739542145643; 0, 1, 0; 0, 1, 0; 1, 1, 1 ;
0,8; 0.668171, 1.058917, 0.841555 / 0.668171, 1.058917, 0.841555 / 0.668171, 1.058917, 0.841555; 1, 25, 1, 0; 0.739534662038; 1, 0, 1; 1, 0, 0; 3, 1, 2 ;
0,8; 0.665855, 1.058779, 0.838047 / 0.665855, 1.058779, 0.838047 / 0.665855, 1.058779, 0.838047; 1, 25, 1, 0; 0.739535707856; 0, 1, 0; 1, 0, 0; 2, 1, 0 / 2, 2, 0 / 3, 1, 1 ;
0,8; 0.680960, 1.064115, 0.829478 / 0.680960, 1.064115, 0.829478 / 0.680960, 1.064115, 0.829478; 1, 25, 1, 0; 0.739542299944; 1, 0, 1; 1, 0, 0; 2, 1, 2 ;
0,8; 0.667729, 1.064495, 0.838631 / 0.667729, 1.064495, 0.838631 / 0.667729, 1.064495, 0.838631; 1, 25, 1, 0; 0.739550820796; 1, 0, 1; 1, 0, 0; 2, 1, 2 ;
1,12; -1.83966, -0.304226, -1.78891 / -1.83923, -0.303072, -1.78868 / -1.8401, -0.305381, -1.78915; 1, 6, 1, 0; 0.792409363449; 2, 1, 1; 1, 2, 0; 1, 1, 2 / 1, 9, 3 / 2, 9, 1 / 3, 2, 0 / 4, 3, 0 ;
0,12; -2.384269, 0.261335, -2.007283 / -2.384269, 0.261335, -2.007283 / -2.384269, 0.261335, -2.007283; 1, 6, 1, 0; 0.352564406426; 1, 0, 1; 0, 1, 0; 4, 1, 2 ;
0,12; -1.836276, -0.301298, -1.789383 / -1.836276, -0.301298, -1.789383 / -1.836276, -0.301298, -1.789383; 1, 6, 1, 0; 0.792408731221; 1, 0, 1; 0, 1, 0; 1, 1, 2 ;
0,12; -1.838615, -0.298606, -1.789857 / -1.838615, -0.298606, -1.789857 / -1.838615, -0.298606, -1.789857; 1, 6, 1, 0; 0.792409280132; 1, 0, 1; 0, 1, 0; 4, 1, 2 ;
0,12; -1.840576, -0.307794, -1.794184 / -1.840576, -0.307794, -1.794184 / -1.840576, -0.307794, -1.794184; 1, 6, 1, 0; 0.792409525182; 0, 1, 0; 0, 1, 0; 1, 1, 1 ;
0,12; -1.837413, -0.303559, -1.785970 / -1.837407, -0.303321, -1.785600 / -1.837420, -0.303798, -1.786341; 1, 6, 1, 0; 0.792417822566; 1, 0, 2; 2, 0, 0; 2, 3, 2 / 3, 1, 2 ;
0,12; -2.394228, 0.264770, -2.010575 / -2.394228, 0.264770, -2.010575 / -2.394228, 0.264770, -2.010575; 1, 6, 1, 0; 0.352563759494; 1, 0, 1; 1, 0, 0; 2, 1, 2 ;
0,12; -1.839717, -0.302445, -1.788777 / -1.839334, -0.301818, -1.788679 / -1.840099, -0.303072, -1.788875; 1, 6, 1, 0; 0.792409338944; 1, 0, 1; 1, 1, 0; 1, 5, 0 / 1, 6, 2 / 3, 1, 2 / 3, 7, 0 / 4, 8, 0 ;
0,12; -1.643403, -0.496705, -1.725791 / -1.643403, -0.496705, -1.725791 / -1.643403, -0.496705, -1.725791; 1, 6, 1, 0; 0.804167026890; 1, 0, 1; 1, 0, 0; 2, 1, 2 ;
0,12; -0.839682, -1.307331, -1.387720 / -0.839682, -1.307331, -1.387720 / -0.839682, -1.307331, -1.387720; 1, 8, 1, 0; 0.723614086385; 0, 1, 0; 1, 0, 0; 2, 1, 1 ;
1,14; -1.12131, 0.607962, -3.1717 / -1.12131, 0.607962, -3.1717 / -1.12131, 0.607962, -3.1717; 1, 2, 1, 0; 0.352209706229; 1, 0, 1; 1, 0, 0; 3, 1, 2 ;
0,14; -2.580801, 2.425560, 0.418745 / -2.580801, 2.425560, 0.418745 / -2.580801, 2.425560, 0.418745; 1, 24, 1, 0; 0.033055384356; 0, 0, 0; 0, 1, 0; 1, 1, 3 ;
0,14; -2.579790, 2.424420, 0.418906 / -2.579790, 2.424420, 0.418906 / -2.579790, 2.424420, 0.418906; 1, 24, 1, 0; 0.033055458255; 0, 0, 0; 1, 0, 0; 2, 1, 3 ;
1,15; -0.368386, -0.823966, -2.01487 / -0.368386, -0.823966, -2.01487 / -0.368386, -0.823966, -2.01487; 1, 4, 1, 0; 0.508933743558; 0, 0, 0; 1, 0, 0; 2, 1, 3 / 3, 3, 0 ;
0,15; -0.488715, -1.239561, -0.760888 / -0.488715, -1.239561, -0.760888 / -0.488715, -1.239561, -0.760888; 1, 11, 1, 0; 0.951205278468; 1, 0, 1; 1, 0, 0; 2, 1, 2 ;
0,15; -0.481433, -1.335937, -0.557356 / -0.481433, -1.335937, -0.557356 / -0.481433, -1.335937, -0.557356; 1, 16, 1, 0; 0.239904907902; 1, 0, 1; 0, 1, 0; 1, 1, 2 ;
0,15; -0.338582, -2.486746, 1.708542 / -0.338582, -2.486746, 1.708542 / -0.338582, -2.486746, 1.708542; 1, 22, 1, 0; 0.891874574362; 0, 1, 0; 0, 1, 0; 1, 1, 1 ;
0,15; -0.329819, -2.667988, 2.022079 / -0.329819, -2.667988, 2.022079 / -0.329819, -2.667988, 2.022079; 1, 32, 1, 0; 0.391363710470; 1, 0, 1; 1, 0, 0; 3, 1, 2 ;
1,20; -1.14408, -2.29345, -0.607201 / -1.14408, -2.29345, -0.607201 / -1.14408, -2.29345, -0.607201; 1, 16, 1, 0; 0.252998585573; 1, 0, 1; 1, 0, 0; 1, 3, 0 / 2, 1, 2 ;
0,20; -1.073589, -1.135253, 1.964020 / -1.073589, -1.135253, 1.964020 / -1.073589, -1.135253, 1.964020; 1, 30, 1, 0; 0.461569838802; 1, 0, 1; 1, 0, 0; 2, 1, 2 ;
0,20; -1.053993, -0.989342, 2.270836 / -1.053944, -0.989336, 2.271055 / -1.054041, -0.989348, 2.270617; 1, 34, 1, 0; 0.145763129601; 2, 1, 1; 1, 1, 0; 3, 2, 2 / 4, 1, 1 ;
0,20; -1.043160, -0.683577, 2.876315 / -1.043160, -0.683577, 2.876315 / -1.043160, -0.683577, 2.876315; 1, 36, 1, 0; 0.855442362737; 0, 0, 0; 1, 0, 0; 2, 1, 3 ;
1,21; 0.201196, 0.519436, -3.22192 / 0.201719, 0.520044, -3.221 / 0.200674, 0.518827, -3.22284; 1, 2, 1, 0; 0.344792673299; 2, 1, 1; 0, 2, 0; 4, 1, 2 / 4, 9, 1 ;
0,21; 0.201497, 0.516143, -3.223030 / 0.201497, 0.516143, -3.223030 / 0.201497, 0.516143, -3.223030; 1, 2, 1, 0; 0.344792234257; 0, 1, 0; 1, 0, 0; 3, 1, 1 ;
0,21; 0.202240, 0.520205, -3.221256 / 0.202760, 0.520366, -3.221000 / 0.201719, 0.520044, -3.221511; 1, 2, 1, 0; 0.344792665388; 0, 0, 0; 1, 1, 0; 3, 1, 3 / 4, 3, 2 ;
0,21; 1.299254, -0.147330, -1.531176 / 1.299254, -0.147330, -1.531176 / 1.299254, -0.147330, -1.531176; 1, 11, 1, 0; 0.439483579599; 1, 0, 1; 1, 0, 0; 3, 1, 2 ;
1,22; 1.00902, -1.7678, -1.72584 / 1.00902, -1.7678, -1.72584 / 1.00902, -1.7678, -1.72584; 1, 8, 1, 0; 0.207473723666; 1, 0, 1; 1, 0, 0; 3, 1, 2 ;
1,27; 2.97797, -1.83507, 2.90113 / 2.97831, -1.83493, 2.90161 / 2.97764, -1.83521, 2.90065; 1, 35, 1, 0; 0.443935714415; 0, 3, 0; 2, 1, 0; 1, 1, 1 / 2, 1, 1 / 2, 6, 0 / 3, 3, 1 / 3, 4, 0 ;
0,27; 2.987836, -1.857573, 2.914813 / 2.987836, -1.857573, 2.914813 / 2.987836, -1.857573, 2.914813; 1, 35, 1, 0; 0.660924594801; 1, 0, 1; 1, 0, 0; 3, 1, 2 ;
0,27; 1.401629, -2.044776, 3.224603 / 1.401759, -2.044680, 3.224973 / 1.401498, -2.044873, 3.224233; 1, 40, 1, 0; 0.618808219393; 1, 0, 2; 1, 1, 0; 3, 2, 2 / 4, 1, 2 ;
0,27; 1.405637, -2.044732, 3.225272 / 1.405637, -2.044732, 3.225272 / 1.405637, -2.044732, 3.225272; 1, 40, 1, 0; 0.618778815024; 0, 1, 0; 0, 1, 0; 1, 1, 1 / 4, 5, 0 ;
0,27; 1.404366, -2.049154, 3.225969 / 1.404366, -2.049154, 3.225969 / 1.404366, -2.049154, 3.225969; 1, 40, 1, 0; 0.618779082194; 1, 0, 1; 0, 1, 0; 1, 1, 2 ;
0,27; 1.406025, -2.044517, 3.222811 / 1.406251, -2.044238, 3.223093 / 1.405798, -2.044797, 3.222529; 1, 40, 1, 0; 0.618780669496; 0, 1, 0; 2, 0, 0; 2, 4, 1 / 2, 5, 0 / 3, 1, 3 ;
0,27; -0.335785, -2.338968, 3.564878 / -0.335785, -2.338968, 3.564878 / -0.335785, -2.338968, 3.564878; 1, 43, 1, 0; 0.821454700692; 1, 0, 1; 1, 0, 0; 2, 1, 2 ;
1,28; 2.43451, -0.520539, 2.64228 / 2.43467, -0.520503, 2.64241 / 2.43434, -0.520574, 2.64214; 1, 34, 1, 0; 0.781649391697; 1, 0, 2; 2, 0, 0; 3, 1, 2 / 3, 2, 2 ;
0,28; 1.502707, 0.251126, 2.679620 / 1.502707, 0.251126, 2.679620 / 1.502707, 0.251126, 2.679620; 1, 34, 1, 0; 0.944604571568; 1, 0, 1; 1, 0, 0; 2, 1, 2 ;
1,29; -0.0954896, -3.30614, -2.08224 / -0.0954896, -3.30614, -2.08224 / -0.0954896, -3.30614, -2.08224; 1, 5, 1, 0; 0.693724516051; 1, 0, 1; 0, 1, 0; 1, 1, 2 ;
0,29; -2.034241, 0.423043, -0.381928 / -2.034241, 0.423043, -0.381928 / -2.034241, 0.423043, -0.381928; 1, 10, 1, 0; 0.696900009300; 0, 0, 0; 1, 0, 0; 3, 1, 3 ;
0,29; -2.649132, 1.610203, 0.067173 / -2.648442, 1.610612, 0.067612 / -2.649821, 1.609795, 0.066734; 1, 14, 1, 0; 0.734471941040; 2, 1, 3; 2, 2, 0; 1, 1, 2 / 1, 2, 2 / 2, 1, 2 / 2, 3, 1 / 4, 7, 0 ;
0,29; -2.638095, 1.607403, 0.049585 / -2.637773, 1.607643, 0.049773 / -2.638417, 1.607164, 0.049397; 1, 14, 1, 0; 0.734468740421; 2, 1, 1; 1, 1, 0; 1, 1, 1 / 1, 2, 0 / 2, 3, 2 / 4, 6, 0 / 4, 7, 0 ;
0,29; -2.644333, 1.611069, 0.058579 / -2.644302, 1.611164, 0.058852 / -2.644364, 1.610974, 0.058306; 1, 14, 1, 0; 0.734470697723; 2, 1, 1; 1, 1, 0; 3, 1, 2 / 4, 1, 1 ;
0,29; -2.630741, 1.605256, 0.048658 / -2.630741, 1.605256, 0.048658 / -2.630741, 1.605256, 0.048658; 1, 14, 1, 0; 0.734457088939; 1, 0, 1; 0, 1, 0; 4, 1, 2 ;
0,29; -2.638196, 1.604952, 0.047366 / -2.638196, 1.604952, 0.047366 / -2.638196, 1.604952, 0.047366; 1, 14, 1, 0; 0.734467989507; 1, 0, 1; 1, 0, 0; 2, 1, 2 ;
0,29; -2.645103, 1.608330, 0.061639 / -2.645103, 1.608330, 0.061639 / -2.645103, 1.608330, 0.061639; 1, 14, 1, 0; 0.734471756389; 1, 0, 1; 1, 0, 0; 2, 1, 2 / 3, 9, 0 ;
1,33; 3.88706, 0.900871, -1.41628 / 3.88706, 0.900871, -1.41628 / 3.88706, 0.900871, -1.41628; 1, 12, 1, 0; 0.077572540888; 1, 0, 1; 1, 0, 0; 3, 1, 2 ;
0,33; -0.246798, 2.609150, -0.397349 / -0.246537, 2.609861, -0.397081 / -0.247058, 2.608440, -0.397616; 1, 13, 1, 0; 0.551893165818; 1, 0, 2; 1, 1, 0; 3, 1, 2 / 4, 6, 2 ;
1,35; -2.12204, -1.93924, -2.00816 / -2.12187, -1.93921, -2.00802 / -2.12221, -1.93928, -2.0083; 1, 5, 1, 0; 0.813757303708; 1, 0, 2; 2, 0, 0; 3, 1, 2 / 3, 2, 2 ;
1,36; -0.216718, 4.18821, -1.92885 / -0.216718, 4.18821, -1.92885 / -0.216718, 4.18821, -1.92885; 1, 4, 1, 0; 0.901920610742; 1, 0, 1; 1, 0, 0; 3, 1, 2 ;
0,36; -1.626986, -3.960164, -0.196828 / -1.626986, -3.960164, -0.196828 / -1.626986, -3.960164, -0.196828; 1, 10, 1, 0; 0.986832277920; 1, 0, 1; 1, 0, 0; 2, 1, 2 ;
1,37; 1.68945, -1.2878, -3.40908 / 1.68945, -1.2878, -3.40908 / 1.68945, -1.2878, -3.40908; 1, 1, 1, 0; 0.877335901136; 0, 1, 0; 1, 0, 0; 2, 1, 1 / 4, 7, 0 ;
1,39; 0.7155, 1.15381, -2.52362 / 0.7155, 1.15381, -2.52362 / 0.7155, 1.15381, -2.52362; 1, 3, 1, 0; 0.712209294922; 0, 1, 0; 0, 1, 0; 1, 1, 1 / 1, 2, 0 ;
0,39; 0.714238, 1.156272, -2.522325 / 0.714238, 1.156272, -2.522325 / 0.714238, 1.156272, -2.522325; 1, 3, 1, 0; 0.712209339249; 1, 0, 1; 1, 0, 0; 2, 1, 2 ;
0,39; 1.687856, 1.632154, -3.631275 / 1.687856, 1.632154, -3.631275 / 1.687856, 1.632154, -3.631275; 1, 4, 1, 0; 0.011463597642; 1, 0, 1; 1, 0, 0; 2, 1, 2 ;
1,40; 0.485927, 1.42477, 1.99679 / 0.485927, 1.42477, 1.99679 / 0.485927, 1.42477, 1.99679; 1, 30, 1, 0; 0.909227861098; 1, 0, 1; 1, 0, 0; 2, 1, 2 ;
0,40; 0.448781, 1.440511, 1.912249 / 0.448781, 1.440511, 1.912249 / 0.448781, 1.440511, 1.912249; 1, 30, 1, 0; 0.910938616589; 0, 1, 0; 1, 0, 0; 2, 1, 1 ;
0,40; 0.640393, 1.247841, 2.316529 / 0.640393, 1.247841, 2.316529 / 0.640393, 1.247841, 2.316529; 1, 31, 1, 0; 0.650365217430; 1, 0, 1; 0, 1, 0; 4, 1, 2 ;
0,40; 0.643560, 1.250846, 2.315219 / 0.643560, 1.250846, 2.315219 / 0.643560, 1.250846, 2.315219; 1, 31, 1, 0; 0.650363278651; 1, 0, 1; 1, 0, 0; 2, 1, 2 ;
0,40; 0.723865, 0.964126, 2.496152 / 0.724470, 0.964390, 2.496205 / 0.723261, 0.963862, 2.496099; 1, 38, 1, 0; 0.871397803046; 1, 0, 1; 1, 1, 0; 2, 1, 2 / 4, 6, 3 ;
1,42; -2.58621, 1.94784, -2.37311 / -2.58621, 1.94784, -2.37311 / -2.58621, 1.94784, -2.37311; 1, 6, 1, 0; 0.186461118936; 1, 0, 1; 1, 0, 0; 2, 1, 2 ;
0,42; -2.547762, 1.976630, -2.331173 / -2.547762, 1.976630, -2.331173 / -2.547762, 1.976630, -2.331173; 1, 6, 1, 0; 0.186684702328; 1, 0, 1; 1, 0, 0; 2, 5, 0 / 3, 1, 2 / 4, 8, 0 ;
0,42; -2.557838, 1.975067, -2.331663 / -2.557838, 1.975067, -2.331663 / -2.557838, 1.975067, -2.331663; 1, 6, 1, 0; 0.186693602535; 1, 0, 1; 1, 0, 0; 2, 1, 2 ;
0,42; -1.849124, 2.227234, -0.755869 / -1.849124, 2.227234, -0.755869 / -1.849124, 2.227234, -0.755869; 1, 7, 1, 0; 0.874434786522; 1, 0, 1; 1, 0, 0; 3, 1, 2 / 3, 2, 0 ;
0,42; -1.612101, 2.306982, -0.192774 / -1.612101, 2.306982, -0.192774 / -1.612101, 2.306982, -0.192774; 1, 14, 1, 0; 0.534708202077; 1, 0, 1; 0, 1, 0; 1, 1, 2 ;
1,44; -2.59918, -0.412243, 3.47189 / -2.59918, -0.412243, 3.47189 / -2.59918, -0.412243, 3.47189; 1, 44, 1, 0; 0.289325373714; 1, 0, 1; 1, 0, 0; 3, 1, 2 ;
1,45; 1.45089, 0.352967, -2.07436 / 1.45089, 0.352967, -2.07436 / 1.45089, 0.352967, -2.07436; 1, 4, 1, 0; 0.631199688101; 1, 0, 1; 0, 1, 0; 4, 1, 2 ;
0,45; 3.350772, 1.483344, 1.361519 / 3.350772, 1.483344, 1.361519 / 3.350772, 1.483344, 1.361519; 1, 26, 1, 0; 0.710914371437; 0, 1, 0; 0, 1, 0; 4, 1, 1 ;
0,45; 3.353121, 1.485832, 1.361392 / 3.353121, 1.485832, 1.361392 / 3.353121, 1.485832, 1.361392; 1, 26, 1, 0; 0.710912922721; 1, 0, 1; 1, 0, 0; 2, 1, 2 ;
1,46; -2.48525, -1.57025, -2.87531 / -2.48525, -1.57025, -2.87531 / -2.48525, -1.57025, -2.87531; 1, 5, 1, 0; 0.137185907483; 1, 0, 1; 1, 0, 0; 3, 1, 2 ;
0,46; 0.474405, 2.801423, -0.792228 / 0.474689, 2.801767, -0.791920 / 0.474121, 2.801080, -0.792537; 1, 13, 1, 0; 0.272184292842; 2, 1, 1; 2, 0, 0; 2, 1, 2 / 3, 7, 1 / 4, 6, 0 ;
1,48; -1.08792, -3.95265, -0.564244 / -1.08764, -3.95234, -0.564106 / -1.0882, -3.95296, -0.564382; 1, 9, 1, 0; 0.833251868601; 1, 0, 2; 2, 0, 0; 2, 3, 2 / 3, 1, 2 ;
0,48; -1.543369, -3.880345, -0.434210 / -1.543369, -3.880345, -0.434210 / -1.543369, -3.880345, -0.434210; 1, 9, 1, 0; 0.835181929071; 1, 0, 1; 1, 0, 0; 3, 1, 2 ;
0,48; -2.322388, -3.779857, -0.210660 / -2.322388, -3.779857, -0.210660 / -2.322388, -3.779857, -0.210660; 1, 10, 1, 0; 0.992115671593; 1, 0, 1; 1, 0, 0; 1, 5, 0 / 3, 1, 2 ;
1,51; 1.88666, 1.5635, -2.05962 / 1.88666, 1.5635, -2.05962 / 1.88666, 1.5635, -2.05962; 1, 4, 1, 0; 0.743871238772; 1, 0, 1; 1, 0, 0; 3, 1, 2 ;
1,52; 2.99478, -3.43858, 0.131657 / 2.99478, -3.43858, 0.131657 / 2.99478, -3.43858, 0.131657; 1, 15, 1, 0; 0.860645144872; 1, 0, 1; 1, 0, 0; 2, 1, 2 ;
1,53; -1.45734, 1.71576, 0.0116458 / -1.45734, 1.71576, 0.0116458 / -1.45734, 1.71576, 0.0116458; 1, 17, 1, 0; 0.648103279686; 1, 0, 1; 1, 0, 0; 1, 6, 0 / 3, 1, 2 ;
1,56; -1.46345, -2.16335, 0.944508 / -1.46303, -2.1631, 0.944627 / -1.46387, -2.1636, 0.944388; 1, 21, 1, 0; 0.725930786200; 1, 0, 2; 2, 0, 0; 2, 5, 2 / 3, 1, 2 ;
1,57; -0.162651, 3.30126, -1.57187 / -0.162651, 3.30126, -1.57187 / -0.162651, 3.30126, -1.57187; 1, 7, 1, 0; 0.116864492151; 1, 0, 1; 1, 0, 0; 3, 1, 2 ;
0,57; 1.307233, 1.268810, 3.428507 / 1.307233, 1.268810, 3.428507 / 1.307233, 1.268810, 3.428507; 1, 45, 1, 0; 0.310849453393; 1, 0, 1; 1, 0, 0; 2, 1, 2 ;
0,57; 1.638541, 1.034148, 4.156800 / 1.638614, 1.034826, 4.156946 / 1.638468, 1.033470, 4.156653; 1, 46, 1, 0; 0.570097834372; 1, 0, 2; 2, 0, 0; 1, 10, 0 / 2, 7, 2 / 3, 1, 2 ;
0,57; 1.640128, 1.033423, 4.159740 / 1.640128, 1.033423, 4.159740 / 1.640128, 1.033423, 4.159740; 1, 46, 1, 0; 0.570109583344; 1, 0, 1; 1, 0, 0; 3, 1, 2 ;
1,58; -4.24747, 1.11781, 0.315905 / -4.24747, 1.11781, 0.315905 / -4.24747, 1.11781, 0.315905; 1, 24, 1, 0; 0.015862682327; 0, 1, 0; 0, 1, 0; 4, 1, 1 ;
0,58; -4.245787, 1.119863, 0.319818 / -4.245787, 1.119863, 0.319818 / -4.245787, 1.119863, 0.319818; 1, 24, 1, 0; 0.015862889245; 0, 1, 0; 0, 1, 0; 1, 1, 1 ;
0,58; -4.237030, 1.115280, 0.313988 / -4.237030, 1.115280, 0.313988 / -4.237030, 1.115280, 0.313988; 1, 24, 1, 0; 0.015848397648; 1, 0, 1; 1, 0, 0; 3, 1, 2 ;
0,58; -4.241843, 1.115893, 0.326793 / -4.241843, 1.115893, 0.326793 / -4.241843, 1.115893, 0.326793; 1, 24, 1, 0; 0.015850252513; 1, 0, 1; 1, 0, 0; 2, 1, 2 ;
0,58; -4.249160, 1.115272, 0.313049 / -4.249160, 1.115272, 0.313049 / -4.249160, 1.115272, 0.313049; 1, 24, 1, 0; 0.015861662521; 1, 0, 1; 1, 0, 0; 3, 1, 2 ;
0,58; -4.245868, 1.119285, 0.322113 / -4.245868, 1.119285, 0.322113 / -4.245868, 1.119285, 0.322113; 1, 24, 1, 0; 0.015863000093; 1, 0, 1; 1, 0, 0; 3, 1, 2 ;
0,58; -4.246219, 1.118081, 0.329555 / -4.246219, 1.118081, 0.329555 / -4.246219, 1.118081, 0.329555; 1, 24, 1, 0; 0.015864123358; 0, 1, 0; 1, 0, 0; 2, 1, 1 ;
0,58; -3.828069, 0.860094, 0.713296 / -3.828069, 0.860094, 0.713296 / -3.828069, 0.860094, 0.713296; 1, 24, 1, 0; 0.239955172857; 1, 0, 1; 1, 0, 0; 1, 3, 0 / 2, 1, 2 / 3, 6, 0 ;
1,59; 0.418836, -4.45715, -0.989208 / 0.418836, -4.45715, -0.989208 / 0.418836, -4.45715, -0.989208; 1, 8, 1, 0; 0.992687120122; 1, 0, 1; 1, 0, 0; 3, 1, 2 ;
0,59; 0.417991, -4.448571, -0.985791 / 0.417991, -4.448571, -0.985791 / 0.417991, -4.448571, -0.985791; 1, 8, 1, 0; 0.992696513841; 1, 0, 1; 1, 0, 0; 2, 1, 2 ;
0,59; 0.453198, -4.206639, -0.430708 / 0.453198, -4.206639, -0.430708 / 0.453198, -4.206639, -0.430708; 1, 9, 1, 0; 0.806951228216; 1, 0, 1; 1, 0, 0; 2, 1, 2 ;
0,59; 0.511966, -3.355282, 1.367257 / 0.511966, -3.355282, 1.367257 / 0.511966, -3.355282, 1.367257; 1, 22, 1, 0; 0.571805431866; 1, 0, 1; 1, 0, 0; 2, 6, 0 / 3, 1, 2 / 3, 7, 0 / 4, 1, 0 / 4, 2, 0 ;
1,60; -2.6928, -0.756587, 0.938082 / -2.6928, -0.756587, 0.938082 / -2.6928, -0.756587, 0.938082; 1, 21, 1, 0; 0.592761901852; 0, 1, 0; 1, 0, 0; 2, 1, 1 ;
0,60; -1.170300, -1.482952, 1.710579 / -1.170300, -1.482952, 1.710579 / -1.170300, -1.482952, 1.710579; 1, 30, 1, 0; 0.274160860891; 0, 1, 0; 0, 1, 0; 1, 1, 1 ;
0,60; 0.704797, -2.368849, 2.663586 / 0.704797, -2.368849, 2.663586 / 0.704797, -2.368849, 2.663586; 1, 34, 1, 0; 0.236335560994; 0, 1, 0; 0, 1, 0; 4, 1, 1 ;
1,61; 0.0954333, -4.19022, -0.0469448 / 0.0954333, -4.19022, -0.0469448 / 0.0954333, -4.19022, -0.0469448; 1, 15, 1, 0; 0.237536552762; 1, 0, 1; 1, 0, 0; 3, 1, 2 ;
0,61; -0.646083, -2.482439, 0.251155 / -0.646083, -2.482439, 0.251155 / -0.646083, -2.482439, 0.251155; 1, 15, 1, 0; 0.735787739488; 0, 1, 0; 1, 0, 0; 2, 1, 1 ;
0,61; -1.046554, -1.672088, 0.358636 / -1.046554, -1.672088, 0.358636 / -1.046554, -1.672088, 0.358636; 1, 23, 1, 0; 0.000001278453; 1, 0, 1; 0, 1, 0; 1, 1, 2 ;
0,61; -3.303880, 3.005783, 0.681082 / -3.303880, 3.005783, 0.681082 / -3.303880, 3.005783, 0.681082; 1, 24, 1, 0; 0.086076006615; 0, 1, 0; 0, 1, 0; 1, 1, 1 / 3, 1, 0 / 3, 6, 0 ;
1,62; -0.596369, 0.963984, 0.116876 / -0.596369, 0.963984, 0.116876 / -0.596369, 0.963984, 0.116876; 1, 16, 1, 0; 0.548772830408; 1, 0, 1; 1, 0, 0; 2, 1, 2 ;
0,62; 0.129126, 1.541530, 1.447151 / 0.129126, 1.541530, 1.447151 / 0.129126, 1.541530, 1.447151; 1, 26, 1, 0; 0.748760713214; 1, 0, 1; 1, 0, 0; 3, 1, 2 ;
1,63; 0.938787, -3.06984, 3.20656 / 0.938787, -3.06984, 3.20656 / 0.938787, -3.06984, 3.20656; 1, 40, 1, 0; 0.961114065692; 0, 1, 0; 0, 1, 0; 1, 1, 1 ;
0,63; 0.949968, -3.057600, 3.188557 / 0.949968, -3.057600, 3.188557 / 0.949968, -3.057600, 3.188557; 1, 40, 1, 0; 0.961063539211; 0, 0, 0; 1, 0, 0; 3, 1, 3 / 4, 5, 0 ;
1,65; 0.456696, 1.72255, -0.9158 / 0.456696, 1.72255, -0.9158 / 0.456696, 1.72255, -0.9158; 1, 7, 1, 0; 0.932837639512; 1, 0, 1; 1, 0, 0; 3, 1, 2 ;
0,65; 2.135667, 2.759978, -0.744920 / 2.135667, 2.759978, -0.744920 / 2.135667, 2.759978, -0.744920; 1, 12, 1, 0; 0.240230857170; 1, 0, 1; 0, 1, 0; 1, 1, 2 ;
0,65; 1.733306, 2.497064, -0.782136 / 1.733306, 2.497064, -0.782136 / 1.733306, 2.497064, -0.782136; 1, 12, 1, 0; 0.240894293313; 1, 0, 1; 1, 0, 0; 2, 1, 2 ;
0,65; 1.281810, 2.228965, -0.828475 / 1.281810, 2.228965, -0.828475 / 1.281810, 2.228965, -0.828475; 1, 12, 1, 0; 0.250797863940; 1, 0, 1; 1, 0, 0; 2, 1, 2 ;
1,66; -2.69341, 0.679947, -1.18725 / -2.69341, 0.679947, -1.18725 / -2.69341, 0.679947, -1.18725; 1, 10, 1, 0; 0.266785535860; 1, 0, 1; 1, 0, 0; 3, 1, 2 ;
0,66; -1.513338, 0.380316, -0.138736 / -1.513338, 0.380316, -0.138736 / -1.513338, 0.380316, -0.138736; 1, 16, 1, 0; 0.525897116497; 0, 0, 0; 1, 0, 0; 2, 1, 3 ;
0,66; -1.143136, 0.267647, 0.214103 / -1.143136, 0.267647, 0.214103 / -1.143136, 0.267647, 0.214103; 1, 16, 1, 0; 0.692059089838; 1, 0, 1; 1, 0, 0; 3, 1, 2 ;
1,71; -0.519087, -1.0908, -0.669474 / -0.518107, -1.0907, -0.669254 / -0.520067, -1.0909, -0.669694; 1, 16, 1, 0; 0.018797248028; 0, 2, 0; 0, 2, 1; 1, 2, 1 / 2, 3, 0 / 4, 1, 1 ;
0,71; -0.916931, 0.978664, 0.792825 / -0.916931, 0.978664, 0.792825 / -0.916931, 0.978664, 0.792825; 1, 25, 1, 0; 0.720400934379; 1, 0, 1; 1, 0, 0; 3, 1, 2 ;
0,71; -1.168315, 1.922180, 1.386428 / -1.168146, 1.922190, 1.386668 / -1.168484, 1.922170, 1.386188; 1, 26, 1, 0; 0.637609909562; 2, 1, 1; 0, 2, 0; 1, 1, 1 / 1, 2, 2 / 4, 6, 0 ;
0,71; -1.176384, 1.926631, 1.391457 / -1.176384, 1.926631, 1.391457 / -1.176384, 1.926631, 1.391457; 1, 26, 1, 0; 0.637624190991; 1, 0, 1; 0, 1, 0; 2, 1, 0 / 2, 10, 0 / 3, 5, 0 / 3, 7, 0 / 4, 1, 2 / 4, 4, 0 / 4, 7, 0 ;
0,71; -1.174987, 1.926033, 1.377426 / -1.174987, 1.926033, 1.377426 / -1.174987, 1.926033, 1.377426; 1, 26, 1, 0; 0.637608906605; 1, 0, 1; 1, 0, 0; 3, 1, 2 ;
0,71; -1.422358, 3.016456, 2.140674 / -1.422358, 3.016456, 2.140674 / -1.422358, 3.016456, 2.140674; 1, 29, 1, 0; 0.656535023632; 1, 0, 1; 0, 1, 0; 1, 1, 2 ;
1,72; -2.42718, -2.41507, 0.15781 / -2.42718, -2.41507, 0.15781 / -2.42718, -2.41507, 0.15781; 1, 18, 1, 0; 0.021732192027; 1, 0, 1; 1, 0, 0; 2, 1, 2 ;
1,73; 1.33793, 2.99624, -1.17453 / 1.33835, 2.99648, -1.17428 / 1.33751, 2.99601, -1.17478; 1, 7, 1, 0; 0.701646851391; 1, 0, 3; 2, 1, 0; 1, 1, 2 / 1, 9, 0 / 2, 3, 2 / 3, 5, 2 ;
0,73; 1.333273, 2.993848, -1.173434 / 1.333628, 2.994203, -1.172543 / 1.332918, 2.993493, -1.174326; 1, 7, 1, 0; 0.701646958777; 1, 0, 2; 2, 0, 0; 1, 7, 0 / 2, 10, 2 / 3, 1, 2 ;
0,73; 1.337267, 2.992416, -1.181590 / 1.338006, 2.992444, -1.181495 / 1.336528, 2.992389, -1.181684; 1, 7, 1, 0; 0.701648344568; 1, 0, 2; 2, 0, 0; 1, 5, 0 / 2, 1, 2 / 2, 5, 0 / 2, 7, 2 / 3, 1, 0 / 4, 5, 0 ;
0,73; 1.346323, 2.992972, -1.182533 / 1.346323, 2.992972, -1.182533 / 1.346323, 2.992972, -1.182533; 1, 7, 1, 0; 0.701639262780; 1, 0, 1; 1, 0, 0; 3, 1, 2 ;
0,73; 1.336981, 2.992228, -1.179084 / 1.336981, 2.992228, -1.179084 / 1.336981, 2.992228, -1.179084; 1, 7, 1, 0; 0.701647746274; 1, 0, 1; 1, 0, 0; 2, 1, 2 ;
0,73; 1.913779, 1.919601, -0.515978 / 1.913779, 1.919601, -0.515978 / 1.913779, 1.919601, -0.515978; 1, 13, 1, 0; 0.457779343208; 0, 1, 0; 1, 0, 0; 2, 1, 1 ;
1,74; -2.69926, -0.708273, 2.23335 / -2.69926, -0.708273, 2.23335 / -2.69926, -0.708273, 2.23335; 1, 36, 1, 0; 0.166463391070; 1, 0, 1; 0, 1, 0; 1, 1, 2 / 2, 6, 0 ;
0,74; -2.674418, -0.866903, 2.213446 / -2.674418, -0.866903, 2.213446 / -2.674418, -0.866903, 2.213446; 1, 36, 1, 0; 0.165651344994; 1, 0, 1; 1, 0, 0; 3, 1, 2 ;
0,74; -2.697849, -0.708178, 2.230308 / -2.697849, -0.708178, 2.230308 / -2.697849, -0.708178, 2.230308; 1, 36, 1, 0; 0.166463223606; 1, 0, 1; 1, 0, 0; 3, 1, 2 ;
0,74; -2.832536, 0.091545, 2.349831 / -2.832536, 0.091545, 2.349831 / -2.832536, 0.091545, 2.349831; 1, 36, 1, 0; 0.299104788699; 1, 0, 1; 1, 0, 0; 2, 1, 2 ;
1,75; -2.1411, 1.4056, -2.3423 / -2.1411, 1.4056, -2.3423 / -2.1411, 1.4056, -2.3423; 1, 6, 1, 0; 0.226824067022; 1, 0, 1; 1, 0, 0; 3, 1, 2 ;
1,77; -2.47864, -1.56276, -1.38077 / -2.47864, -1.56276, -1.38077 / -2.47864, -1.56276, -1.38077; 1, 9, 1, 0; 0.144424513061; 1, 0, 1; 1, 0, 0; 2, 1, 2 ;
0,77; -1.115476, -0.059985, 0.594852 / -1.115476, -0.059985, 0.594852 / -1.115476, -0.059985, 0.594852; 1, 23, 1, 0; 0.096833368066; 1, 0, 1; 1, 0, 0; 3, 1, 2 ;
1,78; -2.21001, 0.244829, -0.726049 / -2.20945, 0.245595, -0.726009 / -2.21057, 0.244064, -0.726089; 1, 10, 1, 0; 0.336069936286; 1, 0, 2; 2, 0, 0; 2, 8, 2 / 3, 1, 2 ;
0,78; -2.206767, 0.246093, -0.715528 / -2.206055, 0.246144, -0.714655 / -2.207479, 0.246041, -0.716400; 1, 10, 1, 0; 0.336079041390; 1, 0, 2; 2, 0, 0; 2, 10, 2 / 3, 1, 2 / 3, 9, 0 / 4, 8, 0 ;
0,78; -2.206709, 0.246226, -0.717229 / -2.206055, 0.246410, -0.716400 / -2.207362, 0.246041, -0.718058; 1, 10, 1, 0; 0.336079090052; 0, 1, 0; 2, 0, 0; 2, 1, 2 / 3, 3, 0 / 3, 8, 1 ;
1,79; -3.11408, 1.51744, 1.50448 / -3.11408, 1.51744, 1.50448 / -3.11408, 1.51744, 1.50448; 1, 24, 1, 0; 0.539184694332; 1, 0, 1; 1, 0, 0; 2, 1, 2 ;
0,79; -2.962973, 1.654538, 1.954484 / -2.962973, 1.654538, 1.954484 / -2.962973, 1.654538, 1.954484; 1, 29, 1, 0; 0.858315117226; 1, 0, 1; 0, 1, 0; 4, 1, 2 ;
0,79; -2.776633, 1.655342, 2.649396 / -2.776633, 1.655342, 2.649396 / -2.776633, 1.655342, 2.649396; 1, 37, 1, 0; 0.494331132093; 0, 0, 0; 1, 0, 0; 2, 6, 0 / 3, 1, 3 / 3, 10, 0 ;
0,79; -2.778011, 1.662449, 2.643300 / -2.778011, 1.662449, 2.643300 / -2.778011, 1.662449, 2.643300; 1, 37, 1, 0; 0.494361043247; 1, 0, 1; 1, 0, 0; 3, 1, 2 ;
1,84; 3.2374, 2.61143, -0.43276 / 3.2374, 2.61143, -0.43276 / 3.2374, 2.61143, -0.43276; 1, 13, 1, 0; 0.524361125781; 0, 1, 0; 0, 1, 0; 4, 1, 1 ;
0,84; 3.235501, 2.604015, -0.402412 / 3.235501, 2.604015, -0.402412 / 3.235501, 2.604015, -0.402412; 1, 13, 1, 0; 0.524394873840; 1, 0, 1; 0, 1, 0; 4, 1, 2 ;
0,84; 3.235244, 2.611424, -0.428985 / 3.235244, 2.611424, -0.428985 / 3.235244, 2.611424, -0.428985; 1, 13, 1, 0; 0.524371737062; 1, 0, 1; 1, 0, 0; 3, 1, 2 ;
0,84; 0.979229, 1.614084, 1.362208 / 0.979229, 1.614084, 1.362208 / 0.979229, 1.614084, 1.362208; 1, 26, 1, 0; 0.673954824054; 0, 0, 0; 0, 1, 0; 1, 1, 3 ;
0,84; 0.976784, 1.615100, 1.362212 / 0.976784, 1.615100, 1.362212 / 0.976784, 1.615100, 1.362212; 1, 26, 1, 0; 0.673954669753; 1, 0, 1; 1, 0, 0; 1, 9, 0 / 1, 10, 0 / 2, 1, 2 ;
1,85; 0.338584, 0.80366, -2.96438 / 0.338584, 0.80366, -2.96438 / 0.338584, 0.80366, -2.96438; 1, 2, 1, 0; 0.615941772749; 1, 0, 1; 1, 0, 0; 3, 1, 2 ;
0,85; 0.540604, 0.667560, -2.968787 / 0.540604, 0.667560, -2.968787 / 0.540604, 0.667560, -2.968787; 1, 2, 1, 0; 0.616214026244; 1, 0, 1; 1, 0, 0; 2, 1, 2 ;
0,85; -2.176908, 2.303048, -2.831603 / -2.176908, 2.303048, -2.831603 / -2.176908, 2.303048, -2.831603; 1, 2, 1, 0; 0.744603893155; 1, 0, 1; 1, 0, 0; 3, 1, 2 ;
0,85; 2.421359, -1.128450, -2.639774 / 2.421359, -1.128450, -2.639774 / 2.421359, -1.128450, -2.639774; 1, 3, 1, 0; 0.614910250366; 0, 1, 0; 1, 0, 0; 2, 1, 1 ;
0,85; 2.425601, -1.130373, -2.632032 / 2.425601, -1.130373, -2.632032 / 2.425601, -1.130373, -2.632032; 1, 3, 1, 0; 0.614917701294; 1, 0, 1; 1, 0, 0; 2, 1, 2 ;
1,87; -2.557, 0.062926, 2.02215 / -2.557, 0.062926, 2.02215 / -2.557, 0.062926, 2.02215; 1, 30, 1, 0; 0.711900241972; 1, 0, 1; 1, 0, 0; 2, 1, 2 ;
0,87; -2.045761, 0.141045, 2.397722 / -2.045761, 0.141045, 2.397722 / -2.045761, 0.141045, 2.397722; 1, 36, 1, 0; 0.283310506695; 1, 0, 1; 0, 1, 0; 4, 1, 2 ;
0,87; -2.042609, 0.142482, 2.402437 / -2.042609, 0.142482, 2.402437 / -2.042609, 0.142482, 2.402437; 1, 36, 1, 0; 0.283334505582; 1, 0, 1; 0, 1, 0; 1, 1, 2 ;
0,87; -0.202949, 0.684919, 3.775244 / -0.202771, 0.685184, 3.775292 / -0.203126, 0.684655, 3.775195; 1, 46, 1, 0; 0.303794241929; 0, 2, 0; 0, 2, 1; 1, 6, 1 / 4, 1, 1 ;
1,90; 3.18455, 0.208647, -1.16974 / 3.18455, 0.208647, -1.16974 / 3.18455, 0.208647, -1.16974; 1, 11, 1, 0; 0.721998427651; 0, 1, 0; 0, 1, 0; 4, 1, 1 ;
0,90; 3.185451, 0.189597, -1.231585 / 3.186196, 0.190068, -1.231185 / 3.184706, 0.189126, -1.231985; 1, 11, 1, 0; 0.721009455835; 1, 0, 2; 2, 0, 0; 2, 8, 2 / 3, 1, 2 ;
0,90; 3.183019, 0.205456, -1.169073 / 3.183019, 0.205456, -1.169073 / 3.183019, 0.205456, -1.169073; 1, 11, 1, 0; 0.721999114266; 1, 0, 1; 1, 0, 0; 2, 1, 2 ;
1,92; -2.76213, -0.561435, -0.737525 / -2.76213, -0.561435, -0.737525 / -2.76213, -0.561435, -0.737525; 1, 10, 1, 0; 0.387873271436; 1, 0, 1; 0, 1, 0; 1, 1, 2 ;
0,92; -2.759578, -0.562401, -0.737009 / -2.759263, -0.562380, -0.736926 / -2.759893, -0.562422, -0.737092; 1, 10, 1, 0; 0.387873168706; 1, 0, 1; 2, 0, 0; 1, 10, 0 / 2, 1, 3 / 3, 5, 2 / 4, 4, 0 / 4, 5, 0 ;
1,94; 1.94625, -1.32204, 1.61641 / 1.94625, -1.32204, 1.61641 / 1.94625, -1.32204, 1.61641; 1, 27, 1, 0; 0.927588309612; 1, 0, 1; 0, 1, 0; 1, 8, 0 / 4, 1, 2 ;
0,94; -2.776597, 2.351907, 2.574185 / -2.776597, 2.351907, 2.574185 / -2.776597, 2.351907, 2.574185; 1, 37, 1, 0; 0.403190987466; 1, 0, 1; 1, 0, 0; 3, 1, 2 ;
1,96; -2.89937, -0.434193, 0.395481 / -2.89855, -0.433645, 0.396378 / -2.9002, -0.43474, 0.394585; 1, 21, 1, 0; 0.086460243247; 2, 1, 1; 1, 1, 0; 2, 1, 2 / 4, 5, 0 / 4, 10, 1 ;
0,96; -2.907106, -0.427483, 0.375259 / -2.907106, -0.427483, 0.375259 / -2.907106, -0.427483, 0.375259; 1, 21, 1, 0; 0.086445567837; 1, 0, 1; 0, 1, 0; 4, 1, 2 ;
0,96; -2.912422, -0.424343, 0.380716 / -2.912422, -0.424343, 0.380716 / -2.912422, -0.424343, 0.380716; 1, 21, 1, 0; 0.086445036699; 1, 0, 1; 1, 0, 0; 2, 1, 2 ;
0,96; -2.899779, -0.430947, 0.391043 / -2.899779, -0.430947, 0.391043 / -2.899779, -0.430947, 0.391043; 1, 21, 1, 0; 0.086459537488; 1, 0, 1; 1, 0, 0; 2, 1, 2 ;
0,96; -1.375242, -1.523123, 4.096910 / -1.375242, -1.523123, 4.096910 / -1.375242, -1.523123, 4.096910; 1, 46, 1, 0; 0.807576027040; 1, 0, 1; 1, 0, 0; 2, 1, 2 ;
1,98; -1.76106, 2.61564, 0.262746 / -1.76106, 2.61564, 0.262746 / -1.76106, 2.61564, 0.262746; 1, 14, 1, 0; 0.659563626448; 1, 0, 1; 1, 0, 0; 3, 1, 2 ;
1,99; -0.647559, -2.95149, -1.06215 / -0.647559, -2.95149, -1.06215 / -0.647559, -2.95149, -1.06215; 1, 8, 1, 0; 0.864983948348; 1, 0, 1; 1, 0, 0; 3, 1, 2 ;
1,102; 1.37854, 0.561945, 1.53142 / 1.37854, 0.561945, 1.53142 / 1.37854, 0.561945, 1.53142; 1, 26, 1, 0; 0.897772911577; 1, 0, 1; 0, 1, 0; 4, 1, 2 ;
0,102; -2.138215, -1.485854, 2.650583 / -2.138215, -1.485854, 2.650583 / -2.138215, -1.485854, 2.650583; 1, 36, 1, 0; 0.596238989239; 0, 0, 0; 1, 0, 0; 3, 1, 3 ;
1,105; 1.44158, 3.22165, 0.141795 / 1.44162, 3.22166, 0.141804 / 1.44155, 3.22163, 0.141787; 1, 20, 1, 0; 0.204931100910; 2, 1, 1; 2, 0, 0; 2, 1, 1 / 2, 2, 2 ;
1,106; -1.09484, -0.78842, -0.431429 / -1.09484, -0.78842, -0.431429 / -1.09484, -0.78842, -0.431429; 1, 16, 1, 0; 0.206903476062; 1, 0, 1; 0, 1, 0; 1, 1, 2 ;
0,106; -2.312802, -1.656481, 2.532669 / -2.312802, -1.656481, 2.532669 / -2.312802, -1.656481, 2.532669; 1, 36, 1, 0; 0.647205694808; 0, 1, 0; 0, 1, 0; 1, 1, 1 ;
1,107; -1.55664, -0.798538, -1.33867 / -1.55664, -0.798538, -1.33867 / -1.55664, -0.798538, -1.33867; 1, 6, 1, 0; 0.939225882939; 1, 0, 1; 1, 0, 0; 3, 1, 2 ;
0,107; -3.340882, 0.662493, 1.356453 / -3.340882, 0.662493, 1.356453 / -3.340882, 0.662493, 1.356453; 1, 24, 1, 0; 0.587258464763; 0, 1, 0; 0, 1, 0; 1, 1, 1 / 2, 9, 0 / 3, 9, 0 / 3, 10, 0 / 4, 8, 0 ;
0,107; -3.346781, 0.662092, 1.357042 / -3.346781, 0.662092, 1.357042 / -3.346781, 0.662092, 1.357042; 1, 24, 1, 0; 0.587259499349; 1, 0, 1; 1, 0, 0; 3, 1, 2 ;
1,108; -1.45622, -2.90845, -0.348552 / -1.45622, -2.90845, -0.348552 / -1.45622, -2.90845, -0.348552; 1, 9, 1, 0; 0.932638090480; 1, 0, 1; 1, 0, 0; 1, 7, 0 / 2, 1, 2 / 4, 4, 0 ;
1,109; -1.48445, 3.61471, 1.72031 / -1.48445, 3.61471, 1.72031 / -1.48445, 3.61471, 1.72031; 1, 29, 1, 0; 0.485221087044; 1, 0, 1; 1, 0, 0; 3, 1, 2 ;
1,111; -2.94652, 2.30214, -1.7014 / -2.94652, 2.30214, -1.7014 / -2.94652, 2.30214, -1.7014; 1, 6, 1, 0; 0.610856429272; 0, 1, 0; 0, 1, 0; 1, 1, 1 ;
0,111; -2.979749, 2.540117, -1.801329 / -2.979749, 2.540117, -1.801329 / -2.979749, 2.540117, -1.801329; 1, 6, 1, 0; 0.601477052071; 1, 0, 1; 1, 0, 0; 3, 1, 2 ;
1,112; -3.53757, -2.2288, 1.33101 / -3.53757, -2.2288, 1.33101 / -3.53757, -2.2288, 1.33101; 1, 21, 1, 0; 0.896772697772; 1, 0, 1; 0, 1, 0; 4, 1, 2 ;
0,112; -3.540120, -2.226712, 1.336860 / -3.540120, -2.226712, 1.336860 / -3.540120, -2.226712, 1.336860; 1, 21, 1, 0; 0.896770653256; 1, 0, 1; 1, 0, 0; 2, 1, 2 ;
0,112; -3.537538, -2.229230, 1.333045 / -3.537538, -2.229230, 1.333045 / -3.537538, -2.229230, 1.333045; 1, 21, 1, 0; 0.896771810118; 0, 1, 0; 1, 0, 0; 2, 1, 1 ;
0,112; -3.544753, -2.227168, 1.315507 / -3.544753, -2.227168, 1.315507 / -3.544753, -2.227168, 1.315507; 1, 21, 1, 0; 0.896775280703; 1, 0, 1; 1, 0, 0; 1, 4, 0 / 2, 1, 2 ;
0,112; -3.540904, -2.227187, 1.314295 / -3.540904, -2.227187, 1.314295 / -3.540904, -2.227187, 1.314295; 1, 21, 1, 0; 0.896775411668; 1, 0, 1; 1, 0, 0; 3, 1, 2 ;
1,114; 2.08079, 1.292, 2.01469 / 2.08079, 1.292, 2.01469 / 2.08079, 1.292, 2.01469; 1, 28, 1, 0; 0.618266046750; 1, 0, 1; 1, 0, 0; 3, 1, 2 ;
0,114; 2.078587, 1.289583, 2.015101 / 2.078587, 1.289583, 2.015101 / 2.078587, 1.289583, 2.015101; 1, 28, 1, 0; 0.618267179397; 1, 0, 1; 1, 0, 0; 3, 1, 2 / 4, 1, 0 ;
1,115; -1.45493, 0.539285, 3.04897 / -1.45493, 0.539285, 3.04897 / -1.45493, 0.539285, 3.04897; 1, 39, 1, 0; 0.104285195662; 1, 0, 1; 1, 0, 0; 3, 1, 2 / 4, 2, 0 ;
1,117; 3.76001, 1.09858, -2.26192 / 3.76058, 1.09879, -2.26181 / 3.75943, 1.09838, -2.26203; 1, 4, 1, 0; 0.402368242685; 0, 2, 0; 2, 0, 0; 3, 1, 1 / 3, 3, 1 / 4, 3, 0 ;
0,117; 3.763410, 1.093392, -2.253159 / 3.763410, 1.093392, -2.253159 / 3.763410, 1.093392, -2.253159; 1, 4, 1, 0; 0.402366981387; 1, 0, 1; 1, 0, 0; 2, 1, 2 ;
0,117; 3.757515, 1.092459, -2.270505 / 3.757515, 1.092459, -2.270505 / 3.757515, 1.092459, -2.270505; 1, 4, 1, 0; 0.402369024448; 1, 0, 1; 1, 0, 0; 3, 1, 2 ;
1,120; 0.820687, 0.667683, 0.432416 / 0.820687, 0.667683, 0.432416 / 0.820687, 0.667683, 0.432416; 1, 17, 1, 0; 0.781849189145; 1, 0, 1; 0, 1, 0; 1, 1, 2 ;
1,123; 3.11418, 2.17505, 0.773596 / 3.11418, 2.17505, 0.773596 / 3.11418, 2.17505, 0.773596; 1, 20, 1, 0; 0.690730649971; 1, 0, 1; 0, 1, 0; 4, 1, 2 ;
0,123; 3.111169, 2.174335, 0.773177 / 3.111169, 2.174335, 0.773177 / 3.111169, 2.174335, 0.773177; 1, 20, 1, 0; 0.690731532180; 0, 1, 0; 1, 0, 0; 2, 1, 1 ;
0,123; 2.263769, 2.190405, 1.263893 / 2.263922, 2.190872, 1.263915 / 2.263616, 2.189938, 1.263870; 1, 28, 1, 0; 0.137482715626; 2, 1, 1; 1, 1, 0; 2, 2, 1 / 4, 1, 2 ;
0,123; 2.263046, 2.191640, 1.266615 / 2.263206, 2.191986, 1.267210 / 2.262885, 2.191293, 1.266021; 1, 28, 1, 0; 0.137482816920; 1, 0, 2; 2, 0, 0; 2, 6, 2 / 3, 1, 2 ;
1,124; 2.24327, -1.76547, 2.05506 / 2.24327, -1.76547, 2.05506 / 2.24327, -1.76547, 2.05506; 1, 33, 1, 0; 0.172861907506; 0, 0, 0; 1, 0, 0; 2, 1, 3 ;
0,124; -1.295182, 0.862102, 3.619563 / -1.295182, 0.862102, 3.619563 / -1.295182, 0.862102, 3.619563; 1, 44, 1, 0; 0.987658806097; 1, 0, 1; 1, 0, 0; 3, 1, 2 ;
1,126; -1.29893, 2.56232, -0.155038 / -1.29893, 2.56232, -0.155038 / -1.29893, 2.56232, -0.155038; 1, 17, 1, 0; 0.191493880580; 1, 0, 1; 1, 0, 0; 3, 1, 2 ;
1,127; -1.52608, 2.33344, 1.04504 / -1.52543, 2.33387, 1.0453 / -1.52673, 2.33302, 1.04478; 1, 25, 1, 0; 0.898523938108; 2, 1, 2; 3, 0, 0; 2, 1, 2 / 2, 6, 2 / 3, 4, 1 ;
0,127; -1.532606, 2.330405, 1.049634 / -1.532606, 2.330405, 1.049634 / -1.532606, 2.330405, 1.049634; 1, 25, 1, 0; 0.898541022674; 1, 0, 1; 1, 0, 0; 2, 1, 2 ;
1,128; 2.29723, -0.45231, -1.22003 / 2.29723, -0.45231, -1.22003 / 2.29723, -0.45231, -1.22003; 1, 11, 1, 0; 0.655441161661; 1, 0, 1; 1, 0, 0; 3, 1, 2 ;
1,129; 1.91192, 2.48031, -1.22085 / 1.91192, 2.48031, -1.22085 / 1.91192, 2.48031, -1.22085; 1, 11, 1, 0; 0.939830097087; 1, 0, 1; 1, 0, 0; 3, 1, 2 ;
0,129; 0.807231, 4.028514, -0.833904 / 0.807231, 4.028514, -0.833904 / 0.807231, 4.028514, -0.833904; 1, 13, 1, 0; 0.157264954582; 1, 0, 1; 1, 0, 0; 2, 1, 2 ;
1,131; -0.0853219, 3.77234, -2.06828 / -0.0853219, 3.77234, -2.06828 / -0.0853219, 3.77234, -2.06828; 1, 4, 1, 0; 0.896161675875; 1, 0, 1; 0, 1, 0; 1, 1, 2 ;
0,131; 0.410908, -1.145150, -1.386544 / 0.410908, -1.145150, -1.386544 / 0.410908, -1.145150, -1.386544; 1, 8, 1, 0; 0.734612362073; 1, 0, 1; 1, 0, 0; 2, 1, 2 ;
0,131; 0.413348, -1.145734, -1.379206 / 0.413348, -1.145734, -1.379206 / 0.413348, -1.145734, -1.379206; 1, 8, 1, 0; 0.734621377384; 1, 0, 1; 1, 0, 0; 2, 1, 2 ;
1,133; -2.95493, -0.683595, -3.30674 / -2.95493, -0.683595, -3.30674 / -2.95493, -0.683595, -3.30674; 1, 2, 1, 0; 0.469071703072; 1, 0, 1; 1, 0, 0; 3, 1, 2 ;
0,133; -0.805293, -1.103256, -2.913464 / -0.805293, -1.103256, -2.913464 / -0.805293, -1.103256, -2.913464; 1, 5, 1, 0; 0.109830655920; 0, 1, 0; 0, 1, 0; 4, 1, 1 ;
1,138; -2.66116, -0.3381, -3.4651 / -2.66116, -0.3381, -3.4651 / -2.66116, -0.3381, -3.4651; 1, 1, 1, 0; 0.796853208092; 0, 1, 0; 0, 1, 0; 1, 1, 1 ;
0,138; -2.641153, -0.354002, -3.107308 / -2.641153, -0.354002, -3.107308 / -2.641153, -0.354002, -3.107308; 1, 2, 1, 0; 0.422637254018; 1, 0, 1; 1, 0, 0; 2, 1, 2 ;
0,138; -2.609349, -0.410784, -2.431990 / -2.609349, -0.410784, -2.431990 / -2.609349, -0.410784, -2.431990; 1, 5, 1, 0; 0.412547066705; 1, 0, 1; 1, 0, 0; 3, 1, 2 ;
0,138; -2.565371, -0.486460, -1.423216 / -2.564471, -0.486061, -1.423126 / -2.566272, -0.486859, -1.423306; 1, 6, 1, 0; 0.968401775729; 2, 1, 1; 1, 1, 0; 1, 8, 1 / 2, 1, 2 ;
0,138; -2.050372, -1.729899, 3.007294 / -2.050372, -1.729899, 3.007294 / -2.050372, -1.729899, 3.007294; 1, 35, 1, 0; 0.534673342041; 0, 1, 0; 0, 1, 0; 1, 1, 1 ;
1,140; 0.345022, -1.13179, -2.91923 / 0.345045, -1.13177, -2.91909 / 0.344999, -1.13181, -2.91937; 1, 3, 1, 0; 0.336972336061; 2, 1, 1; 1, 1, 0; 2, 3, 0 / 2, 5, 0 / 3, 1, 1 / 4, 1, 2 ;
0,140; -4.445328, 0.494829, 0.457264 / -4.445328, 0.494829, 0.457264 / -4.445328, 0.494829, 0.457264; 1, 24, 1, 0; 0.000107493508; 1, 0, 1; 1, 0, 0; 2, 1, 2 ;
1,141; 2.82859, -1.68268, -0.402903 / 2.82859, -1.68268, -0.402903 / 2.82859, -1.68268, -0.402903; 1, 12, 1, 0; 0.670848295821; 1, 0, 1; 0, 1, 0; 4, 1, 2 ;
1,144; -1.33469, -0.84238, 2.26189 / -1.33469, -0.84238, 2.26189 / -1.33469, -0.84238, 2.26189; 1, 34, 1, 0; 0.135895454625; 1, 0, 1; 1, 0, 0; 3, 1, 2 ;
1,147; 0.405134, -2.37376, -2.29211 / 0.405134, -2.37376, -2.29211 / 0.405134, -2.37376, -2.29211; 1, 3, 1, 0; 0.932758374739; 0, 0, 0; 0, 1, 0; 1, 1, 3 / 1, 2, 0 / 4, 7, 0 ;
0,147; 0.404013, -2.371378, -2.290146 / 0.404013, -2.371378, -2.290146 / 0.404013, -2.371378, -2.290146; 1, 3, 1, 0; 0.932758419065; 1, 0, 1; 1, 0, 0; 3, 1, 2 ;
0,147; 0.502365, -2.286564, -2.067543 / 0.502365, -2.286564, -2.067543 / 0.502365, -2.286564, -2.067543; 1, 5, 1, 0; 0.775503292979; 1, 0, 1; 1, 0, 0; 2, 1, 2 ;
0,147; 1.378785, -1.339634, -0.006390 / 1.378785, -1.339634, -0.006390 / 1.378785, -1.339634, -0.006390; 1, 16, 1, 0; 0.295100329229; 1, 0, 1; 1, 0, 0; 2, 1, 2 ;
1,148; 0.471059, -2.34562, 0.756345 / 0.471059, -2.34562, 0.756345 / 0.471059, -2.34562, 0.756345; 1, 18, 1, 0; 0.526095560317; 1, 0, 1; 0, 1, 0; 4, 1, 2 ;
1,150; 0.780986, -1.06278, 1.62089 / 0.780986, -1.06278, 1.62089 / 0.780986, -1.06278, 1.62089; 1, 27, 1, 0; 0.875043372083; 1, 0, 1; 0, 1, 0; 4, 1, 2 ;
1,154; -3.18891, -0.109128, 0.809817 / -3.18891, -0.109128, 0.809817 / -3.18891, -0.109128, 0.809817; 1, 21, 1, 0; 0.427469041216; 1, 0, 1; 1, 0, 0; 3, 1, 2 ;
0,154; -4.317994, 0.333510, 1.627595 / -4.317994, 0.333510, 1.627595 / -4.317994, 0.333510, 1.627595; 1, 24, 1, 0; 0.824935685687; 0, 0, 0; 1, 0, 0; 2, 1, 3 / 2, 9, 0 ;
1,155; 1.42455, 0.418691, 4.1167 / 1.42455, 0.418691, 4.1167 / 1.42455, 0.418691, 4.1167; 1, 46, 1, 0; 0.631879323704; 0, 1, 0; 0, 1, 0; 1, 1, 1 ;
0,155; 1.421050, 0.417366, 4.114863 / 1.421050, 0.417366, 4.114863 / 1.421050, 0.417366, 4.114863; 1, 46, 1, 0; 0.631890137309; 1, 0, 1; 1, 0, 0; 2, 1, 2 ;
1,156; -0.594087, -2.07905, -0.435151 / -0.593455, -2.07812, -0.434805 / -0.594719, -2.07997, -0.435496; 1, 15, 1, 0; 0.102616100896; 2, 2, 2; 3, 1, 0; 1, 4, 2 / 2, 4, 1 / 2, 6, 0 / 3, 1, 1 / 3, 8, 2 ;
0,156; -0.597177, -2.075507, -0.431319 / -0.597177, -2.075507, -0.431319 / -0.597177, -2.075507, -0.431319; 1, 15, 1, 0; 0.102617366647; 1, 0, 1; 1, 0, 0; 2, 1, 2 ;
0,156; -0.473632, -2.351998, -0.077616 / -0.473632, -2.351998, -0.077616 / -0.473632, -2.351998, -0.077616; 1, 15, 1, 0; 0.454112862179; 1, 0, 1; 1, 0, 0; 2, 1, 2 ;
0,156; -0.481826, -2.348860, -0.076525 / -0.481826, -2.348860, -0.076525 / -0.481826, -2.348860, -0.076525; 1, 15, 1, 0; 0.454113130063; 1, 0, 1; 1, 0, 0; 2, 1, 2 ;
1,157; -1.46087, -0.762589, -1.60005 / -1.46087, -0.762589, -1.60005 / -1.46087, -0.762589, -1.60005; 1, 6, 1, 0; 0.841210584973; 1, 0, 1; 1, 0, 0; 2, 1, 2 ;
0,157; -1.463833, -0.759092, -1.598645 / -1.463833, -0.759092, -1.598645 / -1.463833, -0.759092, -1.598645; 1, 6, 1, 0; 0.841210682993; 1, 0, 1; 1, 0, 0; 3, 1, 2 ;
0,157; -1.880511, -2.641209, 1.449527 / -1.880511, -2.641209, 1.449527 / -1.880511, -2.641209, 1.449527; 1, 21, 1, 0; 0.878920866293; 1, 0, 1; 1, 0, 0; 3, 1, 2 ;
1,159; -1.86249, -3.88339, 0.46198 / -1.86249, -3.88339, 0.46198 / -1.86249, -3.88339, 0.46198; 1, 18, 1, 0; 0.167900119682; 1, 0, 1; 1, 0, 0; 3, 1, 2 ;
1,160; -1.38432, 2.53392, -3.33909 / -1.38432, 2.53392, -3.33909 / -1.38432, 2.53392, -3.33909; 1, 2, 1, 0; 0.176668668065; 1, 0, 1; 1, 0, 0; 2, 1, 2 ;
1,161; -1.45647, -2.64784, 0.270719 / -1.45601, -2.64756, 0.270852 / -1.45693, -2.64812, 0.270585; 1, 16, 1, 0; 0.950605852996; 0, 2, 0; 2, 1, 0; 2, 3, 1 / 2, 5, 3 / 4, 1, 1 / 4, 8, 0 ;
0,161; -2.696410, -3.548892, 0.259151 / -2.696410, -3.548892, 0.259151 / -2.696410, -3.548892, 0.259151; 1, 18, 1, 0; 0.081721841880; 1, 0, 1; 1, 0, 0; 2, 1, 2 ;
1,164; 1.90176, 1.29064, -1.38952 / 1.90176, 1.29064, -1.38952 / 1.90176, 1.29064, -1.38952; 1, 11, 1, 0; 0.265400679978; 1, 0, 1; 0, 1, 0; 1, 1, 2 ;
0,164; 1.896423, 1.288088, -1.394629 / 1.896423, 1.288088, -1.394629 / 1.896423, 1.288088, -1.394629; 1, 11, 1, 0; 0.265400874519; 1, 0, 1; 1, 0, 0; 3, 1, 2 ;
0,164; -3.278817, -0.093509, 3.081526 / -3.278817, -0.093509, 3.081526 / -3.278817, -0.093509, 3.081526; 1, 37, 1, 0; 0.908287287912; 0, 1, 0; 0, 1, 0; 4, 1, 1 ;
1,165; 3.96529, -0.378804, 0.787904 / 3.96529, -0.378804, 0.787904 / 3.96529, -0.378804, 0.787904; 1, 20, 1, 0; 0.992388263147; 0, 1, 0; 0, 1, 0; 4, 1, 1 ;
1,168; 0.375294, -2.29329, 2.19181 / 0.375294, -2.29329, 2.19181 / 0.375294, -2.29329, 2.19181; 1, 33, 1, 0; 0.667013949694; 1, 0, 1; 1, 0, 0; 2, 5, 0 / 3, 1, 2 ;
0,168; -0.487181, -1.066678, 2.790512 / -0.487088, -1.066508, 2.790898 / -0.487275, -1.066848, 2.790127; 1, 35, 1, 0; 0.267990238134; 2, 1, 1; 0, 2, 1; 1, 1, 1 / 4, 4, 2 ;
1,169; 0.987347, -2.40233, -1.1341 / 0.987347, -2.40233, -1.1341 / 0.987347, -2.40233, -1.1341; 1, 8, 1, 0; 0.809825814779; 1, 0, 1; 0, 1, 0; 1, 1, 2 ;
1,171; -1.71041, -3.35257, 1.60996 / -1.71041, -3.35257, 1.60996 / -1.71041, -3.35257, 1.60996; 1, 32, 1, 0; 0.052801314844; 1, 0, 1; 0, 1, 0; 4, 1, 2 ;
1,172; -0.710815, -2.56024, -2.34128 / -0.710815, -2.56024, -2.34128 / -0.710815, -2.56024, -2.34128; 1, 5, 1, 0; 0.564409253667; 1, 0, 1; 0, 1, 0; 1, 1, 2 ;
0,172; -0.714379, -2.560459, -2.345668 / -0.714379, -2.560459, -2.345668 / -0.714379, -2.560459, -2.345668; 1, 5, 1, 0; 0.564408577329; 1, 0, 1; 1, 0, 0; 2, 1, 2 ;
1,175; 1.8137, -1.13605, 0.147634 / 1.8137, -1.13605, 0.147634 / 1.8137, -1.13605, 0.147634; 1, 16, 1, 0; 0.837280971401; 0, 1, 0; 1, 0, 0; 3, 1, 1 ;
1,176; -1.35372, 0.78655, -0.792424 / -1.35339, 0.786742, -0.79224 / -1.35405, 0.786359, -0.792609; 1, 10, 1, 0; 0.277593532781; 2, 1, 2; 1, 2, 1; 1, 3, 1 / 2, 4, 2 / 4, 1, 2 ;
0,176; -2.590193, 0.806696, -0.831142 / -2.590193, 0.806696, -0.831142 / -2.590193, 0.806696, -0.831142; 1, 10, 1, 0; 0.286736452643; 1, 0, 1; 0, 1, 0; 4, 1, 2 ;
0,176; -2.590616, 0.799400, -0.835280 / -2.590616, 0.799400, -0.835280 / -2.590616, 0.799400, -0.835280; 1, 10, 1, 0; 0.286737382618; 1, 0, 1; 1, 0, 0; 2, 1, 2 / 4, 5, 0 / 4, 6, 0 ;
0,176; -2.753335, 0.805010, -0.836886 / -2.753335, 0.805010, -0.836886 / -2.753335, 0.805010, -0.836886; 1, 10, 1, 0; 0.286900436439; 1, 0, 1; 1, 0, 0; 3, 1, 2 ;
1,177; -0.560601, 1.12044, 0.953388 / -0.56053, 1.12078, 0.953519 / -0.560671, 1.1201, 0.953257; 1, 25, 1, 0; 0.756616090180; 2, 1, 1; 1, 1, 0; 1, 1, 1 / 1, 10, 0 / 3, 6, 2 ;
1,178; 0.413684, 3.24931, -0.671762 / 0.414007, 3.24991, -0.671476 / 0.413361, 3.2487, -0.672048; 1, 13, 1, 0; 0.249661922365; 2, 1, 1; 2, 0, 0; 3, 1, 2 / 3, 4, 1 ;
0,178; 0.414757, 3.248822, -0.672581 / 0.414757, 3.248822, -0.672581 / 0.414757, 3.248822, -0.672581; 1, 13, 1, 0; 0.249661854660; 0, 1, 0; 1, 0, 0; 1, 1, 0 / 2, 1, 1 ;
1,180; 1.77252, 1.35267, -0.183646 / 1.77267, 1.35317, -0.183493 / 1.77237, 1.35217, -0.183798; 1, 13, 1, 0; 0.845431738810; 2, 1, 1; 1, 1, 0; 1, 7, 0 / 2, 6, 2 / 4, 1, 1 ;
0,180; -0.552016, 2.228494, -0.519290 / -0.552016, 2.228494, -0.519290 / -0.552016, 2.228494, -0.519290; 1, 13, 1, 0; 0.481268349700; 0, 1, 0; 0, 1, 0; 4, 1, 1 ;
0,180; 1.771466, 1.351068, -0.182264 / 1.771466, 1.351068, -0.182264 / 1.771466, 1.351068, -0.182264; 1, 13, 1, 0; 0.845431646484; 1, 0, 1; 0, 1, 0; 1, 1, 2 ;
0,180; -2.390837, 2.990443, -0.549288 / -2.390837, 2.990443, -0.549288 / -2.390837, 2.990443, -0.549288; 1, 14, 1, 0; 0.204865672505; 1, 0, 1; 1, 0, 0; 3, 1, 2 ;
1,184; 2.50003, -0.451379, -1.71027 / 2.50003, -0.451379, -1.71027 / 2.50003, -0.451379, -1.71027; 1, 4, 1, 0; 0.950609557659; 0, 1, 0; 0, 1, 0; 4, 1, 1 ;
0,184; 2.495781, -0.449128, -1.714079 / 2.495781, -0.449128, -1.714079 / 2.495781, -0.449128, -1.714079; 1, 4, 1, 0; 0.950602618504; 1, 0, 1; 1, 0, 0; 2, 1, 2 ;
0,184; 2.502259, -0.451313, -1.710894 / 2.502259, -0.451313, -1.710894 / 2.502259, -0.451313, -1.710894; 1, 4, 1, 0; 0.950609493184; 1, 0, 1; 1, 0, 0; 2, 1, 2 / 2, 4, 0 / 2, 7, 0 ;
0,184; -1.518240, 1.422106, -2.061875 / -1.518240, 1.422106, -2.061875 / -1.518240, 1.422106, -2.061875; 1, 6, 1, 0; 0.440941466437; 1, 0, 1; 1, 0, 0; 1, 1, 0 / 2, 1, 2 ;
1,186; -2.74168, -1.18224, 1.10247 / -2.74168, -1.18224, 1.10247 / -2.74168, -1.18224, 1.10247; 1, 21, 1, 0; 0.621462171349; 1, 0, 1; 0, 1, 0; 1, 1, 2 ;
0,186; -2.744511, -1.186690, 1.103976 / -2.744511, -1.186690, 1.103976 / -2.744511, -1.186690, 1.103976; 1, 21, 1, 0; 0.621461865763; 1, 0, 1; 1, 0, 0; 2, 1, 2 ;
1,187; -1.52654, 3.28007, -2.03493 / -1.5263, 3.28014, -2.03488 / -1.52679, 3.27999, -2.03499; 1, 6, 1, 0; 0.538670791344; 1, 0, 2; 2, 0, 0; 2, 1, 2 / 3, 1, 2 / 4, 8, 0 ;
0,187; -1.515252, 3.261986, -2.039156 / -1.515252, 3.261986, -2.039156 / -1.515252, 3.261986, -2.039156; 1, 6, 1, 0; 0.538665179705; 1, 0, 1; 1, 0, 0; 3, 1, 2 ;
0,187; -1.516031, 3.261546, -2.045171 / -1.516031, 3.261546, -2.045171 / -1.516031, 3.261546, -2.045171; 1, 6, 1, 0; 0.538665370844; 1, 0, 1; 1, 0, 0; 3, 1, 2 ;
0,187; -1.527182, 3.283556, -2.039138 / -1.527182, 3.283556, -2.039138 / -1.527182, 3.283556, -2.039138; 1, 6, 1, 0; 0.538670683522; 1, 0, 1; 1, 0, 0; 3, 1, 2 ;
0,187; -1.513355, 3.281072, -2.021398 / -1.513355, 3.281072, -2.021398 / -1.513355, 3.281072, -2.021398; 1, 6, 1, 0; 0.538680808978; 1, 0, 1; 1, 0, 0; 2, 1, 2 ;
0,187; -1.217303, 2.661181, -1.802074 / -1.217303, 2.661181, -1.802074 / -1.217303, 2.661181, -1.802074; 1, 6, 1, 0; 0.588514072227; 1, 0, 1; 1, 0, 0; 2, 1, 2 ;
0,187; -0.342132, 1.227056, -0.999314 / -0.342132, 1.227056, -0.999314 / -0.342132, 1.227056, -0.999314; 1, 11, 1, 0; 0.842215283595; 1, 0, 1; 1, 0, 0; 2, 1, 2 ;
0,187; 0.728845, -3.142468, 2.037540 / 0.728845, -3.142468, 2.037540 / 0.728845, -3.142468, 2.037540; 1, 32, 1, 0; 0.516790032475; 0, 1, 0; 0, 1, 0; 1, 1, 1 ;
0,187; 0.844549, -3.455592, 2.265925 / 0.844549, -3.455592, 2.265925 / 0.844549, -3.455592, 2.265925; 1, 32, 1, 0; 0.759514291883; 1, 0, 1; 1, 0, 0; 2, 1, 2 ;
1,189; 1.12503, -1.13717, 1.34114 / 1.12503, -1.13717, 1.34114 / 1.12503, -1.13717, 1.34114; 1, 23, 1, 0; 0.889301403047; 0, 0, 0; 0, 1, 0; 1, 1, 3 ;
0,189; 1.125652, -1.138305, 1.342179 / 1.125652, -1.138305, 1.342179 / 1.125652, -1.138305, 1.342179; 1, 23, 1, 0; 0.889302297225; 0, 1, 0; 1, 0, 0; 3, 1, 1 ;
1,191; 1.88606, -3.39527, 0.985314 / 1.88606, -3.39527, 0.985314 / 1.88606, -3.39527, 0.985314; 1, 22, 1, 0; 0.071445487803; 0, 1, 0; 1, 0, 0; 2, 1, 1 ;
1,192; -3.05255, -1.18781, -0.774244 / -3.05255, -1.18781, -0.774244 / -3.05255, -1.18781, -0.774244; 1, 10, 1, 0; 0.441158581291; 1, 0, 1; 0, 1, 0; 1, 1, 2 ;
0,192; -2.874042, -1.426100, -0.176186 / -2.874042, -1.426100, -0.176186 / -2.874042, -1.426100, -0.176186; 1, 10, 1, 0; 0.841284181990; 0, 1, 0; 1, 0, 0; 1, 1, 0 / 2, 1, 1 ;
1,194; 0.737063, -0.680958, -3.10528 / 0.737063, -0.680958, -3.10528 / 0.737063, -0.680958, -3.10528; 1, 2, 1, 0; 0.449478362745; 1, 0, 1; 1, 0, 0; 3, 1, 2 ;
0,194; 0.729347, -0.394787, -2.740314 / 0.729347, -0.394787, -2.740314 / 0.729347, -0.394787, -2.740314; 1, 2, 1, 0; 0.947075509684; 1, 0, 1; 1, 0, 0; 2, 1, 2 ;
0,194; 0.740116, 0.720223, -0.823399 / 0.740116, 0.720223, -0.823399 / 0.740116, 0.720223, -0.823399; 1, 13, 1, 0; 0.346507915991; 1, 0, 1; 1, 0, 0; 2, 1, 2 / 3, 8, 0 ;
0,194; 0.749487, 0.740104, -0.770101 / 0.749487, 0.740104, -0.770101 / 0.749487, 0.740104, -0.770101; 1, 13, 1, 0; 0.346796679481; 1, 0, 1; 1, 0, 0; 2, 1, 2 ;
0,194; 1.181094, 1.673129, 1.994386 / 1.181094, 1.673129, 1.994386 / 1.181094, 1.673129, 1.994386; 1, 31, 1, 0; 0.204630585555; 1, 0, 1; 1, 0, 0; 3, 1, 2 ;
1,196; 0.048412, -2.11854, -2.00575 / 0.048412, -2.11854, -2.00575 / 0.048412, -2.11854, -2.00575; 1, 5, 1, 0; 0.828168135495; 1, 0, 1; 1, 0, 0; 3, 1, 2 ;
0,196; -0.032876, -1.098884, -1.951954 / -0.032876, -1.098884, -1.951954 / -0.032876, -1.098884, -1.951954; 1, 5, 1, 0; 0.920519642698; 1, 0, 1; 1, 0, 0; 3, 1, 2 ;
0,196; 0.034691, 1.329841, -1.679857 / 0.034691, 1.329841, -1.679857 / 0.034691, 1.329841, -1.679857; 1, 7, 1, 0; 0.013285510764; 1, 0, 1; 1, 0, 0; 3, 1, 2 ;
1,197; 1.04439, 1.06638, 1.73925 / 1.04439, 1.06638, 1.73925 / 1.04439, 1.06638, 1.73925; 1, 27, 1, 0; 0.417315921882; 1, 0, 1; 1, 0, 0; 2, 1, 2 ;
