1,1; 1.68169, 1.8793, 0.339252 / 1.68169, 1.8793, 0.339252 / 1.68169, 1.8793, 0.339252; 1, 20, 1, 0; 0.439212259526; 1, 0, 1; 1, 0, 0; 3, 1, 2 ;
0,1; 1.177434, 1.933146, 2.300341 / 1.177434, 1.933146, 2.300341 / 1.177434, 1.933146, 2.300341; 1, 31, 1, 0; 0.489347865361; 1, 0, 1; 1, 0, 0; 3, 1, 2 ;
1,2; 0.745702, 3.04596, 0.404172 / 0.745702, 3.04596, 0.404172 / 0.745702, 3.04596, 0.404172; 1, 25, 1, 0; 0.100251596588; 1, 0, 1; 1, 0, 0; 3, 1, 2 ;
0,2; 2.114788, 1.955423, 1.718703 / 2.114788, 1.955423, 1.718703 / 2.114788, 1.955423, 1.718703; 1, 28, 1, 0; 0.272387739053; 1, 0, 1; 1, 0, 0; 3, 1, 2 ;
0,2; 3.122683, 1.325828, 2.955903 / 3.122683, 1.325828, 2.955903 / 3.122683, 1.325828, 2.955903; 1, 39, 1, 0; 0.507466320918; 1, 0, 1; 1, 0, 0; 3, 1, 2 ;
1,4; 0.331883, -3.5161, -0.251337 / 0.331883, -3.5161, -0.251337 / 0.331883, -3.5161, -0.251337; 1, 15, 1, 0; 0.298509688022; 1, 0, 1; 0, 1, 0; 1, 1, 2 ;
0,4; 0.635572, -3.216139, 0.095363 / 0.635657, -3.216060, 0.095450 / 0.635486, -3.216219, 0.095276; 1, 15, 1, 0; 0.832635515784; 2, 1, 1; 2, 0, 0; 3, 1, 1 / 3, 2, 2 ;
0,4; 0.622053, -3.229210, 0.078552 / 0.622053, -3.229210, 0.078552 / 0.622053, -3.229210, 0.078552; 1, 15, 1, 0; 0.832620621437; 1, 0, 1; 1, 0, 0; 2, 1, 0 / 3, 1, 2 ;
0,4; 2.948109, -0.843636, 2.880637 / 2.948109, -0.843636, 2.880637 / 2.948109, -0.843636, 2.880637; 1, 36, 1, 0; 0.927328587660; 1, 0, 1; 1, 0, 0; 3, 1, 2 ;
1,6; -1.45603, -1.51044, -1.21945 / -1.45603, -1.51044, -1.21945 / -1.45603, -1.51044, -1.21945; 1, 10, 1, 0; 0.085319240967; 1, 0, 1; 1, 0, 0; 2, 1, 2 ;
0,6; -1.181011, 0.823262, 1.369714 / -1.181011, 0.823262, 1.369714 / -1.181011, 0.823262, 1.369714; 1, 26, 1, 0; 0.885132536111; 1, 0, 1; 1, 0, 0; 3, 1, 2 ;
0,6; -1.046802, 1.371621, 1.977933 / -1.046802, 1.371621, 1.977933 / -1.046802, 1.371621, 1.977933; 1, 29, 1, 0; 0.908304791518; 0, 1, 0; 0, 1, 0; 4, 1, 1 ;
1,8; -2.63808, -0.520928, -2.06149 / -2.63808, -0.520928, -2.06149 / -2.63808, -0.520928, -2.06149; 1, 5, 1, 0; 0.974437297160; 0, 1, 0; 0, 1, 0; 4, 1, 1 ;
1,9; -3.69143, 0.698376, -1.66585 / -3.69143, 0.698376, -1.66585 / -3.69143, 0.698376, -1.66585; 1, 6, 1, 0; 0.723736214726; 1, 0, 1; 1, 0, 0; 2, 1, 2 ;
1,10; -1.10518, 1.46122, -4.03225 / -1.10518, 1.46122, -4.03225 / -1.10518, 1.46122, -4.03225; 1, 1, 1, 0; 0.090402249477; 1, 0, 1; 0, 1, 0; 1, 1, 2 ;
1,12; -2.38134, -0.774384, -3.16573 / -2.3806, -0.773324, -3.165 / -2.38208, -0.775444, -3.16646; 1, 2, 1, 0; 0.465804233947; 1, 0, 2; 1, 1, 0; 2, 10, 2 / 4, 1, 2 ;
0,12; -2.212951, -0.986540, -2.974126 / -2.212951, -0.986540, -2.974126 / -2.212951, -0.986540, -2.974126; 1, 5, 1, 0; 0.098754108259; 1, 0, 1; 0, 1, 0; 1, 1, 2 ;
1,15; -0.495896, -0.794723, 1.43124 / -0.495896, -0.794723, 1.43124 / -0.495896, -0.794723, 1.43124; 1, 23, 1, 0; 0.864679566479; 0, 1, 0; 1, 0, 0; 3, 1, 1 ;
1,17; 3.29465, 0.578282, -0.83259 / 3.29465, 0.578282, -0.83259 / 3.29465, 0.578282, -0.83259; 1, 12, 1, 0; 0.409087150913; 1, 0, 1; 1, 0, 0; 2, 1, 2 ;
0,17; -2.514798, 1.956294, 0.778379 / -2.514798, 1.956294, 0.778379 / -2.514798, 1.956294, 0.778379; 1, 24, 1, 0; 0.149615762069; 1, 0, 1; 1, 0, 0; 2, 1, 2 ;
1,22; -1.88856, -0.628895, -0.109409 / -1.88843, -0.6284, -0.109355 / -1.88869, -0.629389, -0.109464; 1, 10, 1, 0; 0.784357825199; 1, 0, 2; 1, 1, 0; 1, 2, 2 / 2, 1, 2 ;
0,22; -1.890293, -0.628826, -0.117001 / -1.890293, -0.628826, -0.117001 / -1.890293, -0.628826, -0.117001; 1, 10, 1, 0; 0.784348028020; 1, 0, 1; 0, 1, 0; 1, 1, 2 ;
0,22; -1.882628, -0.633154, -0.122181 / -1.882628, -0.633154, -0.122181 / -1.882628, -0.633154, -0.122181; 1, 10, 1, 0; 0.784348292955; 1, 0, 1; 0, 1, 0; 1, 1, 2 ;
0,22; -1.868043, -0.641916, -0.135062 / -1.868043, -0.641916, -0.135062 / -1.868043, -0.641916, -0.135062; 1, 10, 1, 0; 0.784333883749; 1, 0, 1; 1, 0, 0; 2, 1, 2 ;
0,22; -1.735114, 0.904968, 0.209532 / -1.735114, 0.904968, 0.209532 / -1.735114, 0.904968, 0.209532; 1, 14, 1, 0; 0.796115304742; 1, 0, 1; 1, 0, 0; 3, 1, 2 ;
1,23; -0.901855, -1.52129, -0.564144 / -0.901594, -1.5209, -0.563812 / -0.902116, -1.52168, -0.564477; 1, 16, 1, 0; 0.241895138175; 2, 2, 1; 1, 2, 1; 1, 6, 1 / 3, 2, 2 / 4, 1, 1 ;
0,23; -0.900435, -1.520881, -0.570095 / -0.900432, -1.520853, -0.570075 / -0.900438, -1.520908, -0.570116; 1, 16, 1, 0; 0.241883398161; 0, 2, 0; 1, 1, 0; 1, 1, 1 / 2, 1, 1 ;
0,23; -0.901751, -1.525282, -0.562105 / -0.901751, -1.525282, -0.562105 / -0.901751, -1.525282, -0.562105; 1, 16, 1, 0; 0.241896035586; 1, 0, 1; 1, 0, 0; 2, 1, 2 ;
0,23; 0.042607, 3.148580, 1.038289 / 0.042621, 3.148787, 1.038614 / 0.042592, 3.148372, 1.037964; 1, 26, 1, 0; 0.448482156787; 1, 0, 2; 1, 1, 0; 3, 1, 2 / 3, 2, 0 / 4, 2, 2 ;
0,23; 0.127206, 3.545038, 1.178263 / 0.127206, 3.545038, 1.178263 / 0.127206, 3.545038, 1.178263; 1, 26, 1, 0; 0.515834606318; 1, 0, 1; 0, 1, 0; 4, 1, 2 ;
0,23; 0.042728, 3.150395, 1.038356 / 0.042728, 3.150395, 1.038356 / 0.042728, 3.150395, 1.038356; 1, 26, 1, 0; 0.448482259655; 1, 0, 1; 1, 0, 0; 3, 1, 2 ;
1,25; -0.163313, 2.1216, -1.15372 / -0.163313, 2.1216, -1.15372 / -0.163313, 2.1216, -1.15372; 1, 7, 1, 0; 0.615107314419; 1, 0, 1; 1, 0, 0; 3, 1, 2 ;
0,25; -1.432263, 2.090052, 1.293433 / -1.432137, 2.090235, 1.293457 / -1.432388, 2.089869, 1.293409; 1, 26, 1, 0; 0.641648776306; 2, 1, 1; 1, 1, 0; 1, 1, 2 / 2, 1, 1 ;
1,28; -0.304512, -0.293293, -1.71878 / -0.304512, -0.293293, -1.71878 / -0.304512, -0.293293, -1.71878; 1, 4, 1, 0; 0.916538699291; 1, 0, 1; 0, 1, 0; 4, 1, 2 ;
0,28; 0.443559, 2.622085, 3.608438 / 0.443559, 2.622085, 3.608438 / 0.443559, 2.622085, 3.608438; 1, 45, 1, 0; 0.696677079835; 1, 0, 1; 0, 1, 0; 1, 1, 2 ;
0,28; 0.446714, 2.619060, 3.616581 / 0.446714, 2.619060, 3.616581 / 0.446714, 2.619060, 3.616581; 1, 45, 1, 0; 0.696708319342; 1, 0, 1; 0, 1, 0; 1, 1, 2 ;
1,31; -3.26138, -2.38974, 1.93734 / -3.26138, -2.38974, 1.93734 / -3.26138, -2.38974, 1.93734; 1, 32, 1, 0; 0.288346750563; 0, 1, 0; 1, 0, 0; 2, 1, 1 ;
1,32; 0.0362891, -3.52711, -2.41689 / 0.0362891, -3.52711, -2.41689 / 0.0362891, -3.52711, -2.41689; 1, 3, 1, 0; 0.996711344028; 1, 0, 1; 0, 1, 0; 2, 3, 0 / 4, 1, 2 ;
0,32; -0.530338, -2.723603, -1.191213 / -0.530154, -2.722949, -1.190811 / -0.530523, -2.724256, -1.191614; 1, 8, 1, 0; 0.859692482263; 2, 1, 1; 1, 1, 0; 2, 7, 2 / 4, 1, 1 ;
0,32; -1.439420, -1.452993, 0.809849 / -1.439239, -1.452916, 0.810040 / -1.439602, -1.453071, 0.809657; 1, 21, 1, 0; 0.279842099289; 0, 3, 0; 2, 1, 0; 1, 5, 0 / 3, 1, 1 / 3, 2, 1 / 4, 2, 1 / 4, 9, 0 ;
0,32; -1.504796, -1.462388, 0.835188 / -1.504796, -1.462388, 0.835188 / -1.504796, -1.462388, 0.835188; 1, 21, 1, 0; 0.278888459613; 0, 1, 0; 1, 0, 0; 2, 1, 1 / 2, 7, 0 ;
0,32; -1.489288, -1.456306, 0.826387 / -1.489288, -1.456306, 0.826387 / -1.489288, -1.456306, 0.826387; 1, 21, 1, 0; 0.278891879267; 1, 0, 1; 1, 0, 0; 2, 1, 2 ;
1,33; 0.898675, 3.52557, -2.61504 / 0.898675, 3.52557, -2.61504 / 0.898675, 3.52557, -2.61504; 1, 4, 1, 0; 0.204704686952; 0, 1, 0; 1, 0, 0; 1, 7, 0 / 2, 1, 1 ;
1,35; -0.113543, -0.905015, -2.05999 / -0.113543, -0.905015, -2.05999 / -0.113543, -0.905015, -2.05999; 1, 4, 1, 0; 0.509805062924; 0, 1, 0; 1, 0, 0; 1, 1, 0 / 3, 1, 1 / 3, 2, 0 ;
0,35; -2.845960, -0.682480, -1.979581 / -2.845960, -0.682480, -1.979581 / -2.845960, -0.682480, -1.979581; 1, 5, 1, 0; 0.949112816984; 0, 1, 0; 1, 0, 0; 1, 1, 0 / 2, 1, 1 ;
1,36; 0.418906, 0.566225, 0.761091 / 0.418906, 0.566225, 0.761091 / 0.418906, 0.566225, 0.761091; 1, 23, 1, 0; 0.155424564624; 1, 0, 1; 1, 0, 0; 2, 1, 2 ;
1,37; -0.833496, 4.10583, 0.759636 / -0.833496, 4.10583, 0.759636 / -0.833496, 4.10583, 0.759636; 1, 25, 1, 0; 0.362358492992; 1, 0, 1; 0, 1, 0; 4, 1, 2 ;
1,38; -1.10133, 3.23737, -0.144793 / -1.10112, 3.23794, -0.144473 / -1.10154, 3.23679, -0.145112; 1, 17, 1, 0; 0.242087368077; 2, 1, 1; 2, 0, 0; 2, 8, 1 / 3, 1, 2 / 4, 9, 0 ;
0,38; -1.103620, 3.241241, -0.143437 / -1.103620, 3.241241, -0.143437 / -1.103620, 3.241241, -0.143437; 1, 17, 1, 0; 0.242087151868; 1, 0, 1; 1, 0, 0; 2, 1, 2 ;
0,38; 0.133352, 3.064956, 1.085800 / 0.133352, 3.064956, 1.085800 / 0.133352, 3.064956, 1.085800; 1, 25, 1, 0; 0.948706416356; 1, 0, 1; 1, 0, 0; 2, 1, 2 ;
0,38; 2.298057, 2.643246, 3.058527 / 2.298057, 2.643246, 3.058527 / 2.298057, 2.643246, 3.058527; 1, 40, 1, 0; 0.045740892661; 0, 1, 0; 0, 1, 0; 1, 1, 1 / 1, 9, 0 ;
1,39; 1.68693, 2.59858, -0.442255 / 1.68693, 2.59858, -0.442255 / 1.68693, 2.59858, -0.442255; 1, 13, 1, 0; 0.537406680429; 1, 0, 1; 1, 0, 0; 2, 1, 2 ;
0,39; 1.685353, 2.593626, -0.438108 / 1.685353, 2.593626, -0.438108 / 1.685353, 2.593626, -0.438108; 1, 13, 1, 0; 0.537418251896; 1, 0, 1; 1, 0, 0; 3, 1, 2 ;
1,42; 0.995624, -1.79121, -1.13754 / 0.995624, -1.79121, -1.13754 / 0.995624, -1.79121, -1.13754; 1, 9, 1, 0; 0.438820618628; 1, 0, 1; 1, 0, 0; 3, 1, 2 ;
1,45; 1.596, 3.43445, -0.291645 / 1.59621, 3.43506, -0.291109 / 1.59579, 3.43384, -0.292181; 1, 20, 1, 0; 0.117214149767; 1, 0, 2; 2, 0, 0; 3, 1, 2 / 3, 6, 2 ;
0,45; -0.608961, 2.296821, 0.495543 / -0.608961, 2.296821, 0.495543 / -0.608961, 2.296821, 0.495543; 1, 25, 1, 0; 0.047762693412; 1, 0, 1; 1, 0, 0; 2, 1, 2 ;
0,45; -0.627612, 2.290264, 0.501803 / -0.627612, 2.290264, 0.501803 / -0.627612, 2.290264, 0.501803; 1, 25, 1, 0; 0.053686040033; 1, 0, 1; 1, 0, 0; 2, 1, 2 ;
1,47; 3.54089, 1.22206, 1.43113 / 3.54089, 1.22206, 1.43113 / 3.54089, 1.22206, 1.43113; 1, 26, 1, 0; 0.828748592002; 1, 0, 1; 1, 0, 0; 3, 1, 2 / 3, 2, 0 ;
0,47; -1.099697, 3.570310, 1.888548 / -1.099697, 3.570310, 1.888548 / -1.099697, 3.570310, 1.888548; 1, 29, 1, 0; 0.582814544441; 1, 0, 1; 0, 1, 0; 1, 1, 2 / 4, 8, 0 ;
0,47; -1.103752, 3.573300, 1.885539 / -1.103752, 3.573300, 1.885539 / -1.103752, 3.573300, 1.885539; 1, 29, 1, 0; 0.582814310652; 1, 0, 1; 1, 0, 0; 2, 1, 2 ;
1,48; 1.19079, 3.52489, -2.66187 / 1.19079, 3.52489, -2.66187 / 1.19079, 3.52489, -2.66187; 1, 4, 1, 0; 0.203056057254; 0, 1, 0; 1, 0, 0; 3, 1, 1 ;
0,48; 0.449953, -0.105148, 0.065025 / 0.450287, -0.104460, 0.065802 / 0.449618, -0.105836, 0.064248; 1, 16, 1, 0; 0.714337395793; 2, 2, 2; 2, 2, 0; 1, 2, 2 / 1, 4, 1 / 3, 1, 2 / 3, 10, 1 ;
0,48; 0.447804, -0.101355, 0.072046 / 0.447804, -0.101355, 0.072046 / 0.447804, -0.101355, 0.072046; 1, 16, 1, 0; 0.714336324257; 1, 0, 1; 0, 1, 0; 1, 1, 2 ;
0,48; 0.449953, -0.105345, 0.065021 / 0.450287, -0.104854, 0.065802 / 0.449618, -0.105836, 0.064240; 1, 16, 1, 0; 0.714337402490; 1, 0, 1; 2, 2, 0; 1, 1, 2 / 1, 3, 1 / 3, 9, 1 / 3, 10, 2 ;
0,48; 0.147577, -2.388895, 1.655304 / 0.147577, -2.388895, 1.655304 / 0.147577, -2.388895, 1.655304; 1, 22, 1, 0; 0.906496360615; 0, 0, 0; 1, 0, 0; 2, 1, 3 ;
1,49; -1.54194, -1.11154, -1.04897 / -1.54194, -1.11154, -1.04897 / -1.54194, -1.11154, -1.04897; 1, 10, 1, 0; 0.128749616115; 1, 0, 1; 1, 0, 0; 3, 1, 2 ;
0,49; 1.031609, 1.018913, 0.800033 / 1.031815, 1.019616, 0.800386 / 1.031403, 1.018210, 0.799679; 1, 26, 1, 0; 0.086053439630; 2, 1, 1; 3, 0, 0; 2, 7, 2 / 3, 1, 1 / 3, 4, 3 ;
0,49; 1.030343, 1.015958, 0.811383 / 1.030343, 1.015958, 0.811383 / 1.030343, 1.015958, 0.811383; 1, 26, 1, 0; 0.086069864129; 1, 0, 1; 1, 0, 0; 3, 1, 2 ;
1,51; 2.25938, 1.16747, -3.19467 / 2.25938, 1.16747, -3.19467 / 2.25938, 1.16747, -3.19467; 1, 3, 1, 0; 0.219833641606; 1, 0, 1; 1, 0, 0; 3, 1, 2 ;
1,52; 1.43671, -1.13105, -3.0023 / 1.43671, -1.13105, -3.0023 / 1.43671, -1.13105, -3.0023; 1, 3, 1, 0; 0.332797346035; 1, 0, 1; 0, 1, 0; 4, 1, 2 ;
0,52; -2.064877, 1.333392, 1.666151 / -2.064877, 1.333392, 1.666151 / -2.064877, 1.333392, 1.666151; 1, 24, 1, 0; 0.901702766336; 1, 0, 1; 1, 0, 0; 2, 1, 2 ;
1,54; -2.1323, -3.29174, -0.135244 / -2.1323, -3.29174, -0.135244 / -2.1323, -3.29174, -0.135244; 1, 10, 1, 0; 0.959010841779; 0, 1, 0; 0, 1, 0; 4, 1, 1 ;
0,54; -2.985231, 1.499333, 2.012804 / -2.985231, 1.499333, 2.012804 / -2.985231, 1.499333, 2.012804; 1, 29, 1, 0; 0.882579809929; 1, 0, 1; 1, 0, 0; 3, 1, 2 ;
1,55; -0.0772028, 2.38471, -0.797916 / -0.0772028, 2.38471, -0.797916 / -0.0772028, 2.38471, -0.797916; 1, 7, 1, 0; 0.864385588388; 1, 0, 1; 1, 0, 0; 1, 4, 0 / 2, 1, 2 / 2, 5, 0 / 4, 9, 0 ;
0,55; -0.079140, 2.383333, -0.798155 / -0.079140, 2.383333, -0.798155 / -0.079140, 2.383333, -0.798155; 1, 7, 1, 0; 0.864385659979; 1, 0, 1; 1, 0, 0; 2, 1, 2 ;
0,55; -2.282167, -1.377796, 2.881414 / -2.282167, -1.377796, 2.881414 / -2.282167, -1.377796, 2.881414; 1, 35, 1, 0; 0.338896759699; 0, 1, 0; 0, 1, 0; 4, 1, 1 ;
0,55; -2.281604, -1.376153, 2.880065 / -2.281604, -1.376153, 2.880065 / -2.281604, -1.376153, 2.880065; 1, 35, 1, 0; 0.338895239641; 1, 0, 1; 1, 0, 0; 3, 1, 2 ;
1,57; -2.04455, 2.64801, -1.20571 / -2.04455, 2.64801, -1.20571 / -2.04455, 2.64801, -1.20571; 1, 7, 1, 0; 0.674718024793; 1, 0, 1; 1, 0, 0; 2, 1, 2 ;
0,57; -0.477864, 2.641773, -0.631860 / -0.477226, 2.641964, -0.631772 / -0.478503, 2.641582, -0.631948; 1, 13, 1, 0; 0.310345531383; 1, 0, 2; 1, 1, 0; 1, 1, 2 / 3, 6, 2 ;
0,57; 3.460501, 2.371965, 1.057095 / 3.460501, 2.371965, 1.057095 / 3.460501, 2.371965, 1.057095; 1, 26, 1, 0; 0.346934722044; 1, 0, 1; 1, 0, 0; 3, 1, 2 ;
1,58; 1.81677, 1.18493, 2.98988 / 1.81677, 1.18493, 2.98988 / 1.81677, 1.18493, 2.98988; 1, 39, 1, 0; 0.470201021531; 0, 1, 0; 1, 0, 0; 2, 1, 1 ;
0,58; 2.091645, 1.375229, 3.833617 / 2.091645, 1.375229, 3.833617 / 2.091645, 1.375229, 3.833617; 1, 46, 1, 0; 0.369429653421; 0, 1, 0; 0, 1, 0; 4, 1, 1 ;
1,59; 1.47574, 3.23259, 1.05993 / 1.47574, 3.23259, 1.05993 / 1.47574, 3.23259, 1.05993; 1, 26, 1, 0; 0.464704830483; 1, 0, 1; 1, 0, 0; 2, 3, 0 / 3, 1, 2 / 4, 1, 0 ;
0,59; 1.330109, 1.076606, 1.807464 / 1.330109, 1.076606, 1.807464 / 1.330109, 1.076606, 1.807464; 1, 27, 1, 0; 0.420380210175; 1, 0, 1; 1, 0, 0; 2, 1, 2 ;
1,60; -3.9295, -0.136256, -0.591108 / -3.9295, -0.136256, -0.591108 / -3.9295, -0.136256, -0.591108; 1, 10, 1, 0; 0.658389548162; 0, 0, 0; 1, 0, 0; 1, 1, 0 / 2, 1, 3 / 3, 1, 0 ;
0,60; -3.717482, 0.738636, -0.444875 / -3.717482, 0.738636, -0.444875 / -3.717482, 0.738636, -0.444875; 1, 10, 1, 0; 0.721916029742; 1, 0, 1; 1, 0, 0; 2, 1, 2 ;
1,61; 2.48721, 0.176518, 1.97079 / 2.48721, 0.176518, 1.97079 / 2.48721, 0.176518, 1.97079; 1, 28, 1, 0; 0.754277417418; 1, 0, 1; 1, 0, 0; 3, 1, 2 ;
1,64; 0.944235, -0.431562, 1.94649 / 0.944235, -0.431562, 1.94649 / 0.944235, -0.431562, 1.94649; 1, 31, 1, 0; 0.168633899104; 1, 0, 1; 1, 0, 0; 3, 1, 2 ;
0,64; 0.945031, -0.432332, 1.951608 / 0.945031, -0.432332, 1.951608 / 0.945031, -0.432332, 1.951608; 1, 31, 1, 0; 0.168634119420; 1, 0, 1; 1, 0, 0; 3, 1, 2 ;
1,65; 3.55378, -0.753442, -2.46472 / 3.55378, -0.753442, -2.46472 / 3.55378, -0.753442, -2.46472; 1, 3, 1, 0; 0.823996768175; 1, 0, 1; 1, 0, 0; 3, 1, 2 ;
1,66; -1.71999, -3.8312, 0.894496 / -1.71999, -3.8312, 0.894496 / -1.71999, -3.8312, 0.894496; 1, 18, 1, 0; 0.757010885788; 1, 0, 1; 1, 0, 0; 3, 1, 2 ;
1,67; 2.4271, 0.699917, -0.784276 / 2.4271, 0.699917, -0.784276 / 2.4271, 0.699917, -0.784276; 1, 12, 1, 0; 0.380398156667; 1, 0, 1; 1, 0, 0; 2, 1, 2 ;
0,67; 0.317177, 0.979791, 2.952080 / 0.317177, 0.979791, 2.952080 / 0.317177, 0.979791, 2.952080; 1, 39, 1, 0; 0.440736633663; 1, 0, 1; 1, 0, 0; 3, 1, 2 ;
0,67; -0.495668, 1.143435, 4.005386 / -0.495668, 1.143435, 4.005386 / -0.495668, 1.143435, 4.005386; 1, 46, 1, 0; 0.342832494663; 1, 0, 1; 1, 0, 0; 3, 1, 2 ;
0,67; -0.499379, 1.139459, 4.001402 / -0.499379, 1.139459, 4.001402 / -0.499379, 1.139459, 4.001402; 1, 46, 1, 0; 0.342833335229; 1, 0, 1; 1, 0, 0; 3, 1, 2 ;
1,68; 1.83533, 2.15588, 0.785004 / 1.83533, 2.15588, 0.785004 / 1.83533, 2.15588, 0.785004; 1, 20, 1, 0; 0.717692762703; 1, 0, 1; 0, 1, 0; 4, 1, 2 ;
0,68; -1.054394, 2.979124, 1.379696 / -1.054160, 2.979733, 1.380286 / -1.054628, 2.978515, 1.379106; 1, 29, 1, 0; 0.173692775122; 2, 1, 2; 1, 2, 0; 1, 1, 2 / 1, 2, 1 / 3, 2, 2 ;
1,69; -3.3226, 1.18901, -1.71997 / -3.3226, 1.18901, -1.71997 / -3.3226, 1.18901, -1.71997; 1, 6, 1, 0; 0.691431835491; 1, 0, 1; 0, 1, 0; 1, 1, 2 ;
0,69; -3.271869, 0.524809, -1.786900 / -3.271869, 0.524809, -1.786900 / -3.271869, 0.524809, -1.786900; 1, 6, 1, 0; 0.736903007349; 1, 0, 1; 1, 0, 0; 2, 1, 2 ;
1,70; -1.98921, -0.47923, -0.473054 / -1.98921, -0.47923, -0.473054 / -1.98921, -0.47923, -0.473054; 1, 10, 1, 0; 0.634897951460; 1, 0, 1; 1, 0, 0; 3, 1, 2 ;
0,70; -3.172314, -2.250299, 0.799100 / -3.172314, -2.250299, 0.799100 / -3.172314, -2.250299, 0.799100; 1, 18, 1, 0; 0.560645963582; 1, 0, 1; 1, 0, 0; 3, 1, 2 ;
1,73; -1.81306, 1.34992, 2.0653 / -1.81306, 1.34992, 2.0653 / -1.81306, 1.34992, 2.0653; 1, 29, 1, 0; 0.898217568510; 1, 0, 1; 1, 0, 0; 3, 1, 2 ;
0,73; -2.060151, 2.102128, 2.320403 / -2.059728, 2.102242, 2.320713 / -2.060573, 2.102014, 2.320094; 1, 37, 1, 0; 0.185617281116; 2, 1, 1; 2, 0, 0; 2, 5, 1 / 3, 1, 2 ;
0,73; -2.060730, 2.098260, 2.322075 / -2.060730, 2.098260, 2.322075 / -2.060730, 2.098260, 2.322075; 1, 37, 1, 0; 0.185619255803; 1, 0, 1; 1, 0, 0; 3, 1, 2 ;
1,75; 4.19859, -1.55898, -0.49494 / 4.19865, -1.55874, -0.494385 / 4.19854, -1.55921, -0.495494; 1, 12, 1, 0; 0.681934789873; 2, 1, 2; 3, 0, 0; 3, 1, 2 / 3, 4, 1 / 3, 5, 2 ;
0,75; 4.190495, -1.557124, -0.490076 / 4.190495, -1.557124, -0.490076 / 4.190495, -1.557124, -0.490076; 1, 12, 1, 0; 0.681945913038; 1, 0, 1; 1, 0, 0; 2, 1, 2 ;
0,75; 3.217120, -1.536625, 0.313718 / 3.217120, -1.536625, 0.313718 / 3.217120, -1.536625, 0.313718; 1, 19, 1, 0; 0.445366109573; 1, 0, 1; 0, 1, 0; 1, 1, 2 ;
0,75; 0.100978, -1.137763, 2.674639 / 0.100978, -1.137763, 2.674639 / 0.100978, -1.137763, 2.674639; 1, 34, 1, 0; 0.564382653685; 1, 0, 1; 1, 0, 0; 3, 1, 2 ;
1,76; 2.59556, -0.118699, -1.23153 / 2.59556, -0.118699, -1.23153 / 2.59556, -0.118699, -1.23153; 1, 11, 1, 0; 0.713707515689; 1, 0, 1; 1, 0, 0; 3, 1, 2 ;
0,76; 3.619102, 0.849344, -1.679747 / 3.619250, 0.849868, -1.679527 / 3.618954, 0.848821, -1.679967; 1, 12, 1, 0; 0.015771000124; 2, 1, 1; 1, 1, 0; 2, 4, 2 / 4, 1, 1 ;
0,76; 3.618490, 0.848971, -1.682150 / 3.618490, 0.848971, -1.682150 / 3.618490, 0.848971, -1.682150; 1, 12, 1, 0; 0.015760472025; 1, 0, 1; 0, 1, 0; 4, 1, 2 ;
0,76; -0.095051, -3.045345, 0.190133 / -0.095051, -3.045345, 0.190133 / -0.095051, -3.045345, 0.190133; 1, 15, 1, 0; 0.810470451063; 1, 0, 1; 1, 0, 0; 3, 1, 2 ;
0,76; -0.358527, -3.413260, 0.452408 / -0.358527, -3.413260, 0.452408 / -0.358527, -3.413260, 0.452408; 1, 18, 1, 0; 0.198013936432; 1, 0, 1; 1, 0, 0; 2, 1, 2 ;
1,82; -2.72526, 2.37475, 2.89572 / -2.72526, 2.37475, 2.89572 / -2.72526, 2.37475, 2.89572; 1, 39, 1, 0; 0.922685101367; 1, 0, 1; 1, 0, 0; 2, 1, 2 ;
1,83; -2.63925, 3.10196, -0.907481 / -2.63917, 3.10211, -0.906965 / -2.63934, 3.10182, -0.907996; 1, 14, 1, 0; 0.144073310166; 2, 1, 1; 2, 0, 0; 2, 1, 2 / 3, 4, 1 ;
1,84; -1.36593, 0.171842, -1.70563 / -1.36593, 0.171842, -1.70563 / -1.36593, 0.171842, -1.70563; 1, 6, 1, 0; 0.754751122573; 1, 0, 1; 1, 0, 0; 3, 1, 2 ;
0,84; 0.874216, -2.080461, -1.422536 / 0.874216, -2.080461, -1.422536 / 0.874216, -2.080461, -1.422536; 1, 8, 1, 0; 0.641465819033; 0, 1, 0; 0, 1, 0; 1, 1, 1 ;
0,84; 0.870502, -2.086509, -1.417713 / 0.870502, -2.086509, -1.417713 / 0.870502, -2.086509, -1.417713; 1, 8, 1, 0; 0.641466632099; 0, 1, 0; 0, 1, 0; 4, 1, 1 ;
0,84; 0.848729, -2.120365, -1.386973 / 0.848729, -2.120365, -1.386973 / 0.848729, -2.120365, -1.386973; 1, 8, 1, 0; 0.640513151718; 1, 0, 1; 1, 0, 0; 2, 1, 2 ;
0,84; 0.871499, -2.079973, -1.422272 / 0.871499, -2.079973, -1.422272 / 0.871499, -2.079973, -1.422272; 1, 8, 1, 0; 0.641466442895; 1, 0, 1; 1, 0, 0; 2, 1, 2 ;
1,85; -0.0507418, -1.9055, -3.25944 / -0.0507418, -1.9055, -3.25944 / -0.0507418, -1.9055, -3.25944; 1, 3, 1, 0; 0.101723908655; 1, 0, 1; 1, 0, 0; 3, 1, 2 ;
0,85; -0.085021, -1.630384, -2.977806 / -0.085021, -1.630384, -2.977806 / -0.085021, -1.630384, -2.977806; 1, 3, 1, 0; 0.380302437570; 1, 0, 1; 1, 0, 0; 2, 1, 2 ;
1,86; 2.34292, 2.69703, -1.16496 / 2.34351, 2.69753, -1.16458 / 2.34232, 2.69653, -1.16534; 1, 11, 1, 0; 0.937944829330; 2, 1, 2; 2, 1, 0; 1, 3, 2 / 2, 1, 2 / 3, 9, 1 ;
0,86; 2.343217, 2.646394, -1.114220 / 2.343217, 2.646394, -1.114220 / 2.343217, 2.646394, -1.114220; 1, 11, 1, 0; 0.936958975891; 1, 0, 1; 1, 0, 0; 2, 1, 2 ;
0,86; 2.339003, 2.640200, -1.114961 / 2.339003, 2.640200, -1.114961 / 2.339003, 2.640200, -1.114961; 1, 11, 1, 0; 0.936959605288; 1, 0, 1; 1, 0, 0; 3, 1, 2 ;
0,86; 2.343861, 2.696650, -1.165117 / 2.344211, 2.696677, -1.164897 / 2.343512, 2.696623, -1.165337; 1, 11, 1, 0; 0.937944875105; 0, 1, 0; 2, 0, 0; 3, 1, 1 / 3, 6, 0 / 3, 7, 1 ;
1,88; 1.05985, 1.71723, -2.16806 / 1.05985, 1.71723, -2.16806 / 1.05985, 1.71723, -2.16806; 1, 4, 1, 0; 0.365577787449; 1, 0, 1; 0, 1, 0; 4, 1, 2 ;
0,88; -0.881176, -2.869215, -0.806843 / -0.881176, -2.869215, -0.806843 / -0.881176, -2.869215, -0.806843; 1, 9, 1, 0; 0.615606738426; 1, 0, 1; 1, 0, 0; 3, 1, 2 ;
1,90; -0.915313, 3.28527, 2.89802 / -0.915313, 3.28527, 2.89802 / -0.915313, 3.28527, 2.89802; 1, 40, 1, 0; 0.287306757819; 1, 0, 1; 0, 1, 0; 4, 1, 2 ;
0,90; -0.918341, 3.284112, 2.898161 / -0.918341, 3.284112, 2.898161 / -0.918341, 3.284112, 2.898161; 1, 40, 1, 0; 0.287306412070; 1, 0, 1; 1, 0, 0; 2, 1, 2 ;
1,92; 4.19268, 0.639989, 1.62822 / 4.19268, 0.639989, 1.62822 / 4.19268, 0.639989, 1.62822; 1, 27, 1, 0; 0.457912633339; 1, 0, 1; 1, 0, 0; 3, 1, 2 ;
0,92; 4.192205, 0.634101, 1.632355 / 4.192205, 0.634101, 1.632355 / 4.192205, 0.634101, 1.632355; 1, 27, 1, 0; 0.457927265662; 1, 0, 1; 1, 0, 0; 2, 1, 2 ;
1,94; -2.33247, 1.04745, 3.3378 / -2.33247, 1.04745, 3.3378 / -2.33247, 1.04745, 3.3378; 1, 42, 1, 0; 0.334975904670; 1, 0, 1; 1, 0, 0; 2, 1, 2 ;
1,96; 1.53387, -1.73716, -2.8757 / 1.53387, -1.73716, -2.8757 / 1.53387, -1.73716, -2.8757; 1, 3, 1, 0; 0.372260649508; 1, 0, 1; 0, 1, 0; 1, 1, 2 ;
1,97; 1.48813, 1.78306, -2.9454 / 1.48813, 1.78306, -2.9454 / 1.48813, 1.78306, -2.9454; 1, 2, 1, 0; 0.715621414490; 1, 0, 1; 1, 0, 0; 2, 1, 2 ;
0,97; 0.703007, 3.030453, -0.488193 / 0.703007, 3.030453, -0.488193 / 0.703007, 3.030453, -0.488193; 1, 13, 1, 0; 0.573299357537; 1, 0, 1; 1, 0, 0; 3, 1, 2 ;
0,97; 0.372387, 3.536481, 0.531081 / 0.372387, 3.536481, 0.531081 / 0.372387, 3.536481, 0.531081; 1, 25, 1, 0; 0.186818473276; 1, 0, 1; 0, 1, 0; 1, 1, 2 ;
0,97; 0.367220, 3.538515, 0.533711 / 0.367220, 3.538515, 0.533711 / 0.367220, 3.538515, 0.533711; 1, 25, 1, 0; 0.186819990570; 1, 0, 1; 0, 1, 0; 1, 1, 2 / 4, 5, 0 ;
0,97; 0.374170, 3.532429, 0.521746 / 0.374170, 3.532429, 0.521746 / 0.374170, 3.532429, 0.521746; 1, 25, 1, 0; 0.186815824440; 0, 1, 0; 1, 0, 0; 2, 1, 1 ;
0,97; 0.102077, 3.893116, 1.183626 / 0.102625, 3.893647, 1.183876 / 0.101529, 3.892586, 1.183377; 1, 26, 1, 0; 0.555014538597; 0, 2, 0; 1, 1, 0; 1, 6, 1 / 3, 1, 1 ;
0,97; 0.031683, 3.862039, 1.097929 / 0.031683, 3.862039, 1.097929 / 0.031683, 3.862039, 1.097929; 1, 26, 1, 0; 0.553240452617; 1, 0, 1; 1, 0, 0; 2, 1, 2 ;
0,97; 0.055229, 3.893570, 1.127143 / 0.055229, 3.893570, 1.127143 / 0.055229, 3.893570, 1.127143; 1, 26, 1, 0; 0.554147117569; 1, 0, 1; 1, 0, 0; 2, 1, 2 ;
0,97; 0.095890, 3.899933, 1.188749 / 0.095890, 3.899933, 1.188749 / 0.095890, 3.899933, 1.188749; 1, 26, 1, 0; 0.555017264584; 1, 0, 1; 1, 0, 0; 3, 1, 2 ;
1,99; -0.262706, -4.1065, 0.492809 / -0.262706, -4.1065, 0.492809 / -0.262706, -4.1065, 0.492809; 1, 18, 1, 0; 0.116644034437; 1, 0, 1; 1, 0, 0; 2, 1, 2 ;
1,100; 3.57103, -2.60071, 0.455878 / 3.57103, -2.60071, 0.455878 / 3.57103, -2.60071, 0.455878; 1, 19, 1, 0; 0.331388141663; 0, 0, 0; 1, 0, 0; 3, 1, 3 ;
0,100; 0.368404, -1.338746, 1.383760 / 0.368404, -1.338746, 1.383760 / 0.368404, -1.338746, 1.383760; 1, 23, 1, 0; 0.960549919524; 0, 0, 0; 1, 0, 0; 2, 1, 3 / 2, 2, 0 ;
0,100; -3.663365, 0.211812, 2.599597 / -3.663365, 0.211812, 2.599597 / -3.663365, 0.211812, 2.599597; 1, 36, 1, 0; 0.401136423947; 0, 1, 0; 1, 0, 0; 2, 1, 1 ;
1,101; 0.830074, -0.359223, -0.818985 / 0.830074, -0.359223, -0.818985 / 0.830074, -0.359223, -0.818985; 1, 16, 1, 0; 0.046989734688; 1, 0, 1; 1, 0, 0; 3, 1, 2 ;
1,102; -0.536803, -1.61054, -3.58176 / -0.536245, -1.61026, -3.58153 / -0.53736, -1.61082, -3.58198; 1, 1, 1, 0; 0.893579987913; 1, 0, 2; 2, 0, 0; 3, 1, 2 / 3, 5, 2 ;
0,102; -0.835292, -3.192669, -1.595075 / -0.835292, -3.192669, -1.595075 / -0.835292, -3.192669, -1.595075; 1, 8, 1, 0; 0.346287348599; 1, 0, 1; 1, 0, 0; 3, 1, 2 ;
1,104; 3.31671, -0.396228, 1.33671 / 3.31671, -0.396228, 1.33671 / 3.31671, -0.396228, 1.33671; 1, 26, 1, 0; 0.979885825725; 1, 0, 1; 1, 0, 0; 3, 1, 2 ;
1,106; -1.52476, 1.27262, 1.3168 / -1.52476, 1.27262, 1.3168 / -1.52476, 1.27262, 1.3168; 1, 26, 1, 0; 0.764201260126; 1, 0, 1; 1, 0, 0; 2, 1, 2 ;
1,112; 0.326729, 4.21611, -0.843369 / 0.326729, 4.21611, -0.843369 / 0.326729, 4.21611, -0.843369; 1, 13, 1, 0; 0.154265168777; 1, 0, 1; 1, 0, 0; 2, 1, 2 ;
1,114; 2.90514, -0.0793571, -1.79977 / 2.90514, -0.0793571, -1.79977 / 2.90514, -0.0793571, -1.79977; 1, 4, 1, 0; 0.934108524039; 1, 0, 1; 1, 0, 0; 2, 1, 2 ;
1,117; -0.13741, 0.629907, -2.06722 / -0.13741, 0.629907, -2.06722 / -0.13741, 0.629907, -2.06722; 1, 4, 1, 0; 0.668774884448; 0, 0, 0; 1, 0, 0; 2, 1, 3 / 2, 7, 0 ;
0,117; -0.440920, 0.747587, -2.024788 / -0.440920, 0.747587, -2.024788 / -0.440920, 0.747587, -2.024788; 1, 4, 1, 0; 0.671480385401; 1, 0, 1; 1, 0, 0; 3, 1, 2 ;
0,117; -1.446676, 1.135242, -1.899817 / -1.446676, 1.135242, -1.899817 / -1.446676, 1.135242, -1.899817; 1, 6, 1, 0; 0.406731952821; 1, 0, 1; 1, 0, 0; 2, 1, 2 ;
1,119; -1.96369, 2.07897, -0.473182 / -1.96369, 2.07897, -0.473182 / -1.96369, 2.07897, -0.473182; 1, 14, 1, 0; 0.254527853382; 0, 1, 0; 1, 0, 0; 3, 1, 1 ;
0,119; -0.095293, 2.984505, 3.208464 / -0.095020, 2.985424, 3.209235 / -0.095566, 2.983586, 3.207692; 1, 43, 1, 0; 0.272895673121; 1, 0, 2; 2, 0, 0; 2, 1, 2 / 3, 10, 2 ;
1,122; -0.850377, -2.01626, 1.80565 / -0.850377, -2.01626, 1.80565 / -0.850377, -2.01626, 1.80565; 1, 22, 1, 0; 0.986476017311; 1, 0, 1; 1, 0, 0; 2, 1, 2 ;
1,123; -0.991993, -0.672972, -3.88094 / -0.991993, -0.672972, -3.88094 / -0.991993, -0.672972, -3.88094; 1, 1, 1, 0; 0.421991763414; 1, 0, 1; 1, 0, 0; 2, 1, 2 ;
0,123; 0.364252, 2.602699, -0.703113 / 0.364252, 2.602699, -0.703113 / 0.364252, 2.602699, -0.703113; 1, 13, 1, 0; 0.301231339471; 1, 0, 1; 1, 0, 0; 2, 1, 2 ;
0,123; 0.401326, 2.641703, -0.661976 / 0.401326, 2.641703, -0.661976 / 0.401326, 2.641703, -0.661976; 1, 13, 1, 0; 0.301884191776; 1, 0, 1; 1, 0, 0; 2, 1, 2 ;
0,123; 0.848060, 3.464241, 0.161957 / 0.848060, 3.464241, 0.161957 / 0.848060, 3.464241, 0.161957; 1, 17, 1, 0; 0.459395841528; 1, 0, 1; 1, 0, 0; 2, 1, 2 ;
0,123; 1.231943, 4.140971, 0.828149 / 1.231943, 4.140971, 0.828149 / 1.231943, 4.140971, 0.828149; 1, 26, 1, 0; 0.042793107882; 1, 0, 1; 1, 0, 0; 2, 1, 2 ;
1,124; 0.441114, -1.27264, -2.93085 / 0.442094, -1.272, -2.9305 / 0.440135, -1.27328, -2.93119; 1, 3, 1, 0; 0.346828092699; 2, 1, 2; 2, 1, 0; 1, 5, 2 / 2, 1, 1 / 2, 6, 2 ;
0,124; 0.471112, -1.288050, -2.984377 / 0.471112, -1.288050, -2.984377 / 0.471112, -1.288050, -2.984377; 1, 3, 1, 0; 0.346251804301; 1, 0, 1; 0, 1, 0; 1, 1, 2 / 1, 2, 0 / 3, 7, 0 ;
0,124; 0.471872, -1.284047, -2.986145 / 0.471872, -1.284047, -2.986145 / 0.471872, -1.284047, -2.986145; 1, 3, 1, 0; 0.346251332826; 1, 0, 1; 1, 0, 0; 2, 1, 2 / 2, 7, 0 ;
0,124; 0.474522, -1.283749, -2.985512 / 0.474522, -1.283749, -2.985512 / 0.474522, -1.283749, -2.985512; 1, 3, 1, 0; 0.346251377152; 1, 0, 1; 1, 0, 0; 1, 4, 0 / 3, 1, 2 ;
0,124; -4.027014, 0.120712, -0.109223 / -4.027014, 0.120712, -0.109223 / -4.027014, 0.120712, -0.109223; 1, 14, 1, 0; 0.362307664373; 1, 0, 1; 1, 0, 0; 3, 1, 2 ;
1,125; 0.448072, -0.477516, 3.27036 / 0.448072, -0.477516, 3.27036 / 0.448072, -0.477516, 3.27036; 1, 41, 1, 0; 0.467520559262; 1, 0, 1; 1, 0, 0; 2, 1, 2 ;
1,126; 0.840118, -2.48241, -2.04426 / 0.840118, -2.48241, -2.04426 / 0.840118, -2.48241, -2.04426; 1, 5, 1, 0; 0.764957679908; 1, 0, 1; 0, 1, 0; 1, 1, 2 ;
0,126; -1.785711, 1.560454, 0.322987 / -1.785711, 1.560454, 0.322987 / -1.785711, 1.560454, 0.322987; 1, 17, 1, 0; 0.950313935874; 1, 0, 1; 1, 0, 0; 2, 1, 2 / 3, 7, 0 / 3, 9, 0 / 3, 10, 0 ;
1,128; -2.04183, -0.935321, 1.45062 / -2.04183, -0.935321, 1.45062 / -2.04183, -0.935321, 1.45062; 1, 23, 1, 0; 0.921357975699; 0, 0, 0; 0, 1, 0; 1, 1, 3 / 1, 9, 0 ;
1,131; 3.57481, 1.24576, 1.91518 / 3.57481, 1.24576, 1.91518 / 3.57481, 1.24576, 1.91518; 1, 28, 1, 0; 0.598517798208; 0, 1, 0; 1, 0, 0; 2, 1, 1 ;
1,132; 0.110091, -2.52466, 2.38786 / 0.110479, -2.52422, 2.38807 / 0.109703, -2.52511, 2.38765; 1, 32, 1, 0; 0.918718313086; 0, 2, 0; 1, 1, 0; 1, 2, 1 / 1, 4, 0 / 2, 1, 1 ;
0,132; 0.107941, -2.520810, 2.388983 / 0.107941, -2.520810, 2.388983 / 0.107941, -2.520810, 2.388983; 1, 32, 1, 0; 0.918716936113; 0, 1, 0; 0, 1, 0; 4, 1, 1 ;
1,133; 0.437672, 1.35548, -3.49619 / 0.437672, 1.35548, -3.49619 / 0.437672, 1.35548, -3.49619; 1, 1, 1, 0; 0.613825776274; 1, 0, 1; 1, 0, 0; 2, 1, 2 ;
0,133; -0.522287, 1.382502, -0.664505 / -0.522287, 1.382502, -0.664505 / -0.522287, 1.382502, -0.664505; 1, 7, 1, 0; 0.986154016083; 0, 1, 0; 1, 0, 0; 2, 3, 0 / 3, 1, 1 ;
1,135; -1.66953, 0.370057, -3.02347 / -1.66953, 0.370057, -3.02347 / -1.66953, 0.370057, -3.02347; 1, 2, 1, 0; 0.592761977540; 1, 0, 1; 0, 1, 0; 1, 1, 2 ;
1,136; -2.72193, 0.210644, -0.435451 / -2.72193, 0.210644, -0.435451 / -2.72193, 0.210644, -0.435451; 1, 10, 1, 0; 0.679880054847; 0, 1, 0; 1, 0, 0; 3, 1, 1 ;
1,137; -1.28196, 0.407808, 0.124573 / -1.28196, 0.407808, 0.124573 / -1.28196, 0.407808, 0.124573; 1, 16, 1, 0; 0.612825813831; 1, 0, 1; 1, 0, 0; 3, 1, 2 ;
1,138; -2.08016, -1.07845, -2.84708 / -2.08016, -1.07845, -2.84708 / -2.08016, -1.07845, -2.84708; 1, 5, 1, 0; 0.101078610980; 1, 0, 1; 0, 1, 0; 1, 1, 2 ;
0,138; -2.080616, -1.079726, -2.843178 / -2.080616, -1.079726, -2.843178 / -2.080616, -1.079726, -2.843178; 1, 5, 1, 0; 0.101077978751; 1, 0, 1; 1, 0, 0; 2, 1, 2 ;
0,138; -0.922021, 3.114916, -1.409875 / -0.922021, 3.114916, -1.409875 / -0.922021, 3.114916, -1.409875; 1, 7, 1, 0; 0.280206559547; 1, 0, 1; 0, 1, 0; 4, 1, 2 ;
1,139; -2.52458, 1.18953, 2.34449 / -2.52458, 1.18953, 2.34449 / -2.52458, 1.18953, 2.34449; 1, 29, 1, 0; 0.993889031760; 1, 0, 1; 0, 1, 0; 4, 1, 2 ;
0,139; -2.493796, 1.076830, 2.346634 / -2.493796, 1.076830, 2.346634 / -2.493796, 1.076830, 2.346634; 1, 29, 1, 0; 0.994867499737; 1, 0, 1; 0, 1, 0; 1, 1, 2 ;
0,139; -1.728126, -1.659511, 2.493780 / -1.728126, -1.659511, 2.493780 / -1.728126, -1.659511, 2.493780; 1, 36, 1, 0; 0.655976186612; 1, 0, 1; 0, 1, 0; 4, 1, 2 ;
0,139; -2.039865, -0.501233, 2.386626 / -2.039865, -0.501233, 2.386626 / -2.039865, -0.501233, 2.386626; 1, 36, 1, 0; 0.195871908034; 1, 0, 1; 1, 0, 0; 2, 1, 2 / 2, 2, 0 ;
1,140; -3.17866, -1.60534, -1.46888 / -3.17866, -1.60534, -1.46888 / -3.17866, -1.60534, -1.46888; 1, 9, 1, 0; 0.148023824663; 1, 0, 1; 1, 0, 0; 2, 1, 2 ;
1,144; 2.28779, -3.5842, 0.860941 / 2.28779, -3.5842, 0.860941 / 2.28779, -3.5842, 0.860941; 1, 19, 1, 0; 0.987267740359; 1, 0, 1; 1, 0, 0; 2, 1, 2 ;
1,146; -3.54896, -2.4858, -1.42566 / -3.54896, -2.4858, -1.42566 / -3.54896, -2.4858, -1.42566; 1, 9, 1, 0; 0.194865586165; 1, 0, 1; 1, 0, 0; 3, 1, 2 / 4, 1, 0 ;
1,147; -2.67889, 2.30207, -1.30097 / -2.67889, 2.30207, -1.30097 / -2.67889, 2.30207, -1.30097; 1, 7, 1, 0; 0.376597627690; 0, 1, 0; 1, 0, 0; 2, 1, 1 / 4, 2, 0 ;
0,147; -3.898978, 2.142939, -0.705681 / -3.898604, 2.143388, -0.704804 / -3.899352, 2.142490, -0.706559; 1, 14, 1, 0; 0.104220366274; 2, 2, 2; 3, 1, 0; 2, 7, 1 / 2, 8, 0 / 3, 2, 2 / 3, 3, 1 / 3, 6, 0 / 4, 1, 2 ;
0,147; -3.899763, 2.149869, -0.707820 / -3.899763, 2.149869, -0.707820 / -3.899763, 2.149869, -0.707820; 1, 14, 1, 0; 0.104210659783; 1, 0, 1; 1, 0, 0; 2, 1, 2 ;
0,147; -3.896192, 2.151906, -0.699517 / -3.896192, 2.151906, -0.699517 / -3.896192, 2.151906, -0.699517; 1, 14, 1, 0; 0.104222329730; 1, 0, 1; 1, 0, 0; 3, 1, 2 ;
1,148; -1.24167, 1.98028, -1.34667 / -1.24167, 1.98028, -1.34667 / -1.24167, 1.98028, -1.34667; 1, 7, 1, 0; 0.426818975824; 1, 0, 1; 1, 0, 0; 3, 1, 2 ;
0,148; -1.380567, 1.337338, -0.829359 / -1.380567, 1.337338, -0.829359 / -1.380567, 1.337338, -0.829359; 1, 7, 1, 0; 0.979825906824; 1, 0, 1; 1, 0, 0; 3, 1, 2 ;
1,151; -2.78812, 0.902406, -0.976067 / -2.78812, 0.902406, -0.976067 / -2.78812, 0.902406, -0.976067; 1, 10, 1, 0; 0.266052747968; 1, 0, 1; 1, 0, 0; 3, 1, 2 ;
1,152; 2.28675, -2.6567, -1.90858 / 2.28675, -2.6567, -1.90858 / 2.28675, -2.6567, -1.90858; 1, 8, 1, 0; 0.032220236433; 1, 0, 1; 0, 1, 0; 4, 1, 2 ;
0,152; 0.973961, -0.779326, -1.336927 / 0.973961, -0.779326, -1.336927 / 0.973961, -0.779326, -1.336927; 1, 11, 1, 0; 0.505780017669; 1, 0, 1; 1, 0, 0; 3, 1, 2 ;
0,152; -0.214026, 0.570423, -0.448659 / -0.214026, 0.570423, -0.448659 / -0.214026, 0.570423, -0.448659; 1, 13, 1, 0; 0.369681433828; 1, 0, 1; 1, 0, 0; 3, 1, 2 ;
1,153; 3.8555, 1.80886, 0.920282 / 3.85599, 1.80983, 0.921012 / 3.85502, 1.80788, 0.919553; 1, 20, 1, 0; 0.745067879487; 2, 3, 1; 2, 2, 1; 1, 7, 1 / 2, 2, 2 / 2, 7, 1 / 2, 9, 0 / 3, 1, 0 / 4, 1, 1 / 4, 2, 0 ;
0,153; 3.854976, 1.806123, 0.921291 / 3.854976, 1.806123, 0.921291 / 3.854976, 1.806123, 0.921291; 1, 20, 1, 0; 0.745068060268; 1, 0, 1; 0, 1, 0; 4, 1, 2 ;
0,153; 3.854630, 1.797820, 0.918955 / 3.854630, 1.797820, 0.918955 / 3.854630, 1.797820, 0.918955; 1, 20, 1, 0; 0.745054856055; 1, 0, 1; 1, 0, 0; 2, 1, 2 ;
0,153; 3.856026, 1.803374, 0.917015 / 3.856026, 1.803374, 0.917015 / 3.856026, 1.803374, 0.917015; 1, 20, 1, 0; 0.745067214215; 1, 0, 1; 1, 0, 0; 2, 1, 2 ;
1,156; -1.22403, -1.06427, -1.74001 / -1.22403, -1.06427, -1.74001 / -1.22403, -1.06427, -1.74001; 1, 6, 1, 0; 0.844271824866; 1, 0, 1; 1, 0, 0; 3, 1, 2 ;
1,157; -1.09109, 1.70138, 2.14418 / -1.09109, 1.70138, 2.14418 / -1.09109, 1.70138, 2.14418; 1, 29, 1, 0; 0.834122733702; 1, 0, 1; 1, 0, 0; 3, 1, 2 / 4, 5, 0 ;
1,158; -0.884056, -4.47999, -0.39474 / -0.884056, -4.47999, -0.39474 / -0.884056, -4.47999, -0.39474; 1, 9, 1, 0; 0.785286394465; 1, 0, 1; 1, 0, 0; 2, 1, 2 ;
0,158; -0.909275, -4.300630, -0.257663 / -0.909275, -4.300630, -0.257663 / -0.909275, -4.300630, -0.257663; 1, 15, 1, 0; 0.227689353757; 1, 0, 1; 0, 1, 0; 4, 1, 2 ;
0,158; -1.940309, 0.524500, 3.188277 / -1.939665, 0.524746, 3.188756 / -1.940952, 0.524254, 3.187798; 1, 41, 1, 0; 0.959904703492; 2, 2, 1; 2, 1, 0; 1, 5, 1 / 2, 5, 0 / 2, 6, 2 / 3, 1, 1 / 4, 3, 0 ;
0,158; -1.936015, 0.534634, 3.193143 / -1.936015, 0.534634, 3.193143 / -1.936015, 0.534634, 3.193143; 1, 41, 1, 0; 0.959899654947; 1, 0, 1; 0, 1, 0; 1, 1, 2 ;
0,158; -1.946878, 0.518169, 3.179217 / -1.946878, 0.518169, 3.179217 / -1.946878, 0.518169, 3.179217; 1, 41, 1, 0; 0.959873723782; 1, 0, 1; 1, 0, 0; 2, 1, 2 ;
0,158; -1.935147, 0.533405, 3.186342 / -1.935147, 0.533405, 3.186342 / -1.935147, 0.533405, 3.186342; 1, 41, 1, 0; 0.959900259937; 1, 0, 1; 1, 0, 0; 2, 8, 0 / 3, 1, 2 / 4, 1, 0 / 4, 2, 0 ;
0,158; -1.940648, 0.528373, 3.185185 / -1.940648, 0.528373, 3.185185 / -1.940648, 0.528373, 3.185185; 1, 41, 1, 0; 0.959900969237; 0, 1, 0; 1, 0, 0; 2, 1, 1 ;
0,158; -1.940499, 0.529922, 3.192399 / -1.940499, 0.529922, 3.192399 / -1.940499, 0.529922, 3.192399; 1, 41, 1, 0; 0.959901699399; 0, 1, 0; 1, 0, 0; 2, 1, 1 ;
0,158; -1.935200, 0.531670, 3.192143 / -1.935200, 0.531670, 3.192143 / -1.935200, 0.531670, 3.192143; 1, 41, 1, 0; 0.959902200081; 1, 0, 1; 1, 0, 0; 3, 1, 2 ;
0,158; -1.939566, 0.523945, 3.187061 / -1.939467, 0.524746, 3.187798 / -1.939665, 0.523144, 3.186323; 1, 41, 1, 0; 0.959904557460; 1, 0, 1; 2, 0, 0; 3, 1, 2 / 3, 8, 1 / 4, 10, 0 ;
0,158; -1.935373, 0.534348, 3.198351 / -1.935373, 0.534348, 3.198351 / -1.935373, 0.534348, 3.198351; 1, 41, 1, 0; 0.959937706792; 1, 0, 1; 1, 0, 0; 3, 1, 2 ;
1,159; 0.250219, -1.13394, -1.07447 / 0.250219, -1.13394, -1.07447 / 0.250219, -1.13394, -1.07447; 1, 11, 1, 0; 0.601287569291; 1, 0, 1; 0, 1, 0; 1, 1, 2 ;
1,160; 2.74298, 3.35233, 1.42446 / 2.74298, 3.35233, 1.42446 / 2.74298, 3.35233, 1.42446; 1, 28, 1, 0; 0.048912410493; 1, 0, 1; 1, 0, 0; 3, 1, 2 ;
1,162; -4.2405, 0.100852, 1.11102 / -4.2405, 0.100852, 1.11102 / -4.2405, 0.100852, 1.11102; 1, 21, 1, 0; 0.505133824890; 0, 1, 0; 1, 0, 0; 2, 1, 1 ;
0,162; -1.564369, -0.342496, 1.788783 / -1.564369, -0.342496, 1.788783 / -1.564369, -0.342496, 1.788783; 1, 30, 1, 0; 0.231368614134; 0, 1, 0; 1, 0, 0; 3, 1, 1 ;
0,162; 0.484663, -0.652951, 2.296481 / 0.485299, -0.652175, 2.296685 / 0.484028, -0.653727, 2.296277; 1, 34, 1, 0; 0.105607405412; 2, 1, 2; 2, 1, 0; 1, 3, 2 / 2, 1, 2 / 2, 7, 0 / 3, 3, 1 ;
1,163; -3.06519, 0.79581, -0.487683 / -3.06519, 0.79581, -0.487683 / -3.06519, 0.79581, -0.487683; 1, 10, 1, 0; 0.727297552003; 1, 0, 1; 0, 1, 0; 1, 1, 2 / 3, 2, 0 ;
0,163; -0.057211, -0.807861, 1.986690 / -0.056963, -0.807529, 1.987003 / -0.057459, -0.808192, 1.986376; 1, 30, 1, 0; 0.503271174520; 2, 1, 1; 2, 0, 0; 2, 1, 2 / 2, 4, 1 ;
0,163; -0.053862, -0.810431, 1.988840 / -0.053862, -0.810431, 1.988840 / -0.053862, -0.810431, 1.988840; 1, 30, 1, 0; 0.503253094790; 1, 0, 1; 1, 0, 0; 2, 1, 2 ;
0,163; 0.343445, -1.116077, 2.352336 / 0.343445, -1.116077, 2.352336 / 0.343445, -1.116077, 2.352336; 1, 33, 1, 0; 0.360494313604; 1, 0, 1; 1, 0, 0; 3, 1, 2 ;
1,164; 1.17, -0.205604, 0.169487 / 1.17, -0.205604, 0.169487 / 1.17, -0.205604, 0.169487; 1, 16, 1, 0; 0.720824513255; 1, 0, 1; 1, 0, 0; 2, 1, 2 ;
0,164; 1.280936, -0.550755, 0.707702 / 1.280936, -0.550755, 0.707702 / 1.280936, -0.550755, 0.707702; 1, 20, 1, 0; 0.967253863642; 1, 0, 1; 1, 0, 0; 2, 1, 2 ;
1,166; -0.52886, 0.385614, -3.59014 / -0.52886, 0.385614, -3.59014 / -0.52886, 0.385614, -3.59014; 1, 1, 1, 0; 0.699068424100; 1, 0, 1; 0, 1, 0; 1, 1, 2 ;
0,166; 3.776018, -0.086676, -0.815698 / 3.776018, -0.086676, -0.815698 / 3.776018, -0.086676, -0.815698; 1, 12, 1, 0; 0.471848076104; 1, 0, 1; 1, 0, 0; 2, 1, 2 ;
0,166; 3.759968, -0.090388, -0.815932 / 3.759968, -0.090388, -0.815932 / 3.759968, -0.090388, -0.815932; 1, 12, 1, 0; 0.471854713384; 0, 1, 0; 1, 0, 0; 3, 1, 1 ;
1,167; -2.99825, 0.632096, -0.897353 / -2.99825, 0.632096, -0.897353 / -2.99825, 0.632096, -0.897353; 1, 10, 1, 0; 0.289441090407; 1, 0, 1; 1, 0, 0; 2, 1, 2 ;
0,167; -2.993874, 0.627314, -0.896318 / -2.993874, 0.627314, -0.896318 / -2.993874, 0.627314, -0.896318; 1, 10, 1, 0; 0.289441879804; 1, 0, 1; 1, 0, 0; 3, 1, 2 ;
1,168; -1.12945, 3.0108, 2.51952 / -1.12945, 3.0108, 2.51952 / -1.12945, 3.0108, 2.51952; 1, 38, 1, 0; 0.379592801117; 0, 1, 0; 0, 1, 0; 4, 1, 1 ;
1,169; 0.690075, -3.97317, 1.37076 / 0.690075, -3.97317, 1.37076 / 0.690075, -3.97317, 1.37076; 1, 22, 1, 0; 0.652281644170; 1, 0, 1; 1, 0, 0; 3, 1, 2 ;
0,169; 0.675010, -3.955007, 1.376833 / 0.675010, -3.955007, 1.376833 / 0.675010, -3.955007, 1.376833; 1, 22, 1, 0; 0.652290586201; 1, 0, 1; 1, 0, 0; 3, 1, 2 ;
0,169; -3.853716, 1.102909, 2.297259 / -3.852764, 1.103281, 2.298048 / -3.854667, 1.102537, 2.296470; 1, 29, 1, 0; 0.975321821143; 2, 2, 1; 1, 2, 1; 1, 2, 3 / 2, 7, 2 / 4, 1, 1 ;
0,169; -3.855277, 1.099035, 2.295844 / -3.855063, 1.099102, 2.296374 / -3.855491, 1.098968, 2.295314; 1, 29, 1, 0; 0.975320817796; 2, 1, 1; 1, 1, 0; 1, 3, 1 / 2, 1, 2 ;
0,169; -3.851458, 1.102562, 2.300116 / -3.851458, 1.102562, 2.300116 / -3.851458, 1.102562, 2.300116; 1, 29, 1, 0; 0.975338819596; 1, 0, 1; 0, 1, 0; 1, 1, 2 ;
0,169; -3.819096, 1.064043, 2.290045 / -3.819096, 1.064043, 2.290045 / -3.819096, 1.064043, 2.290045; 1, 29, 1, 0; 0.978536408836; 0, 1, 0; 0, 1, 0; 4, 1, 1 ;
0,169; -3.851041, 1.100585, 2.297441 / -3.851041, 1.100585, 2.297441 / -3.851041, 1.100585, 2.297441; 1, 29, 1, 0; 0.975320622971; 1, 0, 1; 1, 0, 0; 2, 1, 2 ;
1,170; 1.12422, -2.18978, 1.69131 / 1.12422, -2.18978, 1.69131 / 1.12422, -2.18978, 1.69131; 1, 22, 1, 0; 0.916514099161; 0, 1, 0; 0, 1, 0; 1, 1, 1 / 2, 1, 0 / 2, 2, 0 ;
0,170; 1.122658, -2.189211, 1.689205 / 1.122697, -2.189170, 1.689332 / 1.122619, -2.189252, 1.689078; 1, 22, 1, 0; 0.916514019127; 2, 1, 1; 2, 0, 0; 2, 9, 0 / 3, 1, 1 / 3, 2, 2 / 4, 1, 0 ;
0,170; 1.125823, -2.190865, 1.692403 / 1.125823, -2.190865, 1.692403 / 1.125823, -2.190865, 1.692403; 1, 22, 1, 0; 0.916514171920; 1, 0, 1; 1, 0, 0; 2, 1, 2 ;
0,170; 1.123560, -2.190556, 1.684745 / 1.123560, -2.190556, 1.684745 / 1.123560, -2.190556, 1.684745; 1, 22, 1, 0; 0.916514804920; 1, 0, 1; 1, 0, 0; 2, 1, 2 ;
0,170; 1.119454, -2.190319, 1.686674 / 1.119454, -2.190319, 1.686674 / 1.119454, -2.190319, 1.686674; 1, 22, 1, 0; 0.916527537674; 1, 0, 1; 1, 0, 0; 2, 1, 2 ;
1,171; -1.9801, -3.06847, 1.00226 / -1.9801, -3.06847, 1.00226 / -1.9801, -3.06847, 1.00226; 1, 21, 1, 0; 0.787724765863; 1, 0, 1; 1, 0, 0; 3, 1, 2 ;
1,173; 1.19511, -1.77392, -1.33647 / 1.19524, -1.77388, -1.33617 / 1.19497, -1.77396, -1.33676; 1, 8, 1, 0; 0.667559796110; 1, 0, 2; 2, 0, 0; 2, 4, 0 / 2, 5, 2 / 3, 1, 2 ;
0,173; -0.089599, -2.533833, -0.532851 / -0.089599, -2.533833, -0.532851 / -0.089599, -2.533833, -0.532851; 1, 9, 1, 0; 0.966830672091; 1, 0, 1; 1, 0, 0; 3, 1, 2 ;
0,173; -1.048679, -3.143507, 0.081723 / -1.048679, -3.143507, 0.081723 / -1.048679, -3.143507, 0.081723; 1, 16, 1, 0; 0.975986127631; 1, 0, 1; 1, 0, 0; 3, 1, 2 ;
1,176; -0.802705, -1.42873, 0.853147 / -0.802705, -1.42873, 0.853147 / -0.802705, -1.42873, 0.853147; 1, 23, 1, 0; 0.325544820492; 0, 1, 0; 0, 1, 0; 1, 1, 1 ;
0,176; -0.803794, -1.424630, 0.853752 / -0.803794, -1.424630, 0.853752 / -0.803794, -1.424630, 0.853752; 1, 23, 1, 0; 0.325545116088; 0, 1, 0; 0, 1, 0; 1, 1, 1 ;
0,176; -0.796196, -1.431879, 0.845947 / -0.795828, -1.431482, 0.846394 / -0.796563, -1.432276, 0.845500; 1, 23, 1, 0; 0.325530203267; 1, 0, 2; 2, 0, 0; 1, 7, 0 / 2, 1, 2 / 3, 5, 0 / 3, 7, 2 / 4, 1, 0 ;
0,176; -0.799419, -1.430934, 0.846805 / -0.798890, -1.429920, 0.847184 / -0.799948, -1.431948, 0.846426; 1, 23, 1, 0; 0.325531045715; 1, 0, 2; 2, 0, 0; 2, 10, 2 / 3, 1, 2 ;
0,176; -0.659643, -1.300011, 0.767994 / -0.659643, -1.300011, 0.767994 / -0.659643, -1.300011, 0.767994; 1, 23, 1, 0; 0.324480652499; 1, 0, 1; 1, 0, 0; 3, 1, 2 ;
0,176; -0.799597, -1.432501, 0.842483 / -0.799597, -1.432501, 0.842483 / -0.799597, -1.432501, 0.842483; 1, 23, 1, 0; 0.325531252633; 1, 0, 1; 1, 0, 0; 2, 1, 2 / 3, 7, 0 / 4, 2, 0 ;
1,177; -0.404318, 1.90121, 0.722147 / -0.404318, 1.90121, 0.722147 / -0.404318, 1.90121, 0.722147; 1, 25, 1, 0; 0.626385564271; 0, 0, 0; 1, 0, 0; 1, 1, 0 / 2, 1, 3 ;
1,178; -3.70231, 2.34034, -1.45398 / -3.70231, 2.34034, -1.45398 / -3.70231, 2.34034, -1.45398; 1, 7, 1, 0; 0.368951421637; 0, 1, 0; 0, 1, 0; 1, 1, 1 ;
0,178; -3.691988, 2.332718, -1.455215 / -3.691988, 2.332718, -1.455215 / -3.691988, 2.332718, -1.455215; 1, 7, 1, 0; 0.368949325053; 1, 0, 1; 1, 0, 0; 2, 1, 2 / 2, 9, 0 ;
1,179; -0.215062, -2.03224, -1.27741 / -0.215062, -2.03224, -1.27741 / -0.215062, -2.03224, -1.27741; 1, 8, 1, 0; 0.647750554572; 1, 0, 1; 1, 0, 0; 3, 1, 2 ;
1,181; 3.20992, 2.61124, -1.04317 / 3.20992, 2.61124, -1.04317 / 3.20992, 2.61124, -1.04317; 1, 11, 1, 0; 0.931633142683; 0, 1, 0; 1, 0, 0; 2, 1, 1 ;
0,181; 1.293398, 2.333520, -0.728921 / 1.293683, 2.333586, -0.728699 / 1.293112, 2.333455, -0.729144; 1, 12, 1, 0; 0.250937464239; 1, 0, 2; 2, 0, 0; 2, 1, 2 / 2, 2, 2 ;
0,181; -0.020206, 2.138845, -0.379257 / -0.020057, 2.139028, -0.378694 / -0.020355, 2.138661, -0.379819; 1, 13, 1, 0; 0.472562458223; 2, 1, 1; 3, 0, 0; 2, 4, 2 / 3, 1, 3 / 3, 3, 1 ;
0,181; -0.016557, 2.138513, -0.378425 / -0.016557, 2.138513, -0.378425 / -0.016557, 2.138513, -0.378425; 1, 13, 1, 0; 0.472561744239; 1, 0, 1; 1, 0, 0; 2, 1, 2 ;
0,181; -0.023161, 2.131521, -0.371178 / -0.023161, 2.131521, -0.371178 / -0.023161, 2.131521, -0.371178; 1, 13, 1, 0; 0.472573986604; 1, 0, 1; 1, 0, 0; 3, 1, 2 ;
0,181; -3.429171, 0.747066, 0.174378 / -3.429171, 0.747066, 0.174378 / -3.429171, 0.747066, 0.174378; 1, 14, 1, 0; 0.811375090325; 1, 0, 1; 0, 1, 0; 1, 1, 2 ;
0,181; -3.148915, 0.880256, 0.166496 / -3.148915, 0.880256, 0.166496 / -3.148915, 0.880256, 0.166496; 1, 14, 1, 0; 0.808137141577; 1, 0, 1; 1, 0, 0; 3, 1, 2 ;
0,181; -3.108861, 0.901030, 0.158167 / -3.108861, 0.901030, 0.158167 / -3.108861, 0.901030, 0.158167; 1, 14, 1, 0; 0.809309940505; 1, 0, 1; 1, 0, 0; 2, 1, 2 ;
0,181; -3.435592, 0.744646, 0.179820 / -3.435592, 0.744646, 0.179820 / -3.435592, 0.744646, 0.179820; 1, 14, 1, 0; 0.811375391922; 1, 0, 1; 1, 0, 0; 2, 1, 2 ;
1,182; -0.337216, 0.293309, -3.81502 / -0.337216, 0.293309, -3.81502 / -0.337216, 0.293309, -3.81502; 1, 1, 1, 0; 0.491576967620; 1, 0, 1; 0, 1, 0; 4, 1, 2 ;
0,182; -1.550643, -1.423496, 1.112395 / -1.550643, -1.423496, 1.112395 / -1.550643, -1.423496, 1.112395; 1, 21, 1, 0; 0.665923932340; 1, 0, 1; 1, 0, 0; 3, 1, 2 ;
0,182; -1.553651, -1.426679, 1.115767 / -1.553651, -1.426679, 1.115767 / -1.553651, -1.426679, 1.115767; 1, 21, 1, 0; 0.665924689030; 0, 1, 0; 1, 0, 0; 3, 1, 1 ;
0,182; -1.627206, -1.500546, 1.350298 / -1.627204, -1.499859, 1.350525 / -1.627209, -1.501234, 1.350070; 1, 23, 1, 0; 0.938117873364; 1, 0, 2; 2, 0, 0; 2, 1, 2 / 2, 5, 2 ;
1,185; 3.11772, -2.98385, 1.11165 / 3.11772, -2.98385, 1.11165 / 3.11772, -2.98385, 1.11165; 1, 22, 1, 0; 0.123855914692; 1, 0, 1; 0, 1, 0; 1, 1, 2 ;
0,185; 3.062322, -2.966948, 1.134474 / 3.062713, -2.966574, 1.134476 / 3.061932, -2.967323, 1.134473; 1, 22, 1, 0; 0.122732129033; 0, 2, 0; 2, 0, 0; 2, 1, 1 / 2, 2, 1 ;
0,185; 1.122250, -2.600282, 1.999317 / 1.122250, -2.600282, 1.999317 / 1.122250, -2.600282, 1.999317; 1, 32, 1, 0; 0.364646558448; 1, 0, 1; 0, 1, 0; 1, 1, 2 ;
1,186; -1.4223, 0.513865, -0.332948 / -1.4223, 0.513865, -0.332948 / -1.4223, 0.513865, -0.332948; 1, 10, 1, 0; 0.692369251997; 1, 0, 1; 1, 0, 0; 2, 1, 2 ;
0,186; -1.418987, 0.513729, -0.335575 / -1.418987, 0.513729, -0.335575 / -1.418987, 0.513729, -0.335575; 1, 10, 1, 0; 0.692370154938; 1, 0, 1; 1, 0, 0; 3, 1, 2 ;
0,186; 0.495292, -0.761333, 2.271667 / 0.495292, -0.761333, 2.271667 / 0.495292, -0.761333, 2.271667; 1, 34, 1, 0; 0.100647929872; 0, 1, 0; 0, 1, 0; 1, 1, 1 ;
1,187; -1.82374, 3.58128, -1.80062 / -1.82372, 3.58129, -1.80057 / -1.82375, 3.58127, -1.80067; 1, 6, 1, 0; 0.555252136589; 2, 1, 1; 1, 1, 0; 3, 1, 1 / 4, 1, 2 ;
0,187; -1.827437, 3.577256, -1.803954 / -1.827437, 3.577256, -1.803954 / -1.827437, 3.577256, -1.803954; 1, 6, 1, 0; 0.555243731382; 0, 1, 0; 0, 1, 0; 4, 1, 1 ;
0,187; -1.825940, 3.573987, -1.800509 / -1.825940, 3.573987, -1.800509 / -1.825940, 3.573987, -1.800509; 1, 6, 1, 0; 0.555252827629; 1, 0, 1; 0, 1, 0; 1, 1, 2 ;
0,187; -1.824774, 3.570877, -1.798043 / -1.824395, 3.571175, -1.797877 / -1.825154, 3.570579, -1.798210; 1, 6, 1, 0; 0.555253376541; 2, 2, 1; 3, 0, 0; 2, 5, 1 / 3, 1, 1 / 3, 3, 2 ;
0,187; -1.824405, 3.571530, -1.805260 / -1.824405, 3.571530, -1.805260 / -1.824405, 3.571530, -1.805260; 1, 6, 1, 0; 0.555244437126; 1, 0, 1; 1, 0, 0; 2, 1, 2 ;
0,187; -1.823884, 3.574001, -1.787136 / -1.823884, 3.574001, -1.787136 / -1.823884, 3.574001, -1.787136; 1, 6, 1, 0; 0.555261575905; 1, 0, 1; 1, 0, 0; 3, 1, 2 ;
0,187; -3.520038, 1.591289, 0.373091 / -3.520038, 1.591289, 0.373091 / -3.520038, 1.591289, 0.373091; 1, 17, 1, 0; 0.932801849078; 1, 0, 1; 0, 1, 0; 1, 1, 2 ;
1,189; -1.96107, 2.30461, -2.94957 / -1.96107, 2.30461, -2.94957 / -1.96107, 2.30461, -2.94957; 1, 2, 1, 0; 0.746320606653; 1, 0, 1; 1, 0, 0; 2, 1, 2 ;
0,189; -1.377627, 1.301321, -2.111693 / -1.377627, 1.301321, -2.111693 / -1.377627, 1.301321, -2.111693; 1, 6, 1, 0; 0.441358609725; 1, 0, 1; 1, 0, 0; 2, 1, 2 ;
1,190; -0.717596, 0.370179, -2.66709 / -0.717596, 0.370179, -2.66709 / -0.717596, 0.370179, -2.66709; 1, 2, 1, 0; 0.872922176446; 1, 0, 1; 1, 0, 0; 2, 1, 2 ;
0,190; -1.732847, 0.840648, -1.500809 / -1.732847, 0.840648, -1.500809 / -1.732847, 0.840648, -1.500809; 1, 10, 1, 0; 0.005625689371; 1, 0, 1; 1, 0, 0; 2, 1, 2 / 2, 2, 0 / 4, 5, 0 ;
0,190; -2.597470, 1.351097, -0.486468 / -2.597470, 1.351097, -0.486468 / -2.597470, 1.351097, -0.486468; 1, 14, 1, 0; 0.304993998840; 1, 0, 1; 0, 1, 0; 1, 7, 0 / 4, 1, 2 ;
1,193; -2.55013, 2.44987, -1.09966 / -2.55013, 2.44987, -1.09966 / -2.55013, 2.44987, -1.09966; 1, 7, 1, 0; 0.657132542972; 1, 0, 1; 1, 0, 0; 2, 3, 0 / 3, 1, 2 ;
0,193; -2.543327, 2.445182, -1.099409 / -2.543327, 2.445182, -1.099409 / -2.543327, 2.445182, -1.099409; 1, 7, 1, 0; 0.657133059448; 1, 0, 1; 1, 0, 0; 2, 1, 2 ;
0,193; -2.592042, 1.575162, -0.872886 / -2.592042, 1.575162, -0.872886 / -2.592042, 1.575162, -0.872886; 1, 7, 1, 0; 0.954921321850; 0, 1, 0; 1, 0, 0; 2, 1, 1 ;
1,196; -2.64863, 0.191232, -2.15411 / -2.64863, 0.191232, -2.15411 / -2.64863, 0.191232, -2.15411; 1, 6, 1, 0; 0.349362493273; 1, 0, 1; 1, 0, 0; 2, 1, 2 ;
0,196; -2.649322, 0.191169, -2.152655 / -2.649322, 0.191169, -2.152655 / -2.649322, 0.191169, -2.152655; 1, 6, 1, 0; 0.349362547184; 1, 0, 1; 1, 0, 0; 2, 1, 2 ;
0,196; -2.228231, 0.700241, -2.045268 / -2.228231, 0.700241, -2.045268 / -2.228231, 0.700241, -2.045268; 1, 6, 1, 0; 0.394420589668; 1, 0, 1; 1, 0, 0; 2, 1, 2 ;
1,197; 2.43246, 3.03075, -0.140435 / 2.43246, 3.03075, -0.140435 / 2.43246, 3.03075, -0.140435; 1, 20, 1, 0; 0.072140644389; 1, 0, 1; 1, 0, 0; 2, 1, 2 ;
