1,1; 3.14377, 2.59169, -0.0868396 / 3.14383, 2.59252, -0.0863556 / 3.14371, 2.59086, -0.0873236; 1, 20, 1, 0; 0.053275404008; 2, 1, 1; 0, 2, 0; 3, 1, 0 / 4, 1, 1 / 4, 5, 2 ;
0,1; 3.148641, 2.600755, -0.084719 / 3.148676, 2.600967, -0.084381 / 3.148606, 2.600544, -0.085056; 1, 20, 1, 0; 0.053287060739; 0, 1, 0; 1, 1, 0; 1, 5, 1 / 3, 1, 3 / 4, 10, 0 ;
0,1; 3.141703, 2.584411, -0.088823 / 3.141703, 2.584411, -0.088823 / 3.141703, 2.584411, -0.088823; 1, 20, 1, 0; 0.053276083743; 1, 0, 1; 0, 1, 0; 4, 1, 2 ;
0,1; 3.142197, 2.588284, -0.090015 / 3.142197, 2.588284, -0.090015 / 3.142197, 2.588284, -0.090015; 1, 20, 1, 0; 0.053276192212; 1, 0, 1; 1, 0, 0; 3, 1, 2 ;
0,1; 3.137725, 2.598320, -0.094144 / 3.137725, 2.598320, -0.094144 / 3.137725, 2.598320, -0.094144; 1, 20, 1, 0; 0.053290141240; 1, 0, 1; 1, 0, 0; 2, 1, 2 ;
1,2; 2.92657, 1.82641, 0.477701 / 2.92657, 1.82641, 0.477701 / 2.92657, 1.82641, 0.477701; 1, 20, 1, 0; 0.419933523370; 1, 0, 1; 0, 1, 0; 4, 1, 2 ;
1,4; -3.0833, 1.73195, 1.95579 / -3.0833, 1.73195, 1.95579 / -3.0833, 1.73195, 1.95579; 1, 29, 1, 0; 0.855749743806; 1, 0, 1; 1, 0, 0; 3, 1, 2 ;
1,5; -0.96143, 0.904067, 0.835804 / -0.960356, 0.904108, 0.835897 / -0.962504, 0.904025, 0.835712; 1, 23, 1, 0; 0.125340903548; 1, 0, 2; 1, 1, 0; 1, 7, 2 / 2, 1, 2 / 2, 2, 0 / 2, 8, 0 / 3, 4, 0 ;
0,5; -0.952442, 0.902438, 0.841718 / -0.952298, 0.902667, 0.842000 / -0.952585, 0.902208, 0.841437; 1, 23, 1, 0; 0.125352830850; 2, 1, 1; 1, 1, 0; 1, 1, 1 / 2, 3, 2 ;
0,5; -0.956263, 0.906251, 0.836803 / -0.956016, 0.906507, 0.837022 / -0.956510, 0.905994, 0.836584; 1, 23, 1, 0; 0.125340748361; 1, 0, 2; 2, 0, 0; 2, 1, 2 / 3, 1, 2 ;
0,5; -0.954685, 0.900221, 0.839947 / -0.954685, 0.900221, 0.839947 / -0.954685, 0.900221, 0.839947; 1, 23, 1, 0; 0.125352653492; 1, 0, 1; 1, 0, 0; 2, 1, 2 / 4, 4, 0 ;
0,5; -0.953524, 0.905984, 0.843141 / -0.953524, 0.905984, 0.843141 / -0.953524, 0.905984, 0.843141; 1, 23, 1, 0; 0.125353784147; 1, 0, 1; 1, 0, 0; 2, 1, 2 ;
0,5; -0.998135, 0.570356, 1.671385 / -0.998135, 0.570356, 1.671385 / -0.998135, 0.570356, 1.671385; 1, 30, 1, 0; 0.175632400902; 0, 1, 0; 0, 1, 0; 1, 1, 1 ;
1,6; -3.54637, 2.19562, 0.449586 / -3.54637, 2.19562, 0.449586 / -3.54637, 2.19562, 0.449586; 1, 24, 1, 0; 0.041527307903; 1, 0, 1; 1, 0, 0; 3, 1, 2 ;
0,6; -3.485031, 2.229608, 0.434822 / -3.485031, 2.229608, 0.434822 / -3.485031, 2.229608, 0.434822; 1, 24, 1, 0; 0.041576221662; 1, 0, 1; 1, 0, 0; 2, 1, 2 ;
0,6; -3.488597, 2.219851, 0.433225 / -3.488597, 2.219851, 0.433225 / -3.488597, 2.219851, 0.433225; 1, 24, 1, 0; 0.041578209545; 1, 0, 1; 1, 0, 0; 2, 1, 2 ;
0,6; -3.502721, 2.215706, 0.439628 / -3.502721, 2.215706, 0.439628 / -3.502721, 2.215706, 0.439628; 1, 24, 1, 0; 0.041582709995; 1, 0, 1; 1, 0, 0; 2, 1, 2 ;
1,8; -0.842394, -0.719068, -2.21127 / -0.842394, -0.719068, -2.21127 / -0.842394, -0.719068, -2.21127; 1, 4, 1, 0; 0.505365474276; 1, 0, 1; 1, 0, 0; 3, 1, 2 ;
0,8; -0.844087, -0.717453, -2.216344 / -0.844087, -0.717453, -2.216344 / -0.844087, -0.717453, -2.216344; 1, 4, 1, 0; 0.505366046495; 1, 0, 1; 1, 0, 0; 3, 1, 2 ;
0,8; -2.378720, 0.033416, -0.908534 / -2.378720, 0.033416, -0.908534 / -2.378720, 0.033416, -0.908534; 1, 10, 1, 0; 0.335319381545; 1, 0, 1; 1, 0, 0; 2, 1, 2 ;
1,9; 2.38899, -2.49769, 2.92005 / 2.38899, -2.49769, 2.92005 / 2.38899, -2.49769, 2.92005; 1, 35, 1, 0; 0.846679252234; 1, 0, 1; 0, 1, 0; 1, 1, 2 ;
0,9; 2.390111, -2.494811, 2.922926 / 2.390334, -2.494535, 2.923404 / 2.389888, -2.495086, 2.922449; 1, 35, 1, 0; 0.846677629121; 1, 0, 2; 2, 0, 0; 2, 3, 2 / 3, 1, 2 ;
0,9; 2.392544, -2.487574, 2.908335 / 2.392544, -2.487574, 2.908335 / 2.392544, -2.487574, 2.908335; 1, 35, 1, 0; 0.846667851797; 1, 0, 1; 1, 0, 0; 2, 1, 2 ;
1,10; -0.568983, -4.16745, -1.65166 / -0.568982, -4.16743, -1.65165 / -0.568985, -4.16748, -1.65168; 1, 8, 1, 0; 0.425999891591; 2, 1, 1; 2, 0, 0; 3, 1, 1 / 3, 2, 2 ;
1,14; 2.62145, -1.30035, -1.24857 / 2.62145, -1.30035, -1.24857 / 2.62145, -1.30035, -1.24857; 1, 8, 1, 0; 0.700407044113; 1, 0, 1; 0, 1, 0; 4, 1, 2 ;
0,14; 0.660400, 2.332845, 0.222541 / 0.660400, 2.332845, 0.222541 / 0.660400, 2.332845, 0.222541; 1, 17, 1, 0; 0.575103773480; 1, 0, 1; 1, 0, 0; 2, 1, 2 ;
1,19; 3.62537, -1.24534, 0.745174 / 3.62537, -1.24534, 0.745174 / 3.62537, -1.24534, 0.745174; 1, 19, 1, 0; 0.809646414904; 0, 1, 0; 0, 1, 0; 4, 1, 1 ;
1,20; -3.20582, -0.513505, 0.0827204 / -3.20538, -0.512974, 0.0832843 / -3.20626, -0.514036, 0.0821566; 1, 14, 1, 0; 0.913029760828; 2, 1, 2; 2, 1, 0; 2, 3, 2 / 3, 2, 2 / 4, 1, 1 ;
0,20; -0.142229, 1.019161, 1.342954 / -0.142229, 1.019161, 1.342954 / -0.142229, 1.019161, 1.342954; 1, 26, 1, 0; 0.784365007929; 1, 0, 1; 1, 0, 0; 1, 1, 0 / 2, 1, 2 ;
0,20; -0.151285, 1.015498, 1.344206 / -0.151285, 1.015498, 1.344206 / -0.151285, 1.015498, 1.344206; 1, 26, 1, 0; 0.784365676568; 1, 0, 1; 1, 0, 0; 3, 1, 2 ;
0,20; 0.144498, 1.217208, 1.440975 / 0.144498, 1.217208, 1.440975 / 0.144498, 1.217208, 1.440975; 1, 26, 1, 0; 0.788765110797; 0, 1, 0; 1, 0, 0; 1, 4, 0 / 3, 1, 1 / 3, 10, 0 ;
0,20; 0.143350, 1.208122, 1.446416 / 0.143350, 1.208122, 1.446416 / 0.143350, 1.208122, 1.446416; 1, 26, 1, 0; 0.788767159573; 1, 0, 1; 1, 0, 0; 2, 1, 2 ;
1,21; -0.950581, 3.20966, -1.00236 / -0.950581, 3.20966, -1.00236 / -0.950581, 3.20966, -1.00236; 1, 7, 1, 0; 0.750059271964; 0, 1, 0; 0, 1, 0; 1, 1, 1 ;
0,21; 2.517138, -0.210767, 3.618456 / 2.517138, -0.210767, 3.618456 / 2.517138, -0.210767, 3.618456; 1, 44, 1, 0; 0.456841172112; 0, 1, 0; 1, 0, 0; 3, 1, 1 ;
1,22; -2.38296, -2.08648, -0.414687 / -2.38236, -2.08582, -0.41386 / -2.38355, -2.08714, -0.415514; 1, 10, 1, 0; 0.506123988382; 0, 1, 0; 1, 1, 0; 3, 8, 1 / 4, 1, 3 / 4, 8, 0 ;
0,22; -2.378870, -2.082502, -0.411531 / -2.378870, -2.082502, -0.411531 / -2.378870, -2.082502, -0.411531; 1, 10, 1, 0; 0.506132677160; 1, 0, 1; 0, 1, 0; 1, 1, 2 ;
0,22; -2.380583, -2.086750, -0.415348 / -2.380478, -2.086167, -0.414756 / -2.380689, -2.087332, -0.415940; 1, 10, 1, 0; 0.506123344969; 2, 1, 2; 3, 0, 0; 2, 8, 2 / 3, 1, 1 / 3, 2, 2 ;
0,22; -2.597828, -2.293459, -0.508613 / -2.597828, -2.293459, -0.508613 / -2.597828, -2.293459, -0.508613; 1, 10, 1, 0; 0.486287826194; 1, 0, 1; 1, 0, 0; 2, 1, 2 ;
0,22; -2.421289, -2.125380, -0.427901 / -2.421289, -2.125380, -0.427901 / -2.421289, -2.125380, -0.427901; 1, 10, 1, 0; 0.505406226075; 1, 0, 1; 1, 0, 0; 3, 1, 2 / 3, 2, 0 / 3, 8, 0 / 4, 4, 0 ;
0,22; -2.383827, -2.088130, -0.418566 / -2.383827, -2.088130, -0.418566 / -2.383827, -2.088130, -0.418566; 1, 10, 1, 0; 0.506124107332; 1, 0, 1; 1, 0, 0; 3, 1, 2 ;
0,22; -2.383714, -2.089067, -0.407061 / -2.383714, -2.089067, -0.407061 / -2.383714, -2.089067, -0.407061; 1, 10, 1, 0; 0.506133839629; 1, 0, 1; 1, 0, 0; 3, 1, 2 ;
0,22; -2.034584, -1.799692, -0.240052 / -2.034584, -1.799692, -0.240052 / -2.034584, -1.799692, -0.240052; 1, 10, 1, 0; 0.867677695522; 1, 0, 1; 1, 0, 0; 3, 1, 2 ;
0,22; 2.200732, 1.732395, 1.308398 / 2.200732, 1.732395, 1.308398 / 2.200732, 1.732395, 1.308398; 1, 26, 1, 0; 0.687564930779; 1, 0, 1; 1, 0, 0; 3, 1, 2 ;
1,28; -2.51906, 2.40897, 1.67265 / -2.51906, 2.40897, 1.67265 / -2.51906, 2.40897, 1.67265; 1, 24, 1, 0; 0.973357793907; 1, 0, 1; 1, 0, 0; 3, 1, 2 ;
1,29; -1.33879, -0.555927, -1.06595 / -1.33879, -0.555927, -1.06595 / -1.33879, -0.555927, -1.06595; 1, 10, 1, 0; 0.177244451509; 1, 0, 1; 1, 0, 0; 3, 1, 2 ;
1,30; -1.12952, -1.02511, 2.41345 / -1.12952, -1.02511, 2.41345 / -1.12952, -1.02511, 2.41345; 1, 34, 1, 0; 0.146228456179; 1, 0, 1; 1, 0, 0; 3, 1, 2 ;
1,31; 0.502043, -3.06488, 0.0569423 / 0.502043, -3.06488, 0.0569423 / 0.502043, -3.06488, 0.0569423; 1, 15, 1, 0; 0.804598602717; 0, 1, 0; 1, 0, 0; 2, 1, 1 ;
0,31; -2.691900, -1.712704, 1.164902 / -2.691598, -1.712558, 1.164923 / -2.692201, -1.712850, 1.164882; 1, 21, 1, 0; 0.683997160959; 1, 0, 2; 1, 1, 0; 3, 1, 2 / 4, 1, 2 ;
1,32; -0.511823, -1.1545, -3.51669 / -0.511823, -1.1545, -3.51669 / -0.511823, -1.1545, -3.51669; 1, 1, 1, 0; 0.840049394201; 0, 1, 0; 0, 1, 0; 1, 1, 1 ;
0,32; -0.510506, -1.151296, -3.517310 / -0.510506, -1.151296, -3.517310 / -0.510506, -1.151296, -3.517310; 1, 1, 1, 0; 0.840048911651; 1, 0, 1; 1, 0, 0; 2, 1, 2 ;
0,32; -0.594466, -0.124768, -3.280669 / -0.594466, -0.124768, -3.280669 / -0.594466, -0.124768, -3.280669; 1, 2, 1, 0; 0.401169228140; 1, 0, 1; 1, 0, 0; 2, 1, 2 ;
1,33; 4.16865, -1.10006, -1.66 / 4.16865, -1.10006, -1.66 / 4.16865, -1.10006, -1.66; 1, 8, 1, 0; 0.116777831641; 1, 0, 1; 1, 0, 0; 3, 1, 2 ;
1,34; -0.201887, -0.365071, -0.0922889 / -0.201887, -0.365071, -0.0922889 / -0.201887, -0.365071, -0.0922889; 1, 16, 1, 0; 0.407971221229; 0, 1, 0; 1, 0, 0; 2, 1, 1 ;
0,34; 0.439379, -0.470962, 1.740795 / 0.439379, -0.470962, 1.740795 / 0.439379, -0.470962, 1.740795; 1, 27, 1, 0; 0.757162452852; 1, 0, 1; 1, 0, 0; 2, 1, 2 ;
0,34; 1.037191, -0.588567, 3.428897 / 1.037191, -0.588567, 3.428897 / 1.037191, -0.588567, 3.428897; 1, 44, 1, 0; 0.388196644995; 0, 1, 0; 1, 0, 0; 2, 1, 1 ;
1,35; -1.94144, 2.84242, -0.742149 / -1.94144, 2.84242, -0.742149 / -1.94144, 2.84242, -0.742149; 1, 14, 1, 0; 0.128679344809; 1, 0, 1; 0, 1, 0; 4, 1, 2 ;
0,35; -1.941041, 2.839211, -0.742894 / -1.941041, 2.839211, -0.742894 / -1.941041, 2.839211, -0.742894; 1, 14, 1, 0; 0.128680360390; 1, 0, 1; 1, 0, 0; 3, 1, 2 ;
1,37; 0.570026, -3.45169, -0.193257 / 0.570026, -3.45169, -0.193257 / 0.570026, -3.45169, -0.193257; 1, 15, 1, 0; 0.299715915788; 1, 0, 1; 1, 0, 0; 2, 1, 2 ;
1,39; -3.83602, -0.485014, -0.497777 / -3.83602, -0.485014, -0.497777 / -3.83602, -0.485014, -0.497777; 1, 10, 1, 0; 0.621132774483; 1, 0, 1; 0, 1, 0; 1, 1, 2 ;
0,39; 1.727274, 1.066483, -0.812637 / 1.727274, 1.066483, -0.812637 / 1.727274, 1.066483, -0.812637; 1, 12, 1, 0; 0.341781783414; 1, 0, 1; 1, 0, 0; 3, 1, 2 ;
1,41; -2.88422, -1.77233, -0.822792 / -2.88422, -1.77233, -0.822792 / -2.88422, -1.77233, -0.822792; 1, 9, 1, 0; 0.476339315452; 1, 0, 1; 1, 0, 0; 2, 1, 2 ;
0,41; 3.577743, -2.276238, -0.256263 / 3.577743, -2.276238, -0.256263 / 3.577743, -2.276238, -0.256263; 1, 15, 1, 0; 0.489871348742; 0, 1, 0; 0, 1, 0; 1, 1, 1 ;
0,41; 3.586562, -2.266857, -0.251562 / 3.586562, -2.266857, -0.251562 / 3.586562, -2.266857, -0.251562; 1, 15, 1, 0; 0.489858095185; 1, 0, 1; 1, 0, 0; 2, 1, 2 ;
0,41; 3.571929, -2.271533, -0.251201 / 3.571929, -2.271533, -0.251201 / 3.571929, -2.271533, -0.251201; 1, 15, 1, 0; 0.489870270509; 1, 0, 1; 1, 0, 0; 3, 1, 2 ;
0,41; 3.578289, -2.273564, -0.257715 / 3.578289, -2.273564, -0.257715 / 3.578289, -2.273564, -0.257715; 1, 15, 1, 0; 0.489871469290; 1, 0, 1; 1, 0, 0; 1, 9, 0 / 3, 1, 2 ;
0,41; 3.580083, -2.269196, -0.260126 / 3.580083, -2.269196, -0.260126 / 3.580083, -2.269196, -0.260126; 1, 15, 1, 0; 0.489871703688; 1, 0, 1; 1, 0, 0; 3, 1, 2 ;
0,41; 3.565956, -2.242752, -0.253859 / 3.565956, -2.242752, -0.253859 / 3.565956, -2.242752, -0.253859; 1, 15, 1, 0; 0.489876351474; 1, 0, 1; 1, 0, 0; 3, 1, 2 ;
1,42; 2.30476, 2.72824, 2.1368 / 2.30476, 2.72824, 2.1368 / 2.30476, 2.72824, 2.1368; 1, 28, 1, 0; 0.491761394610; 0, 1, 0; 1, 0, 0; 3, 1, 1 ;
1,44; -0.164673, 3.06736, 1.70236 / -0.164673, 3.06736, 1.70236 / -0.164673, 3.06736, 1.70236; 1, 29, 1, 0; 0.433445396488; 1, 0, 1; 1, 0, 0; 2, 1, 2 ;
1,45; -1.24611, 1.21032, -1.98859 / -1.24611, 1.21032, -1.98859 / -1.24611, 1.21032, -1.98859; 1, 6, 1, 0; 0.407421263065; 1, 0, 1; 1, 0, 0; 2, 1, 2 ;
1,46; 0.215016, -1.95625, 3.2179 / 0.215016, -1.95625, 3.2179 / 0.215016, -1.95625, 3.2179; 1, 40, 1, 0; 0.643191403426; 1, 0, 1; 1, 0, 0; 3, 1, 2 ;
1,50; -1.47924, 3.87554, -1.64851 / -1.47924, 3.87554, -1.64851 / -1.47924, 3.87554, -1.64851; 1, 7, 1, 0; 0.148335465713; 1, 0, 1; 0, 1, 0; 4, 1, 2 ;
0,50; -1.147600, 1.729896, 0.316454 / -1.147600, 1.729896, 0.316454 / -1.147600, 1.729896, 0.316454; 1, 17, 1, 0; 0.955785704521; 1, 0, 1; 0, 1, 0; 4, 1, 2 ;
0,50; -1.154794, 1.727656, 0.320380 / -1.153590, 1.727866, 0.320535 / -1.155999, 1.727446, 0.320224; 1, 17, 1, 0; 0.955797937782; 2, 1, 1; 2, 0, 0; 1, 3, 0 / 2, 10, 1 / 3, 1, 2 ;
0,50; -1.025337, 0.695236, 1.331889 / -1.025337, 0.695236, 1.331889 / -1.025337, 0.695236, 1.331889; 1, 26, 1, 0; 0.886125138228; 1, 0, 1; 1, 0, 0; 3, 1, 2 ;
1,51; -0.749464, 1.71, 0.405061 / -0.749464, 1.71, 0.405061 / -0.749464, 1.71, 0.405061; 1, 17, 1, 0; 0.958634770916; 1, 0, 1; 0, 1, 0; 4, 1, 2 ;
0,51; -0.752108, 1.709737, 0.407380 / -0.752108, 1.709737, 0.407380 / -0.752108, 1.709737, 0.407380; 1, 17, 1, 0; 0.958635628778; 1, 0, 1; 1, 0, 0; 2, 1, 2 ;
1,52; -0.828195, -3.57843, 1.17656 / -0.828195, -3.57843, 1.17656 / -0.828195, -3.57843, 1.17656; 1, 18, 1, 0; 0.939678796705; 0, 1, 0; 0, 1, 0; 1, 1, 1 ;
1,56; 1.04704, 1.10039, 1.21712 / 1.04704, 1.10039, 1.21712 / 1.04704, 1.10039, 1.21712; 1, 26, 1, 0; 0.246778680725; 1, 0, 1; 1, 0, 0; 1, 7, 0 / 3, 1, 2 ;
0,56; 2.471033, -0.013342, 3.563287 / 2.471033, -0.013342, 3.563287 / 2.471033, -0.013342, 3.563287; 1, 44, 1, 0; 0.470291780078; 1, 0, 1; 1, 0, 0; 3, 1, 2 ;
1,57; -0.591522, 1.33904, 1.42284 / -0.591522, 1.33904, 1.42284 / -0.591522, 1.33904, 1.42284; 1, 26, 1, 0; 0.753182341091; 1, 0, 1; 1, 0, 0; 3, 1, 2 ;
0,57; -0.591822, 1.346390, 1.418090 / -0.591822, 1.346390, 1.418090 / -0.591822, 1.346390, 1.418090; 1, 26, 1, 0; 0.753196451074; 1, 0, 1; 1, 0, 0; 3, 1, 2 ;
0,57; -2.777577, -1.046906, 2.216676 / -2.777577, -1.046906, 2.216676 / -2.777577, -1.046906, 2.216676; 1, 36, 1, 0; 0.115162672005; 1, 0, 1; 1, 0, 0; 3, 1, 2 ;
1,59; 2.12498, 0.874494, 1.66391 / 2.12498, 0.874494, 1.66391 / 2.12498, 0.874494, 1.66391; 1, 27, 1, 0; 0.486330344251; 1, 0, 1; 1, 0, 0; 2, 1, 2 ;
0,59; 1.942834, 0.499337, 3.349722 / 1.942834, 0.499337, 3.349722 / 1.942834, 0.499337, 3.349722; 1, 42, 1, 0; 0.094077367914; 1, 0, 1; 1, 0, 0; 2, 1, 2 ;
1,61; -1.8114, -2.73174, -0.746181 / -1.8114, -2.73174, -0.746181 / -1.8114, -2.73174, -0.746181; 1, 9, 1, 0; 0.574205384988; 1, 0, 1; 1, 0, 0; 2, 1, 2 / 3, 4, 0 ;
0,61; -1.642774, 2.541889, 0.398410 / -1.642774, 2.541889, 0.398410 / -1.642774, 2.541889, 0.398410; 1, 25, 1, 0; 0.066376391925; 1, 0, 1; 1, 0, 0; 3, 1, 2 ;
1,63; 2.30677, -3.16568, -1.88328 / 2.30677, -3.16568, -1.88328 / 2.30677, -3.16568, -1.88328; 1, 8, 1, 0; 0.008422228495; 1, 0, 1; 0, 1, 0; 4, 1, 2 ;
0,63; 0.303673, 1.991842, 3.912821 / 0.303673, 1.991842, 3.912821 / 0.303673, 1.991842, 3.912821; 1, 46, 1, 0; 0.449767024002; 1, 0, 1; 0, 1, 0; 1, 1, 2 ;
1,64; -0.884681, 3.31741, 2.25243 / -0.884681, 3.31741, 2.25243 / -0.884681, 3.31741, 2.25243; 1, 38, 1, 0; 0.106466947715; 0, 0, 0; 1, 0, 0; 3, 1, 3 ;
1,66; -0.556492, 2.90778, -2.26409 / -0.555969, 2.90787, -2.26389 / -0.557014, 2.90768, -2.2643; 1, 4, 1, 0; 0.277555386308; 2, 1, 1; 1, 1, 0; 3, 3, 2 / 4, 1, 1 ;
1,67; 1.68902, -0.180533, -0.699571 / 1.68902, -0.180533, -0.699571 / 1.68902, -0.180533, -0.699571; 1, 12, 1, 0; 0.455940433849; 0, 1, 0; 1, 0, 0; 3, 1, 1 ;
1,69; 1.07777, -0.602225, 4.02549 / 1.07803, -0.601765, 4.02573 / 1.07751, -0.602685, 4.02525; 1, 46, 1, 0; 0.716303611403; 2, 1, 1; 2, 0, 0; 3, 1, 1 / 3, 5, 2 ;
0,69; 0.897960, -0.954057, 4.252276 / 0.897960, -0.954057, 4.252276 / 0.897960, -0.954057, 4.252276; 1, 46, 1, 0; 0.785489759623; 1, 0, 1; 1, 0, 0; 2, 1, 2 ;
1,70; 2.06655, 0.6072, 0.138012 / 2.06655, 0.6072, 0.138012 / 2.06655, 0.6072, 0.138012; 1, 16, 1, 0; 0.644731754425; 1, 0, 1; 0, 1, 0; 1, 1, 2 ;
0,70; 3.174521, 2.212406, 0.054959 / 3.174521, 2.212406, 0.054959 / 3.174521, 2.212406, 0.054959; 1, 20, 1, 0; 0.273991808471; 1, 0, 1; 1, 0, 0; 3, 1, 2 ;
1,71; 1.46103, 3.30771, 2.64879 / 1.46103, 3.30771, 2.64879 / 1.46103, 3.30771, 2.64879; 1, 38, 1, 0; 0.321393838363; 1, 0, 1; 1, 0, 0; 3, 1, 2 ;
1,72; 3.64898, -2.21465, -1.7111 / 3.64898, -2.21465, -1.7111 / 3.64898, -2.21465, -1.7111; 1, 8, 1, 0; 0.254896807158; 1, 0, 1; 1, 0, 0; 2, 1, 2 ;
1,74; 1.32005, 1.34166, -4.17997 / 1.32005, 1.34166, -4.17997 / 1.32005, 1.34166, -4.17997; 1, 1, 1, 0; 0.103447444697; 1, 0, 1; 0, 1, 0; 4, 1, 2 ;
0,74; 2.250991, -1.103435, -3.454481 / 2.250991, -1.103435, -3.454481 / 2.250991, -1.103435, -3.454481; 1, 3, 1, 0; 0.048912430437; 1, 0, 1; 0, 1, 0; 1, 1, 2 / 2, 2, 0 ;
0,74; 2.246278, -1.108376, -3.450176 / 2.246278, -1.108376, -3.450176 / 2.246278, -1.108376, -3.450176; 1, 3, 1, 0; 0.048904975479; 1, 0, 1; 1, 0, 0; 3, 1, 2 ;
1,76; 2.5666, -1.37441, 1.78618 / 2.5666, -1.37441, 1.78618 / 2.5666, -1.37441, 1.78618; 1, 27, 1, 0; 0.936029262804; 1, 0, 1; 1, 0, 0; 2, 1, 2 ;
1,79; 3.26653, 0.80419, 1.67838 / 3.26653, 0.80419, 1.67838 / 3.26653, 0.80419, 1.67838; 1, 27, 1, 0; 0.468861542683; 0, 1, 0; 1, 0, 0; 2, 1, 1 ;
0,79; 3.297162, 0.840373, 1.654284 / 3.297162, 0.840373, 1.654284 / 3.297162, 0.840373, 1.654284; 1, 27, 1, 0; 0.470591665193; 1, 0, 1; 1, 0, 0; 1, 1, 0 / 2, 1, 2 ;
1,81; 0.651284, 1.99411, -3.21278 / 0.651284, 1.99411, -3.21278 / 0.651284, 1.99411, -3.21278; 1, 2, 1, 0; 0.233452863503; 1, 0, 1; 0, 1, 0; 4, 1, 2 ;
0,81; 0.652801, 1.994139, -3.216696 / 0.652801, 1.994139, -3.216696 / 0.652801, 1.994139, -3.216696; 1, 2, 1, 0; 0.233452376997; 1, 0, 1; 1, 0, 0; 3, 1, 2 ;
1,82; 3.07446, 2.59824, 0.854617 / 3.07446, 2.59824, 0.854617 / 3.07446, 2.59824, 0.854617; 1, 20, 1, 0; 0.677230383862; 1, 0, 1; 1, 0, 0; 3, 1, 2 ;
0,82; 3.067694, 2.598244, 0.853673 / 3.067694, 2.598244, 0.853673 / 3.067694, 2.598244, 0.853673; 1, 20, 1, 0; 0.677231533627; 1, 0, 1; 1, 0, 0; 2, 1, 2 ;
1,83; 0.600551, -2.47744, -3.20043 / 0.600551, -2.47744, -3.20043 / 0.600551, -2.47744, -3.20043; 1, 3, 1, 0; 0.066633707693; 1, 0, 1; 1, 0, 0; 2, 1, 2 ;
0,83; 0.599996, -2.479919, -3.202378 / 0.599996, -2.479919, -3.202378 / 0.599996, -2.479919, -3.202378; 1, 3, 1, 0; 0.066633756050; 1, 0, 1; 1, 0, 0; 3, 1, 2 ;
1,86; -0.724982, 2.0655, 1.03817 / -0.724982, 2.0655, 1.03817 / -0.724982, 2.0655, 1.03817; 1, 25, 1, 0; 0.852636697956; 1, 0, 1; 0, 1, 0; 1, 1, 2 ;
0,86; -0.721963, 2.065141, 1.033936 / -0.721963, 2.065141, 1.033936 / -0.721963, 2.065141, 1.033936; 1, 25, 1, 0; 0.852620907805; 1, 0, 1; 1, 0, 0; 3, 1, 2 ;
1,87; 2.67496, -3.47517, -1.45643 / 2.67496, -3.47517, -1.45643 / 2.67496, -3.47517, -1.45643; 1, 8, 1, 0; 0.493592404639; 1, 0, 1; 1, 0, 0; 2, 1, 2 / 2, 5, 0 ;
0,87; 0.328931, 0.496455, 2.286733 / 0.328931, 0.496455, 2.286733 / 0.328931, 0.496455, 2.286733; 1, 31, 1, 0; 0.860263806087; 1, 0, 1; 0, 1, 0; 1, 1, 2 ;
0,87; 0.335307, 0.484013, 2.291075 / 0.335307, 0.484013, 2.291075 / 0.335307, 0.484013, 2.291075; 1, 31, 1, 0; 0.860270382512; 0, 1, 0; 1, 0, 0; 1, 1, 0 / 2, 1, 1 ;
0,87; 0.340859, 0.478986, 2.291813 / 0.340859, 0.478986, 2.291813 / 0.340859, 0.478986, 2.291813; 1, 31, 1, 0; 0.860270768065; 1, 0, 1; 1, 0, 0; 3, 1, 2 / 4, 3, 0 ;
1,88; 0.955592, -0.501581, -2.60998 / 0.955592, -0.501581, -2.60998 / 0.955592, -0.501581, -2.60998; 1, 2, 1, 0; 0.944853696180; 1, 0, 1; 1, 0, 0; 2, 1, 2 ;
0,88; 0.973487, -0.456183, -2.569878 / 0.973487, -0.456183, -2.569878 / 0.973487, -0.456183, -2.569878; 1, 2, 1, 0; 0.945277379608; 1, 0, 1; 1, 0, 0; 3, 1, 2 ;
0,88; 2.710447, 3.081314, 0.755246 / 2.710447, 3.081314, 0.755246 / 2.710447, 3.081314, 0.755246; 1, 20, 1, 0; 0.647046342014; 1, 0, 1; 0, 1, 0; 4, 1, 2 ;
1,90; 0.172298, -1.53357, -1.7249 / 0.172308, -1.53352, -1.72483 / 0.172289, -1.53363, -1.72496; 1, 8, 1, 0; 0.158876051999; 2, 1, 1; 1, 1, 0; 3, 1, 2 / 4, 1, 1 ;
1,91; 0.135643, 3.08919, -1.34435 / 0.135643, 3.08919, -1.34435 / 0.135643, 3.08919, -1.34435; 1, 7, 1, 0; 0.323014386657; 1, 0, 1; 1, 0, 0; 1, 3, 0 / 2, 1, 2 ;
1,94; 1.37095, -1.57374, -0.358032 / 1.37138, -1.57342, -0.357795 / 1.37052, -1.57407, -0.358268; 1, 12, 1, 0; 0.660019723019; 2, 1, 2; 2, 1, 0; 1, 7, 0 / 2, 1, 2 / 3, 3, 1 / 4, 3, 2 ;
0,94; 1.367269, -1.574103, -0.366351 / 1.367269, -1.574103, -0.366351 / 1.367269, -1.574103, -0.366351; 1, 12, 1, 0; 0.660010276340; 1, 0, 1; 1, 0, 0; 2, 1, 2 ;
0,94; 0.959911, -0.449962, 1.000981 / 0.959911, -0.449962, 1.000981 / 0.959911, -0.449962, 1.000981; 1, 23, 1, 0; 0.435990793661; 1, 0, 1; 0, 1, 0; 1, 1, 2 ;
0,94; 0.950524, -0.422803, 1.036272 / 0.950524, -0.422803, 1.036272 / 0.950524, -0.422803, 1.036272; 1, 23, 1, 0; 0.436026095220; 0, 1, 0; 0, 1, 0; 4, 1, 1 ;
1,95; -3.30856, 1.4138, 0.270192 / -3.30856, 1.4138, 0.270192 / -3.30856, 1.4138, 0.270192; 1, 14, 1, 0; 0.758813678458; 1, 0, 1; 1, 0, 0; 2, 1, 2 ;
1,97; -3.33591, -0.757114, -1.84802 / -3.33591, -0.757114, -1.84802 / -3.33591, -0.757114, -1.84802; 1, 6, 1, 0; 0.827574502475; 1, 0, 1; 1, 0, 0; 2, 1, 2 ;
1,98; 3.81194, 0.803815, 0.0349484 / 3.81194, 0.803815, 0.0349484 / 3.81194, 0.803815, 0.0349484; 1, 19, 1, 0; 0.135132150595; 1, 0, 1; 1, 0, 0; 2, 1, 2 ;
0,98; -1.655568, 3.664367, 2.248464 / -1.655568, 3.664367, 2.248464 / -1.655568, 3.664367, 2.248464; 1, 39, 1, 0; 0.003621153544; 0, 1, 0; 1, 0, 0; 3, 1, 1 ;
1,99; 2.56033, 0.704166, -3.22991 / 2.56033, 0.704166, -3.22991 / 2.56033, 0.704166, -3.22991; 1, 3, 1, 0; 0.213097220711; 1, 0, 1; 0, 1, 0; 1, 1, 2 ;
0,99; 0.353082, 0.680573, -2.366172 / 0.353082, 0.680573, -2.366172 / 0.353082, 0.680573, -2.366172; 1, 4, 1, 0; 0.436459156905; 1, 0, 1; 1, 0, 0; 3, 1, 2 ;
0,99; -1.439004, 0.665567, -1.170023 / -1.439004, 0.665567, -1.170023 / -1.439004, 0.665567, -1.170023; 1, 10, 1, 0; 0.275945449394; 1, 0, 1; 1, 0, 0; 3, 1, 2 ;
1,100; -1.32013, 3.30778, 0.748394 / -1.31981, 3.30795, 0.74873 / -1.32045, 3.30762, 0.748058; 1, 25, 1, 0; 0.492661360422; 2, 1, 1; 0, 2, 0; 4, 1, 1 / 4, 10, 2 ;
0,100; -1.318278, 3.308943, 0.748038 / -1.318278, 3.308943, 0.748038 / -1.318278, 3.308943, 0.748038; 1, 25, 1, 0; 0.492661231837; 1, 0, 1; 1, 0, 0; 2, 1, 2 ;
0,100; -1.482179, 3.232536, 1.150595 / -1.482179, 3.232536, 1.150595 / -1.482179, 3.232536, 1.150595; 1, 25, 1, 0; 0.990455076936; 1, 0, 1; 1, 0, 0; 3, 1, 2 ;
1,104; -3.8872, -0.338224, 1.74144 / -3.8872, -0.338224, 1.74144 / -3.8872, -0.338224, 1.74144; 1, 24, 1, 0; 0.770868128685; 0, 1, 0; 1, 0, 0; 2, 1, 1 ;
1,105; 3.10585, 0.117179, -3.22572 / 3.10585, 0.117179, -3.22572 / 3.10585, 0.117179, -3.22572; 1, 3, 1, 0; 0.195095991650; 1, 0, 1; 0, 1, 0; 3, 10, 0 / 4, 1, 2 ;
1,106; -0.176369, 3.26524, 1.82474 / -0.176369, 3.26524, 1.82474 / -0.176369, 3.26524, 1.82474; 1, 29, 1, 0; 0.437442468273; 1, 0, 1; 1, 0, 0; 3, 1, 2 ;
1,107; 1.18674, 1.96483, -2.90354 / 1.18674, 1.96483, -2.90354 / 1.18674, 1.96483, -2.90354; 1, 2, 1, 0; 0.719361597353; 1, 0, 1; 1, 0, 0; 2, 1, 2 ;
1,108; 1.9941, -1.11191, 2.97882 / 1.9941, -1.11191, 2.97882 / 1.9941, -1.11191, 2.97882; 1, 36, 1, 0; 0.807842212793; 1, 0, 1; 1, 0, 0; 2, 1, 2 ;
0,108; 1.993823, -1.117925, 2.978166 / 1.993823, -1.117925, 2.978166 / 1.993823, -1.117925, 2.978166; 1, 36, 1, 0; 0.807843900315; 1, 0, 1; 1, 0, 0; 2, 1, 2 ;
1,109; -2.41212, 2.32148, -1.64654 / -2.41212, 2.32148, -1.64654 / -2.41212, 2.32148, -1.64654; 1, 6, 1, 0; 0.614100907566; 1, 0, 1; 1, 0, 0; 2, 1, 2 ;
1,112; 3.72411, 0.639344, 1.93548 / 3.72411, 0.639344, 1.93548 / 3.72411, 0.639344, 1.93548; 1, 28, 1, 0; 0.664664782605; 1, 0, 1; 1, 0, 0; 3, 1, 2 ;
1,113; 1.88805, 0.0172408, -2.951 / 1.88819, 0.0172501, -2.95081 / 1.88792, 0.0172314, -2.9512; 1, 3, 1, 0; 0.284063814440; 1, 0, 2; 1, 1, 0; 3, 1, 2 / 4, 1, 2 ;
0,113; 1.871251, 0.003123, -2.971537 / 1.871251, 0.003123, -2.971537 / 1.871251, 0.003123, -2.971537; 1, 3, 1, 0; 0.284051584279; 1, 0, 1; 0, 1, 0; 4, 1, 2 ;
0,113; 1.868881, 0.012425, -2.975990 / 1.868881, 0.012425, -2.975990 / 1.868881, 0.012425, -2.975990; 1, 3, 1, 0; 0.284044774074; 1, 0, 1; 1, 0, 0; 2, 1, 2 ;
0,113; 1.869579, 0.006078, -2.971354 / 1.869579, 0.006078, -2.971354 / 1.869579, 0.006078, -2.971354; 1, 3, 1, 0; 0.284051672933; 1, 0, 1; 1, 0, 0; 2, 1, 2 ;
1,119; -2.09705, 0.411316, 3.62823 / -2.09705, 0.411316, 3.62823 / -2.09705, 0.411316, 3.62823; 1, 44, 1, 0; 0.919012634757; 0, 1, 0; 0, 1, 0; 1, 1, 1 ;
1,120; -3.03541, -1.10981, 1.16022 / -3.03525, -1.10885, 1.16082 / -3.03556, -1.11077, 1.15963; 1, 21, 1, 0; 0.624603043638; 2, 1, 1; 1, 1, 0; 1, 9, 1 / 2, 1, 2 ;
0,120; -3.304698, -1.277029, 1.118801 / -3.304698, -1.277029, 1.118801 / -3.304698, -1.277029, 1.118801; 1, 21, 1, 0; 0.649989610072; 1, 0, 1; 1, 0, 0; 2, 1, 2 ;
0,120; -3.792617, -1.651041, 1.063105 / -3.792617, -1.651041, 1.063105 / -3.792617, -1.651041, 1.063105; 1, 21, 1, 0; 0.695933289096; 1, 0, 1; 1, 0, 0; 3, 1, 2 ;
1,126; 0.260021, -0.209605, -4.11351 / 0.260231, -0.209093, -4.1131 / 0.259811, -0.210116, -4.11391; 1, 1, 1, 0; 0.199241829864; 2, 1, 1; 1, 1, 0; 1, 2, 1 / 3, 1, 2 ;
0,126; 0.261187, -0.212710, -4.119721 / 0.261187, -0.212710, -4.119721 / 0.261187, -0.212710, -4.119721; 1, 1, 1, 0; 0.199235319385; 1, 0, 1; 1, 0, 0; 3, 1, 2 ;
0,126; -0.137074, -1.418669, -4.207119 / -0.137074, -1.418669, -4.207119 / -0.137074, -1.418669, -4.207119; 1, 1, 1, 0; 0.281573395954; 1, 0, 1; 1, 0, 0; 3, 1, 2 ;
1,127; -0.915739, 1.32023, 3.90397 / -0.915739, 1.32023, 3.90397 / -0.915739, 1.32023, 3.90397; 1, 46, 1, 0; 0.391747563305; 1, 0, 1; 0, 1, 0; 1, 1, 2 ;
1,128; -1.55405, -3.42348, -1.05636 / -1.55405, -3.42348, -1.05636 / -1.55405, -3.42348, -1.05636; 1, 9, 1, 0; 0.302691363992; 0, 1, 0; 1, 0, 0; 2, 1, 1 ;
0,128; -1.468730, -1.607104, -0.495587 / -1.468306, -1.607103, -0.495239 / -1.469154, -1.607105, -0.495936; 1, 10, 1, 0; 0.540307513550; 1, 0, 2; 1, 1, 0; 2, 1, 2 / 4, 4, 0 / 4, 5, 2 ;
0,128; -1.463117, -1.606452, -0.497287 / -1.463117, -1.606452, -0.497287 / -1.463117, -1.606452, -0.497287; 1, 10, 1, 0; 0.540306924205; 0, 1, 0; 0, 1, 0; 1, 1, 1 ;
0,128; -1.465106, -1.608965, -0.497474 / -1.465106, -1.608965, -0.497474 / -1.465106, -1.608965, -0.497474; 1, 10, 1, 0; 0.540306859323; 1, 0, 1; 1, 0, 0; 2, 1, 2 ;
0,128; -1.467250, -1.604337, -0.495410 / -1.467250, -1.604337, -0.495410 / -1.467250, -1.604337, -0.495410; 1, 10, 1, 0; 0.540307627093; 1, 0, 1; 1, 0, 0; 1, 10, 0 / 3, 1, 2 ;
0,128; -1.154952, 1.483885, 0.527783 / -1.154952, 1.483885, 0.527783 / -1.154952, 1.483885, 0.527783; 1, 17, 1, 0; 0.901193126498; 0, 1, 0; 0, 1, 0; 4, 1, 1 / 4, 2, 0 ;
0,128; -1.040325, 2.739621, 1.013139 / -1.040325, 2.739621, 1.013139 / -1.040325, 2.739621, 1.013139; 1, 25, 1, 0; 0.914718468990; 1, 0, 1; 1, 0, 0; 3, 1, 2 ;
1,129; -0.74104, -0.610667, -1.41524 / -0.74104, -0.610667, -1.41524 / -0.74104, -0.610667, -1.41524; 1, 11, 1, 0; 0.488459201329; 1, 0, 1; 0, 1, 0; 4, 1, 2 ;
0,129; -1.042127, 0.256119, -0.843507 / -1.042127, 0.256119, -0.843507 / -1.042127, 0.256119, -0.843507; 1, 16, 1, 0; 0.103826755443; 1, 0, 1; 0, 1, 0; 1, 1, 2 ;
0,129; -1.043725, 0.258387, -0.840881 / -1.043725, 0.258387, -0.840881 / -1.043725, 0.258387, -0.840881; 1, 16, 1, 0; 0.103827626066; 1, 0, 1; 1, 0, 0; 2, 1, 2 ;
1,130; -1.64054, 0.379896, -1.67071 / -1.64054, 0.379896, -1.67071 / -1.64054, 0.379896, -1.67071; 1, 6, 1, 0; 0.746950654822; 0, 1, 0; 1, 0, 0; 2, 1, 1 / 2, 2, 0 ;
0,130; -2.349055, -0.301421, -1.823467 / -2.349055, -0.301421, -1.823467 / -2.349055, -0.301421, -1.823467; 1, 6, 1, 0; 0.788333083383; 1, 0, 1; 1, 0, 0; 2, 1, 2 ;
0,130; 0.705627, 2.541348, -1.182974 / 0.705627, 2.541348, -1.182974 / 0.705627, 2.541348, -1.182974; 1, 7, 1, 0; 0.694835009066; 1, 0, 1; 1, 0, 0; 3, 1, 2 ;
1,131; 1.98909, 3.52565, 1.18788 / 1.98909, 3.52565, 1.18788 / 1.98909, 3.52565, 1.18788; 1, 26, 1, 0; 0.494024345292; 1, 0, 1; 1, 0, 0; 3, 1, 2 ;
0,131; 1.987026, 3.523255, 1.185905 / 1.987026, 3.523255, 1.185905 / 1.987026, 3.523255, 1.185905; 1, 26, 1, 0; 0.494025262526; 1, 0, 1; 1, 0, 0; 3, 1, 2 ;
1,133; 0.490234, -1.99441, 1.64809 / 0.490886, -1.99407, 1.64832 / 0.489582, -1.99476, 1.64785; 1, 22, 1, 0; 0.972278959377; 1, 0, 2; 2, 1, 0; 2, 2, 2 / 3, 1, 2 / 4, 5, 3 ;
0,133; 0.487074, -1.994961, 1.647854 / 0.487375, -1.994510, 1.648269 / 0.486774, -1.995413, 1.647439; 1, 22, 1, 0; 0.972279832481; 2, 1, 1; 1, 1, 0; 2, 1, 2 / 4, 6, 0 / 4, 7, 1 ;
1,135; -2.01342, -1.63134, 0.057334 / -2.01342, -1.63134, 0.057334 / -2.01342, -1.63134, 0.057334; 1, 16, 1, 0; 0.918866221444; 1, 0, 1; 1, 0, 0; 2, 1, 2 ;
0,135; 1.305577, -3.323133, 2.388259 / 1.305577, -3.323133, 2.388259 / 1.305577, -3.323133, 2.388259; 1, 32, 1, 0; 0.772701379617; 1, 0, 1; 1, 0, 0; 2, 1, 2 ;
1,139; 0.480928, -0.241334, -0.571928 / 0.480928, -0.241334, -0.571928 / 0.480928, -0.241334, -0.571928; 1, 16, 1, 0; 0.151401508454; 1, 0, 1; 1, 0, 0; 3, 1, 2 ;
1,140; -1.01741, -0.695649, -4.17434 / -1.01741, -0.695649, -4.17434 / -1.01741, -0.695649, -4.17434; 1, 1, 1, 0; 0.247465477852; 1, 0, 1; 0, 1, 0; 4, 1, 2 ;
0,140; -1.157282, -0.664788, -4.150854 / -1.157282, -0.664788, -4.150854 / -1.157282, -0.664788, -4.150854; 1, 1, 1, 0; 0.247636949457; 0, 1, 0; 0, 1, 0; 1, 1, 1 ;
1,141; -1.77898, 3.65027, -0.106682 / -1.77898, 3.65027, -0.106682 / -1.77898, 3.65027, -0.106682; 1, 14, 1, 0; 0.607309098497; 1, 0, 1; 1, 0, 0; 1, 5, 0 / 2, 1, 2 / 2, 6, 0 / 3, 5, 0 ;
0,141; -0.587246, -0.141072, 2.871343 / -0.587246, -0.141072, 2.871343 / -0.587246, -0.141072, 2.871343; 1, 37, 1, 0; 0.844709567896; 1, 0, 1; 1, 0, 0; 3, 1, 2 ;
1,143; -0.189141, 3.74137, -2.14966 / -0.189141, 3.74137, -2.14966 / -0.189141, 3.74137, -2.14966; 1, 4, 1, 0; 0.896052233062; 0, 1, 0; 0, 1, 0; 1, 1, 1 ;
0,143; -1.629887, -2.413378, -2.372527 / -1.629887, -2.413378, -2.372527 / -1.629887, -2.413378, -2.372527; 1, 5, 1, 0; 0.536920430386; 0, 1, 0; 0, 1, 0; 4, 1, 1 ;
0,143; -1.633334, -2.416015, -2.369032 / -1.633334, -2.416015, -2.369032 / -1.633334, -2.416015, -2.369032; 1, 5, 1, 0; 0.536920528406; 1, 0, 1; 0, 1, 0; 4, 1, 2 ;
0,143; -1.682359, -2.525005, -2.365905 / -1.682359, -2.525005, -2.365905 / -1.682359, -2.525005, -2.365905; 1, 5, 1, 0; 0.558322399213; 1, 0, 1; 1, 0, 0; 3, 1, 2 ;
0,143; -1.692561, -2.523999, -2.364967 / -1.692561, -2.523999, -2.364967 / -1.692561, -2.523999, -2.364967; 1, 5, 1, 0; 0.558331240608; 1, 0, 1; 1, 0, 0; 3, 1, 2 ;
1,146; -1.6334, 0.978932, -0.17154 / -1.6334, 0.978932, -0.17154 / -1.6334, 0.978932, -0.17154; 1, 14, 1, 0; 0.436731017563; 0, 1, 0; 1, 0, 0; 2, 1, 1 ;
0,146; -1.638523, 0.975204, -0.168482 / -1.638523, 0.975204, -0.168482 / -1.638523, 0.975204, -0.168482; 1, 14, 1, 0; 0.436732143934; 1, 0, 1; 1, 0, 0; 3, 1, 2 ;
0,146; 0.446114, -0.052906, 1.648243 / 0.446461, -0.052623, 1.648350 / 0.445768, -0.053189, 1.648135; 1, 27, 1, 0; 0.658459646467; 2, 1, 2; 3, 0, 0; 2, 4, 2 / 2, 6, 0 / 3, 1, 1 / 3, 2, 2 ;
1,149; -0.176822, -1.01525, -0.651765 / -0.176822, -1.01525, -0.651765 / -0.176822, -1.01525, -0.651765; 1, 16, 1, 0; 0.016698886406; 1, 0, 1; 1, 0, 0; 3, 1, 2 ;
0,149; -0.176316, -1.006018, -0.653894 / -0.176316, -1.006018, -0.653894 / -0.176316, -1.006018, -0.653894; 1, 16, 1, 0; 0.016711021549; 1, 0, 1; 1, 0, 0; 2, 1, 2 ;
1,151; 2.57047, -0.681732, -1.36062 / 2.57047, -0.681732, -1.36062 / 2.57047, -0.681732, -1.36062; 1, 11, 1, 0; 0.518432091475; 1, 0, 1; 1, 0, 0; 2, 1, 2 ;
0,151; 4.024689, -1.991495, -0.195537 / 4.024689, -1.991495, -0.195537 / 4.024689, -1.991495, -0.195537; 1, 15, 1, 0; 0.494588603950; 1, 0, 1; 1, 0, 0; 2, 1, 2 ;
1,152; 1.98918, -2.85721, -1.14364 / 1.98918, -2.85721, -1.14364 / 1.98918, -2.85721, -1.14364; 1, 8, 1, 0; 0.884093058671; 1, 0, 1; 0, 1, 0; 4, 1, 2 ;
0,152; 1.096616, -3.528693, -0.806321 / 1.096616, -3.528693, -0.806321 / 1.096616, -3.528693, -0.806321; 1, 9, 1, 0; 0.672073563189; 1, 0, 1; 1, 0, 0; 2, 1, 2 ;
1,153; 0.784613, 0.308259, 0.439987 / 0.784613, 0.308259, 0.439987 / 0.784613, 0.308259, 0.439987; 1, 17, 1, 0; 0.683319196036; 1, 0, 1; 1, 0, 0; 2, 1, 2 ;
0,153; 2.328139, 2.179281, 1.660429 / 2.328139, 2.179281, 1.660429 / 2.328139, 2.179281, 1.660429; 1, 28, 1, 0; 0.309523606937; 1, 0, 1; 1, 0, 0; 2, 1, 2 ;
1,154; 1.32258, 2.86796, 1.37144 / 1.32258, 2.86796, 1.37144 / 1.32258, 2.86796, 1.37144; 1, 28, 1, 0; 0.068941969811; 1, 0, 1; 0, 1, 0; 1, 1, 2 ;
0,154; 1.323293, 2.870659, 1.371053 / 1.323293, 2.870659, 1.371053 / 1.323293, 2.870659, 1.371053; 1, 28, 1, 0; 0.068942126355; 1, 0, 1; 0, 1, 0; 1, 1, 2 ;
0,154; 1.138038, -0.937904, 3.237013 / 1.138038, -0.937904, 3.237013 / 1.138038, -0.937904, 3.237013; 1, 41, 1, 0; 0.123412670597; 1, 0, 1; 1, 0, 0; 2, 1, 2 ;
0,154; 1.134045, -0.941863, 3.232899 / 1.134045, -0.941863, 3.232899 / 1.134045, -0.941863, 3.232899; 1, 41, 1, 0; 0.123451327434; 1, 0, 1; 1, 0, 0; 3, 1, 2 ;
0,154; 1.060519, -1.573208, 3.590648 / 1.060519, -1.573208, 3.590648 / 1.060519, -1.573208, 3.590648; 1, 43, 1, 0; 0.629435160203; 1, 0, 1; 1, 0, 0; 3, 1, 2 ;
1,156; 0.0112293, 1.31728, -0.12748 / 0.0112293, 1.31728, -0.12748 / 0.0112293, 1.31728, -0.12748; 1, 13, 1, 0; 0.830595499684; 1, 0, 1; 1, 0, 0; 3, 1, 2 ;
1,157; 0.563358, 2.26756, 3.58127 / 0.563358, 2.26756, 3.58127 / 0.563358, 2.26756, 3.58127; 1, 45, 1, 0; 0.595216047812; 0, 0, 0; 1, 0, 0; 3, 1, 3 ;
1,158; 1.17372, -1.4481, 0.125711 / 1.17373, -1.44802, 0.125837 / 1.1737, -1.44817, 0.125584; 1, 16, 1, 0; 0.891242613101; 2, 1, 1; 1, 1, 0; 3, 1, 1 / 4, 1, 2 ;
1,161; 4.21006, 1.40935, 1.36491 / 4.21006, 1.40935, 1.36491 / 4.21006, 1.40935, 1.36491; 1, 27, 1, 0; 0.371197170777; 1, 0, 1; 1, 0, 0; 2, 1, 2 ;
1,162; 1.05015, 1.99331, -2.22598 / 1.0507, 1.9936, -2.22591 / 1.04959, 1.99302, -2.22605; 1, 4, 1, 0; 0.338212168103; 0, 2, 0; 0, 2, 1; 1, 6, 1 / 2, 3, 0 / 4, 1, 1 ;
0,162; 1.047939, 1.989466, -2.226177 / 1.047939, 1.989466, -2.226177 / 1.047939, 1.989466, -2.226177; 1, 4, 1, 0; 0.338211660360; 1, 0, 1; 1, 0, 0; 2, 1, 2 ;
1,164; 0.153549, 1.46111, -1.79446 / 0.153549, 1.46111, -1.79446 / 0.153549, 1.46111, -1.79446; 1, 7, 1, 0; 0.013972423273; 0, 1, 0; 0, 1, 0; 1, 1, 1 ;
1,165; -0.3649, -0.0399958, 0.202283 / -0.3649, -0.0399958, 0.202283 / -0.3649, -0.0399958, 0.202283; 1, 16, 1, 0; 0.706048651740; 1, 0, 1; 1, 0, 0; 3, 1, 2 / 4, 1, 0 ;
1,166; -0.0228061, 2.44116, -0.459783 / -0.0228061, 2.44116, -0.459783 / -0.0228061, 2.44116, -0.459783; 1, 13, 1, 0; 0.485551528111; 1, 0, 1; 1, 0, 0; 3, 1, 2 ;
0,166; 0.784144, 0.189645, 2.863166 / 0.784144, 0.189645, 2.863166 / 0.784144, 0.189645, 2.863166; 1, 38, 1, 0; 0.987089280357; 1, 0, 1; 1, 0, 0; 2, 1, 2 ;
1,168; 1.44482, 0.532773, 3.5742 / 1.44482, 0.532773, 3.5742 / 1.44482, 0.532773, 3.5742; 1, 44, 1, 0; 0.827671207097; 1, 0, 1; 1, 0, 0; 2, 1, 2 ;
0,168; -0.077779, -1.188958, 4.430726 / -0.077779, -1.188958, 4.430726 / -0.077779, -1.188958, 4.430726; 1, 46, 1, 0; 0.866635660502; 1, 0, 1; 0, 1, 0; 1, 1, 2 ;
0,168; 1.120379, 0.184132, 3.762440 / 1.120379, 0.184132, 3.762440 / 1.120379, 0.184132, 3.762440; 1, 46, 1, 0; 0.206435435003; 1, 0, 1; 1, 0, 0; 2, 1, 2 ;
0,168; -0.078792, -1.188276, 4.438305 / -0.078792, -1.188276, 4.438305 / -0.078792, -1.188276, 4.438305; 1, 46, 1, 0; 0.866647125073; 1, 0, 1; 1, 0, 0; 3, 1, 2 ;
1,169; 0.734934, -3.72258, -1.68059 / 0.734934, -3.72258, -1.68059 / 0.734934, -3.72258, -1.68059; 1, 8, 1, 0; 0.407592446570; 1, 0, 1; 1, 0, 0; 2, 1, 2 ;
1,170; 3.03851, -0.51805, -2.87499 / 3.03851, -0.51805, -2.87499 / 3.03851, -0.51805, -2.87499; 1, 3, 1, 0; 0.303842297417; 1, 0, 1; 1, 0, 0; 3, 1, 2 ;
1,171; 3.21054, 1.0698, -1.97469 / 3.21054, 1.0698, -1.97469 / 3.21054, 1.0698, -1.97469; 1, 4, 1, 0; 0.697150735220; 1, 0, 1; 1, 0, 0; 2, 1, 2 ;
1,172; -2.88991, 1.21779, -1.09544 / -2.88991, 1.21779, -1.09544 / -2.88991, 1.21779, -1.09544; 1, 14, 1, 0; 0.059922674289; 0, 1, 0; 0, 1, 0; 1, 1, 1 ;
0,172; -2.799901, 2.138199, 2.020183 / -2.799901, 2.138199, 2.020183 / -2.799901, 2.138199, 2.020183; 1, 29, 1, 0; 0.780850292821; 1, 0, 1; 0, 1, 0; 1, 1, 2 ;
1,173; 0.659943, 0.533632, -4.23801 / 0.659943, 0.533632, -4.23801 / 0.659943, 0.533632, -4.23801; 1, 1, 1, 0; 0.149993034658; 1, 0, 1; 1, 0, 0; 2, 1, 2 ;
0,173; 0.674034, 0.542734, -4.238953 / 0.674034, 0.542734, -4.238953 / 0.674034, 0.542734, -4.238953; 1, 1, 1, 0; 0.149994260812; 1, 0, 1; 1, 0, 0; 2, 1, 2 ;
1,175; 3.3792, -2.19886, -2.22792 / 3.3792, -2.19886, -2.22792 / 3.3792, -2.19886, -2.22792; 1, 3, 1, 0; 0.917941633724; 1, 0, 1; 1, 0, 0; 3, 1, 2 ;
0,175; 2.299022, -1.884071, -1.958551 / 2.299022, -1.884071, -1.958551 / 2.299022, -1.884071, -1.958551; 1, 8, 1, 0; 0.060544840818; 1, 0, 1; 0, 1, 0; 4, 1, 2 / 4, 3, 0 ;
0,175; 2.296574, -1.884387, -1.957213 / 2.296574, -1.884387, -1.957213 / 2.296574, -1.884387, -1.957213; 1, 8, 1, 0; 0.060545485134; 1, 0, 1; 0, 1, 0; 4, 1, 2 ;
0,175; -1.664725, -0.944520, -0.804869 / -1.664725, -0.944520, -0.804869 / -1.664725, -0.944520, -0.804869; 1, 10, 1, 0; 0.433377517961; 1, 0, 1; 1, 0, 0; 2, 1, 2 ;
1,176; 2.19118, -2.69621, 2.65874 / 2.19118, -2.69621, 2.65874 / 2.19118, -2.69621, 2.65874; 1, 33, 1, 0; 0.921274568500; 1, 0, 1; 1, 0, 0; 2, 1, 2 ;
0,176; -0.521725, -1.895300, 3.571019 / -0.521725, -1.895300, 3.571019 / -0.521725, -1.895300, 3.571019; 1, 43, 1, 0; 0.736034631674; 1, 0, 1; 1, 0, 0; 3, 1, 2 ;
0,176; -1.455488, -1.616545, 3.916779 / -1.455488, -1.616545, 3.916779 / -1.455488, -1.616545, 3.916779; 1, 45, 1, 0; 0.860421801173; 1, 0, 1; 1, 0, 0; 3, 1, 2 ;
1,179; 2.24713, -3.85827, 0.0164326 / 2.24713, -3.85827, 0.0164326 / 2.24713, -3.85827, 0.0164326; 1, 15, 1, 0; 0.923462232384; 1, 0, 1; 1, 0, 0; 2, 1, 2 ;
1,180; 0.0854527, 3.7735, -0.857398 / 0.0854527, 3.7735, -0.857398 / 0.0854527, 3.7735, -0.857398; 1, 13, 1, 0; 0.186214043821; 1, 0, 1; 1, 0, 0; 3, 1, 2 ;
1,182; 0.0695414, 2.21568, -0.440623 / 0.0696862, 2.21619, -0.44052 / 0.0693966, 2.21516, -0.440726; 1, 13, 1, 0; 0.486558411902; 2, 1, 1; 0, 2, 0; 1, 1, 2 / 1, 2, 1 ;
0,182; 0.071386, 2.214350, -0.444269 / 0.071386, 2.214350, -0.444269 / 0.071386, 2.214350, -0.444269; 1, 13, 1, 0; 0.486558516538; 1, 0, 1; 1, 0, 0; 2, 1, 2 ;
0,182; 2.846568, 2.851340, 1.996076 / 2.846568, 2.851340, 1.996076 / 2.846568, 2.851340, 1.996076; 1, 28, 1, 0; 0.473994080770; 0, 1, 0; 1, 0, 0; 3, 1, 1 ;
1,184; -2.04099, 0.587796, -1.98338 / -2.04099, 0.587796, -1.98338 / -2.04099, 0.587796, -1.98338; 1, 6, 1, 0; 0.369861375356; 0, 1, 0; 1, 0, 0; 3, 1, 1 ;
1,185; 2.97114, 0.646355, 1.29087 / 2.97114, 0.646355, 1.29087 / 2.97114, 0.646355, 1.29087; 1, 26, 1, 0; 0.837158124384; 0, 1, 0; 1, 0, 0; 1, 10, 0 / 2, 1, 1 / 2, 9, 0 / 2, 10, 0 / 3, 7, 0 / 3, 8, 0 / 4, 7, 0 / 4, 8, 0 ;
0,185; 2.969293, 0.645105, 1.292349 / 2.969293, 0.645105, 1.292349 / 2.969293, 0.645105, 1.292349; 1, 26, 1, 0; 0.837158278685; 1, 0, 1; 1, 0, 0; 3, 1, 2 ;
0,185; 3.457004, 2.061947, 1.984895 / 3.457582, 2.062624, 1.984952 / 3.456426, 2.061271, 1.984837; 1, 28, 1, 0; 0.532841147675; 2, 1, 1; 1, 1, 0; 3, 5, 2 / 4, 1, 1 ;
1,186; -0.555966, -1.96127, 1.98867 / -0.55572, -1.96096, 1.98879 / -0.556213, -1.96158, 1.98854; 1, 32, 1, 0; 0.235565858989; 2, 1, 1; 1, 1, 0; 2, 5, 1 / 4, 1, 2 ;
0,186; -0.557965, -1.959978, 1.988534 / -0.557965, -1.959978, 1.988534 / -0.557965, -1.959978, 1.988534; 1, 32, 1, 0; 0.235566079305; 1, 0, 1; 1, 0, 0; 3, 1, 2 ;
1,188; -0.406077, 1.21036, -1.72506 / -0.406077, 1.21036, -1.72506 / -0.406077, 1.21036, -1.72506; 1, 11, 1, 0; 0.121231060866; 0, 1, 0; 0, 1, 0; 1, 1, 1 ;
0,188; -0.419144, 1.187957, -1.747012 / -0.419144, 1.187957, -1.747012 / -0.419144, 1.187957, -1.747012; 1, 11, 1, 0; 0.120253938882; 1, 0, 1; 1, 0, 0; 3, 1, 2 ;
0,188; -0.404408, 1.213785, -1.718050 / -0.404408, 1.213785, -1.718050 / -0.404408, 1.213785, -1.718050; 1, 11, 1, 0; 0.121229367216; 1, 0, 1; 1, 0, 0; 3, 1, 2 ;
0,188; 2.185721, 0.955299, 0.716394 / 2.185721, 0.955299, 0.716394 / 2.185721, 0.955299, 0.716394; 1, 20, 1, 0; 0.819507474192; 0, 0, 0; 0, 1, 0; 4, 1, 3 ;
0,188; 2.185280, 0.954171, 0.712297 / 2.185280, 0.954171, 0.712297 / 2.185280, 0.954171, 0.712297; 1, 20, 1, 0; 0.819507358492; 1, 0, 1; 1, 0, 0; 2, 1, 2 ;
1,190; -1.13702, 2.73074, 0.829397 / -1.13702, 2.73074, 0.829397 / -1.13702, 2.73074, 0.829397; 1, 25, 1, 0; 0.569459577386; 1, 0, 1; 0, 1, 0; 1, 1, 2 ;
0,190; -0.728102, 2.066624, 2.265253 / -0.727480, 2.066685, 2.265349 / -0.728724, 2.066562, 2.265157; 1, 31, 1, 0; 0.516220240849; 2, 1, 1; 2, 0, 0; 2, 1, 1 / 3, 3, 2 ;
1,191; 2.65667, -1.0328, -1.17903 / 2.65667, -1.0328, -1.17903 / 2.65667, -1.0328, -1.17903; 1, 11, 1, 0; 0.581140994127; 1, 0, 1; 0, 1, 0; 4, 1, 2 ;
0,191; 2.653819, -1.033189, -1.172115 / 2.653819, -1.033189, -1.172115 / 2.653819, -1.033189, -1.172115; 1, 11, 1, 0; 0.581150686844; 1, 0, 1; 1, 0, 0; 2, 1, 2 ;
0,191; 0.718428, -0.738953, -0.288629 / 0.718428, -0.738953, -0.288629 / 0.718428, -0.738953, -0.288629; 1, 16, 1, 0; 0.377989511005; 1, 0, 1; 1, 0, 0; 2, 1, 2 ;
0,191; -2.099617, -0.296299, 0.954107 / -2.099617, -0.296299, 0.954107 / -2.099617, -0.296299, 0.954107; 1, 21, 1, 0; 0.534596226157; 1, 0, 1; 0, 1, 0; 4, 1, 2 ;
0,191; -2.412515, -0.238726, 1.080922 / -2.412515, -0.238726, 1.080922 / -2.412515, -0.238726, 1.080922; 1, 21, 1, 0; 0.531934163654; 1, 0, 1; 1, 0, 0; 3, 1, 2 ;
1,192; 0.560634, -1.30973, 2.0462 / 0.560634, -1.30973, 2.0462 / 0.560634, -1.30973, 2.0462; 1, 30, 1, 0; 0.361665293153; 1, 0, 1; 1, 0, 0; 3, 1, 2 ;
1,196; 0.706073, -1.70506, 0.860261 / 0.706316, -1.7048, 0.860467 / 0.70583, -1.70532, 0.860055; 1, 19, 1, 0; 0.839322203035; 2, 1, 1; 1, 1, 0; 2, 1, 1 / 4, 5, 2 ;
1,197; -1.61032, 3.48485, 1.74248 / -1.61032, 3.48485, 1.74248 / -1.61032, 3.48485, 1.74248; 1, 29, 1, 0; 0.482403688421; 0, 1, 0; 1, 0, 0; 2, 1, 1 ;
1,198; 2.16027, -0.648966, 0.246983 / 2.16078, -0.648765, 0.247081 / 2.15976, -0.649167, 0.246884; 1, 16, 1, 0; 0.815326912156; 1, 0, 2; 0, 2, 1; 1, 1, 2 / 3, 2, 0 / 4, 6, 2 ;
0,198; 2.158372, -0.648233, 0.246171 / 2.158377, -0.648139, 0.246308 / 2.158366, -0.648327, 0.246034; 1, 16, 1, 0; 0.815327026006; 2, 1, 1; 1, 1, 0; 1, 5, 0 / 3, 1, 1 / 4, 1, 2 ;
