1,0; -0.279848, 2.18919, -2.33308 / -0.279409, 2.18994, -2.33259 / -0.280288, 2.18845, -2.33358; 1, 4, 1, 0; 0.321670003264; 1, 0, 2; 1, 1, 0; 1, 8, 2 / 3, 1, 2 ;
0,0; -2.109052, 1.136598, -1.992893 / -2.109052, 1.136598, -1.992893 / -2.109052, 1.136598, -1.992893; 1, 6, 1, 0; 0.410445279901; 1, 0, 1; 0, 1, 0; 4, 1, 2 ;
1,4; 1.98458, 0.919201, 1.16123 / 1.98458, 0.919201, 1.16123 / 1.98458, 0.919201, 1.16123; 1, 26, 1, 0; 0.196064026403; 0, 1, 0; 0, 1, 0; 4, 1, 1 ;
1,9; 0.740996, -3.42779, -0.412825 / 0.740996, -3.42779, -0.412825 / 0.740996, -3.42779, -0.412825; 1, 9, 1, 0; 0.873641652501; 1, 0, 1; 1, 0, 0; 2, 1, 2 ;
0,9; 0.701776, -3.542688, -0.278535 / 0.701776, -3.542688, -0.278535 / 0.701776, -3.542688, -0.278535; 1, 15, 1, 0; 0.301301112254; 1, 0, 1; 1, 0, 0; 3, 1, 2 ;
1,10; -0.0907315, -1.34055, -4.16003 / -0.090186, -1.3403, -4.15904 / -0.091277, -1.3408, -4.16103; 1, 1, 1, 0; 0.281032353835; 2, 3, 1; 3, 1, 0; 2, 9, 1 / 3, 2, 2 / 3, 4, 1 / 3, 10, 0 / 4, 1, 1 ;
0,10; -0.091288, -1.339843, -4.158817 / -0.091277, -1.339384, -4.158592 / -0.091299, -1.340302, -4.159041; 1, 1, 1, 0; 0.281032385477; 0, 1, 0; 1, 1, 0; 2, 1, 1 / 3, 2, 0 / 3, 4, 0 / 4, 6, 1 ;
0,10; -0.091975, -1.342609, -4.163613 / -0.091975, -1.342609, -4.163613 / -0.091975, -1.342609, -4.163613; 1, 1, 1, 0; 0.281025479465; 1, 0, 1; 1, 0, 0; 3, 1, 2 ;
0,10; -0.095017, -1.339322, -4.165266 / -0.095017, -1.339322, -4.165266 / -0.095017, -1.339322, -4.165266; 1, 1, 1, 0; 0.281025898731; 1, 0, 1; 1, 0, 0; 2, 1, 2 / 4, 5, 0 ;
0,10; -0.091122, -1.337585, -4.154984 / -0.091122, -1.337585, -4.154984 / -0.091122, -1.337585, -4.154984; 1, 1, 1, 0; 0.281032472495; 1, 0, 1; 1, 0, 0; 3, 1, 2 ;
0,10; -0.093363, -1.344836, -4.159686 / -0.093363, -1.344836, -4.159686 / -0.093363, -1.344836, -4.159686; 1, 1, 1, 0; 0.281032781011; 1, 0, 1; 1, 0, 0; 2, 1, 2 ;
0,10; -0.093723, -1.337631, -4.157003 / -0.093723, -1.337631, -4.157003 / -0.093723, -1.337631, -4.157003; 1, 1, 1, 0; 0.281032919447; 1, 0, 1; 1, 0, 0; 2, 1, 2 ;
0,10; -1.489188, -0.704159, -2.357739 / -1.489188, -0.704159, -2.357739 / -1.489188, -0.704159, -2.357739; 1, 5, 1, 0; 0.435353763621; 1, 0, 1; 1, 0, 0; 2, 1, 2 ;
0,10; -1.453151, -0.722423, -2.420357 / -1.453151, -0.722423, -2.420357 / -1.453151, -0.722423, -2.420357; 1, 5, 1, 0; 0.435467711755; 1, 0, 1; 1, 0, 0; 2, 1, 2 ;
0,10; -2.565890, -0.169150, -0.800015 / -2.565890, -0.169150, -0.800015 / -2.565890, -0.169150, -0.800015; 1, 10, 1, 0; 0.368811794679; 0, 1, 0; 0, 1, 0; 1, 1, 1 / 1, 5, 0 ;
1,15; -1.56676, 2.31087, 1.409 / -1.56633, 2.31113, 1.4094 / -1.56719, 2.31062, 1.40861; 1, 29, 1, 0; 0.234519279850; 2, 1, 1; 1, 1, 0; 1, 1, 1 / 3, 1, 2 ;
0,15; -1.691623, 2.757658, 1.692075 / -1.691623, 2.757658, 1.692075 / -1.691623, 2.757658, 1.692075; 1, 29, 1, 0; 0.396542660760; 1, 0, 1; 1, 0, 0; 3, 1, 2 ;
0,15; -1.796865, 3.139230, 1.951306 / -1.796865, 3.139230, 1.951306 / -1.796865, 3.139230, 1.951306; 1, 29, 1, 0; 0.612921688273; 1, 0, 1; 1, 0, 0; 3, 1, 2 ;
1,18; 3.53005, -0.591819, 2.1865 / 3.53005, -0.591819, 2.1865 / 3.53005, -0.591819, 2.1865; 1, 28, 1, 0; 0.875729221918; 0, 1, 0; 0, 1, 0; 1, 1, 1 ;
1,19; -1.45336, -1.97888, -3.38608 / -1.45292, -1.97888, -3.38567 / -1.45379, -1.97889, -3.38648; 1, 5, 1, 0; 0.029222834520; 1, 0, 2; 2, 0, 0; 3, 1, 2 / 3, 4, 2 ;
0,19; -1.449246, -1.974448, -3.393829 / -1.449246, -1.974448, -3.393829 / -1.449246, -1.974448, -3.393829; 1, 5, 1, 0; 0.029222486549; 1, 0, 1; 1, 0, 0; 2, 1, 2 ;
1,27; 0.261641, -1.90171, -1.39472 / 0.261641, -1.90171, -1.39472 / 0.261641, -1.90171, -1.39472; 1, 8, 1, 0; 0.645363614143; 1, 0, 1; 0, 1, 0; 4, 1, 2 ;
0,27; -0.778528, -4.231019, 1.654752 / -0.778528, -4.231019, 1.654752 / -0.778528, -4.231019, 1.654752; 1, 22, 1, 0; 0.693532073445; 1, 0, 1; 0, 1, 0; 1, 1, 2 ;
0,27; -0.784745, -4.229382, 1.653436 / -0.784745, -4.229382, 1.653436 / -0.784745, -4.229382, 1.653436; 1, 22, 1, 0; 0.693544464235; 1, 0, 1; 1, 0, 0; 2, 1, 2 ;
1,29; -2.6781, -1.81415, -2.41833 / -2.6781, -1.81415, -2.41833 / -2.6781, -1.81415, -2.41833; 1, 5, 1, 0; 0.499610473818; 0, 1, 0; 0, 1, 0; 4, 1, 1 ;
0,29; -2.432658, -2.014771, -2.867988 / -2.432636, -2.014768, -2.867857 / -2.432680, -2.014775, -2.868119; 1, 5, 1, 0; 0.165032434785; 1, 0, 1; 2, 0, 0; 2, 1, 2 / 2, 2, 3 ;
1,30; 1.05606, -0.264563, -0.557408 / 1.05606, -0.264563, -0.557408 / 1.05606, -0.264563, -0.557408; 1, 12, 1, 0; 0.823563606881; 1, 0, 1; 1, 0, 0; 2, 1, 2 / 2, 2, 0 ;
0,30; -0.836287, 0.386883, -0.491498 / -0.836287, 0.386883, -0.491498 / -0.836287, 0.386883, -0.491498; 1, 13, 1, 0; 0.364607598022; 1, 0, 1; 0, 1, 0; 4, 1, 2 ;
1,31; -3.64367, 0.0931688, 1.46023 / -3.64354, 0.0933824, 1.46079 / -3.6438, 0.0929552, 1.45967; 1, 23, 1, 0; 0.722138918325; 2, 1, 1; 1, 1, 0; 3, 1, 2 / 4, 5, 1 ;
0,31; -2.740386, 1.396172, 1.138430 / -2.740386, 1.396172, 1.138430 / -2.740386, 1.396172, 1.138430; 1, 24, 1, 0; 0.314674733483; 0, 1, 0; 1, 0, 0; 2, 1, 1 ;
1,33; 1.65619, -1.36769, -3.46118 / 1.65643, -1.36754, -3.46102 / 1.65596, -1.36785, -3.46134; 1, 1, 1, 0; 0.876894046907; 2, 1, 1; 1, 1, 0; 1, 1, 2 / 2, 1, 1 ;
0,33; 1.656853, -1.364466, -3.463367 / 1.656853, -1.364466, -3.463367 / 1.656853, -1.364466, -3.463367; 1, 1, 1, 0; 0.876893940113; 1, 0, 1; 0, 1, 0; 1, 1, 2 ;
0,33; -2.844716, -0.172211, 1.976335 / -2.844716, -0.172211, 1.976335 / -2.844716, -0.172211, 1.976335; 1, 30, 1, 0; 0.672698438675; 1, 0, 1; 1, 0, 0; 2, 1, 2 ;
0,33; -2.855184, -0.162611, 1.989776 / -2.855184, -0.162611, 1.989776 / -2.855184, -0.162611, 1.989776; 1, 30, 1, 0; 0.672702101379; 0, 1, 0; 1, 0, 0; 3, 1, 1 ;
1,35; -3.69565, -1.97993, -0.227908 / -3.69565, -1.97993, -0.227908 / -3.69565, -1.97993, -0.227908; 1, 10, 1, 0; 0.890099674941; 1, 0, 1; 0, 1, 0; 1, 8, 0 / 4, 1, 2 ;
0,35; -3.687303, -1.980184, -0.224244 / -3.687303, -1.980184, -0.224244 / -3.687303, -1.980184, -0.224244; 1, 10, 1, 0; 0.890101329432; 1, 0, 1; 1, 0, 0; 3, 1, 2 ;
1,36; -1.64765, -1.01953, 1.63793 / -1.64765, -1.01953, 1.63793 / -1.64765, -1.01953, 1.63793; 1, 30, 1, 0; 0.262260959862; 1, 0, 1; 1, 0, 0; 1, 2, 0 / 2, 1, 2 ;
1,37; -0.0557817, 0.695763, 0.8427 / -0.0557817, 0.695763, 0.8427 / -0.0557817, 0.695763, 0.8427; 1, 23, 1, 0; 0.134011681956; 1, 0, 1; 1, 0, 0; 3, 1, 2 ;
1,39; -0.502438, 0.817693, -2.79416 / -0.502438, 0.817693, -2.79416 / -0.502438, 0.817693, -2.79416; 1, 2, 1, 0; 0.622268715846; 1, 0, 1; 1, 0, 0; 3, 1, 2 ;
0,39; 0.762596, -1.993696, 3.394781 / 0.762596, -1.993696, 3.394781 / 0.762596, -1.993696, 3.394781; 1, 40, 1, 0; 0.632417035989; 1, 0, 1; 1, 0, 0; 2, 1, 2 ;
1,42; 1.27314, 0.952703, -3.9743 / 1.27333, 0.952986, -3.97384 / 1.27294, 0.95242, -3.97476; 1, 1, 1, 0; 0.558965288787; 2, 1, 1; 1, 1, 0; 1, 4, 2 / 3, 1, 1 ;
0,42; 1.266370, 0.945536, -3.965273 / 1.266493, 0.945696, -3.965135 / 1.266246, 0.945376, -3.965410; 1, 1, 1, 0; 0.558972803920; 2, 1, 1; 1, 1, 0; 1, 1, 1 / 2, 2, 2 ;
0,42; 1.268380, 0.946863, -3.967487 / 1.268380, 0.946863, -3.967487 / 1.268380, 0.946863, -3.967487; 1, 1, 1, 0; 0.558972677349; 0, 1, 0; 0, 1, 0; 2, 4, 0 / 4, 1, 1 ;
0,42; 1.271152, 0.956377, -3.977233 / 1.271152, 0.956377, -3.977233 / 1.271152, 0.956377, -3.977233; 1, 1, 1, 0; 0.558964853700; 1, 0, 1; 1, 0, 0; 3, 1, 2 ;
0,42; 1.265299, 0.949732, -3.973244 / 1.265299, 0.949732, -3.973244 / 1.265299, 0.949732, -3.973244; 1, 1, 1, 0; 0.558965138484; 1, 0, 1; 1, 0, 0; 3, 1, 2 ;
0,42; 1.271950, 0.952283, -3.973464 / 1.272944, 0.952420, -3.973089 / 1.270956, 0.952146, -3.973839; 1, 1, 1, 0; 0.558965257144; 1, 0, 1; 2, 0, 0; 3, 1, 2 / 3, 9, 1 ;
0,42; 1.616916, 1.285680, -3.291741 / 1.616916, 1.285680, -3.291741 / 1.616916, 1.285680, -3.291741; 1, 3, 1, 0; 0.224497040180; 0, 1, 0; 0, 1, 0; 4, 1, 1 ;
0,42; 1.616408, 1.284380, -3.290724 / 1.616408, 1.284380, -3.290724 / 1.616408, 1.284380, -3.290724; 1, 3, 1, 0; 0.224497503597; 1, 0, 1; 0, 1, 0; 4, 1, 2 ;
0,42; 1.850176, 1.516502, -2.860124 / 1.850176, 1.516502, -2.860124 / 1.850176, 1.516502, -2.860124; 1, 3, 1, 0; 0.242719447769; 1, 0, 1; 1, 0, 0; 2, 1, 2 ;
1,44; -3.06702, -1.06335, -2.02692 / -3.06702, -1.06335, -2.02692 / -3.06702, -1.06335, -2.02692; 1, 5, 1, 0; 0.937842209525; 1, 0, 1; 0, 1, 0; 1, 1, 2 ;
0,44; -3.066740, -1.059761, -2.018921 / -3.066740, -1.059761, -2.018921 / -3.066740, -1.059761, -2.018921; 1, 5, 1, 0; 0.937850305969; 1, 0, 1; 1, 0, 0; 2, 1, 2 ;
0,44; -3.841965, -0.925327, -1.705065 / -3.841965, -0.925327, -1.705065 / -3.841965, -0.925327, -1.705065; 1, 6, 1, 0; 0.823803966081; 1, 0, 1; 1, 0, 0; 2, 1, 2 ;
1,47; 0.167417, 0.749453, -4.4955 / 0.167417, 0.749453, -4.4955 / 0.167417, 0.749453, -4.4955; 1, 1, 1, 0; 0.076879455683; 1, 0, 1; 1, 0, 0; 2, 1, 2 ;
1,49; -3.64132, -1.79167, -1.99636 / -3.64132, -1.79167, -1.99636 / -3.64132, -1.79167, -1.99636; 1, 5, 1, 0; 0.871832094852; 0, 1, 0; 0, 1, 0; 4, 1, 1 ;
0,49; -2.390247, 0.570752, -1.401208 / -2.390247, 0.570752, -1.401208 / -2.390247, 0.570752, -1.401208; 1, 10, 1, 0; 0.040318516452; 1, 0, 1; 1, 0, 0; 3, 1, 2 ;
0,49; -2.388998, 0.575001, -1.397278 / -2.388998, 0.575001, -1.397278 / -2.388998, 0.575001, -1.397278; 1, 10, 1, 0; 0.040328675889; 1, 0, 1; 1, 0, 0; 3, 1, 2 / 4, 1, 0 ;
1,52; -0.363081, 1.63348, -3.24266 / -0.363081, 1.63348, -3.24266 / -0.363081, 1.63348, -3.24266; 1, 2, 1, 0; 0.249544321882; 1, 0, 1; 0, 1, 0; 1, 1, 2 ;
0,52; -0.366604, 1.631387, -3.243632 / -0.366604, 1.631387, -3.243632 / -0.366604, 1.631387, -3.243632; 1, 2, 1, 0; 0.249544768835; 0, 1, 0; 0, 1, 0; 1, 1, 1 ;
0,52; -0.366327, 1.631829, -3.238105 / -0.366327, 1.631829, -3.238105 / -0.366327, 1.631829, -3.238105; 1, 2, 1, 0; 0.249544871673; 1, 0, 1; 1, 0, 0; 2, 1, 2 ;
0,52; -0.373474, 1.637055, -3.242077 / -0.373474, 1.637055, -3.242077 / -0.373474, 1.637055, -3.242077; 1, 2, 1, 0; 0.249545947524; 1, 0, 1; 1, 0, 0; 2, 1, 2 ;
0,52; -0.356284, 1.634344, -3.234528 / -0.356284, 1.634344, -3.234528 / -0.356284, 1.634344, -3.234528; 1, 2, 1, 0; 0.249550646460; 1, 0, 1; 1, 0, 0; 3, 1, 2 ;
1,56; -2.92143, -1.05365, 0.706804 / -2.92143, -1.05365, 0.706804 / -2.92143, -1.05365, 0.706804; 1, 21, 1, 0; 0.321036431685; 1, 0, 1; 1, 0, 0; 3, 1, 2 ;
0,56; -3.965589, 0.663986, 0.737965 / -3.965589, 0.663986, 0.737965 / -3.965589, 0.663986, 0.737965; 1, 24, 1, 0; 0.239297161243; 1, 0, 1; 0, 1, 0; 1, 1, 2 ;
1,57; 0.729049, 0.718226, -3.84031 / 0.729049, 0.718226, -3.84031 / 0.729049, 0.718226, -3.84031; 1, 1, 1, 0; 0.548094810919; 0, 1, 0; 0, 1, 0; 4, 1, 1 ;
0,57; 0.127701, -0.011034, -3.529668 / 0.127701, -0.011034, -3.529668 / 0.127701, -0.011034, -3.529668; 1, 1, 1, 0; 0.759900464040; 0, 1, 0; 1, 0, 0; 2, 1, 1 ;
0,57; -0.547954, -0.789679, -3.179208 / -0.547954, -0.789679, -3.179208 / -0.547954, -0.789679, -3.179208; 1, 2, 1, 0; 0.455327046727; 1, 0, 1; 1, 0, 0; 3, 1, 2 ;
0,57; -1.957552, -2.716245, -2.375114 / -1.957552, -2.716245, -2.375114 / -1.957552, -2.716245, -2.375114; 1, 5, 1, 0; 0.555629184837; 1, 0, 1; 1, 0, 0; 2, 1, 2 ;
1,58; -0.2158, -2.04539, -1.27995 / -0.2158, -2.04539, -1.27995 / -0.2158, -2.04539, -1.27995; 1, 8, 1, 0; 0.647741436988; 0, 1, 0; 1, 0, 0; 3, 1, 1 ;
1,59; -3.52209, 1.57096, 1.62527 / -3.52169, 1.57138, 1.62572 / -3.52249, 1.57055, 1.62483; 1, 24, 1, 0; 0.925477202893; 2, 1, 1; 0, 2, 1; 1, 1, 1 / 4, 5, 2 ;
0,59; -3.517663, 1.567563, 1.613915 / -3.517663, 1.567563, 1.613915 / -3.517663, 1.567563, 1.613915; 1, 24, 1, 0; 0.925464935656; 1, 0, 1; 0, 1, 0; 1, 1, 2 ;
0,59; -3.518296, 1.574744, 1.616597 / -3.518296, 1.574744, 1.616597 / -3.518296, 1.574744, 1.616597; 1, 24, 1, 0; 0.925463753272; 1, 0, 1; 1, 0, 0; 2, 1, 2 ;
0,59; -3.522427, 1.571191, 1.612244 / -3.522427, 1.571191, 1.612244 / -3.522427, 1.571191, 1.612244; 1, 24, 1, 0; 0.925463967579; 1, 0, 1; 1, 0, 0; 2, 1, 2 ;
0,59; -3.517338, 1.571863, 1.616028 / -3.517338, 1.571863, 1.616028 / -3.517338, 1.571863, 1.616028; 1, 24, 1, 0; 0.925464699179; 1, 0, 1; 1, 0, 0; 2, 1, 2 ;
0,59; -0.293096, 2.639317, 1.650361 / -0.293096, 2.639317, 1.650361 / -0.293096, 2.639317, 1.650361; 1, 29, 1, 0; 0.372273487089; 1, 0, 1; 1, 0, 0; 2, 1, 2 ;
0,59; -0.098147, 2.703071, 1.659879 / -0.098147, 2.703071, 1.659879 / -0.098147, 2.703071, 1.659879; 1, 29, 1, 0; 0.373868594652; 1, 0, 1; 1, 0, 0; 2, 1, 2 ;
1,61; -3.02253, -0.0838138, -1.76073 / -3.02253, -0.0838138, -1.76073 / -3.02253, -0.0838138, -1.76073; 1, 6, 1, 0; 0.784609714164; 0, 1, 0; 1, 0, 0; 2, 1, 1 ;
1,64; 1.94888, 0.201098, 2.53235 / 1.94939, 0.201944, 2.53239 / 1.94837, 0.200252, 2.53231; 1, 34, 1, 0; 0.954813330539; 2, 2, 1; 1, 2, 1; 1, 1, 2 / 3, 6, 1 / 4, 6, 1 ;
0,64; 1.950915, 0.208899, 2.539980 / 1.950915, 0.208899, 2.539980 / 1.950915, 0.208899, 2.539980; 1, 34, 1, 0; 0.954810985634; 1, 0, 1; 1, 0, 0; 1, 2, 0 / 2, 1, 2 ;
0,64; 1.946759, 0.203957, 2.538355 / 1.946759, 0.203957, 2.538355 / 1.946759, 0.203957, 2.538355; 1, 34, 1, 0; 0.954834472109; 1, 0, 1; 1, 0, 0; 2, 1, 2 / 3, 2, 0 ;
1,65; 0.668767, -0.0867407, -2.98595 / 0.668767, -0.0867407, -2.98595 / 0.668767, -0.0867407, -2.98595; 1, 2, 1, 0; 0.549329317879; 0, 1, 0; 1, 0, 0; 1, 2, 0 / 2, 1, 0 / 3, 1, 1 ;
0,65; 0.444029, -0.904435, -1.534355 / 0.444029, -0.904435, -1.534355 / 0.444029, -0.904435, -1.534355; 1, 11, 1, 0; 0.500451272069; 1, 0, 1; 1, 0, 0; 2, 1, 2 ;
0,65; 0.056774, -2.251250, 0.774159 / 0.056774, -2.251250, 0.774159 / 0.056774, -2.251250, 0.774159; 1, 18, 1, 0; 0.527863461748; 1, 0, 1; 0, 1, 0; 1, 3, 0 / 4, 1, 2 ;
0,65; 0.054844, -2.248295, 0.765364 / 0.054844, -2.248295, 0.765364 / 0.054844, -2.248295, 0.765364; 1, 18, 1, 0; 0.527850252058; 0, 1, 0; 1, 0, 0; 3, 1, 1 ;
1,68; 1.45817, -3.17268, -2.99048 / 1.45817, -3.17268, -2.99048 / 1.45817, -3.17268, -2.99048; 1, 3, 1, 0; 0.455508714241; 1, 0, 1; 0, 1, 0; 1, 1, 2 ;
0,68; 0.527149, -3.362127, -1.753020 / 0.527149, -3.362127, -1.753020 / 0.527149, -3.362127, -1.753020; 1, 8, 1, 0; 0.354134034104; 1, 0, 1; 1, 0, 0; 3, 1, 2 ;
1,71; -4.04337, -0.626662, 0.226972 / -4.04337, -0.626662, 0.226972 / -4.04337, -0.626662, 0.226972; 1, 14, 1, 0; 0.929475043178; 0, 1, 0; 0, 1, 0; 1, 4, 0 / 1, 5, 0 / 4, 1, 1 ;
0,71; -4.039388, -0.627853, 0.227050 / -4.039388, -0.627853, 0.227050 / -4.039388, -0.627853, 0.227050; 1, 14, 1, 0; 0.929475837177; 1, 0, 1; 1, 0, 0; 3, 1, 2 / 4, 2, 0 ;
1,76; -0.522725, 1.56282, 1.57545 / -0.522725, 1.56282, 1.57545 / -0.522725, 1.56282, 1.57545; 1, 29, 1, 0; 0.314860680873; 1, 0, 1; 1, 0, 0; 2, 1, 2 / 4, 4, 0 ;
0,76; -0.517784, 1.557384, 1.580915 / -0.517784, 1.557384, 1.580915 / -0.517784, 1.557384, 1.580915; 1, 29, 1, 0; 0.314861109488; 1, 0, 1; 1, 0, 0; 2, 1, 2 ;
0,76; 1.354180, 2.464741, 2.700784 / 1.354180, 2.464741, 2.700784 / 1.354180, 2.464741, 2.700784; 1, 38, 1, 0; 0.596863875163; 1, 0, 1; 1, 0, 0; 3, 1, 2 ;
0,76; 1.715839, 2.620205, 2.920080 / 1.716335, 2.620578, 2.920505 / 1.715344, 2.619832, 2.919655; 1, 40, 1, 0; 0.058796023888; 2, 1, 1; 0, 2, 1; 1, 1, 2 / 3, 2, 0 / 3, 3, 0 / 4, 1, 1 ;
0,76; 1.721633, 2.621536, 2.917786 / 1.721633, 2.621536, 2.917786 / 1.721633, 2.621536, 2.917786; 1, 40, 1, 0; 0.058767012416; 1, 0, 1; 1, 0, 0; 3, 1, 2 ;
1,79; 2.74299, 0.102606, -2.03121 / 2.74299, 0.102606, -2.03121 / 2.74299, 0.102606, -2.03121; 1, 4, 1, 0; 0.599519122975; 0, 0, 0; 1, 0, 0; 2, 1, 3 ;
0,79; 0.517029, 1.449386, -0.203988 / 0.517029, 1.449386, -0.203988 / 0.517029, 1.449386, -0.203988; 1, 13, 1, 0; 0.834127942261; 0, 1, 0; 0, 1, 0; 1, 1, 1 ;
0,79; 0.512867, 1.445977, -0.199409 / 0.513176, 1.446595, -0.198727 / 0.512558, 1.445359, -0.200092; 1, 13, 1, 0; 0.834138596627; 2, 1, 1; 2, 0, 0; 2, 1, 1 / 3, 8, 2 ;
0,79; 0.502147, 1.425743, -0.223260 / 0.502147, 1.425743, -0.223260 / 0.502147, 1.425743, -0.223260; 1, 13, 1, 0; 0.832931717267; 1, 0, 1; 1, 0, 0; 3, 1, 2 ;
0,79; 0.514667, 1.449082, -0.215508 / 0.514667, 1.449082, -0.215508 / 0.514667, 1.449082, -0.215508; 1, 13, 1, 0; 0.834116967833; 1, 0, 1; 1, 0, 0; 3, 1, 2 ;
0,79; 0.514000, 1.449650, -0.203297 / 0.514000, 1.449650, -0.203297 / 0.514000, 1.449650, -0.203297; 1, 13, 1, 0; 0.834128016121; 1, 0, 1; 1, 0, 0; 3, 1, 2 ;
0,79; 0.513734, 1.446267, -0.200044 / 0.514292, 1.446595, -0.199995 / 0.513176, 1.445939, -0.200092; 1, 13, 1, 0; 0.834138639713; 0, 1, 0; 2, 0, 0; 2, 4, 1 / 3, 1, 2 ;
1,84; 0.945081, -1.40097, -0.456199 / 0.945081, -1.40097, -0.456199 / 0.945081, -1.40097, -0.456199; 1, 12, 1, 0; 0.706651555412; 1, 0, 1; 0, 1, 0; 1, 1, 2 ;
0,84; -0.769133, -3.297393, 0.394360 / -0.769133, -3.297393, 0.394360 / -0.769133, -3.297393, 0.394360; 1, 18, 1, 0; 0.238766630678; 1, 0, 1; 1, 0, 0; 2, 1, 2 ;
1,89; -1.37452, 1.91649, 1.9237 / -1.37452, 1.91649, 1.9237 / -1.37452, 1.91649, 1.9237; 1, 29, 1, 0; 0.798720420743; 1, 0, 1; 1, 0, 0; 3, 1, 2 ;
0,89; 0.799009, 0.410910, 2.552473 / 0.799009, 0.410910, 2.552473 / 0.799009, 0.410910, 2.552473; 1, 38, 1, 0; 0.965547156756; 0, 1, 0; 1, 0, 0; 2, 1, 1 ;
0,89; 0.803355, 0.410937, 2.554845 / 0.803355, 0.410937, 2.554845 / 0.803355, 0.410937, 2.554845; 1, 38, 1, 0; 0.965547416987; 1, 0, 1; 1, 0, 0; 2, 1, 2 ;
0,89; 0.800075, 0.413446, 2.554913 / 0.800075, 0.413446, 2.554913 / 0.800075, 0.413446, 2.554913; 1, 38, 1, 0; 0.965549085521; 1, 0, 1; 1, 0, 0; 2, 1, 2 ;
1,90; 0.82773, 1.32752, -1.13447 / 0.82773, 1.32752, -1.13447 / 0.82773, 1.32752, -1.13447; 1, 7, 1, 0; 0.548120596534; 1, 0, 1; 1, 0, 0; 2, 1, 2 / 3, 1, 0 ;
0,90; 2.048486, 0.492544, 1.312157 / 2.048527, 0.492682, 1.312415 / 2.048445, 0.492406, 1.311898; 1, 26, 1, 0; 0.901850447902; 0, 2, 0; 0, 2, 0; 4, 1, 1 / 4, 2, 1 ;
0,90; 2.042091, 0.494096, 1.324330 / 2.042091, 0.494096, 1.324330 / 2.042091, 0.494096, 1.324330; 1, 26, 1, 0; 0.901864626463; 1, 0, 1; 1, 0, 0; 2, 1, 2 ;
0,90; 2.582277, 0.102588, 2.357634 / 2.582277, 0.102588, 2.357634 / 2.582277, 0.102588, 2.357634; 1, 28, 1, 0; 0.936204878300; 0, 1, 0; 0, 1, 0; 1, 1, 1 / 1, 2, 0 ;
0,90; 2.580413, 0.101084, 2.356383 / 2.580413, 0.101084, 2.356383 / 2.580413, 0.101084, 2.356383; 1, 28, 1, 0; 0.936204970385; 1, 0, 1; 1, 0, 0; 2, 1, 2 ;
0,90; 3.039892, -0.192528, 3.225085 / 3.039892, -0.192528, 3.225085 / 3.039892, -0.192528, 3.225085; 1, 41, 1, 0; 0.564489012112; 0, 0, 0; 1, 0, 0; 2, 1, 3 ;
1,95; 1.91577, 2.70839, 0.786372 / 1.91607, 2.70855, 0.786709 / 1.91546, 2.70824, 0.786034; 1, 20, 1, 0; 0.666939399461; 1, 0, 1; 2, 0, 0; 2, 7, 3 / 3, 1, 2 ;
0,95; 1.382816, 4.321750, 0.169934 / 1.382816, 4.321750, 0.169934 / 1.382816, 4.321750, 0.169934; 1, 20, 1, 0; 0.146924148813; 1, 0, 1; 1, 0, 0; 2, 1, 2 ;
0,95; 1.911041, 2.707520, 0.789550 / 1.911041, 2.707520, 0.789550 / 1.911041, 2.707520, 0.789550; 1, 20, 1, 0; 0.666938416015; 1, 0, 1; 1, 0, 0; 3, 1, 2 ;
1,98; 0.338695, -1.18436, -0.755266 / 0.338695, -1.18436, -0.755266 / 0.338695, -1.18436, -0.755266; 1, 16, 1, 0; 0.008839868362; 1, 0, 1; 1, 0, 0; 2, 1, 2 ;
0,98; -0.213391, 0.086613, 0.200249 / -0.213391, 0.086613, 0.200249 / -0.213391, 0.086613, 0.200249; 1, 16, 1, 0; 0.683720713589; 1, 0, 1; 1, 0, 0; 2, 1, 2 ;
0,98; -0.208724, 0.088369, 0.206767 / -0.208724, 0.088369, 0.206767 / -0.208724, 0.088369, 0.206767; 1, 16, 1, 0; 0.683731422249; 1, 0, 1; 1, 0, 0; 3, 1, 2 ;
0,98; -0.162256, -0.051001, 0.107052 / -0.162256, -0.051001, 0.107052 / -0.162256, -0.051001, 0.107052; 1, 16, 1, 0; 0.708981558870; 1, 0, 1; 1, 0, 0; 3, 1, 2 ;
0,98; -0.157014, -0.049742, 0.110251 / -0.157014, -0.049742, 0.110251 / -0.157014, -0.049742, 0.110251; 1, 16, 1, 0; 0.708981753086; 1, 0, 1; 1, 0, 0; 2, 1, 2 ;
0,98; -0.155179, -0.051347, 0.109810 / -0.155179, -0.051347, 0.109810 / -0.155179, -0.051347, 0.109810; 1, 16, 1, 0; 0.708981873634; 0, 1, 0; 1, 0, 0; 2, 1, 1 ;
0,98; -0.302687, 0.337718, 0.367251 / -0.302687, 0.337718, 0.367251 / -0.302687, 0.337718, 0.367251; 1, 17, 1, 0; 0.763745881562; 1, 0, 1; 0, 1, 0; 1, 1, 2 ;
1,103; -0.555119, -0.876998, -1.41549 / -0.554792, -0.876929, -1.41522 / -0.555445, -0.877066, -1.41575; 1, 11, 1, 0; 0.493542081497; 1, 0, 2; 2, 0, 0; 2, 1, 2 / 3, 5, 2 ;
0,103; -0.590542, -0.297576, -1.122684 / -0.590542, -0.297576, -1.122684 / -0.590542, -0.297576, -1.122684; 1, 11, 1, 0; 0.689721119823; 0, 0, 0; 1, 0, 0; 3, 1, 3 ;
0,103; -0.099697, 4.083329, 1.083899 / -0.099697, 4.083329, 1.083899 / -0.099697, 4.083329, 1.083899; 1, 26, 1, 0; 0.604633877673; 0, 0, 0; 1, 0, 0; 2, 1, 3 ;
1,104; 4.242, 0.354298, 1.0226 / 4.242, 0.354298, 1.0226 / 4.242, 0.354298, 1.0226; 1, 27, 1, 0; 0.071310923503; 1, 0, 1; 1, 0, 0; 2, 2, 0 / 3, 1, 2 ;
0,104; -2.406859, -0.591647, 3.745193 / -2.406859, -0.591647, 3.745193 / -2.406859, -0.591647, 3.745193; 1, 46, 1, 0; 0.150692753304; 1, 0, 1; 1, 0, 0; 3, 1, 2 ;
1,105; -2.26317, 2.25573, 1.94102 / -2.2628, 2.25651, 1.94184 / -2.26354, 2.25495, 1.94019; 1, 29, 1, 0; 0.754897512479; 2, 1, 1; 1, 1, 0; 3, 9, 1 / 4, 1, 2 ;
0,105; -2.257788, 2.256672, 1.940987 / -2.257788, 2.256672, 1.940987 / -2.257788, 2.256672, 1.940987; 1, 29, 1, 0; 0.754880387389; 1, 0, 1; 0, 1, 0; 1, 1, 2 ;
0,105; -2.264180, 2.254312, 1.955342 / -2.264180, 2.254312, 1.955342 / -2.264180, 2.254312, 1.955342; 1, 29, 1, 0; 0.754891950234; 1, 0, 1; 0, 1, 0; 4, 1, 2 ;
0,105; -2.262622, 2.251285, 1.947858 / -2.262622, 2.251285, 1.947858 / -2.262622, 2.251285, 1.947858; 1, 29, 1, 0; 0.754894736227; 0, 1, 0; 0, 1, 0; 1, 1, 1 ;
0,105; -2.263755, 2.252410, 1.943987 / -2.263208, 2.253087, 1.944765 / -2.264302, 2.251734, 1.943208; 1, 29, 1, 0; 0.754896382495; 2, 1, 1; 3, 0, 0; 1, 6, 0 / 2, 1, 3 / 2, 6, 1 / 3, 5, 0 / 3, 7, 2 / 4, 2, 0 ;
0,105; -2.267456, 2.260746, 1.941487 / -2.267456, 2.260746, 1.941487 / -2.267456, 2.260746, 1.941487; 1, 29, 1, 0; 0.754899402278; 1, 0, 1; 1, 0, 0; 2, 1, 2 ;
1,107; -0.463412, -2.0716, -3.29625 / -0.463412, -2.0716, -3.29625 / -0.463412, -2.0716, -3.29625; 1, 5, 1, 0; 0.036807820224; 1, 0, 1; 1, 0, 0; 2, 1, 2 ;
1,109; -1.59977, -2.22849, 1.38733 / -1.59977, -2.22849, 1.38733 / -1.59977, -2.22849, 1.38733; 1, 21, 1, 0; 0.915154066333; 1, 0, 1; 1, 0, 0; 3, 1, 2 ;
0,109; -0.169171, -2.525228, 1.336389 / -0.169171, -2.525228, 1.336389 / -0.169171, -2.525228, 1.336389; 1, 22, 1, 0; 0.477053560515; 1, 0, 1; 1, 0, 0; 3, 1, 2 ;
0,109; 2.699206, -3.279415, 1.361963 / 2.699206, -3.279415, 1.361963 / 2.699206, -3.279415, 1.361963; 1, 22, 1, 0; 0.595063329084; 1, 0, 1; 1, 0, 0; 2, 1, 2 ;
1,110; -2.58138, -2.71978, -0.222116 / -2.58138, -2.71978, -0.222116 / -2.58138, -2.71978, -0.222116; 1, 10, 1, 0; 0.927185884709; 1, 0, 1; 1, 0, 0; 2, 1, 2 ;
1,113; 0.108462, 1.73726, -1.5211 / 0.108462, 1.73726, -1.5211 / 0.108462, 1.73726, -1.5211; 1, 7, 1, 0; 0.468660610096; 1, 0, 1; 1, 0, 0; 2, 1, 2 ;
1,114; -2.93739, -1.83995, -2.44349 / -2.93739, -1.83995, -2.44349 / -2.93739, -1.83995, -2.44349; 1, 5, 1, 0; 0.501412118788; 1, 0, 1; 0, 1, 0; 1, 1, 2 ;
0,114; -0.948573, -0.936147, -1.609125 / -0.948573, -0.936147, -1.609125 / -0.948573, -0.936147, -1.609125; 1, 6, 1, 0; 0.846139873417; 1, 0, 1; 1, 0, 0; 3, 1, 2 ;
1,115; 1.64467, -2.08385, -1.04284 / 1.64558, -2.08344, -1.04233 / 1.64377, -2.08426, -1.04334; 1, 8, 1, 0; 0.778025109917; 2, 3, 1; 2, 2, 0; 2, 5, 2 / 3, 1, 1 / 4, 1, 1 / 4, 9, 1 ;
0,115; 1.652070, -2.082092, -1.047693 / 1.652070, -2.082092, -1.047693 / 1.652070, -2.082092, -1.047693; 1, 8, 1, 0; 0.778015480972; 1, 0, 1; 0, 1, 0; 4, 1, 2 ;
0,115; 1.618010, -2.083208, -1.029840 / 1.618010, -2.083208, -1.029840 / 1.618010, -2.083208, -1.029840; 1, 8, 1, 0; 0.777347795672; 1, 0, 1; 1, 0, 0; 2, 1, 2 ;
0,115; -1.185832, -2.300297, -0.284545 / -1.185832, -2.300297, -0.284545 / -1.185832, -2.300297, -0.284545; 1, 16, 1, 0; 0.270086841273; 1, 0, 1; 1, 0, 0; 2, 1, 2 ;
0,115; -2.730849, -2.408630, 0.088266 / -2.730849, -2.408630, 0.088266 / -2.730849, -2.408630, 0.088266; 1, 18, 1, 0; 0.024629996178; 1, 0, 1; 1, 0, 0; 2, 1, 2 ;
1,116; 3.17459, -0.973702, 1.44451 / 3.17459, -0.973702, 1.44451 / 3.17459, -0.973702, 1.44451; 1, 27, 1, 0; 0.267968998630; 0, 1, 0; 1, 0, 0; 2, 1, 0 / 3, 1, 1 ;
1,117; -1.59119, -2.52259, -3.19074 / -1.59119, -2.52259, -3.19074 / -1.59119, -2.52259, -3.19074; 1, 1, 1, 0; 0.997533118005; 1, 0, 1; 1, 0, 0; 3, 1, 2 / 4, 2, 0 ;
1,118; 0.683383, 1.40179, -0.085601 / 0.683383, 1.40179, -0.085601 / 0.683383, 1.40179, -0.085601; 1, 13, 1, 0; 0.836510734997; 0, 1, 0; 1, 0, 0; 1, 1, 0 / 2, 1, 1 ;
1,121; 1.04041, -3.96224, -0.244989 / 1.0406, -3.9616, -0.244139 / 1.04023, -3.96289, -0.24584; 1, 15, 1, 0; 0.267930221594; 1, 0, 1; 1, 1, 0; 3, 1, 2 / 3, 3, 0 / 3, 4, 0 / 3, 8, 0 / 4, 6, 3 / 4, 7, 0 ;
0,121; 1.039283, -3.958245, -0.245179 / 1.039283, -3.958245, -0.245179 / 1.039283, -3.958245, -0.245179; 1, 15, 1, 0; 0.267929484913; 1, 0, 1; 0, 1, 0; 1, 1, 2 ;
0,121; 1.050477, -3.960696, -0.240232 / 1.050477, -3.960696, -0.240232 / 1.050477, -3.960696, -0.240232; 1, 15, 1, 0; 0.267918387821; 1, 0, 1; 1, 0, 0; 3, 1, 2 ;
0,121; 1.041428, -3.966376, -0.245008 / 1.041428, -3.966376, -0.245008 / 1.041428, -3.966376, -0.245008; 1, 15, 1, 0; 0.267931333312; 1, 0, 1; 1, 0, 0; 3, 1, 2 ;
0,121; 1.035385, -3.951229, -0.247134 / 1.035385, -3.951229, -0.247134 / 1.035385, -3.951229, -0.247134; 1, 15, 1, 0; 0.267940869980; 1, 0, 1; 1, 0, 0; 2, 1, 2 ;
0,121; 1.035602, -3.952393, -0.246246 / 1.035602, -3.952393, -0.246246 / 1.035602, -3.952393, -0.246246; 1, 15, 1, 0; 0.267940936951; 1, 0, 1; 1, 0, 0; 2, 1, 2 ;
1,123; -0.155811, -3.45544, 0.418612 / -0.155811, -3.45544, 0.418612 / -0.155811, -3.45544, 0.418612; 1, 18, 1, 0; 0.199886504077; 0, 1, 0; 1, 0, 0; 3, 1, 1 / 4, 10, 0 ;
0,123; 1.376297, -0.264979, 0.360125 / 1.376297, -0.264979, 0.360125 / 1.376297, -0.264979, 0.360125; 1, 19, 1, 0; 0.583756555103; 0, 1, 0; 0, 1, 0; 1, 5, 0 / 4, 1, 1 ;
0,123; 0.989975, -1.007019, 0.423946 / 0.989975, -1.007019, 0.423946 / 0.989975, -1.007019, 0.423946; 1, 19, 1, 0; 0.492041142765; 1, 0, 1; 1, 0, 0; 3, 1, 2 ;
1,125; -2.96716, -2.15491, -2.76309 / -2.96708, -2.15454, -2.76257 / -2.96723, -2.15528, -2.76362; 1, 5, 1, 0; 0.297689087739; 2, 1, 1; 2, 0, 0; 2, 3, 2 / 3, 1, 1 ;
1,127; 1.28855, 2.32841, -2.87092 / 1.28855, 2.32841, -2.87092 / 1.28855, 2.32841, -2.87092; 1, 2, 1, 0; 0.764068226334; 1, 0, 1; 1, 0, 0; 3, 1, 2 ;
0,127; -0.686259, -2.075295, -2.010089 / -0.686259, -2.075295, -2.010089 / -0.686259, -2.075295, -2.010089; 1, 5, 1, 0; 0.822713636823; 1, 0, 1; 0, 1, 0; 1, 1, 2 ;
0,127; -0.683963, -2.075319, -2.010480 / -0.683963, -2.075319, -2.010480 / -0.683963, -2.075319, -2.010480; 1, 5, 1, 0; 0.822713587813; 1, 0, 1; 1, 0, 0; 2, 1, 2 ;
0,127; -0.682785, -2.070180, -2.012221 / -0.682785, -2.070180, -2.012221 / -0.682785, -2.070180, -2.012221; 1, 5, 1, 0; 0.822714357269; 1, 0, 1; 1, 0, 0; 2, 1, 0 / 3, 1, 2 / 3, 2, 0 ;
1,129; -2.13725, -2.33693, 0.175741 / -2.13667, -2.33688, 0.176134 / -2.13783, -2.33698, 0.175348; 1, 16, 1, 0; 0.940730459207; 2, 1, 2; 2, 1, 0; 1, 1, 1 / 2, 1, 2 / 3, 4, 2 ;
0,129; -2.137783, -2.337526, 0.171312 / -2.137783, -2.337526, 0.171312 / -2.137783, -2.337526, 0.171312; 1, 16, 1, 0; 0.940729695737; 0, 1, 0; 0, 1, 0; 1, 1, 1 ;
0,129; -2.138624, -2.341411, 0.180984 / -2.138624, -2.341411, 0.180984 / -2.138624, -2.341411, 0.180984; 1, 16, 1, 0; 0.940731463771; 1, 0, 1; 1, 0, 0; 2, 1, 2 ;
1,130; -0.109902, -4.56286, -0.524928 / -0.109902, -4.56286, -0.524928 / -0.109902, -4.56286, -0.524928; 1, 9, 1, 0; 0.781395973641; 0, 0, 0; 1, 0, 0; 2, 2, 0 / 3, 1, 3 ;
0,130; -0.064511, -4.535006, -0.442031 / -0.064511, -4.535006, -0.442031 / -0.064511, -4.535006, -0.442031; 1, 9, 1, 0; 0.781501369010; 0, 1, 0; 1, 0, 0; 2, 1, 1 / 4, 6, 0 ;
0,130; -0.063228, -4.535363, -0.442981 / -0.063228, -4.535363, -0.442981 / -0.063228, -4.535363, -0.442981; 1, 9, 1, 0; 0.781501428485; 1, 0, 1; 1, 0, 0; 2, 1, 2 ;
1,133; -0.599888, 1.89223, -0.845715 / -0.599888, 1.89223, -0.845715 / -0.599888, 1.89223, -0.845715; 1, 7, 1, 0; 0.911399168116; 1, 0, 1; 1, 0, 0; 2, 1, 2 ;
0,133; -0.595699, 1.891936, -0.823263 / -0.595699, 1.891936, -0.823263 / -0.595699, 1.891936, -0.823263; 1, 7, 1, 0; 0.911418241917; 1, 0, 1; 1, 0, 0; 1, 7, 0 / 2, 5, 0 / 2, 6, 0 / 2, 7, 0 / 3, 1, 2 / 4, 9, 0 ;
0,133; -1.591293, 3.489583, 0.117766 / -1.591293, 3.489583, 0.117766 / -1.591293, 3.489583, 0.117766; 1, 17, 1, 0; 0.484364616724; 0, 0, 0; 1, 0, 0; 3, 1, 3 ;
0,133; -1.620206, 3.538122, 0.144687 / -1.620206, 3.538122, 0.144687 / -1.620206, 3.538122, 0.144687; 1, 17, 1, 0; 0.484599413027; 0, 1, 0; 1, 0, 0; 2, 1, 1 ;
1,137; -1.44506, -2.93556, 0.564592 / -1.44471, -2.93551, 0.564972 / -1.4454, -2.93561, 0.564211; 1, 18, 1, 0; 0.285859648095; 1, 0, 2; 2, 0, 0; 1, 4, 0 / 2, 1, 2 / 3, 2, 2 ;
0,137; -1.443932, -2.941134, 0.570695 / -1.443932, -2.941134, 0.570695 / -1.443932, -2.941134, 0.570695; 1, 18, 1, 0; 0.285848237825; 1, 0, 1; 1, 0, 0; 2, 1, 2 ;
0,137; -1.444595, -2.937495, 0.568754 / -1.444595, -2.937495, 0.568754 / -1.444595, -2.937495, 0.568754; 1, 18, 1, 0; 0.285860401340; 1, 0, 1; 1, 0, 0; 2, 1, 2 ;
1,142; -2.69481, 1.86347, -0.277907 / -2.69481, 1.86347, -0.277907 / -2.69481, 1.86347, -0.277907; 1, 14, 1, 0; 0.522717854404; 1, 0, 1; 1, 0, 0; 2, 1, 2 ;
0,142; 1.725982, -0.528560, 1.013274 / 1.725982, -0.528560, 1.013274 / 1.725982, -0.528560, 1.013274; 1, 26, 1, 0; 0.089795430972; 1, 0, 1; 1, 0, 0; 3, 1, 2 ;
1,143; 0.836909, -1.93846, 1.69359 / 0.836909, -1.93846, 1.69359 / 0.836909, -1.93846, 1.69359; 1, 22, 1, 0; 0.970633050739; 0, 1, 0; 0, 1, 0; 1, 1, 1 ;
1,144; 0.82506, -2.20946, 3.17362 / 0.82506, -2.20946, 3.17362 / 0.82506, -2.20946, 3.17362; 1, 40, 1, 0; 0.776954974069; 1, 0, 1; 0, 1, 0; 1, 1, 2 ;
1,145; 1.07267, -2.02512, -1.66015 / 1.07267, -2.02512, -1.66015 / 1.07267, -2.02512, -1.66015; 1, 8, 1, 0; 0.236083064613; 1, 0, 1; 1, 0, 0; 3, 1, 2 ;
0,145; 1.559437, -1.688586, -1.487908 / 1.559437, -1.688586, -1.487908 / 1.559437, -1.688586, -1.487908; 1, 8, 1, 0; 0.670450499652; 1, 0, 1; 1, 0, 0; 2, 1, 2 / 3, 2, 0 ;
1,146; -3.46683, -2.68803, 1.38141 / -3.46683, -2.68803, 1.38141 / -3.46683, -2.68803, 1.38141; 1, 21, 1, 0; 0.894201881828; 1, 0, 1; 1, 0, 0; 2, 1, 2 ;
1,147; 0.981432, -0.142213, -1.51895 / 0.982265, -0.1422, -1.51875 / 0.980599, -0.142226, -1.51914; 1, 11, 1, 0; 0.437065120867; 2, 1, 1; 1, 1, 0; 3, 1, 2 / 3, 5, 0 / 4, 6, 1 ;
0,147; 0.980514, -0.142432, -1.515491 / 0.980514, -0.142432, -1.515491 / 0.980514, -0.142432, -1.515491; 1, 11, 1, 0; 0.437064989266; 1, 0, 1; 0, 1, 0; 4, 1, 2 ;
1,152; 2.21466, 1.33291, -1.95646 / 2.21466, 1.33291, -1.95646 / 2.21466, 1.33291, -1.95646; 1, 4, 1, 0; 0.710017678325; 0, 1, 0; 1, 0, 0; 3, 1, 1 ;
0,152; 2.508998, 1.558479, -2.015058 / 2.508998, 1.558479, -2.015058 / 2.508998, 1.558479, -2.015058; 1, 4, 1, 0; 0.747312072599; 1, 0, 1; 1, 0, 0; 2, 1, 2 ;
1,154; -0.834511, -1.65173, -0.373216 / -0.834511, -1.65173, -0.373216 / -0.834511, -1.65173, -0.373216; 1, 15, 1, 0; 0.075671457771; 1, 0, 1; 0, 1, 0; 4, 1, 2 ;
1,155; 1.08654, 1.13614, 2.5294 / 1.08654, 1.13614, 2.5294 / 1.08654, 1.13614, 2.5294; 1, 38, 1, 0; 0.879472681962; 0, 1, 0; 1, 0, 0; 2, 1, 1 ;
1,156; 2.38243, -1.78929, 2.31716 / 2.38243, -1.78929, 2.31716 / 2.38243, -1.78929, 2.31716; 1, 33, 1, 0; 0.488227226351; 1, 0, 1; 1, 0, 0; 2, 1, 2 ;
0,156; 2.673261, -1.913991, 2.576360 / 2.673261, -1.913991, 2.576360 / 2.673261, -1.913991, 2.576360; 1, 34, 1, 0; 0.288597559302; 1, 0, 1; 1, 0, 0; 2, 7, 0 / 3, 1, 2 ;
1,157; -1.1434, -3.23181, 0.579082 / -1.1434, -3.23181, 0.579082 / -1.1434, -3.23181, 0.579082; 1, 18, 1, 0; 0.241496126367; 1, 0, 1; 1, 0, 0; 3, 1, 2 ;
0,157; -3.003217, 0.102884, 2.936115 / -3.003217, 0.102884, 2.936115 / -3.003217, 0.102884, 2.936115; 1, 37, 1, 0; 0.932823665020; 1, 0, 1; 1, 0, 0; 1, 3, 0 / 1, 9, 0 / 2, 1, 2 / 2, 3, 0 ;
1,159; 1.02142, -2.98311, 2.98757 / 1.02142, -2.98311, 2.98757 / 1.02142, -2.98311, 2.98757; 1, 35, 1, 0; 0.867059936673; 1, 0, 1; 1, 0, 0; 2, 1, 2 ;
0,159; 0.635864, -1.993748, 3.464232 / 0.635864, -1.993748, 3.464232 / 0.635864, -1.993748, 3.464232; 1, 43, 1, 0; 0.698129350750; 1, 0, 1; 0, 1, 0; 4, 1, 2 ;
1,161; 1.03213, -2.53406, -0.810179 / 1.03213, -2.53406, -0.810179 / 1.03213, -2.53406, -0.810179; 1, 9, 1, 0; 0.595348902846; 1, 0, 1; 0, 1, 0; 4, 1, 2 ;
0,161; 1.029818, -2.535334, -0.809457 / 1.029818, -2.535334, -0.809457 / 1.029818, -2.535334, -0.809457; 1, 9, 1, 0; 0.595349594920; 1, 0, 1; 1, 0, 0; 1, 1, 0 / 2, 1, 2 ;
0,161; -1.243787, -1.732718, 0.798033 / -1.243787, -1.732718, 0.798033 / -1.243787, -1.732718, 0.798033; 1, 21, 1, 0; 0.277035210796; 0, 1, 0; 0, 1, 0; 4, 1, 1 ;
0,161; -1.057445, -1.800286, 0.688015 / -1.057335, -1.800277, 0.688439 / -1.057554, -1.800294, 0.687592; 1, 23, 1, 0; 0.330064462111; 0, 2, 0; 0, 2, 1; 1, 7, 1 / 4, 1, 1 ;
0,161; -1.053943, -1.803490, 0.686962 / -1.053943, -1.803490, 0.686962 / -1.053943, -1.803490, 0.686962; 1, 23, 1, 0; 0.330051825380; 0, 1, 0; 1, 0, 0; 1, 3, 0 / 3, 1, 1 ;
0,161; -1.057551, -1.800088, 0.688355 / -1.057548, -1.799899, 0.688439 / -1.057554, -1.800277, 0.688271; 1, 23, 1, 0; 0.330064432552; 0, 1, 0; 1, 1, 0; 2, 1, 1 / 4, 5, 1 ;
0,161; -3.234503, -0.930640, 2.300372 / -3.234503, -0.930640, 2.300372 / -3.234503, -0.930640, 2.300372; 1, 36, 1, 0; 0.130941160861; 0, 1, 0; 1, 0, 0; 2, 1, 1 ;
1,163; 2.2736, -1.09641, 0.871952 / 2.2736, -1.09641, 0.871952 / 2.2736, -1.09641, 0.871952; 1, 19, 1, 0; 0.781031302517; 0, 1, 0; 0, 1, 0; 4, 1, 1 ;
1,170; 2.02738, 0.793492, 0.408511 / 2.02738, 0.793492, 0.408511 / 2.02738, 0.793492, 0.408511; 1, 19, 1, 0; 0.708648245850; 1, 0, 1; 1, 0, 0; 2, 1, 2 ;
1,171; 0.932114, 2.33882, -0.813338 / 0.932114, 2.33882, -0.813338 / 0.932114, 2.33882, -0.813338; 1, 12, 1, 0; 0.247803810027; 0, 1, 0; 1, 0, 0; 2, 1, 1 ;
1,176; -3.59668, -0.025426, 2.33131 / -3.59668, -0.025426, 2.33131 / -3.59668, -0.025426, 2.33131; 1, 36, 1, 0; 0.239865706711; 0, 1, 0; 0, 1, 0; 1, 1, 1 ;
0,176; -3.835244, -0.372559, 2.245709 / -3.835244, -0.372559, 2.245709 / -3.835244, -0.372559, 2.245709; 1, 36, 1, 0; 0.227053238111; 1, 0, 1; 1, 0, 0; 2, 1, 2 ;
1,180; 1.34788, -1.64264, -3.67079 / 1.3483, -1.64203, -3.6703 / 1.34745, -1.64325, -3.67128; 1, 1, 1, 0; 0.883316459882; 2, 1, 2; 2, 1, 0; 3, 1, 1 / 3, 8, 2 / 4, 1, 2 ;
0,180; 1.347110, -1.644114, -3.671773 / 1.347110, -1.644114, -3.671773 / 1.347110, -1.644114, -3.671773; 1, 1, 1, 0; 0.883316416373; 1, 0, 1; 1, 0, 0; 3, 1, 2 ;
0,180; 1.347300, -1.632959, -3.669102 / 1.347300, -1.632959, -3.669102 / 1.347300, -1.632959, -3.669102; 1, 1, 1, 0; 0.883317108556; 1, 0, 1; 1, 0, 0; 2, 1, 2 ;
0,180; 0.093739, -1.668660, -3.132673 / 0.093739, -1.668660, -3.132673 / 0.093739, -1.668660, -3.132673; 1, 3, 1, 0; 0.105350229895; 1, 0, 1; 1, 0, 0; 3, 1, 2 ;
1,181; 2.38787, 2.6966, -2.68679 / 2.38787, 2.6966, -2.68679 / 2.38787, 2.6966, -2.68679; 1, 4, 1, 0; 0.161484757633; 1, 0, 1; 1, 0, 0; 3, 1, 2 ;
0,181; 0.748948, -1.914130, -0.959221 / 0.748948, -1.914130, -0.959221 / 0.748948, -1.914130, -0.959221; 1, 8, 1, 0; 0.785011986324; 0, 1, 0; 0, 1, 0; 4, 1, 1 ;
0,181; 0.340120, -3.076211, -0.488710 / 0.340120, -3.076211, -0.488710 / 0.340120, -3.076211, -0.488710; 1, 9, 1, 0; 0.945351184529; 1, 0, 1; 1, 0, 0; 2, 1, 2 ;
0,181; -0.403707, -4.570065, 0.135317 / -0.403707, -4.570065, 0.135317 / -0.403707, -4.570065, 0.135317; 1, 15, 1, 0; 0.958143021891; 1, 0, 1; 1, 0, 0; 3, 1, 2 ;
1,182; 0.0637672, -0.0993756, 3.50337 / 0.0637672, -0.0993756, 3.50337 / 0.0637672, -0.0993756, 3.50337; 1, 44, 1, 0; 0.524354296174; 1, 0, 1; 1, 0, 0; 2, 1, 2 ;
1,192; 1.74442, -3.42975, -1.10833 / 1.74442, -3.42975, -1.10833 / 1.74442, -3.42975, -1.10833; 1, 8, 1, 0; 0.941326365515; 1, 0, 1; 0, 1, 0; 1, 1, 2 ;
0,192; 1.743774, -3.419630, -1.115363 / 1.743774, -3.419630, -1.115363 / 1.743774, -3.419630, -1.115363; 1, 8, 1, 0; 0.941328733121; 0, 1, 0; 0, 1, 0; 1, 1, 1 ;
0,192; 1.593336, -3.890814, -1.325669 / 1.593336, -3.890814, -1.325669 / 1.593336, -3.890814, -1.325669; 1, 8, 1, 0; 0.449831526692; 0, 1, 0; 1, 0, 0; 3, 1, 1 ;
0,192; 1.726089, -3.400828, -1.189323 / 1.726089, -3.400828, -1.189323 / 1.726089, -3.400828, -1.189323; 1, 8, 1, 0; 0.902854442866; 1, 0, 1; 1, 0, 0; 2, 1, 2 ;
0,192; 1.756074, -3.438459, -1.106339 / 1.756074, -3.438459, -1.106339 / 1.756074, -3.438459, -1.106339; 1, 8, 1, 0; 0.941316879751; 1, 0, 1; 1, 0, 0; 2, 1, 2 ;
0,192; 1.748600, -3.417574, -1.116225 / 1.748600, -3.417574, -1.116225 / 1.748600, -3.417574, -1.116225; 1, 8, 1, 0; 0.941319748492; 0, 1, 0; 1, 0, 0; 2, 1, 1 ;
0,192; 1.745381, -3.437835, -1.106573 / 1.745381, -3.437835, -1.106573 / 1.745381, -3.437835, -1.106573; 1, 8, 1, 0; 0.941326089380; 1, 0, 1; 1, 0, 0; 3, 1, 2 / 4, 9, 0 ;
0,192; 1.744474, -3.428298, -1.112637 / 1.744474, -3.428298, -1.112637 / 1.744474, -3.428298, -1.112637; 1, 8, 1, 0; 0.941327219490; 1, 0, 1; 1, 0, 0; 1, 4, 0 / 2, 7, 0 / 3, 1, 2 ;
0,192; 2.521522, -1.078849, 0.207784 / 2.521522, -1.078849, 0.207784 / 2.521522, -1.078849, 0.207784; 1, 16, 1, 0; 0.827788390446; 0, 1, 0; 1, 0, 0; 3, 1, 1 ;
1,194; -1.4784, 1.14397, -0.439153 / -1.4784, 1.14397, -0.439153 / -1.4784, 1.14397, -0.439153; 1, 16, 1, 0; 0.120532171521; 1, 0, 1; 0, 1, 0; 1, 10, 0 / 3, 8, 0 / 3, 10, 0 / 4, 1, 2 ;
1,196; 1.25629, -0.735255, -2.08898 / 1.25629, -0.735255, -2.08898 / 1.25629, -0.735255, -2.08898; 1, 4, 1, 0; 0.518091720161; 0, 1, 0; 1, 0, 0; 2, 1, 1 ;
0,196; -3.612044, -1.297840, -2.302004 / -3.612044, -1.297840, -2.302004 / -3.612044, -1.297840, -2.302004; 1, 5, 1, 0; 0.462763793605; 1, 0, 1; 1, 0, 0; 3, 1, 2 ;
1,197; 1.98511, 2.00041, -2.58669 / 1.98511, 2.00041, -2.58669 / 1.98511, 2.00041, -2.58669; 1, 4, 1, 0; 0.114245364830; 1, 0, 1; 1, 0, 0; 2, 1, 2 ;
1,199; -0.818606, -0.0914592, 3.96239 / -0.818448, -0.0909872, 3.96274 / -0.818764, -0.0919312, 3.96203; 1, 46, 1, 0; 0.167939739589; 1, 0, 2; 1, 1, 0; 3, 1, 2 / 4, 3, 2 ;
0,199; -1.132717, 0.175586, 4.341227 / -1.132717, 0.175586, 4.341227 / -1.132717, 0.175586, 4.341227; 1, 46, 1, 0; 0.949198093115; 1, 0, 1; 1, 0, 0; 3, 1, 2 ;
0,199; -1.138535, 0.177258, 4.357370 / -1.138535, 0.177258, 4.357370 / -1.138535, 0.177258, 4.357370; 1, 46, 1, 0; 0.949204811328; 1, 0, 1; 1, 0, 0; 2, 9, 0 / 3, 1, 2 / 4, 6, 0 ;
0,199; -1.138475, 0.170830, 4.352401 / -1.138475, 0.170830, 4.352401 / -1.138475, 0.170830, 4.352401; 1, 46, 1, 0; 0.949206637822; 1, 0, 1; 1, 0, 0; 2, 1, 2 / 2, 3, 0 / 3, 3, 0 ;
0,199; -1.140342, 0.175492, 4.342590 / -1.140342, 0.175492, 4.342590 / -1.140342, 0.175492, 4.342590; 1, 46, 1, 0; 0.949209285923; 1, 0, 1; 1, 0, 0; 2, 1, 2 ;
