1,0; 0.443623, -3.23355, 0.959649 / 0.443623, -3.23355, 0.959649 / 0.443623, -3.23355, 0.959649; 1, 18, 1, 0; 0.964618592882; 1, 0, 1; 1, 0, 0; 3, 1, 2 ;
1,1; -1.19597, -0.571543, -0.455032 / -1.19597, -0.571543, -0.455032 / -1.19597, -0.571543, -0.455032; 1, 16, 1, 0; 0.168605436437; 1, 0, 1; 1, 0, 0; 2, 1, 2 / 3, 7, 0 ;
1,2; 3.14132, 2.63205, -1.33319 / 3.14202, 2.63243, -1.33215 / 3.14062, 2.63167, -1.33422; 1, 11, 1, 0; 0.197527132741; 1, 0, 5; 2, 3, 0; 1, 3, 2 / 1, 4, 2 / 1, 9, 2 / 2, 3, 0 / 3, 1, 2 / 3, 7, 2 / 4, 1, 0 ;
0,2; 3.140254, 2.624583, -1.333621 / 3.140254, 2.624583, -1.333621 / 3.140254, 2.624583, -1.333621; 1, 11, 1, 0; 0.197526943922; 1, 0, 1; 0, 1, 0; 1, 1, 2 / 1, 8, 0 / 4, 5, 0 ;
0,2; 3.139860, 2.630860, -1.327427 / 3.139860, 2.630860, -1.327427 / 3.139860, 2.630860, -1.327427; 1, 11, 1, 0; 0.197526177202; 1, 0, 1; 1, 0, 0; 3, 1, 2 ;
0,2; 3.142104, 2.628162, -1.331827 / 3.142104, 2.628162, -1.331827 / 3.142104, 2.628162, -1.331827; 1, 11, 1, 0; 0.197527058358; 1, 0, 1; 1, 0, 0; 3, 1, 2 ;
0,2; 3.142699, 2.633127, -1.336439 / 3.142699, 2.633127, -1.336439 / 3.142699, 2.633127, -1.336439; 1, 11, 1, 0; 0.197527870852; 1, 0, 1; 1, 0, 0; 3, 1, 2 ;
0,2; 3.133428, 2.637180, -1.325240 / 3.133428, 2.637180, -1.325240 / 3.133428, 2.637180, -1.325240; 1, 11, 1, 0; 0.197536762518; 1, 0, 1; 1, 0, 0; 3, 1, 2 ;
0,2; 3.134912, 2.635534, -1.329035 / 3.134912, 2.635534, -1.329035 / 3.134912, 2.635534, -1.329035; 1, 11, 1, 0; 0.197536934172; 1, 0, 1; 1, 0, 0; 3, 1, 2 ;
0,2; 2.523126, 1.765835, -0.518215 / 2.523126, 1.765835, -0.518215 / 2.523126, 1.765835, -0.518215; 1, 12, 1, 0; 0.981553209239; 1, 0, 1; 0, 1, 0; 4, 1, 2 ;
0,2; 1.951877, 0.722685, 0.172847 / 1.951877, 0.722685, 0.172847 / 1.951877, 0.722685, 0.172847; 1, 16, 1, 0; 0.578577991728; 1, 0, 1; 1, 0, 0; 2, 1, 2 / 3, 1, 0 ;
0,2; 0.992596, -1.406955, 1.460790 / 0.992596, -1.406955, 1.460790 / 0.992596, -1.406955, 1.460790; 1, 23, 1, 0; 0.966693270312; 1, 0, 1; 1, 0, 0; 3, 1, 2 ;
0,2; 0.404002, -2.662982, 2.125010 / 0.404002, -2.662982, 2.125010 / 0.404002, -2.662982, 2.125010; 1, 32, 1, 0; 0.376676503765; 1, 0, 1; 0, 1, 0; 1, 1, 2 ;
0,2; 0.403179, -2.659759, 2.126761 / 0.403179, -2.659759, 2.126761 / 0.403179, -2.659759, 2.126761; 1, 32, 1, 0; 0.376676349544; 1, 0, 1; 1, 0, 0; 3, 1, 2 ;
0,2; 0.402379, -2.664709, 2.123708 / 0.402379, -2.664709, 2.123708 / 0.402379, -2.664709, 2.123708; 1, 32, 1, 0; 0.376676613923; 1, 0, 1; 1, 0, 0; 3, 1, 2 ;
0,2; 0.144566, -3.217040, 2.467271 / 0.144566, -3.217040, 2.467271 / 0.144566, -3.217040, 2.467271; 1, 32, 1, 0; 0.793769944084; 1, 0, 1; 1, 0, 0; 2, 1, 2 ;
1,3; -0.167554, -2.06406, -0.218742 / -0.167554, -2.06406, -0.218742 / -0.167554, -2.06406, -0.218742; 1, 15, 1, 0; 0.536100875713; 1, 0, 1; 1, 0, 0; 2, 1, 2 ;
0,3; 0.175361, -1.075381, -0.506925 / 0.175361, -1.075381, -0.506925 / 0.175361, -1.075381, -0.506925; 1, 16, 1, 0; 0.218815484227; 1, 0, 1; 1, 0, 0; 2, 1, 2 ;
1,6; -1.62939, 3.48806, 0.711466 / -1.62939, 3.48806, 0.711466 / -1.62939, 3.48806, 0.711466; 1, 25, 1, 0; 0.435201011530; 1, 0, 1; 1, 0, 0; 2, 1, 2 ;
0,6; -1.134542, 1.024421, 1.089335 / -1.134542, 1.024421, 1.089335 / -1.134542, 1.024421, 1.089335; 1, 25, 1, 0; 0.766021516437; 1, 0, 1; 1, 0, 0; 2, 1, 2 ;
1,7; 0.14035, 3.62171, 0.9762 / 0.14035, 3.62171, 0.9762 / 0.14035, 3.62171, 0.9762; 1, 26, 1, 0; 0.514342385667; 1, 0, 1; 1, 0, 0; 2, 1, 2 ;
1,8; -4.19419, 0.832098, -1.19574 / -4.19419, 0.832098, -1.19574 / -4.19419, 0.832098, -1.19574; 1, 10, 1, 0; 0.255615059540; 1, 0, 1; 1, 0, 0; 1, 1, 0 / 2, 1, 2 ;
0,8; -1.460982, 0.360455, -0.866222 / -1.460982, 0.360455, -0.866222 / -1.460982, 0.360455, -0.866222; 1, 10, 1, 0; 0.326423386277; 1, 0, 1; 1, 0, 0; 2, 1, 2 ;
0,8; -1.459358, 0.357817, -0.872937 / -1.459358, 0.357817, -0.872937 / -1.459358, 0.357817, -0.872937; 1, 10, 1, 0; 0.326424921817; 1, 0, 1; 1, 0, 0; 3, 1, 2 ;
0,8; 2.525574, -0.556550, -0.475020 / 2.525770, -0.556484, -0.474738 / 2.525379, -0.556615, -0.475303; 1, 12, 1, 0; 0.779955141145; 2, 1, 1; 1, 1, 0; 1, 1, 2 / 1, 4, 0 / 2, 1, 1 / 4, 7, 0 ;
1,10; -0.822501, 1.32055, -0.392598 / -0.822501, 1.32055, -0.392598 / -0.822501, 1.32055, -0.392598; 1, 13, 1, 0; 0.424746301747; 1, 0, 1; 1, 0, 0; 2, 1, 2 ;
1,12; 3.85692, 0.975778, 0.367998 / 3.85692, 0.975778, 0.367998 / 3.85692, 0.975778, 0.367998; 1, 19, 1, 0; 0.743251193875; 1, 0, 1; 1, 0, 0; 2, 1, 2 ;
1,14; -2.50648, 0.902059, -0.376039 / -2.50648, 0.902059, -0.376039 / -2.50648, 0.902059, -0.376039; 1, 10, 1, 0; 0.731632852342; 0, 1, 0; 0, 1, 0; 1, 1, 1 ;
0,14; -0.078670, 3.010005, -0.189189 / -0.078670, 3.010005, -0.189189 / -0.078670, 3.010005, -0.189189; 1, 17, 1, 0; 0.205553739863; 1, 0, 1; 1, 0, 0; 3, 1, 2 ;
0,14; -0.077392, 3.006909, -0.187580 / -0.077392, 3.006909, -0.187580 / -0.077392, 3.006909, -0.187580; 1, 17, 1, 0; 0.205554534955; 1, 0, 1; 1, 0, 0; 3, 1, 2 ;
0,14; -0.076950, 3.005718, -0.189364 / -0.076950, 3.005718, -0.189364 / -0.076950, 3.005718, -0.189364; 1, 17, 1, 0; 0.205554618649; 1, 0, 1; 1, 0, 0; 3, 1, 2 ;
1,15; -2.26609, 0.223383, 1.0231 / -2.26609, 0.223383, 1.0231 / -2.26609, 0.223383, 1.0231; 1, 21, 1, 0; 0.486010762452; 1, 0, 1; 1, 0, 0; 3, 1, 2 ;
0,15; 0.870699, 0.392116, 2.679494 / 0.870699, 0.392116, 2.679494 / 0.870699, 0.392116, 2.679494; 1, 38, 1, 0; 0.965853631281; 1, 0, 1; 1, 0, 0; 3, 1, 2 ;
0,15; 0.871662, 0.391290, 2.682181 / 0.871662, 0.391290, 2.682181 / 0.871662, 0.391290, 2.682181; 1, 38, 1, 0; 0.965880297213; 1, 0, 1; 1, 0, 0; 3, 1, 2 ;
1,16; -0.399923, 0.207765, -2.6942 / -0.399923, 0.207765, -2.6942 / -0.399923, 0.207765, -2.6942; 1, 2, 1, 0; 0.896754653054; 1, 0, 1; 1, 0, 0; 2, 1, 2 ;
1,17; -1.04462, 3.76307, -2.09956 / -1.04462, 3.76307, -2.09956 / -1.04462, 3.76307, -2.09956; 1, 7, 1, 0; 0.002791085120; 1, 0, 1; 1, 0, 0; 2, 1, 2 ;
1,18; 1.65376, -2.4713, -2.14578 / 1.65376, -2.4713, -2.14578 / 1.65376, -2.4713, -2.14578; 1, 8, 1, 0; 0.037294619143; 1, 0, 1; 1, 0, 0; 2, 1, 2 ;
0,18; 1.654587, -2.471274, -2.149378 / 1.654587, -2.471274, -2.149378 / 1.654587, -2.471274, -2.149378; 1, 8, 1, 0; 0.037295248118; 1, 0, 1; 1, 0, 0; 1, 2, 0 / 2, 1, 2 ;
1,19; 3.91681, 0.846105, 0.151459 / 3.91761, 0.84621, 0.152152 / 3.91601, 0.846001, 0.150767; 1, 19, 1, 0; 0.136468617940; 2, 1, 2; 1, 2, 0; 3, 1, 2 / 4, 7, 1 / 4, 10, 2 ;
0,19; 3.915718, 0.845959, 0.153356 / 3.916085, 0.846316, 0.153782 / 3.915352, 0.845602, 0.152931; 1, 19, 1, 0; 0.136468502240; 2, 2, 1; 4, 0, 0; 2, 2, 3 / 2, 9, 2 / 3, 1, 1 / 3, 3, 1 ;
0,19; 3.918659, 0.846825, 0.150346 / 3.918818, 0.847100, 0.150374 / 3.918500, 0.846550, 0.150318; 1, 19, 1, 0; 0.136468755333; 1, 0, 2; 2, 0, 0; 3, 1, 2 / 3, 3, 2 ;
0,19; 3.916098, 0.846021, 0.152291 / 3.916183, 0.846040, 0.152931 / 3.916012, 0.846001, 0.151652; 1, 19, 1, 0; 0.136468560090; 0, 1, 0; 3, 0, 0; 2, 1, 2 / 3, 4, 0 / 3, 5, 1 / 3, 9, 2 / 4, 5, 0 ;
1,24; 0.223514, -3.3179, 2.24466 / 0.223514, -3.3179, 2.24466 / 0.223514, -3.3179, 2.24466; 1, 32, 1, 0; 0.792901393277; 1, 0, 1; 1, 0, 0; 3, 1, 2 ;
1,25; 1.46045, 3.3041, -2.68322 / 1.46045, 3.3041, -2.68322 / 1.46045, 3.3041, -2.68322; 1, 4, 1, 0; 0.195674508476; 1, 0, 1; 1, 0, 0; 3, 1, 2 ;
1,27; -1.78544, 1.05225, -2.57237 / -1.78544, 1.05225, -2.57237 / -1.78544, 1.05225, -2.57237; 1, 6, 1, 0; 0.013243782353; 0, 1, 0; 0, 1, 0; 4, 1, 1 ;
0,27; 0.683752, 0.678353, 1.632726 / 0.684079, 0.678858, 1.632814 / 0.683425, 0.677848, 1.632639; 1, 27, 1, 0; 0.501257007676; 1, 0, 2; 2, 0, 0; 2, 1, 0 / 3, 1, 2 / 3, 4, 2 ;
0,27; 1.380302, 0.555215, 2.777191 / 1.380302, 0.555215, 2.777191 / 1.380302, 0.555215, 2.777191; 1, 35, 1, 0; 0.026710220202; 0, 0, 0; 1, 0, 0; 3, 1, 3 ;
0,27; 1.365891, 0.563066, 2.780394 / 1.365891, 0.563066, 2.780394 / 1.365891, 0.563066, 2.780394; 1, 35, 1, 0; 0.026713569483; 1, 0, 1; 1, 0, 0; 3, 1, 2 ;
1,28; -2.632, 1.32281, -1.43881 / -2.632, 1.32281, -1.43881 / -2.632, 1.32281, -1.43881; 1, 7, 1, 0; 0.509121178464; 1, 0, 1; 1, 0, 0; 3, 1, 2 ;
0,28; -2.647328, 1.362796, -1.372592 / -2.647328, 1.362796, -1.372592 / -2.647328, 1.362796, -1.372592; 1, 7, 1, 0; 0.509385501457; 1, 0, 1; 1, 0, 0; 3, 1, 2 ;
0,28; -2.732817, 1.773793, -0.752039 / -2.732817, 1.773793, -0.752039 / -2.732817, 1.773793, -0.752039; 1, 7, 1, 0; 0.955370773210; 1, 0, 1; 1, 0, 0; 2, 1, 2 ;
1,29; 3.84315, -0.028842, -0.387041 / 3.84315, -0.028842, -0.387041 / 3.84315, -0.028842, -0.387041; 1, 12, 1, 0; 0.803203677511; 0, 1, 0; 0, 1, 0; 4, 1, 1 ;
0,29; 3.841549, -0.030457, -0.389275 / 3.841549, -0.030457, -0.389275 / 3.841549, -0.030457, -0.389275; 1, 12, 1, 0; 0.803193715870; 1, 0, 1; 1, 0, 0; 3, 1, 2 ;
1,30; 2.75654, 2.61233, -2.56294 / 2.75671, 2.61265, -2.56272 / 2.75637, 2.61201, -2.56316; 1, 4, 1, 0; 0.163709619314; 1, 0, 2; 0, 2, 0; 1, 1, 2 / 1, 2, 2 / 4, 7, 0 ;
0,30; 2.756172, 2.609488, -2.563813 / 2.756696, 2.610091, -2.562822 / 2.755647, 2.608884, -2.564805; 1, 4, 1, 0; 0.163709099481; 2, 2, 1; 2, 1, 0; 2, 4, 1 / 3, 1, 1 / 4, 7, 2 ;
0,30; 2.758341, 2.610758, -2.614689 / 2.758341, 2.610758, -2.614689 / 2.758341, 2.610758, -2.614689; 1, 4, 1, 0; 0.163680665869; 1, 0, 1; 0, 1, 0; 4, 1, 2 ;
0,30; 2.759274, 2.610338, -2.584204 / 2.759274, 2.610338, -2.584204 / 2.759274, 2.610338, -2.584204; 1, 4, 1, 0; 0.163702232861; 1, 0, 1; 0, 1, 0; 3, 2, 0 / 4, 1, 2 ;
0,30; 2.759751, 2.616452, -2.558381 / 2.759751, 2.616452, -2.558381 / 2.759751, 2.616452, -2.558381; 1, 4, 1, 0; 0.163717251579; 1, 0, 1; 0, 1, 0; 4, 1, 2 ;
0,30; 2.771548, 2.600645, -2.612062 / 2.771548, 2.600645, -2.612062 / 2.771548, 2.600645, -2.612062; 1, 4, 1, 0; 0.163684216041; 1, 0, 1; 1, 0, 0; 3, 1, 2 ;
0,30; 2.774143, 2.603996, -2.602793 / 2.774143, 2.603996, -2.602793 / 2.774143, 2.603996, -2.602793; 1, 4, 1, 0; 0.163690905354; 1, 0, 1; 1, 0, 0; 2, 1, 2 ;
0,30; 2.757667, 2.607731, -2.577867 / 2.757667, 2.607731, -2.577867 / 2.757667, 2.607731, -2.577867; 1, 4, 1, 0; 0.163701846009; 1, 0, 1; 1, 0, 0; 2, 1, 2 ;
0,30; 2.756807, 2.603110, -2.566980 / 2.756807, 2.603110, -2.566980 / 2.756807, 2.603110, -2.566980; 1, 4, 1, 0; 0.163708374134; 1, 0, 1; 1, 0, 0; 3, 1, 2 ;
0,30; 2.753197, 2.606045, -2.573559 / 2.753197, 2.606045, -2.573559 / 2.753197, 2.606045, -2.573559; 1, 4, 1, 0; 0.163708821432; 1, 0, 1; 1, 0, 0; 2, 1, 2 ;
0,30; 2.759240, 2.610282, -2.568097 / 2.759240, 2.610282, -2.568097 / 2.759240, 2.610282, -2.568097; 1, 4, 1, 0; 0.163709514541; 1, 0, 1; 1, 0, 0; 2, 7, 0 / 2, 8, 0 / 3, 1, 2 ;
1,32; 2.10225, 3.04933, -0.791909 / 2.10225, 3.04933, -0.791909 / 2.10225, 3.04933, -0.791909; 1, 13, 1, 0; 0.285920762535; 0, 1, 0; 0, 1, 0; 4, 1, 1 ;
0,32; 2.864149, -1.110982, -0.066805 / 2.864447, -1.110933, -0.066576 / 2.863852, -1.111030, -0.067035; 1, 16, 1, 0; 0.356847896843; 2, 1, 1; 1, 1, 0; 1, 1, 0 / 1, 6, 2 / 3, 1, 1 / 4, 1, 0 ;
1,36; -3.56188, -0.906636, 2.17221 / -3.56188, -0.906636, 2.17221 / -3.56188, -0.906636, 2.17221; 1, 36, 1, 0; 0.148531894173; 0, 1, 0; 0, 1, 0; 1, 1, 1 ;
0,36; -3.563909, -0.906979, 2.175438 / -3.563665, -0.906909, 2.175806 / -3.564152, -0.907049, 2.175071; 1, 36, 1, 0; 0.148532190456; 1, 0, 2; 2, 0, 0; 2, 5, 2 / 3, 1, 2 ;
0,36; -3.563273, -0.903646, 2.176432 / -3.563273, -0.903646, 2.176432 / -3.563273, -0.903646, 2.176432; 1, 36, 1, 0; 0.148533736278; 1, 0, 1; 1, 0, 0; 3, 1, 2 ;
1,37; -1.63191, -1.29993, -1.43833 / -1.63191, -1.29993, -1.43833 / -1.63191, -1.29993, -1.43833; 1, 6, 1, 0; 0.893007480879; 0, 1, 0; 1, 0, 0; 3, 1, 1 ;
0,37; -1.558067, -0.338693, -0.450959 / -1.558067, -0.338693, -0.450959 / -1.558067, -0.338693, -0.450959; 1, 10, 1, 0; 0.637545466047; 0, 1, 0; 1, 0, 0; 3, 1, 1 ;
0,37; -1.366615, 2.786090, 2.524351 / -1.366615, 2.786090, 2.524351 / -1.366615, 2.786090, 2.524351; 1, 37, 1, 0; 0.358544686101; 1, 0, 1; 1, 0, 0; 2, 1, 2 ;
1,38; 2.78119, -2.48768, -2.23908 / 2.78119, -2.48768, -2.23908 / 2.78119, -2.48768, -2.23908; 1, 3, 1, 0; 0.953829241166; 0, 1, 0; 1, 0, 0; 2, 3, 0 / 3, 1, 1 ;
1,41; -1.33044, -2.86119, 1.33003 / -1.33044, -2.86119, 1.33003 / -1.33044, -2.86119, 1.33003; 1, 21, 1, 0; 0.868728419800; 0, 1, 0; 1, 0, 0; 3, 1, 1 ;
1,42; 0.131229, 3.4, -0.984677 / 0.131229, 3.4, -0.984677 / 0.131229, 3.4, -0.984677; 1, 7, 1, 0; 0.759059017306; 1, 0, 1; 1, 0, 0; 3, 1, 2 ;
0,42; 1.635376, 0.992579, -1.801406 / 1.635376, 0.992579, -1.801406 / 1.635376, 0.992579, -1.801406; 1, 11, 1, 0; 0.102715814577; 1, 0, 1; 1, 0, 0; 3, 1, 2 ;
1,43; -1.06286, -0.645369, 1.66406 / -1.06286, -0.645369, 1.66406 / -1.06286, -0.645369, 1.66406; 1, 30, 1, 0; 0.243638506708; 0, 1, 0; 0, 1, 0; 1, 1, 1 ;
0,43; -1.055543, -0.643104, 1.662061 / -1.055543, -0.643104, 1.662061 / -1.055543, -0.643104, 1.662061; 1, 30, 1, 0; 0.243622014799; 1, 0, 1; 1, 0, 0; 3, 1, 2 ;
0,43; -1.405006, 0.221227, 2.216519 / -1.405006, 0.221227, 2.216519 / -1.405006, 0.221227, 2.216519; 1, 31, 1, 0; 0.913291715687; 1, 0, 1; 0, 1, 0; 4, 1, 2 ;
1,44; -0.781495, 0.136653, -2.26697 / -0.781495, 0.136653, -2.26697 / -0.781495, 0.136653, -2.26697; 1, 4, 1, 0; 0.485194562313; 1, 0, 1; 1, 0, 0; 2, 1, 2 ;
0,44; -0.981198, 0.395390, -2.040573 / -0.981198, 0.395390, -2.040573 / -0.981198, 0.395390, -2.040573; 1, 6, 1, 0; 0.363234401848; 1, 0, 1; 1, 0, 0; 2, 1, 2 ;
0,44; -1.732065, 1.341428, -1.142619 / -1.732065, 1.341428, -1.142619 / -1.732065, 1.341428, -1.142619; 1, 7, 1, 0; 0.530828815450; 1, 0, 1; 1, 0, 0; 1, 1, 0 / 2, 1, 2 ;
1,45; 1.45527, 1.65763, -0.83531 / 1.45527, 1.65763, -0.83531 / 1.45527, 1.65763, -0.83531; 1, 7, 1, 0; 0.927727318285; 1, 0, 1; 1, 0, 0; 2, 1, 2 / 3, 2, 0 / 3, 3, 0 ;
0,45; -2.856338, 1.211837, 1.692100 / -2.855927, 1.212060, 1.692467 / -2.856750, 1.211613, 1.691733; 1, 24, 1, 0; 0.890087511214; 2, 1, 1; 0, 2, 0; 4, 1, 1 / 4, 5, 2 ;
1,48; -1.32115, 1.45116, -3.84515 / -1.32115, 1.45116, -3.84515 / -1.32115, 1.45116, -3.84515; 1, 1, 1, 0; 0.584722616437; 1, 0, 1; 1, 0, 0; 2, 1, 2 ;
1,49; -0.118241, -0.532207, -1.46238 / -0.118241, -0.532207, -1.46238 / -0.118241, -0.532207, -1.46238; 1, 11, 1, 0; 0.484682657933; 1, 0, 1; 1, 0, 0; 2, 1, 2 ;
0,49; 1.351774, -0.574054, 1.597147 / 1.351774, -0.574054, 1.597147 / 1.351774, -0.574054, 1.597147; 1, 27, 1, 0; 0.743410555899; 1, 0, 1; 0, 1, 0; 4, 1, 2 ;
1,52; 2.03744, -1.18126, -1.16887 / 2.03744, -1.18126, -1.16887 / 2.03744, -1.18126, -1.16887; 1, 11, 1, 0; 0.585656730201; 1, 0, 1; 0, 1, 0; 4, 1, 2 ;
1,56; 2.80494, 1.40767, -0.257011 / 2.80494, 1.40767, -0.257011 / 2.80494, 1.40767, -0.257011; 1, 13, 1, 0; 0.853976282186; 1, 0, 1; 1, 0, 0; 3, 1, 2 ;
0,56; 1.677535, 0.925118, 0.251920 / 1.677535, 0.925118, 0.251920 / 1.677535, 0.925118, 0.251920; 1, 16, 1, 0; 0.582176737763; 1, 0, 1; 1, 0, 0; 2, 1, 2 ;
0,56; -1.086632, -0.105121, 1.286706 / -1.086632, -0.105121, 1.286706 / -1.086632, -0.105121, 1.286706; 1, 23, 1, 0; 0.750605883248; 0, 1, 0; 0, 1, 0; 1, 1, 1 ;
0,56; -1.083521, -0.099972, 1.285914 / -1.083521, -0.099972, 1.285914 / -1.083521, -0.099972, 1.285914; 1, 23, 1, 0; 0.750593231737; 1, 0, 1; 1, 0, 0; 3, 1, 2 ;
1,59; 2.8776, -0.38068, -1.42596 / 2.8776, -0.38068, -1.42596 / 2.8776, -0.38068, -1.42596; 1, 11, 1, 0; 0.460128791832; 1, 0, 1; 1, 0, 0; 2, 4, 0 / 3, 1, 2 / 3, 6, 0 ;
1,63; 2.49509, -3.09238, 0.35796 / 2.49509, -3.09238, 0.35796 / 2.49509, -3.09238, 0.35796; 1, 19, 1, 0; 0.301056626259; 0, 1, 0; 1, 0, 0; 3, 1, 1 ;
1,64; -3.70651, 0.809286, -0.205461 / -3.70651, 0.809286, -0.205461 / -3.70651, 0.809286, -0.205461; 1, 14, 1, 0; 0.417993852351; 1, 0, 1; 1, 0, 0; 2, 1, 2 ;
1,66; -0.774066, -0.222095, -3.31685 / -0.773718, -0.221948, -3.31618 / -0.774413, -0.222242, -3.31753; 1, 2, 1, 0; 0.403862276089; 1, 0, 1; 2, 0, 0; 3, 1, 2 / 3, 7, 3 ;
0,66; -1.036281, 0.448098, -1.724085 / -1.036281, 0.448098, -1.724085 / -1.036281, 0.448098, -1.724085; 1, 6, 1, 0; 0.752196488731; 1, 0, 1; 1, 0, 0; 3, 1, 2 ;
0,66; -1.242984, 1.047949, -0.408502 / -1.242984, 1.047949, -0.408502 / -1.242984, 1.047949, -0.408502; 1, 16, 1, 0; 0.121500257169; 1, 0, 1; 1, 0, 0; 2, 1, 2 ;
1,67; -1.06022, -0.273836, -3.64093 / -1.06022, -0.273836, -3.64093 / -1.06022, -0.273836, -3.64093; 1, 1, 1, 0; 0.752050666236; 1, 0, 1; 0, 1, 0; 1, 1, 2 / 4, 6, 0 ;
0,67; -1.059257, -0.277971, -3.651376 / -1.059257, -0.277971, -3.651376 / -1.059257, -0.277971, -3.651376; 1, 1, 1, 0; 0.752043503128; 1, 0, 1; 1, 0, 0; 3, 1, 2 ;
0,67; -1.055602, -0.273948, -3.656028 / -1.055602, -0.273948, -3.656028 / -1.055602, -0.273948, -3.656028; 1, 1, 1, 0; 0.752044096428; 1, 0, 1; 1, 0, 0; 3, 1, 2 ;
0,67; -1.059074, -0.273019, -3.645119 / -1.059074, -0.273019, -3.645119 / -1.059074, -0.273019, -3.645119; 1, 1, 1, 0; 0.752050737432; 1, 0, 1; 1, 0, 0; 3, 1, 2 / 3, 6, 0 / 4, 7, 0 ;
0,67; -1.058936, -0.276139, -3.648021 / -1.058936, -0.276139, -3.648021 / -1.058936, -0.276139, -3.648021; 1, 1, 1, 0; 0.752050804673; 1, 0, 1; 1, 0, 0; 3, 1, 2 ;
1,68; -1.34548, -2.26676, 1.95905 / -1.34548, -2.26676, 1.95905 / -1.34548, -2.26676, 1.95905; 1, 32, 1, 0; 0.315284152247; 0, 1, 0; 0, 1, 0; 4, 1, 1 ;
0,68; -1.344637, -2.265250, 1.961439 / -1.344637, -2.265250, 1.961439 / -1.344637, -2.265250, 1.961439; 1, 32, 1, 0; 0.315285341952; 0, 1, 0; 1, 0, 0; 3, 1, 1 ;
0,68; -1.166352, -2.409823, 2.645553 / -1.166352, -2.409823, 2.645553 / -1.166352, -2.409823, 2.645553; 1, 34, 1, 0; 0.224080535038; 0, 1, 0; 1, 0, 0; 3, 1, 1 ;
1,69; -0.389324, -2.11607, -2.03914 / -0.389324, -2.11607, -2.03914 / -0.389324, -2.11607, -2.03914; 1, 5, 1, 0; 0.823832715318; 1, 0, 1; 1, 0, 0; 1, 6, 0 / 3, 1, 2 ;
0,69; -1.184410, -2.583537, -1.113646 / -1.184410, -2.583537, -1.113646 / -1.184410, -2.583537, -1.113646; 1, 9, 1, 0; 0.342677668488; 0, 1, 0; 0, 1, 0; 4, 1, 1 ;
1,71; 0.614879, -2.33505, 3.03099 / 0.614879, -2.33505, 3.03099 / 0.614879, -2.33505, 3.03099; 1, 35, 1, 0; 0.703714636101; 1, 0, 1; 1, 0, 0; 3, 1, 2 ;
1,74; -1.97835, 2.41081, -1.74736 / -1.97835, 2.41081, -1.74736 / -1.97835, 2.41081, -1.74736; 1, 6, 1, 0; 0.616526596230; 1, 0, 1; 1, 0, 0; 2, 1, 2 ;
1,78; 0.532041, -3.95411, 1.04298 / 0.532041, -3.95411, 1.04298 / 0.532041, -3.95411, 1.04298; 1, 18, 1, 0; 0.891309474988; 1, 0, 1; 1, 0, 0; 2, 1, 2 ;
1,79; -1.42066, 0.425586, -1.38839 / -1.42066, 0.425586, -1.38839 / -1.42066, 0.425586, -1.38839; 1, 10, 1, 0; 0.047760079416; 1, 0, 1; 1, 0, 0; 2, 1, 2 ;
0,79; 0.845606, -1.191588, 0.725926 / 0.845606, -1.191588, 0.725926 / 0.845606, -1.191588, 0.725926; 1, 19, 1, 0; 0.764600337553; 0, 1, 0; 1, 0, 0; 3, 1, 1 ;
1,81; 0.39565, -3.62131, 0.471871 / 0.39565, -3.62131, 0.471871 / 0.39565, -3.62131, 0.471871; 1, 18, 1, 0; 0.206088690441; 0, 1, 0; 1, 0, 0; 2, 1, 1 ;
1,82; -0.598715, 1.05675, -4.44796 / -0.598414, 1.05683, -4.44782 / -0.599016, 1.05667, -4.44811; 1, 1, 1, 0; 0.085795397732; 0, 2, 0; 1, 1, 0; 1, 2, 1 / 1, 4, 0 / 1, 9, 0 / 2, 1, 1 / 4, 8, 0 ;
0,82; -0.590069, 1.056111, -4.453846 / -0.590069, 1.056111, -4.453846 / -0.590069, 1.056111, -4.453846; 1, 1, 1, 0; 0.085794669951; 1, 0, 1; 1, 0, 0; 2, 1, 2 ;
0,82; -0.539999, 1.723349, -2.445777 / -0.539999, 1.723349, -2.445777 / -0.539999, 1.723349, -2.445777; 1, 4, 1, 0; 0.372755195300; 1, 0, 1; 1, 0, 0; 2, 1, 2 ;
0,82; -0.253245, 3.302599, 2.327167 / -0.252983, 3.302887, 2.327742 / -0.253507, 3.302312, 2.326592; 1, 38, 1, 0; 0.093636118714; 2, 1, 1; 0, 2, 1; 1, 1, 0 / 1, 4, 1 / 1, 7, 0 / 1, 8, 0 / 4, 1, 2 / 4, 5, 0 ;
0,82; -0.250802, 3.301371, 2.329543 / -0.250497, 3.301894, 2.330245 / -0.251107, 3.300848, 2.328841; 1, 38, 1, 0; 0.093634404257; 2, 1, 2; 2, 1, 0; 1, 3, 0 / 1, 4, 1 / 2, 1, 2 / 2, 6, 2 ;
0,82; -0.246798, 3.298876, 2.335513 / -0.246798, 3.298876, 2.335513 / -0.246798, 3.298876, 2.335513; 1, 38, 1, 0; 0.093660978343; 0, 1, 0; 0, 1, 0; 1, 1, 1 ;
0,82; -0.253932, 3.302144, 2.325731 / -0.253507, 3.302887, 2.326592 / -0.254358, 3.301401, 2.324869; 1, 38, 1, 0; 0.093635996253; 1, 0, 1; 1, 1, 0; 1, 9, 0 / 3, 1, 2 / 4, 6, 0 / 4, 9, 2 ;
0,82; -0.258861, 3.303842, 2.327159 / -0.258861, 3.303842, 2.327159 / -0.258861, 3.303842, 2.327159; 1, 38, 1, 0; 0.093638736323; 1, 0, 1; 1, 0, 0; 3, 1, 2 ;
0,82; -0.252693, 3.297003, 2.348262 / -0.252693, 3.297003, 2.348262 / -0.252693, 3.297003, 2.348262; 1, 38, 1, 0; 0.093690598652; 1, 0, 1; 1, 0, 0; 3, 1, 2 ;
1,84; -1.2896, 0.431942, -0.486036 / -1.2896, 0.431942, -0.486036 / -1.2896, 0.431942, -0.486036; 1, 10, 1, 0; 0.692172475767; 1, 0, 1; 1, 0, 0; 3, 1, 2 ;
1,86; 3.04, 1.65645, 1.71748 / 3.04, 1.65645, 1.71748 / 3.04, 1.65645, 1.71748; 1, 28, 1, 0; 0.241136495904; 1, 0, 1; 1, 0, 0; 2, 1, 2 ;
1,87; 1.86709, -1.53398, 1.98653 / 1.86709, -1.53398, 1.98653 / 1.86709, -1.53398, 1.98653; 1, 33, 1, 0; 0.228415030845; 0, 1, 0; 0, 1, 0; 4, 1, 1 ;
1,89; 2.15968, 0.599122, -3.16183 / 2.15968, 0.599122, -3.16183 / 2.15968, 0.599122, -3.16183; 1, 3, 1, 0; 0.205118844119; 1, 0, 1; 0, 1, 0; 1, 1, 2 ;
1,91; 0.192413, 0.920175, -0.191146 / 0.192413, 0.920175, -0.191146 / 0.192413, 0.920175, -0.191146; 1, 13, 1, 0; 0.921548305334; 1, 0, 1; 1, 0, 0; 2, 1, 2 ;
0,91; 2.397004, -1.408356, 0.734462 / 2.397004, -1.408356, 0.734462 / 2.397004, -1.408356, 0.734462; 1, 19, 1, 0; 0.821463758558; 1, 0, 1; 1, 0, 0; 3, 1, 2 ;
0,91; 2.398156, -1.404415, 0.736528 / 2.398156, -1.404415, 0.736528 / 2.398156, -1.404415, 0.736528; 1, 19, 1, 0; 0.821464713080; 1, 0, 1; 1, 0, 0; 3, 1, 2 ;
0,91; 2.399954, -1.404854, 0.737435 / 2.399954, -1.404854, 0.737435 / 2.399954, -1.404854, 0.737435; 1, 19, 1, 0; 0.821464807085; 0, 1, 0; 1, 0, 0; 2, 1, 1 ;
1,93; -0.799594, 2.92266, 0.194888 / -0.799466, 2.92292, 0.19521 / -0.799723, 2.92239, 0.194565; 1, 17, 1, 0; 0.537968846335; 1, 0, 2; 2, 0, 0; 1, 6, 0 / 2, 1, 2 / 3, 5, 2 ;
0,93; -0.795422, 2.929513, 0.197328 / -0.795422, 2.929513, 0.197328 / -0.795422, 2.929513, 0.197328; 1, 17, 1, 0; 0.537969920407; 1, 0, 1; 1, 0, 0; 3, 1, 2 ;
0,93; -0.802893, 2.926288, 0.199421 / -0.802893, 2.926288, 0.199421 / -0.802893, 2.926288, 0.199421; 1, 17, 1, 0; 0.537980961029; 1, 0, 1; 1, 0, 0; 3, 1, 2 ;
0,93; -0.801292, 2.925507, 0.200182 / -0.801292, 2.925507, 0.200182 / -0.801292, 2.925507, 0.200182; 1, 17, 1, 0; 0.537981058672; 1, 0, 1; 1, 0, 0; 2, 1, 2 ;
0,93; -1.011389, 3.154575, 2.862842 / -1.011389, 3.154575, 2.862842 / -1.011389, 3.154575, 2.862842; 1, 40, 1, 0; 0.295001838755; 1, 0, 1; 1, 0, 0; 3, 1, 2 ;
0,93; -1.007889, 3.149599, 2.862804 / -1.007889, 3.149599, 2.862804 / -1.007889, 3.149599, 2.862804; 1, 40, 1, 0; 0.295004117555; 0, 1, 0; 1, 0, 0; 3, 1, 1 ;
1,95; -0.624671, 3.52399, 0.522618 / -0.624671, 3.52399, 0.522618 / -0.624671, 3.52399, 0.522618; 1, 25, 1, 0; 0.202792936437; 1, 0, 1; 1, 0, 0; 3, 1, 2 ;
0,95; -0.623422, 3.522635, 0.519064 / -0.623422, 3.522635, 0.519064 / -0.623422, 3.522635, 0.519064; 1, 25, 1, 0; 0.202793073593; 1, 0, 1; 1, 0, 0; 3, 1, 2 ;
1,96; 1.88791, 0.997521, -1.66841 / 1.88791, 0.997521, -1.66841 / 1.88791, 0.997521, -1.66841; 1, 11, 1, 0; 0.099797408486; 0, 1, 0; 0, 1, 0; 4, 1, 1 ;
0,96; -0.697964, -0.177241, -1.092948 / -0.697964, -0.177241, -1.092948 / -0.697964, -0.177241, -1.092948; 1, 11, 1, 0; 0.688832519694; 1, 0, 1; 1, 0, 0; 2, 1, 2 ;
1,100; -1.22053, 3.59236, -1.70769 / -1.22053, 3.59236, -1.70769 / -1.22053, 3.59236, -1.70769; 1, 6, 1, 0; 0.559469138925; 1, 0, 1; 1, 0, 0; 2, 1, 2 ;
0,100; -0.407010, 3.384236, -0.192624 / -0.407010, 3.384236, -0.192624 / -0.407010, 3.384236, -0.192624; 1, 17, 1, 0; 0.236533153949; 1, 0, 1; 1, 0, 0; 3, 1, 2 ;
0,100; -0.410096, 3.391859, -0.192935 / -0.410096, 3.391859, -0.192935 / -0.410096, 3.391859, -0.192935; 1, 17, 1, 0; 0.236534095506; 1, 0, 1; 1, 0, 0; 3, 1, 2 ;
1,103; -2.37885, -2.53777, 0.754555 / -2.37885, -2.53777, 0.754555 / -2.37885, -2.53777, 0.754555; 1, 18, 1, 0; 0.578630488577; 0, 0, 0; 1, 0, 0; 3, 1, 3 ;
1,105; 0.942146, 4.11923, 1.43061 / 0.942146, 4.11923, 1.43061 / 0.942146, 4.11923, 1.43061; 1, 31, 1, 0; 0.061336567569; 1, 0, 1; 0, 1, 0; 1, 1, 2 ;
1,106; 2.33569, -1.16531, -0.558008 / 2.3358, -1.16508, -0.557966 / 2.33559, -1.16554, -0.55805; 1, 12, 1, 0; 0.719160218206; 2, 1, 1; 1, 1, 0; 1, 2, 1 / 2, 1, 2 ;
0,106; 2.071965, -0.980928, -0.208858 / 2.071965, -0.980928, -0.208858 / 2.071965, -0.980928, -0.208858; 1, 16, 1, 0; 0.348125750075; 1, 0, 1; 1, 0, 0; 3, 1, 2 ;
0,106; 1.026344, -0.270143, 0.984667 / 1.026344, -0.270143, 0.984667 / 1.026344, -0.270143, 0.984667; 1, 23, 1, 0; 0.483752104274; 1, 0, 1; 1, 0, 0; 2, 1, 2 ;
0,106; -0.686081, 0.866356, 2.943937 / -0.686081, 0.866356, 2.943937 / -0.686081, 0.866356, 2.943937; 1, 39, 1, 0; 0.303433694798; 1, 0, 1; 1, 0, 0; 2, 1, 2 / 4, 5, 0 ;
0,106; -0.687546, 0.870820, 2.945044 / -0.687546, 0.870820, 2.945044 / -0.687546, 0.870820, 2.945044; 1, 39, 1, 0; 0.303435957882; 0, 1, 0; 1, 0, 0; 2, 1, 1 ;
1,108; -0.860635, -0.16677, -1.94809 / -0.860304, -0.166372, -1.94773 / -0.860966, -0.167169, -1.94846; 1, 4, 1, 0; 0.561331515935; 2, 1, 2; 1, 2, 0; 1, 1, 2 / 1, 10, 2 / 2, 1, 1 ;
0,108; -0.864646, -0.163877, -1.947407 / -0.864646, -0.163877, -1.947407 / -0.864646, -0.163877, -1.947407; 1, 4, 1, 0; 0.561331661005; 1, 0, 1; 0, 1, 0; 4, 1, 2 ;
0,108; -0.864141, -0.163863, -1.951577 / -0.864141, -0.163863, -1.951577 / -0.864141, -0.163863, -1.951577; 1, 4, 1, 0; 0.561330971925; 0, 0, 0; 1, 0, 0; 2, 1, 3 ;
0,108; -0.861346, -0.166462, -1.947700 / -0.860966, -0.166372, -1.947675 / -0.861725, -0.166553, -1.947725; 1, 4, 1, 0; 0.561331552203; 0, 1, 0; 1, 1, 0; 1, 1, 2 / 3, 7, 1 ;
1,111; -0.291492, 3.28909, -1.1662 / -0.291492, 3.28909, -1.1662 / -0.291492, 3.28909, -1.1662; 1, 7, 1, 0; 0.755052803235; 1, 0, 1; 1, 0, 0; 2, 1, 2 ;
0,111; -0.291335, 3.289395, -1.169297 / -0.291335, 3.289395, -1.169297 / -0.291335, 3.289395, -1.169297; 1, 7, 1, 0; 0.755052869712; 1, 0, 1; 1, 0, 0; 2, 1, 2 ;
1,112; -0.823161, -2.09844, -3.36028 / -0.823161, -2.09844, -3.36028 / -0.823161, -2.09844, -3.36028; 1, 5, 1, 0; 0.033917615254; 1, 0, 1; 1, 0, 0; 2, 1, 2 ;
1,113; 2.14599, -2.01754, -0.695275 / 2.14599, -2.01754, -0.695275 / 2.14599, -2.01754, -0.695275; 1, 11, 1, 0; 0.975181649753; 1, 0, 1; 1, 0, 0; 2, 1, 2 ;
0,113; -3.376529, 1.323127, -0.442422 / -3.376529, 1.323127, -0.442422 / -3.376529, 1.323127, -0.442422; 1, 14, 1, 0; 0.308407790798; 1, 0, 1; 1, 0, 0; 2, 7, 0 / 3, 1, 2 / 3, 4, 0 / 3, 8, 0 / 4, 1, 0 / 4, 4, 0 ;
0,113; -0.438586, -0.400457, -0.547519 / -0.438586, -0.400457, -0.547519 / -0.438586, -0.400457, -0.547519; 1, 16, 1, 0; 0.174526629002; 1, 0, 1; 1, 0, 0; 3, 1, 2 ;
0,113; -0.170500, -0.554918, -0.570994 / -0.170500, -0.554918, -0.570994 / -0.170500, -0.554918, -0.570994; 1, 16, 1, 0; 0.176993223876; 1, 0, 1; 1, 0, 0; 3, 1, 2 ;
0,113; -0.174426, -0.551254, -0.569591 / -0.174426, -0.551254, -0.569591 / -0.174426, -0.551254, -0.569591; 1, 16, 1, 0; 0.177005841209; 1, 0, 1; 1, 0, 0; 2, 1, 2 ;
0,113; -0.176980, -0.553819, -0.565639 / -0.176980, -0.553819, -0.565639 / -0.176980, -0.553819, -0.565639; 1, 16, 1, 0; 0.177006155973; 1, 0, 1; 1, 0, 0; 2, 1, 2 ;
1,115; 1.09715, -0.199446, 1.94968 / 1.09715, -0.199446, 1.94968 / 1.09715, -0.199446, 1.94968; 1, 31, 1, 0; 0.176164611121; 1, 0, 1; 1, 0, 0; 2, 1, 2 ;
1,116; -0.797292, 1.4762, -1.23936 / -0.797292, 1.4762, -1.23936 / -0.797292, 1.4762, -1.23936; 1, 7, 1, 0; 0.496494792801; 0, 1, 0; 0, 1, 0; 1, 1, 1 ;
0,116; -0.799567, 1.476641, -1.239914 / -0.799117, 1.476982, -1.239628 / -0.800018, 1.476299, -1.240200; 1, 7, 1, 0; 0.496495385981; 2, 2, 1; 3, 0, 0; 2, 1, 2 / 3, 1, 1 / 3, 4, 1 ;
0,116; -0.724631, 1.223299, -1.400697 / -0.724631, 1.223299, -1.400697 / -0.724631, 1.223299, -1.400697; 1, 11, 1, 0; 0.279005449435; 0, 1, 0; 0, 1, 0; 1, 1, 1 ;
0,116; -0.723097, 1.221730, -1.401850 / -0.723097, 1.221730, -1.401850 / -0.723097, 1.221730, -1.401850; 1, 11, 1, 0; 0.279005546706; 1, 0, 1; 0, 1, 0; 4, 1, 2 ;
1,117; -1.8045, -2.92186, -2.5517 / -1.8045, -2.92186, -2.5517 / -1.8045, -2.92186, -2.5517; 1, 5, 1, 0; 0.254446359100; 1, 0, 1; 0, 1, 0; 1, 1, 2 ;
0,117; -1.837060, -2.750258, -1.779194 / -1.836867, -2.749024, -1.779020 / -1.837253, -2.751492, -1.779369; 1, 9, 1, 0; 0.055401527538; 2, 2, 1; 2, 1, 0; 1, 1, 1 / 2, 1, 1 / 2, 9, 2 / 3, 8, 0 ;
1,119; -2.39541, 0.0892182, 2.03623 / -2.39541, 0.0892182, 2.03623 / -2.39541, 0.0892182, 2.03623; 1, 30, 1, 0; 0.717612881418; 1, 0, 1; 0, 1, 0; 1, 1, 2 ;
0,119; -2.391958, 0.103403, 2.039331 / -2.391958, 0.103403, 2.039331 / -2.391958, 0.103403, 2.039331; 1, 30, 1, 0; 0.717615774564; 1, 0, 1; 0, 1, 0; 1, 1, 2 ;
0,119; -2.441321, 0.027775, 2.209827 / -2.440943, 0.027846, 2.209933 / -2.441699, 0.027703, 2.209721; 1, 36, 1, 0; 0.284934727665; 0, 1, 0; 2, 0, 0; 2, 1, 1 / 3, 1, 3 ;
0,119; -2.442825, 0.027666, 2.214348 / -2.442825, 0.027666, 2.214348 / -2.442825, 0.027666, 2.214348; 1, 36, 1, 0; 0.284934470028; 1, 0, 1; 1, 0, 0; 3, 1, 2 ;
0,119; -2.439486, 0.025614, 2.210948 / -2.439486, 0.025614, 2.210948 / -2.439486, 0.025614, 2.210948; 1, 36, 1, 0; 0.284936234841; 1, 0, 1; 1, 0, 0; 2, 1, 2 / 3, 1, 0 ;
0,119; 1.055430, 1.138536, 3.400244 / 1.055430, 1.138536, 3.400244 / 1.055430, 1.138536, 3.400244; 1, 42, 1, 0; 0.432530802385; 0, 1, 0; 0, 1, 0; 1, 1, 1 ;
1,122; -1.15804, 2.302, 0.570925 / -1.15804, 2.302, 0.570925 / -1.15804, 2.302, 0.570925; 1, 25, 1, 0; 0.056777086280; 1, 0, 1; 1, 0, 0; 2, 2, 0 / 2, 3, 0 / 3, 1, 2 ;
1,123; -2.79939, 2.47351, 1.80417 / -2.79933, 2.47393, 1.80433 / -2.79944, 2.47308, 1.804; 1, 24, 1, 0; 0.971780168165; 2, 1, 1; 1, 1, 0; 1, 1, 2 / 2, 2, 1 ;
0,123; -1.949510, 1.596100, 3.231762 / -1.949510, 1.596100, 3.231762 / -1.949510, 1.596100, 3.231762; 1, 42, 1, 0; 0.683793481118; 0, 1, 0; 1, 0, 0; 3, 1, 1 ;
1,124; 2.88816, -0.454682, -1.90799 / 2.88816, -0.454682, -1.90799 / 2.88816, -0.454682, -1.90799; 1, 4, 1, 0; 0.539522459572; 0, 0, 0; 1, 0, 0; 3, 1, 3 / 3, 2, 0 ;
0,124; 2.885470, -0.450179, -1.907136 / 2.885470, -0.450179, -1.907136 / 2.885470, -0.450179, -1.907136; 1, 4, 1, 0; 0.539530007213; 1, 0, 1; 1, 0, 0; 3, 1, 2 ;
0,124; 1.377590, -0.320660, -1.904087 / 1.377590, -0.320660, -1.904087 / 1.377590, -0.320660, -1.904087; 1, 4, 1, 0; 0.548592814226; 0, 1, 0; 1, 0, 0; 3, 1, 1 ;
1,125; -1.98473, -1.97234, 3.47596 / -1.98473, -1.97234, 3.47596 / -1.98473, -1.97234, 3.47596; 1, 43, 1, 0; 0.773177924635; 1, 0, 1; 1, 0, 0; 2, 1, 2 ;
1,126; 2.66417, 1.02696, -3.61335 / 2.66417, 1.02696, -3.61335 / 2.66417, 1.02696, -3.61335; 1, 3, 1, 0; 0.018275736731; 1, 0, 1; 1, 0, 0; 3, 1, 2 ;
0,126; -1.286863, 1.535670, -2.644313 / -1.286863, 1.535670, -2.644313 / -1.286863, 1.535670, -2.644313; 1, 6, 1, 0; 0.022720748166; 1, 0, 1; 1, 0, 0; 2, 1, 2 ;
0,126; -3.032658, 1.723297, -2.137374 / -3.032658, 1.723297, -2.137374 / -3.032658, 1.723297, -2.137374; 1, 6, 1, 0; 0.457517856775; 0, 1, 0; 1, 0, 0; 3, 1, 1 ;
1,127; 0.524737, -2.40071, -3.59211 / 0.524737, -2.40071, -3.59211 / 0.524737, -2.40071, -3.59211; 1, 1, 1, 0; 0.935003619130; 1, 0, 1; 0, 1, 0; 1, 1, 2 ;
0,127; 0.539140, -2.410348, -3.577699 / 0.539140, -2.410348, -3.577699 / 0.539140, -2.410348, -3.577699; 1, 1, 1, 0; 0.935011897642; 0, 1, 0; 0, 1, 0; 1, 1, 1 ;
0,127; 0.533756, -2.411191, -3.587511 / 0.533756, -2.411191, -3.587511 / 0.533756, -2.411191, -3.587511; 1, 1, 1, 0; 0.935004675204; 1, 0, 1; 1, 0, 0; 2, 1, 2 ;
1,129; -1.13883, 0.417232, 1.71211 / -1.13832, 0.417393, 1.71294 / -1.13933, 0.417071, 1.71128; 1, 30, 1, 0; 0.176279413656; 2, 1, 1; 1, 1, 0; 2, 10, 1 / 4, 1, 2 ;
0,129; -1.363712, 0.302781, 1.666636 / -1.363365, 0.302997, 1.667149 / -1.364059, 0.302565, 1.666123; 1, 30, 1, 0; 0.194038442805; 2, 1, 1; 1, 1, 0; 1, 8, 2 / 3, 1, 1 / 3, 3, 0 ;
0,129; -1.138335, 0.417080, 1.711272 / -1.138324, 0.417089, 1.711276 / -1.138345, 0.417071, 1.711267; 1, 30, 1, 0; 0.176279501327; 1, 0, 1; 2, 0, 0; 2, 1, 1 / 2, 2, 2 ;
0,129; 2.357681, 2.042290, 2.541656 / 2.357681, 2.042290, 2.541656 / 2.357681, 2.042290, 2.541656; 1, 38, 1, 0; 0.649407073360; 1, 0, 1; 1, 0, 0; 3, 1, 2 ;
1,130; 1.28564, -1.62919, -2.06547 / 1.28564, -1.62919, -2.06547 / 1.28564, -1.62919, -2.06547; 1, 5, 1, 0; 0.838670462977; 0, 1, 0; 1, 0, 0; 2, 1, 1 ;
0,130; 1.287337, -1.628738, -2.065371 / 1.287337, -1.628738, -2.065371 / 1.287337, -1.628738, -2.065371; 1, 5, 1, 0; 0.838670531591; 1, 0, 1; 1, 0, 0; 3, 1, 2 ;
0,130; -0.607157, 3.284609, -0.878265 / -0.607157, 3.284609, -0.878265 / -0.607157, 3.284609, -0.878265; 1, 13, 1, 0; 0.256070102161; 1, 0, 1; 1, 0, 0; 2, 1, 2 ;
1,132; 1.46458, -0.320521, -0.799102 / 1.46458, -0.320521, -0.799102 / 1.46458, -0.320521, -0.799102; 1, 12, 1, 0; 0.504710231252; 1, 0, 1; 1, 0, 0; 2, 1, 2 ;
0,132; 1.464876, -0.320485, -0.796102 / 1.464876, -0.320485, -0.796102 / 1.464876, -0.320485, -0.796102; 1, 12, 1, 0; 0.504710912145; 1, 0, 1; 1, 0, 0; 2, 1, 2 ;
0,132; 1.020628, 0.159979, 0.861541 / 1.020744, 0.160097, 0.861628 / 1.020513, 0.159861, 0.861453; 1, 23, 1, 0; 0.221376886457; 1, 0, 2; 1, 1, 0; 3, 1, 2 / 4, 1, 2 ;
0,132; 1.021130, 0.163701, 0.858633 / 1.021130, 0.163701, 0.858633 / 1.021130, 0.163701, 0.858633; 1, 23, 1, 0; 0.221390594724; 0, 1, 0; 1, 0, 0; 1, 7, 0 / 1, 8, 0 / 3, 1, 1 ;
1,133; -1.34401, 2.88631, 1.01886 / -1.34401, 2.88631, 1.01886 / -1.34401, 2.88631, 1.01886; 1, 25, 1, 0; 0.966132313231; 0, 1, 0; 0, 1, 0; 1, 1, 1 ;
0,133; -0.215783, 1.655555, 2.304963 / -0.215783, 1.655555, 2.304963 / -0.215783, 1.655555, 2.304963; 1, 31, 1, 0; 0.549770276761; 0, 1, 0; 1, 0, 0; 3, 1, 1 ;
1,136; 0.822198, -4.03611, -1.39958 / 0.822198, -4.03611, -1.39958 / 0.822198, -4.03611, -1.39958; 1, 8, 1, 0; 0.442408351154; 1, 0, 1; 0, 1, 0; 4, 1, 2 ;
1,137; 0.401271, -0.564323, -1.78759 / 0.401271, -0.564323, -1.78759 / 0.401271, -0.564323, -1.78759; 1, 4, 1, 0; 0.962940517495; 1, 0, 1; 1, 0, 0; 2, 1, 2 ;
0,137; 2.816492, 0.122901, 1.117470 / 2.816492, 0.122901, 1.117470 / 2.816492, 0.122901, 1.117470; 1, 26, 1, 0; 0.153213458489; 1, 0, 1; 1, 0, 0; 2, 1, 2 ;
0,137; 3.806164, 0.415630, 2.316163 / 3.806164, 0.415630, 2.316163 / 3.806164, 0.415630, 2.316163; 1, 28, 1, 0; 0.955683962090; 1, 0, 1; 1, 0, 0; 2, 1, 2 ;
1,138; -4.37795, 0.560081, -0.741236 / -4.37795, 0.560081, -0.741236 / -4.37795, 0.560081, -0.741236; 1, 10, 1, 0; 0.303949366103; 0, 1, 0; 1, 0, 0; 2, 1, 1 ;
1,139; -3.85562, -1.86893, -0.791559 / -3.85562, -1.86893, -0.791559 / -3.85562, -1.86893, -0.791559; 1, 10, 1, 0; 0.481565207471; 1, 0, 1; 1, 0, 0; 3, 1, 2 ;
0,139; 0.356393, -1.797416, 2.342308 / 0.356393, -1.797416, 2.342308 / 0.356393, -1.797416, 2.342308; 1, 33, 1, 0; 0.520390825931; 0, 1, 0; 0, 1, 0; 4, 1, 1 ;
1,140; -2.93619, 0.373597, 2.83834 / -2.93619, 0.373597, 2.83834 / -2.93619, 0.373597, 2.83834; 1, 39, 1, 0; 0.068651422285; 1, 0, 1; 0, 1, 0; 1, 1, 2 ;
0,140; -2.934836, 0.376646, 2.837529 / -2.934836, 0.376646, 2.837529 / -2.934836, 0.376646, 2.837529; 1, 39, 1, 0; 0.068651155116; 1, 0, 1; 1, 0, 0; 2, 1, 2 ;
1,144; 1.35863, 0.139634, 0.877942 / 1.35863, 0.139634, 0.877942 / 1.35863, 0.139634, 0.877942; 1, 20, 1, 0; 0.901393427686; 1, 0, 1; 0, 1, 0; 4, 1, 2 ;
1,145; -3.98107, 0.0522077, 0.434294 / -3.98107, 0.0522077, 0.434294 / -3.98107, 0.0522077, 0.434294; 1, 17, 1, 0; 0.725848398238; 1, 0, 1; 1, 0, 0; 3, 1, 2 ;
0,145; -3.774758, -0.668853, 0.806924 / -3.774758, -0.668853, 0.806924 / -3.774758, -0.668853, 0.806924; 1, 21, 1, 0; 0.365815631166; 0, 1, 0; 0, 1, 0; 1, 1, 1 / 4, 6, 0 ;
0,145; -3.618514, -1.158729, 1.047775 / -3.618514, -1.158729, 1.047775 / -3.618514, -1.158729, 1.047775; 1, 21, 1, 0; 0.631618835164; 1, 0, 1; 1, 0, 0; 3, 1, 2 ;
1,147; -0.444789, 2.50522, -2.96863 / -0.444789, 2.50522, -2.96863 / -0.444789, 2.50522, -2.96863; 1, 2, 1, 0; 0.775575698749; 0, 1, 0; 1, 0, 0; 2, 1, 1 ;
1,148; 3.24795, -1.80651, -0.551737 / 3.24795, -1.80651, -0.551737 / 3.24795, -1.80651, -0.551737; 1, 12, 1, 0; 0.673056707543; 1, 0, 1; 1, 0, 0; 2, 1, 2 ;
1,150; 0.767178, -3.62693, 1.0086 / 0.767178, -3.62693, 1.0086 / 0.767178, -3.62693, 1.0086; 1, 18, 1, 0; 0.954752314834; 1, 0, 1; 1, 0, 0; 3, 1, 2 ;
1,151; 2.91995, -2.5961, 0.648426 / 2.91995, -2.5961, 0.648426 / 2.91995, -2.5961, 0.648426; 1, 19, 1, 0; 0.929570776315; 1, 0, 1; 0, 1, 0; 4, 1, 2 ;
0,151; 3.347088, 0.886264, 0.447970 / 3.347414, 0.886998, 0.448080 / 3.346762, 0.885530, 0.447860; 1, 19, 1, 0; 0.697877274581; 1, 0, 2; 2, 0, 0; 2, 1, 2 / 2, 6, 2 / 4, 5, 0 ;
0,151; 3.154372, -0.193230, 0.510539 / 3.154372, -0.193230, 0.510539 / 3.154372, -0.193230, 0.510539; 1, 19, 1, 0; 0.602360950819; 1, 0, 1; 1, 0, 0; 2, 1, 2 ;
0,151; 3.180214, -0.059171, 0.498040 / 3.180214, -0.059171, 0.498040 / 3.180214, -0.059171, 0.498040; 1, 19, 1, 0; 0.603052190627; 1, 0, 1; 1, 0, 0; 3, 1, 2 ;
0,151; 2.923789, -2.464860, 0.637573 / 2.923789, -2.464860, 0.637573 / 2.923789, -2.464860, 0.637573; 1, 19, 1, 0; 0.911608903660; 1, 0, 1; 1, 0, 0; 3, 1, 2 ;
0,151; 2.916596, -2.591376, 0.643405 / 2.916596, -2.591376, 0.643405 / 2.916596, -2.591376, 0.643405; 1, 19, 1, 0; 0.929582960925; 1, 0, 1; 1, 0, 0; 2, 1, 2 ;
0,151; 3.422102, 1.273257, 0.439116 / 3.422102, 1.273257, 0.439116 / 3.422102, 1.273257, 0.439116; 1, 20, 1, 0; 0.396233010242; 1, 0, 1; 1, 0, 0; 3, 1, 2 ;
1,154; 2.60696, -2.16892, 1.80641 / 2.60696, -2.16892, 1.80641 / 2.60696, -2.16892, 1.80641; 1, 22, 1, 0; 0.931871656742; 0, 1, 0; 0, 1, 0; 1, 1, 1 ;
1,155; 0.548078, -0.676829, 4.22126 / 0.54828, -0.676467, 4.22139 / 0.547876, -0.67719, 4.22113; 1, 46, 1, 0; 0.762809780404; 0, 2, 0; 0, 2, 1; 1, 1, 1 / 4, 5, 0 / 4, 6, 1 ;
1,156; -1.65895, 1.68442, 0.738069 / -1.65895, 1.68442, 0.738069 / -1.65895, 1.68442, 0.738069; 1, 25, 1, 0; 0.646581552441; 0, 1, 0; 1, 0, 0; 3, 1, 1 ;
1,158; -0.0811253, -0.626525, -0.811021 / -0.0811253, -0.626525, -0.811021 / -0.0811253, -0.626525, -0.811021; 1, 16, 1, 0; 0.036762207471; 0, 1, 0; 0, 1, 0; 3, 2, 0 / 4, 1, 1 ;
1,160; -0.122282, -1.09485, -0.79532 / -0.122282, -1.09485, -0.79532 / -0.122282, -1.09485, -0.79532; 1, 16, 1, 0; 0.016507898558; 1, 0, 1; 1, 0, 0; 2, 1, 2 ;
1,164; 0.414278, 2.11367, -1.03674 / 0.414278, 2.11367, -1.03674 / 0.414278, 2.11367, -1.03674; 1, 7, 1, 0; 0.619516706706; 1, 0, 1; 1, 0, 0; 3, 1, 2 ;
0,164; 0.502453, 1.952406, -1.128696 / 0.502453, 1.952406, -1.128696 / 0.502453, 1.952406, -1.128696; 1, 7, 1, 0; 0.619721962280; 1, 0, 1; 1, 0, 0; 3, 1, 2 ;
0,164; 0.495624, 1.945420, -1.159563 / 0.495624, 1.945420, -1.159563 / 0.495624, 1.945420, -1.159563; 1, 7, 1, 0; 0.619726492947; 1, 0, 1; 1, 0, 0; 3, 1, 2 ;
1,166; 2.23517, -0.393303, -1.6965 / 2.23517, -0.393303, -1.6965 / 2.23517, -0.393303, -1.6965; 1, 4, 1, 0; 0.952851972743; 1, 0, 1; 1, 0, 0; 3, 1, 2 / 3, 7, 0 ;
0,166; 2.345956, 1.906360, 1.286346 / 2.346198, 1.906465, 1.286516 / 2.345713, 1.906256, 1.286176; 1, 28, 1, 0; 0.176905903760; 2, 1, 1; 2, 0, 0; 2, 3, 2 / 3, 1, 1 ;
1,167; 0.81377, 4.51567, 0.0471045 / 0.81377, 4.51567, 0.0471045 / 0.81377, 4.51567, 0.0471045; 1, 17, 1, 0; 0.381658157785; 1, 0, 1; 1, 0, 0; 3, 1, 2 ;
0,167; -2.684147, -0.265484, 1.287352 / -2.684147, -0.265484, 1.287352 / -2.684147, -0.265484, 1.287352; 1, 23, 1, 0; 0.734537067007; 1, 0, 1; 0, 1, 0; 1, 1, 2 ;
0,167; -0.699687, 2.830550, 0.498925 / -0.699687, 2.830550, 0.498925 / -0.699687, 2.830550, 0.498925; 1, 25, 1, 0; 0.117399897133; 1, 0, 1; 1, 0, 0; 2, 1, 2 ;
1,168; -2.52446, -0.175548, -0.80687 / -2.52376, -0.175529, -0.806777 / -2.52517, -0.175568, -0.806963; 1, 10, 1, 0; 0.368781024400; 2, 1, 1; 1, 1, 0; 2, 1, 2 / 4, 7, 1 ;
0,168; -2.522536, -0.176322, -0.808876 / -2.522536, -0.176322, -0.808876 / -2.522536, -0.176322, -0.808876; 1, 10, 1, 0; 0.368780937891; 1, 0, 1; 1, 0, 0; 1, 5, 0 / 2, 7, 0 / 3, 1, 2 ;
1,172; 1.79207, 0.25481, -2.26009 / 1.79232, 0.25509, -2.25977 / 1.79181, 0.25453, -2.26042; 1, 3, 1, 0; 0.744499909332; 1, 0, 2; 1, 1, 0; 2, 4, 2 / 4, 1, 2 ;
0,172; 2.574987, 1.719935, 0.007661 / 2.574987, 1.719935, 0.007661 / 2.574987, 1.719935, 0.007661; 1, 20, 1, 0; 0.325322085890; 1, 0, 1; 1, 0, 0; 3, 1, 2 ;
0,172; 2.693715, 2.002866, 0.444698 / 2.693715, 2.002866, 0.444698 / 2.693715, 2.002866, 0.444698; 1, 20, 1, 0; 0.450314305094; 1, 0, 1; 1, 0, 0; 3, 1, 2 ;
1,173; -0.592356, 0.168341, -4.24953 / -0.592356, 0.168341, -4.24953 / -0.592356, 0.168341, -4.24953; 1, 1, 1, 0; 0.172962129267; 1, 0, 1; 0, 1, 0; 4, 1, 2 ;
0,173; -0.598409, 0.168467, -4.251662 / -0.598409, 0.168467, -4.251662 / -0.598409, 0.168467, -4.251662; 1, 1, 1, 0; 0.172955365647; 1, 0, 1; 1, 0, 0; 3, 1, 2 ;
1,176; -1.6402, -1.42176, -3.8832 / -1.63979, -1.42121, -3.88254 / -1.6406, -1.42232, -3.88386; 1, 1, 1, 0; 0.377187271580; 1, 0, 2; 1, 1, 0; 3, 9, 2 / 4, 1, 2 ;
1,177; -0.711664, 1.62016, -1.76455 / -0.711664, 1.62016, -1.76455 / -0.711664, 1.62016, -1.76455; 1, 7, 1, 0; 0.039595937127; 1, 0, 1; 1, 0, 0; 2, 1, 2 ;
1,178; -1.52041, -0.901005, 1.35448 / -1.52041, -0.901005, 1.35448 / -1.52041, -0.901005, 1.35448; 1, 23, 1, 0; 0.853191905397; 0, 1, 0; 1, 0, 0; 2, 7, 0 / 3, 1, 1 / 3, 9, 0 ;
0,178; -0.512729, -0.780816, 1.810580 / -0.512729, -0.780816, 1.810580 / -0.512729, -0.780816, 1.810580; 1, 27, 1, 0; 0.771940536967; 0, 1, 0; 0, 1, 0; 1, 1, 1 ;
1,179; -0.506521, -0.419745, -1.79898 / -0.506478, -0.41955, -1.79864 / -0.506564, -0.41994, -1.79933; 1, 4, 1, 0; 0.968300100340; 2, 1, 1; 1, 1, 0; 3, 1, 1 / 4, 2, 2 ;
1,181; 2.9709, -1.13148, -3.00114 / 2.9709, -1.13148, -3.00114 / 2.9709, -1.13148, -3.00114; 1, 3, 1, 0; 0.324257558723; 1, 0, 1; 1, 0, 0; 3, 1, 2 / 4, 2, 0 ;
0,181; 3.074427, 0.613563, -1.655363 / 3.074427, 0.613563, -1.655363 / 3.074427, 0.613563, -1.655363; 1, 11, 1, 0; 0.026652293523; 1, 0, 1; 0, 1, 0; 4, 1, 2 ;
0,181; 3.284525, 2.102413, -0.533838 / 3.284568, 2.102547, -0.533524 / 3.284482, 2.102278, -0.534153; 1, 13, 1, 0; 0.447901803795; 1, 0, 2; 2, 0, 0; 2, 1, 2 / 2, 3, 2 ;
1,182; -1.64357, -1.91216, -0.849239 / -1.64357, -1.91216, -0.849239 / -1.64357, -1.91216, -0.849239; 1, 9, 1, 0; 0.496657464239; 1, 0, 1; 0, 1, 0; 1, 1, 2 ;
1,183; -1.4965, -0.736306, -1.52487 / -1.4965, -0.736306, -1.52487 / -1.4965, -0.736306, -1.52487; 1, 6, 1, 0; 0.935694912081; 0, 1, 0; 0, 1, 0; 4, 1, 1 ;
1,187; -1.03263, -1.47953, -3.92117 / -1.03263, -1.47953, -3.92117 / -1.03263, -1.47953, -3.92117; 1, 1, 1, 0; 0.372915420737; 1, 0, 1; 0, 1, 0; 1, 1, 2 / 2, 1, 0 ;
0,187; -3.317414, -0.060270, 2.622693 / -3.317414, -0.060270, 2.622693 / -3.317414, -0.060270, 2.622693; 1, 36, 1, 0; 0.467662807264; 1, 0, 1; 1, 0, 0; 2, 1, 2 ;
1,191; 2.88382, -2.13695, 0.0322846 / 2.88382, -2.13695, 0.0322846 / 2.88382, -2.13695, 0.0322846; 1, 15, 1, 0; 0.673851273520; 1, 0, 1; 1, 0, 0; 2, 1, 2 ;
0,191; 2.208349, -1.339466, 0.733355 / 2.208349, -1.339466, 0.733355 / 2.208349, -1.339466, 0.733355; 1, 19, 1, 0; 0.820256469775; 0, 1, 0; 0, 1, 0; 4, 1, 1 ;
0,191; 2.141892, -1.262566, 0.795953 / 2.141892, -1.262566, 0.795953 / 2.141892, -1.262566, 0.795953; 1, 19, 1, 0; 0.825063446748; 1, 0, 1; 0, 1, 0; 4, 1, 2 ;
1,192; 1.94167, -0.667273, -1.05529 / 1.94167, -0.667273, -1.05529 / 1.94167, -0.667273, -1.05529; 1, 11, 1, 0; 0.637358122428; 0, 1, 0; 0, 1, 0; 1, 1, 1 ;
0,192; 2.656300, -0.446740, -1.137291 / 2.656300, -0.446740, -1.137291 / 2.656300, -0.446740, -1.137291; 1, 11, 1, 0; 0.652957217012; 1, 0, 1; 1, 0, 0; 2, 1, 2 ;
0,192; 2.652401, -0.446800, -1.136336 / 2.652401, -0.446800, -1.136336 / 2.652401, -0.446800, -1.136336; 1, 11, 1, 0; 0.652957932236; 1, 0, 1; 1, 0, 0; 3, 1, 2 ;
1,195; -0.168845, 0.524427, -2.10024 / -0.168152, 0.5245, -2.09972 / -0.169537, 0.524354, -2.10076; 1, 4, 1, 0; 0.622984957104; 1, 0, 2; 1, 1, 0; 2, 7, 2 / 4, 1, 2 ;
0,195; 0.245105, 1.951233, -2.578331 / 0.245105, 1.951233, -2.578331 / 0.245105, 1.951233, -2.578331; 1, 4, 1, 0; 0.103833407883; 1, 0, 1; 0, 1, 0; 1, 1, 2 ;
0,195; 0.241227, 1.945062, -2.578358 / 0.241227, 1.945062, -2.578358 / 0.241227, 1.945062, -2.578358; 1, 4, 1, 0; 0.103832799397; 1, 0, 1; 1, 0, 0; 2, 1, 2 ;
0,195; -0.699656, -1.482333, -1.421821 / -0.699244, -1.481992, -1.421612 / -0.700068, -1.482675, -1.422030; 1, 8, 1, 0; 0.722912840401; 1, 0, 1; 2, 0, 0; 2, 1, 3 / 3, 5, 2 ;
0,195; -1.138618, -3.939125, -0.165822 / -1.138618, -3.939125, -0.165822 / -1.138618, -3.939125, -0.165822; 1, 16, 1, 0; 0.257535970115; 1, 0, 1; 1, 0, 0; 3, 1, 2 ;
1,197; -1.02179, -2.26847, 1.40776 / -1.02179, -2.26847, 1.40776 / -1.02179, -2.26847, 1.40776; 1, 23, 1, 0; 0.979609968386; 1, 0, 1; 1, 0, 0; 2, 1, 2 ;
1,198; -1.00568, 2.38441, -2.04781 / -1.00568, 2.38441, -2.04781 / -1.00568, 2.38441, -2.04781; 1, 6, 1, 0; 0.483321281787; 1, 0, 1; 1, 0, 0; 2, 1, 2 ;
1,199; -0.761379, 3.37888, -0.503153 / -0.761379, 3.37888, -0.503153 / -0.761379, 3.37888, -0.503153; 1, 13, 1, 0; 0.634362221377; 1, 0, 1; 1, 0, 0; 1, 4, 0 / 2, 1, 2 ;
0,199; -0.847637, 1.767132, 1.483874 / -0.847086, 1.767342, 1.484067 / -0.848188, 1.766922, 1.483680; 1, 26, 1, 0; 0.653235292101; 2, 1, 1; 0, 2, 1; 1, 1, 2 / 3, 8, 0 / 3, 10, 0 / 4, 4, 1 ;
0,199; -0.973094, -0.052261, 3.552440 / -0.973094, -0.052261, 3.552440 / -0.973094, -0.052261, 3.552440; 1, 44, 1, 0; 0.558897895792; 0, 0, 0; 1, 0, 0; 3, 1, 3 ;
