1,0; 0.327522, -0.892522, 1.05718 / 0.327522, -0.892522, 1.05718 / 0.327522, -0.892522, 1.05718; 1, 23, 1, 0; 0.420601774463; 1, 0, 1; 1, 0, 0; 2, 1, 2 ;
1,1; -2.10935, 0.14756, -1.93299 / -2.10935, 0.14756, -1.93299 / -2.10935, 0.14756, -1.93299; 1, 6, 1, 0; 0.354220187983; 1, 0, 1; 1, 0, 0; 2, 1, 2 ;
0,1; -3.067654, 3.106943, -1.421560 / -3.067654, 3.106943, -1.421560 / -3.067654, 3.106943, -1.421560; 1, 7, 1, 0; 0.295378075459; 1, 0, 1; 1, 0, 0; 3, 1, 2 ;
1,2; -0.444464, 2.48856, 0.0648187 / -0.444464, 2.48856, 0.0648187 / -0.444464, 2.48856, 0.0648187; 1, 17, 1, 0; 0.553907334098; 0, 1, 0; 0, 1, 0; 1, 1, 1 ;
1,3; -0.241844, 1.32483, -2.8808 / -0.241844, 1.32483, -2.8808 / -0.241844, 1.32483, -2.8808; 1, 2, 1, 0; 0.673418689424; 1, 0, 1; 1, 0, 0; 2, 1, 2 / 4, 7, 0 ;
0,3; -0.216113, 1.323040, -2.870937 / -0.216113, 1.323040, -2.870937 / -0.216113, 1.323040, -2.870937; 1, 2, 1, 0; 0.673957061694; 1, 0, 1; 1, 0, 0; 2, 1, 2 ;
1,4; -2.75599, -0.887765, -2.30012 / -2.75599, -0.887765, -2.30012 / -2.75599, -0.887765, -2.30012; 1, 5, 1, 0; 0.426418754736; 1, 0, 1; 0, 1, 0; 1, 1, 2 ;
0,4; -2.742457, -0.880297, -2.361616 / -2.742457, -0.880297, -2.361616 / -2.742457, -0.880297, -2.361616; 1, 5, 1, 0; 0.426886069510; 1, 0, 1; 1, 0, 0; 3, 1, 2 ;
0,4; -2.743322, -0.877526, -2.361741 / -2.743322, -0.877526, -2.361741 / -2.743322, -0.877526, -2.361741; 1, 5, 1, 0; 0.426886691936; 1, 0, 1; 1, 0, 0; 3, 1, 2 ;
0,4; -2.736493, -0.555381, -2.056982 / -2.736493, -0.555381, -2.056982 / -2.736493, -0.555381, -2.056982; 1, 5, 1, 0; 0.973656691181; 1, 0, 1; 1, 0, 0; 3, 1, 2 ;
0,4; -2.736762, -0.560144, -2.053091 / -2.736762, -0.560144, -2.053091 / -2.736762, -0.560144, -2.053091; 1, 5, 1, 0; 0.973664684704; 1, 0, 1; 1, 0, 0; 3, 1, 2 ;
0,4; -2.678244, 2.366986, -0.251945 / -2.678244, 2.366986, -0.251945 / -2.678244, 2.366986, -0.251945; 1, 14, 1, 0; 0.541659262159; 1, 0, 1; 1, 0, 0; 2, 1, 2 ;
1,5; 3.82129, -2.098, 0.975044 / 3.82129, -2.098, 0.975044 / 3.82129, -2.098, 0.975044; 1, 22, 1, 0; 0.223192843755; 1, 0, 1; 1, 0, 0; 3, 1, 2 ;
1,10; -3.15662, 0.0952629, 2.9766 / -3.15662, 0.0952629, 2.9766 / -3.15662, 0.0952629, 2.9766; 1, 37, 1, 0; 0.926872125988; 1, 0, 1; 1, 0, 0; 2, 1, 2 ;
1,12; -2.15529, 2.49558, 1.92282 / -2.15529, 2.49558, 1.92282 / -2.15529, 2.49558, 1.92282; 1, 29, 1, 0; 0.694834525660; 0, 1, 0; 0, 1, 0; 4, 1, 1 ;
1,14; -0.454208, -1.83054, 2.84087 / -0.454208, -1.83054, 2.84087 / -0.454208, -1.83054, 2.84087; 1, 35, 1, 0; 0.503919457520; 1, 0, 1; 1, 0, 0; 3, 1, 2 ;
0,14; -1.433335, -0.602526, 2.810627 / -1.433335, -0.602526, 2.810627 / -1.433335, -0.602526, 2.810627; 1, 36, 1, 0; 0.957333353944; 0, 1, 0; 0, 1, 0; 1, 1, 1 ;
0,14; -1.435919, -0.606704, 2.805651 / -1.435919, -0.606704, 2.805651 / -1.435919, -0.606704, 2.805651; 1, 36, 1, 0; 0.957337231381; 1, 0, 1; 1, 0, 0; 3, 1, 2 ;
0,14; -2.641466, 0.940467, 2.796300 / -2.641466, 0.940467, 2.796300 / -2.641466, 0.940467, 2.796300; 1, 39, 1, 0; 0.374538488135; 1, 0, 1; 1, 0, 0; 3, 1, 2 ;
0,14; -2.644340, 0.937132, 2.795850 / -2.644340, 0.937132, 2.795850 / -2.644340, 0.937132, 2.795850; 1, 39, 1, 0; 0.374565676568; 1, 0, 1; 1, 0, 0; 2, 1, 2 ;
1,15; -2.33105, 2.46245, -1.91498 / -2.33105, 2.46245, -1.91498 / -2.33105, 2.46245, -1.91498; 1, 6, 1, 0; 0.492563156672; 0, 2, 0; 1, 1, 0; 1, 1, 1 / 2, 1, 1 ;
0,15; -2.327983, 2.461801, -1.918810 / -2.327983, 2.461801, -1.918810 / -2.327983, 2.461801, -1.918810; 1, 6, 1, 0; 0.492563249791; 1, 0, 1; 1, 0, 0; 3, 1, 2 ;
0,15; -2.441641, 2.502354, -1.775916 / -2.441641, 2.502354, -1.775916 / -2.441641, 2.502354, -1.775916; 1, 6, 1, 0; 0.596997420116; 1, 0, 1; 1, 0, 0; 3, 1, 2 ;
0,15; -3.266382, 2.771816, -0.667738 / -3.266382, 2.771816, -0.667738 / -3.266382, 2.771816, -0.667738; 1, 14, 1, 0; 0.112080303517; 1, 0, 1; 1, 0, 0; 3, 1, 2 ;
1,16; 1.4483, 4.00826, 0.455502 / 1.44896, 4.00877, 0.456014 / 1.44764, 4.00774, 0.454989; 1, 20, 1, 0; 0.582656194410; 1, 0, 2; 1, 1, 0; 1, 1, 2 / 2, 9, 2 ;
0,16; 1.449682, 4.008660, 0.456485 / 1.450408, 4.008766, 0.456956 / 1.448955, 4.008554, 0.456014; 1, 20, 1, 0; 0.582656252260; 1, 0, 1; 1, 1, 0; 2, 1, 2 / 4, 6, 2 ;
0,16; 1.441263, 4.004622, 0.454260 / 1.441263, 4.004622, 0.454260 / 1.441263, 4.004622, 0.454260; 1, 20, 1, 0; 0.582669637253; 1, 0, 1; 0, 1, 0; 4, 1, 2 ;
0,16; 1.442183, 4.006400, 0.456014 / 1.442183, 4.006400, 0.456014 / 1.442183, 4.006400, 0.456014; 1, 20, 1, 0; 0.582669536016; 0, 1, 0; 1, 0, 0; 3, 1, 1 ;
0,16; 0.256155, 1.011200, 1.097481 / 0.256187, 1.011264, 1.097755 / 0.256123, 1.011136, 1.097208; 1, 25, 1, 0; 0.751754875488; 2, 1, 1; 0, 2, 0; 1, 1, 2 / 1, 2, 1 ;
0,16; 0.253041, 1.010268, 1.098725 / 0.253041, 1.010268, 1.098725 / 0.253041, 1.010268, 1.098725; 1, 25, 1, 0; 0.751755929879; 0, 1, 0; 0, 1, 0; 1, 1, 1 / 2, 4, 0 ;
1,19; -1.93557, 0.684509, -3.88671 / -1.93557, 0.684509, -3.88671 / -1.93557, 0.684509, -3.88671; 1, 1, 1, 0; 0.532327325973; 1, 0, 1; 1, 0, 0; 3, 1, 2 ;
0,19; 1.639009, -1.461444, -3.515014 / 1.639009, -1.461444, -3.515014 / 1.639009, -1.461444, -3.515014; 1, 1, 1, 0; 0.876963000231; 1, 0, 1; 1, 0, 0; 3, 1, 2 ;
1,21; -0.0224946, -0.00726661, -2.87986 / -0.0224946, -0.00726661, -2.87986 / -0.0224946, -0.00726661, -2.87986; 1, 2, 1, 0; 0.545276323534; 1, 0, 1; 1, 0, 0; 2, 1, 2 ;
1,23; 1.40503, 1.57517, -3.01028 / 1.40503, 1.57517, -3.01028 / 1.40503, 1.57517, -3.01028; 1, 2, 1, 0; 0.715144278690; 1, 0, 1; 1, 0, 0; 3, 1, 2 ;
0,23; 1.416840, 1.548604, -2.957044 / 1.416840, 1.548604, -2.957044 / 1.416840, 1.548604, -2.957044; 1, 2, 1, 0; 0.715177009072; 0, 1, 0; 1, 0, 0; 3, 1, 1 ;
0,23; 2.962879, -1.379162, 3.215219 / 2.963449, -1.378925, 3.215425 / 2.962310, -1.379400, 3.215013; 1, 40, 1, 0; 0.333513672796; 0, 2, 0; 1, 1, 0; 2, 4, 1 / 4, 1, 1 ;
1,24; -1.71015, -1.05157, 0.29852 / -1.71015, -1.05157, 0.29852 / -1.71015, -1.05157, 0.29852; 1, 14, 1, 0; 0.952653995911; 1, 0, 1; 1, 0, 0; 2, 1, 2 ;
1,29; -1.36888, -0.138712, -0.556242 / -1.36865, -0.138498, -0.55601 / -1.3691, -0.138927, -0.556474; 1, 10, 1, 0; 0.639921952385; 2, 1, 1; 1, 1, 0; 3, 1, 2 / 4, 2, 1 ;
0,29; -1.462446, -0.513523, -0.494243 / -1.462446, -0.513523, -0.494243 / -1.462446, -0.513523, -0.494243; 1, 10, 1, 0; 0.639096907725; 1, 0, 1; 1, 0, 0; 1, 2, 0 / 2, 1, 2 ;
1,30; 0.984038, -1.03591, -2.6515 / 0.98408, -1.03501, -2.65059 / 0.983996, -1.0368, -2.65242; 1, 3, 1, 0; 0.607540871303; 1, 0, 2; 1, 1, 0; 3, 1, 2 / 4, 10, 2 ;
0,30; 1.283877, -0.879580, -2.355573 / 1.283877, -0.879580, -2.355573 / 1.283877, -0.879580, -2.355573; 1, 3, 1, 0; 0.812533537237; 1, 0, 1; 1, 0, 0; 3, 1, 2 ;
0,30; 3.878436, 0.500129, 0.377203 / 3.878436, 0.500129, 0.377203 / 3.878436, 0.500129, 0.377203; 1, 19, 1, 0; 0.674869664442; 0, 1, 0; 0, 1, 0; 4, 1, 1 ;
1,32; 1.07538, -3.17378, 2.52529 / 1.07546, -3.17367, 2.52552 / 1.07531, -3.17389, 2.52507; 1, 33, 1, 0; 0.822458745875; 2, 1, 1; 1, 1, 0; 1, 1, 2 / 2, 1, 1 ;
1,33; -4.21385, -1.21001, 0.962027 / -4.21385, -1.21001, 0.962027 / -4.21385, -1.21001, 0.962027; 1, 21, 1, 0; 0.636393407198; 0, 1, 0; 0, 1, 0; 1, 1, 1 / 4, 7, 0 ;
0,33; -4.214098, -1.214054, 0.963038 / -4.214098, -1.214054, 0.963038 / -4.214098, -1.214054, 0.963038; 1, 21, 1, 0; 0.636394403991; 1, 0, 1; 1, 0, 0; 3, 1, 2 ;
1,37; -1.18976, -2.91064, -1.20739 / -1.18976, -2.91064, -1.20739 / -1.18976, -2.91064, -1.20739; 1, 9, 1, 0; 0.339609956572; 1, 0, 1; 1, 0, 0; 2, 1, 2 ;
1,39; -0.305746, 2.79891, -3.0306 / -0.305746, 2.79891, -3.0306 / -0.305746, 2.79891, -3.0306; 1, 2, 1, 0; 0.797231080850; 1, 0, 1; 0, 1, 0; 4, 1, 2 ;
0,39; -0.161464, 3.002035, -3.049175 / -0.161464, 3.002035, -3.049175 / -0.161464, 3.002035, -3.049175; 1, 2, 1, 0; 0.797724880470; 1, 0, 1; 0, 1, 0; 1, 1, 2 ;
0,39; -0.158884, 2.995219, -3.046220 / -0.158884, 2.995219, -3.046220 / -0.158884, 2.995219, -3.046220; 1, 2, 1, 0; 0.797724243661; 1, 0, 1; 1, 0, 0; 3, 1, 2 ;
0,39; -0.160420, 2.996069, -3.052563 / -0.160420, 2.996069, -3.052563 / -0.160420, 2.996069, -3.052563; 1, 2, 1, 0; 0.797724682703; 1, 0, 1; 1, 0, 0; 3, 1, 2 ;
0,39; -0.165295, 3.002619, -3.044576 / -0.165295, 3.002619, -3.044576 / -0.165295, 3.002619, -3.044576; 1, 2, 1, 0; 0.797725038683; 1, 0, 1; 1, 0, 0; 3, 1, 2 ;
1,41; -1.83932, -0.739422, -3.61501 / -1.83932, -0.739422, -3.61501 / -1.83932, -0.739422, -3.61501; 1, 1, 1, 0; 0.803838468938; 1, 0, 1; 1, 0, 0; 2, 1, 2 ;
0,41; -1.844268, -0.737804, -3.611423 / -1.844268, -0.737804, -3.611423 / -1.844268, -0.737804, -3.611423; 1, 1, 1, 0; 0.803845252334; 1, 0, 1; 1, 0, 0; 2, 1, 2 ;
1,45; -1.01068, -0.939286, -2.03585 / -1.01068, -0.939286, -2.03585 / -1.01068, -0.939286, -2.03585; 1, 5, 1, 0; 0.927111471171; 1, 0, 1; 0, 1, 0; 1, 1, 2 ;
1,48; 2.73659, 0.400945, -1.67221 / 2.73692, 0.401354, -1.67132 / 2.73626, 0.400536, -1.6731; 1, 11, 1, 0; 0.028485824831; 2, 1, 3; 3, 1, 0; 1, 1, 0 / 1, 7, 0 / 1, 8, 0 / 2, 1, 2 / 2, 5, 2 / 2, 10, 2 / 4, 7, 1 ;
1,49; 0.011568, -1.67928, -4.21347 / 0.011568, -1.67928, -4.21347 / 0.011568, -1.67928, -4.21347; 1, 1, 1, 0; 0.295461484547; 1, 0, 1; 0, 1, 0; 4, 1, 2 ;
0,49; 2.975519, 1.715374, -1.409171 / 2.975519, 1.715374, -1.409171 / 2.975519, 1.715374, -1.409171; 1, 11, 1, 0; 0.250074663673; 1, 0, 1; 1, 0, 0; 2, 1, 2 ;
0,49; 3.587342, 2.445067, -0.783504 / 3.587342, 2.445067, -0.783504 / 3.587342, 2.445067, -0.783504; 1, 12, 1, 0; 0.269308504186; 0, 1, 0; 0, 1, 0; 1, 1, 1 ;
1,52; 0.0447645, -0.0839453, -3.21966 / 0.0447645, -0.0839453, -3.21966 / 0.0447645, -0.0839453, -3.21966; 1, 2, 1, 0; 0.398365280560; 1, 0, 1; 1, 0, 0; 2, 1, 2 ;
0,52; 0.084520, -0.295831, -2.758492 / 0.084520, -0.295831, -2.758492 / 0.084520, -0.295831, -2.758492; 1, 2, 1, 0; 0.934900645985; 1, 0, 1; 1, 0, 0; 2, 1, 2 ;
0,52; 0.490163, -2.242444, 1.296291 / 0.490163, -2.242444, 1.296291 / 0.490163, -2.242444, 1.296291; 1, 22, 1, 0; 0.455038882195; 1, 0, 1; 0, 1, 0; 1, 1, 2 / 3, 4, 0 / 4, 4, 0 ;
0,52; 0.491370, -2.249553, 1.294773 / 0.491370, -2.249553, 1.294773 / 0.491370, -2.249553, 1.294773; 1, 22, 1, 0; 0.455038263747; 1, 0, 1; 1, 0, 0; 2, 1, 2 ;
1,53; -2.481, 0.916096, -0.763156 / -2.481, 0.916096, -0.763156 / -2.481, 0.916096, -0.763156; 1, 10, 1, 0; 0.288919174355; 1, 0, 1; 1, 0, 0; 2, 1, 2 ;
0,53; -2.478379, 0.912678, -0.760751 / -2.478379, 0.912678, -0.760751 / -2.478379, 0.912678, -0.760751; 1, 10, 1, 0; 0.288919882650; 1, 0, 1; 1, 0, 0; 3, 1, 2 ;
0,53; -2.284802, 0.552198, -0.525241 / -2.284802, 0.552198, -0.525241 / -2.284802, 0.552198, -0.525241; 1, 10, 1, 0; 0.698509368958; 1, 0, 1; 1, 0, 0; 3, 1, 2 ;
0,53; -2.333932, 0.643870, -0.583091 / -2.333932, 0.643870, -0.583091 / -2.333932, 0.643870, -0.583091; 1, 10, 1, 0; 0.732071757307; 1, 0, 1; 1, 0, 0; 2, 1, 2 ;
0,53; -1.881380, -0.186278, -0.074398 / -1.881380, -0.186278, -0.074398 / -1.881380, -0.186278, -0.074398; 1, 14, 1, 0; 0.349288471742; 1, 0, 1; 1, 0, 0; 2, 1, 2 ;
0,53; -0.275053, -3.071911, 1.689647 / -0.275053, -3.071911, 1.689647 / -0.275053, -3.071911, 1.689647; 1, 22, 1, 0; 0.818448313747; 1, 0, 1; 1, 0, 0; 2, 1, 2 ;
1,54; -0.0914731, 1.74706, -2.00039 / -0.0914731, 1.74706, -2.00039 / -0.0914731, 1.74706, -2.00039; 1, 4, 1, 0; 0.732463641969; 1, 0, 1; 1, 0, 0; 2, 1, 2 ;
0,54; -0.948273, -2.507036, 2.406702 / -0.948273, -2.507036, 2.406702 / -0.948273, -2.507036, 2.406702; 1, 32, 1, 0; 0.939212558439; 1, 0, 1; 1, 0, 0; 1, 1, 0 / 2, 1, 2 ;
1,55; -1.61588, 2.55979, 0.747005 / -1.61588, 2.55979, 0.747005 / -1.61588, 2.55979, 0.747005; 1, 25, 1, 0; 0.577151137971; 1, 0, 1; 1, 0, 0; 2, 1, 2 ;
0,55; 1.427802, 2.163365, 1.676538 / 1.427802, 2.163365, 1.676538 / 1.427802, 2.163365, 1.676538; 1, 28, 1, 0; 0.265443058257; 1, 0, 1; 1, 0, 0; 1, 7, 0 / 2, 1, 2 ;
1,58; 1.42726, 1.40863, 2.8618 / 1.42774, 1.40949, 2.86183 / 1.42677, 1.40776, 2.86178; 1, 39, 1, 0; 0.546730441616; 2, 1, 1; 0, 2, 1; 1, 7, 2 / 4, 1, 1 ;
0,58; 1.425391, 1.409838, 2.861919 / 1.426773, 1.410183, 2.862008 / 1.424009, 1.409493, 2.861830; 1, 39, 1, 0; 0.546730315889; 0, 1, 0; 0, 2, 0; 4, 1, 1 / 4, 9, 1 ;
0,58; 1.425365, 1.410268, 2.863839 / 1.425365, 1.410268, 2.863839 / 1.425365, 1.410268, 2.863839; 1, 39, 1, 0; 0.546757755776; 1, 0, 1; 0, 1, 0; 1, 1, 2 ;
0,58; 1.425581, 1.412851, 2.860758 / 1.425581, 1.412851, 2.860758 / 1.425581, 1.412851, 2.860758; 1, 39, 1, 0; 0.546728367122; 1, 0, 1; 1, 0, 0; 2, 1, 2 / 3, 6, 0 ;
1,59; -0.749635, -1.84814, 1.92622 / -0.749635, -1.84814, 1.92622 / -0.749635, -1.84814, 1.92622; 1, 30, 1, 0; 0.331505887602; 0, 0, 0; 1, 0, 0; 3, 1, 3 ;
1,60; -2.0433, 2.17648, 0.944794 / -2.04329, 2.17685, 0.944865 / -2.0433, 2.1761, 0.944723; 1, 24, 1, 0; 0.370497746819; 2, 1, 1; 1, 1, 0; 3, 2, 1 / 4, 1, 2 / 4, 2, 0 ;
1,61; -1.44385, -1.35945, 2.48459 / -1.44385, -1.35945, 2.48459 / -1.44385, -1.35945, 2.48459; 1, 34, 1, 0; 0.529373673195; 0, 0, 0; 0, 1, 0; 4, 1, 3 ;
0,61; -1.230787, -0.506054, 2.961799 / -1.230787, -0.506054, 2.961799 / -1.230787, -0.506054, 2.961799; 1, 36, 1, 0; 0.951535799950; 1, 0, 1; 0, 1, 0; 4, 1, 2 ;
1,63; -1.3397, 4.01857, -0.174539 / -1.3397, 4.01857, -0.174539 / -1.3397, 4.01857, -0.174539; 1, 17, 1, 0; 0.298667306925; 1, 0, 1; 0, 1, 0; 1, 1, 2 ;
0,63; -0.764683, 3.804716, 1.648443 / -0.764683, 3.804716, 1.648443 / -0.764683, 3.804716, 1.648443; 1, 29, 1, 0; 0.515291136256; 0, 0, 0; 1, 0, 0; 2, 1, 3 / 3, 2, 0 ;
1,64; -2.38185, 0.159303, 1.1659 / -2.3816, 0.159534, 1.16623 / -2.3821, 0.159071, 1.16556; 1, 21, 1, 0; 0.486479233241; 1, 0, 2; 1, 1, 0; 2, 5, 2 / 4, 1, 2 ;
1,66; 4.17984, -1.43167, 0.131462 / 4.17984, -1.43167, 0.131462 / 4.17984, -1.43167, 0.131462; 1, 19, 1, 0; 0.238715112966; 1, 0, 1; 0, 1, 0; 4, 1, 2 ;
0,66; 4.176735, -1.428246, 0.132615 / 4.176741, -1.427994, 0.132785 / 4.176728, -1.428497, 0.132444; 1, 19, 1, 0; 0.238714946648; 1, 0, 2; 2, 0, 0; 2, 1, 2 / 2, 3, 2 ;
0,66; 4.180071, -1.418012, 0.139459 / 4.180071, -1.418012, 0.139459 / 4.180071, -1.418012, 0.139459; 1, 19, 1, 0; 0.238712661582; 1, 0, 1; 1, 0, 0; 2, 1, 2 ;
0,66; 2.882725, 1.592187, 0.688405 / 2.882725, 1.592187, 0.688405 / 2.882725, 1.592187, 0.688405; 1, 20, 1, 0; 0.752504562902; 1, 0, 1; 1, 0, 0; 2, 1, 2 / 2, 9, 0 / 3, 5, 0 ;
1,68; 0.239056, 0.260521, -0.414032 / 0.239056, 0.260521, -0.414032 / 0.239056, 0.260521, -0.414032; 1, 16, 1, 0; 0.140705599578; 1, 0, 1; 0, 1, 0; 1, 1, 2 ;
1,71; 1.29152, -0.174383, -3.19649 / 1.29169, -0.174358, -3.19632 / 1.29134, -0.174408, -3.19666; 1, 2, 1, 0; 0.391566185382; 1, 0, 2; 2, 0, 0; 1, 1, 0 / 2, 1, 2 / 2, 2, 2 ;
0,71; -0.329723, -0.497499, 2.405204 / -0.329723, -0.497499, 2.405204 / -0.329723, -0.497499, 2.405204; 1, 31, 1, 0; 0.984939963956; 0, 1, 0; 0, 1, 0; 1, 1, 1 / 2, 6, 0 / 3, 6, 0 ;
0,71; -0.319226, -0.488879, 2.412501 / -0.319226, -0.488879, 2.412501 / -0.319226, -0.488879, 2.412501; 1, 31, 1, 0; 0.984954879333; 0, 1, 0; 0, 1, 0; 1, 1, 1 ;
0,71; -0.328388, -0.498395, 2.410210 / -0.328388, -0.498395, 2.410210 / -0.328388, -0.498395, 2.410210; 1, 31, 1, 0; 0.984959296664; 1, 0, 1; 1, 0, 0; 2, 1, 2 ;
1,72; 1.20341, 0.90355, -1.01046 / 1.20341, 0.90355, -1.01046 / 1.20341, 0.90355, -1.01046; 1, 11, 1, 0; 0.813077700801; 1, 0, 1; 1, 0, 0; 2, 1, 2 ;
1,73; 2.05155, -1.88331, -2.34538 / 2.05155, -1.88331, -2.34538 / 2.05155, -1.88331, -2.34538; 1, 3, 1, 0; 0.909318769972; 1, 0, 1; 1, 0, 0; 2, 1, 2 ;
0,73; 2.044573, -1.883547, -2.344180 / 2.044573, -1.883547, -2.344180 / 2.044573, -1.883547, -2.344180; 1, 3, 1, 0; 0.909325894494; 1, 0, 1; 1, 0, 0; 3, 1, 2 ;
0,73; 1.408735, -0.938963, -0.169302 / 1.408735, -0.938963, -0.169302 / 1.408735, -0.938963, -0.169302; 1, 16, 1, 0; 0.343631494846; 1, 0, 1; 1, 0, 0; 2, 1, 2 ;
0,73; 1.073047, -0.434647, 0.956113 / 1.073047, -0.434647, 0.956113 / 1.073047, -0.434647, 0.956113; 1, 23, 1, 0; 0.435862756226; 1, 0, 1; 1, 0, 0; 3, 1, 2 ;
1,74; 1.88578, 0.9515, 2.57823 / 1.88578, 0.9515, 2.57823 / 1.88578, 0.9515, 2.57823; 1, 35, 1, 0; 0.121116238088; 1, 0, 1; 0, 1, 0; 4, 1, 2 ;
1,76; -1.80158, -3.30717, 2.37411 / -1.80158, -3.30717, 2.37411 / -1.80158, -3.30717, 2.37411; 1, 32, 1, 0; 0.819442689262; 1, 0, 1; 1, 0, 0; 3, 1, 2 ;
1,77; 2.42769, -2.19014, -0.188508 / 2.42769, -2.19014, -0.188508 / 2.42769, -2.19014, -0.188508; 1, 15, 1, 0; 0.479917464961; 1, 0, 1; 0, 1, 0; 1, 1, 2 ;
0,77; 2.661991, -0.842426, 2.273176 / 2.662040, -0.842329, 2.273360 / 2.661942, -0.842523, 2.272992; 1, 34, 1, 0; 0.067154232430; 2, 1, 1; 2, 0, 0; 2, 3, 1 / 3, 1, 2 ;
0,77; 2.670294, -0.842558, 2.270035 / 2.670294, -0.842558, 2.270035 / 2.670294, -0.842558, 2.270035; 1, 34, 1, 0; 0.067133065914; 1, 0, 1; 1, 0, 0; 2, 1, 2 ;
1,78; 0.38834, -0.43988, -0.667715 / 0.38834, -0.43988, -0.667715 / 0.38834, -0.43988, -0.667715; 1, 16, 1, 0; 0.050075630331; 1, 0, 1; 0, 1, 0; 4, 1, 2 ;
0,78; 0.390538, -0.438332, -0.666396 / 0.390538, -0.438332, -0.666396 / 0.390538, -0.438332, -0.666396; 1, 16, 1, 0; 0.050074766405; 0, 1, 0; 1, 0, 0; 2, 1, 1 ;
1,80; -0.954594, -1.71976, -3.46231 / -0.954594, -1.71976, -3.46231 / -0.954594, -1.71976, -3.46231; 1, 1, 1, 0; 0.897286423872; 1, 0, 1; 1, 0, 0; 2, 1, 2 ;
1,81; -1.78902, 2.69002, -1.09436 / -1.78902, 2.69002, -1.09436 / -1.78902, 2.69002, -1.09436; 1, 7, 1, 0; 0.677689093979; 1, 0, 1; 0, 1, 0; 1, 1, 2 ;
1,82; -1.1211, 1.43847, 2.44875 / -1.1211, 1.43847, 2.44875 / -1.1211, 1.43847, 2.44875; 1, 31, 1, 0; 0.681648887185; 1, 0, 1; 1, 0, 0; 2, 1, 2 ;
1,83; 0.916057, -0.176315, 2.41024 / 0.916057, -0.176315, 2.41024 / 0.916057, -0.176315, 2.41024; 1, 31, 1, 0; 0.952242671196; 1, 0, 1; 0, 1, 0; 1, 1, 2 ;
0,83; -0.844406, 1.636622, 4.239822 / -0.843738, 1.636944, 4.240445 / -0.845073, 1.636299, 4.239199; 1, 46, 1, 0; 0.495107099565; 1, 0, 2; 1, 1, 0; 3, 8, 2 / 4, 1, 2 ;
0,83; -0.834996, 1.629392, 4.229207 / -0.834996, 1.629392, 4.229207 / -0.834996, 1.629392, 4.229207; 1, 46, 1, 0; 0.495104938108; 1, 0, 1; 1, 0, 0; 3, 1, 2 ;
1,84; 1.56631, 1.89215, -1.71262 / 1.56631, 1.89215, -1.71262 / 1.56631, 1.89215, -1.71262; 1, 11, 1, 0; 0.153340233815; 0, 1, 0; 1, 0, 0; 1, 7, 0 / 2, 1, 1 ;
0,84; 1.568707, 1.890102, -1.707988 / 1.568707, 1.890102, -1.707988 / 1.568707, 1.890102, -1.707988; 1, 11, 1, 0; 0.153340811716; 1, 0, 1; 1, 0, 0; 1, 6, 0 / 3, 1, 2 ;
0,84; 1.569033, 1.891823, -1.711224 / 1.569033, 1.891823, -1.711224 / 1.569033, 1.891823, -1.711224; 1, 11, 1, 0; 0.153340897543; 1, 0, 1; 1, 0, 0; 2, 1, 2 / 4, 3, 0 ;
0,84; 1.627162, 1.980361, -1.609513 / 1.627162, 1.980361, -1.609513 / 1.627162, 1.980361, -1.609513; 1, 11, 1, 0; 0.154393673070; 1, 0, 1; 1, 0, 0; 3, 1, 2 ;
0,84; 1.631509, 1.993251, -1.614727 / 1.631509, 1.993251, -1.614727 / 1.631509, 1.993251, -1.614727; 1, 11, 1, 0; 0.154404790514; 1, 0, 1; 1, 0, 0; 3, 1, 2 ;
0,84; 1.631583, 1.952486, -1.636330 / 1.631583, 1.952486, -1.636330 / 1.631583, 1.952486, -1.636330; 1, 11, 1, 0; 0.154551846308; 1, 0, 1; 1, 0, 0; 2, 1, 2 ;
0,84; 1.570188, 2.201343, 1.366691 / 1.570188, 2.201343, 1.366691 / 1.570188, 2.201343, 1.366691; 1, 28, 1, 0; 0.129579226338; 1, 0, 1; 0, 1, 0; 1, 1, 2 ;
1,85; 1.40458, -0.794679, -4.18567 / 1.40458, -0.794679, -4.18567 / 1.40458, -0.794679, -4.18567; 1, 1, 1, 0; 0.234597517158; 1, 0, 1; 1, 0, 0; 2, 1, 2 ;
0,85; 0.247003, -1.306629, -3.281358 / 0.247003, -1.306629, -3.281358 / 0.247003, -1.306629, -3.281358; 1, 3, 1, 0; 0.135900853089; 1, 0, 1; 0, 1, 0; 1, 1, 2 ;
0,85; 0.246740, -1.303416, -3.281996 / 0.246740, -1.303416, -3.281996 / 0.246740, -1.303416, -3.281996; 1, 3, 1, 0; 0.135900929653; 1, 0, 1; 1, 0, 0; 3, 1, 2 ;
1,86; -1.52127, 0.992573, -1.99941 / -1.52127, 0.992573, -1.99941 / -1.52127, 0.992573, -1.99941; 1, 6, 1, 0; 0.405645505150; 1, 0, 1; 1, 0, 0; 2, 1, 2 ;
1,88; 0.935011, 0.117716, 0.168566 / 0.935011, 0.117716, 0.168566 / 0.935011, 0.117716, 0.168566; 1, 16, 1, 0; 0.670828330601; 1, 0, 1; 0, 1, 0; 1, 1, 2 ;
0,88; 0.938417, 0.125900, 0.167724 / 0.938417, 0.125900, 0.167724 / 0.938417, 0.125900, 0.167724; 1, 16, 1, 0; 0.670840686747; 1, 0, 1; 1, 0, 0; 2, 1, 2 ;
0,88; 0.942636, 0.125579, 0.168781 / 0.942636, 0.125579, 0.168781 / 0.942636, 0.125579, 0.168781; 1, 16, 1, 0; 0.670840894357; 0, 1, 0; 1, 0, 0; 2, 1, 1 ;
0,88; 0.126361, -2.852735, 2.567275 / 0.126361, -2.852735, 2.567275 / 0.126361, -2.852735, 2.567275; 1, 33, 1, 0; 0.876038144631; 1, 0, 1; 0, 1, 0; 1, 1, 2 ;
1,89; 3.57988, 2.47683, -0.235713 / 3.58014, 2.47723, -0.235683 / 3.57962, 2.47643, -0.235742; 1, 20, 1, 0; 0.055903816061; 0, 3, 0; 2, 1, 0; 1, 2, 1 / 2, 1, 1 / 2, 2, 1 / 4, 6, 0 ;
0,89; 3.582026, 2.477061, -0.234473 / 3.582026, 2.477061, -0.234473 / 3.582026, 2.477061, -0.234473; 1, 20, 1, 0; 0.055902890464; 1, 0, 1; 1, 0, 0; 3, 1, 2 ;
1,90; 0.961591, 0.0117958, 4.48226 / 0.961591, 0.0117958, 4.48226 / 0.961591, 0.0117958, 4.48226; 1, 46, 1, 0; 0.930770919681; 1, 0, 1; 1, 0, 0; 3, 1, 2 ;
0,90; 0.984112, 0.047989, 4.478212 / 0.984112, 0.047989, 4.478212 / 0.984112, 0.047989, 4.478212; 1, 46, 1, 0; 0.931217930487; 1, 0, 1; 1, 0, 0; 3, 1, 2 ;
1,91; 3.23805, -1.86511, -0.691691 / 3.23805, -1.86511, -0.691691 / 3.23805, -1.86511, -0.691691; 1, 11, 1, 0; 0.985238810462; 0, 1, 0; 1, 0, 0; 3, 1, 1 / 4, 10, 0 ;
1,93; -2.5805, -0.2581, 1.08487 / -2.5805, -0.2581, 1.08487 / -2.5805, -0.2581, 1.08487; 1, 21, 1, 0; 0.528622446901; 1, 0, 1; 1, 0, 0; 2, 1, 2 ;
0,93; 2.571308, -3.497950, 0.993834 / 2.571308, -3.497950, 0.993834 / 2.571308, -3.497950, 0.993834; 1, 22, 1, 0; 0.060058527017; 0, 1, 0; 0, 1, 0; 1, 1, 1 ;
0,93; 2.282145, -3.338457, 0.999357 / 2.282145, -3.338457, 0.999357 / 2.282145, -3.338457, 0.999357; 1, 22, 1, 0; 0.068862040966; 0, 1, 0; 0, 1, 0; 4, 1, 1 ;
0,93; 2.279555, -3.337747, 0.999225 / 2.279555, -3.337747, 0.999225 / 2.279555, -3.337747, 0.999225; 1, 22, 1, 0; 0.068861960932; 1, 0, 1; 1, 0, 0; 2, 1, 2 ;
0,93; -3.814079, 0.533141, 1.074416 / -3.814079, 0.533141, 1.074416 / -3.814079, 0.533141, 1.074416; 1, 24, 1, 0; 0.258571842406; 1, 0, 1; 1, 0, 0; 2, 1, 2 ;
0,93; -3.806610, 0.536320, 1.075382 / -3.806610, 0.536320, 1.075382 / -3.806610, 0.536320, 1.075382; 1, 24, 1, 0; 0.258573120859; 1, 0, 1; 1, 0, 0; 2, 1, 2 ;
1,94; -1.24662, 2.15021, 2.99581 / -1.24575, 2.15131, 2.99616 / -1.24749, 2.14912, 2.99545; 1, 39, 1, 0; 0.886543815810; 2, 2, 2; 3, 1, 0; 1, 7, 2 / 2, 3, 1 / 3, 1, 1 / 3, 2, 2 / 4, 2, 0 ;
0,94; -1.268006, 2.147487, 2.982915 / -1.268005, 2.147518, 2.983001 / -1.268007, 2.147456, 2.982829; 1, 39, 1, 0; 0.886531478862; 2, 1, 1; 1, 1, 0; 1, 2, 2 / 2, 1, 1 ;
0,94; -1.266323, 2.156840, 2.978949 / -1.266323, 2.156840, 2.978949 / -1.266323, 2.156840, 2.978949; 1, 39, 1, 0; 0.886506569228; 0, 1, 0; 0, 1, 0; 1, 1, 1 ;
0,94; -1.271181, 2.141010, 2.987507 / -1.271087, 2.141430, 2.987777 / -1.271275, 2.140589, 2.987236; 1, 39, 1, 0; 0.886530253025; 2, 1, 1; 2, 0, 0; 2, 1, 1 / 3, 2, 2 ;
0,94; -1.271672, 2.141353, 2.984655 / -1.271513, 2.141640, 2.985242 / -1.271831, 2.141065, 2.984068; 1, 39, 1, 0; 0.886530473047; 2, 1, 1; 2, 0, 0; 2, 8, 2 / 3, 1, 1 ;
0,94; -1.243458, 2.151248, 2.996727 / -1.242544, 2.151703, 2.997111 / -1.244371, 2.150793, 2.996343; 1, 39, 1, 0; 0.886544004400; 2, 1, 1; 2, 0, 0; 3, 1, 2 / 3, 8, 1 ;
0,94; -1.264979, 2.154819, 2.979754 / -1.264979, 2.154819, 2.979754 / -1.264979, 2.154819, 2.979754; 1, 39, 1, 0; 0.886506412070; 1, 0, 1; 1, 0, 0; 1, 10, 0 / 2, 1, 2 / 2, 3, 0 ;
0,94; -1.262176, 2.141674, 2.987846 / -1.262176, 2.141674, 2.987846 / -1.262176, 2.141674, 2.987846; 1, 39, 1, 0; 0.886527722772; 1, 0, 1; 1, 0, 0; 3, 1, 2 ;
0,94; -1.271340, 2.141753, 2.984385 / -1.271167, 2.142441, 2.984701 / -1.271513, 2.141065, 2.984068; 1, 39, 1, 0; 0.886530583058; 0, 1, 0; 2, 0, 0; 2, 1, 2 / 3, 4, 1 ;
0,94; -1.250814, 2.152453, 2.992525 / -1.250814, 2.152453, 2.992525 / -1.250814, 2.152453, 2.992525; 1, 39, 1, 0; 0.886541694169; 1, 0, 1; 1, 0, 0; 2, 1, 2 ;
0,94; -1.240127, 2.152940, 2.994568 / -1.240127, 2.152940, 2.994568 / -1.240127, 2.152940, 2.994568; 1, 39, 1, 0; 0.886544334433; 1, 0, 1; 1, 0, 0; 2, 1, 2 ;
0,94; -1.224267, 2.224123, 2.975806 / -1.224267, 2.224123, 2.975806 / -1.224267, 2.224123, 2.975806; 1, 39, 1, 0; 0.954089156058; 1, 0, 1; 1, 0, 0; 2, 1, 2 / 2, 8, 0 ;
1,95; 3.42331, 1.26631, -1.75443 / 3.42331, 1.26631, -1.75443 / 3.42331, 1.26631, -1.75443; 1, 12, 1, 0; 0.029523248788; 1, 0, 1; 0, 1, 0; 1, 1, 2 ;
0,95; 3.423046, 1.264140, -1.764153 / 3.423414, 1.264336, -1.763668 / 3.422678, 1.263943, -1.764638; 1, 12, 1, 0; 0.029513058275; 1, 0, 2; 2, 0, 0; 2, 1, 2 / 2, 4, 2 ;
0,95; 3.420375, 1.270284, -1.770311 / 3.420375, 1.270284, -1.770311 / 3.420375, 1.270284, -1.770311; 1, 12, 1, 0; 0.029502352801; 1, 0, 1; 1, 0, 0; 2, 1, 2 ;
0,95; 3.421804, 1.269743, -1.766916 / 3.421804, 1.269743, -1.766916 / 3.421804, 1.269743, -1.766916; 1, 12, 1, 0; 0.029512903787; 0, 0, 0; 1, 0, 0; 1, 7, 0 / 3, 1, 3 ;
0,95; 3.423860, 1.264939, -1.759256 / 3.423860, 1.264939, -1.759256 / 3.423860, 1.264939, -1.759256; 1, 12, 1, 0; 0.029513184155; 1, 0, 1; 1, 0, 0; 2, 1, 2 / 3, 3, 0 ;
0,95; 3.427744, 1.269235, -1.766421 / 3.427744, 1.269235, -1.766421 / 3.427744, 1.269235, -1.766421; 1, 12, 1, 0; 0.029513739169; 1, 0, 1; 1, 0, 0; 2, 1, 2 ;
0,95; 3.428856, 1.267266, -1.765254 / 3.428856, 1.267266, -1.765254 / 3.428856, 1.267266, -1.765254; 1, 12, 1, 0; 0.029513830717; 1, 0, 1; 1, 0, 0; 2, 1, 2 ;
0,95; 3.891635, 1.496454, -1.745738 / 3.891635, 1.496454, -1.745738 / 3.891635, 1.496454, -1.745738; 1, 12, 1, 0; 0.032895982386; 0, 1, 0; 1, 0, 0; 3, 1, 1 ;
1,96; -0.199007, -0.292626, 3.12016 / -0.199007, -0.292626, 3.12016 / -0.199007, -0.292626, 3.12016; 1, 41, 1, 0; 0.647717097879; 1, 0, 1; 1, 0, 0; 3, 1, 2 ;
0,96; -0.766185, -0.050570, 3.510680 / -0.766185, -0.050570, 3.510680 / -0.766185, -0.050570, 3.510680; 1, 44, 1, 0; 0.550901667598; 0, 1, 0; 0, 1, 0; 4, 1, 1 ;
1,98; 3.61914, 0.263418, 2.55632 / 3.61914, 0.263418, 2.55632 / 3.61914, 0.263418, 2.55632; 1, 34, 1, 0; 0.981687708453; 1, 0, 1; 1, 0, 0; 2, 1, 2 ;
0,98; 3.611297, 0.261782, 2.553811 / 3.611297, 0.261782, 2.553811 / 3.611297, 0.261782, 2.553811; 1, 34, 1, 0; 0.981708837550; 1, 0, 1; 1, 0, 0; 3, 1, 2 ;
0,98; 2.947876, 0.552424, 2.580381 / 2.947876, 0.552424, 2.580381 / 2.947876, 0.552424, 2.580381; 1, 35, 1, 0; 0.052229951332; 0, 1, 0; 0, 1, 0; 4, 1, 1 ;
0,98; -0.907807, 2.355828, 2.623120 / -0.907807, 2.355828, 2.623120 / -0.907807, 2.355828, 2.623120; 1, 38, 1, 0; 0.546136042176; 0, 1, 0; 0, 1, 0; 4, 1, 1 ;
0,98; -0.903768, 2.350952, 2.620388 / -0.903768, 2.350952, 2.620388 / -0.903768, 2.350952, 2.620388; 1, 38, 1, 0; 0.546138323016; 1, 0, 1; 1, 0, 0; 3, 1, 2 ;
1,99; 2.34226, -1.35949, -0.554054 / 2.34226, -1.35949, -0.554054 / 2.34226, -1.35949, -0.554054; 1, 12, 1, 0; 0.696620789333; 1, 0, 1; 0, 1, 0; 3, 1, 0 / 4, 1, 2 ;
0,99; 2.337190, -1.377691, -0.572930 / 2.337190, -1.377691, -0.572930 / 2.337190, -1.377691, -0.572930; 1, 12, 1, 0; 0.696606913985; 1, 0, 1; 1, 0, 0; 3, 1, 2 ;
0,99; 2.344432, -1.356658, -0.542493 / 2.344432, -1.356658, -0.542493 / 2.344432, -1.356658, -0.542493; 1, 12, 1, 0; 0.696631677904; 1, 0, 1; 1, 0, 0; 2, 1, 2 ;
0,99; 3.349406, 0.926076, 2.604590 / 3.349406, 0.926076, 2.604590 / 3.349406, 0.926076, 2.604590; 1, 35, 1, 0; 0.076132791265; 0, 1, 0; 0, 1, 0; 4, 1, 1 ;
1,100; -0.804193, 2.92037, -0.713377 / -0.804167, 2.9204, -0.713268 / -0.804219, 2.92034, -0.713485; 1, 13, 1, 0; 0.263293676440; 0, 2, 0; 1, 1, 0; 1, 1, 1 / 2, 1, 1 ;
0,100; 0.068676, 1.693287, 0.847507 / 0.068676, 1.693287, 0.847507 / 0.068676, 1.693287, 0.847507; 1, 25, 1, 0; 0.666834554884; 0, 1, 0; 0, 1, 0; 4, 1, 1 ;
0,100; 0.598022, 0.917167, 1.777069 / 0.598022, 0.917167, 1.777069 / 0.598022, 0.917167, 1.777069; 1, 27, 1, 0; 0.507769523883; 1, 0, 1; 1, 0, 0; 2, 1, 2 ;
1,101; 2.90287, 1.41854, 0.630336 / 2.90372, 1.41859, 0.630548 / 2.90201, 1.41848, 0.630123; 1, 20, 1, 0; 0.785420350975; 1, 0, 2; 2, 0, 0; 2, 1, 2 / 3, 7, 2 ;
1,104; -1.59633, 1.48684, -2.26296 / -1.59633, 1.48684, -2.26296 / -1.59633, 1.48684, -2.26296; 1, 6, 1, 0; 0.229793457368; 1, 0, 1; 0, 1, 0; 1, 1, 2 ;
0,104; 0.649224, 4.154268, -0.119291 / 0.649224, 4.154268, -0.119291 / 0.649224, 4.154268, -0.119291; 1, 17, 1, 0; 0.334727778568; 1, 0, 1; 1, 0, 0; 2, 1, 2 ;
1,105; -2.9597, -0.722995, 0.582691 / -2.9597, -0.722995, 0.582691 / -2.9597, -0.722995, 0.582691; 1, 21, 1, 0; 0.123067400655; 1, 0, 1; 1, 0, 0; 2, 1, 2 ;
1,106; -1.43941, -0.672994, 2.69124 / -1.43941, -0.672994, 2.69124 / -1.43941, -0.672994, 2.69124; 1, 34, 1, 0; 0.712200269914; 1, 0, 1; 0, 1, 0; 3, 4, 0 / 4, 1, 2 ;
0,106; -1.441505, -0.668645, 2.690822 / -1.441505, -0.668645, 2.690822 / -1.441505, -0.668645, 2.690822; 1, 34, 1, 0; 0.712198486289; 1, 0, 1; 1, 0, 0; 2, 1, 2 ;
0,106; -1.209987, -0.132462, 4.444041 / -1.209987, -0.132462, 4.444041 / -1.209987, -0.132462, 4.444041; 1, 46, 1, 0; 0.909097452641; 1, 0, 1; 1, 0, 0; 3, 1, 2 ;
1,107; -3.29701, -2.28353, -2.2269 / -3.29701, -2.28353, -2.2269 / -3.29701, -2.28353, -2.2269; 1, 5, 1, 0; 0.548093071855; 1, 0, 1; 0, 1, 0; 1, 1, 2 ;
1,109; 2.10303, 2.24789, 1.97652 / 2.10303, 2.24789, 1.97652 / 2.10303, 2.24789, 1.97652; 1, 28, 1, 0; 0.514516866307; 1, 0, 1; 1, 0, 0; 2, 1, 2 ;
1,110; 2.14039, -0.171679, 0.863464 / 2.14039, -0.171679, 0.863464 / 2.14039, -0.171679, 0.863464; 1, 20, 1, 0; 0.959443448946; 1, 0, 1; 0, 1, 0; 4, 1, 2 ;
0,110; 2.144519, -0.170963, 0.859620 / 2.144519, -0.170963, 0.859620 / 2.144519, -0.170963, 0.859620; 1, 20, 1, 0; 0.959444548092; 1, 0, 1; 1, 0, 0; 2, 1, 2 ;
1,111; -0.78742, 1.90082, -2.40719 / -0.78742, 1.90082, -2.40719 / -0.78742, 1.90082, -2.40719; 1, 4, 1, 0; 0.327015179906; 1, 0, 1; 1, 0, 0; 2, 1, 2 ;
1,112; 2.47697, -1.22393, 2.53883 / 2.47697, -1.22393, 2.53883 / 2.47697, -1.22393, 2.53883; 1, 34, 1, 0; 0.603966595072; 0, 1, 0; 0, 1, 0; 1, 1, 1 ;
0,112; 2.479774, -1.220563, 2.535024 / 2.479774, -1.220563, 2.535024 / 2.479774, -1.220563, 2.535024; 1, 34, 1, 0; 0.603967093988; 1, 0, 1; 0, 1, 0; 4, 1, 2 ;
1,114; -3.34638, 0.953548, -2.44605 / -3.34638, 0.953548, -2.44605 / -3.34638, 0.953548, -2.44605; 1, 6, 1, 0; 0.249922387843; 1, 0, 1; 0, 1, 0; 1, 1, 2 ;
1,115; -1.91355, 0.880338, -3.51835 / -1.91355, 0.880338, -3.51835 / -1.91355, 0.880338, -3.51835; 1, 1, 1, 0; 0.680410607096; 0, 1, 0; 0, 1, 0; 4, 1, 1 ;
1,116; 3.65631, 0.904672, -2.6453 / 3.65631, 0.904672, -2.6453 / 3.65631, 0.904672, -2.6453; 1, 3, 1, 0; 0.695613325435; 1, 0, 1; 1, 0, 0; 3, 1, 2 ;
0,116; -0.253468, 1.311160, -0.488715 / -0.253468, 1.311160, -0.488715 / -0.253468, 1.311160, -0.488715; 1, 13, 1, 0; 0.418636647328; 1, 0, 1; 1, 0, 0; 2, 1, 2 ;
1,118; -2.13904, -0.44512, -2.65231 / -2.13904, -0.44512, -2.65231 / -2.13904, -0.44512, -2.65231; 1, 2, 1, 0; 0.961580586750; 1, 0, 1; 1, 0, 0; 3, 1, 2 ;
0,118; -2.153454, -0.445916, -2.640093 / -2.153454, -0.445916, -2.640093 / -2.153454, -0.445916, -2.640093; 1, 2, 1, 0; 0.961582607925; 1, 0, 1; 1, 0, 0; 2, 1, 2 ;
1,120; -0.164108, -2.48387, -3.53093 / -0.164108, -2.48387, -3.53093 / -0.164108, -2.48387, -3.53093; 1, 1, 1, 0; 0.956210593015; 1, 0, 1; 1, 0, 0; 3, 1, 2 ;
0,120; -1.405461, -1.979506, -2.191636 / -1.405461, -1.979506, -2.191636 / -1.405461, -1.979506, -2.191636; 1, 5, 1, 0; 0.521550370956; 0, 1, 0; 1, 0, 0; 2, 1, 1 ;
0,120; -1.611486, -1.915536, -1.959223 / -1.611486, -1.915536, -1.959223 / -1.611486, -1.915536, -1.959223; 1, 5, 1, 0; 0.816066250670; 1, 0, 1; 1, 0, 0; 2, 1, 2 ;
0,120; -1.610677, -1.908425, -1.959898 / -1.610677, -1.908425, -1.959898 / -1.610677, -1.908425, -1.959898; 1, 5, 1, 0; 0.816067074037; 0, 1, 0; 1, 0, 0; 2, 2, 0 / 3, 1, 1 / 4, 1, 0 ;
1,121; -2.92865, -2.44716, -0.218092 / -2.92865, -2.44716, -0.218092 / -2.92865, -2.44716, -0.218092; 1, 10, 1, 0; 0.904197215265; 0, 1, 0; 0, 1, 0; 4, 1, 1 ;
0,121; 0.702825, -2.265913, 3.462229 / 0.702862, -2.265814, 3.462494 / 0.702789, -2.266012, 3.461963; 1, 43, 1, 0; 0.852637510450; 2, 1, 1; 2, 0, 0; 2, 1, 1 / 2, 2, 2 ;
0,121; 0.715278, -2.265077, 3.473790 / 0.715278, -2.265077, 3.473790 / 0.715278, -2.265077, 3.473790; 1, 43, 1, 0; 0.852596939766; 1, 0, 1; 1, 0, 0; 2, 1, 2 ;
0,121; 0.702267, -2.266469, 3.457291 / 0.702267, -2.266469, 3.457291 / 0.702267, -2.266469, 3.457291; 1, 43, 1, 0; 0.852640006498; 1, 0, 1; 1, 0, 0; 2, 1, 2 ;
1,122; 1.04411, 2.97027, -1.87114 / 1.04411, 2.97027, -1.87114 / 1.04411, 2.97027, -1.87114; 1, 4, 1, 0; 0.839091055259; 1, 0, 1; 1, 0, 0; 2, 1, 2 ;
1,123; 2.66252, 0.917412, -2.34298 / 2.66252, 0.917412, -2.34298 / 2.66252, 0.917412, -2.34298; 1, 4, 1, 0; 0.449493336879; 1, 0, 1; 0, 1, 0; 1, 1, 2 ;
0,123; 2.667142, 0.917741, -2.343376 / 2.667142, 0.917741, -2.343376 / 2.667142, 0.917741, -2.343376; 1, 4, 1, 0; 0.449493264345; 1, 0, 1; 1, 0, 0; 3, 1, 2 ;
1,126; 2.37483, -0.105818, -1.09155 / 2.37483, -0.105818, -1.09155 / 2.37483, -0.105818, -1.09155; 1, 11, 1, 0; 0.712348149343; 0, 1, 0; 0, 1, 0; 1, 6, 0 / 2, 5, 0 / 4, 1, 1 ;
0,126; 2.644919, 0.014002, -1.153224 / 2.644919, 0.014002, -1.153224 / 2.644919, 0.014002, -1.153224; 1, 11, 1, 0; 0.726284862883; 1, 0, 1; 0, 1, 0; 4, 1, 2 ;
0,126; 2.641581, 0.011209, -1.156844 / 2.641581, 0.011209, -1.156844 / 2.641581, 0.011209, -1.156844; 1, 11, 1, 0; 0.726274271845; 1, 0, 1; 1, 0, 0; 2, 1, 2 ;
1,127; -2.46822, -2.35481, 2.65875 / -2.46779, -2.35457, 2.65884 / -2.46864, -2.35506, 2.65866; 1, 36, 1, 0; 0.705632846657; 2, 1, 1; 1, 1, 0; 1, 3, 1 / 2, 1, 2 ;
0,127; -2.469101, -2.350735, 2.651854 / -2.468797, -2.350719, 2.652108 / -2.469404, -2.350751, 2.651601; 1, 36, 1, 0; 0.705657193354; 2, 1, 1; 1, 1, 0; 1, 6, 2 / 3, 1, 1 / 3, 5, 0 ;
0,127; -2.469605, -2.351907, 2.655469 / -2.469605, -2.351907, 2.655469 / -2.469605, -2.351907, 2.655469; 1, 36, 1, 0; 0.705656961481; 1, 0, 1; 0, 1, 0; 1, 1, 2 ;
0,127; -2.422673, -1.069490, 2.496877 / -2.422358, -1.069001, 2.497226 / -2.422987, -1.069980, 2.496528; 1, 36, 1, 0; 0.574158068032; 2, 1, 1; 2, 0, 0; 2, 1, 1 / 2, 4, 2 / 4, 7, 0 ;
0,127; -2.464683, -2.355526, 2.660505 / -2.464683, -2.355526, 2.660505 / -2.464683, -2.355526, 2.660505; 1, 36, 1, 0; 0.705631197780; 1, 0, 1; 1, 0, 0; 2, 1, 2 ;
0,127; -2.461192, -2.353015, 2.667651 / -2.461192, -2.353015, 2.667651 / -2.461192, -2.353015, 2.667651; 1, 36, 1, 0; 0.705653019635; 1, 0, 1; 1, 0, 0; 3, 1, 2 ;
0,127; -2.462545, -2.353223, 2.666330 / -2.462545, -2.353223, 2.666330 / -2.462545, -2.353223, 2.666330; 1, 36, 1, 0; 0.705653161335; 0, 1, 0; 1, 0, 0; 2, 1, 1 / 3, 6, 0 ;
0,127; -2.463114, -2.349167, 2.649183 / -2.463114, -2.349167, 2.649183 / -2.463114, -2.349167, 2.649183; 1, 36, 1, 0; 0.705659190041; 1, 0, 1; 1, 0, 0; 3, 1, 2 ;
1,131; 0.399657, 3.48008, -0.801592 / 0.399657, 3.48008, -0.801592 / 0.399657, 3.48008, -0.801592; 1, 13, 1, 0; 0.207949659196; 0, 1, 0; 0, 1, 0; 4, 1, 1 ;
0,131; 2.218126, 3.939507, -0.776585 / 2.218178, 3.939532, -0.776560 / 2.218075, 3.939482, -0.776611; 1, 13, 1, 0; 0.168191884463; 2, 1, 1; 2, 0, 0; 1, 2, 0 / 2, 1, 0 / 3, 1, 1 / 3, 2, 2 ;
0,131; 2.214983, 3.940557, -0.777830 / 2.214983, 3.940557, -0.777830 / 2.214983, 3.940557, -0.777830; 1, 13, 1, 0; 0.168191736742; 1, 0, 1; 1, 0, 0; 3, 1, 2 ;
0,131; 2.259910, 3.949993, -0.776018 / 2.259910, 3.949993, -0.776018 / 2.259910, 3.949993, -0.776018; 1, 13, 1, 0; 0.168619985646; 0, 1, 0; 1, 0, 0; 3, 1, 1 ;
0,131; 0.993265, 3.615934, -0.801642 / 0.993265, 3.615934, -0.801642 / 0.993265, 3.615934, -0.801642; 1, 13, 1, 0; 0.212549181811; 1, 0, 1; 1, 0, 0; 2, 1, 2 ;
0,131; -1.829851, 2.972937, -0.799185 / -1.829851, 2.972937, -0.799185 / -1.829851, 2.972937, -0.799185; 1, 14, 1, 0; 0.125590021703; 1, 0, 1; 1, 0, 0; 2, 1, 2 ;
1,133; -1.35404, -1.52192, -2.32468 / -1.35404, -1.52192, -2.32468 / -1.35404, -1.52192, -2.32468; 1, 5, 1, 0; 0.476608202697; 1, 0, 1; 1, 0, 0; 2, 1, 2 ;
0,133; 1.457249, -1.313257, -1.378715 / 1.457249, -1.313257, -1.378715 / 1.457249, -1.313257, -1.378715; 1, 8, 1, 0; 0.708229235381; 1, 0, 1; 1, 0, 0; 3, 1, 2 ;
0,133; 1.116852, -1.346445, -1.489812 / 1.116852, -1.346445, -1.489812 / 1.116852, -1.346445, -1.489812; 1, 8, 1, 0; 0.710260738345; 1, 0, 1; 1, 0, 0; 2, 1, 2 ;
0,133; 2.515859, -1.136115, -1.015288 / 2.516122, -1.136020, -1.014822 / 2.515597, -1.136210, -1.015755; 1, 11, 1, 0; 0.580980492120; 2, 2, 1; 2, 1, 0; 1, 1, 0 / 1, 8, 1 / 2, 1, 2 / 3, 4, 1 ;
0,133; 2.520808, -1.130796, -1.013881 / 2.520808, -1.130796, -1.013881 / 2.520808, -1.130796, -1.013881; 1, 11, 1, 0; 0.580979628129; 1, 0, 1; 1, 0, 0; 2, 1, 2 / 2, 9, 0 / 2, 10, 0 ;
0,133; 2.515530, -1.135155, -1.014697 / 2.515597, -1.134246, -1.014573 / 2.515463, -1.136065, -1.014822; 1, 11, 1, 0; 0.580980446346; 1, 0, 1; 2, 0, 0; 1, 9, 0 / 2, 9, 2 / 3, 1, 2 / 3, 4, 0 ;
0,133; 2.515576, -1.137343, -1.015504 / 2.516122, -1.136210, -1.015252 / 2.515030, -1.138476, -1.015755; 1, 11, 1, 0; 0.580980532172; 0, 1, 0; 1, 1, 0; 1, 1, 1 / 3, 9, 1 / 4, 9, 0 ;
1,134; -1.26758, 0.596329, -2.30572 / -1.26758, 0.596329, -2.30572 / -1.26758, 0.596329, -2.30572; 1, 6, 1, 0; 0.280596259953; 0, 1, 0; 1, 0, 0; 3, 1, 1 ;
1,135; -2.37261, -0.750917, 0.645362 / -2.37261, -0.750917, 0.645362 / -2.37261, -0.750917, 0.645362; 1, 21, 1, 0; 0.348930135738; 1, 0, 1; 1, 0, 0; 2, 1, 2 ;
0,135; -2.837156, -0.509105, 2.629040 / -2.836977, -0.508979, 2.629250 / -2.837335, -0.509231, 2.628830; 1, 36, 1, 0; 0.490310233599; 2, 1, 1; 2, 0, 0; 2, 1, 1 / 2, 2, 2 ;
0,135; -2.837222, -0.509550, 2.634092 / -2.837222, -0.509550, 2.634092 / -2.837222, -0.509550, 2.634092; 1, 36, 1, 0; 0.490309860026; 1, 0, 1; 1, 0, 0; 2, 1, 2 ;
1,137; -0.879179, -1.32796, -1.73877 / -0.879179, -1.32796, -1.73877 / -0.879179, -1.32796, -1.73877; 1, 8, 1, 0; 0.152720588762; 1, 0, 1; 1, 0, 0; 3, 1, 2 ;
1,140; -1.86872, -3.73512, 1.47375 / -1.86872, -3.73512, 1.47375 / -1.86872, -3.73512, 1.47375; 1, 21, 1, 0; 0.814786140651; 1, 0, 1; 1, 0, 0; 3, 1, 2 ;
0,140; -1.865775, -3.738387, 1.476877 / -1.865775, -3.738387, 1.476877 / -1.865775, -3.738387, 1.476877; 1, 21, 1, 0; 0.814786300720; 1, 0, 1; 1, 0, 0; 3, 1, 2 / 4, 4, 0 ;
1,141; 2.64892, -0.708582, 3.13815 / 2.64892, -0.708582, 3.13815 / 2.64892, -0.708582, 3.13815; 1, 41, 1, 0; 0.189695418341; 0, 1, 0; 0, 1, 0; 1, 1, 1 ;
1,142; 3.26907, -1.45985, 0.700326 / 3.26907, -1.45985, 0.700326 / 3.26907, -1.45985, 0.700326; 1, 19, 1, 0; 0.811956595309; 1, 0, 1; 1, 0, 0; 3, 1, 2 ;
1,143; -2.6657, -0.805863, -0.672527 / -2.6657, -0.805863, -0.672527 / -2.6657, -0.805863, -0.672527; 1, 10, 1, 0; 0.419388281882; 1, 0, 1; 1, 0, 0; 1, 9, 0 / 2, 1, 0 / 3, 1, 2 ;
0,143; -2.666615, -0.803429, -0.672206 / -2.666615, -0.803429, -0.672206 / -2.666615, -0.803429, -0.672206; 1, 10, 1, 0; 0.419388919888; 0, 1, 0; 1, 0, 0; 1, 6, 0 / 2, 7, 0 / 3, 1, 1 / 3, 4, 0 ;
0,143; -2.458450, -1.541860, -0.874267 / -2.458450, -1.541860, -0.874267 / -2.458450, -1.541860, -0.874267; 1, 10, 1, 0; 0.465928185381; 1, 0, 1; 1, 0, 0; 2, 1, 2 ;
0,143; -2.459757, -1.544134, -0.879712 / -2.459757, -1.544134, -0.879712 / -2.459757, -1.544134, -0.879712; 1, 10, 1, 0; 0.465928385434; 1, 0, 1; 1, 0, 0; 3, 1, 2 ;
0,143; -3.233894, 1.098660, -0.214605 / -3.233894, 1.098660, -0.214605 / -3.233894, 1.098660, -0.214605; 1, 14, 1, 0; 0.449125123255; 1, 0, 1; 0, 1, 0; 1, 1, 2 / 3, 8, 0 / 4, 7, 0 ;
1,144; -3.66645, 1.77095, -1.69835 / -3.66645, 1.77095, -1.69835 / -3.66645, 1.77095, -1.69835; 1, 6, 1, 0; 0.645358076497; 0, 1, 0; 0, 1, 0; 4, 1, 1 ;
1,145; 1.40106, 3.28006, -2.71604 / 1.40106, 3.28006, -2.71604 / 1.40106, 3.28006, -2.71604; 1, 4, 1, 0; 0.194884137864; 1, 0, 1; 1, 0, 0; 3, 1, 2 ;
0,145; -1.524330, 1.332082, -0.429133 / -1.524330, 1.332082, -0.429133 / -1.524330, 1.332082, -0.429133; 1, 17, 1, 0; 0.115755728151; 1, 0, 1; 1, 0, 0; 3, 1, 2 ;
1,146; 4.10849, 0.994842, 0.984952 / 4.10849, 0.994842, 0.984952 / 4.10849, 0.994842, 0.984952; 1, 27, 1, 0; 0.052028229609; 0, 1, 0; 1, 0, 0; 2, 1, 1 / 2, 2, 0 ;
1,147; -0.976988, -0.517526, -1.7027 / -0.976988, -0.517526, -1.7027 / -0.976988, -0.517526, -1.7027; 1, 6, 1, 0; 0.799848167175; 1, 0, 1; 1, 0, 0; 3, 1, 2 ;
0,147; -2.940194, -0.591201, -1.822397 / -2.940194, -0.591201, -1.822397 / -2.940194, -0.591201, -1.822397; 1, 6, 1, 0; 0.811182463064; 1, 0, 1; 1, 0, 0; 2, 1, 2 ;
0,147; 3.488878, -0.684907, -1.336899 / 3.488878, -0.684907, -1.336899 / 3.488878, -0.684907, -1.336899; 1, 12, 1, 0; 0.115541464687; 0, 1, 0; 0, 1, 0; 1, 1, 1 ;
1,150; -2.03233, 2.62206, -1.35131 / -2.03233, 2.62206, -1.35131 / -2.03233, 2.62206, -1.35131; 1, 7, 1, 0; 0.357557177937; 1, 0, 1; 1, 0, 0; 1, 1, 0 / 3, 1, 2 ;
1,151; -1.91912, -0.0613147, -1.34034 / -1.91912, -0.0613147, -1.34034 / -1.91912, -0.0613147, -1.34034; 1, 6, 1, 0; 0.984464816247; 0, 1, 0; 1, 0, 0; 3, 1, 1 ;
0,151; -2.293685, -0.070625, -0.836193 / -2.293685, -0.070625, -0.836193 / -2.293685, -0.070625, -0.836193; 1, 10, 1, 0; 0.370528069026; 1, 0, 1; 1, 0, 0; 2, 1, 2 ;
1,153; -0.303783, -1.7934, 2.64625 / -0.303783, -1.7934, 2.64625 / -0.303783, -1.7934, 2.64625; 1, 34, 1, 0; 0.381557765754; 0, 1, 0; 1, 0, 0; 3, 1, 1 ;
1,155; 4.081, -0.498729, -1.62895 / 4.081, -0.498729, -1.62895 / 4.081, -0.498729, -1.62895; 1, 4, 1, 0; 0.942514891782; 1, 0, 1; 1, 0, 0; 2, 1, 2 / 4, 4, 0 ;
0,155; 4.159504, -0.493708, -1.669068 / 4.159504, -0.493708, -1.669068 / 4.159504, -0.493708, -1.669068; 1, 4, 1, 0; 0.943300773301; 1, 0, 1; 1, 0, 0; 2, 1, 2 ;
0,155; 0.204601, -0.628848, 0.424512 / 0.204601, -0.628848, 0.424512 / 0.204601, -0.628848, 0.424512; 1, 23, 1, 0; 0.046860459445; 0, 1, 0; 0, 1, 0; 1, 1, 1 ;
1,157; 3.22486, -0.498127, -0.439951 / 3.22486, -0.498127, -0.439951 / 3.22486, -0.498127, -0.439951; 1, 12, 1, 0; 0.785988273758; 0, 1, 0; 0, 1, 0; 1, 1, 1 / 2, 3, 0 ;
1,158; -1.99351, -1.51539, -3.34003 / -1.99351, -1.51539, -3.34003 / -1.99351, -1.51539, -3.34003; 1, 5, 1, 0; 0.060752479168; 1, 0, 1; 1, 0, 0; 3, 1, 2 ;
1,159; 2.53784, 1.06106, 1.45059 / 2.53784, 1.06106, 1.45059 / 2.53784, 1.06106, 1.45059; 1, 26, 1, 0; 0.815906870687; 1, 0, 1; 1, 0, 0; 2, 1, 2 ;
1,160; -1.15051, 0.240996, -0.459144 / -1.15051, 0.240996, -0.459144 / -1.15051, 0.240996, -0.459144; 1, 16, 1, 0; 0.129506035425; 1, 0, 1; 0, 1, 0; 4, 1, 2 ;
0,160; 1.635762, -1.987581, 0.956095 / 1.635762, -1.987581, 0.956095 / 1.635762, -1.987581, 0.956095; 1, 22, 1, 0; 0.244004924302; 1, 0, 1; 0, 1, 0; 1, 1, 2 ;
1,161; -0.493052, 2.66853, -0.598106 / -0.492702, 2.66897, -0.597724 / -0.493403, 2.66809, -0.598488; 1, 13, 1, 0; 0.553639398628; 2, 1, 1; 1, 1, 0; 2, 1, 2 / 4, 4, 1 ;
0,161; -0.496678, 2.668505, -0.599323 / -0.496678, 2.668505, -0.599323 / -0.496678, 2.668505, -0.599323; 1, 13, 1, 0; 0.553649960669; 0, 1, 0; 0, 1, 0; 4, 1, 1 ;
0,161; -2.556847, 2.374850, -0.153124 / -2.556847, 2.374850, -0.153124 / -2.556847, 2.374850, -0.153124; 1, 14, 1, 0; 0.541750959878; 0, 0, 0; 1, 0, 0; 2, 1, 3 ;
1,163; -1.08007, -1.62986, -3.9579 / -1.08007, -1.62986, -3.9579 / -1.08007, -1.62986, -3.9579; 1, 1, 1, 0; 0.339666438839; 1, 0, 1; 1, 0, 0; 2, 1, 2 / 2, 7, 0 ;
0,163; -0.184893, -0.730815, -0.939640 / -0.184893, -0.730815, -0.939640 / -0.184893, -0.730815, -0.939640; 1, 11, 1, 0; 0.621048421243; 1, 0, 1; 1, 0, 0; 2, 1, 2 ;
0,163; 0.985451, 0.844497, 3.530000 / 0.985531, 0.844930, 3.530014 / 0.985370, 0.844064, 3.529986; 1, 45, 1, 0; 0.046110460995; 1, 0, 2; 2, 0, 0; 2, 4, 2 / 3, 1, 2 ;
1,164; -2.38991, 2.06843, 0.251315 / -2.3897, 2.06875, 0.251399 / -2.39011, 2.06811, 0.251232; 1, 14, 1, 0; 0.704019767512; 2, 1, 1; 2, 0, 0; 3, 1, 1 / 3, 2, 2 ;
0,164; -2.388665, 2.074204, 0.251907 / -2.388665, 2.074204, 0.251907 / -2.388665, 2.074204, 0.251907; 1, 14, 1, 0; 0.704019909078; 1, 0, 1; 1, 0, 0; 2, 1, 2 ;
0,164; -2.751447, 2.811244, 0.723418 / -2.751015, 2.811633, 0.724072 / -2.751879, 2.810855, 0.722764; 1, 24, 1, 0; 0.091423886231; 2, 1, 1; 2, 0, 0; 2, 7, 2 / 3, 1, 1 / 3, 3, 0 ;
1,166; 2.20983, -3.40073, -1.2173 / 2.20983, -3.40073, -1.2173 / 2.20983, -3.40073, -1.2173; 1, 8, 1, 0; 0.898511875359; 1, 0, 1; 0, 1, 0; 4, 1, 2 ;
0,166; 0.130066, -3.035649, -1.188405 / 0.130066, -3.035649, -1.188405 / 0.130066, -3.035649, -1.188405; 1, 8, 1, 0; 0.870510855703; 1, 0, 1; 1, 0, 0; 1, 9, 0 / 2, 7, 0 / 2, 8, 0 / 2, 9, 0 / 3, 1, 2 ;
1,167; -2.18226, -2.04929, 2.97494 / -2.18173, -2.04916, 2.97529 / -2.1828, -2.04942, 2.9746; 1, 35, 1, 0; 0.566994561283; 1, 0, 2; 1, 1, 0; 2, 1, 2 / 4, 3, 2 ;
0,167; -2.182725, -2.049369, 2.987748 / -2.182725, -2.049369, 2.987748 / -2.182725, -2.049369, 2.987748; 1, 35, 1, 0; 0.567017684204; 1, 0, 1; 1, 0, 0; 3, 1, 2 ;
0,167; -2.183971, -2.048467, 2.978292 / -2.183971, -2.048467, 2.978292 / -2.183971, -2.048467, 2.978292; 1, 35, 1, 0; 0.567018263887; 1, 0, 1; 1, 0, 0; 2, 1, 2 ;
0,167; -2.183686, -2.051118, 2.993638 / -2.183686, -2.051118, 2.993638 / -2.183686, -2.051118, 2.993638; 1, 35, 1, 0; 0.567041180699; 1, 0, 1; 1, 0, 0; 2, 1, 2 ;
0,167; -2.185848, -2.045381, 2.999692 / -2.185848, -2.045381, 2.999692 / -2.185848, -2.045381, 2.999692; 1, 35, 1, 0; 0.567042146838; 1, 0, 1; 1, 0, 0; 2, 1, 2 ;
1,170; -4.13733, -1.51878, -1.09123 / -4.13733, -1.51878, -1.09123 / -4.13733, -1.51878, -1.09123; 1, 10, 1, 0; 0.106074099546; 0, 1, 0; 1, 0, 0; 2, 1, 1 ;
1,174; 2.36072, 2.96748, -1.16934 / 2.36072, 2.96748, -1.16934 / 2.36072, 2.96748, -1.16934; 1, 13, 1, 0; 0.083574389144; 1, 0, 1; 1, 0, 0; 3, 1, 2 / 4, 2, 0 ;
0,174; 2.359921, 2.965614, -1.169762 / 2.359921, 2.965614, -1.169762 / 2.359921, 2.965614, -1.169762; 1, 13, 1, 0; 0.083574469159; 1, 0, 1; 1, 0, 0; 2, 5, 0 / 2, 6, 0 / 3, 1, 2 ;
0,174; 1.715294, 1.269045, 2.215686 / 1.715294, 1.269045, 2.215686 / 1.715294, 1.269045, 2.215686; 1, 31, 1, 0; 0.636531139429; 0, 1, 0; 0, 1, 0; 1, 1, 1 ;
0,174; 1.709585, 1.252374, 2.252324 / 1.709585, 1.252374, 2.252324 / 1.709585, 1.252374, 2.252324; 1, 31, 1, 0; 0.636587011505; 1, 0, 1; 1, 0, 0; 2, 1, 2 ;
1,175; -2.91499, -1.77385, -2.68558 / -2.91499, -1.77385, -2.68558 / -2.91499, -1.77385, -2.68558; 1, 5, 1, 0; 0.334089047158; 1, 0, 1; 1, 0, 0; 2, 1, 2 ;
1,176; 0.213613, -0.998507, -2.38698 / 0.213613, -0.998507, -2.38698 / 0.213613, -0.998507, -2.38698; 1, 3, 1, 0; 0.848789604968; 1, 0, 1; 1, 0, 0; 3, 1, 2 ;
0,176; 1.355746, 1.714098, 3.110105 / 1.355746, 1.714098, 3.110105 / 1.355746, 1.714098, 3.110105; 1, 42, 1, 0; 0.779167970527; 1, 0, 1; 1, 0, 0; 2, 1, 2 ;
1,179; -0.0858059, 3.65928, -2.39382 / -0.0858059, 3.65928, -2.39382 / -0.0858059, 3.65928, -2.39382; 1, 4, 1, 0; 0.236817921719; 0, 1, 0; 1, 0, 0; 2, 1, 1 ;
1,181; -1.06302, 2.98315, -2.42146 / -1.06302, 2.98315, -2.42146 / -1.06302, 2.98315, -2.42146; 1, 6, 1, 0; 0.138117885593; 1, 0, 1; 1, 0, 0; 3, 1, 2 ;
1,182; -2.28242, 1.42169, 3.54133 / -2.28242, 1.42169, 3.54133 / -2.28242, 1.42169, 3.54133; 1, 45, 1, 0; 0.223237579668; 1, 0, 1; 1, 0, 0; 2, 1, 2 ;
1,183; 2.60754, -2.26724, -0.564424 / 2.60754, -2.26724, -0.564424 / 2.60754, -2.26724, -0.564424; 1, 12, 1, 0; 0.620017617400; 1, 0, 1; 1, 0, 0; 1, 1, 0 / 1, 4, 0 / 2, 1, 2 ;
1,184; -1.34076, -3.72602, 1.67033 / -1.34076, -3.72602, 1.67033 / -1.34076, -3.72602, 1.67033; 1, 32, 1, 0; 0.013778668588; 0, 1, 0; 0, 1, 0; 4, 1, 1 ;
0,184; -1.334939, -3.717504, 1.676920 / -1.334939, -3.717504, 1.676920 / -1.334939, -3.717504, 1.676920; 1, 32, 1, 0; 0.013761263643; 1, 0, 1; 1, 0, 0; 2, 1, 2 ;
0,184; -1.338546, -3.734219, 1.686199 / -1.338546, -3.734219, 1.686199 / -1.338546, -3.734219, 1.686199; 1, 32, 1, 0; 0.013767663816; 1, 0, 1; 1, 0, 0; 3, 1, 2 ;
0,184; -1.337015, -3.734388, 1.670669 / -1.337015, -3.734388, 1.670669 / -1.337015, -3.734388, 1.670669; 1, 32, 1, 0; 0.013775297757; 1, 0, 1; 1, 0, 0; 3, 1, 2 ;
0,184; -1.339361, -3.729444, 1.669768 / -1.339361, -3.729444, 1.669768 / -1.339361, -3.729444, 1.669768; 1, 32, 1, 0; 0.013777280599; 1, 0, 1; 1, 0, 0; 3, 1, 2 ;
0,184; -1.338951, -3.715278, 1.677368 / -1.338951, -3.715278, 1.677368 / -1.338951, -3.715278, 1.677368; 1, 32, 1, 0; 0.013781499645; 1, 0, 1; 1, 0, 0; 2, 1, 2 ;
0,184; -1.354162, -3.741066, 1.679036 / -1.354162, -3.741066, 1.679036 / -1.354162, -3.741066, 1.679036; 1, 32, 1, 0; 0.013790774939; 1, 0, 1; 1, 0, 0; 3, 1, 2 ;
0,184; -1.349853, -3.738181, 1.676705 / -1.349853, -3.738181, 1.676705 / -1.349853, -3.738181, 1.676705; 1, 32, 1, 0; 0.013791876517; 1, 0, 1; 1, 0, 0; 2, 1, 2 ;
0,184; -1.348086, -3.738197, 1.671368 / -1.348086, -3.738197, 1.671368 / -1.348086, -3.738197, 1.671368; 1, 32, 1, 0; 0.013793639043; 1, 0, 1; 1, 0, 0; 2, 1, 2 / 2, 9, 0 ;
1,185; 0.42255, -3.39227, -1.5355 / 0.423433, -3.39147, -1.53542 / 0.421668, -3.39306, -1.53557; 1, 8, 1, 0; 0.512349968960; 2, 1, 1; 1, 1, 0; 3, 1, 1 / 4, 7, 2 ;
0,185; 0.425527, -3.390845, -1.538536 / 0.425527, -3.390845, -1.538536 / 0.425527, -3.390845, -1.538536; 1, 8, 1, 0; 0.512341147967; 1, 0, 1; 0, 1, 0; 4, 1, 2 ;
0,185; 0.432659, -3.394438, -1.514322 / 0.432659, -3.394438, -1.514322 / 0.432659, -3.394438, -1.514322; 1, 8, 1, 0; 0.512338800815; 1, 0, 1; 1, 0, 0; 3, 1, 2 ;
0,185; 0.415339, -3.388452, -1.543078 / 0.415339, -3.388452, -1.543078 / 0.415339, -3.388452, -1.543078; 1, 8, 1, 0; 0.512351022366; 0, 1, 0; 1, 0, 0; 3, 1, 1 ;
1,186; 1.52954, -2.63966, 2.07935 / 1.52958, -2.63963, 2.07954 / 1.5295, -2.6397, 2.07916; 1, 32, 1, 0; 0.363415213684; 2, 1, 1; 1, 1, 0; 1, 1, 2 / 2, 1, 1 ;
1,188; -2.64661, -3.21611, -1.57218 / -2.64661, -3.21611, -1.57218 / -2.64661, -3.21611, -1.57218; 1, 9, 1, 0; 0.034095615492; 1, 0, 1; 0, 1, 0; 1, 1, 2 / 2, 9, 0 ;
0,188; -2.646914, -3.212106, -1.573681 / -2.646914, -3.212106, -1.573681 / -2.646914, -3.212106, -1.573681; 1, 9, 1, 0; 0.034105077447; 1, 0, 1; 0, 1, 0; 1, 1, 2 ;
0,188; -2.433906, -3.043301, -1.406814 / -2.433906, -3.043301, -1.406814 / -2.433906, -3.043301, -1.406814; 1, 9, 1, 0; 0.223259005619; 0, 1, 0; 1, 0, 0; 3, 1, 1 ;
0,188; -0.943436, -1.736354, -0.127750 / -0.943375, -1.736278, -0.127414 / -0.943496, -1.736430, -0.128086; 1, 16, 1, 0; 0.277726797233; 1, 0, 2; 1, 1, 0; 3, 3, 2 / 4, 1, 2 ;
0,188; -0.532289, -1.367817, 0.250944 / -0.532289, -1.367817, 0.250944 / -0.532289, -1.367817, 0.250944; 1, 16, 1, 0; 0.876781046408; 1, 0, 1; 0, 1, 0; 1, 1, 2 ;
0,188; -0.984461, -1.773989, -0.164659 / -0.984461, -1.773989, -0.164659 / -0.984461, -1.773989, -0.164659; 1, 16, 1, 0; 0.277626200120; 1, 0, 1; 1, 0, 0; 3, 1, 2 ;
0,188; -0.533431, -1.365098, 0.251622 / -0.533431, -1.365098, 0.251622 / -0.533431, -1.365098, 0.251622; 1, 16, 1, 0; 0.876781113379; 1, 0, 1; 1, 0, 0; 3, 1, 2 ;
1,189; 0.41635, 0.568244, -0.405953 / 0.416351, 0.568248, -0.40594 / 0.41635, 0.56824, -0.405966; 1, 13, 1, 0; 0.374938517350; 2, 1, 1; 2, 0, 0; 2, 1, 1 / 2, 2, 2 ;
0,189; 0.071144, 0.534855, -0.189407 / 0.071144, 0.534855, -0.189407 / 0.071144, 0.534855, -0.189407; 1, 13, 1, 0; 0.990615503550; 1, 0, 1; 1, 0, 0; 3, 1, 2 ;
1,190; -3.39378, 2.64983, 1.6663 / -3.39378, 2.64983, 1.6663 / -3.39378, 2.64983, 1.6663; 1, 24, 1, 0; 0.994028449643; 1, 0, 1; 1, 0, 0; 2, 1, 2 ;
1,192; -0.50999, -1.20849, 1.87225 / -0.509334, -1.20843, 1.87279 / -0.510647, -1.20855, 1.8717; 1, 30, 1, 0; 0.467746950020; 2, 1, 1; 1, 1, 0; 1, 1, 1 / 3, 10, 2 ;
1,193; 1.71391, -1.52018, -2.37572 / 1.71391, -1.52018, -2.37572 / 1.71391, -1.52018, -2.37572; 1, 3, 1, 0; 0.861938917701; 1, 0, 1; 0, 1, 0; 4, 1, 2 ;
1,196; -0.675067, -4.35047, 0.757477 / -0.675067, -4.35047, 0.757477 / -0.675067, -4.35047, 0.757477; 1, 18, 1, 0; 0.822288526401; 0, 1, 0; 1, 0, 0; 3, 1, 1 ;
1,198; -1.60953, 0.866286, -3.8914 / -1.60953, 0.866286, -3.8914 / -1.60953, 0.866286, -3.8914; 1, 1, 1, 0; 0.534399663480; 1, 0, 1; 1, 0, 0; 2, 1, 2 ;
0,198; -1.610700, 0.873326, -3.896451 / -1.610700, 0.873326, -3.896451 / -1.610700, 0.873326, -3.896451; 1, 1, 1, 0; 0.534400735376; 0, 1, 0; 1, 0, 0; 3, 1, 1 ;
