1,0; 0.262753, -0.827914, -2.24918 / 0.262753, -0.827914, -2.24918 / 0.262753, -0.827914, -2.24918; 1, 3, 1, 0; 0.806407226071; 1, 0, 1; 1, 0, 0; 2, 1, 2 ;
0,0; 0.266045, -0.825631, -2.250144 / 0.266045, -0.825631, -2.250144 / 0.266045, -0.825631, -2.250144; 1, 3, 1, 0; 0.806407290546; 1, 0, 1; 1, 0, 0; 2, 1, 2 ;
1,2; -3.97094, 1.90614, 0.115313 / -3.9706, 1.90647, 0.11603 / -3.97129, 1.90581, 0.114595; 1, 14, 1, 0; 0.716271679574; 2, 1, 2; 2, 1, 0; 1, 2, 1 / 2, 1, 2 / 2, 5, 2 / 3, 8, 0 ;
0,2; -3.971311, 1.909235, 0.112962 / -3.971311, 1.909235, 0.112962 / -3.971311, 1.909235, 0.112962; 1, 14, 1, 0; 0.716272381248; 1, 0, 1; 0, 1, 0; 1, 1, 2 ;
1,3; 1.72501, -0.446868, 1.91734 / 1.72508, -0.4468, 1.9175 / 1.72494, -0.446935, 1.91719; 1, 28, 1, 0; 0.839867029114; 1, 0, 2; 2, 0, 0; 3, 1, 2 / 3, 2, 2 ;
0,3; -0.403490, -0.630867, 2.611044 / -0.403490, -0.630867, 2.611044 / -0.403490, -0.630867, 2.611044; 1, 34, 1, 0; 0.698124449633; 1, 0, 1; 1, 0, 0; 3, 1, 2 ;
1,4; -2.03462, 0.423537, 1.70681 / -2.03462, 0.423537, 1.70681 / -2.03462, 0.423537, 1.70681; 1, 24, 1, 0; 0.848975042824; 1, 0, 1; 1, 0, 0; 1, 1, 0 / 3, 1, 2 ;
0,4; -1.416059, 0.146669, 2.344208 / -1.415894, 0.146956, 2.344605 / -1.416225, 0.146382, 2.343810; 1, 31, 1, 0; 0.915090571808; 2, 1, 1; 0, 2, 1; 1, 1, 2 / 1, 2, 0 / 2, 2, 0 / 2, 9, 0 / 4, 6, 1 / 4, 8, 0 ;
0,4; -1.412316, 0.148469, 2.332036 / -1.412316, 0.148469, 2.332036 / -1.412316, 0.148469, 2.332036; 1, 31, 1, 0; 0.915072208489; 0, 1, 0; 0, 1, 0; 4, 1, 1 ;
0,4; -1.423029, 0.142132, 2.340229 / -1.422375, 0.142306, 2.340372 / -1.423683, 0.141959, 2.340087; 1, 31, 1, 0; 0.915089139755; 1, 0, 2; 2, 0, 0; 1, 3, 0 / 3, 1, 2 / 3, 10, 2 ;
0,4; -1.416759, 0.147722, 2.346689 / -1.416405, 0.148156, 2.347063 / -1.417114, 0.147287, 2.346314; 1, 31, 1, 0; 0.915090450634; 1, 0, 2; 2, 0, 0; 2, 1, 2 / 2, 4, 2 ;
0,4; -1.412722, 0.147756, 2.334071 / -1.412722, 0.147756, 2.334071 / -1.412722, 0.147756, 2.334071; 1, 31, 1, 0; 0.915072054268; 1, 0, 1; 1, 0, 0; 3, 1, 2 ;
0,4; -1.410118, 0.143444, 2.330111 / -1.410118, 0.143444, 2.330111 / -1.410118, 0.143444, 2.330111; 1, 31, 1, 0; 0.915072638105; 1, 0, 1; 1, 0, 0; 2, 1, 2 ;
0,4; 0.725637, -0.845483, 4.480414 / 0.725637, -0.845483, 4.480414 / 0.725637, -0.845483, 4.480414; 1, 46, 1, 0; 0.886467762058; 0, 1, 0; 0, 1, 0; 4, 1, 1 ;
1,5; -2.84788, 1.48765, 0.464145 / -2.84788, 1.48765, 0.464145 / -2.84788, 1.48765, 0.464145; 1, 17, 1, 0; 0.918671414901; 1, 0, 1; 1, 0, 0; 2, 1, 2 ;
0,5; -2.515996, 2.887151, 2.336558 / -2.515996, 2.887151, 2.336558 / -2.515996, 2.887151, 2.336558; 1, 37, 1, 0; 0.290463531047; 1, 0, 1; 1, 0, 0; 2, 1, 2 ;
1,10; -0.56942, 0.454056, 1.75777 / -0.56942, 0.454056, 1.75777 / -0.56942, 0.454056, 1.75777; 1, 27, 1, 0; 0.521004860252; 1, 0, 1; 1, 0, 0; 2, 1, 2 / 3, 5, 0 / 3, 6, 0 ;
0,10; -0.575165, 0.457765, 1.763131 / -0.575165, 0.457765, 1.763131 / -0.575165, 0.457765, 1.763131; 1, 27, 1, 0; 0.521019621493; 1, 0, 1; 1, 0, 0; 1, 2, 0 / 2, 1, 2 ;
1,12; 4.03835, -0.219008, 1.74206 / 4.03835, -0.219008, 1.74206 / 4.03835, -0.219008, 1.74206; 1, 27, 1, 0; 0.703600324876; 1, 0, 1; 1, 0, 0; 3, 1, 2 ;
0,12; 0.700767, -0.979242, 1.679232 / 0.700767, -0.979242, 1.679232 / 0.700767, -0.979242, 1.679232; 1, 27, 1, 0; 0.877243616661; 1, 0, 1; 1, 0, 0; 2, 1, 2 ;
0,12; 0.702919, -0.978152, 1.670290 / 0.702919, -0.978152, 1.670290 / 0.702919, -0.978152, 1.670290; 1, 27, 1, 0; 0.877244215214; 1, 0, 1; 1, 0, 0; 2, 1, 2 ;
0,12; -1.626503, -1.500842, 1.631859 / -1.626503, -1.500842, 1.631859 / -1.626503, -1.500842, 1.631859; 1, 30, 1, 0; 0.265500718903; 1, 0, 1; 1, 0, 0; 2, 1, 2 / 3, 3, 0 ;
1,13; 0.514985, 0.996257, -3.93358 / 0.514985, 0.996257, -3.93358 / 0.514985, 0.996257, -3.93358; 1, 1, 1, 0; 0.564183504520; 1, 0, 1; 1, 0, 0; 3, 1, 2 ;
1,14; 1.68572, 2.79252, -2.7719 / 1.68572, 2.79252, -2.7719 / 1.68572, 2.79252, -2.7719; 1, 4, 1, 0; 0.167837336847; 1, 0, 1; 1, 0, 0; 2, 1, 2 ;
0,14; -0.548812, -3.565501, -0.700391 / -0.548812, -3.565501, -0.700391 / -0.548812, -3.565501, -0.700391; 1, 9, 1, 0; 0.684356619476; 1, 0, 1; 1, 0, 0; 2, 1, 2 ;
1,21; 0.0295636, -0.911651, 1.59008 / 0.0295636, -0.911651, 1.59008 / 0.0295636, -0.911651, 1.59008; 1, 27, 1, 0; 0.777904493016; 1, 0, 1; 1, 0, 0; 3, 1, 2 ;
1,22; 3.92591, -0.72121, 0.090486 / 3.92591, -0.72121, 0.090486 / 3.92591, -0.72121, 0.090486; 1, 19, 1, 0; 0.213086097830; 0, 1, 0; 0, 1, 0; 1, 1, 1 ;
0,22; 3.922222, -0.718307, 0.090076 / 3.922222, -0.718307, 0.090076 / 3.922222, -0.718307, 0.090076; 1, 19, 1, 0; 0.213087298213; 1, 0, 1; 0, 1, 0; 4, 1, 2 ;
0,22; 2.393645, -0.868213, 0.422102 / 2.393645, -0.868213, 0.422102 / 2.393645, -0.868213, 0.422102; 1, 19, 1, 0; 0.513063991982; 0, 1, 0; 0, 1, 0; 1, 1, 1 ;
0,22; 3.929197, -0.728229, 0.101667 / 3.929197, -0.728229, 0.101667 / 3.929197, -0.728229, 0.101667; 1, 19, 1, 0; 0.213098441527; 1, 0, 1; 1, 0, 0; 2, 1, 2 ;
0,22; 3.925605, -0.727894, 0.100646 / 3.925605, -0.727894, 0.100646 / 3.925605, -0.727894, 0.100646; 1, 19, 1, 0; 0.213099338198; 1, 0, 1; 1, 0, 0; 2, 1, 2 ;
1,23; 0.651397, -1.68314, -0.528639 / 0.651397, -1.68314, -0.528639 / 0.651397, -1.68314, -0.528639; 1, 15, 1, 0; 0.088309538543; 1, 0, 1; 0, 1, 0; 4, 1, 2 ;
0,23; 0.646184, -1.679474, -0.523146 / 0.646951, -1.679193, -0.522328 / 0.645416, -1.679756, -0.523963; 1, 15, 1, 0; 0.088321191494; 2, 1, 1; 2, 0, 0; 2, 1, 2 / 2, 10, 1 ;
0,23; 0.645363, -1.678885, -0.522282 / 0.645416, -1.678578, -0.522235 / 0.645310, -1.679193, -0.522328; 1, 15, 1, 0; 0.088321251768; 1, 0, 1; 2, 0, 0; 2, 1, 1 / 2, 2, 0 / 3, 2, 2 ;
0,23; -1.045145, -1.218395, 0.710741 / -1.045145, -1.218395, 0.710741 / -1.045145, -1.218395, 0.710741; 1, 23, 1, 0; 0.292262750906; 1, 0, 1; 1, 0, 0; 2, 1, 2 ;
1,24; -1.80527, -1.01016, -1.12449 / -1.80527, -1.01016, -1.12449 / -1.80527, -1.01016, -1.12449; 1, 10, 1, 0; 0.127075158204; 1, 0, 1; 1, 0, 0; 3, 1, 2 ;
0,24; -0.931564, 2.299022, 1.118938 / -0.931248, 2.299098, 1.119286 / -0.931879, 2.298946, 1.118590; 1, 25, 1, 0; 0.897320920663; 2, 2, 1; 2, 1, 0; 3, 1, 2 / 3, 2, 1 / 4, 1, 1 ;
0,24; -0.939373, 2.306495, 1.103920 / -0.939373, 2.306495, 1.103920 / -0.939373, 2.306495, 1.103920; 1, 25, 1, 0; 0.897303236038; 1, 0, 1; 0, 1, 0; 1, 1, 2 ;
0,24; -0.932487, 2.297428, 1.120766 / -0.932487, 2.297428, 1.120766 / -0.932487, 2.297428, 1.120766; 1, 25, 1, 0; 0.897321014959; 1, 0, 1; 0, 1, 0; 1, 1, 2 ;
0,24; -0.806568, 2.991605, 1.521026 / -0.806568, 2.991605, 1.521026 / -0.806568, 2.991605, 1.521026; 1, 29, 1, 0; 0.173029114600; 1, 0, 1; 1, 0, 0; 2, 1, 2 ;
0,24; -0.810015, 3.000988, 1.517095 / -0.810015, 3.000988, 1.517095 / -0.810015, 3.000988, 1.517095; 1, 29, 1, 0; 0.173046882610; 1, 0, 1; 1, 0, 0; 2, 1, 2 ;
1,27; 2.66009, -2.13807, -2.98941 / 2.66009, -2.13807, -2.98941 / 2.66009, -2.13807, -2.98941; 1, 3, 1, 0; 0.396983623271; 1, 0, 1; 0, 1, 0; 1, 1, 2 / 4, 6, 0 ;
1,29; 0.219388, -2.21322, -1.44006 / 0.219388, -2.21322, -1.44006 / 0.219388, -2.21322, -1.44006; 1, 8, 1, 0; 0.593362634373; 1, 0, 1; 0, 1, 0; 4, 1, 2 ;
0,29; 0.938796, -0.286883, -0.189280 / 0.939143, -0.286630, -0.188471 / 0.938450, -0.287136, -0.190089; 1, 16, 1, 0; 0.455019602407; 0, 3, 0; 1, 2, 1; 1, 3, 3 / 2, 3, 1 / 4, 1, 1 ;
1,30; 1.33715, 1.01062, -3.53079 / 1.33715, 1.01062, -3.53079 / 1.33715, 1.01062, -3.53079; 1, 1, 1, 0; 0.653800893272; 1, 0, 1; 1, 0, 0; 2, 1, 2 ;
0,30; 1.860236, 0.130336, 2.659163 / 1.860236, 0.130336, 2.659163 / 1.860236, 0.130336, 2.659163; 1, 34, 1, 0; 0.953095624755; 1, 0, 1; 1, 0, 0; 3, 1, 2 ;
1,31; 1.78885, 2.1212, -2.6198 / 1.78885, 2.1212, -2.6198 / 1.78885, 2.1212, -2.6198; 1, 4, 1, 0; 0.111993218003; 1, 0, 1; 1, 0, 0; 3, 1, 2 ;
0,31; 1.907457, 1.749157, 0.095814 / 1.907457, 1.749157, 0.095814 / 1.907457, 1.749157, 0.095814; 1, 20, 1, 0; 0.320242527978; 1, 0, 1; 1, 0, 0; 2, 1, 2 ;
1,37; 4.2671, -0.993317, -0.150424 / 4.2671, -0.993317, -0.150424 / 4.2671, -0.993317, -0.150424; 1, 19, 1, 0; 0.016916411405; 1, 0, 1; 1, 0, 0; 2, 1, 2 ;
1,39; 0.948435, -4.0191, -0.864233 / 0.948435, -4.0191, -0.864233 / 0.948435, -4.0191, -0.864233; 1, 9, 1, 0; 0.727405202021; 1, 0, 1; 1, 0, 0; 3, 1, 2 ;
1,40; -0.181653, -2.20777, -0.314474 / -0.181653, -2.20777, -0.314474 / -0.181653, -2.20777, -0.314474; 1, 15, 1, 0; 0.116172722183; 1, 0, 1; 0, 1, 0; 1, 1, 2 ;
0,40; -0.569086, 0.839687, 1.950610 / -0.569086, 0.839687, 1.950610 / -0.569086, 0.839687, 1.950610; 1, 30, 1, 0; 0.873537343994; 1, 0, 1; 0, 1, 0; 1, 1, 2 ;
0,40; -0.742852, 1.731116, 2.580768 / -0.742852, 1.731116, 2.580768 / -0.742852, 1.731116, 2.580768; 1, 38, 1, 0; 0.733903681184; 1, 0, 1; 0, 1, 0; 1, 1, 2 / 2, 4, 0 ;
0,40; -0.741639, 1.730191, 2.579903 / -0.741639, 1.730191, 2.579903 / -0.741639, 1.730191, 2.579903; 1, 38, 1, 0; 0.733905456872; 1, 0, 1; 0, 1, 0; 1, 1, 2 ;
1,41; 1.96231, 2.73388, -1.03715 / 1.96231, 2.73388, -1.03715 / 1.96231, 2.73388, -1.03715; 1, 11, 1, 0; 0.940769947314; 1, 0, 1; 1, 0, 0; 3, 1, 2 ;
1,42; -1.21994, 2.83772, -2.90022 / -1.21945, 2.83775, -2.89956 / -1.22042, 2.83768, -2.90088; 1, 2, 1, 0; 0.792129144003; 1, 0, 2; 1, 1, 0; 2, 6, 2 / 4, 1, 2 ;
0,42; -0.554301, 2.224491, -2.054568 / -0.554301, 2.224491, -2.054568 / -0.554301, 2.224491, -2.054568; 1, 4, 1, 0; 0.781761110910; 1, 0, 1; 1, 0, 0; 3, 1, 2 ;
0,42; -0.129220, 1.792182, -1.465479 / -0.128181, 1.792980, -1.464905 / -0.130259, 1.791384, -1.466052; 1, 7, 1, 0; 0.467571920502; 2, 2, 1; 1, 2, 1; 1, 10, 2 / 2, 1, 1 / 4, 2, 1 ;
0,42; -0.127927, 1.791169, -1.465990 / -0.127673, 1.791384, -1.465951 / -0.128181, 1.790953, -1.466030; 1, 7, 1, 0; 0.467571966524; 0, 1, 0; 1, 1, 0; 1, 1, 2 / 3, 6, 1 ;
1,43; -0.958095, -0.626159, -0.367688 / -0.958095, -0.626159, -0.367688 / -0.958095, -0.626159, -0.367688; 1, 16, 1, 0; 0.207378528031; 1, 0, 1; 1, 0, 0; 2, 1, 2 ;
1,44; 0.0495916, 2.04798, -2.76712 / 0.0495916, 2.04798, -2.76712 / 0.0495916, 2.04798, -2.76712; 1, 4, 1, 0; 0.102681991642; 1, 0, 1; 1, 0, 0; 2, 1, 2 ;
1,45; 0.244241, -2.0768, -0.806023 / 0.244241, -2.0768, -0.806023 / 0.244241, -2.0768, -0.806023; 1, 9, 1, 0; 0.510818064441; 1, 0, 1; 1, 0, 0; 3, 1, 2 ;
0,45; 0.755624, -0.482591, 0.506238 / 0.755624, -0.482591, 0.506238 / 0.755624, -0.482591, 0.506238; 1, 19, 1, 0; 0.576178465130; 1, 0, 1; 1, 0, 0; 2, 1, 2 / 4, 10, 0 ;
0,45; 1.107987, 0.496382, 1.367597 / 1.107987, 0.496382, 1.367597 / 1.107987, 0.496382, 1.367597; 1, 26, 1, 0; 0.891015335819; 0, 1, 0; 1, 0, 0; 2, 1, 1 ;
1,47; 1.30585, -1.95938, 0.403924 / 1.30585, -1.95938, 0.403924 / 1.30585, -1.95938, 0.403924; 1, 18, 1, 0; 0.415379628622; 0, 1, 0; 1, 0, 0; 2, 1, 1 ;
1,48; 1.78344, -1.57276, 1.69281 / 1.78344, -1.57276, 1.69281 / 1.78344, -1.57276, 1.69281; 1, 27, 1, 0; 0.984132484677; 1, 0, 1; 1, 0, 0; 3, 1, 2 ;
0,48; 1.653630, -1.155150, 2.608935 / 1.653630, -1.155150, 2.608935 / 1.653630, -1.155150, 2.608935; 1, 34, 1, 0; 0.590731623049; 0, 1, 0; 1, 0, 0; 2, 1, 1 ;
0,48; 1.631264, -1.068982, 2.815519 / 1.631264, -1.068982, 2.815519 / 1.631264, -1.068982, 2.815519; 1, 36, 1, 0; 0.809060153088; 1, 0, 1; 1, 0, 0; 2, 1, 2 ;
1,49; -2.30462, -1.75205, 3.17545 / -2.30462, -1.75205, 3.17545 / -2.30462, -1.75205, 3.17545; 1, 40, 1, 0; 0.477992189219; 0, 1, 0; 0, 1, 0; 4, 1, 1 / 4, 2, 0 ;
1,51; 0.682132, 2.86585, -1.93714 / 0.682132, 2.86585, -1.93714 / 0.682132, 2.86585, -1.93714; 1, 4, 1, 0; 0.836510177025; 1, 0, 1; 1, 0, 0; 3, 1, 2 ;
0,51; 0.746979, 2.923771, -1.969493 / 0.746979, 2.923771, -1.969493 / 0.746979, 2.923771, -1.969493; 1, 4, 1, 0; 0.837322203283; 1, 0, 1; 1, 0, 0; 2, 1, 2 ;
0,51; -0.718088, 1.593356, -1.090807 / -0.718088, 1.593356, -1.090807 / -0.718088, 1.593356, -1.090807; 1, 7, 1, 0; 0.568922340483; 1, 0, 1; 0, 1, 0; 1, 1, 2 ;
1,55; 1.44052, -2.86854, -1.37084 / 1.44052, -2.86854, -1.37084 / 1.44052, -2.86854, -1.37084; 1, 8, 1, 0; 0.539038895213; 1, 0, 1; 0, 1, 0; 4, 1, 2 ;
0,55; 1.389891, -3.852341, -1.524184 / 1.389891, -3.852341, -1.524184 / 1.389891, -3.852341, -1.524184; 1, 8, 1, 0; 0.451273577621; 1, 0, 1; 1, 0, 0; 3, 1, 2 ;
0,55; 1.553924, 0.083348, -0.758206 / 1.553924, 0.083348, -0.758206 / 1.553924, 0.083348, -0.758206; 1, 12, 1, 0; 0.442036036995; 1, 0, 1; 1, 0, 0; 3, 1, 2 ;
0,55; 1.649748, 3.650979, 0.503643 / 1.649748, 3.650979, 0.503643 / 1.649748, 3.650979, 0.503643; 1, 20, 1, 0; 0.575453332581; 1, 0, 1; 0, 1, 0; 1, 1, 2 ;
0,55; 1.652304, 4.084053, 0.681327 / 1.652304, 4.084053, 0.681327 / 1.652304, 4.084053, 0.681327; 1, 26, 1, 0; 0.033873927393; 1, 0, 1; 0, 1, 0; 4, 1, 2 ;
1,63; 2.54715, -0.0882064, -3.27252 / 2.54715, -0.0882064, -3.27252 / 2.54715, -0.0882064, -3.27252; 1, 3, 1, 0; 0.180188545961; 1, 0, 1; 1, 0, 0; 2, 1, 2 ;
0,63; -2.147887, 0.649645, 0.060100 / -2.147887, 0.649645, 0.060100 / -2.147887, 0.649645, 0.060100; 1, 14, 1, 0; 0.796727139890; 1, 0, 1; 1, 0, 0; 2, 1, 2 ;
1,64; -0.471355, -3.7031, -2.44426 / -0.471355, -3.7031, -2.44426 / -0.471355, -3.7031, -2.44426; 1, 5, 1, 0; 0.599126216304; 1, 0, 1; 1, 0, 0; 3, 1, 2 ;
0,64; -0.766217, -2.207418, -1.450776 / -0.766217, -2.207418, -1.450776 / -0.766217, -2.207418, -1.450776; 1, 8, 1, 0; 0.586890612520; 1, 0, 1; 1, 0, 0; 2, 1, 2 ;
1,65; 0.0455706, -1.76736, 0.514503 / 0.0455706, -1.76736, 0.514503 / 0.0455706, -1.76736, 0.514503; 1, 22, 1, 0; 0.007285514927; 1, 0, 1; 1, 0, 0; 2, 1, 2 ;
1,66; -3.08473, -0.509862, -0.443453 / -3.08473, -0.509862, -0.443453 / -3.08473, -0.509862, -0.443453; 1, 10, 1, 0; 0.626438027977; 1, 0, 1; 1, 0, 0; 3, 1, 2 ;
0,66; -3.280612, -0.485806, 1.166776 / -3.280612, -0.485806, 1.166776 / -3.280612, -0.485806, 1.166776; 1, 21, 1, 0; 0.564350745921; 0, 1, 0; 1, 0, 0; 3, 1, 1 ;
1,69; 0.429094, -2.91127, -0.332308 / 0.429262, -2.91076, -0.331633 / 0.428925, -2.91179, -0.332983; 1, 9, 1, 0; 0.946936467565; 2, 2, 1; 1, 2, 0; 1, 1, 1 / 1, 2, 2 / 3, 4, 1 ;
0,69; 1.973579, 2.171562, 1.563447 / 1.973579, 2.171562, 1.563447 / 1.973579, 2.171562, 1.563447; 1, 28, 1, 0; 0.313237684539; 0, 1, 0; 1, 0, 0; 3, 1, 1 ;
1,70; -2.8561, -0.318329, -1.0926 / -2.8561, -0.318329, -1.0926 / -2.8561, -0.318329, -1.0926; 1, 10, 1, 0; 0.167287154666; 1, 0, 1; 1, 0, 0; 3, 1, 2 ;
1,75; -0.155269, -4.39352, -0.516311 / -0.155269, -4.39352, -0.516311 / -0.155269, -4.39352, -0.516311; 1, 9, 1, 0; 0.781105653816; 1, 0, 1; 0, 1, 0; 1, 1, 2 ;
0,75; -2.593162, -1.641951, 3.158140 / -2.593162, -1.641951, 3.158140 / -2.593162, -1.641951, 3.158140; 1, 40, 1, 0; 0.469528618576; 1, 0, 1; 1, 0, 0; 2, 1, 2 ;
1,78; -2.29277, -0.679639, 1.32502 / -2.29198, -0.679066, 1.32557 / -2.29356, -0.680211, 1.32448; 1, 23, 1, 0; 0.844986106985; 2, 2, 1; 1, 2, 1; 1, 4, 1 / 3, 6, 2 / 4, 1, 1 ;
0,78; -2.284118, -0.678849, 1.321209 / -2.284118, -0.678849, 1.321209 / -2.284118, -0.678849, 1.321209; 1, 23, 1, 0; 0.844973906258; 1, 0, 1; 0, 1, 0; 1, 1, 2 ;
0,78; -2.294045, -0.680017, 1.324453 / -2.293557, -0.680016, 1.325566 / -2.294532, -0.680018, 1.323340; 1, 23, 1, 0; 0.844986143935; 1, 0, 1; 1, 1, 0; 1, 10, 2 / 3, 1, 2 ;
0,78; -2.286320, -0.685402, 1.324421 / -2.286320, -0.685402, 1.324421 / -2.286320, -0.685402, 1.324421; 1, 23, 1, 0; 0.844985693151; 1, 0, 1; 1, 0, 0; 3, 1, 2 / 4, 2, 0 ;
0,78; -2.287391, -0.682025, 1.323567 / -2.287391, -0.682025, 1.323567 / -2.287391, -0.682025, 1.323567; 1, 23, 1, 0; 0.844985907458; 0, 1, 0; 1, 0, 0; 2, 1, 1 / 2, 7, 0 / 2, 8, 0 ;
0,78; -2.290627, -0.677680, 1.324397 / -2.290627, -0.677680, 1.324397 / -2.290627, -0.677680, 1.324397; 1, 23, 1, 0; 0.844986949434; 1, 0, 1; 1, 0, 0; 3, 1, 2 / 4, 7, 0 ;
0,78; -2.009533, -0.677367, 1.323932 / -2.009533, -0.677367, 1.323932 / -2.009533, -0.677367, 1.323932; 1, 23, 1, 0; 0.848148349318; 1, 0, 1; 1, 0, 0; 3, 1, 2 ;
0,78; -2.013334, -0.668906, 1.323895 / -2.013334, -0.668906, 1.323895 / -2.013334, -0.668906, 1.323895; 1, 23, 1, 0; 0.848150625407; 1, 0, 1; 1, 0, 0; 3, 1, 2 ;
0,78; 1.516690, -0.625156, 1.400272 / 1.516690, -0.625156, 1.400272 / 1.516690, -0.625156, 1.400272; 1, 23, 1, 0; 0.883911098006; 1, 0, 1; 1, 0, 0; 2, 1, 2 ;
0,78; 3.541852, -0.639209, 1.456246 / 3.541852, -0.639209, 1.456246 / 3.541852, -0.639209, 1.456246; 1, 27, 1, 0; 0.316073141354; 1, 0, 1; 0, 1, 0; 1, 1, 2 ;
1,79; 0.897197, 2.9109, -2.91223 / 0.897197, 2.9109, -2.91223 / 0.897197, 2.9109, -2.91223; 1, 2, 1, 0; 0.803283136200; 1, 0, 1; 0, 1, 0; 1, 1, 2 ;
0,79; -0.031273, 3.067112, -2.921406 / -0.031273, 3.067112, -2.921406 / -0.031273, 3.067112, -2.921406; 1, 2, 1, 0; 0.798608826247; 1, 0, 1; 1, 0, 0; 1, 7, 0 / 2, 1, 2 ;
0,79; -0.029262, 3.069388, -2.922351 / -0.029262, 3.069388, -2.922351 / -0.029262, 3.069388, -2.922351; 1, 2, 1, 0; 0.798608877666; 1, 0, 1; 1, 0, 0; 2, 1, 2 ;
0,79; 0.350574, 3.008844, -2.914712 / 0.350574, 3.008844, -2.914712 / 0.350574, 3.008844, -2.914712; 1, 2, 1, 0; 0.801049448785; 1, 0, 1; 1, 0, 0; 2, 1, 2 ;
1,81; -0.0834816, -3.19223, -0.487853 / -0.0834816, -3.19223, -0.487853 / -0.0834816, -3.19223, -0.487853; 1, 9, 1, 0; 0.891014170224; 1, 0, 1; 1, 0, 0; 2, 1, 2 ;
1,83; 0.252479, -2.82417, -1.94386 / 0.252479, -2.82417, -1.94386 / 0.252479, -2.82417, -1.94386; 1, 5, 1, 0; 0.714206411286; 0, 0, 0; 1, 0, 0; 3, 1, 3 ;
0,83; 0.255890, -2.823630, -1.945468 / 0.255890, -2.823630, -1.945468 / 0.255890, -2.823630, -1.945468; 1, 5, 1, 0; 0.714207043514; 1, 0, 1; 1, 0, 0; 3, 1, 2 ;
1,84; 1.57275, 1.65292, -3.53666 / 1.57275, 1.65292, -3.53666 / 1.57275, 1.65292, -3.53666; 1, 4, 1, 0; 0.010476234803; 1, 0, 1; 1, 0, 0; 3, 1, 2 ;
1,85; -1.70925, -2.4439, 1.55505 / -1.70865, -2.44358, 1.55557 / -1.70985, -2.44423, 1.55453; 1, 32, 1, 0; 0.169074475538; 2, 1, 2; 1, 2, 0; 3, 1, 2 / 4, 1, 1 / 4, 4, 2 ;
1,88; 1.90124, -2.10295, 0.395936 / 1.90124, -2.10295, 0.395936 / 1.90124, -2.10295, 0.395936; 1, 19, 1, 0; 0.362958589680; 1, 0, 1; 1, 0, 0; 3, 1, 2 ;
1,91; 0.694664, -1.53606, -1.20331 / 0.694664, -1.53606, -1.20331 / 0.694664, -1.53606, -1.20331; 1, 11, 1, 0; 0.553895264873; 1, 0, 1; 1, 0, 0; 2, 1, 2 ;
1,93; -0.613424, 2.04635, 3.85252 / -0.613424, 2.04635, 3.85252 / -0.613424, 2.04635, 3.85252; 1, 46, 1, 0; 0.453362879566; 1, 0, 1; 0, 1, 0; 4, 1, 2 ;
1,94; 0.434998, 2.29155, 1.72208 / 0.434998, 2.29155, 1.72208 / 0.434998, 2.29155, 1.72208; 1, 30, 1, 0; 0.110858728730; 1, 0, 1; 0, 1, 0; 4, 1, 2 ;
1,98; 3.20278, -2.84724, -1.10299 / 3.20316, -2.84693, -1.10268 / 3.2024, -2.84756, -1.1033; 1, 8, 1, 0; 0.892790783417; 0, 1, 0; 1, 1, 0; 1, 3, 3 / 3, 1, 1 ;
0,98; 3.197130, -2.841162, -1.106517 / 3.197130, -2.841162, -1.106517 / 3.197130, -2.841162, -1.106517; 1, 8, 1, 0; 0.892790374327; 1, 0, 1; 0, 1, 0; 1, 1, 2 ;
0,98; 3.408352, -2.774407, -1.119760 / 3.408352, -2.774407, -1.119760 / 3.408352, -2.774407, -1.119760; 1, 8, 1, 0; 0.831163292189; 1, 0, 1; 1, 0, 0; 3, 1, 2 ;
0,98; 3.408158, -2.773803, -1.123279 / 3.408158, -2.773803, -1.123279 / 3.408158, -2.773803, -1.123279; 1, 8, 1, 0; 0.831163363780; 1, 0, 1; 1, 0, 0; 2, 1, 2 ;
0,98; 3.408884, -2.770022, -1.117919 / 3.408884, -2.770022, -1.117919 / 3.408884, -2.770022, -1.117919; 1, 8, 1, 0; 0.831163844460; 1, 0, 1; 1, 0, 0; 1, 10, 0 / 2, 1, 2 ;
0,98; 3.194317, -2.836636, -1.105918 / 3.194317, -2.836636, -1.105918 / 3.194317, -2.836636, -1.105918; 1, 8, 1, 0; 0.892789540807; 1, 0, 1; 1, 0, 0; 3, 1, 2 ;
0,98; 3.202816, -2.834058, -1.105851 / 3.202816, -2.834058, -1.105851 / 3.202816, -2.834058, -1.105851; 1, 8, 1, 0; 0.892789908988; 0, 1, 0; 1, 0, 0; 3, 1, 1 / 4, 10, 0 ;
0,98; 3.200675, -2.851067, -1.101395 / 3.200675, -2.851067, -1.101395 / 3.200675, -2.851067, -1.101395; 1, 8, 1, 0; 0.892791376597; 1, 0, 1; 1, 0, 0; 3, 1, 2 ;
1,101; -0.0938293, 3.16515, 1.04449 / -0.0937665, 3.16537, 1.0451 / -0.0938921, 3.16493, 1.04388; 1, 26, 1, 0; 0.444589773263; 2, 1, 1; 1, 1, 0; 2, 6, 1 / 4, 1, 2 ;
0,101; -0.144295, 3.111421, 1.052454 / -0.144295, 3.111421, 1.052454 / -0.144295, 3.111421, 1.052454; 1, 26, 1, 0; 0.444517706056; 1, 0, 1; 1, 0, 0; 3, 1, 2 ;
1,103; 1.79495, -1.86911, -1.11636 / 1.79495, -1.86911, -1.11636 / 1.79495, -1.86911, -1.11636; 1, 8, 1, 0; 0.778602795514; 1, 0, 1; 1, 0, 0; 3, 1, 2 ;
0,103; 2.534415, -2.269262, -0.225829 / 2.534415, -2.269262, -0.225829 / 2.534415, -2.269262, -0.225829; 1, 15, 1, 0; 0.481233685869; 0, 1, 0; 1, 0, 0; 3, 1, 1 ;
1,106; 1.91249, 0.691646, -0.487272 / 1.91249, 0.691646, -0.487272 / 1.91249, 0.691646, -0.487272; 1, 12, 1, 0; 0.891596654811; 1, 0, 1; 0, 1, 0; 4, 1, 2 ;
1,107; 1.34967, -1.96449, 1.59853 / 1.34967, -1.96449, 1.59853 / 1.34967, -1.96449, 1.59853; 1, 22, 1, 0; 0.964370041502; 1, 0, 1; 1, 0, 0; 2, 1, 2 / 4, 7, 0 ;
1,108; -0.320928, 3.53245, 0.803102 / -0.320928, 3.53245, 0.803102 / -0.320928, 3.53245, 0.803102; 1, 25, 1, 0; 0.450033474776; 1, 0, 1; 0, 1, 0; 1, 1, 2 ;
0,108; -0.320006, 3.537591, 0.810785 / -0.320006, 3.537591, 0.810785 / -0.320006, 3.537591, 0.810785; 1, 25, 1, 0; 0.450047224722; 1, 0, 1; 1, 0, 0; 3, 1, 2 ;
0,108; -0.650833, 2.922872, 1.443071 / -0.650833, 2.922872, 1.443071 / -0.650833, 2.922872, 1.443071; 1, 29, 1, 0; 0.172585420880; 1, 0, 1; 0, 1, 0; 4, 1, 2 ;
1,114; 1.68487, -1.92089, 3.39015 / 1.68487, -1.92089, 3.39015 / 1.68487, -1.92089, 3.39015; 1, 40, 1, 0; 0.612585007072; 1, 0, 1; 0, 1, 0; 4, 1, 2 ;
0,114; 1.673332, -1.983318, 3.429323 / 1.673342, -1.982609, 3.429374 / 1.673322, -1.984027, 3.429273; 1, 43, 1, 0; 0.672642977983; 1, 0, 2; 1, 1, 0; 1, 1, 2 / 3, 1, 2 ;
1,115; 2.39065, -0.707018, 0.772236 / 2.39065, -0.707018, 0.772236 / 2.39065, -0.707018, 0.772236; 1, 27, 1, 0; 0.005820073079; 1, 0, 1; 1, 0, 0; 3, 1, 2 ;
0,115; 1.400963, -0.806500, 1.680880 / 1.400963, -0.806500, 1.680880 / 1.400963, -0.806500, 1.680880; 1, 27, 1, 0; 0.796175622864; 1, 0, 1; 1, 0, 0; 2, 1, 2 ;
0,115; 0.675392, -0.888387, 2.305117 / 0.675392, -0.888387, 2.305117 / 0.675392, -0.888387, 2.305117; 1, 34, 1, 0; 0.097036612958; 1, 0, 1; 1, 0, 0; 2, 1, 2 ;
1,118; 0.742018, -2.48838, 1.14077 / 0.742085, -2.48829, 1.14088 / 0.741951, -2.48847, 1.14067; 1, 22, 1, 0; 0.157138542558; 2, 1, 1; 2, 0, 0; 2, 1, 1 / 2, 2, 2 ;
1,120; 1.73408, -2.94699, 2.60851 / 1.73408, -2.94699, 2.60851 / 1.73408, -2.94699, 2.60851; 1, 33, 1, 0; 0.903760954327; 1, 0, 1; 1, 0, 0; 2, 1, 2 / 4, 5, 0 ;
1,125; -0.254516, -0.416511, 3.56929 / -0.254516, -0.416511, 3.56929 / -0.254516, -0.416511, 3.56929; 1, 44, 1, 0; 0.356471103293; 0, 1, 0; 0, 1, 0; 1, 1, 1 ;
1,130; -4.48908, 0.353376, 0.360224 / -4.48908, 0.353376, 0.360224 / -4.48908, 0.353376, 0.360224; 1, 24, 1, 0; 0.000941702545; 1, 0, 1; 0, 1, 0; 1, 1, 2 ;
0,130; -4.488937, 0.356572, 0.357666 / -4.488937, 0.356572, 0.357666 / -4.488937, 0.356572, 0.357666; 1, 24, 1, 0; 0.000941916852; 1, 0, 1; 1, 0, 0; 3, 1, 2 ;
1,132; 2.54175, 0.772139, 1.14016 / 2.54175, 0.772139, 1.14016 / 2.54175, 0.772139, 1.14016; 1, 26, 1, 0; 0.201391959196; 0, 1, 0; 1, 0, 0; 2, 1, 1 ;
0,132; -0.725190, 0.064265, 2.007357 / -0.725190, 0.064265, 2.007357 / -0.725190, 0.064265, 2.007357; 1, 30, 1, 0; 0.736670183252; 0, 1, 0; 1, 0, 0; 3, 1, 1 ;
1,138; -1.77285, 1.02574, 1.4586 / -1.7725, 1.02611, 1.45868 / -1.77321, 1.02538, 1.45852; 1, 29, 1, 0; 0.263121422532; 1, 0, 2; 2, 0, 0; 1, 1, 0 / 2, 2, 2 / 2, 3, 0 / 2, 4, 0 / 3, 1, 2 ;
0,138; -1.783585, 1.024457, 1.447219 / -1.783585, 1.024457, 1.447219 / -1.783585, 1.024457, 1.447219; 1, 29, 1, 0; 0.261825760498; 1, 0, 1; 1, 0, 0; 3, 1, 2 ;
0,138; -1.771803, 1.018340, 1.456240 / -1.771803, 1.018340, 1.456240 / -1.771803, 1.018340, 1.456240; 1, 29, 1, 0; 0.263119649627; 1, 0, 1; 1, 0, 0; 1, 8, 0 / 3, 1, 2 / 4, 2, 0 / 4, 3, 0 ;
0,138; -1.775346, 1.027930, 1.458718 / -1.775346, 1.027930, 1.458718 / -1.775346, 1.027930, 1.458718; 1, 29, 1, 0; 0.263121549168; 1, 0, 1; 1, 0, 0; 2, 1, 2 / 4, 1, 0 ;
0,138; -1.674044, 0.814685, 1.667086 / -1.674044, 0.814685, 1.667086 / -1.674044, 0.814685, 1.667086; 1, 30, 1, 0; 0.161260866346; 1, 0, 1; 1, 0, 0; 2, 1, 2 ;
1,145; -2.73714, 0.125065, -1.02647 / -2.73714, 0.125065, -1.02647 / -2.73714, 0.125065, -1.02647; 1, 10, 1, 0; 0.218745247395; 1, 0, 1; 0, 1, 0; 1, 1, 2 ;
1,146; 0.284903, 3.21171, -1.65991 / 0.284903, 3.21171, -1.65991 / 0.284903, 3.21171, -1.65991; 1, 7, 1, 0; 0.118795420447; 1, 0, 1; 1, 0, 0; 2, 1, 2 ;
0,146; -2.447815, -2.149211, 0.459542 / -2.447815, -2.149211, 0.459542 / -2.447815, -2.149211, 0.459542; 1, 18, 1, 0; 0.450229174862; 1, 0, 1; 1, 0, 0; 2, 1, 2 ;
1,149; -0.791016, -2.83387, -0.942215 / -0.791016, -2.83387, -0.942215 / -0.791016, -2.83387, -0.942215; 1, 8, 1, 0; 0.865275501365; 1, 0, 1; 1, 0, 0; 3, 1, 2 ;
1,150; 2.25191, 1.76244, 2.73156 / 2.25208, 1.76295, 2.73196 / 2.25174, 1.76193, 2.73117; 1, 35, 1, 0; 0.216607654911; 2, 1, 1; 1, 1, 0; 1, 1, 1 / 2, 4, 2 ;
0,150; 1.255777, 1.973434, 3.875017 / 1.255777, 1.973434, 3.875017 / 1.255777, 1.973434, 3.875017; 1, 46, 1, 0; 0.437351248147; 1, 0, 1; 1, 0, 0; 3, 1, 2 ;
1,151; 2.99581, -0.962486, -1.10919 / 2.99581, -0.962486, -1.10919 / 2.99581, -0.962486, -1.10919; 1, 11, 1, 0; 0.579969422740; 1, 0, 1; 0, 1, 0; 4, 1, 2 ;
0,151; 4.275070, 0.242099, -1.327163 / 4.275547, 0.243085, -1.326856 / 4.274593, 0.241113, -1.327469; 1, 12, 1, 0; 0.093532766418; 1, 0, 3; 1, 2, 1; 1, 5, 2 / 1, 6, 0 / 3, 1, 2 / 4, 9, 2 ;
0,151; 4.276735, 0.241731, -1.330381 / 4.277123, 0.242250, -1.329649 / 4.276348, 0.241212, -1.331113; 1, 12, 1, 0; 0.093522123884; 0, 1, 0; 2, 1, 0; 1, 1, 1 / 2, 8, 3 / 3, 7, 3 / 4, 6, 0 / 4, 9, 0 ;
0,151; 4.285968, 0.248483, -1.332768 / 4.285968, 0.248483, -1.332768 / 4.285968, 0.248483, -1.332768; 1, 12, 1, 0; 0.093520435955; 0, 1, 0; 0, 1, 0; 4, 1, 1 ;
0,151; 4.286864, 0.244035, -1.332752 / 4.286933, 0.244383, -1.332318 / 4.286794, 0.243687, -1.333187; 1, 12, 1, 0; 0.093521202675; 0, 3, 0; 4, 0, 0; 2, 2, 3 / 2, 3, 1 / 3, 1, 1 / 3, 5, 1 ;
0,151; 4.289008, 0.262455, -1.336692 / 4.289526, 0.262731, -1.335504 / 4.288489, 0.262180, -1.337880; 1, 12, 1, 0; 0.093518839575; 2, 1, 1; 3, 0, 0; 1, 2, 0 / 2, 1, 1 / 2, 7, 0 / 2, 10, 3 / 3, 9, 0 / 3, 10, 2 ;
0,151; 4.283359, 0.246494, -1.331948 / 4.283598, 0.246535, -1.331801 / 4.283120, 0.246454, -1.332095; 1, 12, 1, 0; 0.093521105405; 1, 0, 2; 2, 0, 0; 2, 10, 0 / 3, 1, 2 / 3, 2, 2 / 4, 4, 0 ;
0,151; 4.284708, 0.261230, -1.334242 / 4.284708, 0.261230, -1.334242 / 4.284708, 0.261230, -1.334242; 1, 12, 1, 0; 0.093518736582; 1, 0, 1; 1, 0, 0; 3, 1, 2 / 3, 2, 0 ;
0,151; 4.283610, 0.250715, -1.333704 / 4.283610, 0.250715, -1.333704 / 4.283610, 0.250715, -1.333704; 1, 12, 1, 0; 0.093520355850; 1, 0, 1; 1, 0, 0; 2, 1, 2 ;
1,153; 1.78519, 1.48516, 0.205427 / 1.78519, 1.48516, 0.205427 / 1.78519, 1.48516, 0.205427; 1, 20, 1, 0; 0.369717570136; 1, 0, 1; 1, 0, 0; 3, 1, 2 ;
0,153; 2.232028, 0.683255, 0.743793 / 2.232028, 0.683255, 0.743793 / 2.232028, 0.683255, 0.743793; 1, 20, 1, 0; 0.841516069223; 1, 0, 1; 1, 0, 0; 2, 1, 2 ;
0,153; 2.902852, -0.495393, 1.484604 / 2.902852, -0.495393, 1.484604 / 2.902852, -0.495393, 1.484604; 1, 26, 1, 0; 0.984921400711; 1, 0, 1; 1, 0, 0; 3, 1, 2 ;
0,153; 3.174669, -1.029213, 1.795006 / 3.174669, -1.029213, 1.795006 / 3.174669, -1.029213, 1.795006; 1, 27, 1, 0; 0.846232292035; 1, 0, 1; 1, 0, 0; 2, 1, 2 ;
1,154; 1.91752, 0.171581, 0.012258 / 1.91752, 0.171581, 0.012258 / 1.91752, 0.171581, 0.012258; 1, 16, 1, 0; 0.662123402072; 1, 0, 1; 1, 0, 0; 1, 1, 0 / 2, 1, 2 ;
1,156; 1.68062, 1.32874, 3.1811 / 1.68062, 1.32874, 3.1811 / 1.68062, 1.32874, 3.1811; 1, 42, 1, 0; 0.528412503703; 0, 1, 0; 0, 1, 0; 1, 1, 1 ;
1,158; -3.08228, -0.124376, 0.70117 / -3.08228, -0.124376, 0.70117 / -3.08228, -0.124376, 0.70117; 1, 21, 1, 0; 0.423095922026; 1, 0, 1; 1, 0, 0; 3, 1, 2 ;
0,158; 0.653894, 1.571736, 3.521681 / 0.653894, 1.571736, 3.521681 / 0.653894, 1.571736, 3.521681; 1, 45, 1, 0; 0.382508895288; 1, 0, 1; 0, 1, 0; 1, 1, 2 ;
1,159; -0.855558, 4.36127, -0.91813 / -0.855558, 4.36127, -0.91813 / -0.855558, 4.36127, -0.91813; 1, 13, 1, 0; 0.141533533249; 1, 0, 1; 1, 0, 0; 3, 1, 2 ;
0,159; -0.748481, 4.054620, -0.863782 / -0.748481, 4.054620, -0.863782 / -0.748481, 4.054620, -0.863782; 1, 13, 1, 0; 0.144183503766; 0, 1, 0; 1, 0, 0; 2, 1, 1 ;
0,159; 1.258658, -2.305356, -0.226796 / 1.258658, -2.305356, -0.226796 / 1.258658, -2.305356, -0.226796; 1, 15, 1, 0; 0.468992937240; 0, 1, 0; 1, 0, 0; 2, 1, 1 ;
1,166; -2.40277, -1.72042, -0.717892 / -2.40277, -1.72042, -0.717892 / -2.40277, -1.72042, -0.717892; 1, 9, 1, 0; 0.471042447954; 1, 0, 1; 1, 0, 0; 2, 1, 2 ;
0,166; -2.404217, -1.726103, -0.712064 / -2.404217, -1.726103, -0.712064 / -2.404217, -1.726103, -0.712064; 1, 9, 1, 0; 0.471042799398; 1, 0, 1; 1, 0, 0; 2, 1, 2 ;
0,166; -2.133530, -0.609798, 2.216739 / -2.133530, -0.609798, 2.216739 / -2.133530, -0.609798, 2.216739; 1, 36, 1, 0; 0.192043718423; 1, 0, 1; 0, 1, 0; 1, 1, 2 ;
1,167; -2.14923, 2.17038, 1.03132 / -2.14923, 2.17038, 1.03132 / -2.14923, 2.17038, 1.03132; 1, 24, 1, 0; 0.370412585594; 0, 1, 0; 0, 1, 0; 1, 1, 1 ;
0,167; -1.627139, 2.389624, 1.094932 / -1.627139, 2.389624, 1.094932 / -1.627139, 2.389624, 1.094932; 1, 25, 1, 0; 0.903614984356; 1, 0, 1; 1, 0, 0; 2, 1, 2 ;
1,168; -3.23047, -0.247715, 0.0488703 / -3.23047, -0.247715, 0.0488703 / -3.23047, -0.247715, 0.0488703; 1, 14, 1, 0; 0.883271684498; 1, 0, 1; 1, 0, 0; 2, 1, 2 ;
1,169; 0.209213, 0.212939, -0.493024 / 0.209213, 0.212939, -0.493024 / 0.209213, 0.212939, -0.493024; 1, 16, 1, 0; 0.140566500847; 1, 0, 1; 1, 0, 0; 3, 1, 2 ;
0,169; 0.222492, 0.212053, -0.485000 / 0.222492, 0.212053, -0.485000 / 0.222492, 0.212053, -0.485000; 1, 16, 1, 0; 0.140574497182; 1, 0, 1; 1, 0, 0; 3, 1, 2 ;
0,169; 2.290706, 1.250817, 0.938588 / 2.290706, 1.250817, 0.938588 / 2.290706, 1.250817, 0.938588; 1, 26, 1, 0; 0.262506999271; 1, 0, 1; 0, 1, 0; 4, 1, 2 ;
0,169; 2.294444, 1.251777, 0.933948 / 2.294444, 1.251777, 0.933948 / 2.294444, 1.251777, 0.933948; 1, 26, 1, 0; 0.262492117783; 1, 0, 1; 1, 0, 0; 3, 1, 2 ;
0,169; 2.290163, 1.252285, 0.932388 / 2.290163, 1.252285, 0.932388 / 2.290163, 1.252285, 0.932388; 1, 26, 1, 0; 0.262507959367; 0, 1, 0; 1, 0, 0; 1, 7, 0 / 2, 5, 0 / 3, 1, 1 ;
0,169; 2.289816, 1.255158, 0.933107 / 2.289816, 1.255158, 0.933107 / 2.289816, 1.255158, 0.933107; 1, 26, 1, 0; 0.262508122241; 1, 0, 1; 1, 0, 0; 3, 1, 2 ;
0,169; 2.931468, 1.483089, 1.213288 / 2.931468, 1.483089, 1.213288 / 2.931468, 1.483089, 1.213288; 1, 26, 1, 0; 0.272317166002; 1, 0, 1; 1, 0, 0; 3, 1, 2 ;
1,171; 4.10762, -1.14051, 1.071 / 4.10762, -1.14051, 1.071 / 4.10762, -1.14051, 1.071; 1, 27, 1, 0; 0.182226451998; 0, 1, 0; 1, 0, 0; 3, 1, 1 ;
1,173; -1.07237, 2.96264, 2.89598 / -1.07237, 2.96264, 2.89598 / -1.07237, 2.96264, 2.89598; 1, 40, 1, 0; 0.166825742574; 1, 0, 1; 1, 0, 0; 3, 1, 2 ;
1,175; 1.48145, 2.57086, 1.69203 / 1.48145, 2.57086, 1.69203 / 1.48145, 2.57086, 1.69203; 1, 28, 1, 0; 0.327036811940; 1, 0, 1; 0, 1, 0; 1, 1, 2 ;
0,175; 0.757299, 1.835035, 2.094364 / 0.757299, 1.835035, 2.094364 / 0.757299, 1.835035, 2.094364; 1, 30, 1, 0; 0.921152952958; 1, 0, 1; 0, 1, 0; 1, 1, 2 ;
0,175; 0.871419, 1.943383, 2.043331 / 0.871419, 1.943383, 2.043331 / 0.871419, 1.943383, 2.043331; 1, 30, 1, 0; 0.941062690685; 0, 1, 0; 0, 1, 0; 4, 1, 1 ;
0,175; 0.756545, 1.831917, 2.095027 / 0.756545, 1.831917, 2.095027 / 0.756545, 1.831917, 2.095027; 1, 30, 1, 0; 0.921154160871; 1, 0, 1; 1, 0, 0; 3, 1, 2 ;
1,178; -3.79622, 0.838495, 0.76868 / -3.79622, 0.838495, 0.76868 / -3.79622, 0.838495, 0.76868; 1, 24, 1, 0; 0.239767425018; 1, 0, 1; 1, 0, 0; 3, 1, 2 ;
1,181; -2.05063, 0.537695, 0.606752 / -2.05044, 0.537878, 0.607248 / -2.05082, 0.537512, 0.606255; 1, 17, 1, 0; 0.748168219189; 0, 2, 0; 2, 0, 0; 2, 1, 1 / 2, 2, 1 ;
1,184; 0.526979, -3.10587, 0.760145 / 0.526979, -3.10587, 0.760145 / 0.526979, -3.10587, 0.760145; 1, 18, 1, 0; 0.698064348066; 0, 1, 0; 0, 1, 0; 4, 1, 1 ;
1,185; -1.94739, -0.409992, -3.55002 / -1.94739, -0.409992, -3.55002 / -1.94739, -0.409992, -3.55002; 1, 1, 1, 0; 0.792770327248; 1, 0, 1; 1, 0, 0; 3, 1, 2 ;
0,185; -1.905888, 0.409234, -3.197984 / -1.905888, 0.409234, -3.197984 / -1.905888, 0.409234, -3.197984; 1, 2, 1, 0; 0.356952858757; 1, 0, 1; 1, 0, 0; 3, 1, 2 ;
1,186; 3.83608, -0.221404, 0.409783 / 3.83608, -0.221404, 0.409783 / 3.83608, -0.221404, 0.409783; 1, 19, 1, 0; 0.609550456579; 1, 0, 1; 0, 1, 0; 4, 1, 2 ;
1,190; -0.372372, -3.72348, -0.786197 / -0.372372, -3.72348, -0.786197 / -0.372372, -3.72348, -0.786197; 1, 9, 1, 0; 0.717736067676; 0, 1, 0; 1, 0, 0; 2, 1, 1 ;
1,193; 0.350851, -2.42024, -1.6948 / 0.351221, -2.41928, -1.69385 / 0.350481, -2.4212, -1.69574; 1, 8, 1, 0; 0.276246173734; 2, 2, 1; 1, 2, 1; 1, 1, 1 / 2, 5, 0 / 2, 6, 1 / 3, 1, 0 / 4, 10, 2 ;
0,193; 0.353203, -2.423164, -1.699320 / 0.353481, -2.422961, -1.698472 / 0.352925, -2.423366, -1.700169; 1, 8, 1, 0; 0.276236657288; 2, 2, 1; 2, 1, 0; 1, 1, 1 / 2, 2, 1 / 3, 1, 2 / 3, 4, 0 ;
0,193; 0.353482, -2.426317, -1.699701 / 0.353531, -2.425846, -1.699650 / 0.353433, -2.426788, -1.699752; 1, 8, 1, 0; 0.276236058995; 1, 0, 2; 1, 1, 0; 1, 1, 2 / 3, 3, 2 ;
1,196; -0.335993, 4.00462, 0.536547 / -0.335993, 4.00462, 0.536547 / -0.335993, 4.00462, 0.536547; 1, 25, 1, 0; 0.254502841713; 0, 0, 0; 1, 0, 0; 2, 1, 3 ;
0,196; -0.294793, 4.097145, 0.477501 / -0.294793, 4.097145, 0.477501 / -0.294793, 4.097145, 0.477501; 1, 25, 1, 0; 0.280432986156; 1, 0, 1; 1, 0, 0; 2, 1, 2 / 3, 6, 0 ;
1,199; 0.0826273, 3.86805, 2.11696 / 0.0826273, 3.86805, 2.11696 / 0.0826273, 3.86805, 2.11696; 1, 31, 1, 0; 0.250550668218; 1, 0, 1; 1, 0, 0; 3, 1, 2 ;
