1,0; 2.03295, 0.568641, 0.408084 / 2.03295, 0.568641, 0.408084 / 2.03295, 0.568641, 0.408084; 1, 19, 1, 0; 0.658137049025; 1, 0, 1; 1, 0, 0; 2, 1, 2 ;
0,0; 2.019727, 0.604981, 0.428505 / 2.019727, 0.604981, 0.428505 / 2.019727, 0.604981, 0.428505; 1, 19, 1, 0; 0.659389923436; 1, 0, 1; 1, 0, 0; 2, 1, 2 ;
0,0; 1.729404, 1.593564, 0.995190 / 1.729404, 1.593564, 0.995190 / 1.729404, 1.593564, 0.995190; 1, 26, 1, 0; 0.302861223265; 1, 0, 1; 0, 1, 0; 1, 1, 2 ;
1,1; 1.66793, -0.171511, 0.259135 / 1.66793, -0.171511, 0.259135 / 1.66793, -0.171511, 0.259135; 1, 16, 1, 0; 0.726858672474; 0, 1, 0; 1, 0, 0; 3, 1, 1 ;
0,1; 1.600360, 0.038629, 1.335410 / 1.600360, 0.038629, 1.335410 / 1.600360, 0.038629, 1.335410; 1, 26, 1, 0; 0.946645673139; 1, 0, 1; 0, 1, 0; 4, 1, 2 ;
0,1; 1.438789, 0.360670, 2.959121 / 1.438816, 0.360832, 2.959370 / 1.438763, 0.360508, 2.958872; 1, 39, 1, 0; 0.161881581015; 2, 1, 1; 0, 2, 0; 4, 1, 2 / 4, 2, 1 ;
1,3; -0.131914, -3.0625, -0.198025 / -0.131914, -3.0625, -0.198025 / -0.131914, -3.0625, -0.198025; 1, 15, 1, 0; 0.369985340052; 1, 0, 1; 1, 0, 0; 2, 1, 2 ;
1,7; 3.57055, 2.50306, 1.34626 / 3.57055, 2.50306, 1.34626 / 3.57055, 2.50306, 1.34626; 1, 28, 1, 0; 0.094665795542; 1, 0, 1; 1, 0, 0; 2, 1, 2 ;
0,7; 3.565370, 2.488976, 1.350238 / 3.565370, 2.488976, 1.350238 / 3.565370, 2.488976, 1.350238; 1, 28, 1, 0; 0.094679930605; 1, 0, 1; 1, 0, 0; 2, 1, 2 ;
1,8; -2.58081, 1.83283, -0.500853 / -2.58081, 1.83283, -0.500853 / -2.58081, 1.83283, -0.500853; 1, 14, 1, 0; 0.287070547786; 0, 1, 0; 1, 0, 0; 3, 1, 1 / 3, 2, 0 ;
0,8; 1.979872, -2.849364, 1.216291 / 1.979872, -2.849364, 1.216291 / 1.979872, -2.849364, 1.216291; 1, 22, 1, 0; 0.113843858592; 0, 1, 0; 1, 0, 0; 2, 1, 1 ;
1,9; -0.736838, -1.67046, -1.41707 / -0.736838, -1.67046, -1.41707 / -0.736838, -1.67046, -1.41707; 1, 8, 1, 0; 0.652993160023; 0, 1, 0; 1, 0, 0; 2, 1, 1 ;
1,10; 3.58946, 1.91831, 0.991445 / 3.58946, 1.91831, 0.991445 / 3.58946, 1.91831, 0.991445; 1, 26, 1, 0; 0.342857442887; 1, 0, 1; 1, 0, 0; 3, 1, 2 ;
0,10; 3.592326, 1.915248, 0.991183 / 3.592326, 1.915248, 0.991183 / 3.592326, 1.915248, 0.991183; 1, 26, 1, 0; 0.342858360122; 1, 0, 1; 1, 0, 0; 3, 1, 2 ;
0,10; 3.464241, 1.394239, 1.448000 / 3.464241, 1.394239, 1.448000 / 3.464241, 1.394239, 1.448000; 1, 26, 1, 0; 0.706845638850; 1, 0, 1; 1, 0, 0; 2, 1, 2 ;
0,10; 3.207696, 0.435514, 2.340890 / 3.207696, 0.435514, 2.340890 / 3.207696, 0.435514, 2.340890; 1, 28, 1, 0; 0.964172928454; 1, 0, 1; 0, 1, 0; 4, 1, 2 ;
0,10; 3.208832, 0.434435, 2.341727 / 3.208832, 0.434435, 2.341727 / 3.208832, 0.434435, 2.341727; 1, 28, 1, 0; 0.964172836368; 1, 0, 1; 1, 0, 0; 2, 1, 2 ;
1,14; -1.67797, 0.196344, -3.92846 / -1.67797, 0.196344, -3.92846 / -1.67797, 0.196344, -3.92846; 1, 1, 1, 0; 0.483249001674; 1, 0, 1; 1, 0, 0; 2, 1, 2 ;
1,15; -0.199723, 1.02814, -0.39522 / -0.199434, 1.02841, -0.394558 / -0.200013, 1.02786, -0.395882; 1, 13, 1, 0; 0.401245785339; 2, 1, 1; 1, 1, 0; 2, 5, 1 / 4, 1, 2 ;
0,15; -0.226168, -0.830325, -0.718987 / -0.226168, -0.830325, -0.718987 / -0.226168, -0.830325, -0.718987; 1, 16, 1, 0; 0.035997606457; 0, 0, 0; 1, 0, 0; 3, 1, 3 ;
1,17; -1.38015, -2.29602, -1.43552 / -1.38015, -2.29602, -1.43552 / -1.38015, -2.29602, -1.43552; 1, 9, 1, 0; 0.174366697810; 0, 1, 0; 0, 1, 0; 1, 1, 1 ;
0,17; -1.051385, -1.988014, -0.869611 / -1.051385, -1.988014, -0.869611 / -1.051385, -1.988014, -0.869611; 1, 9, 1, 0; 0.500011386787; 1, 0, 1; 0, 1, 0; 1, 1, 2 ;
1,22; 1.34814, -1.52116, 2.19881 / 1.34814, -1.52116, 2.19881 / 1.34814, -1.52116, 2.19881; 1, 33, 1, 0; 0.424294657357; 1, 0, 1; 0, 1, 0; 1, 1, 2 / 4, 7, 0 ;
0,22; 1.351464, -1.522464, 2.200052 / 1.351464, -1.522464, 2.200052 / 1.351464, -1.522464, 2.200052; 1, 33, 1, 0; 0.424294831978; 0, 1, 0; 0, 1, 0; 1, 1, 1 ;
1,23; 1.35225, 3.0698, 1.14176 / 1.35225, 3.0698, 1.14176 / 1.35225, 3.0698, 1.14176; 1, 26, 1, 0; 0.436044995928; 1, 0, 1; 0, 1, 0; 1, 1, 2 / 4, 1, 0 ;
1,25; 0.400673, -2.9929, 0.452495 / 0.401206, -2.99238, 0.45268 / 0.400139, -2.99342, 0.452311; 1, 18, 1, 0; 0.303700163761; 2, 1, 1; 1, 1, 0; 1, 1, 1 / 1, 4, 0 / 2, 3, 2 ;
0,25; 0.463656, -2.974869, 0.441067 / 0.463656, -2.974869, 0.441067 / 0.463656, -2.974869, 0.441067; 1, 18, 1, 0; 0.304204363801; 0, 1, 0; 0, 1, 0; 4, 1, 1 ;
0,25; 0.464641, -2.976927, 0.437625 / 0.464737, -2.976909, 0.437639 / 0.464545, -2.976945, 0.437611; 1, 18, 1, 0; 0.304205263510; 0, 2, 0; 2, 0, 0; 3, 1, 1 / 3, 2, 1 ;
1,27; -2.90087, -0.282148, -2.41937 / -2.90087, -0.282148, -2.41937 / -2.90087, -0.282148, -2.41937; 1, 5, 1, 0; 0.387149130416; 1, 0, 1; 1, 0, 0; 3, 1, 2 ;
1,29; -3.56786, -1.37474, -0.00662659 / -3.56786, -1.37474, -0.00662659 / -3.56786, -1.37474, -0.00662659; 1, 10, 1, 0; 0.846015035317; 1, 0, 1; 0, 1, 0; 4, 1, 2 ;
0,29; -3.563371, -1.377252, 0.004806 / -3.563371, -1.377252, 0.004806 / -3.563371, -1.377252, 0.004806; 1, 14, 1, 0; 0.981822555251; 0, 1, 0; 0, 1, 0; 4, 1, 1 ;
0,29; -3.564783, -1.384410, 0.016339 / -3.564783, -1.384410, 0.016339 / -3.564783, -1.384410, 0.016339; 1, 14, 1, 0; 0.981821373484; 1, 0, 1; 1, 0, 0; 3, 1, 2 ;
0,29; -4.208471, -1.037992, 1.600413 / -4.207920, -1.037057, 1.600626 / -4.209022, -1.038926, 1.600200; 1, 24, 1, 0; 0.722418788677; 2, 2, 1; 0, 3, 1; 1, 4, 0 / 1, 8, 2 / 2, 9, 0 / 3, 8, 0 / 3, 9, 0 / 3, 10, 0 / 4, 1, 1 / 4, 2, 0 / 4, 4, 1 ;
0,29; -4.207272, -1.037332, 1.600730 / -4.206624, -1.037057, 1.600835 / -4.207920, -1.037606, 1.600626; 1, 24, 1, 0; 0.722418840406; 1, 0, 1; 0, 2, 1; 1, 1, 2 / 2, 2, 0 / 3, 1, 0 / 3, 2, 0 / 3, 3, 0 / 4, 7, 2 ;
0,29; -4.217445, -1.035946, 1.602937 / -4.217445, -1.035946, 1.602937 / -4.217445, -1.035946, 1.602937; 1, 24, 1, 0; 0.722431299780; 1, 0, 1; 1, 0, 0; 2, 1, 2 ;
1,31; 1.26405, 1.73303, -0.824107 / 1.26405, 1.73303, -0.824107 / 1.26405, 1.73303, -0.824107; 1, 7, 1, 0; 0.926448074773; 1, 0, 1; 1, 0, 0; 3, 1, 2 ;
0,31; 1.265818, 1.731210, -0.824258 / 1.265818, 1.731210, -0.824258 / 1.265818, 1.731210, -0.824258; 1, 7, 1, 0; 0.926448693521; 1, 0, 1; 1, 0, 0; 2, 1, 2 ;
0,31; 1.542369, 1.830139, -0.670028 / 1.542369, 1.830139, -0.670028 / 1.542369, 1.830139, -0.670028; 1, 7, 1, 0; 0.928414394430; 1, 0, 1; 1, 0, 0; 2, 1, 2 ;
0,31; -0.218002, 1.188726, -1.674251 / -0.218002, 1.188726, -1.674251 / -0.218002, 1.188726, -1.674251; 1, 11, 1, 0; 0.117941562187; 1, 0, 1; 1, 0, 0; 3, 1, 2 ;
1,33; 1.18965, -2.37221, 2.67822 / 1.18965, -2.37221, 2.67822 / 1.18965, -2.37221, 2.67822; 1, 34, 1, 0; 0.242030950261; 1, 0, 1; 1, 0, 0; 1, 1, 0 / 2, 1, 2 ;
1,35; 0.629645, 2.8012, 2.2453 / 0.629645, 2.8012, 2.2453 / 0.629645, 2.8012, 2.2453; 1, 31, 1, 0; 0.304456965723; 1, 0, 1; 0, 1, 0; 4, 1, 2 ;
0,35; 0.629680, 2.804910, 2.245739 / 0.629680, 2.804910, 2.245739 / 0.629680, 2.804910, 2.245739; 1, 31, 1, 0; 0.304458838407; 0, 0, 0; 1, 0, 0; 2, 1, 3 ;
1,36; -1.43067, -0.319539, -3.45771 / -1.43067, -0.319539, -3.45771 / -1.43067, -0.319539, -3.45771; 1, 1, 1, 0; 0.790143392695; 1, 0, 1; 1, 0, 0; 2, 1, 2 ;
0,36; 0.763037, -0.422589, -1.244529 / 0.763037, -0.422589, -1.244529 / 0.763037, -0.422589, -1.244529; 1, 11, 1, 0; 0.477842294805; 1, 0, 1; 1, 0, 0; 2, 1, 2 ;
1,37; 2.63534, -2.84283, -2.38853 / 2.63534, -2.84283, -2.38853 / 2.63534, -2.84283, -2.38853; 1, 3, 1, 0; 0.956511595482; 1, 0, 1; 1, 0, 0; 3, 1, 2 ;
1,38; -3.17888, 0.446446, 1.66806 / -3.17888, 0.446446, 1.66806 / -3.17888, 0.446446, 1.66806; 1, 24, 1, 0; 0.836368299392; 0, 1, 0; 0, 1, 0; 1, 1, 1 ;
1,40; -1.29815, 1.47535, -1.04024 / -1.29815, 1.47535, -1.04024 / -1.29815, 1.47535, -1.04024; 1, 7, 1, 0; 0.532597238032; 1, 0, 1; 1, 0, 0; 3, 1, 2 ;
0,40; 1.754040, 0.050607, 2.559721 / 1.754040, 0.050607, 2.559721 / 1.754040, 0.050607, 2.559721; 1, 34, 1, 0; 0.948425345936; 0, 1, 0; 0, 1, 0; 2, 4, 0 / 4, 1, 1 ;
1,42; 1.6835, -0.603898, 0.321486 / 1.6835, -0.603898, 0.321486 / 1.6835, -0.603898, 0.321486; 1, 19, 1, 0; 0.564985335080; 1, 0, 1; 0, 1, 0; 1, 1, 2 ;
1,45; -3.12491, -0.0105179, 0.547341 / -3.12479, -0.0100073, 0.547585 / -3.12503, -0.0110286, 0.547098; 1, 21, 1, 0; 0.052446609740; 2, 1, 1; 1, 1, 0; 1, 1, 1 / 2, 4, 2 ;
0,45; -4.146163, -0.173180, 0.454770 / -4.146163, -0.173180, 0.454770 / -4.146163, -0.173180, 0.454770; 1, 21, 1, 0; 0.042628149720; 1, 0, 1; 1, 0, 0; 2, 1, 2 ;
1,47; -2.25929, -1.95799, -2.61305 / -2.25929, -1.95799, -2.61305 / -2.25929, -1.95799, -2.61305; 1, 5, 1, 0; 0.302485637634; 1, 0, 1; 1, 0, 0; 3, 1, 2 ;
1,49; 1.86866, 1.10153, -3.01324 / 1.86866, 1.10153, -3.01324 / 1.86866, 1.10153, -3.01324; 1, 3, 1, 0; 0.244584750783; 1, 0, 1; 1, 0, 0; 3, 1, 2 ;
1,50; 2.92025, -2.60376, 0.284333 / 2.92025, -2.60376, 0.284333 / 2.92025, -2.60376, 0.284333; 1, 15, 1, 0; 0.769504622337; 1, 0, 1; 1, 0, 0; 3, 1, 2 ;
0,50; 1.314201, -3.394807, 2.197472 / 1.314201, -3.394807, 2.197472 / 1.314201, -3.394807, 2.197472; 1, 32, 1, 0; 0.771986708350; 1, 0, 1; 1, 0, 0; 2, 1, 2 ;
1,53; 0.576995, -2.07759, 3.88801 / 0.576995, -2.07759, 3.88801 / 0.576995, -2.07759, 3.88801; 1, 45, 1, 0; 0.918935635085; 0, 1, 0; 0, 1, 0; 4, 1, 1 ;
1,54; 0.614281, -1.26352, -3.14641 / 0.614281, -1.26352, -3.14641 / 0.614281, -1.26352, -3.14641; 1, 3, 1, 0; 0.135041103011; 1, 0, 1; 1, 0, 0; 2, 1, 2 ;
0,54; 1.482244, 3.192305, -1.063200 / 1.482244, 3.192305, -1.063200 / 1.482244, 3.192305, -1.063200; 1, 7, 1, 0; 0.767319522470; 1, 0, 1; 1, 0, 0; 2, 1, 2 / 2, 10, 0 ;
1,55; 0.292948, -0.649372, 2.40695 / 0.292948, -0.649372, 2.40695 / 0.292948, -0.649372, 2.40695; 1, 34, 1, 0; 0.111064474928; 1, 0, 1; 1, 0, 0; 2, 1, 2 / 2, 3, 0 ;
0,55; 0.291267, -0.651486, 2.410333 / 0.291267, -0.651486, 2.410333 / 0.291267, -0.651486, 2.410333; 1, 34, 1, 0; 0.111087512379; 1, 0, 1; 1, 0, 0; 3, 1, 2 ;
1,58; -1.69878, -2.69935, -0.522655 / -1.69878, -2.69935, -0.522655 / -1.69878, -2.69935, -0.522655; 1, 9, 1, 0; 0.978672482255; 1, 0, 1; 1, 0, 0; 2, 1, 2 ;
0,58; -1.696466, -2.697692, -0.526411 / -1.696466, -2.697692, -0.526411 / -1.696466, -2.697692, -0.526411; 1, 9, 1, 0; 0.978673077006; 1, 0, 1; 1, 0, 0; 3, 1, 2 ;
0,58; -2.638034, 0.248363, 2.154561 / -2.638034, 0.248363, 2.154561 / -2.638034, 0.248363, 2.154561; 1, 30, 1, 0; 0.714411697663; 1, 0, 1; 1, 0, 0; 2, 1, 2 ;
0,58; -2.641676, 0.245755, 2.158530 / -2.641676, 0.245755, 2.158530 / -2.641676, 0.245755, 2.158530; 1, 30, 1, 0; 0.714413139366; 1, 0, 1; 1, 0, 0; 2, 1, 2 ;
1,59; 2.42741, -0.503789, -2.65782 / 2.42741, -0.503789, -2.65782 / 2.42741, -0.503789, -2.65782; 1, 3, 1, 0; 0.638953239280; 1, 0, 1; 0, 1, 0; 1, 1, 2 ;
1,63; 0.674503, -4.50613, -0.728406 / 0.674503, -4.50613, -0.728406 / 0.674503, -4.50613, -0.728406; 1, 9, 1, 0; 0.769205303886; 1, 0, 1; 0, 1, 0; 4, 1, 2 ;
0,63; 0.678219, -4.508786, -0.729085 / 0.678219, -4.508786, -0.729085 / 0.678219, -4.508786, -0.729085; 1, 9, 1, 0; 0.769206017587; 1, 0, 1; 1, 0, 0; 2, 1, 2 ;
0,63; 0.675196, -4.501919, -0.724850 / 0.675196, -4.501919, -0.724850 / 0.675196, -4.501919, -0.724850; 1, 9, 1, 0; 0.769215220015; 1, 0, 1; 1, 0, 0; 2, 1, 2 ;
1,64; -3.62171, -0.760969, -2.75782 / -3.62171, -0.760969, -2.75782 / -3.62171, -0.760969, -2.75782; 1, 2, 1, 0; 0.971574107914; 1, 0, 1; 1, 0, 0; 3, 1, 2 ;
0,64; -1.093840, 0.280647, -1.066002 / -1.093615, 0.280753, -1.065715 / -1.094064, 0.280540, -1.066288; 1, 11, 1, 0; 0.757034652321; 0, 2, 0; 1, 1, 0; 3, 1, 1 / 4, 2, 1 ;
0,64; -0.739269, 0.425772, -0.796634 / -0.739269, 0.425772, -0.796634 / -0.739269, 0.425772, -0.796634; 1, 13, 1, 0; 0.362435338275; 1, 0, 1; 1, 0, 0; 2, 1, 2 / 4, 5, 0 ;
1,65; -2.65417, 0.9015, -1.92891 / -2.65417, 0.9015, -1.92891 / -2.65417, 0.9015, -1.92891; 1, 6, 1, 0; 0.392765004151; 1, 0, 1; 1, 0, 0; 2, 1, 2 ;
0,65; -1.902659, -0.679122, 2.342541 / -1.902659, -0.679122, 2.342541 / -1.902659, -0.679122, 2.342541; 1, 36, 1, 0; 0.177692461284; 1, 0, 1; 0, 1, 0; 1, 1, 2 ;
0,65; -1.899869, -0.679881, 2.341895 / -1.899869, -0.679881, 2.341895 / -1.899869, -0.679881, 2.341895; 1, 36, 1, 0; 0.177692615866; 1, 0, 1; 1, 0, 0; 2, 1, 2 ;
0,65; -1.898170, -0.673943, 2.344314 / -1.898170, -0.673943, 2.344314 / -1.898170, -0.673943, 2.344314; 1, 36, 1, 0; 0.177714489248; 1, 0, 1; 1, 0, 0; 2, 1, 2 ;
0,65; -1.901415, -0.680003, 2.344924 / -1.901415, -0.680003, 2.344924 / -1.901415, -0.680003, 2.344924; 1, 36, 1, 0; 0.177716447289; 0, 1, 0; 1, 0, 0; 3, 1, 1 ;
1,68; 1.1792, 0.281464, -0.794175 / 1.1792, 0.281464, -0.794175 / 1.1792, 0.281464, -0.794175; 1, 12, 1, 0; 0.448869453866; 0, 1, 0; 1, 0, 0; 3, 1, 1 ;
0,68; -2.048027, -0.687960, 1.019475 / -2.047686, -0.686882, 1.020018 / -2.048369, -0.689037, 1.018932; 1, 21, 1, 0; 0.600528889529; 1, 0, 3; 2, 1, 0; 2, 1, 2 / 3, 10, 2 / 4, 8, 0 / 4, 9, 2 ;
0,68; -2.048123, -0.686934, 1.023049 / -2.048123, -0.686934, 1.023049 / -2.048123, -0.686934, 1.023049; 1, 21, 1, 0; 0.600528009150; 1, 0, 1; 1, 0, 0; 3, 1, 2 ;
0,68; -2.040758, -0.690204, 1.022170 / -2.040758, -0.690204, 1.022170 / -2.040758, -0.690204, 1.022170; 1, 21, 1, 0; 0.600528307460; 1, 0, 1; 1, 0, 0; 2, 1, 2 ;
1,69; 1.74276, 3.03013, 2.26166 / 1.74276, 3.03013, 2.26166 / 1.74276, 3.03013, 2.26166; 1, 38, 1, 0; 0.016530153015; 1, 0, 1; 1, 0, 0; 2, 1, 2 ;
1,70; -2.35933, -1.55754, 2.66608 / -2.35933, -1.55754, 2.66608 / -2.35933, -1.55754, 2.66608; 1, 36, 1, 0; 0.649750362624; 1, 0, 1; 1, 0, 0; 3, 1, 2 ;
1,71; 1.06101, 2.58079, -2.39245 / 1.06101, 2.58079, -2.39245 / 1.06101, 2.58079, -2.39245; 1, 4, 1, 0; 0.291814593181; 0, 1, 0; 0, 1, 0; 1, 1, 1 ;
0,71; 0.870577, 2.410040, -2.274100 / 0.870577, 2.410040, -2.274100 / 0.870577, 2.410040, -2.274100; 1, 4, 1, 0; 0.317140390962; 0, 1, 0; 0, 1, 0; 1, 1, 1 / 3, 1, 0 ;
0,71; 0.873177, 2.403337, -2.296902 / 0.873469, 2.403979, -2.296510 / 0.872885, 2.402695, -2.297294; 1, 4, 1, 0; 0.317125593878; 2, 1, 1; 2, 0, 0; 2, 1, 1 / 2, 7, 2 ;
0,71; 0.881411, 2.407262, -2.292806 / 0.881411, 2.407262, -2.292806 / 0.881411, 2.407262, -2.292806; 1, 4, 1, 0; 0.317132347667; 1, 0, 1; 1, 0, 0; 2, 1, 2 ;
0,71; 0.874166, 2.404718, -2.283462 / 0.874166, 2.404718, -2.283462 / 0.874166, 2.404718, -2.283462; 1, 4, 1, 0; 0.317132807054; 1, 0, 1; 1, 0, 0; 3, 1, 2 ;
0,71; 0.872165, 2.404011, -2.290867 / 0.872165, 2.404011, -2.290867 / 0.872165, 2.404011, -2.290867; 1, 4, 1, 0; 0.317132960182; 1, 0, 1; 1, 0, 0; 1, 5, 0 / 3, 1, 2 ;
0,71; 0.872043, 2.405538, -2.280799 / 0.872043, 2.405538, -2.280799 / 0.872043, 2.405538, -2.280799; 1, 4, 1, 0; 0.317140233804; 0, 1, 0; 1, 0, 0; 3, 1, 1 ;
0,71; 1.980502, 0.979160, -0.571734 / 1.981025, 0.979368, -0.570955 / 1.979979, 0.978953, -0.572513; 1, 12, 1, 0; 0.932789425440; 2, 2, 1; 1, 2, 1; 1, 8, 1 / 3, 1, 2 / 4, 2, 1 ;
1,73; 0.945167, -2.90607, -1.70893 / 0.945167, -2.90607, -1.70893 / 0.945167, -2.90607, -1.70893; 1, 8, 1, 0; 0.329944972340; 1, 0, 1; 1, 0, 0; 3, 1, 2 ;
0,73; 1.175631, -3.316424, -1.720490 / 1.175631, -3.316424, -1.720490 / 1.175631, -3.316424, -1.720490; 1, 8, 1, 0; 0.359480778416; 1, 0, 1; 1, 0, 0; 3, 1, 2 ;
1,75; 1.30539, 2.87899, -0.0809771 / 1.30539, 2.87899, -0.0809771 / 1.30539, 2.87899, -0.0809771; 1, 20, 1, 0; 0.080866900669; 1, 0, 1; 1, 0, 0; 2, 1, 2 ;
0,75; 1.765967, 3.162979, 1.075220 / 1.765967, 3.162979, 1.075220 / 1.765967, 3.162979, 1.075220; 1, 26, 1, 0; 0.466439475376; 0, 1, 0; 0, 1, 0; 4, 1, 1 ;
1,77; 1.02829, 2.11642, 1.66268 / 1.02829, 2.11642, 1.66268 / 1.02829, 2.11642, 1.66268; 1, 31, 1, 0; 0.156875856478; 1, 0, 1; 1, 0, 0; 3, 1, 2 ;
0,77; 0.432011, 2.660395, 2.502959 / 0.432011, 2.660395, 2.502959 / 0.432011, 2.660395, 2.502959; 1, 38, 1, 0; 0.500287523650; 1, 0, 1; 1, 0, 0; 3, 1, 2 ;
0,77; 0.433324, 2.657648, 2.502967 / 0.433324, 2.657648, 2.502967 / 0.433324, 2.657648, 2.502967; 1, 38, 1, 0; 0.500289268723; 1, 0, 1; 1, 0, 0; 3, 1, 2 ;
1,78; -3.52597, -0.914418, -0.865666 / -3.52581, -0.913691, -0.864992 / -3.52614, -0.915146, -0.86634; 1, 10, 1, 0; 0.411054061828; 1, 0, 2; 1, 1, 0; 1, 1, 2 / 2, 9, 2 / 4, 3, 0 ;
0,78; -1.787910, -1.651338, -0.139101 / -1.787600, -1.651057, -0.138752 / -1.788220, -1.651620, -0.139451; 1, 10, 1, 0; 0.870237819490; 1, 0, 2; 2, 0, 0; 2, 1, 2 / 2, 7, 2 ;
1,80; -1.23421, -0.446602, -2.95284 / -1.23421, -0.446602, -2.95284 / -1.23421, -0.446602, -2.95284; 1, 2, 1, 0; 0.510240962855; 1, 0, 1; 0, 1, 0; 4, 1, 2 ;
0,80; -2.409471, -0.255804, -3.238397 / -2.409471, -0.255804, -3.238397 / -2.409471, -0.255804, -3.238397; 1, 2, 1, 0; 0.411657039386; 1, 0, 1; 1, 0, 0; 3, 1, 2 ;
0,80; -2.662005, -0.211553, -3.299621 / -2.662005, -0.211553, -3.299621 / -2.662005, -0.211553, -3.299621; 1, 2, 1, 0; 0.413947632179; 1, 0, 1; 1, 0, 0; 2, 1, 2 / 3, 2, 0 ;
0,80; 0.095060, -0.690573, -2.612683 / 0.095060, -0.690573, -2.612683 / 0.095060, -0.690573, -2.612683; 1, 2, 1, 0; 0.992600627632; 0, 1, 0; 1, 0, 0; 3, 1, 1 ;
1,82; -2.07313, -0.725254, -1.28323 / -2.07313, -0.725254, -1.28323 / -2.07313, -0.725254, -1.28323; 1, 6, 1, 0; 0.941027645533; 1, 0, 1; 0, 1, 0; 1, 1, 2 / 1, 2, 0 ;
1,83; -2.18463, -2.35186, -0.122916 / -2.18463, -2.35186, -0.122916 / -2.18463, -2.35186, -0.122916; 1, 10, 1, 0; 0.910000448767; 1, 0, 1; 1, 0, 0; 3, 1, 2 ;
0,83; 1.103730, 1.549933, 0.461895 / 1.103730, 1.549933, 0.461895 / 1.103730, 1.549933, 0.461895; 1, 17, 1, 0; 0.977070943147; 0, 1, 0; 0, 1, 0; 4, 1, 1 ;
1,84; 1.97475, 4.10588, 0.096093 / 1.97475, 4.10588, 0.096093 / 1.97475, 4.10588, 0.096093; 1, 20, 1, 0; 0.152496623019; 1, 0, 1; 1, 0, 0; 3, 1, 2 ;
1,86; -3.23027, 1.4088, 0.704166 / -3.23027, 1.4088, 0.704166 / -3.23027, 1.4088, 0.704166; 1, 24, 1, 0; 0.200673367829; 1, 0, 1; 1, 0, 0; 2, 1, 2 ;
1,87; -1.44087, 4.21217, -1.29978 / -1.44087, 4.21217, -1.29978 / -1.44087, 4.21217, -1.29978; 1, 7, 1, 0; 0.187923563661; 1, 0, 1; 1, 0, 0; 2, 1, 2 ;
0,87; 0.972066, -2.725723, -0.532572 / 0.972066, -2.725723, -0.532572 / 0.972066, -2.725723, -0.532572; 1, 9, 1, 0; 0.957165592870; 1, 0, 1; 1, 0, 0; 2, 1, 2 ;
1,89; 2.87668, -0.357546, -0.758468 / 2.87668, -0.357546, -0.758468 / 2.87668, -0.357546, -0.758468; 1, 12, 1, 0; 0.491717710779; 0, 1, 0; 1, 0, 0; 2, 1, 1 ;
0,89; 3.490543, -0.115080, 1.877331 / 3.490543, -0.115080, 1.877331 / 3.490543, -0.115080, 1.877331; 1, 28, 1, 0; 0.801002281869; 1, 0, 1; 1, 0, 0; 3, 1, 2 ;
1,91; 2.89023, 2.31959, -1.9092 / 2.89023, 2.31959, -1.9092 / 2.89023, 2.31959, -1.9092; 1, 4, 1, 0; 0.801060655150; 1, 0, 1; 0, 1, 0; 1, 1, 2 / 2, 9, 0 ;
1,92; 1.3859, 0.554848, 2.86333 / 1.38622, 0.554897, 2.8636 / 1.38558, 0.554799, 2.86307; 1, 39, 1, 0; 0.163756137042; 1, 0, 2; 1, 1, 0; 1, 1, 2 / 2, 1, 2 ;
1,98; 1.79901, -1.86663, 0.121767 / 1.79901, -1.86663, 0.121767 / 1.79901, -1.86663, 0.121767; 1, 15, 1, 0; 0.664578940037; 1, 0, 1; 0, 1, 0; 1, 1, 2 ;
0,98; 0.155960, -1.523003, -0.590472 / 0.155960, -1.523003, -0.590472 / 0.155960, -1.523003, -0.590472; 1, 16, 1, 0; 0.233462667695; 0, 1, 0; 0, 1, 0; 1, 1, 1 ;
0,98; 3.221529, -2.175645, 0.871872 / 3.222162, -2.174166, 0.872489 / 3.220896, -2.177125, 0.871255; 1, 19, 1, 0; 0.916950889874; 0, 2, 0; 0, 2, 1; 1, 1, 1 / 4, 10, 1 ;
0,98; 3.212302, -2.173155, 0.861834 / 3.212302, -2.173155, 0.861834 / 3.212302, -2.173155, 0.861834; 1, 19, 1, 0; 0.916937136089; 1, 0, 1; 0, 1, 0; 1, 1, 2 ;
0,98; 3.218107, -2.178689, 0.868831 / 3.218107, -2.178689, 0.868831 / 3.218107, -2.178689, 0.868831; 1, 19, 1, 0; 0.916949631642; 1, 0, 1; 0, 1, 0; 1, 1, 2 ;
0,98; 3.223957, -2.169449, 0.845128 / 3.223957, -2.169449, 0.845128 / 3.223957, -2.169449, 0.845128; 1, 19, 1, 0; 0.916925660138; 1, 0, 1; 1, 0, 0; 2, 1, 2 ;
0,98; 3.213742, -2.175693, 0.863869 / 3.213742, -2.175693, 0.863869 / 3.213742, -2.175693, 0.863869; 1, 19, 1, 0; 0.916937013158; 0, 0, 0; 1, 0, 0; 2, 1, 3 ;
0,98; 3.218633, -2.171110, 0.868931 / 3.218633, -2.171110, 0.868931 / 3.218633, -2.171110, 0.868931; 1, 19, 1, 0; 0.916950622319; 0, 1, 0; 1, 0, 0; 3, 1, 1 / 4, 8, 0 ;
0,98; 3.220923, -2.173685, 0.869746 / 3.220923, -2.173685, 0.869746 / 3.220923, -2.173685, 0.869746; 1, 19, 1, 0; 0.916950803100; 0, 1, 0; 1, 0, 0; 3, 1, 1 / 4, 1, 0 / 4, 2, 0 ;
1,99; -2.45779, 2.02486, 2.32041 / -2.45779, 2.02486, 2.32041 / -2.45779, 2.02486, 2.32041; 1, 37, 1, 0; 0.176019841780; 1, 0, 1; 1, 0, 0; 2, 1, 2 ;
1,100; -2.57157, 1.19161, -2.69178 / -2.57157, 1.19161, -2.69178 / -2.57157, 1.19161, -2.69178; 1, 6, 1, 0; 0.007358280378; 1, 0, 1; 1, 0, 0; 2, 4, 0 / 3, 1, 2 ;
0,100; -0.590586, 0.634766, -1.769273 / -0.590586, 0.634766, -1.769273 / -0.590586, 0.634766, -1.769273; 1, 11, 1, 0; 0.058631839259; 0, 1, 0; 1, 0, 0; 2, 1, 1 ;
0,100; 2.220929, -0.075768, -0.526823 / 2.220929, -0.075768, -0.526823 / 2.220929, -0.075768, -0.526823; 1, 12, 1, 0; 0.814069367582; 1, 0, 1; 1, 0, 0; 2, 1, 2 ;
1,103; 0.749071, -4.52099, 0.553741 / 0.749071, -4.52099, 0.553741 / 0.749071, -4.52099, 0.553741; 1, 15, 1, 0; 0.979695194966; 1, 0, 1; 1, 0, 0; 1, 10, 0 / 3, 1, 2 / 4, 7, 0 ;
0,103; 0.761642, -4.360349, 0.504074 / 0.761642, -4.360349, 0.504074 / 0.761642, -4.360349, 0.504074; 1, 15, 1, 0; 0.979848792915; 1, 0, 1; 1, 0, 0; 2, 1, 2 ;
1,104; -0.897655, 1.33842, -0.75357 / -0.897655, 1.33842, -0.75357 / -0.897655, 1.33842, -0.75357; 1, 7, 1, 0; 0.982916399480; 1, 0, 1; 1, 0, 0; 2, 1, 2 ;
0,104; -0.901067, 1.341140, -0.757999 / -0.901067, 1.341140, -0.757999 / -0.901067, 1.341140, -0.757999; 1, 7, 1, 0; 0.982924617067; 1, 0, 1; 1, 0, 0; 2, 1, 2 ;
0,104; -1.343239, 1.017628, -0.537266 / -1.343239, 1.017628, -0.537266 / -1.343239, 1.017628, -0.537266; 1, 16, 1, 0; 0.121265115351; 1, 0, 1; 1, 0, 0; 2, 1, 2 ;
0,104; -1.342711, 1.016353, -0.539423 / -1.342711, 1.016353, -0.539423 / -1.342711, 1.016353, -0.539423; 1, 16, 1, 0; 0.121265182322; 1, 0, 1; 1, 0, 0; 2, 1, 2 ;
1,106; 3.82164, 2.26448, -0.164195 / 3.82164, 2.26448, -0.164195 / 3.82164, 2.26448, -0.164195; 1, 20, 1, 0; 0.008134330085; 1, 0, 1; 1, 0, 0; 3, 1, 2 ;
1,107; 2.96316, -1.37795, 1.9144 / 2.96316, -1.37795, 1.9144 / 2.96316, -1.37795, 1.9144; 1, 33, 1, 0; 0.211671531099; 1, 0, 1; 1, 0, 0; 2, 1, 2 ;
1,108; -0.872259, 1.04207, -1.65467 / -0.872259, 1.04207, -1.65467 / -0.872259, 1.04207, -1.65467; 1, 11, 1, 0; 0.122255725226; 1, 0, 1; 1, 0, 0; 3, 1, 2 ;
0,108; -0.755770, -1.320235, 0.052036 / -0.755770, -1.320235, 0.052036 / -0.755770, -1.320235, 0.052036; 1, 16, 1, 0; 0.873398542979; 1, 0, 1; 0, 1, 0; 1, 2, 0 / 1, 10, 0 / 4, 1, 2 ;
1,109; -1.15793, 3.11001, 1.26598 / -1.15793, 3.11001, 1.26598 / -1.15793, 3.11001, 1.26598; 1, 29, 1, 0; 0.145473745426; 1, 0, 1; 1, 0, 0; 3, 1, 2 ;
0,109; -1.161653, 3.110324, 1.264643 / -1.161653, 3.110324, 1.264643 / -1.161653, 3.110324, 1.264643; 1, 29, 1, 0; 0.145473920769; 1, 0, 1; 1, 0, 0; 1, 3, 0 / 2, 1, 2 ;
1,110; 2.96093, 0.805208, 0.439404 / 2.96093, 0.805208, 0.439404 / 2.96093, 0.805208, 0.439404; 1, 19, 1, 0; 0.699475251863; 1, 0, 1; 1, 0, 0; 3, 1, 2 ;
1,112; 0.118349, 1.06656, 1.41109 / 0.118349, 1.06656, 1.41109 / 0.118349, 1.06656, 1.41109; 1, 26, 1, 0; 0.788468055377; 1, 0, 1; 1, 0, 0; 2, 1, 2 ;
0,112; 0.478844, 1.379898, 1.684941 / 0.478844, 1.379898, 1.684941 / 0.478844, 1.379898, 1.684941; 1, 30, 1, 0; 0.143882066778; 1, 0, 1; 1, 0, 0; 3, 1, 2 ;
1,113; 0.50342, 3.19791, 3.17331 / 0.50342, 3.19791, 3.17331 / 0.50342, 3.19791, 3.17331; 1, 43, 1, 0; 0.325128823807; 1, 0, 1; 1, 0, 0; 3, 1, 2 ;
1,115; -3.88289, -1.73732, -0.400717 / -3.88289, -1.73732, -0.400717 / -3.88289, -1.73732, -0.400717; 1, 10, 1, 0; 0.522577696171; 1, 0, 1; 0, 1, 0; 4, 1, 2 ;
1,116; -0.593585, -0.116057, 0.114425 / -0.593585, -0.116057, 0.114425 / -0.593585, -0.116057, 0.114425; 1, 16, 1, 0; 0.704820102546; 0, 1, 0; 1, 0, 0; 2, 1, 1 ;
0,116; -0.592740, -0.119797, 0.115956 / -0.592740, -0.119797, 0.115956 / -0.592740, -0.119797, 0.115956; 1, 16, 1, 0; 0.704820263276; 1, 0, 1; 1, 0, 0; 2, 1, 2 ;
0,116; 0.561537, -0.168617, 0.428842 / 0.561537, -0.168617, 0.428842 / 0.561537, -0.168617, 0.428842; 1, 23, 1, 0; 0.080843143428; 1, 0, 1; 1, 0, 0; 3, 1, 2 ;
0,116; 0.556481, -0.167283, 0.432386 / 0.556481, -0.167283, 0.432386 / 0.556481, -0.167283, 0.432386; 1, 23, 1, 0; 0.080856925594; 1, 0, 1; 1, 0, 0; 3, 1, 2 ;
1,118; 0.989451, -3.3405, -1.10647 / 0.989451, -3.3405, -1.10647 / 0.989451, -3.3405, -1.10647; 1, 8, 1, 0; 0.907458505534; 1, 0, 1; 1, 0, 0; 2, 1, 2 ;
0,118; -0.127679, -2.303262, 1.321983 / -0.127679, -2.303262, 1.321983 / -0.127679, -2.303262, 1.321983; 1, 22, 1, 0; 0.459920118335; 1, 0, 1; 0, 1, 0; 4, 1, 2 / 4, 3, 0 ;
1,119; 1.34497, 1.43703, -1.2983 / 1.34497, 1.43703, -1.2983 / 1.34497, 1.43703, -1.2983; 1, 7, 1, 0; 0.480765606000; 1, 0, 1; 1, 0, 0; 3, 1, 2 ;
0,119; 3.746730, 1.881674, -0.175876 / 3.746730, 1.881674, -0.175876 / 3.746730, 1.881674, -0.175876; 1, 20, 1, 0; 0.000530475265; 0, 1, 0; 0, 1, 0; 1, 1, 1 ;
1,121; 1.64957, -0.97905, -2.9786 / 1.64957, -0.97905, -2.9786 / 1.64957, -0.97905, -2.9786; 1, 3, 1, 0; 0.330891802367; 1, 0, 1; 1, 0, 0; 2, 1, 2 ;
1,123; 2.44281, 2.5975, 1.39773 / 2.44298, 2.59785, 1.39852 / 2.44264, 2.59714, 1.39694; 1, 28, 1, 0; 0.112313785508; 1, 0, 2; 2, 0, 0; 1, 2, 0 / 2, 1, 2 / 2, 2, 0 / 2, 6, 2 ;
1,125; -2.36962, 0.467465, -3.756 / -2.36962, 0.467465, -3.756 / -2.36962, 0.467465, -3.756; 1, 1, 1, 0; 0.529565542245; 0, 1, 0; 0, 1, 0; 4, 1, 1 ;
1,126; -0.186472, 1.33904, -0.821865 / -0.186472, 1.33904, -0.821865 / -0.186472, 1.33904, -0.821865; 1, 7, 1, 0; 0.988530478706; 0, 0, 0; 1, 0, 0; 3, 1, 3 ;
0,126; -0.185994, 1.337336, -0.819861 / -0.185994, 1.337336, -0.819861 / -0.185994, 1.337336, -0.819861; 1, 7, 1, 0; 0.988531117909; 1, 0, 1; 1, 0, 0; 3, 1, 2 ;
1,127; 1.98233, -0.0466008, -3.01129 / 1.98233, -0.0466008, -3.01129 / 1.98233, -0.0466008, -3.01129; 1, 3, 1, 0; 0.289860789742; 1, 0, 1; 1, 0, 0; 3, 1, 2 ;
0,127; -0.725750, -0.876853, -1.080330 / -0.725750, -0.876853, -1.080330 / -0.725750, -0.876853, -1.080330; 1, 11, 1, 0; 0.614741952871; 1, 0, 1; 0, 1, 0; 4, 1, 2 ;
1,130; -1.71576, 2.19446, -2.46812 / -1.71576, 2.19446, -2.46812 / -1.71576, 2.19446, -2.46812; 1, 6, 1, 0; 0.168777182144; 1, 0, 1; 1, 0, 0; 2, 1, 2 ;
0,130; 2.270678, -1.150361, 2.618808 / 2.270678, -1.150361, 2.618808 / 2.270678, -1.150361, 2.618808; 1, 34, 1, 0; 0.601334737782; 0, 1, 0; 1, 0, 0; 2, 1, 1 ;
1,131; 0.217173, -3.02724, -1.38727 / 0.217173, -3.02724, -1.38727 / 0.217173, -3.02724, -1.38727; 1, 8, 1, 0; 0.529880796416; 1, 0, 1; 0, 1, 0; 1, 1, 2 ;
1,132; 2.41253, -2.36192, 1.05673 / 2.41253, -2.36192, 1.05673 / 2.41253, -2.36192, 1.05673; 1, 22, 1, 0; 0.206147592272; 0, 1, 0; 1, 0, 0; 2, 1, 1 ;
1,136; 0.0685036, 2.97103, -2.26717 / 0.0685036, 2.97103, -2.26717 / 0.0685036, 2.97103, -2.26717; 1, 4, 1, 0; 0.274172858311; 1, 0, 1; 1, 0, 0; 2, 1, 2 ;
0,136; 0.071616, 2.970687, -2.264405 / 0.071616, 2.970687, -2.264405 / 0.071616, 2.970687, -2.264405; 1, 4, 1, 0; 0.274173366055; 1, 0, 1; 1, 0, 0; 3, 1, 2 ;
0,136; 0.757726, 2.419616, -2.187768 / 0.757726, 2.419616, -2.187768 / 0.757726, 2.419616, -2.187768; 1, 4, 1, 0; 0.317762851743; 1, 0, 1; 1, 0, 0; 2, 1, 2 ;
0,136; 1.431618, 1.879387, -2.097210 / 1.431618, 1.879387, -2.097210 / 1.431618, 1.879387, -2.097210; 1, 4, 1, 0; 0.766193639510; 0, 0, 0; 1, 0, 0; 2, 1, 3 ;
0,136; 4.036509, -0.119989, -1.716999 / 4.036509, -0.119989, -1.716999 / 4.036509, -0.119989, -1.716999; 1, 4, 1, 0; 0.940349609320; 1, 0, 1; 1, 0, 0; 2, 1, 2 ;
1,137; 3.4702, -1.95759, -0.800784 / 3.4702, -1.95759, -0.800784 / 3.4702, -1.95759, -0.800784; 1, 12, 1, 0; 0.598074433657; 1, 0, 1; 1, 0, 0; 3, 1, 2 ;
1,139; -0.241011, 2.38636, -3.31486 / -0.241011, 2.38636, -3.31486 / -0.241011, 2.38636, -3.31486; 1, 2, 1, 0; 0.202002118476; 1, 0, 1; 0, 1, 0; 4, 1, 2 ;
1,140; -0.878588, 2.68718, 1.05128 / -0.878588, 2.68718, 1.05128 / -0.878588, 2.68718, 1.05128; 1, 25, 1, 0; 0.917847121855; 1, 0, 1; 0, 1, 0; 4, 1, 2 ;
1,141; 0.933655, 0.684004, -4.16323 / 0.933655, 0.684004, -4.16323 / 0.933655, 0.684004, -4.16323; 1, 1, 1, 0; 0.139454167972; 1, 0, 1; 1, 0, 0; 3, 1, 2 ;
1,142; 0.432553, 0.740854, -2.30291 / 0.432553, 0.740854, -2.30291 / 0.432553, 0.740854, -2.30291; 1, 4, 1, 0; 0.437312378857; 1, 0, 1; 1, 0, 0; 2, 1, 2 ;
1,144; -2.28723, -2.57288, -1.17616 / -2.28723, -2.57288, -1.17616 / -2.28723, -2.57288, -1.17616; 1, 9, 1, 0; 0.351902777598; 1, 0, 1; 0, 1, 0; 4, 1, 2 ;
0,144; -2.625771, -2.539208, -1.157590 / -2.625771, -2.539208, -1.157590 / -2.625771, -2.539208, -1.157590; 1, 9, 1, 0; 0.354493504232; 1, 0, 1; 1, 0, 0; 2, 1, 2 ;
1,147; -0.132271, -3.45272, 0.394896 / -0.132271, -3.45272, 0.394896 / -0.132271, -3.45272, 0.394896; 1, 18, 1, 0; 0.199856799712; 1, 0, 1; 1, 0, 0; 2, 1, 2 ;
1,148; -1.49907, -0.255734, -1.392 / -1.49907, -0.255734, -1.392 / -1.49907, -0.255734, -1.392; 1, 6, 1, 0; 0.979927342749; 1, 0, 1; 1, 0, 0; 3, 1, 2 ;
0,148; -3.067106, -1.982684, -0.254663 / -3.067106, -1.982684, -0.254663 / -3.067106, -1.982684, -0.254663; 1, 10, 1, 0; 0.885495314440; 0, 0, 0; 1, 0, 0; 3, 1, 3 / 4, 2, 0 ;
1,149; 3.12125, -1.98012, -2.0149 / 3.12125, -1.98012, -2.0149 / 3.12125, -1.98012, -2.0149; 1, 8, 1, 0; 0.052289290751; 1, 0, 1; 1, 0, 0; 3, 1, 2 ;
0,149; 2.412839, -2.387388, -1.664720 / 2.412839, -2.387388, -1.664720 / 2.412839, -2.387388, -1.664720; 1, 8, 1, 0; 0.264072921237; 1, 0, 1; 1, 0, 0; 2, 1, 2 ;
1,150; 1.60493, 2.82624, -1.14638 / 1.60493, 2.82624, -1.14638 / 1.60493, 2.82624, -1.14638; 1, 13, 1, 0; 0.079172258516; 1, 0, 1; 1, 0, 0; 3, 1, 2 ;
1,151; 3.0294, -1.91007, -2.33243 / 3.0294, -1.91007, -2.33243 / 3.0294, -1.91007, -2.33243; 1, 3, 1, 0; 0.913687367272; 1, 0, 1; 1, 0, 0; 2, 1, 2 ;
0,151; 3.027950, -1.909963, -2.325100 / 3.027950, -1.909963, -2.325100 / 3.027950, -1.909963, -2.325100; 1, 3, 1, 0; 0.913694491794; 1, 0, 1; 1, 0, 0; 3, 1, 2 ;
1,152; -2.96808, 1.41009, -0.607157 / -2.96808, 1.41009, -0.607157 / -2.96808, 1.41009, -0.607157; 1, 14, 1, 0; 0.305603876688; 1, 0, 1; 0, 1, 0; 1, 1, 2 ;
0,152; -2.964560, 1.412427, -0.610295 / -2.964560, 1.412427, -0.610295 / -2.964560, 1.412427, -0.610295; 1, 14, 1, 0; 0.305593862445; 1, 0, 1; 1, 0, 0; 3, 1, 2 ;
0,152; -2.014013, -1.195680, 1.597356 / -2.014013, -1.195680, 1.597356 / -2.014013, -1.195680, 1.597356; 1, 24, 1, 0; 0.700001189774; 1, 0, 1; 1, 0, 0; 3, 1, 2 ;
1,156; 0.808042, -1.83298, 0.744357 / 0.808042, -1.83298, 0.744357 / 0.808042, -1.83298, 0.744357; 1, 19, 1, 0; 0.838159668289; 0, 0, 0; 1, 0, 0; 3, 1, 3 ;
0,156; 1.411466, -0.392764, 2.235325 / 1.411466, -0.392764, 2.235325 / 1.411466, -0.392764, 2.235325; 1, 28, 1, 0; 0.849347484972; 1, 0, 1; 0, 1, 0; 4, 1, 2 ;
1,159; -1.42887, -1.06569, -3.42239 / -1.42887, -1.06569, -3.42239 / -1.42887, -1.06569, -3.42239; 1, 1, 1, 0; 0.845409590576; 0, 1, 0; 0, 1, 0; 4, 1, 1 ;
1,164; -2.35549, -0.282689, -1.21738 / -2.35549, -0.282689, -1.21738 / -2.35549, -0.282689, -1.21738; 1, 10, 1, 0; 0.186217575231; 1, 0, 1; 1, 0, 0; 3, 1, 2 / 3, 3, 0 / 4, 7, 0 ;
1,166; 0.95722, 0.069682, -4.44835 / 0.95722, 0.069682, -4.44835 / 0.95722, 0.069682, -4.44835; 1, 1, 1, 0; 0.055565209205; 0, 1, 0; 0, 1, 0; 4, 1, 1 ;
1,167; 0.6122, 1.67295, -2.31024 / 0.6122, 1.67295, -2.31024 / 0.6122, 1.67295, -2.31024; 1, 4, 1, 0; 0.368804825171; 1, 0, 1; 0, 1, 0; 4, 1, 2 ;
1,168; 0.547903, -0.516576, 3.61915 / 0.547903, -0.516576, 3.61915 / 0.547903, -0.516576, 3.61915; 1, 44, 1, 0; 0.376024370144; 1, 0, 1; 1, 0, 0; 2, 1, 2 ;
1,170; -1.7106, -1.72454, 3.90345 / -1.7106, -1.72454, 3.90345 / -1.7106, -1.72454, 3.90345; 1, 45, 1, 0; 0.869314460737; 1, 0, 1; 1, 0, 0; 3, 1, 2 ;
1,173; 0.678449, -0.12263, -3.39771 / 0.678449, -0.12263, -3.39771 / 0.678449, -0.12263, -3.39771; 1, 2, 1, 0; 0.394410002721; 1, 0, 1; 1, 0, 0; 2, 1, 2 ;
0,173; -0.765376, -1.989760, -3.316098 / -0.765376, -1.989760, -3.316098 / -0.765376, -1.989760, -3.316098; 1, 5, 1, 0; 0.033295938741; 1, 0, 1; 0, 1, 0; 4, 1, 2 ;
0,173; -0.765031, -1.991740, -3.315786 / -0.765031, -1.991740, -3.315786 / -0.765031, -1.991740, -3.315786; 1, 5, 1, 0; 0.033295879930; 1, 0, 1; 1, 0, 0; 3, 1, 2 ;
0,173; -0.711833, -1.918899, -3.319722 / -0.711833, -1.918899, -3.319722 / -0.711833, -1.918899, -3.319722; 1, 5, 1, 0; 0.034382430521; 1, 0, 1; 1, 0, 0; 3, 1, 2 ;
1,174; -2.20773, -0.526238, -0.439256 / -2.20729, -0.52595, -0.439131 / -2.20817, -0.526526, -0.439382; 1, 10, 1, 0; 0.632422147031; 2, 1, 1; 1, 1, 0; 2, 3, 1 / 4, 1, 2 ;
0,174; -1.834350, -0.731892, -0.872150 / -1.834073, -0.731680, -0.872049 / -1.834626, -0.732103, -0.872252; 1, 10, 1, 0; 0.424484918184; 0, 2, 0; 2, 0, 0; 2, 1, 1 / 3, 1, 0 / 3, 2, 1 / 3, 4, 0 ;
0,174; -1.837304, -0.731148, -0.873604 / -1.837304, -0.731148, -0.873604 / -1.837304, -0.731148, -0.873604; 1, 10, 1, 0; 0.424484296398; 0, 1, 0; 1, 0, 0; 2, 1, 1 ;
0,174; -2.206573, -0.522751, -0.438662 / -2.206573, -0.522751, -0.438662 / -2.206573, -0.522751, -0.438662; 1, 10, 1, 0; 0.632422028081; 1, 0, 1; 1, 0, 0; 2, 1, 2 ;
1,176; -1.64126, -1.60374, -1.1354 / -1.64126, -1.60374, -1.1354 / -1.64126, -1.60374, -1.1354; 1, 9, 1, 0; 0.418671265718; 1, 0, 1; 1, 0, 0; 2, 1, 2 / 3, 10, 0 ;
0,176; 0.680171, -0.845596, -0.099218 / 0.680171, -0.845596, -0.099218 / 0.680171, -0.845596, -0.099218; 1, 16, 1, 0; 0.378855646725; 1, 0, 1; 1, 0, 0; 3, 1, 2 ;
1,177; 3.17544, -0.528689, -0.399685 / 3.17551, -0.528464, -0.399424 / 3.17537, -0.528913, -0.399945; 1, 12, 1, 0; 0.785618869099; 2, 1, 1; 0, 2, 0; 1, 1, 1 / 1, 2, 2 ;
1,178; 2.17833, -0.441992, 1.06831 / 2.17833, -0.441992, 1.06831 / 2.17833, -0.441992, 1.06831; 1, 26, 1, 0; 0.094921752175; 1, 0, 1; 0, 1, 0; 4, 1, 2 ;
0,178; 2.178478, -0.444927, 1.069946 / 2.178478, -0.444927, 1.069946 / 2.178478, -0.444927, 1.069946; 1, 26, 1, 0; 0.094920774935; 1, 0, 1; 1, 0, 0; 2, 1, 2 / 2, 2, 0 ;
1,184; 2.65281, 0.823912, 1.30588 / 2.65281, 0.823912, 1.30588 / 2.65281, 0.823912, 1.30588; 1, 26, 1, 0; 0.841578294972; 1, 0, 1; 1, 0, 0; 1, 1, 0 / 2, 1, 2 / 2, 7, 0 / 3, 4, 0 ;
1,185; -1.7171, -3.3915, 1.56766 / -1.7171, -3.3915, 1.56766 / -1.7171, -3.3915, 1.56766; 1, 32, 1, 0; 0.052262752978; 0, 1, 0; 0, 1, 0; 4, 1, 1 ;
1,186; 1.35307, 0.785992, -0.941272 / 1.35307, 0.785992, -0.941272 / 1.35307, 0.785992, -0.941272; 1, 11, 1, 0; 0.810339067714; 0, 1, 0; 0, 1, 0; 1, 1, 1 ;
0,186; -0.203614, 0.202597, -0.664475 / -0.203614, 0.202597, -0.664475 / -0.203614, 0.202597, -0.664475; 1, 16, 1, 0; 0.095550146533; 0, 1, 0; 1, 0, 0; 2, 1, 1 ;
1,187; -0.343437, -2.80814, -1.63057 / -0.343084, -2.80803, -1.63024 / -0.343791, -2.80825, -1.63089; 1, 8, 1, 0; 0.342707237101; 0, 2, 0; 1, 1, 0; 2, 6, 1 / 3, 8, 0 / 3, 9, 0 / 4, 1, 1 ;
0,187; -0.355871, -3.898988, -1.709479 / -0.355871, -3.898988, -1.709479 / -0.355871, -3.898988, -1.709479; 1, 8, 1, 0; 0.398669431089; 1, 0, 1; 0, 1, 0; 1, 1, 2 ;
0,187; -0.341205, -2.794572, -1.631361 / -0.341205, -2.794572, -1.631361 / -0.341205, -2.794572, -1.631361; 1, 8, 1, 0; 0.342708193348; 1, 0, 1; 1, 0, 0; 2, 1, 2 ;
1,189; -1.96509, -0.564669, -0.160365 / -1.96509, -0.564669, -0.160365 / -1.96509, -0.564669, -0.160365; 1, 10, 1, 0; 0.771270237771; 0, 0, 0; 0, 1, 0; 1, 1, 3 / 4, 5, 0 ;
0,189; 0.381413, 0.990315, -0.846953 / 0.381413, 0.990315, -0.846953 / 0.381413, 0.990315, -0.846953; 1, 13, 1, 0; 0.319378402965; 1, 0, 1; 1, 0, 0; 3, 1, 2 / 3, 2, 0 ;
0,189; -2.670308, -1.067477, 0.012538 / -2.670308, -1.067477, 0.012538 / -2.670308, -1.067477, 0.012538; 1, 14, 1, 0; 0.958356328546; 1, 0, 1; 0, 1, 0; 1, 1, 2 ;
0,189; -2.667487, -1.025156, 0.043065 / -2.667487, -1.025156, 0.043065 / -2.667487, -1.025156, 0.043065; 1, 14, 1, 0; 0.959405355866; 1, 0, 1; 0, 1, 0; 1, 1, 2 ;
0,189; -2.659624, -1.052967, 0.024320 / -2.659624, -1.052967, 0.024320 / -2.659624, -1.052967, 0.024320; 1, 14, 1, 0; 0.958340054632; 0, 1, 0; 1, 0, 0; 2, 1, 1 ;
0,189; -2.661603, -1.051635, 0.027330 / -2.661603, -1.051635, 0.027330 / -2.661603, -1.051635, 0.027330; 1, 14, 1, 0; 0.958340140803; 1, 0, 1; 1, 0, 0; 3, 1, 2 ;
0,189; -2.664324, -1.049908, 0.026416 / -2.664324, -1.049908, 0.026416 / -2.664324, -1.049908, 0.026416; 1, 14, 1, 0; 0.958350832099; 0, 1, 0; 1, 0, 0; 2, 1, 1 ;
0,189; -2.671398, -1.065885, 0.018048 / -2.671398, -1.065885, 0.018048 / -2.671398, -1.065885, 0.018048; 1, 14, 1, 0; 0.958355417601; 1, 0, 1; 1, 0, 0; 2, 1, 2 ;
0,189; -2.689961, -1.074043, 0.020306 / -2.689961, -1.074043, 0.020306 / -2.689961, -1.074043, 0.020306; 1, 14, 1, 0; 0.958366028882; 1, 0, 1; 1, 0, 0; 3, 1, 2 / 3, 4, 0 ;
1,193; 1.46589, -0.4045, -0.526318 / 1.46589, -0.4045, -0.526318 / 1.46589, -0.4045, -0.526318; 1, 12, 1, 0; 0.770556232634; 0, 1, 0; 1, 0, 0; 2, 1, 1 ;
0,193; 2.310928, 0.557182, -0.024231 / 2.310928, 0.557182, -0.024231 / 2.310928, 0.557182, -0.024231; 1, 13, 1, 0; 0.973595802512; 1, 0, 1; 1, 0, 0; 3, 1, 2 ;
1,197; -3.58341, -2.45093, -0.892976 / -3.58341, -2.45093, -0.892976 / -3.58341, -2.45093, -0.892976; 1, 9, 1, 0; 0.557769579219; 1, 0, 1; 1, 0, 0; 2, 1, 2 ;
