1,2; 0.772267, 1.32793, -3.62777 / 0.772267, 1.32793, -3.62777 / 0.772267, 1.32793, -3.62777; 1, 1, 1, 0; 0.611916457825; 0, 1, 0; 1, 0, 0; 3, 1, 1 ;
0,2; 0.766106, 1.610273, -3.359873 / 0.766686, 1.610362, -3.359141 / 0.765526, 1.610184, -3.360605; 1, 2, 1, 0; 0.242116522534; 2, 1, 1; 0, 2, 1; 1, 2, 1 / 4, 1, 2 ;
0,2; 0.725348, 2.408938, -2.584714 / 0.725348, 2.408938, -2.584714 / 0.725348, 2.408938, -2.584714; 1, 4, 1, 0; 0.134355492692; 1, 0, 1; 1, 0, 0; 2, 3, 0 / 3, 1, 2 ;
1,4; -1.94466, -1.2588, -0.788829 / -1.94466, -1.2588, -0.788829 / -1.94466, -1.2588, -0.788829; 1, 10, 1, 0; 0.470050564689; 1, 0, 1; 1, 0, 0; 2, 1, 2 ;
1,7; 3.80054, -1.92618, -1.09041 / 3.80054, -1.92618, -1.09041 / 3.80054, -1.92618, -1.09041; 1, 8, 1, 0; 0.762650450356; 1, 0, 1; 0, 1, 0; 4, 1, 2 ;
1,8; -3.54423, 0.699298, 1.95168 / -3.54423, 0.699298, 1.95168 / -3.54423, 0.699298, 1.95168; 1, 30, 1, 0; 0.833458761461; 1, 0, 1; 1, 0, 0; 1, 3, 0 / 3, 1, 2 ;
0,8; -3.548352, 0.698336, 1.949963 / -3.548352, 0.698336, 1.949963 / -3.548352, 0.698336, 1.949963; 1, 30, 1, 0; 0.833476724296; 1, 0, 1; 1, 0, 0; 1, 1, 0 / 2, 1, 2 ;
1,10; 1.70621, 2.1023, 2.56821 / 1.70621, 2.1023, 2.56821 / 1.70621, 2.1023, 2.56821; 1, 38, 1, 0; 0.665964979151; 1, 0, 1; 0, 1, 0; 1, 1, 2 ;
0,10; 1.710086, 2.101588, 2.571121 / 1.710086, 2.101588, 2.571121 / 1.710086, 2.101588, 2.571121; 1, 38, 1, 0; 0.665962882002; 1, 0, 1; 1, 0, 0; 2, 1, 2 ;
1,11; 2.53682, 0.681967, -0.148577 / 2.53682, 0.681967, -0.148577 / 2.53682, 0.681967, -0.148577; 1, 13, 1, 0; 0.940853457222; 1, 0, 1; 0, 1, 0; 1, 1, 2 ;
1,13; 1.6153, -0.264426, -4.15918 / 1.6153, -0.264426, -4.15918 / 1.6153, -0.264426, -4.15918; 1, 1, 1, 0; 0.190188329236; 0, 1, 0; 1, 0, 0; 2, 1, 1 ;
0,13; 1.668387, -0.881164, -2.717304 / 1.668387, -0.881164, -2.717304 / 1.668387, -0.881164, -2.717304; 1, 3, 1, 0; 0.633005109668; 1, 0, 1; 0, 1, 0; 1, 1, 2 ;
1,14; 1.28134, 2.37271, 1.6779 / 1.28134, 2.37271, 1.6779 / 1.28134, 2.37271, 1.6779; 1, 28, 1, 0; 0.321905480169; 1, 0, 1; 0, 1, 0; 1, 1, 2 ;
1,15; 0.785079, -1.73187, -3.88188 / 0.785079, -1.73187, -3.88188 / 0.785079, -1.73187, -3.88188; 1, 1, 1, 0; 0.350370009556; 1, 0, 1; 0, 1, 0; 1, 1, 2 ;
0,15; 0.785387, -1.727628, -3.880347 / 0.785387, -1.727628, -3.880347 / 0.785387, -1.727628, -3.880347; 1, 1, 1, 0; 0.350369511184; 1, 0, 1; 1, 0, 0; 3, 1, 2 ;
0,15; -2.043880, -1.460501, -1.763883 / -2.042942, -1.460287, -1.763866 / -2.044818, -1.460715, -1.763900; 1, 6, 1, 0; 0.880902586843; 1, 0, 2; 2, 0, 0; 3, 1, 2 / 3, 8, 2 ;
0,15; -2.043170, -1.469986, -1.761940 / -2.043170, -1.469986, -1.761940 / -2.043170, -1.469986, -1.761940; 1, 6, 1, 0; 0.880902292783; 1, 0, 1; 1, 0, 0; 1, 10, 0 / 2, 1, 2 ;
0,15; -2.048087, -1.463583, -1.764306 / -2.048087, -1.463583, -1.764306 / -2.048087, -1.463583, -1.764306; 1, 6, 1, 0; 0.880902704467; 1, 0, 1; 1, 0, 0; 1, 6, 0 / 2, 1, 2 / 2, 7, 0 / 3, 10, 0 ;
1,16; 0.223957, 2.68513, 0.723954 / 0.223957, 2.68513, 0.723954 / 0.223957, 2.68513, 0.723954; 1, 25, 1, 0; 0.554449933565; 1, 0, 1; 0, 1, 0; 1, 1, 2 ;
0,16; 0.222098, 2.680185, 0.725775 / 0.222098, 2.680185, 0.725775 / 0.222098, 2.680185, 0.725775; 1, 25, 1, 0; 0.554451219408; 0, 1, 0; 0, 1, 0; 4, 1, 1 ;
0,16; 0.209117, 2.684194, 0.728068 / 0.209117, 2.684194, 0.728068 / 0.209117, 2.684194, 0.728068; 1, 25, 1, 0; 0.554454013973; 1, 0, 1; 0, 1, 0; 1, 1, 2 ;
0,16; 0.211074, 2.685103, 0.717968 / 0.211074, 2.685103, 0.717968 / 0.211074, 2.685103, 0.717968; 1, 25, 1, 0; 0.554438746732; 1, 0, 1; 1, 0, 0; 2, 1, 2 ;
0,16; 0.205577, 2.686788, 0.725005 / 0.205577, 2.686788, 0.725005 / 0.205577, 2.686788, 0.725005; 1, 25, 1, 0; 0.554440092581; 1, 0, 1; 1, 0, 0; 2, 1, 2 ;
0,16; 0.223364, 2.679899, 0.724894 / 0.223364, 2.679899, 0.724894 / 0.223364, 2.679899, 0.724894; 1, 25, 1, 0; 0.554451116540; 1, 0, 1; 1, 0, 0; 2, 1, 2 ;
1,18; 0.77734, 4.14597, -1.09206 / 0.77734, 4.14597, -1.09206 / 0.77734, 4.14597, -1.09206; 1, 7, 1, 0; 0.832582229559; 1, 0, 1; 1, 0, 0; 3, 1, 2 ;
1,22; 2.17668, 2.8458, -1.98329 / 2.1767, 2.84625, -1.98321 / 2.17666, 2.84534, -1.98336; 1, 4, 1, 0; 0.844638954372; 1, 0, 2; 2, 0, 0; 3, 1, 2 / 3, 3, 2 ;
0,22; 2.064953, 0.678995, 2.020577 / 2.065054, 0.679132, 2.021196 / 2.064851, 0.678858, 2.019958; 1, 28, 1, 0; 0.688587874971; 0, 3, 0; 1, 2, 1; 1, 1, 1 / 3, 5, 1 / 4, 5, 1 / 4, 7, 0 ;
1,25; 0.109526, -1.97263, 2.41415 / 0.109526, -1.97263, 2.41415 / 0.109526, -1.97263, 2.41415; 1, 33, 1, 0; 0.564196009170; 1, 0, 1; 1, 0, 0; 2, 1, 2 ;
1,26; 0.116128, -1.61415, -1.25024 / 0.116128, -1.61415, -1.25024 / 0.116128, -1.61415, -1.25024; 1, 8, 1, 0; 0.661355906895; 1, 0, 1; 1, 0, 0; 2, 1, 2 / 3, 2, 0 / 3, 3, 0 ;
0,26; 0.096688, -1.532829, -1.234566 / 0.096688, -1.532829, -1.234566 / 0.096688, -1.532829, -1.234566; 1, 11, 1, 0; 0.549024508727; 1, 0, 1; 1, 0, 0; 1, 4, 0 / 1, 5, 0 / 3, 1, 2 ;
1,27; 3.11089, -2.67972, 0.497446 / 3.11089, -2.67972, 0.497446 / 3.11089, -2.67972, 0.497446; 1, 19, 1, 0; 0.328606883256; 1, 0, 1; 0, 1, 0; 1, 1, 2 ;
0,27; 3.110550, -2.706600, 0.504551 / 3.110550, -2.706600, 0.504551 / 3.110550, -2.706600, 0.504551; 1, 19, 1, 0; 0.328581154566; 1, 0, 1; 1, 0, 0; 3, 1, 2 ;
0,27; 3.121260, -2.681910, 0.496326 / 3.121260, -2.681910, 0.496326 / 3.121260, -2.681910, 0.496326; 1, 19, 1, 0; 0.328604786202; 1, 0, 1; 1, 0, 0; 3, 1, 2 ;
1,28; 1.04378, 2.46421, 3.57931 / 1.04378, 2.46421, 3.57931 / 1.04378, 2.46421, 3.57931; 1, 45, 1, 0; 0.582015168629; 1, 0, 1; 1, 0, 0; 3, 1, 2 ;
1,36; 1.70293, -1.74075, 0.750831 / 1.70293, -1.74075, 0.750831 / 1.70293, -1.74075, 0.750831; 1, 19, 1, 0; 0.849144502969; 1, 0, 1; 1, 0, 0; 3, 1, 2 ;
0,36; 0.496683, -1.220671, 2.550928 / 0.496683, -1.220671, 2.550928 / 0.496683, -1.220671, 2.550928; 1, 34, 1, 0; 0.567320246764; 0, 1, 0; 1, 0, 0; 3, 1, 1 ;
1,39; 1.09314, -3.54178, -1.76424 / 1.09314, -3.54178, -1.76424 / 1.09314, -3.54178, -1.76424; 1, 8, 1, 0; 0.379642010839; 1, 0, 1; 1, 0, 0; 2, 4, 0 / 3, 1, 2 ;
1,41; 1.605, 3.75934, -1.7734 / 1.605, 3.75934, -1.7734 / 1.605, 3.75934, -1.7734; 1, 13, 1, 0; 0.032174524800; 1, 0, 1; 0, 1, 0; 4, 1, 2 ;
0,41; 1.602229, 3.757958, -1.774123 / 1.602229, 3.757958, -1.774123 / 1.602229, 3.757958, -1.774123; 1, 13, 1, 0; 0.032175232630; 1, 0, 1; 1, 0, 0; 2, 1, 2 / 3, 4, 0 / 4, 3, 0 ;
1,46; -0.705274, 2.06068, -1.7742 / -0.705274, 2.06068, -1.7742 / -0.705274, 2.06068, -1.7742; 1, 7, 1, 0; 0.042224746646; 1, 0, 1; 1, 0, 0; 2, 1, 2 ;
1,49; -2.59988, 2.26355, 1.03258 / -2.59973, 2.26359, 1.03277 / -2.60003, 2.26351, 1.03238; 1, 24, 1, 0; 0.378343745705; 0, 2, 0; 1, 1, 0; 3, 1, 1 / 4, 2, 1 ;
0,49; -2.055265, 1.187123, 1.974275 / -2.055265, 1.187123, 1.974275 / -2.055265, 1.187123, 1.974275; 1, 29, 1, 0; 0.948644361189; 1, 0, 1; 1, 0, 0; 3, 1, 2 ;
0,49; -2.058381, 1.171144, 1.990939 / -2.058381, 1.171144, 1.990939 / -2.058381, 1.171144, 1.990939; 1, 29, 1, 0; 0.948664603473; 1, 0, 1; 1, 0, 0; 3, 1, 2 ;
1,50; 4.26164, -0.514334, -1.10915 / 4.26164, -0.514334, -1.10915 / 4.26164, -0.514334, -1.10915; 1, 12, 1, 0; 0.152227139149; 0, 1, 0; 1, 0, 0; 3, 1, 1 ;
1,52; -1.75524, -0.702566, -3.64126 / -1.75524, -0.702566, -3.64126 / -1.75524, -0.702566, -3.64126; 1, 1, 1, 0; 0.804460326426; 1, 0, 1; 1, 0, 0; 2, 1, 2 ;
1,54; -0.894006, 2.54881, -2.92068 / -0.894006, 2.54881, -2.92068 / -0.894006, 2.54881, -2.92068; 1, 2, 1, 0; 0.777040338861; 1, 0, 1; 1, 0, 0; 2, 1, 2 ;
1,55; -0.622588, -2.95412, -1.64953 / -0.622307, -2.95365, -1.64835 / -0.62287, -2.95459, -1.65071; 1, 8, 1, 0; 0.344397186077; 2, 2, 1; 2, 1, 0; 1, 1, 1 / 2, 5, 1 / 3, 10, 2 ;
0,55; -0.623554, -2.954712, -1.652099 / -0.623193, -2.953969, -1.651274 / -0.623914, -2.955454, -1.652924; 1, 8, 1, 0; 0.344397247441; 2, 2, 1; 2, 1, 0; 2, 1, 1 / 3, 8, 2 / 4, 7, 1 ;
0,55; -0.621229, -2.955750, -1.646721 / -0.621229, -2.955750, -1.646721 / -0.621229, -2.955750, -1.646721; 1, 8, 1, 0; 0.344397774144; 0, 1, 0; 0, 1, 0; 4, 1, 1 / 4, 8, 0 ;
1,59; -1.13915, 0.533079, -4.28719 / -1.13899, 0.533353, -4.28715 / -1.13931, 0.532805, -4.28723; 1, 1, 1, 0; 0.160169853874; 1, 0, 2; 1, 1, 0; 3, 1, 2 / 4, 2, 2 ;
0,59; -1.139225, 0.530571, -4.284674 / -1.139225, 0.530571, -4.284674 / -1.139225, 0.530571, -4.284674; 1, 1, 1, 0; 0.160169905294; 0, 1, 0; 0, 1, 0; 1, 1, 1 ;
0,59; -1.135902, 0.531759, -4.282129 / -1.135902, 0.531759, -4.282129 / -1.135902, 0.531759, -4.282129; 1, 1, 1, 0; 0.160162991371; 1, 0, 1; 1, 0, 0; 2, 1, 2 ;
1,60; -0.470811, -1.2162, -1.53702 / -0.470811, -1.2162, -1.53702 / -0.470811, -1.2162, -1.53702; 1, 8, 1, 0; 0.727074615890; 1, 0, 1; 1, 0, 0; 2, 1, 2 ;
1,66; 0.806054, 1.63249, 1.31813 / 0.806054, 1.63249, 1.31813 / 0.806054, 1.63249, 1.31813; 1, 26, 1, 0; 0.671613107025; 1, 0, 1; 1, 0, 0; 3, 1, 2 ;
0,66; -1.624507, -0.395916, 4.119131 / -1.624507, -0.395916, 4.119131 / -1.624507, -0.395916, 4.119131; 1, 46, 1, 0; 0.741203659814; 1, 0, 1; 1, 0, 0; 2, 1, 2 ;
1,67; 0.51611, 1.33561, 4.10938 / 0.51611, 1.33561, 4.10938 / 0.51611, 1.33561, 4.10938; 1, 46, 1, 0; 0.521946240392; 1, 0, 1; 1, 0, 0; 2, 1, 2 ;
1,72; 1.13103, 2.00324, -2.03543 / 1.13103, 2.00324, -2.03543 / 1.13103, 2.00324, -2.03543; 1, 4, 1, 0; 0.768899716712; 0, 1, 0; 1, 0, 0; 2, 2, 0 / 3, 1, 1 ;
1,74; 0.780498, 1.76054, -3.36213 / 0.780498, 1.76054, -3.36213 / 0.780498, 1.76054, -3.36213; 1, 2, 1, 0; 0.242348502827; 1, 0, 1; 1, 0, 0; 2, 1, 2 / 4, 7, 0 ;
1,76; -3.13634, 1.8436, -1.10148 / -3.13634, 1.8436, -1.10148 / -3.13634, 1.8436, -1.10148; 1, 7, 1, 0; 0.587697613269; 1, 0, 1; 1, 0, 0; 3, 1, 2 ;
1,79; 0.975665, -2.411, 0.789687 / 0.975665, -2.411, 0.789687 / 0.975665, -2.411, 0.789687; 1, 18, 1, 0; 0.518787031070; 1, 0, 1; 1, 0, 0; 3, 1, 2 ;
0,79; 1.994417, -1.950170, 0.373668 / 1.994764, -1.950016, 0.373793 / 1.994070, -1.950324, 0.373544; 1, 19, 1, 0; 0.363331981095; 2, 1, 1; 1, 1, 0; 1, 5, 1 / 3, 1, 2 ;
1,83; -3.9258, 0.726296, -0.754962 / -3.9258, 0.726296, -0.754962 / -3.9258, 0.726296, -0.754962; 1, 10, 1, 0; 0.297384142412; 1, 0, 1; 1, 0, 0; 2, 4, 0 / 3, 1, 2 / 3, 5, 0 / 3, 6, 0 ;
1,85; -0.602474, 1.57562, -2.99209 / -0.601946, 1.57575, -2.9918 / -0.603002, 1.57549, -2.99238; 1, 2, 1, 0; 0.704971948777; 2, 1, 2; 0, 3, 1; 1, 7, 2 / 1, 8, 0 / 4, 1, 2 / 4, 2, 1 ;
1,89; 1.84622, -0.949816, 1.15421 / 1.84622, -0.949816, 1.15421 / 1.84622, -0.949816, 1.15421; 1, 27, 1, 0; 0.152289935467; 1, 0, 1; 1, 0, 0; 2, 1, 2 ;
0,89; -0.064654, 2.457296, 1.670615 / -0.064652, 2.457348, 1.670688 / -0.064656, 2.457245, 1.670543; 1, 29, 1, 0; 0.371634939468; 2, 1, 1; 1, 1, 0; 3, 1, 1 / 4, 1, 2 ;
0,89; -0.085018, 2.448237, 1.664342 / -0.084819, 2.448782, 1.664618 / -0.085218, 2.447692, 1.664067; 1, 29, 1, 0; 0.371667767426; 1, 0, 2; 1, 1, 0; 2, 1, 2 / 2, 2, 0 / 4, 2, 2 ;
0,89; -0.086725, 2.454446, 1.662506 / -0.086725, 2.454446, 1.662506 / -0.086725, 2.454446, 1.662506; 1, 29, 1, 0; 0.371669199387; 0, 1, 0; 0, 1, 0; 4, 1, 1 ;
0,89; -0.067862, 2.458349, 1.670061 / -0.067485, 2.458552, 1.670349 / -0.068239, 2.458145, 1.669774; 1, 29, 1, 0; 0.371635046622; 1, 0, 2; 2, 0, 0; 2, 4, 2 / 3, 1, 2 ;
1,91; 0.250771, -0.851176, -2.03919 / 0.250771, -0.851176, -2.03919 / 0.250771, -0.851176, -2.03919; 1, 4, 1, 0; 0.512335295801; 1, 0, 1; 1, 0, 0; 3, 1, 2 ;
0,91; -1.108058, -0.931579, -2.278164 / -1.108058, -0.931579, -2.278164 / -1.108058, -0.931579, -2.278164; 1, 5, 1, 0; 0.444708910303; 1, 0, 1; 1, 0, 0; 2, 1, 2 ;
0,91; 3.856196, -0.632273, -1.296916 / 3.856196, -0.632273, -1.296916 / 3.856196, -0.632273, -1.296916; 1, 12, 1, 0; 0.113890481455; 1, 0, 1; 1, 0, 0; 3, 1, 2 ;
0,91; 3.850467, -0.638690, -1.298143 / 3.850467, -0.638690, -1.298143 / 3.850467, -0.638690, -1.298143; 1, 12, 1, 0; 0.113891311114; 1, 0, 1; 1, 0, 0; 3, 1, 2 ;
1,92; -2.30963, -3.07948, -2.36931 / -2.30963, -3.07948, -2.36931 / -2.30963, -3.07948, -2.36931; 1, 5, 1, 0; 0.580527538201; 1, 0, 1; 1, 0, 0; 2, 1, 2 ;
0,92; -0.941934, -2.786567, -1.331808 / -0.941934, -2.786567, -1.331808 / -0.941934, -2.786567, -1.331808; 1, 9, 1, 0; 0.215562542984; 1, 0, 1; 0, 1, 0; 1, 1, 2 ;
0,92; -0.944179, -2.785854, -1.328421 / -0.944179, -2.785854, -1.328421 / -0.944179, -2.785854, -1.328421; 1, 9, 1, 0; 0.215562380779; 1, 0, 1; 1, 0, 0; 2, 1, 2 ;
0,92; 2.441816, -2.044126, 1.167691 / 2.441816, -2.044126, 1.167691 / 2.441816, -2.044126, 1.167691; 1, 22, 1, 0; 0.240054539846; 1, 0, 1; 1, 0, 0; 2, 1, 2 ;
1,93; 2.55266, -2.53662, 1.42902 / 2.55374, -2.53634, 1.42963 / 2.55158, -2.53689, 1.42841; 1, 22, 1, 0; 0.504923239678; 2, 2, 1; 2, 1, 0; 1, 6, 0 / 1, 9, 1 / 2, 9, 0 / 3, 1, 1 / 3, 2, 2 ;
0,93; 2.567758, -2.513779, 1.420669 / 2.567869, -2.513520, 1.421074 / 2.567647, -2.514039, 1.420264; 1, 22, 1, 0; 0.504913671923; 1, 0, 2; 2, 0, 0; 1, 1, 0 / 2, 1, 2 / 3, 5, 2 ;
0,93; 2.567857, -2.513864, 1.419433 / 2.567869, -2.513520, 1.420264 / 2.567845, -2.514209, 1.418601; 1, 22, 1, 0; 0.504913701026; 0, 1, 0; 2, 0, 0; 2, 7, 1 / 3, 1, 2 ;
0,93; 2.570701, -2.516186, 1.422724 / 2.570701, -2.516186, 1.422724 / 2.570701, -2.516186, 1.422724; 1, 22, 1, 0; 0.504914479543; 1, 0, 1; 1, 0, 0; 2, 1, 2 ;
0,93; 2.570900, -2.513855, 1.419038 / 2.570900, -2.513855, 1.419038 / 2.570900, -2.513855, 1.419038; 1, 22, 1, 0; 0.504914610509; 0, 1, 0; 1, 0, 0; 3, 1, 1 / 3, 8, 0 ;
0,93; 2.575267, -2.518713, 1.414123 / 2.575267, -2.518713, 1.414123 / 2.575267, -2.518713, 1.414123; 1, 22, 1, 0; 0.504915061612; 1, 0, 1; 1, 0, 0; 2, 1, 2 ;
0,93; 2.553925, -2.536677, 1.429628 / 2.554287, -2.536466, 1.429811 / 2.553563, -2.536887, 1.429446; 1, 22, 1, 0; 0.504923225127; 1, 0, 1; 3, 0, 0; 1, 8, 0 / 3, 1, 2 / 3, 3, 1 / 3, 4, 2 ;
0,93; 2.552040, -2.536528, 1.427666 / 2.552496, -2.536345, 1.428413 / 2.551584, -2.536710, 1.426919; 1, 22, 1, 0; 0.504923297885; 0, 1, 0; 1, 1, 0; 1, 1, 1 / 2, 1, 0 / 2, 5, 1 / 2, 6, 0 / 2, 9, 0 / 3, 5, 0 ;
1,94; 2.32801, -1.40035, 0.752381 / 2.32801, -1.40035, 0.752381 / 2.32801, -1.40035, 0.752381; 1, 19, 1, 0; 0.821531536808; 1, 0, 1; 1, 0, 0; 2, 1, 2 ;
0,94; 2.288536, -0.173402, 1.423732 / 2.289064, -0.173202, 1.423910 / 2.288009, -0.173602, 1.423554; 1, 26, 1, 0; 0.959392687840; 2, 1, 1; 1, 1, 0; 3, 1, 2 / 4, 3, 1 ;
1,97; 3.68583, -1.1177, 0.208601 / 3.68583, -1.1177, 0.208601 / 3.68583, -1.1177, 0.208601; 1, 19, 1, 0; 0.226285147358; 0, 1, 0; 0, 1, 0; 2, 7, 0 / 4, 1, 1 ;
0,97; 1.333545, 1.346098, 1.769434 / 1.333545, 1.346098, 1.769434 / 1.333545, 1.346098, 1.769434; 1, 28, 1, 0; 0.194048493856; 1, 0, 1; 1, 0, 0; 3, 1, 2 ;
1,98; -1.69231, 4.04821, -0.552371 / -1.69231, 4.04821, -0.552371 / -1.69231, 4.04821, -0.552371; 1, 17, 1, 0; 0.056868403873; 1, 0, 1; 1, 0, 0; 3, 1, 2 ;
0,98; 1.890399, -0.507425, 1.100845 / 1.890399, -0.507425, 1.100845 / 1.890399, -0.507425, 1.100845; 1, 26, 1, 0; 0.091377214864; 1, 0, 1; 1, 0, 0; 3, 1, 2 ;
0,98; 2.388705, -1.150802, 1.330066 / 2.388705, -1.150802, 1.330066 / 2.388705, -1.150802, 1.330066; 1, 27, 1, 0; 0.280001215523; 1, 0, 1; 1, 0, 0; 3, 1, 2 ;
1,100; 3.19807, -0.399238, -0.237114 / 3.19807, -0.399238, -0.237114 / 3.19807, -0.399238, -0.237114; 1, 19, 1, 0; 0.056621854780; 1, 0, 1; 1, 0, 0; 2, 1, 2 ;
1,103; -1.34714, 0.296677, -2.94711 / -1.34714, 0.296677, -2.94711 / -1.34714, 0.296677, -2.94711; 1, 2, 1, 0; 0.570386194780; 1, 0, 1; 1, 0, 0; 3, 1, 2 ;
1,104; -0.837658, 0.411284, 1.09855 / -0.837658, 0.411284, 1.09855 / -0.837658, 0.411284, 1.09855; 1, 23, 1, 0; 0.547520806268; 1, 0, 1; 0, 1, 0; 1, 1, 2 ;
0,104; -0.487892, 0.148016, 1.095082 / -0.487892, 0.148016, 1.095082 / -0.487892, 0.148016, 1.095082; 1, 23, 1, 0; 0.510423655666; 1, 0, 1; 1, 0, 0; 1, 10, 0 / 3, 1, 2 / 3, 4, 0 ;
1,106; 1.36003, 2.45775, -2.27153 / 1.36003, 2.45775, -2.27153 / 1.36003, 2.45775, -2.27153; 1, 4, 1, 0; 0.314373348324; 1, 0, 1; 1, 0, 0; 2, 1, 2 ;
0,106; 1.017637, 2.077924, -1.784030 / 1.017637, 2.077924, -1.784030 / 1.017637, 2.077924, -1.784030; 1, 7, 1, 0; 0.055234040138; 1, 0, 1; 1, 0, 0; 3, 1, 2 ;
0,106; 0.122189, 1.014515, -0.510058 / 0.122189, 1.014515, -0.510058 / 0.122189, 1.014515, -0.510058; 1, 13, 1, 0; 0.403951114246; 1, 0, 1; 1, 0, 0; 2, 1, 2 ;
1,107; 1.87375, -3.99332, -0.507566 / 1.87375, -3.99332, -0.507566 / 1.87375, -3.99332, -0.507566; 1, 15, 1, 0; 0.199327805548; 0, 1, 0; 0, 1, 0; 1, 1, 1 ;
0,107; 1.863707, -3.992103, -0.503766 / 1.863707, -3.992103, -0.503766 / 1.863707, -3.992103, -0.503766; 1, 15, 1, 0; 0.199339049976; 1, 0, 1; 0, 1, 0; 1, 1, 2 / 4, 7, 0 ;
1,110; -0.49431, -1.99818, -0.951344 / -0.49431, -1.99818, -0.951344 / -0.49431, -1.99818, -0.951344; 1, 8, 1, 0; 0.793623229537; 1, 0, 1; 1, 0, 0; 3, 1, 2 ;
0,110; -0.608519, -2.752755, -0.801628 / -0.607993, -2.752400, -0.801082 / -0.609045, -2.753110, -0.802174; 1, 9, 1, 0; 0.582962430090; 2, 2, 1; 1, 2, 0; 2, 4, 2 / 4, 1, 1 / 4, 9, 1 ;
1,112; 0.835655, -0.0381126, 1.02383 / 0.835655, -0.0381126, 1.02383 / 0.835655, -0.0381126, 1.02383; 1, 23, 1, 0; 0.481315720242; 0, 1, 0; 0, 1, 0; 4, 1, 1 ;
1,113; 2.23474, 0.155597, -1.94871 / 2.23474, 0.155597, -1.94871 / 2.23474, 0.155597, -1.94871; 1, 4, 1, 0; 0.600654940219; 0, 1, 0; 0, 1, 0; 4, 1, 1 ;
1,116; 0.0433588, 2.21399, -3.93694 / 0.0433588, 2.21399, -3.93694 / 0.0433588, 2.21399, -3.93694; 1, 2, 1, 0; 0.024033182081; 1, 0, 1; 1, 0, 0; 3, 1, 2 ;
1,117; 0.939895, 1.95929, 2.03096 / 0.939895, 1.95929, 2.03096 / 0.939895, 1.95929, 2.03096; 1, 31, 1, 0; 0.206201855499; 1, 0, 1; 0, 1, 0; 1, 1, 2 ;
0,117; 0.978612, 2.011773, 2.067040 / 0.978612, 2.011773, 2.067040 / 0.978612, 2.011773, 2.067040; 1, 31, 1, 0; 0.207389974311; 1, 0, 1; 1, 0, 0; 2, 1, 2 ;
1,118; -1.45845, -1.92783, -1.39938 / -1.45845, -1.92783, -1.39938 / -1.45845, -1.92783, -1.39938; 1, 9, 1, 0; 0.168765668998; 0, 1, 0; 1, 0, 0; 3, 1, 1 ;
1,120; -0.661735, -0.366709, -0.476014 / -0.661735, -0.366709, -0.476014 / -0.661735, -0.366709, -0.476014; 1, 16, 1, 0; 0.171900857496; 1, 0, 1; 0, 1, 0; 1, 1, 2 ;
0,120; -0.660467, -0.364941, -0.464719 / -0.660467, -0.364941, -0.464719 / -0.660467, -0.364941, -0.464719; 1, 16, 1, 0; 0.171912764937; 0, 1, 0; 1, 0, 0; 2, 1, 1 ;
0,120; -2.147047, 0.784348, 0.379460 / -2.147047, 0.784348, 0.379460 / -2.147047, 0.784348, 0.379460; 1, 17, 1, 0; 0.807933562376; 1, 0, 1; 1, 0, 0; 3, 1, 2 ;
1,123; 0.675363, -0.157148, -2.86139 / 0.675777, -0.156541, -2.8609 / 0.674949, -0.157756, -2.86188; 1, 2, 1, 0; 0.549295052827; 2, 1, 1; 1, 1, 0; 3, 1, 1 / 3, 2, 0 / 4, 8, 2 ;
0,123; 0.677023, -0.155150, -2.864327 / 0.677023, -0.155150, -2.864327 / 0.677023, -0.155150, -2.864327; 1, 2, 1, 0; 0.549295001408; 1, 0, 1; 1, 0, 0; 2, 1, 2 ;
1,124; -1.10566, 1.04164, -0.148737 / -1.10566, 1.04164, -0.148737 / -1.10566, 1.04164, -0.148737; 1, 16, 1, 0; 0.536429067014; 1, 0, 1; 1, 0, 0; 3, 1, 2 / 4, 7, 0 ;
1,125; 3.31209, 2.08464, 0.457606 / 3.31209, 2.08464, 0.457606 / 3.31209, 2.08464, 0.457606; 1, 20, 1, 0; 0.455475857840; 1, 0, 1; 1, 0, 0; 2, 1, 2 ;
0,125; 3.316747, 2.082620, 0.462545 / 3.316747, 2.082620, 0.462545 / 3.316747, 2.082620, 0.462545; 1, 20, 1, 0; 0.455489553776; 1, 0, 1; 1, 0, 0; 2, 1, 2 ;
0,125; 3.316256, 2.079637, 0.464519 / 3.316256, 2.079637, 0.464519 / 3.316256, 2.079637, 0.464519; 1, 20, 1, 0; 0.455489785175; 0, 1, 0; 1, 0, 0; 1, 6, 0 / 3, 1, 1 ;
1,128; -0.613845, -2.90685, 1.35079 / -0.613845, -2.90685, 1.35079 / -0.613845, -2.90685, 1.35079; 1, 22, 1, 0; 0.552764244678; 1, 0, 1; 1, 0, 0; 2, 1, 2 ;
1,129; -1.8076, -2.00002, -0.403537 / -1.8076, -2.00002, -0.403537 / -1.8076, -2.00002, -0.403537; 1, 10, 1, 0; 0.500883876396; 1, 0, 1; 1, 0, 0; 3, 1, 2 ;
0,129; -2.042307, -2.126116, -0.566618 / -2.042307, -2.126116, -0.566618 / -2.042307, -2.126116, -0.566618; 1, 10, 1, 0; 0.503001732349; 0, 1, 0; 1, 0, 0; 3, 1, 1 ;
0,129; 0.401196, -0.445282, 1.263588 / 0.401196, -0.445282, 1.263588 / 0.401196, -0.445282, 1.263588; 1, 23, 1, 0; 0.787015218763; 1, 0, 1; 0, 1, 0; 4, 1, 2 ;
1,131; -3.79754, 1.07009, 0.7482 / -3.79744, 1.07021, 0.748916 / -3.79764, 1.06998, 0.747484; 1, 24, 1, 0; 0.218801882651; 1, 0, 2; 1, 1, 0; 1, 4, 2 / 2, 1, 2 / 2, 2, 0 / 4, 5, 0 ;
0,131; -2.112186, -0.812336, 3.301913 / -2.112186, -0.812336, 3.301913 / -2.112186, -0.812336, 3.301913; 1, 41, 1, 0; 0.321850855123; 1, 0, 1; 1, 0, 0; 3, 1, 2 ;
1,134; -1.58144, 3.21821, -1.64333 / -1.58144, 3.21821, -1.64333 / -1.58144, 3.21821, -1.64333; 1, 6, 1, 0; 0.567088411989; 1, 0, 1; 1, 0, 0; 2, 1, 2 ;
0,134; 0.214873, 2.698360, 0.156328 / 0.214873, 2.698360, 0.156328 / 0.214873, 2.698360, 0.156328; 1, 17, 1, 0; 0.560618351565; 0, 1, 0; 0, 1, 0; 4, 1, 1 ;
0,134; 0.209014, 2.697428, 0.158484 / 0.209014, 2.697428, 0.158484 / 0.209014, 2.697428, 0.158484; 1, 17, 1, 0; 0.560617242620; 1, 0, 1; 1, 0, 0; 3, 1, 2 ;
1,136; -0.441104, 0.480653, -2.94355 / -0.440545, 0.481176, -2.94305 / -0.441663, 0.48013, -2.94404; 1, 2, 1, 0; 0.599052962703; 0, 2, 0; 1, 1, 0; 3, 1, 1 / 4, 6, 1 ;
1,138; -0.869623, -0.571146, -0.119071 / -0.869255, -0.570965, -0.118988 / -0.869992, -0.571326, -0.119154; 1, 16, 1, 0; 0.401581660398; 0, 1, 0; 2, 0, 0; 1, 5, 0 / 1, 7, 0 / 2, 1, 3 / 3, 3, 1 / 3, 4, 0 ;
0,138; -0.870601, -0.571959, -0.118274 / -0.869992, -0.571326, -0.117561 / -0.871209, -0.572591, -0.118988; 1, 16, 1, 0; 0.401581673792; 0, 1, 0; 2, 0, 0; 1, 3, 0 / 1, 5, 0 / 3, 1, 1 / 3, 2, 0 / 3, 9, 1 ;
1,139; 0.142203, 0.876389, -2.98412 / 0.142203, 0.876389, -2.98412 / 0.142203, 0.876389, -2.98412; 1, 2, 1, 0; 0.618399094703; 1, 0, 1; 1, 0, 0; 2, 1, 2 ;
0,139; 0.275577, 1.366498, -1.077033 / 0.275577, 1.366498, -1.077033 / 0.275577, 1.366498, -1.077033; 1, 7, 1, 0; 0.543932081928; 1, 0, 1; 1, 0, 0; 3, 1, 2 ;
0,139; 0.230740, 1.188320, -1.756310 / 0.230740, 1.188320, -1.756310 / 0.230740, 1.188320, -1.756310; 1, 11, 1, 0; 0.115377970183; 1, 0, 1; 1, 0, 0; 3, 1, 2 ;
0,139; 0.560094, 2.288242, 2.597802 / 0.560094, 2.288242, 2.597802 / 0.560094, 2.288242, 2.597802; 1, 38, 1, 0; 0.576571621448; 1, 0, 1; 1, 0, 0; 3, 1, 2 ;
1,141; -0.463474, 2.02745, -0.898822 / -0.463474, 2.02745, -0.898822 / -0.463474, 2.02745, -0.898822; 1, 7, 1, 0; 0.911142464417; 0, 1, 0; 0, 1, 0; 1, 1, 1 ;
0,141; -0.400351, 2.057410, -0.836598 / -0.400351, 2.057410, -0.836598 / -0.400351, 2.057410, -0.836598; 1, 7, 1, 0; 0.912073393735; 0, 0, 0; 0, 1, 0; 4, 1, 3 ;
0,141; 0.487147, 2.481406, 0.120761 / 0.487147, 2.481406, 0.120761 / 0.487147, 2.481406, 0.120761; 1, 17, 1, 0; 0.562844170300; 0, 1, 0; 0, 1, 0; 4, 1, 1 ;
0,141; 0.481297, 2.485448, 0.121977 / 0.481297, 2.485448, 0.121977 / 0.481297, 2.485448, 0.121977; 1, 17, 1, 0; 0.562845390837; 1, 0, 1; 1, 0, 0; 3, 1, 2 ;
1,149; 0.0470094, -3.86193, 1.76767 / 0.0470094, -3.86193, 1.76767 / 0.0470094, -3.86193, 1.76767; 1, 22, 1, 0; 0.729583049575; 1, 0, 1; 1, 0, 0; 3, 1, 2 ;
0,149; -0.622669, 2.300419, 0.551543 / -0.622390, 2.300475, 0.551598 / -0.622947, 2.300364, 0.551488; 1, 25, 1, 0; 0.053746011744; 0, 2, 0; 1, 1, 0; 1, 7, 0 / 3, 1, 1 / 4, 1, 1 ;
0,149; -0.497244, 1.222725, 0.814450 / -0.497244, 1.222725, 0.814450 / -0.497244, 1.222725, 0.814450; 1, 25, 1, 0; 0.726924486734; 1, 0, 1; 0, 1, 0; 4, 1, 2 ;
0,149; -0.497270, 1.220216, 0.817940 / -0.497270, 1.220216, 0.817940 / -0.497270, 1.220216, 0.817940; 1, 25, 1, 0; 0.726939513951; 1, 0, 1; 0, 1, 0; 1, 1, 2 ;
0,149; -0.496931, 1.223456, 0.826006 / -0.496931, 1.223456, 0.826006 / -0.496931, 1.223456, 0.826006; 1, 25, 1, 0; 0.726939848271; 1, 0, 1; 0, 1, 0; 4, 1, 2 ;
0,149; -0.497923, 1.220595, 0.829513 / -0.497923, 1.220595, 0.829513 / -0.497923, 1.220595, 0.829513; 1, 25, 1, 0; 0.726954824054; 0, 1, 0; 0, 1, 0; 1, 4, 0 / 2, 10, 0 / 4, 1, 1 ;
0,149; -0.494398, 1.224785, 0.825449 / -0.494066, 1.225232, 0.825919 / -0.494730, 1.224337, 0.824979; 1, 25, 1, 0; 0.726940808367; 0, 2, 0; 2, 0, 0; 1, 4, 0 / 2, 1, 1 / 3, 3, 0 / 3, 7, 1 ;
0,149; -0.621642, 2.301672, 0.544583 / -0.621642, 2.301672, 0.544583 / -0.621642, 2.301672, 0.544583; 1, 25, 1, 0; 0.053730264455; 1, 0, 1; 1, 0, 0; 3, 1, 2 ;
0,149; -0.489711, 1.210756, 0.820473 / -0.489711, 1.210756, 0.820473 / -0.489711, 1.210756, 0.820473; 1, 25, 1, 0; 0.726935673567; 1, 0, 1; 1, 0, 0; 3, 1, 2 / 3, 8, 0 ;
0,149; -0.496829, 1.215003, 0.816372 / -0.496829, 1.215003, 0.816372 / -0.496829, 1.215003, 0.816372; 1, 25, 1, 0; 0.726937988085; 1, 0, 1; 1, 0, 0; 3, 1, 2 ;
0,149; -0.501088, 1.219965, 0.817091 / -0.501088, 1.219965, 0.817091 / -0.501088, 1.219965, 0.817091; 1, 25, 1, 0; 0.726939231066; 1, 0, 1; 1, 0, 0; 2, 1, 2 ;
1,152; -1.1751, -2.61252, -3.38131 / -1.1751, -2.61252, -3.38131 / -1.1751, -2.61252, -3.38131; 1, 5, 1, 0; 0.000138786376; 1, 0, 1; 1, 0, 0; 3, 1, 2 ;
1,154; 2.01865, -2.30024, -1.12572 / 2.01865, -2.30024, -1.12572 / 2.01865, -2.30024, -1.12572; 1, 8, 1, 0; 0.815669838133; 1, 0, 1; 0, 1, 0; 1, 1, 2 ;
0,154; 2.018542, -2.301899, -1.121976 / 2.018542, -2.301899, -1.121976 / 2.018542, -2.301899, -1.121976; 1, 8, 1, 0; 0.815669689839; 1, 0, 1; 1, 0, 0; 3, 1, 2 ;
1,155; 3.24223, 0.481073, 0.342817 / 3.24269, 0.481852, 0.34339 / 3.24176, 0.480293, 0.342245; 1, 19, 1, 0; 0.668823848862; 0, 2, 0; 2, 2, 0; 1, 7, 0 / 2, 6, 0 / 2, 7, 3 / 2, 8, 3 / 4, 1, 1 / 4, 8, 1 ;
0,155; 3.230315, 0.471820, 0.325054 / 3.230547, 0.472580, 0.325089 / 3.230083, 0.471061, 0.325019; 1, 19, 1, 0; 0.668839996182; 2, 1, 1; 1, 1, 0; 2, 1, 2 / 4, 8, 0 / 4, 9, 1 ;
0,155; 3.258288, 0.480554, 0.372657 / 3.258288, 0.480554, 0.372657 / 3.258288, 0.480554, 0.372657; 1, 19, 1, 0; 0.668731730316; 1, 0, 1; 0, 1, 0; 1, 1, 2 ;
0,155; 3.226448, 0.478673, 0.326900 / 3.226448, 0.478673, 0.326900 / 3.226448, 0.478673, 0.326900; 1, 19, 1, 0; 0.668839641852; 1, 0, 1; 0, 1, 0; 1, 1, 2 ;
0,155; 3.257298, 0.485654, 0.370098 / 3.257298, 0.485654, 0.370098 / 3.257298, 0.485654, 0.370098; 1, 19, 1, 0; 0.668732836693; 1, 0, 1; 1, 0, 0; 3, 1, 2 ;
1,158; -0.720813, 4.38437, -0.179556 / -0.720813, 4.38437, -0.179556 / -0.720813, 4.38437, -0.179556; 1, 17, 1, 0; 0.358772691513; 1, 0, 1; 1, 0, 0; 2, 1, 2 / 3, 2, 0 / 3, 3, 0 / 3, 4, 0 ;
0,158; -0.721957, 4.389106, -0.184261 / -0.721957, 4.389106, -0.184261 / -0.721957, 4.389106, -0.184261; 1, 17, 1, 0; 0.358773681891; 1, 0, 1; 1, 0, 0; 2, 1, 2 ;
1,161; 1.85172, -1.55616, -1.28619 / 1.85172, -1.55616, -1.28619 / 1.85172, -1.55616, -1.28619; 1, 8, 1, 0; 0.672447470344; 1, 0, 1; 1, 0, 0; 3, 1, 2 ;
1,163; 3.70781, -1.26376, 2.03043 / 3.70824, -1.26366, 2.03095 / 3.70739, -1.26386, 2.02991; 1, 33, 1, 0; 0.206187195817; 1, 0, 2; 1, 1, 0; 3, 1, 2 / 4, 3, 2 ;
1,165; 3.84044, -1.19184, 1.91856 / 3.84044, -1.19184, 1.91856 / 3.84044, -1.19184, 1.91856; 1, 33, 1, 0; 0.297926916274; 0, 1, 0; 0, 1, 0; 1, 1, 1 ;
1,169; -0.451146, -3.61087, -2.39627 / -0.451146, -3.61087, -2.39627 / -0.451146, -3.61087, -2.39627; 1, 5, 1, 0; 0.600204753769; 1, 0, 1; 1, 0, 0; 2, 1, 2 ;
0,169; -0.554552, -1.759955, -1.022944 / -0.554552, -1.759955, -1.022944 / -0.554552, -1.759955, -1.022944; 1, 9, 1, 0; 0.427435123427; 1, 0, 1; 0, 1, 0; 1, 1, 2 ;
0,169; -0.549399, -1.764785, -1.019481 / -0.549399, -1.764785, -1.019481 / -0.549399, -1.764785, -1.019481; 1, 9, 1, 0; 0.427435799281; 1, 0, 1; 0, 1, 0; 4, 1, 2 ;
0,169; -0.818694, 1.737954, 1.555341 / -0.818694, 1.737954, 1.555341 / -0.818694, 1.737954, 1.555341; 1, 29, 1, 0; 0.310131311832; 1, 0, 1; 1, 0, 0; 2, 1, 2 ;
1,171; 2.56169, -0.203703, 1.73421 / 2.56169, -0.203703, 1.73421 / 2.56169, -0.203703, 1.73421; 1, 27, 1, 0; 0.686200918641; 1, 0, 1; 1, 0, 0; 3, 1, 2 ;
0,171; 2.935532, -0.393109, 2.235102 / 2.935532, -0.393109, 2.235102 / 2.935532, -0.393109, 2.235102; 1, 28, 1, 0; 0.868911857983; 1, 0, 1; 0, 1, 0; 4, 1, 2 ;
0,171; 2.937128, -0.396007, 2.238097 / 2.937128, -0.396007, 2.238097 / 2.937128, -0.396007, 2.238097; 1, 28, 1, 0; 0.868913073506; 1, 0, 1; 1, 0, 0; 2, 1, 2 ;
1,173; 1.01988, 0.554883, -1.33744 / 1.01988, 0.554883, -1.33744 / 1.01988, 0.554883, -1.33744; 1, 11, 1, 0; 0.365540646471; 1, 0, 1; 0, 1, 0; 1, 1, 2 ;
0,173; 1.346854, 0.191325, -1.537253 / 1.346854, 0.191325, -1.537253 / 1.346854, 0.191325, -1.537253; 1, 11, 1, 0; 0.398183954491; 1, 0, 1; 1, 0, 0; 3, 1, 2 / 4, 3, 0 / 4, 8, 0 ;
1,178; -2.03952, -0.0327232, 0.157724 / -2.03952, -0.0327232, 0.157724 / -2.03952, -0.0327232, 0.157724; 1, 14, 1, 0; 0.895286769259; 1, 0, 1; 1, 0, 0; 1, 1, 0 / 1, 6, 0 / 2, 1, 0 / 3, 1, 2 ;
1,185; -3.15536, 0.916445, -0.499889 / -3.15452, 0.91679, -0.499796 / -3.15621, 0.916099, -0.499981; 1, 10, 1, 0; 0.726917100295; 2, 1, 1; 1, 1, 0; 3, 4, 0 / 3, 5, 1 / 4, 1, 2 ;
0,185; -3.161886, 0.917492, -0.502902 / -3.161886, 0.917492, -0.502902 / -3.161886, 0.917492, -0.502902; 1, 10, 1, 0; 0.726916938090; 0, 1, 0; 0, 1, 0; 1, 1, 1 ;
0,185; -3.150097, 0.919846, -0.500184 / -3.150097, 0.919846, -0.500184 / -3.150097, 0.919846, -0.500184; 1, 10, 1, 0; 0.726907865426; 1, 0, 1; 1, 0, 0; 2, 1, 2 ;
0,185; -3.153895, 0.904942, -0.496553 / -3.153895, 0.904942, -0.496553 / -3.153895, 0.904942, -0.496553; 1, 10, 1, 0; 0.726915602602; 1, 0, 1; 1, 0, 0; 3, 1, 2 ;
1,187; -0.475278, -0.448567, -0.303191 / -0.475278, -0.448567, -0.303191 / -0.475278, -0.448567, -0.303191; 1, 16, 1, 0; 0.403517001254; 0, 0, 0; 1, 0, 0; 3, 1, 3 ;
1,188; 0.916563, -2.4809, -1.38344 / 0.916563, -2.4809, -1.38344 / 0.916563, -2.4809, -1.38344; 1, 8, 1, 0; 0.574768787694; 1, 0, 1; 0, 1, 0; 1, 1, 2 ;
0,188; -0.639098, -1.266332, 4.212887 / -0.639098, -1.266332, 4.212887 / -0.639098, -1.266332, 4.212887; 1, 46, 1, 0; 0.814945148287; 1, 0, 1; 1, 0, 0; 3, 1, 2 ;
0,188; -0.638743, -1.264069, 4.222572 / -0.638743, -1.264069, 4.222572 / -0.638743, -1.264069, 4.222572; 1, 46, 1, 0; 0.814956385336; 1, 0, 1; 1, 0, 0; 2, 1, 2 ;
0,188; -0.644717, -1.265963, 4.217342 / -0.644717, -1.265963, 4.217342 / -0.644717, -1.265963, 4.217342; 1, 46, 1, 0; 0.814957169022; 1, 0, 1; 1, 0, 0; 3, 1, 2 ;
1,191; -2.46969, -1.14985, -2.59597 / -2.46969, -1.14985, -2.59597 / -2.46969, -1.14985, -2.59597; 1, 5, 1, 0; 0.372395322098; 1, 0, 1; 1, 0, 0; 3, 1, 2 ;
0,191; -3.740093, -1.252734, 0.869894 / -3.740093, -1.252734, 0.869894 / -3.740093, -1.252734, 0.869894; 1, 21, 1, 0; 0.305545434834; 0, 1, 0; 1, 0, 0; 3, 1, 1 ;
1,199; 3.61603, -0.552194, -2.69611 / 3.61603, -0.552194, -2.69611 / 3.61603, -0.552194, -2.69611; 1, 3, 1, 0; 0.644877778987; 1, 0, 1; 1, 0, 0; 3, 1, 2 ;
