1,0; -2.17224, -0.180125, 2.39438 / -2.17185, -0.180043, 2.39453 / -2.17264, -0.180207, 2.39423; 1, 36, 1, 0; 0.261071138730; 2, 1, 1; 1, 1, 0; 2, 1, 2 / 4, 5, 1 ;
0,0; -2.174999, -0.180697, 2.390796 / -2.174999, -0.180697, 2.390796 / -2.174999, -0.180697, 2.390796; 1, 36, 1, 0; 0.261048788720; 1, 0, 1; 1, 0, 0; 2, 1, 2 ;
1,2; -3.25556, 0.133954, -1.94772 / -3.25556, 0.133954, -1.94772 / -3.25556, 0.133954, -1.94772; 1, 6, 1, 0; 0.346867190877; 1, 0, 1; 0, 1, 0; 1, 1, 2 ;
0,2; -3.156313, 0.283451, -2.342123 / -3.156313, 0.283451, -2.342123 / -3.156313, 0.283451, -2.342123; 1, 6, 1, 0; 0.303397644190; 1, 0, 1; 1, 0, 0; 2, 1, 2 ;
1,5; -2.50975, 2.90919, 1.14226 / -2.50975, 2.90919, 1.14226 / -2.50975, 2.90919, 1.14226; 1, 24, 1, 0; 0.419340140911; 1, 0, 1; 1, 0, 0; 3, 1, 2 ;
1,7; 1.06251, -2.94542, -0.452283 / 1.06251, -2.94542, -0.452283 / 1.06251, -2.94542, -0.452283; 1, 9, 1, 0; 0.951434524350; 1, 0, 1; 1, 0, 0; 3, 1, 2 ;
1,8; -1.10796, -4.33491, -0.0876123 / -1.10772, -4.33449, -0.0871795 / -1.1082, -4.33534, -0.0880452; 1, 18, 1, 0; 0.002702469528; 2, 1, 1; 1, 1, 0; 3, 3, 0 / 3, 4, 1 / 4, 1, 2 ;
1,10; 1.61199, 2.59879, 0.522702 / 1.61199, 2.59879, 0.522702 / 1.61199, 2.59879, 0.522702; 1, 20, 1, 0; 0.495000614654; 0, 0, 0; 1, 0, 0; 2, 1, 3 ;
0,10; 0.802297, 4.028744, 0.985166 / 0.802297, 4.028744, 0.985166 / 0.802297, 4.028744, 0.985166; 1, 26, 1, 0; 0.593526792679; 1, 0, 1; 1, 0, 0; 2, 1, 2 ;
1,12; 0.55636, 2.43032, 0.51028 / 0.55636, 2.43032, 0.51028 / 0.55636, 2.43032, 0.51028; 1, 25, 1, 0; 0.038286588659; 1, 0, 1; 1, 0, 0; 3, 1, 2 / 4, 9, 0 ;
1,14; 3.85673, 1.70911, 1.22485 / 3.85673, 1.70911, 1.22485 / 3.85673, 1.70911, 1.22485; 1, 27, 1, 0; 0.042414038558; 0, 1, 0; 0, 1, 0; 1, 1, 1 ;
1,15; -0.392261, -0.403757, -2.03528 / -0.392261, -0.403757, -2.03528 / -0.392261, -0.403757, -2.03528; 1, 4, 1, 0; 0.558088705940; 0, 1, 0; 1, 0, 0; 3, 1, 1 / 4, 1, 0 ;
0,15; -0.025405, -0.177033, -0.750784 / -0.025405, -0.177033, -0.750784 / -0.025405, -0.177033, -0.750784; 1, 16, 1, 0; 0.076014449659; 1, 0, 1; 0, 1, 0; 4, 1, 2 ;
0,15; -0.011986, -0.183629, -0.746481 / -0.011986, -0.183629, -0.746481 / -0.011986, -0.183629, -0.746481; 1, 16, 1, 0; 0.076021213729; 1, 0, 1; 1, 0, 0; 2, 1, 2 ;
0,15; 0.253784, -0.008227, 0.117593 / 0.253784, -0.008227, 0.117593 / 0.253784, -0.008227, 0.117593; 1, 16, 1, 0; 0.712874548616; 1, 0, 1; 1, 0, 0; 2, 1, 2 ;
0,15; 0.664355, 0.218654, 1.336662 / 0.664450, 0.219291, 1.336928 / 0.664260, 0.218017, 1.336396; 1, 23, 1, 0; 0.678369529071; 1, 0, 2; 2, 0, 0; 2, 1, 2 / 2, 6, 2 ;
0,15; 1.325988, 0.630619, 3.105159 / 1.325988, 0.630619, 3.105159 / 1.325988, 0.630619, 3.105159; 1, 42, 1, 0; 0.178777188085; 0, 1, 0; 1, 0, 0; 2, 1, 1 ;
1,16; -2.85375, 2.13649, 1.38049 / -2.85375, 2.13649, 1.38049 / -2.85375, 2.13649, 1.38049; 1, 24, 1, 0; 0.491969467883; 1, 0, 1; 0, 1, 0; 4, 1, 2 ;
0,16; -2.856711, 2.135742, 1.381740 / -2.856711, 2.135742, 1.381740 / -2.856711, 2.135742, 1.381740; 1, 24, 1, 0; 0.491969297915; 1, 0, 1; 1, 0, 0; 3, 1, 2 ;
1,20; -0.0264919, -0.496087, 0.246042 / -0.0264919, -0.496087, 0.246042 / -0.0264919, -0.496087, 0.246042; 1, 16, 1, 0; 0.769266138667; 0, 1, 0; 0, 1, 0; 4, 1, 1 ;
0,20; -0.028577, -0.494917, 0.244685 / -0.028577, -0.494917, 0.244685 / -0.028577, -0.494917, 0.244685; 1, 16, 1, 0; 0.769254572779; 0, 1, 0; 1, 0, 0; 2, 1, 1 / 4, 3, 0 ;
0,20; -0.031424, -0.496218, 0.243110 / -0.031424, -0.496218, 0.243110 / -0.031424, -0.496218, 0.243110; 1, 16, 1, 0; 0.769254646447; 1, 0, 1; 1, 0, 0; 2, 1, 2 ;
0,20; -0.029911, -0.492408, 0.243495 / -0.029911, -0.492408, 0.243495 / -0.029911, -0.492408, 0.243495; 1, 16, 1, 0; 0.769255376431; 1, 0, 1; 1, 0, 0; 3, 1, 2 ;
0,20; -0.017356, -0.498973, 0.254340 / -0.017356, -0.498973, 0.254340 / -0.017356, -0.498973, 0.254340; 1, 16, 1, 0; 0.769264544758; 1, 0, 1; 1, 0, 0; 3, 1, 2 ;
0,20; -0.020899, -0.501822, 0.253865 / -0.020899, -0.501822, 0.253865 / -0.020899, -0.501822, 0.253865; 1, 16, 1, 0; 0.769265435472; 1, 0, 1; 1, 0, 0; 2, 1, 2 ;
0,20; -0.016528, -0.495531, 0.261182 / -0.016528, -0.495531, 0.261182 / -0.016528, -0.495531, 0.261182; 1, 16, 1, 0; 0.769276358439; 1, 0, 1; 1, 0, 0; 2, 1, 2 ;
0,20; -0.019864, -0.495558, 0.263510 / -0.019864, -0.495558, 0.263510 / -0.019864, -0.495558, 0.263510; 1, 16, 1, 0; 0.769277235759; 1, 0, 1; 1, 0, 0; 2, 1, 2 ;
1,21; 1.65128, 0.63326, 0.317492 / 1.65128, 0.63326, 0.317492 / 1.65128, 0.63326, 0.317492; 1, 19, 1, 0; 0.712250826529; 1, 0, 1; 1, 0, 0; 2, 1, 2 ;
1,23; -0.537129, -0.716879, -1.91365 / -0.537129, -0.716879, -1.91365 / -0.537129, -0.716879, -1.91365; 1, 4, 1, 0; 0.508785494667; 0, 1, 0; 1, 0, 0; 2, 1, 1 ;
1,25; 2.8916, -1.42791, -0.357445 / 2.8916, -1.42791, -0.357445 / 2.8916, -1.42791, -0.357445; 1, 12, 1, 0; 0.693223469192; 1, 0, 1; 1, 0, 0; 2, 1, 2 ;
1,31; 3.24611, 2.95083, 0.339909 / 3.24611, 2.95083, 0.339909 / 3.24611, 2.95083, 0.339909; 1, 20, 1, 0; 0.518518257391; 1, 0, 1; 0, 1, 0; 4, 1, 2 ;
1,34; -2.0732, 1.32247, 3.25854 / -2.0732, 1.32247, 3.25854 / -2.0732, 1.32247, 3.25854; 1, 42, 1, 0; 0.634135551355; 1, 0, 1; 1, 0, 0; 2, 1, 2 ;
1,36; 1.28631, -0.796835, 2.06724 / 1.28631, -0.796835, 2.06724 / 1.28631, -0.796835, 2.06724; 1, 34, 1, 0; 0.007264605145; 1, 0, 1; 0, 1, 0; 4, 1, 2 ;
0,36; 1.281315, -0.795838, 2.063140 / 1.281315, -0.795838, 2.063140 / 1.281315, -0.795838, 2.063140; 1, 34, 1, 0; 0.007265004278; 1, 0, 1; 1, 0, 0; 3, 1, 2 ;
1,37; -3.80148, -0.949877, -1.73139 / -3.80148, -0.949877, -1.73139 / -3.80148, -0.949877, -1.73139; 1, 6, 1, 0; 0.864747829104; 0, 1, 0; 1, 0, 0; 2, 1, 1 / 3, 5, 0 ;
0,37; -1.992230, -2.600510, -1.740080 / -1.992230, -2.600510, -1.740080 / -1.992230, -2.600510, -1.740080; 1, 9, 1, 0; 0.057395161535; 1, 0, 1; 1, 0, 0; 3, 1, 2 ;
1,39; -0.661624, -0.845696, -1.66068 / -0.661624, -0.845696, -1.66068 / -0.661624, -0.845696, -1.66068; 1, 4, 1, 0; 0.972206631286; 1, 0, 1; 1, 0, 0; 3, 1, 2 ;
0,39; -1.152266, -0.432507, -1.828722 / -1.152266, -0.432507, -1.828722 / -1.152266, -0.432507, -1.828722; 1, 6, 1, 0; 0.798455225980; 1, 0, 1; 1, 0, 0; 2, 1, 2 ;
0,39; -1.155193, -0.434152, -1.826760 / -1.155193, -0.434152, -1.826760 / -1.155193, -0.434152, -1.826760; 1, 6, 1, 0; 0.798464351633; 1, 0, 1; 1, 0, 0; 2, 1, 2 / 3, 3, 0 ;
0,39; 0.098130, -1.438173, -1.394756 / 0.098781, -1.438166, -1.394672 / 0.097480, -1.438180, -1.394840; 1, 8, 1, 0; 0.717256798813; 2, 1, 1; 1, 1, 0; 2, 7, 2 / 4, 1, 1 ;
0,39; 0.095874, -1.435954, -1.391045 / 0.095874, -1.435954, -1.391045 / 0.095874, -1.435954, -1.391045; 1, 8, 1, 0; 0.717256640291; 1, 0, 1; 1, 0, 0; 2, 1, 2 ;
0,39; 0.998834, -2.117055, -1.062222 / 0.998834, -2.117055, -1.062222 / 0.998834, -2.117055, -1.062222; 1, 8, 1, 0; 0.781674408687; 1, 0, 1; 1, 0, 0; 2, 1, 2 / 2, 2, 0 / 2, 3, 0 / 3, 4, 0 ;
1,44; 0.827193, -3.95282, -1.42121 / 0.827287, -3.95261, -1.42084 / 0.827098, -3.95302, -1.42157; 1, 8, 1, 0; 0.456108673619; 2, 1, 1; 1, 1, 0; 2, 4, 2 / 4, 1, 1 ;
0,44; 0.826484, -3.975012, -1.412845 / 0.826484, -3.975012, -1.412845 / 0.826484, -3.975012, -1.412845; 1, 8, 1, 0; 0.456114922462; 1, 0, 1; 0, 1, 0; 4, 1, 2 ;
0,44; 1.041620, -4.108493, -1.474208 / 1.041620, -4.108493, -1.474208 / 1.041620, -4.108493, -1.474208; 1, 8, 1, 0; 0.443501975391; 1, 0, 1; 1, 0, 0; 3, 1, 2 ;
0,44; 0.831869, -3.955601, -1.419057 / 0.831869, -3.955601, -1.419057 / 0.831869, -3.955601, -1.419057; 1, 8, 1, 0; 0.456108929300; 1, 0, 1; 1, 0, 0; 3, 1, 2 ;
0,44; 0.836752, -3.974778, -1.405008 / 0.836752, -3.974778, -1.405008 / 0.836752, -3.974778, -1.405008; 1, 8, 1, 0; 0.456113705421; 1, 0, 1; 1, 0, 0; 2, 1, 2 ;
1,45; -0.486867, 2.67673, 3.68602 / -0.486867, 2.67673, 3.68602 / -0.486867, 2.67673, 3.68602; 1, 45, 1, 0; 0.675350028322; 0, 1, 0; 0, 1, 0; 4, 1, 1 ;
1,46; 0.73013, 0.0144555, -3.39999 / 0.73013, 0.0144555, -3.39999 / 0.73013, 0.0144555, -3.39999; 1, 2, 1, 0; 0.386231382247; 1, 0, 1; 1, 0, 0; 2, 1, 2 / 4, 10, 0 ;
0,46; 1.212933, 0.914808, -1.933101 / 1.212933, 0.914808, -1.933101 / 1.212933, 0.914808, -1.933101; 1, 4, 1, 0; 0.663228399763; 1, 0, 1; 0, 1, 0; 1, 1, 2 / 3, 9, 0 / 4, 5, 0 / 4, 10, 0 ;
0,46; 1.211096, 0.911681, -1.940573 / 1.211096, 0.911681, -1.940573 / 1.211096, 0.911681, -1.940573; 1, 4, 1, 0; 0.663227799337; 0, 1, 0; 1, 0, 0; 2, 1, 1 ;
1,50; 0.485405, 4.13137, -0.52613 / 0.485405, 4.13137, -0.52613 / 0.485405, 4.13137, -0.52613; 1, 13, 1, 0; 0.709386269101; 1, 0, 1; 1, 0, 0; 3, 1, 2 ;
1,51; 1.95623, 2.57187, -1.9853 / 1.95623, 2.57187, -1.9853 / 1.95623, 2.57187, -1.9853; 1, 4, 1, 0; 0.811391985719; 1, 0, 1; 0, 1, 0; 4, 1, 2 ;
0,51; 1.952525, 2.559766, -1.978661 / 1.952525, 2.559766, -1.978661 / 1.952525, 2.559766, -1.978661; 1, 4, 1, 0; 0.811393932067; 0, 1, 0; 1, 0, 0; 3, 1, 1 ;
0,51; 1.950358, 2.551220, -1.979718 / 1.950358, 2.551220, -1.979718 / 1.950358, 2.551220, -1.979718; 1, 4, 1, 0; 0.811394210117; 1, 0, 1; 1, 0, 0; 2, 1, 2 ;
1,53; -2.68134, -2.73414, -0.879616 / -2.68134, -2.73414, -0.879616 / -2.68134, -2.73414, -0.879616; 1, 9, 1, 0; 0.567232340206; 1, 0, 1; 0, 1, 0; 1, 1, 2 ;
1,54; -2.66112, 2.81118, -2.15964 / -2.66112, 2.81118, -2.15964 / -2.66112, 2.81118, -2.15964; 1, 6, 1, 0; 0.526382698115; 1, 0, 1; 1, 0, 0; 2, 1, 2 ;
0,54; -1.012982, 3.488727, -1.763359 / -1.012982, 3.488727, -1.763359 / -1.012982, 3.488727, -1.763359; 1, 6, 1, 0; 0.560665903092; 0, 1, 0; 1, 0, 0; 2, 1, 1 ;
1,57; -1.5771, 1.05111, -4.16291 / -1.5771, 1.05111, -4.16291 / -1.5771, 1.05111, -4.16291; 1, 1, 1, 0; 0.123745384126; 1, 0, 1; 1, 0, 0; 2, 1, 2 ;
1,59; -3.50349, 2.22388, 0.461223 / -3.5034, 2.2239, 0.461307 / -3.50358, 2.22385, 0.46114; 1, 24, 1, 0; 0.041611257185; 2, 1, 1; 1, 1, 0; 3, 1, 2 / 4, 1, 1 ;
0,59; -1.666861, 0.609289, 3.547569 / -1.666861, 0.609289, 3.547569 / -1.666861, 0.609289, 3.547569; 1, 44, 1, 0; 0.915580984869; 1, 0, 1; 1, 0, 0; 2, 1, 2 ;
1,61; 3.31935, 1.01271, 0.405479 / 3.31935, 1.01271, 0.405479 / 3.31935, 1.01271, 0.405479; 1, 19, 1, 0; 0.738282194127; 0, 1, 0; 1, 0, 0; 3, 1, 1 ;
1,63; 2.66554, -0.742738, -2.64192 / 2.666, -0.742683, -2.64153 / 2.66508, -0.742794, -2.64231; 1, 3, 1, 0; 0.627408680795; 2, 1, 1; 1, 1, 0; 3, 1, 2 / 4, 2, 1 ;
0,63; -1.306283, -1.610608, -2.325835 / -1.306283, -1.610608, -2.325835 / -1.306283, -1.610608, -2.325835; 1, 5, 1, 0; 0.491706428439; 0, 1, 0; 0, 1, 0; 1, 1, 1 ;
0,63; -1.300072, -1.612444, -2.328453 / -1.300072, -1.612444, -2.328453 / -1.300072, -1.612444, -2.328453; 1, 5, 1, 0; 0.491705850122; 1, 0, 1; 1, 0, 0; 2, 1, 2 ;
0,63; -1.301313, -1.609510, -2.327318 / -1.301313, -1.609510, -2.327318 / -1.301313, -1.609510, -2.327318; 1, 5, 1, 0; 0.491705948142; 0, 1, 0; 1, 0, 0; 3, 1, 1 ;
1,64; 1.32543, -0.209842, -4.13687 / 1.32543, -0.209842, -4.13687 / 1.32543, -0.209842, -4.13687; 1, 1, 1, 0; 0.192394594325; 0, 1, 0; 1, 0, 0; 3, 1, 1 ;
1,65; -0.274467, -1.36478, 1.89843 / -0.274467, -1.36478, 1.89843 / -0.274467, -1.36478, 1.89843; 1, 30, 1, 0; 0.368066043617; 1, 0, 1; 1, 0, 0; 3, 1, 2 ;
1,67; -1.04389, -1.1027, 1.68709 / -1.04389, -1.1027, 1.68709 / -1.04389, -1.1027, 1.68709; 1, 30, 1, 0; 0.255418892539; 0, 1, 0; 1, 0, 0; 3, 1, 1 ;
1,70; 2.80786, 1.92533, -0.738205 / 2.80786, 1.92533, -0.738205 / 2.80786, 1.92533, -0.738205; 1, 12, 1, 0; 0.279410094616; 1, 0, 1; 1, 0, 0; 2, 1, 2 ;
0,70; -3.229139, -1.672609, 0.400838 / -3.229059, -1.672294, 0.401492 / -3.229220, -1.672924, 0.400183; 1, 21, 1, 0; 0.222271079621; 1, 0, 2; 1, 1, 0; 2, 7, 2 / 4, 1, 2 ;
0,70; -3.225996, -1.668999, 0.401362 / -3.225897, -1.668902, 0.402101 / -3.226095, -1.669096, 0.400623; 1, 21, 1, 0; 0.222272323793; 1, 0, 2; 2, 0, 0; 2, 7, 2 / 3, 1, 2 ;
0,70; -3.230785, -1.679922, 0.400678 / -3.230785, -1.679922, 0.400678 / -3.230785, -1.679922, 0.400678; 1, 21, 1, 0; 0.222268976898; 1, 0, 1; 1, 0, 0; 3, 1, 2 ;
0,70; -3.224812, -1.666137, 0.407342 / -3.224812, -1.666137, 0.407342 / -3.224812, -1.666137, 0.407342; 1, 21, 1, 0; 0.222272578448; 1, 0, 1; 1, 0, 0; 2, 1, 2 ;
1,72; 1.33621, -1.7746, -2.97397 / 1.33621, -1.7746, -2.97397 / 1.33621, -1.7746, -2.97397; 1, 3, 1, 0; 0.372041368972; 1, 0, 1; 0, 1, 0; 1, 1, 2 ;
1,74; -2.91899, 0.0819505, 1.344 / -2.91889, 0.0820185, 1.34409 / -2.9191, 0.0818824, 1.3439; 1, 23, 1, 0; 0.716917435586; 2, 1, 1; 0, 2, 1; 1, 1, 2 / 4, 4, 1 ;
0,74; -3.206769, -0.370498, 1.624623 / -3.206769, -0.370498, 1.624623 / -3.206769, -0.370498, 1.624623; 1, 24, 1, 0; 0.763469499659; 1, 0, 1; 1, 0, 0; 2, 1, 2 / 2, 5, 0 / 3, 7, 0 / 3, 8, 0 / 4, 5, 0 ;
0,74; -3.655087, -1.089431, 2.061687 / -3.655087, -1.089431, 2.061687 / -3.655087, -1.089431, 2.061687; 1, 30, 1, 0; 0.427181705184; 0, 1, 0; 1, 0, 0; 2, 1, 1 ;
1,75; 1.48303, -1.75729, -1.69919 / 1.48303, -1.75729, -1.69919 / 1.48303, -1.75729, -1.69919; 1, 8, 1, 0; 0.205479253534; 1, 0, 1; 0, 1, 0; 4, 1, 2 ;
0,75; 1.483442, -1.757833, -1.693160 / 1.483442, -1.757833, -1.693160 / 1.483442, -1.757833, -1.693160; 1, 8, 1, 0; 0.205488258618; 1, 0, 1; 1, 0, 0; 3, 1, 2 / 4, 7, 0 ;
1,77; -1.79845, 0.146324, -2.8863 / -1.79845, 0.146324, -2.8863 / -1.79845, 0.146324, -2.8863; 1, 2, 1, 0; 0.571103937455; 1, 0, 1; 1, 0, 0; 2, 1, 2 / 3, 1, 0 ;
0,77; -2.391090, 0.256389, -2.571921 / -2.391090, 0.256389, -2.571921 / -2.391090, 0.256389, -2.571921; 1, 2, 1, 0; 0.907053434970; 1, 0, 1; 1, 0, 0; 2, 1, 2 ;
1,80; -0.470988, 0.208144, -3.6542 / -0.470988, 0.208144, -3.6542 / -0.470988, 0.208144, -3.6542; 1, 1, 1, 0; 0.727252886602; 1, 0, 1; 0, 1, 0; 4, 1, 2 ;
0,80; -1.589996, -0.065177, -2.349066 / -1.589996, -0.065177, -2.349066 / -1.589996, -0.065177, -2.349066; 1, 5, 1, 0; 0.396052263230; 1, 0, 1; 1, 0, 0; 2, 1, 2 ;
1,82; -1.89855, -3.77805, -1.39706 / -1.89855, -3.77805, -1.39706 / -1.89855, -3.77805, -1.39706; 1, 9, 1, 0; 0.262636727959; 1, 0, 1; 1, 0, 0; 3, 1, 2 ;
1,83; -2.22161, 0.726226, -1.97643 / -2.22108, 0.72641, -1.97626 / -2.22214, 0.726041, -1.97661; 1, 6, 1, 0; 0.394468178330; 1, 0, 3; 2, 1, 0; 1, 1, 2 / 2, 3, 2 / 3, 4, 2 ;
0,83; -2.219008, 0.725608, -1.980735 / -2.218945, 0.725656, -1.980575 / -2.219071, 0.725559, -1.980894; 1, 6, 1, 0; 0.394459753519; 1, 0, 1; 1, 1, 0; 3, 1, 2 / 4, 2, 3 ;
1,84; -3.63823, 2.01774, 1.56285 / -3.63823, 2.01774, 1.56285 / -3.63823, 2.01774, 1.56285; 1, 24, 1, 0; 0.959445114462; 1, 0, 1; 1, 0, 0; 3, 1, 2 ;
1,87; -0.573696, -2.98398, 0.841023 / -0.573696, -2.98398, 0.841023 / -0.573696, -2.98398, 0.841023; 1, 18, 1, 0; 0.634224764192; 1, 0, 1; 1, 0, 0; 2, 1, 2 ;
1,91; -0.985789, -0.353391, 0.777819 / -0.985789, -0.353391, 0.777819 / -0.985789, -0.353391, 0.777819; 1, 23, 1, 0; 0.249254203745; 0, 1, 0; 0, 1, 0; 4, 1, 1 ;
0,91; -2.258530, 2.850326, 1.364139 / -2.258530, 2.850326, 1.364139 / -2.258530, 2.850326, 1.364139; 1, 24, 1, 0; 0.436572083317; 1, 0, 1; 1, 0, 0; 2, 1, 2 ;
0,91; -2.257412, 2.848492, 1.367388 / -2.257412, 2.848492, 1.367388 / -2.257412, 2.848492, 1.367388; 1, 24, 1, 0; 0.436572201555; 0, 1, 0; 1, 0, 0; 1, 2, 0 / 2, 1, 1 ;
0,91; -2.244918, 2.772945, 1.353792 / -2.244918, 2.772945, 1.353792 / -2.244918, 2.772945, 1.353792; 1, 24, 1, 0; 0.448087855584; 1, 0, 1; 1, 0, 0; 3, 1, 2 ;
0,91; -1.697097, 1.366285, 1.067565 / -1.697097, 1.366285, 1.067565 / -1.697097, 1.366285, 1.067565; 1, 25, 1, 0; 0.777528455703; 1, 0, 1; 1, 0, 0; 2, 1, 2 ;
1,92; -3.09971, -0.171732, -0.44161 / -3.09971, -0.171732, -0.44161 / -3.09971, -0.171732, -0.44161; 1, 10, 1, 0; 0.655409870279; 1, 0, 1; 0, 1, 0; 4, 1, 2 ;
0,92; -1.272592, -0.642952, 0.496878 / -1.272592, -0.642952, 0.496878 / -1.272592, -0.642952, 0.496878; 1, 21, 1, 0; 0.138812819774; 1, 0, 1; 1, 0, 0; 2, 1, 2 ;
1,95; 1.12238, -1.32995, -3.95203 / 1.12238, -1.32995, -3.95203 / 1.12238, -1.32995, -3.95203; 1, 1, 1, 0; 0.361458351132; 0, 1, 0; 0, 1, 0; 1, 1, 1 / 4, 6, 0 ;
0,95; 1.024259, -1.437599, -3.180453 / 1.024259, -1.437599, -3.180453 / 1.024259, -1.437599, -3.180453; 1, 3, 1, 0; 0.131070805982; 1, 0, 1; 1, 0, 0; 2, 1, 2 ;
0,95; 0.601036, -2.027334, 1.146150 / 0.601036, -2.027334, 1.146150 / 0.601036, -2.027334, 1.146150; 1, 22, 1, 0; 0.258551769198; 1, 0, 1; 1, 0, 0; 3, 1, 2 ;
1,96; 3.58535, -2.04349, 1.98819 / 3.58535, -2.04349, 1.98819 / 3.58535, -2.04349, 1.98819; 1, 33, 1, 0; 0.125992431443; 1, 0, 1; 0, 1, 0; 4, 1, 2 ;
0,96; 0.728857, 0.568499, 3.236281 / 0.728857, 0.568499, 3.236281 / 0.728857, 0.568499, 3.236281; 1, 42, 1, 0; 0.058233593271; 1, 0, 1; 0, 1, 0; 4, 1, 2 ;
0,96; 0.726325, 0.568220, 3.229384 / 0.726325, 0.568220, 3.229384 / 0.726325, 0.568220, 3.229384; 1, 42, 1, 0; 0.058195478840; 1, 0, 1; 1, 0, 0; 3, 1, 2 ;
0,96; 0.727891, 0.566341, 3.235310 / 0.727891, 0.566341, 3.235310 / 0.727891, 0.566341, 3.235310; 1, 42, 1, 0; 0.058233989644; 1, 0, 1; 1, 0, 0; 3, 1, 2 ;
1,97; 1.98712, -0.806557, 0.517264 / 1.98712, -0.806557, 0.517264 / 1.98712, -0.806557, 0.517264; 1, 19, 1, 0; 0.511779271266; 1, 0, 1; 0, 1, 0; 4, 1, 2 ;
1,101; 2.86862, -1.18384, -3.02864 / 2.86862, -1.18384, -3.02864 / 2.86862, -1.18384, -3.02864; 1, 3, 1, 0; 0.323624491753; 1, 0, 1; 1, 0, 0; 3, 1, 2 ;
1,105; -0.556015, 1.28217, 2.58211 / -0.555646, 1.28223, 2.58239 / -0.556384, 1.2821, 2.58183; 1, 38, 1, 0; 0.813838975734; 1, 0, 2; 1, 1, 0; 2, 7, 2 / 4, 1, 2 ;
0,105; -0.587386, 1.247064, 2.627238 / -0.587386, 1.247064, 2.627238 / -0.587386, 1.247064, 2.627238; 1, 38, 1, 0; 0.812843029201; 1, 0, 1; 1, 0, 0; 2, 1, 2 ;
0,105; -0.551644, 1.284414, 2.576782 / -0.551644, 1.284414, 2.576782 / -0.551644, 1.284414, 2.576782; 1, 38, 1, 0; 0.813810273885; 1, 0, 1; 1, 0, 0; 3, 1, 2 ;
0,105; -0.560397, 1.284784, 2.578332 / -0.560397, 1.284784, 2.578332 / -0.560397, 1.284784, 2.578332; 1, 38, 1, 0; 0.813812677186; 1, 0, 1; 1, 0, 0; 3, 1, 2 ;
0,105; -0.561808, 1.279064, 2.582990 / -0.561808, 1.279064, 2.582990 / -0.561808, 1.279064, 2.582990; 1, 38, 1, 0; 0.813841103498; 1, 0, 1; 1, 0, 0; 3, 1, 2 ;
1,107; -1.75613, -1.48071, 0.0544112 / -1.75613, -1.48071, 0.0544112 / -1.75613, -1.48071, 0.0544112; 1, 14, 1, 0; 0.998210712716; 1, 0, 1; 1, 0, 0; 1, 5, 0 / 2, 1, 2 / 2, 5, 0 / 4, 10, 0 ;
1,109; -0.86482, -1.78896, -1.14798 / -0.864322, -1.78837, -1.14736 / -0.865317, -1.78954, -1.14859; 1, 9, 1, 0; 0.425058653310; 2, 1, 2; 1, 2, 1; 1, 1, 2 / 3, 1, 2 / 4, 7, 1 ;
0,109; 2.586121, 3.105889, -0.910595 / 2.586121, 3.105889, -0.910595 / 2.586121, 3.105889, -0.910595; 1, 13, 1, 0; 0.230268919656; 0, 1, 0; 1, 0, 0; 3, 1, 1 / 4, 1, 0 ;
1,112; 3.14145, 0.472902, 0.83278 / 3.14145, 0.472902, 0.83278 / 3.14145, 0.472902, 0.83278; 1, 20, 1, 0; 0.878482679775; 1, 0, 1; 1, 0, 0; 3, 1, 2 ;
1,113; -2.2945, -0.740792, -3.02132 / -2.29438, -0.740718, -3.0212 / -2.29462, -0.740865, -3.02144; 1, 2, 1, 0; 0.474845832977; 2, 1, 1; 1, 1, 0; 3, 1, 1 / 4, 1, 2 ;
0,113; -2.301556, -0.736724, -3.018116 / -2.301026, -0.736598, -3.018066 / -2.302086, -0.736850, -3.018165; 1, 2, 1, 0; 0.474852177332; 2, 1, 1; 1, 1, 0; 1, 7, 1 / 3, 1, 2 ;
0,113; -2.303657, -0.736972, -3.016758 / -2.303657, -0.736972, -3.016758 / -2.303657, -0.736972, -3.016758; 1, 2, 1, 0; 0.474852133823; 0, 1, 0; 0, 1, 0; 1, 1, 1 / 1, 7, 0 ;
0,113; -2.132449, -0.744138, -2.967868 / -2.132449, -0.744138, -2.967868 / -2.132449, -0.744138, -2.967868; 1, 2, 1, 0; 0.476673196922; 1, 0, 1; 0, 1, 0; 4, 1, 2 ;
0,113; -2.298264, -0.740843, -3.022994 / -2.298264, -0.740843, -3.022994 / -2.298264, -0.740843, -3.022994; 1, 2, 1, 0; 0.474845334605; 1, 0, 1; 1, 0, 0; 2, 1, 2 ;
0,113; -2.297738, -0.739102, -3.021221 / -2.297738, -0.739102, -3.021221 / -2.297738, -0.739102, -3.021221; 1, 2, 1, 0; 0.474845378114; 1, 0, 1; 1, 0, 0; 3, 1, 2 / 4, 4, 0 ;
0,113; -2.294624, -1.377448, -2.099435 / -2.294624, -1.377448, -2.099435 / -2.294624, -1.377448, -2.099435; 1, 5, 1, 0; 0.881508795816; 1, 0, 1; 1, 0, 0; 3, 1, 2 ;
1,115; -0.0697542, -0.208538, -0.759201 / -0.0697542, -0.208538, -0.759201 / -0.0697542, -0.208538, -0.759201; 1, 16, 1, 0; 0.075937359361; 1, 0, 1; 1, 0, 0; 2, 1, 2 ;
1,118; -1.10052, 1.83333, -4.08543 / -1.10052, 1.83333, -4.08543 / -1.10052, 1.83333, -4.08543; 1, 2, 1, 0; 0.001549462233; 1, 0, 1; 1, 0, 0; 3, 1, 2 ;
0,118; -1.375019, 0.125186, -2.039736 / -1.375019, 0.125186, -2.039736 / -1.375019, 0.125186, -2.039736; 1, 6, 1, 0; 0.359287865823; 1, 0, 1; 1, 0, 0; 3, 1, 2 ;
0,118; -1.576595, -2.961618, 1.769927 / -1.576595, -2.961618, 1.769927 / -1.576595, -2.961618, 1.769927; 1, 32, 1, 0; 0.092401474794; 1, 0, 1; 0, 1, 0; 4, 1, 2 ;
1,120; -1.3378, -1.88041, 3.20721 / -1.33762, -1.88032, 3.2073 / -1.33799, -1.88049, 3.20713; 1, 40, 1, 0; 0.679653952538; 0, 2, 0; 1, 1, 0; 2, 5, 1 / 4, 1, 1 ;
0,120; -1.608033, -2.684398, 3.273275 / -1.608033, -2.684398, 3.273275 / -1.608033, -2.684398, 3.273275; 1, 40, 1, 0; 0.898229105768; 0, 1, 0; 1, 0, 0; 3, 1, 1 ;
1,125; -0.26151, 1.6053, 0.75676 / -0.26151, 1.6053, 0.75676 / -0.26151, 1.6053, 0.75676; 1, 25, 1, 0; 0.663058823025; 1, 0, 1; 1, 0, 0; 3, 1, 2 ;
0,125; -0.256097, 1.613358, 0.757908 / -0.256097, 1.613358, 0.757908 / -0.256097, 1.613358, 0.757908; 1, 25, 1, 0; 0.663061283271; 1, 0, 1; 1, 0, 0; 1, 5, 0 / 2, 1, 2 / 2, 5, 0 / 2, 6, 0 ;
1,126; -2.19593, -0.320328, -3.15361 / -2.19578, -0.320254, -3.15358 / -2.19609, -0.320403, -3.15365; 1, 2, 1, 0; 0.424491526094; 2, 1, 1; 2, 0, 0; 3, 1, 1 / 3, 2, 2 ;
0,126; 0.261668, -3.452575, -2.881157 / 0.261668, -3.452575, -2.881157 / 0.261668, -3.452575, -2.881157; 1, 3, 1, 0; 0.459025129253; 1, 0, 1; 1, 0, 0; 2, 1, 2 ;
1,127; 0.171643, 0.171579, -1.15245 / 0.1725, 0.171698, -1.15228 / 0.170786, 0.17146, -1.15261; 1, 11, 1, 0; 0.745181506708; 1, 0, 2; 1, 1, 0; 3, 7, 2 / 4, 1, 2 ;
0,127; 0.173617, 0.173051, -1.147932 / 0.173617, 0.173051, -1.147932 / 0.173617, 0.173051, -1.147932; 1, 11, 1, 0; 0.745181666918; 0, 0, 0; 1, 0, 0; 2, 1, 3 ;
1,128; 0.131893, 1.53606, 2.08414 / 0.131893, 1.53606, 2.08414 / 0.131893, 1.53606, 2.08414; 1, 30, 1, 0; 0.908751378385; 1, 0, 1; 1, 0, 0; 3, 1, 2 ;
1,130; -2.29698, -0.678682, -0.225921 / -2.29698, -0.678682, -0.225921 / -2.29698, -0.678682, -0.225921; 1, 10, 1, 0; 0.785667224652; 0, 1, 0; 0, 1, 0; 4, 1, 1 ;
0,130; -0.479360, 0.133902, 0.155285 / -0.479360, 0.133902, 0.155285 / -0.479360, 0.133902, 0.155285; 1, 16, 1, 0; 0.686993572125; 1, 0, 1; 0, 1, 0; 1, 1, 2 ;
0,130; -0.478309, 0.128209, 0.155012 / -0.478309, 0.128209, 0.155012 / -0.478309, 0.128209, 0.155012; 1, 16, 1, 0; 0.686994683843; 1, 0, 1; 1, 0, 0; 2, 1, 2 ;
0,130; 2.395809, 1.287493, 0.757612 / 2.395809, 1.287493, 0.757612 / 2.395809, 1.287493, 0.757612; 1, 20, 1, 0; 0.779962477185; 1, 0, 1; 1, 0, 0; 3, 1, 2 ;
1,132; 0.441412, -1.40619, 1.76931 / 0.441412, -1.40619, 1.76931 / 0.441412, -1.40619, 1.76931; 1, 27, 1, 0; 0.909540034919; 1, 0, 1; 0, 1, 0; 4, 1, 2 ;
1,134; -0.00991328, -0.64386, 1.49331 / -0.00991328, -0.64386, 1.49331 / -0.00991328, -0.64386, 1.49331; 1, 23, 1, 0; 0.868335735051; 0, 1, 0; 0, 1, 0; 1, 1, 1 ;
0,134; -0.426896, -0.142334, 1.013391 / -0.426896, -0.142334, 1.013391 / -0.426896, -0.142334, 1.013391; 1, 23, 1, 0; 0.467128136459; 0, 1, 0; 1, 0, 0; 3, 1, 1 / 4, 1, 0 ;
0,134; -0.009577, -0.634088, 1.487151 / -0.009577, -0.634088, 1.487151 / -0.009577, -0.634088, 1.487151; 1, 23, 1, 0; 0.868320578363; 1, 0, 1; 1, 0, 0; 2, 1, 2 ;
1,135; 2.93399, -2.14893, -0.304833 / 2.93399, -2.14893, -0.304833 / 2.93399, -2.14893, -0.304833; 1, 15, 1, 0; 0.506196758069; 1, 0, 1; 1, 0, 0; 2, 1, 2 ;
1,136; -0.489035, 2.34174, -1.24815 / -0.489035, 2.34174, -1.24815 / -0.489035, 2.34174, -1.24815; 1, 7, 1, 0; 0.392327842329; 1, 0, 1; 1, 0, 0; 2, 1, 2 ;
0,136; -0.930049, 1.993065, -0.706555 / -0.930049, 1.993065, -0.706555 / -0.930049, 1.993065, -0.706555; 1, 7, 1, 0; 0.908398281415; 1, 0, 1; 1, 0, 0; 2, 1, 2 / 3, 3, 0 ;
1,144; 1.11423, 3.37773, -0.494271 / 1.11423, 3.37773, -0.494271 / 1.11423, 3.37773, -0.494271; 1, 13, 1, 0; 0.618684250372; 1, 0, 1; 1, 0, 0; 2, 1, 2 ;
1,145; -4.37876, 0.25591, -1.11544 / -4.37876, 0.25591, -1.11544 / -4.37876, 0.25591, -1.11544; 1, 10, 1, 0; 0.205276034976; 1, 0, 1; 1, 0, 0; 2, 1, 2 ;
1,146; 3.974, -0.981126, 0.531749 / 3.974, -0.981126, 0.531749 / 3.974, -0.981126, 0.531749; 1, 19, 1, 0; 0.464828786341; 1, 0, 1; 1, 0, 0; 2, 1, 2 / 3, 2, 0 / 4, 2, 0 ;
0,146; 3.974398, -0.985945, 0.535392 / 3.974398, -0.985945, 0.535392 / 3.974398, -0.985945, 0.535392; 1, 19, 1, 0; 0.464830109654; 1, 0, 1; 1, 0, 0; 2, 1, 2 / 2, 5, 0 / 3, 3, 0 ;
1,149; -1.37427, -1.10141, -1.0923 / -1.37427, -1.10141, -1.0923 / -1.37427, -1.10141, -1.0923; 1, 10, 1, 0; 0.130311346993; 1, 0, 1; 1, 0, 0; 2, 1, 2 ;
1,151; 1.18762, 0.448133, -3.9045 / 1.18762, 0.448133, -3.9045 / 1.18762, 0.448133, -3.9045; 1, 1, 1, 0; 0.511390529034; 0, 1, 0; 1, 0, 0; 2, 1, 1 ;
0,151; -0.194708, 0.953152, -0.922423 / -0.194708, 0.953152, -0.922423 / -0.194708, 0.953152, -0.922423; 1, 13, 1, 0; 0.324255843898; 1, 0, 1; 1, 0, 0; 3, 1, 2 ;
0,151; -1.935207, 1.611632, 2.567190 / -1.935207, 1.611632, 2.567190 / -1.935207, 1.611632, 2.567190; 1, 37, 1, 0; 0.508145753351; 1, 0, 1; 1, 0, 0; 2, 1, 2 ;
1,153; -0.166498, 2.75571, -1.2839 / -0.16623, 2.75629, -1.28365 / -0.166767, 2.75513, -1.28416; 1, 7, 1, 0; 0.344745842883; 2, 1, 1; 1, 1, 0; 1, 2, 1 / 3, 1, 2 ;
0,153; -0.163199, 2.769264, -1.291392 / -0.162866, 2.769459, -1.291142 / -0.163531, 2.769069, -1.291642; 1, 7, 1, 0; 0.344744544024; 1, 0, 2; 2, 0, 0; 2, 1, 2 / 2, 3, 2 / 3, 3, 0 ;
0,153; -0.181103, 2.748886, -1.282182 / -0.181103, 2.748886, -1.282182 / -0.181103, 2.748886, -1.282182; 1, 7, 1, 0; 0.344747402537; 1, 0, 1; 1, 0, 0; 2, 1, 2 ;
1,154; -2.28445, -0.358409, -0.214947 / -2.28445, -0.358409, -0.214947 / -2.28445, -0.358409, -0.214947; 1, 10, 1, 0; 0.769605593259; 1, 0, 1; 0, 1, 0; 1, 1, 2 ;
0,154; -2.740658, -0.086368, -0.126873 / -2.740658, -0.086368, -0.126873 / -2.740658, -0.086368, -0.126873; 1, 14, 1, 0; 0.353591180080; 0, 1, 0; 0, 1, 0; 1, 1, 1 ;
0,154; -1.061275, -1.075538, -0.482196 / -1.061275, -1.075538, -0.482196 / -1.061275, -1.075538, -0.482196; 1, 16, 1, 0; 0.207475877052; 0, 0, 0; 1, 0, 0; 2, 1, 3 ;
1,156; 1.3974, -0.707086, 0.977812 / 1.3974, -0.707086, 0.977812 / 1.3974, -0.707086, 0.977812; 1, 23, 1, 0; 0.430846853158; 1, 0, 1; 0, 1, 0; 1, 1, 2 ;
0,156; 1.397021, -0.701015, 0.979348 / 1.397021, -0.701015, 0.979348 / 1.397021, -0.701015, 0.979348; 1, 23, 1, 0; 0.430847946864; 1, 0, 1; 1, 0, 0; 2, 1, 2 ;
1,157; 1.55744, 2.81453, 0.088634 / 1.55744, 2.81453, 0.088634 / 1.55744, 2.81453, 0.088634; 1, 20, 1, 0; 0.209076536707; 1, 0, 1; 1, 0, 0; 2, 1, 2 ;
1,159; 2.56321, 0.0875399, -1.35623 / 2.56321, 0.0875399, -1.35623 / 2.56321, 0.0875399, -1.35623; 1, 11, 1, 0; 0.389966441686; 1, 0, 1; 1, 0, 0; 2, 1, 2 ;
1,160; 1.94685, -0.707657, 1.92876 / 1.94685, -0.707657, 1.92876 / 1.94685, -0.707657, 1.92876; 1, 34, 1, 0; 0.018322344706; 0, 0, 0; 0, 1, 0; 1, 1, 3 ;
0,160; 0.507263, -2.996598, 3.176159 / 0.507263, -2.996598, 3.176159 / 0.507263, -2.996598, 3.176159; 1, 40, 1, 0; 0.951265503693; 1, 0, 1; 0, 1, 0; 1, 1, 2 ;
0,160; 0.503323, -2.998306, 3.179143 / 0.503323, -2.998306, 3.179143 / 0.503323, -2.998306, 3.179143; 1, 40, 1, 0; 0.951265943737; 0, 0, 0; 1, 0, 0; 3, 1, 3 ;
1,161; 1.06434, -0.171976, 4.17982 / 1.06434, -0.171976, 4.17982 / 1.06434, -0.171976, 4.17982; 1, 46, 1, 0; 0.701934276538; 0, 1, 0; 0, 1, 0; 1, 1, 1 ;
0,161; 1.061277, -0.186468, 4.192856 / 1.061467, -0.186163, 4.193762 / 1.061087, -0.186773, 4.191950; 1, 46, 1, 0; 0.701949286656; 0, 2, 0; 2, 0, 0; 3, 1, 1 / 3, 5, 1 ;
0,161; 1.060674, -0.188176, 4.187492 / 1.060674, -0.188176, 4.187492 / 1.060674, -0.188176, 4.187492; 1, 46, 1, 0; 0.701938157048; 1, 0, 1; 1, 0, 0; 3, 1, 2 ;
0,161; 1.062397, -0.188327, 4.191054 / 1.062397, -0.188327, 4.191054 / 1.062397, -0.188327, 4.191054; 1, 46, 1, 0; 0.701949210815; 1, 0, 1; 1, 0, 0; 3, 1, 2 ;
1,167; 0.900382, 2.77452, 0.555244 / 0.900382, 2.77452, 0.555244 / 0.900382, 2.77452, 0.555244; 1, 25, 1, 0; 0.098155947023; 1, 0, 1; 0, 1, 0; 1, 1, 2 ;
0,167; 0.904885, 2.776514, 0.559536 / 0.904885, 2.776514, 0.559536 / 0.904885, 2.776514, 0.559536; 1, 25, 1, 0; 0.098172208649; 1, 0, 1; 1, 0, 0; 2, 1, 2 ;
0,167; 3.260845, 0.602752, 2.312142 / 3.261331, 0.603512, 2.312470 / 3.260359, 0.601992, 2.311814; 1, 28, 1, 0; 0.964699038263; 2, 2, 1; 1, 2, 1; 1, 6, 1 / 3, 1, 2 / 4, 10, 1 ;
0,167; 3.261311, 0.601785, 2.311226 / 3.261331, 0.601992, 2.311814 / 3.261292, 0.601579, 2.310638; 1, 28, 1, 0; 0.964699121140; 1, 0, 1; 1, 1, 0; 2, 3, 0 / 2, 10, 0 / 3, 9, 2 / 4, 1, 1 ;
0,167; 3.260192, 0.593209, 2.307749 / 3.260192, 0.593209, 2.307749 / 3.260192, 0.593209, 2.307749; 1, 28, 1, 0; 0.964700622127; 1, 0, 1; 1, 0, 0; 2, 1, 2 ;
1,171; 0.712709, -1.75502, -1.96021 / 0.712709, -1.75502, -1.96021 / 0.712709, -1.75502, -1.96021; 1, 5, 1, 0; 0.843393096066; 1, 0, 1; 1, 0, 0; 2, 1, 2 ;
0,171; 2.371410, 2.995130, 1.063348 / 2.371410, 2.995130, 1.063348 / 2.371410, 2.995130, 1.063348; 1, 26, 1, 0; 0.423576666238; 1, 0, 1; 1, 0, 0; 1, 1, 0 / 2, 1, 2 / 2, 3, 0 / 4, 6, 0 ;
0,171; 2.397267, 2.992222, 1.075652 / 2.397267, 2.992222, 1.075652 / 2.397267, 2.992222, 1.075652; 1, 26, 1, 0; 0.423586635806; 1, 0, 1; 1, 0, 0; 2, 1, 2 ;
1,174; 1.3845, -1.45988, 1.32512 / 1.3845, -1.45988, 1.32512 / 1.3845, -1.45988, 1.32512; 1, 23, 1, 0; 0.970865475710; 1, 0, 1; 1, 0, 0; 3, 1, 2 ;
1,175; -2.26742, 2.52418, -0.75959 / -2.26742, 2.52418, -0.75959 / -2.26742, 2.52418, -0.75959; 1, 14, 1, 0; 0.118218264945; 1, 0, 1; 1, 0, 0; 2, 1, 2 ;
0,175; -2.274690, 2.528504, -0.766345 / -2.274690, 2.528504, -0.766345 / -2.274690, 2.528504, -0.766345; 1, 14, 1, 0; 0.118219434401; 0, 1, 0; 1, 0, 0; 2, 1, 1 ;
0,175; -2.273678, 2.529422, -0.766554 / -2.273678, 2.529422, -0.766554 / -2.273678, 2.529422, -0.766554; 1, 14, 1, 0; 0.118219495952; 1, 0, 1; 1, 0, 0; 2, 1, 2 ;
0,175; -2.272081, 2.531793, -0.767430 / -2.272081, 2.531793, -0.767430 / -2.272081, 2.531793, -0.767430; 1, 14, 1, 0; 0.118219606742; 1, 0, 1; 1, 0, 0; 2, 1, 2 ;
0,175; 0.155001, 3.428531, 0.953174 / 0.155001, 3.428531, 0.953174 / 0.155001, 3.428531, 0.953174; 1, 26, 1, 0; 0.513376691955; 0, 1, 0; 1, 0, 0; 3, 1, 1 ;
1,178; 3.13876, 0.146209, -1.95341 / 3.13876, 0.146209, -1.95341 / 3.13876, 0.146209, -1.95341; 1, 4, 1, 0; 0.595516221586; 1, 0, 1; 1, 0, 0; 2, 1, 2 / 3, 2, 0 / 4, 2, 0 ;
0,178; 2.337939, -0.839889, -0.540542 / 2.337939, -0.839889, -0.540542 / 2.337939, -0.839889, -0.540542; 1, 12, 1, 0; 0.756548826346; 1, 0, 1; 1, 0, 0; 2, 1, 2 ;
1,180; -1.1575, 0.489171, -0.685241 / -1.1575, 0.489171, -0.685241 / -1.1575, 0.489171, -0.685241; 1, 16, 1, 0; 0.106895854764; 1, 0, 1; 1, 0, 0; 2, 1, 2 ;
0,180; -1.956153, -2.261740, 1.324804 / -1.955828, -2.261531, 1.324906 / -1.956479, -2.261949, 1.324703; 1, 21, 1, 0; 0.911934301896; 1, 0, 2; 2, 0, 0; 2, 1, 2 / 2, 3, 2 ;
0,180; -2.330524, -3.282958, 2.092472 / -2.330524, -3.282958, 2.092472 / -2.330524, -3.282958, 2.092472; 1, 32, 1, 0; 0.564710130559; 1, 0, 1; 1, 0, 0; 3, 1, 2 ;
1,181; -0.129359, 1.7333, -1.18487 / -0.129359, 1.7333, -1.18487 / -0.129359, 1.7333, -1.18487; 1, 7, 1, 0; 0.563999627728; 1, 0, 1; 0, 1, 0; 4, 1, 2 ;
1,182; -2.2908, 0.643906, -0.859193 / -2.2908, 0.643906, -0.859193 / -2.2908, 0.643906, -0.859193; 1, 10, 1, 0; 0.284914620722; 1, 0, 1; 1, 0, 0; 3, 1, 2 / 4, 6, 0 ;
0,182; -2.290346, 0.651261, -0.850856 / -2.290346, 0.651261, -0.850856 / -2.290346, 0.651261, -0.850856; 1, 10, 1, 0; 0.284923963727; 1, 0, 1; 1, 0, 0; 2, 1, 2 ;
1,183; 0.0826204, 0.788661, -3.70738 / 0.0826204, 0.788661, -3.70738 / 0.0826204, 0.788661, -3.70738; 1, 1, 1, 0; 0.667884486076; 0, 0, 0; 1, 0, 0; 3, 1, 3 ;
0,183; 0.085852, 0.788703, -3.707085 / 0.085852, 0.788703, -3.707085 / 0.085852, 0.788703, -3.707085; 1, 1, 1, 0; 0.667884537495; 1, 0, 1; 1, 0, 0; 3, 1, 2 ;
0,183; -2.101205, 1.460231, -0.171543 / -2.101205, 1.460231, -0.171543 / -2.101205, 1.460231, -0.171543; 1, 14, 1, 0; 0.481487912126; 1, 0, 1; 1, 0, 0; 2, 1, 2 ;
1,186; 0.18012, 1.39916, -2.02643 / 0.18012, 1.39916, -2.02643 / 0.18012, 1.39916, -2.02643; 1, 4, 1, 0; 0.721420838421; 1, 0, 1; 1, 0, 0; 2, 1, 2 ;
0,186; 0.176640, 1.403230, -2.022942 / 0.176640, 1.403230, -2.022942 / 0.176640, 1.403230, -2.022942; 1, 4, 1, 0; 0.721421241392; 0, 0, 0; 1, 0, 0; 3, 1, 3 ;
0,186; 0.176049, 1.399262, -2.026362 / 0.176049, 1.399262, -2.026362 / 0.176049, 1.399262, -2.026362; 1, 4, 1, 0; 0.721421326015; 1, 0, 1; 1, 0, 0; 2, 1, 2 ;
0,186; 1.056981, -0.983140, -0.627093 / 1.056981, -0.983140, -0.627093 / 1.056981, -0.983140, -0.627093; 1, 12, 1, 0; 0.562836264036; 1, 0, 1; 1, 0, 0; 3, 1, 2 ;
0,186; 1.889348, -3.527223, 0.756022 / 1.889808, -3.526910, 0.756858 / 1.888888, -3.527536, 0.755185; 1, 19, 1, 0; 0.981906323849; 0, 4, 0; 2, 2, 1; 1, 4, 1 / 1, 6, 0 / 3, 2, 1 / 3, 4, 1 / 3, 8, 0 / 4, 1, 1 ;
0,186; 1.884449, -3.529048, 0.756361 / 1.884449, -3.529048, 0.756361 / 1.884449, -3.529048, 0.756361; 1, 19, 1, 0; 0.981906171993; 1, 0, 1; 1, 0, 0; 3, 1, 2 ;
0,186; 1.890888, -3.527711, 0.752199 / 1.890888, -3.527711, 0.752199 / 1.890888, -3.527711, 0.752199; 1, 19, 1, 0; 0.981906475705; 1, 0, 1; 1, 0, 0; 3, 1, 2 ;
1,187; -2.6869, -0.817073, -1.08267 / -2.68678, -0.816561, -1.08228 / -2.68702, -0.817584, -1.08306; 1, 10, 1, 0; 0.141411291195; 1, 0, 2; 1, 1, 0; 3, 10, 2 / 4, 1, 2 ;
1,190; 1.38965, -0.227705, -3.61853 / 1.38965, -0.227705, -3.61853 / 1.38965, -0.227705, -3.61853; 1, 1, 1, 0; 0.766284593344; 1, 0, 1; 1, 0, 0; 2, 1, 2 ;
1,191; -0.455123, 0.173039, -2.70603 / -0.45435, 0.173475, -2.7054 / -0.455896, 0.172603, -2.70666; 1, 2, 1, 0; 0.895991653456; 0, 1, 0; 2, 1, 0; 1, 1, 1 / 3, 2, 3 / 3, 7, 3 ;
0,191; -0.455375, 0.172745, -2.708192 / -0.455357, 0.172904, -2.707560 / -0.455393, 0.172586, -2.708825; 1, 2, 1, 0; 0.895991696965; 2, 1, 1; 1, 1, 0; 3, 1, 2 / 3, 2, 0 / 3, 6, 0 / 4, 10, 1 ;
0,191; -0.453691, 0.171309, -2.710677 / -0.453691, 0.171309, -2.710677 / -0.453691, 0.171309, -2.710677; 1, 2, 1, 0; 0.895991265833; 1, 0, 1; 1, 0, 0; 3, 1, 2 ;
0,191; -0.451199, 0.175258, -2.702533 / -0.451199, 0.175258, -2.702533 / -0.451199, 0.175258, -2.702533; 1, 2, 1, 0; 0.895991562483; 1, 0, 1; 1, 0, 0; 2, 1, 2 ;
0,191; -0.496596, 0.843099, -1.812961 / -0.496596, 0.843099, -1.812961 / -0.496596, 0.843099, -1.812961; 1, 11, 1, 0; 0.059351366135; 1, 0, 1; 1, 0, 0; 2, 1, 2 ;
1,194; 2.06659, 1.82675, -2.94913 / 2.06659, 1.82675, -2.94913 / 2.06659, 1.82675, -2.94913; 1, 4, 1, 0; 0.061447269269; 1, 0, 1; 1, 0, 0; 3, 1, 2 ;
0,194; 2.703227, -1.483423, -2.024464 / 2.703227, -1.483423, -2.024464 / 2.703227, -1.483423, -2.024464; 1, 8, 1, 0; 0.089525788495; 0, 0, 0; 1, 0, 0; 3, 1, 3 ;
1,196; -1.52585, -1.53857, -2.40786 / -1.52585, -1.53857, -2.40786 / -1.52585, -1.53857, -2.40786; 1, 5, 1, 0; 0.476400415212; 1, 0, 1; 1, 0, 0; 3, 1, 2 ;
1,197; 1.70654, 3.37387, -2.64042 / 1.70654, 3.37387, -2.64042 / 1.70654, 3.37387, -2.64042; 1, 4, 1, 0; 0.198228315139; 1, 0, 1; 1, 0, 0; 3, 1, 2 ;
