1,2; -1.03592, -3.81405, 0.410677 / -1.03592, -3.81405, 0.410677 / -1.03592, -3.81405, 0.410677; 1, 18, 1, 0; 0.158197693396; 1, 0, 1; 1, 0, 0; 3, 1, 2 ;
0,2; -2.804866, -1.581331, 1.460518 / -2.804866, -1.581331, 1.460518 / -2.804866, -1.581331, 1.460518; 1, 21, 1, 0; 0.959837457291; 0, 1, 0; 0, 1, 0; 4, 1, 1 ;
1,5; 3.68768, 0.128208, 2.08214 / 3.68768, 0.128208, 2.08214 / 3.68768, 0.128208, 2.08214; 1, 28, 1, 0; 0.745209327852; 1, 0, 1; 0, 1, 0; 4, 1, 2 ;
0,5; 3.692006, 0.122252, 2.081657 / 3.692031, 0.122341, 2.082343 / 3.691982, 0.122163, 2.080971; 1, 28, 1, 0; 0.745206629759; 2, 1, 1; 2, 0, 0; 2, 6, 2 / 3, 1, 1 / 4, 6, 0 ;
0,5; 3.680401, 0.125439, 2.074735 / 3.680401, 0.125439, 2.074735 / 3.680401, 0.125439, 2.074735; 1, 28, 1, 0; 0.745193166917; 0, 1, 0; 1, 0, 0; 2, 1, 1 ;
0,5; 3.695781, 0.122683, 2.083521 / 3.695781, 0.122683, 2.083521 / 3.695781, 0.122683, 2.083521; 1, 28, 1, 0; 0.745205579989; 1, 0, 1; 1, 0, 0; 3, 1, 2 ;
0,5; 3.681432, 0.131447, 2.079302 / 3.681432, 0.131447, 2.079302 / 3.681432, 0.131447, 2.079302; 1, 28, 1, 0; 0.745210515750; 1, 0, 1; 1, 0, 0; 3, 1, 2 ;
1,7; 1.38916, 2.23042, 2.21956 / 1.38916, 2.23042, 2.21956 / 1.38916, 2.23042, 2.21956; 1, 31, 1, 0; 0.421952195887; 1, 0, 1; 1, 0, 0; 2, 1, 2 ;
1,9; -0.22369, 3.27439, -2.46819 / -0.223461, 3.27454, -2.46797 / -0.22392, 3.27425, -2.46841; 1, 4, 1, 0; 0.244546363794; 2, 1, 1; 1, 1, 0; 1, 5, 2 / 1, 10, 0 / 3, 1, 1 ;
1,11; 0.182458, 0.232039, 0.365802 / 0.183031, 0.232495, 0.366244 / 0.181885, 0.231584, 0.36536; 1, 17, 1, 0; 0.687669570846; 1, 0, 2; 1, 1, 0; 1, 5, 0 / 2, 2, 2 / 4, 1, 2 ;
0,11; 3.223358, 0.222552, 2.131545 / 3.223358, 0.222552, 2.131545 / 3.223358, 0.222552, 2.131545; 1, 28, 1, 0; 0.749522382205; 1, 0, 1; 0, 1, 0; 4, 1, 2 ;
0,11; 3.223949, 0.227650, 2.130858 / 3.223949, 0.227650, 2.130858 / 3.223949, 0.227650, 2.130858; 1, 28, 1, 0; 0.749539187736; 1, 0, 1; 1, 0, 0; 2, 1, 2 / 2, 5, 0 / 2, 6, 0 ;
0,11; 3.222615, 0.247475, 2.133356 / 3.222615, 0.247475, 2.133356 / 3.222615, 0.247475, 2.133356; 1, 28, 1, 0; 0.749555367088; 1, 0, 1; 1, 0, 0; 2, 1, 2 ;
0,11; 3.225461, 0.252036, 2.137357 / 3.225461, 0.252036, 2.137357 / 3.225461, 0.252036, 2.137357; 1, 28, 1, 0; 0.749572494917; 1, 0, 1; 1, 0, 0; 3, 1, 2 ;
0,11; 3.227082, 0.260467, 2.134237 / 3.227082, 0.260467, 2.134237 / 3.227082, 0.260467, 2.134237; 1, 28, 1, 0; 0.749572964551; 1, 0, 1; 1, 0, 0; 3, 1, 2 ;
1,13; -0.932478, -1.10575, 2.0218 / -0.932478, -1.10575, 2.0218 / -0.932478, -1.10575, 2.0218; 1, 30, 1, 0; 0.461796809551; 1, 0, 1; 1, 0, 0; 2, 1, 2 ;
1,14; -2.57749, -0.250321, -2.06568 / -2.57749, -0.250321, -2.06568 / -2.57749, -0.250321, -2.06568; 1, 5, 1, 0; 0.988060387120; 1, 0, 1; 1, 0, 0; 3, 1, 2 ;
1,15; -0.998792, -2.80459, -0.47925 / -0.998792, -2.80459, -0.47925 / -0.998792, -2.80459, -0.47925; 1, 9, 1, 0; 0.935637076158; 1, 0, 1; 1, 0, 0; 2, 1, 2 / 4, 10, 0 ;
1,17; 3.53611, 0.209046, -1.79186 / 3.53611, 0.209046, -1.79186 / 3.53611, 0.209046, -1.79186; 1, 12, 1, 0; 0.001083924967; 1, 0, 1; 1, 0, 0; 2, 1, 2 ;
1,21; -1.41382, 3.02867, 0.722067 / -1.41382, 3.02867, 0.722067 / -1.41382, 3.02867, 0.722067; 1, 25, 1, 0; 0.518423410913; 0, 1, 0; 0, 1, 0; 4, 1, 1 ;
1,26; 0.358102, 3.28422, 1.56506 / 0.358102, 3.28422, 1.56506 / 0.358102, 3.28422, 1.56506; 1, 30, 1, 0; 0.070532864975; 1, 0, 1; 0, 1, 0; 1, 1, 2 ;
1,28; -0.610745, -3.2165, -0.171082 / -0.610745, -3.2165, -0.171082 / -0.610745, -3.2165, -0.171082; 1, 15, 1, 0; 0.358250282618; 1, 0, 1; 0, 1, 0; 4, 1, 2 / 4, 2, 0 ;
0,28; -0.607860, -3.212665, -0.171010 / -0.607860, -3.212665, -0.171010 / -0.607860, -3.212665, -0.171010; 1, 15, 1, 0; 0.358251253697; 1, 0, 1; 1, 0, 0; 3, 1, 2 ;
0,28; -0.171900, -4.306203, 1.572000 / -0.171900, -4.306203, 1.572000 / -0.171900, -4.306203, 1.572000; 1, 22, 1, 0; 0.698095281750; 1, 0, 1; 1, 0, 0; 3, 1, 2 ;
1,33; 3.36933, 0.138926, -0.700733 / 3.36933, 0.138926, -0.700733 / 3.36933, 0.138926, -0.700733; 1, 12, 1, 0; 0.431490692932; 0, 1, 0; 1, 0, 0; 2, 1, 1 ;
0,33; 1.053776, -2.359795, -0.075525 / 1.053938, -2.359767, -0.075186 / 1.053613, -2.359824, -0.075864; 1, 15, 1, 0; 0.468320327568; 2, 1, 1; 0, 2, 1; 1, 5, 2 / 4, 1, 1 ;
0,33; 1.478153, -1.920393, -0.167998 / 1.478503, -1.919673, -0.167055 / 1.477803, -1.921113, -0.168942; 1, 15, 1, 0; 0.521325261990; 2, 2, 3; 3, 2, 0; 1, 5, 0 / 1, 7, 0 / 2, 3, 2 / 2, 5, 1 / 3, 1, 2 / 3, 6, 0 / 3, 7, 0 / 4, 7, 2 / 4, 9, 1 ;
0,33; 1.477222, -1.920739, -0.171642 / 1.477426, -1.920419, -0.171352 / 1.477017, -1.921059, -0.171932; 1, 15, 1, 0; 0.521325395932; 2, 2, 2; 3, 1, 0; 1, 5, 0 / 1, 6, 0 / 2, 7, 0 / 3, 1, 2 / 3, 2, 2 / 3, 3, 1 / 3, 6, 0 / 4, 2, 1 ;
0,33; 1.482635, -1.915477, -0.166702 / 1.483070, -1.915220, -0.166516 / 1.482200, -1.915733, -0.166888; 1, 15, 1, 0; 0.521325878124; 0, 2, 0; 2, 0, 0; 2, 4, 1 / 3, 1, 1 ;
0,33; 1.190695, -2.223855, -0.104126 / 1.190695, -2.223855, -0.104126 / 1.190695, -2.223855, -0.104126; 1, 15, 1, 0; 0.467415643350; 0, 1, 0; 1, 0, 0; 2, 1, 1 ;
0,33; 1.059327, -2.360945, -0.074574 / 1.059327, -2.360945, -0.074574 / 1.059327, -2.360945, -0.074574; 1, 15, 1, 0; 0.468319376581; 1, 0, 1; 1, 0, 0; 3, 1, 2 ;
0,33; 1.489240, -1.920428, -0.169423 / 1.489240, -1.920428, -0.169423 / 1.489240, -1.920428, -0.169423; 1, 15, 1, 0; 0.521323868994; 1, 0, 1; 1, 0, 0; 2, 1, 2 / 3, 5, 0 / 4, 4, 0 ;
0,33; 1.475652, -1.917500, -0.167833 / 1.475652, -1.917500, -0.167833 / 1.475652, -1.917500, -0.167833; 1, 15, 1, 0; 0.521326105825; 1, 0, 1; 1, 0, 0; 3, 1, 2 ;
0,33; 1.483690, -1.909784, -0.168135 / 1.483690, -1.909784, -0.168135 / 1.483690, -1.909784, -0.168135; 1, 15, 1, 0; 0.521326983145; 1, 0, 1; 1, 0, 0; 2, 1, 2 ;
0,33; 1.482325, -1.908256, -0.164760 / 1.482325, -1.908256, -0.164760 / 1.482325, -1.908256, -0.164760; 1, 15, 1, 0; 0.521327090298; 1, 0, 1; 1, 0, 0; 3, 1, 2 ;
0,33; 1.477135, -1.912837, -0.161747 / 1.477135, -1.912837, -0.161747 / 1.477135, -1.912837, -0.161747; 1, 15, 1, 0; 0.521338549033; 1, 0, 1; 1, 0, 0; 3, 1, 2 ;
0,33; 1.483440, -1.909836, -0.157103 / 1.483440, -1.909836, -0.157103 / 1.483440, -1.909836, -0.157103; 1, 15, 1, 0; 0.521338950859; 1, 0, 1; 1, 0, 0; 3, 1, 2 ;
1,34; -2.00254, -4.19381, 0.119368 / -2.00254, -4.19381, 0.119368 / -2.00254, -4.19381, 0.119368; 1, 18, 1, 0; 0.100054031396; 0, 1, 0; 0, 1, 0; 4, 1, 1 ;
1,38; 4.12984, 0.102852, -1.41551 / 4.12984, 0.102852, -1.41551 / 4.12984, 0.102852, -1.41551; 1, 12, 1, 0; 0.093804088106; 1, 0, 1; 1, 0, 0; 2, 1, 2 ;
1,40; -0.9764, 3.49464, -2.31485 / -0.976369, 3.49546, -2.31363 / -0.976431, 3.49382, -2.31606; 1, 6, 1, 0; 0.122095047937; 2, 2, 1; 1, 2, 0; 1, 1, 1 / 1, 7, 1 / 2, 7, 2 / 3, 10, 0 / 4, 2, 0 ;
0,40; -0.971801, 3.489738, -2.323171 / -0.971801, 3.489738, -2.323171 / -0.971801, 3.489738, -2.323171; 1, 6, 1, 0; 0.122086441789; 0, 1, 0; 0, 1, 0; 4, 1, 1 ;
0,40; -0.997671, 3.497156, -2.313958 / -0.997671, 3.497156, -2.313958 / -0.997671, 3.497156, -2.313958; 1, 6, 1, 0; 0.122099179475; 1, 0, 1; 0, 1, 0; 4, 1, 2 ;
0,40; -0.977558, 3.491554, -2.314766 / -0.977155, 3.491611, -2.314105 / -0.977960, 3.491497, -2.315427; 1, 6, 1, 0; 0.122095645858; 1, 0, 2; 2, 0, 0; 3, 1, 2 / 3, 7, 2 ;
0,40; -0.995835, 3.498115, -2.314311 / -0.995506, 3.498297, -2.314134 / -0.996164, 3.497932, -2.314489; 1, 6, 1, 0; 0.122099238287; 1, 0, 1; 2, 0, 0; 2, 1, 3 / 3, 4, 2 ;
0,40; -1.101554, 3.539437, -2.563785 / -1.101554, 3.539437, -2.563785 / -1.101554, 3.539437, -2.563785; 1, 6, 1, 0; 0.120254930156; 1, 0, 1; 1, 0, 0; 3, 1, 2 ;
0,40; -0.974555, 3.489051, -2.322845 / -0.974555, 3.489051, -2.322845 / -0.974555, 3.489051, -2.322845; 1, 6, 1, 0; 0.122086995602; 1, 0, 1; 1, 0, 0; 2, 1, 2 ;
0,40; -0.970813, 3.485382, -2.325549 / -0.970813, 3.485382, -2.325549 / -0.970813, 3.485382, -2.325549; 1, 6, 1, 0; 0.122087118127; 1, 0, 1; 1, 0, 0; 3, 1, 2 ;
0,40; -0.997214, 3.504375, -2.325187 / -0.997214, 3.504375, -2.325187 / -0.997214, 3.504375, -2.325187; 1, 6, 1, 0; 0.122091043824; 1, 0, 1; 1, 0, 0; 2, 1, 2 ;
0,40; -0.976231, 3.498864, -2.314436 / -0.976231, 3.498864, -2.314436 / -0.976231, 3.498864, -2.314436; 1, 6, 1, 0; 0.122094239272; 1, 0, 1; 1, 0, 0; 3, 1, 2 ;
0,40; -0.973350, 3.492588, -2.310286 / -0.973350, 3.492588, -2.310286 / -0.973350, 3.492588, -2.310286; 1, 6, 1, 0; 0.122095180263; 1, 0, 1; 1, 0, 0; 2, 1, 2 ;
0,40; -0.971412, 3.489020, -2.318613 / -0.971412, 3.489020, -2.318613 / -0.971412, 3.489020, -2.318613; 1, 6, 1, 0; 0.122095449818; 1, 0, 1; 1, 0, 0; 1, 1, 0 / 1, 9, 0 / 2, 1, 2 ;
0,40; -1.019479, 3.537510, -2.336209 / -1.019479, 3.537510, -2.336209 / -1.019479, 3.537510, -2.336209; 1, 6, 1, 0; 0.122251404380; 1, 0, 1; 1, 0, 0; 3, 1, 2 ;
0,40; -0.192003, 3.704313, 0.203123 / -0.192003, 3.704313, 0.203123 / -0.192003, 3.704313, 0.203123; 1, 17, 1, 0; 0.470144511493; 1, 0, 1; 1, 0, 0; 2, 1, 2 ;
0,40; 0.251460, 3.850301, 1.668312 / 0.251992, 3.850493, 1.668513 / 0.250929, 3.850108, 1.668110; 1, 31, 1, 0; 0.115836120328; 0, 2, 0; 1, 1, 0; 1, 3, 0 / 2, 2, 1 / 4, 1, 1 ;
0,40; 0.247139, 3.844760, 1.666830 / 0.247139, 3.844760, 1.666830 / 0.247139, 3.844760, 1.666830; 1, 31, 1, 0; 0.115853998951; 1, 0, 1; 0, 1, 0; 1, 1, 2 / 4, 1, 0 ;
0,40; 0.251945, 3.847599, 1.665963 / 0.251945, 3.847599, 1.665963 / 0.251945, 3.847599, 1.665963; 1, 31, 1, 0; 0.115834820465; 1, 0, 1; 1, 0, 0; 1, 10, 0 / 2, 1, 2 ;
0,40; 0.248362, 3.849208, 1.668772 / 0.248362, 3.849208, 1.668772 / 0.248362, 3.849208, 1.668772; 1, 31, 1, 0; 0.115855309830; 1, 0, 1; 1, 0, 0; 2, 4, 0 / 3, 1, 2 / 4, 6, 0 ;
1,41; -0.807979, 3.15809, 2.20647 / -0.807979, 3.15809, 2.20647 / -0.807979, 3.15809, 2.20647; 1, 38, 1, 0; 0.105908310219; 1, 0, 1; 0, 1, 0; 1, 1, 2 ;
0,41; -0.804336, 3.151468, 2.210791 / -0.804336, 3.151468, 2.210791 / -0.804336, 3.151468, 2.210791; 1, 38, 1, 0; 0.105906764146; 1, 0, 1; 1, 0, 0; 2, 1, 2 ;
1,48; 2.55659, -1.33891, -2.53554 / 2.55691, -1.3386, -2.5354 / 2.55627, -1.33921, -2.53569; 1, 3, 1, 0; 0.583992230725; 2, 1, 1; 1, 1, 0; 3, 3, 2 / 4, 1, 1 ;
0,48; 2.559470, -1.334160, -2.533332 / 2.559645, -1.334026, -2.533047 / 2.559294, -1.334294, -2.533617; 1, 3, 1, 0; 0.583999266593; 2, 1, 1; 2, 0, 0; 3, 1, 2 / 3, 2, 1 ;
1,55; 2.28383, 0.0235105, -1.20893 / 2.28383, 0.0235105, -1.20893 / 2.28383, 0.0235105, -1.20893; 1, 11, 1, 0; 0.728620241185; 1, 0, 1; 0, 1, 0; 1, 1, 2 ;
0,55; 0.434520, -0.942908, -0.105749 / 0.434520, -0.942908, -0.105749 / 0.434520, -0.942908, -0.105749; 1, 16, 1, 0; 0.334967887414; 1, 0, 1; 0, 1, 0; 1, 1, 2 ;
0,55; 0.432793, -0.944675, -0.107637 / 0.432793, -0.944675, -0.107637 / 0.432793, -0.944675, -0.107637; 1, 16, 1, 0; 0.334967030185; 1, 0, 1; 1, 0, 0; 2, 1, 2 ;
1,60; 1.29089, 3.81585, -0.388185 / 1.29089, 3.81585, -0.388185 / 1.29089, 3.81585, -0.388185; 1, 13, 1, 0; 0.677188521351; 1, 0, 1; 1, 0, 0; 3, 1, 2 ;
1,61; 0.0855557, -0.4642, -4.07423 / 0.0855557, -0.4642, -4.07423 / 0.0855557, -0.4642, -4.07423; 1, 1, 1, 0; 0.222513554927; 1, 0, 1; 1, 0, 0; 2, 1, 2 ;
0,61; -2.645256, 0.382150, 2.839604 / -2.644406, 0.382638, 2.840249 / -2.646106, 0.381663, 2.838960; 1, 39, 1, 0; 0.075347194719; 2, 1, 2; 1, 2, 0; 1, 9, 0 / 2, 8, 2 / 3, 4, 0 / 3, 5, 0 / 4, 1, 1 / 4, 4, 2 ;
0,61; -2.649987, 0.372844, 2.851198 / -2.649987, 0.372844, 2.851198 / -2.649987, 0.372844, 2.851198; 1, 39, 1, 0; 0.075351689455; 1, 0, 1; 0, 1, 0; 1, 1, 2 ;
0,61; -2.644185, 0.382150, 2.839716 / -2.643060, 0.382638, 2.840249 / -2.645311, 0.381663, 2.839182; 1, 39, 1, 0; 0.075347241867; 1, 0, 1; 2, 1, 0; 1, 6, 0 / 2, 5, 2 / 2, 10, 2 / 3, 1, 0 / 3, 2, 0 / 4, 1, 2 ;
1,62; -0.206782, -0.771717, 2.74037 / -0.206484, -0.771693, 2.74122 / -0.207081, -0.77174, 2.73952; 1, 34, 1, 0; 0.691116973375; 1, 0, 2; 1, 1, 0; 1, 5, 2 / 2, 1, 2 / 2, 4, 0 / 3, 9, 0 ;
0,62; -0.203688, -0.770566, 2.738567 / -0.203688, -0.770566, 2.738567 / -0.203688, -0.770566, 2.738567; 1, 34, 1, 0; 0.691116723917; 0, 1, 0; 1, 0, 0; 2, 1, 1 ;
1,63; -1.1179, 0.172269, -3.7325 / -1.1179, 0.172269, -3.7325 / -1.1179, 0.172269, -3.7325; 1, 1, 1, 0; 0.488027091659; 1, 0, 1; 0, 1, 0; 1, 1, 2 ;
0,63; -1.119261, 0.172281, -3.731635 / -1.119261, 0.172281, -3.731635 / -1.119261, 0.172281, -3.731635; 1, 1, 1, 0; 0.488027040240; 1, 0, 1; 1, 0, 0; 3, 1, 2 ;
0,63; -1.069205, -1.682091, 0.056716 / -1.069205, -1.682091, 0.056716 / -1.069205, -1.682091, 0.056716; 1, 16, 1, 0; 0.909098041501; 1, 0, 1; 0, 1, 0; 4, 1, 2 ;
0,63; -0.985853, -2.683345, 2.309749 / -0.985853, -2.683345, 2.309749 / -0.985853, -2.683345, 2.309749; 1, 32, 1, 0; 0.937953718269; 1, 0, 1; 1, 0, 0; 3, 1, 2 ;
1,65; 1.92395, -1.42665, 3.32018 / 1.92395, -1.42665, 3.32018 / 1.92395, -1.42665, 3.32018; 1, 40, 1, 0; 0.355807072136; 0, 1, 0; 0, 1, 0; 1, 1, 1 ;
0,65; 1.922150, -1.428950, 3.316313 / 1.922150, -1.428950, 3.316313 / 1.922150, -1.428950, 3.316313; 1, 40, 1, 0; 0.355805327676; 1, 0, 1; 1, 0, 0; 3, 1, 2 ;
1,67; 0.218874, 4.26447, -1.14459 / 0.218874, 4.26447, -1.14459 / 0.218874, 4.26447, -1.14459; 1, 7, 1, 0; 0.836306959329; 1, 0, 1; 0, 1, 0; 1, 1, 2 ;
0,67; 0.470024, 3.442856, -1.184167 / 0.470024, 3.442856, -1.184167 / 0.470024, 3.442856, -1.184167; 1, 7, 1, 0; 0.775045679963; 1, 0, 1; 1, 0, 0; 2, 10, 0 / 3, 1, 2 ;
0,67; 0.471691, 3.442646, -1.184319 / 0.471691, 3.442646, -1.184319 / 0.471691, 3.442646, -1.184319; 1, 7, 1, 0; 0.775045756667; 1, 0, 1; 1, 0, 0; 2, 1, 2 ;
0,67; 2.397571, -1.487346, -1.441618 / 2.397571, -1.487346, -1.441618 / 2.397571, -1.487346, -1.441618; 1, 8, 1, 0; 0.701212597708; 1, 0, 1; 1, 0, 0; 2, 1, 2 / 4, 7, 0 ;
0,67; 1.805766, -0.050667, -1.398871 / 1.805766, -0.050667, -1.398871 / 1.805766, -0.050667, -1.398871; 1, 11, 1, 0; 0.442981860773; 0, 1, 0; 1, 0, 0; 2, 1, 1 ;
1,69; -2.29652, -1.73277, 0.141675 / -2.29652, -1.73277, 0.141675 / -2.29652, -1.73277, 0.141675; 1, 21, 1, 0; 0.030297146117; 0, 1, 0; 0, 1, 0; 4, 1, 1 ;
0,69; -1.143681, 0.726221, 1.375544 / -1.143681, 0.726221, 1.375544 / -1.143681, 0.726221, 1.375544; 1, 26, 1, 0; 0.886003111740; 1, 0, 1; 1, 0, 0; 3, 1, 2 ;
1,72; 1.24223, -1.9925, -0.21513 / 1.24223, -1.9925, -0.21513 / 1.24223, -1.9925, -0.21513; 1, 15, 1, 0; 0.520132555666; 1, 0, 1; 0, 1, 0; 1, 1, 2 ;
0,72; 1.898263, -2.998488, -0.718549 / 1.898263, -2.998488, -0.718549 / 1.898263, -2.998488, -0.718549; 1, 15, 1, 0; 0.040795769309; 1, 0, 1; 1, 0, 0; 2, 1, 2 ;
0,72; 1.244401, -1.990745, -0.215724 / 1.244401, -1.990745, -0.215724 / 1.244401, -1.990745, -0.215724; 1, 15, 1, 0; 0.520132488695; 0, 0, 0; 1, 0, 0; 3, 1, 3 ;
0,72; 0.252281, -0.376281, 0.526556 / 0.252314, -0.375142, 0.526789 / 0.252249, -0.377419, 0.526324; 1, 23, 1, 0; 0.073766130308; 2, 1, 1; 0, 2, 0; 4, 1, 2 / 4, 9, 1 ;
0,72; 0.462302, -0.722335, 0.375000 / 0.462302, -0.722335, 0.375000 / 0.462302, -0.722335, 0.375000; 1, 23, 1, 0; 0.042139605586; 0, 1, 0; 0, 1, 0; 1, 1, 1 ;
0,72; 0.474810, -0.742357, 0.366588 / 0.474866, -0.742241, 0.367090 / 0.474755, -0.742474, 0.366087; 1, 23, 1, 0; 0.040761640203; 1, 0, 1; 2, 0, 0; 3, 1, 2 / 3, 4, 3 ;
0,72; 0.254095, -0.381215, 0.524397 / 0.254095, -0.381215, 0.524397 / 0.254095, -0.381215, 0.524397; 1, 23, 1, 0; 0.073765435657; 1, 0, 1; 1, 0, 0; 2, 1, 2 ;
0,72; 0.251592, -0.377906, 0.526296 / 0.252314, -0.377419, 0.526324 / 0.250870, -0.378394, 0.526268; 1, 23, 1, 0; 0.073766189427; 1, 0, 1; 1, 1, 0; 1, 9, 0 / 3, 6, 2 / 4, 1, 1 / 4, 7, 0 / 4, 10, 0 ;
1,75; 1.21134, 2.61341, -1.02929 / 1.21134, 2.61341, -1.02929 / 1.21134, 2.61341, -1.02929; 1, 7, 1, 0; 0.697973738496; 1, 0, 1; 0, 1, 0; 1, 1, 2 ;
1,80; 0.0358543, 0.0252644, 1.01213 / 0.0358543, 0.0252644, 1.01213 / 0.0358543, 0.0252644, 1.01213; 1, 23, 1, 0; 0.502056461804; 0, 1, 0; 0, 1, 0; 4, 1, 1 ;
1,83; 0.181113, -0.762994, 0.376769 / 0.181113, -0.762994, 0.376769 / 0.181113, -0.762994, 0.376769; 1, 23, 1, 0; 0.043905230425; 1, 0, 1; 0, 1, 0; 4, 1, 2 ;
1,86; 1.98936, 1.6688, 0.511316 / 1.98985, 1.66919, 0.511936 / 1.98887, 1.66841, 0.510697; 1, 20, 1, 0; 0.428943547291; 2, 3, 1; 3, 1, 0; 1, 1, 1 / 1, 2, 0 / 2, 2, 0 / 2, 3, 1 / 2, 4, 1 / 3, 6, 2 ;
0,86; 1.849999, 1.356988, 0.502978 / 1.849999, 1.356988, 0.502978 / 1.849999, 1.356988, 0.502978; 1, 20, 1, 0; 0.379643934595; 0, 1, 0; 1, 0, 0; 2, 1, 1 ;
0,86; 1.975834, 1.679501, 0.495730 / 1.975834, 1.679501, 0.495730 / 1.975834, 1.679501, 0.495730; 1, 20, 1, 0; 0.428934595037; 1, 0, 1; 1, 0, 0; 3, 1, 2 ;
1,87; 2.60509, -3.25728, -1.03619 / 2.60509, -3.25728, -1.03619 / 2.60509, -3.25728, -1.03619; 1, 8, 1, 0; 0.897696043388; 1, 0, 1; 1, 0, 0; 2, 1, 2 ;
0,87; 1.978132, -0.025921, 1.803388 / 1.978132, -0.025921, 1.803388 / 1.978132, -0.025921, 1.803388; 1, 27, 1, 0; 0.679393297310; 1, 0, 1; 1, 0, 0; 2, 1, 2 ;
0,87; 1.884564, 0.491665, 2.264607 / 1.884564, 0.491665, 2.264607 / 1.884564, 0.491665, 2.264607; 1, 28, 1, 0; 0.976909062279; 1, 0, 1; 1, 0, 0; 3, 1, 2 ;
1,89; 0.127904, 2.74931, -2.5825 / 0.127904, 2.74931, -2.5825 / 0.127904, 2.74931, -2.5825; 1, 4, 1, 0; 0.150269063536; 1, 0, 1; 1, 0, 0; 3, 1, 2 ;
0,89; -0.273996, 2.556340, -1.991587 / -0.273996, 2.556340, -1.991587 / -0.273996, 2.556340, -1.991587; 1, 4, 1, 0; 0.822427934735; 1, 0, 1; 1, 0, 0; 2, 1, 2 ;
0,89; -1.579423, 1.995293, -0.107595 / -1.579423, 1.995293, -0.107595 / -1.579423, 1.995293, -0.107595; 1, 14, 1, 0; 0.532025357515; 1, 0, 1; 1, 0, 0; 2, 1, 2 ;
0,89; -1.588493, 1.985898, -0.165125 / -1.588493, 1.985898, -0.165125 / -1.588493, 1.985898, -0.165125; 1, 14, 1, 0; 0.532079220231; 1, 0, 1; 1, 0, 0; 3, 1, 2 ;
0,89; -1.262516, 2.151641, -0.452275 / -1.262361, 2.151996, -0.452043 / -1.262671, 2.151285, -0.452507; 1, 17, 1, 0; 0.106412557993; 1, 0, 1; 1, 1, 0; 3, 1, 2 / 3, 4, 0 / 4, 3, 3 ;
0,89; -3.023731, 1.596569, 2.948658 / -3.023731, 1.596569, 2.948658 / -3.023731, 1.596569, 2.948658; 1, 39, 1, 0; 0.655651013673; 1, 0, 1; 1, 0, 0; 2, 1, 2 ;
1,91; -0.734066, 1.55827, 3.48953 / -0.733491, 1.55833, 3.49032 / -0.734641, 1.55822, 3.48873; 1, 45, 1, 0; 0.418905379233; 1, 0, 2; 1, 1, 0; 1, 1, 2 / 2, 6, 2 ;
0,91; -0.734510, 1.557871, 3.486414 / -0.734345, 1.558021, 3.487312 / -0.734675, 1.557721, 3.485515; 1, 45, 1, 0; 0.418905582747; 2, 1, 2; 3, 0, 0; 3, 1, 2 / 3, 7, 1 / 3, 8, 2 / 4, 2, 0 ;
0,91; -1.011387, 1.285805, 3.505371 / -1.011387, 1.285805, 3.505371 / -1.011387, 1.285805, 3.505371; 1, 45, 1, 0; 0.253635518742; 1, 0, 1; 1, 0, 0; 2, 1, 2 ;
0,91; -1.006126, 1.286024, 3.511305 / -1.006126, 1.286024, 3.511305 / -1.006126, 1.286024, 3.511305; 1, 45, 1, 0; 0.253664502627; 1, 0, 1; 1, 0, 0; 2, 1, 2 ;
0,91; -0.740471, 1.559815, 3.484094 / -0.740471, 1.559815, 3.484094 / -0.740471, 1.559815, 3.484094; 1, 45, 1, 0; 0.418906159372; 1, 0, 1; 1, 0, 0; 2, 1, 2 ;
0,91; -0.736334, 1.554092, 3.487023 / -0.736334, 1.554092, 3.487023 / -0.736334, 1.554092, 3.487023; 1, 45, 1, 0; 0.418907787490; 1, 0, 1; 1, 0, 0; 3, 1, 2 ;
1,92; -1.7267, 0.119962, 2.73205 / -1.7267, 0.119962, 2.73205 / -1.7267, 0.119962, 2.73205; 1, 36, 1, 0; 0.436376734863; 0, 1, 0; 0, 1, 0; 1, 1, 1 ;
0,92; -1.716036, -0.068026, 2.578794 / -1.716036, -0.068026, 2.578794 / -1.716036, -0.068026, 2.578794; 1, 36, 1, 0; 0.440254532479; 1, 0, 1; 1, 0, 0; 3, 1, 2 ;
0,92; -1.921266, 1.536676, 3.827870 / -1.921106, 1.536771, 3.827896 / -1.921427, 1.536582, 3.827845; 1, 46, 1, 0; 0.404653654948; 1, 0, 2; 2, 0, 0; 2, 1, 2 / 2, 2, 2 ;
1,93; 3.49412, -1.59273, -2.25171 / 3.49412, -1.59273, -2.25171 / 3.49412, -1.59273, -2.25171; 1, 3, 1, 0; 0.874537861112; 0, 1, 0; 0, 1, 0; 4, 1, 1 ;
0,93; 3.598641, -1.569941, -2.333424 / 3.598641, -1.569941, -2.333424 / 3.598641, -1.569941, -2.333424; 1, 3, 1, 0; 0.875129107783; 1, 0, 1; 0, 1, 0; 1, 8, 0 / 1, 9, 0 / 4, 1, 2 ;
0,93; 3.490035, -1.597293, -2.255611 / 3.490035, -1.597293, -2.255611 / 3.490035, -1.597293, -2.255611; 1, 3, 1, 0; 0.874537107557; 1, 0, 1; 1, 0, 0; 3, 1, 2 ;
0,93; -0.488910, -2.538600, 1.317942 / -0.488525, -2.538447, 1.318067 / -0.489294, -2.538753, 1.317818; 1, 22, 1, 0; 0.473974023725; 2, 1, 1; 1, 1, 0; 3, 1, 2 / 4, 2, 1 ;
1,97; 0.167248, 1.36604, -4.18857 / 0.167248, 1.36604, -4.18857 / 0.167248, 1.36604, -4.18857; 1, 1, 1, 0; 0.097013770888; 1, 0, 1; 1, 0, 0; 3, 1, 2 ;
0,97; 0.785314, 1.577171, -2.360166 / 0.785314, 1.577171, -2.360166 / 0.785314, 1.577171, -2.360166; 1, 4, 1, 0; 0.366220118715; 1, 0, 1; 1, 0, 0; 3, 1, 2 ;
1,98; -1.39989, 3.92011, -0.334372 / -1.39989, 3.92011, -0.334372 / -1.39989, 3.92011, -0.334372; 1, 17, 1, 0; 0.070634706750; 1, 0, 1; 1, 0, 0; 3, 1, 2 ;
0,98; 1.339442, 1.147115, 1.183348 / 1.339442, 1.147115, 1.183348 / 1.339442, 1.147115, 1.183348; 1, 26, 1, 0; 0.242333419056; 1, 0, 1; 0, 1, 0; 1, 1, 2 ;
0,98; 1.338558, 1.140229, 1.183498 / 1.338558, 1.140229, 1.183498 / 1.338558, 1.140229, 1.183498; 1, 26, 1, 0; 0.242318237538; 1, 0, 1; 1, 0, 0; 2, 1, 2 ;
0,98; 1.345030, 1.141722, 1.188300 / 1.345030, 1.141722, 1.188300 / 1.345030, 1.141722, 1.188300; 1, 26, 1, 0; 0.242318554713; 1, 0, 1; 1, 0, 0; 2, 1, 2 ;
0,98; 1.344770, 1.145062, 1.181994 / 1.344770, 1.145062, 1.181994 / 1.344770, 1.145062, 1.181994; 1, 26, 1, 0; 0.242333059020; 1, 0, 1; 1, 0, 0; 3, 1, 2 ;
0,98; 1.338967, 1.147659, 1.186698 / 1.338967, 1.147659, 1.186698 / 1.338967, 1.147659, 1.186698; 1, 26, 1, 0; 0.242334447730; 1, 0, 1; 1, 0, 0; 1, 2, 0 / 2, 2, 0 / 3, 1, 2 / 3, 2, 0 ;
0,98; 1.988723, 0.498650, 1.573672 / 1.988723, 0.498650, 1.573672 / 1.988723, 0.498650, 1.573672; 1, 27, 1, 0; 0.550953559642; 1, 0, 1; 1, 0, 0; 2, 1, 2 ;
1,101; -2.97783, -1.11507, -1.38535 / -2.97783, -1.11507, -1.38535 / -2.97783, -1.11507, -1.38535; 1, 6, 1, 0; 0.920631493206; 1, 0, 1; 0, 1, 0; 1, 1, 2 ;
0,101; -3.261354, -2.140106, 0.644401 / -3.261066, -2.139971, 0.644421 / -3.261641, -2.140241, 0.644381; 1, 18, 1, 0; 0.467996535072; 2, 1, 1; 1, 1, 0; 3, 2, 1 / 4, 1, 2 ;
0,101; -3.260905, -2.140844, 0.631860 / -3.260905, -2.140844, 0.631860 / -3.260905, -2.140844, 0.631860; 1, 18, 1, 0; 0.467993326805; 1, 0, 1; 1, 0, 0; 3, 1, 2 ;
1,104; 2.67848, 1.68608, -0.473707 / 2.67848, 1.68608, -0.473707 / 2.67848, 1.68608, -0.473707; 1, 12, 1, 0; 0.982541431501; 0, 1, 0; 1, 0, 0; 2, 1, 1 ;
0,104; 2.191039, 2.975505, -1.741255 / 2.191039, 2.975505, -1.741255 / 2.191039, 2.975505, -1.741255; 1, 13, 1, 0; 0.005474411671; 1, 0, 1; 1, 0, 0; 2, 1, 2 ;
1,106; -1.83763, 2.64524, -2.39914 / -1.83763, 2.64524, -2.39914 / -1.83763, 2.64524, -2.39914; 1, 6, 1, 0; 0.158173879461; 0, 1, 0; 1, 0, 0; 1, 1, 0 / 2, 1, 1 / 4, 9, 0 ;
1,107; 1.09461, 1.26667, -1.45498 / 1.09461, 1.26667, -1.45498 / 1.09461, 1.26667, -1.45498; 1, 7, 1, 0; 0.482061305139; 1, 0, 1; 0, 1, 0; 4, 1, 2 ;
0,107; 1.092541, 1.264366, -1.457335 / 1.092541, 1.264366, -1.457335 / 1.092541, 1.264366, -1.457335; 1, 7, 1, 0; 0.482060737527; 0, 0, 0; 1, 0, 0; 3, 1, 3 / 3, 2, 0 ;
1,114; -0.481417, 2.45176, -3.5293 / -0.481285, 2.45178, -3.52893 / -0.481549, 2.45175, -3.52967; 1, 2, 1, 0; 0.118963647324; 2, 2, 1; 3, 0, 0; 2, 2, 1 / 2, 3, 1 / 3, 1, 2 ;
0,114; -0.489401, 2.464280, -3.530030 / -0.489401, 2.464280, -3.530030 / -0.489401, 2.464280, -3.530030; 1, 2, 1, 0; 0.118960862769; 1, 0, 1; 1, 0, 0; 3, 1, 2 ;
0,114; -0.516884, 2.593396, -0.662077 / -0.516884, 2.593396, -0.662077 / -0.516884, 2.593396, -0.662077; 1, 13, 1, 0; 0.309682603285; 1, 0, 1; 1, 0, 0; 2, 1, 2 ;
1,116; -2.09438, -2.26708, -1.15295 / -2.09438, -2.26708, -1.15295 / -2.09438, -2.26708, -1.15295; 1, 9, 1, 0; 0.374756314098; 1, 0, 1; 1, 0, 0; 2, 1, 2 ;
1,125; -3.32231, -0.474751, 0.242527 / -3.32231, -0.474751, 0.242527 / -3.32231, -0.474751, 0.242527; 1, 14, 1, 0; 0.912831956452; 1, 0, 1; 0, 1, 0; 1, 1, 2 ;
1,131; -0.679379, 0.140142, 0.762539 / -0.679379, 0.140142, 0.762539 / -0.679379, 0.140142, 0.762539; 1, 23, 1, 0; 0.203103751262; 1, 0, 1; 1, 0, 0; 3, 1, 2 ;
0,131; -0.680348, 0.134040, 0.758496 / -0.680348, 0.134040, 0.758496 / -0.680348, 0.134040, 0.758496; 1, 23, 1, 0; 0.203104445913; 1, 0, 1; 1, 0, 0; 3, 1, 2 ;
1,138; 0.652958, -2.59967, -2.36639 / 0.653054, -2.59965, -2.36608 / 0.652862, -2.59969, -2.36669; 1, 3, 1, 0; 0.942039390386; 0, 2, 0; 1, 1, 0; 1, 7, 1 / 2, 1, 1 / 4, 3, 0 ;
0,138; 0.652317, -2.599341, -2.363826 / 0.652317, -2.599341, -2.363826 / 0.652317, -2.599341, -2.363826; 1, 3, 1, 0; 0.942039346059; 1, 0, 1; 1, 0, 0; 3, 1, 2 ;
1,140; 3.55739, -1.64652, 0.0689176 / 3.55739, -1.64652, 0.0689176 / 3.55739, -1.64652, 0.0689176; 1, 15, 1, 0; 0.597847170878; 1, 0, 1; 1, 0, 0; 2, 1, 2 ;
0,140; 3.546282, -1.651009, 0.058433 / 3.546282, -1.651009, 0.058433 / 3.546282, -1.651009, 0.058433; 1, 15, 1, 0; 0.597848791576; 1, 0, 1; 1, 0, 0; 3, 1, 2 ;
1,141; -3.09013, -3.2282, -0.879934 / -3.09013, -3.2282, -0.879934 / -3.09013, -3.2282, -0.879934; 1, 9, 1, 0; 0.635491026822; 0, 1, 0; 1, 0, 0; 3, 1, 1 ;
1,143; -0.883615, 0.518226, 1.08399 / -0.883581, 0.518393, 1.08417 / -0.883648, 0.51806, 1.08382; 1, 23, 1, 0; 0.546759409931; 0, 2, 0; 0, 2, 0; 1, 1, 1 / 1, 2, 1 ;
0,143; -0.886470, 0.523980, 1.063455 / -0.886242, 0.524409, 1.063628 / -0.886698, 0.523550, 1.063283; 1, 23, 1, 0; 0.546747541749; 0, 2, 0; 1, 1, 0; 2, 6, 1 / 4, 1, 1 ;
0,143; -0.878957, 0.515813, 1.086240 / -0.878957, 0.515813, 1.086240 / -0.878957, 0.515813, 1.086240; 1, 23, 1, 0; 0.546772046663; 1, 0, 1; 0, 1, 0; 1, 1, 2 ;
0,143; -1.062854, 0.297080, 1.074840 / -1.062854, 0.297080, 1.074840 / -1.062854, 0.297080, 1.074840; 1, 23, 1, 0; 0.517111701318; 1, 0, 1; 1, 0, 0; 3, 1, 2 ;
0,143; -0.861324, 0.449591, 1.148361 / -0.861324, 0.449591, 1.148361 / -0.861324, 0.449591, 1.148361; 1, 23, 1, 0; 0.546629687599; 1, 0, 1; 1, 0, 0; 3, 1, 2 ;
0,143; -0.869941, 0.450949, 1.158306 / -0.869941, 0.450949, 1.158306 / -0.869941, 0.450949, 1.158306; 1, 23, 1, 0; 0.546631978469; 1, 0, 1; 1, 0, 0; 2, 1, 2 ;
0,143; -0.887855, 0.519962, 1.055598 / -0.887855, 0.519962, 1.055598 / -0.887855, 0.519962, 1.055598; 1, 23, 1, 0; 0.546733936940; 1, 0, 1; 1, 0, 0; 3, 1, 2 / 3, 6, 0 ;
0,143; -0.881317, 0.528746, 1.061283 / -0.881317, 0.528746, 1.061283 / -0.881317, 0.528746, 1.061283; 1, 23, 1, 0; 0.546734978917; 1, 0, 1; 1, 0, 0; 2, 1, 2 ;
0,143; -0.876976, 0.519146, 1.077565 / -0.876976, 0.519146, 1.077565 / -0.876976, 0.519146, 1.077565; 1, 23, 1, 0; 0.546759055216; 1, 0, 1; 1, 0, 0; 3, 1, 2 ;
0,143; -0.871428, 0.509159, 1.087494 / -0.871428, 0.509159, 1.087494 / -0.871428, 0.509159, 1.087494; 1, 23, 1, 0; 0.546770716481; 1, 0, 1; 1, 0, 0; 2, 1, 2 ;
0,143; -0.856993, 0.517107, 1.099366 / -0.856993, 0.517107, 1.099366 / -0.856993, 0.517107, 1.099366; 1, 23, 1, 0; 0.546781720044; 1, 0, 1; 1, 0, 0; 3, 1, 2 ;
1,145; 0.879902, 0.0867586, -3.23917 / 0.879906, 0.0869928, -3.23882 / 0.879898, 0.0865245, -3.23953; 1, 2, 1, 0; 0.387127605378; 1, 0, 2; 2, 0, 0; 2, 1, 2 / 3, 4, 2 ;
0,145; -0.184809, -0.409999, -1.503558 / -0.184809, -0.409999, -1.503558 / -0.184809, -0.409999, -1.503558; 1, 11, 1, 0; 0.484106942594; 1, 0, 1; 1, 0, 0; 2, 1, 2 ;
0,145; -1.048357, -0.914685, 0.054465 / -1.048357, -0.914685, 0.054465 / -1.048357, -0.914685, 0.054465; 1, 16, 1, 0; 0.784714442426; 0, 1, 0; 0, 1, 0; 1, 1, 1 ;
0,145; -0.506706, -0.601982, -0.923882 / -0.506515, -0.601626, -0.923608 / -0.506898, -0.602338, -0.924156; 1, 16, 1, 0; 0.057369158791; 1, 0, 2; 2, 0, 0; 1, 7, 0 / 2, 1, 2 / 2, 3, 0 / 2, 5, 0 / 3, 2, 2 ;
0,145; -2.489753, -2.043547, 3.264159 / -2.489753, -2.043547, 3.264159 / -2.489753, -2.043547, 3.264159; 1, 40, 1, 0; 0.705037655194; 0, 1, 0; 0, 1, 0; 4, 1, 1 ;
1,146; -2.53609, -1.91786, 0.498119 / -2.53609, -1.91786, 0.498119 / -2.53609, -1.91786, 0.498119; 1, 18, 1, 0; 0.454210947722; 1, 0, 1; 1, 0, 0; 3, 1, 2 ;
0,146; -2.539280, -1.916620, 0.495099 / -2.539280, -1.916620, 0.495099 / -2.539280, -1.916620, 0.495099; 1, 18, 1, 0; 0.454211673069; 1, 0, 1; 1, 0, 0; 2, 1, 2 ;
0,146; -1.067344, -1.191618, 0.982648 / -1.067344, -1.191618, 0.982648 / -1.067344, -1.191618, 0.982648; 1, 23, 1, 0; 0.402168440982; 0, 1, 0; 1, 0, 0; 3, 1, 1 ;
0,146; 2.532178, 0.662699, 2.048849 / 2.532178, 0.662699, 2.048849 / 2.532178, 0.662699, 2.048849; 1, 28, 1, 0; 0.681081208009; 1, 0, 1; 1, 0, 0; 3, 1, 2 ;
0,146; 3.410557, 1.116607, 2.274086 / 3.410557, 1.116607, 2.274086 / 3.410557, 1.116607, 2.274086; 1, 31, 1, 0; 0.762110228379; 1, 0, 1; 1, 0, 0; 2, 1, 2 ;
1,148; -1.32796, 2.54673, -0.806172 / -1.32794, 2.54674, -0.806132 / -1.32798, 2.54672, -0.806212; 1, 17, 1, 0; 0.000776386599; 2, 1, 1; 2, 0, 0; 2, 1, 1 / 2, 2, 2 ;
0,148; 2.395010, 1.489139, 0.722754 / 2.395010, 1.489139, 0.722754 / 2.395010, 1.489139, 0.722754; 1, 20, 1, 0; 0.780786518398; 1, 0, 1; 1, 0, 0; 2, 1, 2 ;
1,149; 2.34334, 1.52085, -3.28085 / 2.34361, 1.52145, -3.28077 / 2.34308, 1.52024, -3.28092; 1, 3, 1, 0; 0.228984900688; 1, 0, 2; 1, 1, 0; 1, 4, 2 / 3, 1, 2 ;
0,149; 2.341597, 1.518953, -3.278959 / 2.341597, 1.518953, -3.278959 / 2.341597, 1.518953, -3.278959; 1, 3, 1, 0; 0.228991859992; 0, 1, 0; 0, 1, 0; 1, 1, 1 / 3, 5, 0 / 3, 9, 0 / 4, 9, 0 ;
0,149; 2.341289, 1.520379, -3.279100 / 2.341289, 1.520379, -3.279100 / 2.341289, 1.520379, -3.279100; 1, 3, 1, 0; 0.228991900289; 0, 1, 0; 0, 1, 0; 1, 1, 1 ;
0,149; 2.340457, 1.522307, -3.281385 / 2.340457, 1.522307, -3.281385 / 2.340457, 1.522307, -3.281385; 1, 3, 1, 0; 0.228992412062; 1, 0, 1; 0, 1, 0; 1, 1, 2 ;
0,149; 2.345132, 1.519230, -3.285165 / 2.345132, 1.519230, -3.285165 / 2.345132, 1.519230, -3.285165; 1, 3, 1, 0; 0.228984989341; 1, 0, 1; 1, 0, 0; 2, 1, 2 ;
0,149; 2.350819, 1.530433, -3.284193 / 2.350819, 1.530433, -3.284193 / 2.350819, 1.530433, -3.284193; 1, 3, 1, 0; 0.228985843639; 1, 0, 1; 1, 0, 0; 3, 1, 2 ;
1,150; -2.52349, 2.2785, -1.72484 / -2.52349, 2.2785, -1.72484 / -2.52349, 2.2785, -1.72484; 1, 6, 1, 0; 0.612863435735; 1, 0, 1; 0, 1, 0; 1, 1, 2 ;
0,150; -2.282575, 2.067026, -1.481338 / -2.282575, 2.067026, -1.481338 / -2.282575, 2.067026, -1.481338; 1, 7, 1, 0; 0.432602065289; 1, 0, 1; 1, 0, 0; 1, 9, 0 / 3, 1, 2 ;
1,153; -0.605521, 3.40948, -2.99632 / -0.605521, 3.40948, -2.99632 / -0.605521, 3.40948, -2.99632; 1, 2, 1, 0; 0.824096938097; 0, 1, 0; 0, 1, 0; 1, 6, 0 / 4, 1, 1 ;
0,153; -0.605378, 3.407271, -2.983920 / -0.605378, 3.407271, -2.983920 / -0.605378, 3.407271, -2.983920; 1, 2, 1, 0; 0.824103986501; 1, 0, 1; 1, 0, 0; 2, 1, 2 ;
0,153; -1.041753, 1.729264, 0.143870 / -1.041753, 1.729264, 0.143870 / -1.041753, 1.729264, 0.143870; 1, 17, 1, 0; 0.645072109282; 1, 0, 1; 0, 1, 0; 1, 1, 2 ;
0,153; -1.254988, 1.042357, 1.448715 / -1.254988, 1.042357, 1.448715 / -1.254988, 1.042357, 1.448715; 1, 26, 1, 0; 0.770067343877; 1, 0, 1; 1, 0, 0; 3, 1, 2 ;
0,153; -1.420589, 0.335198, 2.794766 / -1.420589, 0.335198, 2.794766 / -1.420589, 0.335198, 2.794766; 1, 39, 1, 0; 0.101240059720; 1, 0, 1; 0, 1, 0; 4, 1, 2 ;
1,154; -3.00473, 0.388757, -2.01913 / -3.00433, 0.389131, -2.01866 / -3.00513, 0.388382, -2.01959; 1, 6, 1, 0; 0.375578557559; 2, 1, 2; 2, 1, 0; 3, 1, 2 / 3, 4, 1 / 4, 4, 2 ;
0,154; -3.036896, 0.434589, -1.960949 / -3.036896, 0.434589, -1.960949 / -3.036896, 0.434589, -1.960949; 1, 6, 1, 0; 0.374997128017; 1, 0, 1; 0, 1, 0; 1, 1, 2 / 4, 7, 0 ;
0,154; -3.008638, 0.410832, -2.019878 / -3.008638, 0.410832, -2.019878 / -3.008638, 0.410832, -2.019878; 1, 6, 1, 0; 0.375572352899; 1, 0, 1; 1, 0, 0; 3, 1, 2 ;
0,154; -3.140521, 0.406770, -1.960743 / -3.140521, 0.406770, -1.960743 / -3.140521, 0.406770, -1.960743; 1, 6, 1, 0; 0.377846527302; 1, 0, 1; 1, 0, 0; 2, 1, 2 ;
1,156; 1.04351, 3.95394, -0.0264761 / 1.04351, 3.95394, -0.0264761 / 1.04351, 3.95394, -0.0264761; 1, 17, 1, 0; 0.274809226696; 1, 0, 1; 1, 0, 0; 2, 1, 2 ;
0,156; 1.044461, 3.950454, -0.026714 / 1.044461, 3.950454, -0.026714 / 1.044461, 3.950454, -0.026714; 1, 17, 1, 0; 0.274809324339; 1, 0, 1; 1, 0, 0; 2, 1, 2 ;
0,156; -0.488692, 3.922223, 1.922049 / -0.488692, 3.922223, 1.922049 / -0.488692, 3.922223, 1.922049; 1, 29, 1, 0; 0.563845819647; 1, 0, 1; 1, 0, 0; 3, 1, 2 ;
1,160; -2.46314, -1.18704, -2.92573 / -2.46314, -1.18704, -2.92573 / -2.46314, -1.18704, -2.92573; 1, 5, 1, 0; 0.097942969082; 1, 0, 1; 1, 0, 0; 3, 1, 2 ;
1,163; 2.29084, -0.290558, 3.09912 / 2.29122, -0.29052, 3.09958 / 2.29046, -0.290596, 3.09866; 1, 41, 1, 0; 0.576900464383; 1, 0, 2; 1, 1, 0; 1, 1, 2 / 1, 7, 0 / 3, 4, 2 ;
1,165; -3.6343, -2.69441, 0.519978 / -3.6343, -2.69441, 0.519978 / -3.6343, -2.69441, 0.519978; 1, 18, 1, 0; 0.362944156630; 0, 1, 0; 0, 1, 0; 4, 1, 1 ;
0,165; -2.427521, -1.697101, 0.828055 / -2.427521, -1.697101, 0.828055 / -2.427521, -1.697101, 0.828055; 1, 21, 1, 0; 0.266609572994; 1, 0, 1; 1, 0, 0; 3, 1, 2 ;
1,166; 1.68634, 1.22257, -0.0466633 / 1.68634, 1.22257, -0.0466633 / 1.68634, 1.22257, -0.0466633; 1, 13, 1, 0; 0.890148994944; 1, 0, 1; 0, 1, 0; 4, 1, 2 ;
0,166; 1.826485, 1.361884, -0.100682 / 1.826485, 1.361884, -0.100682 / 1.826485, 1.361884, -0.100682; 1, 13, 1, 0; 0.845350615442; 1, 0, 1; 1, 0, 0; 2, 1, 2 ;
0,166; 0.688003, 0.169390, 0.326340 / 0.688391, 0.170009, 0.326766 / 0.687615, 0.168771, 0.325914; 1, 17, 1, 0; 0.680659382506; 2, 1, 2; 2, 1, 0; 3, 1, 2 / 3, 4, 2 / 4, 3, 1 ;
0,166; 0.689542, 0.172099, 0.331005 / 0.689542, 0.172099, 0.331005 / 0.689542, 0.172099, 0.331005; 1, 17, 1, 0; 0.680658461873; 1, 0, 1; 0, 1, 0; 4, 1, 2 ;
0,166; 0.687286, 0.169946, 0.329271 / 0.687286, 0.169946, 0.329271 / 0.687286, 0.169946, 0.329271; 1, 17, 1, 0; 0.680658545567; 1, 0, 1; 0, 1, 0; 4, 1, 2 ;
0,166; 0.689861, 0.172814, 0.335943 / 0.690669, 0.173083, 0.336043 / 0.689054, 0.172545, 0.335843; 1, 17, 1, 0; 0.680657290158; 1, 0, 2; 2, 0, 0; 2, 1, 2 / 2, 6, 2 ;
0,166; 0.680549, 0.174554, 0.333952 / 0.680549, 0.174554, 0.333952 / 0.680549, 0.174554, 0.333952; 1, 17, 1, 0; 0.680669704756; 1, 0, 1; 1, 0, 0; 3, 1, 2 / 3, 5, 0 ;
1,170; 2.9023, 1.76579, 1.92684 / 2.9023, 1.76579, 1.92684 / 2.9023, 1.76579, 1.92684; 1, 28, 1, 0; 0.583806706005; 1, 0, 1; 0, 1, 0; 1, 1, 2 ;
1,171; -2.46153, 2.27903, -2.61613 / -2.46153, 2.27903, -2.61613 / -2.46153, 2.27903, -2.61613; 1, 6, 1, 0; 0.075117957148; 1, 0, 1; 1, 0, 0; 3, 1, 2 ;
0,171; -2.753839, 2.350038, 1.637859 / -2.753839, 2.350038, 1.637859 / -2.753839, 2.350038, 1.637859; 1, 24, 1, 0; 0.972064583306; 1, 0, 1; 1, 0, 0; 3, 1, 2 ;
1,172; 2.30223, 2.25389, -1.46215 / 2.30223, 2.25389, -1.46215 / 2.30223, 2.25389, -1.46215; 1, 11, 1, 0; 0.217744097399; 1, 0, 1; 1, 0, 0; 3, 1, 2 ;
1,179; 1.4011, -1.68261, -2.42103 / 1.4011, -1.68261, -2.42103 / 1.4011, -1.68261, -2.42103; 1, 3, 1, 0; 0.885474473821; 1, 0, 1; 1, 0, 0; 3, 1, 2 ;
1,180; 1.04551, -1.53606, -2.15891 / 1.04551, -1.53606, -2.15891 / 1.04551, -1.53606, -2.15891; 1, 5, 1, 0; 0.904759439561; 1, 0, 1; 1, 0, 0; 3, 1, 2 ;
0,180; 0.249877, 1.512109, 2.606631 / 0.249877, 1.512109, 2.606631 / 0.249877, 1.512109, 2.606631; 1, 38, 1, 0; 0.804768961590; 1, 0, 1; 1, 0, 0; 2, 1, 2 ;
0,180; 0.098358, 2.024233, 3.435479 / 0.098358, 2.024233, 3.435479 / 0.098358, 2.024233, 3.435479; 1, 45, 1, 0; 0.511178367066; 1, 0, 1; 1, 0, 0; 3, 1, 2 ;
1,186; 1.90599, -1.07377, 2.67944 / 1.90599, -1.07377, 2.67944 / 1.90599, -1.07377, 2.67944; 1, 34, 1, 0; 0.594634681155; 1, 0, 1; 1, 0, 0; 3, 1, 2 ;
1,187; -3.21125, -0.0628228, -1.44018 / -3.21125, -0.0628228, -1.44018 / -3.21125, -0.0628228, -1.44018; 1, 6, 1, 0; 0.992826070549; 1, 0, 1; 1, 0, 0; 3, 1, 2 ;
1,191; -1.40115, 0.236253, 2.77381 / -1.40115, 0.236253, 2.77381 / -1.40115, 0.236253, 2.77381; 1, 34, 1, 0; 0.898853952289; 1, 0, 1; 1, 0, 0; 2, 1, 2 ;
0,191; -1.450300, 0.977263, 2.529103 / -1.450300, 0.977263, 2.529103 / -1.450300, 0.977263, 2.529103; 1, 37, 1, 0; 0.625435502734; 1, 0, 1; 0, 1, 0; 4, 1, 2 ;
0,191; -1.382171, -1.050577, 3.516991 / -1.382171, -1.050577, 3.516991 / -1.382171, -1.050577, 3.516991; 1, 44, 1, 0; 0.008606531722; 1, 0, 1; 1, 0, 0; 3, 1, 2 ;
1,192; 3.59268, 1.56143, -0.477927 / 3.59268, 1.56143, -0.477927 / 3.59268, 1.56143, -0.477927; 1, 12, 1, 0; 0.973894915844; 1, 0, 1; 1, 0, 0; 2, 1, 2 ;
0,192; 2.508989, 1.249170, 0.393129 / 2.509636, 1.249576, 0.393273 / 2.508342, 1.248764, 0.392985; 1, 20, 1, 0; 0.386982967578; 1, 0, 2; 0, 2, 1; 1, 1, 2 / 4, 4, 2 ;
0,192; 2.493577, 1.245242, 0.404179 / 2.493848, 1.245490, 0.404576 / 2.493306, 1.244993, 0.403782; 1, 20, 1, 0; 0.386998312233; 2, 1, 1; 1, 1, 0; 3, 1, 2 / 4, 3, 1 ;
0,192; 2.806258, 1.332206, 0.161928 / 2.806258, 1.332206, 0.161928 / 2.806258, 1.332206, 0.161928; 1, 20, 1, 0; 0.356208026368; 1, 0, 1; 1, 0, 0; 3, 1, 2 ;
1,195; 1.59344, -0.2443, 3.26378 / 1.59344, -0.2443, 3.26378 / 1.59344, -0.2443, 3.26378; 1, 41, 1, 0; 0.596017991180; 1, 0, 1; 0, 1, 0; 1, 1, 2 ;
0,195; -0.749304, -0.227557, 4.121867 / -0.749304, -0.227557, 4.121867 / -0.749304, -0.227557, 4.121867; 1, 46, 1, 0; 0.685514230856; 1, 0, 1; 1, 0, 0; 2, 1, 2 ;
1,196; 0.557477, 0.136434, 2.93002 / 0.557951, 0.136438, 2.93019 / 0.557003, 0.136429, 2.92984; 1, 38, 1, 0; 0.998638797553; 2, 1, 1; 2, 0, 0; 2, 1, 1 / 2, 4, 2 ;
1,197; -1.95698, 0.367646, -1.98279 / -1.95698, 0.367646, -1.98279 / -1.95698, 0.367646, -1.98279; 1, 6, 1, 0; 0.368570678719; 1, 0, 1; 0, 1, 0; 4, 1, 2 ;
0,197; -1.957846, 0.373425, -1.981709 / -1.957846, 0.373425, -1.981709 / -1.957846, 0.373425, -1.981709; 1, 6, 1, 0; 0.368571350156; 1, 0, 1; 1, 0, 0; 2, 1, 2 ;
1,198; 1.34587, -0.412587, -0.368539 / 1.34587, -0.412587, -0.368539 / 1.34587, -0.412587, -0.368539; 1, 12, 1, 0; 0.770964299447; 1, 0, 1; 0, 1, 0; 4, 1, 2 ;
0,198; 1.345339, -0.413391, -0.366992 / 1.345339, -0.413391, -0.366992 / 1.345339, -0.413391, -0.366992; 1, 12, 1, 0; 0.770964385273; 1, 0, 1; 1, 0, 0; 1, 2, 0 / 2, 1, 2 / 4, 6, 0 ;
0,198; 2.632319, 2.447052, 0.141852 / 2.632330, 2.448111, 0.141926 / 2.632308, 2.445992, 0.141779; 1, 20, 1, 0; 0.269826761598; 1, 0, 2; 1, 1, 0; 3, 1, 2 / 4, 6, 2 ;
