1,2; 0.164735, -0.53591, 2.26894 / 0.164735, -0.53591, 2.26894 / 0.164735, -0.53591, 2.26894; 1, 31, 1, 0; 0.975238249459; 1, 0, 1; 0, 1, 0; 4, 1, 2 ;
0,2; 0.164304, -0.536236, 2.271586 / 0.164304, -0.536236, 2.271586 / 0.164304, -0.536236, 2.271586; 1, 31, 1, 0; 0.975238018128; 1, 0, 1; 1, 0, 0; 2, 1, 2 ;
0,2; 0.252633, -0.657859, 2.386875 / 0.252633, -0.657859, 2.386875 / 0.252633, -0.657859, 2.386875; 1, 34, 1, 0; 0.108641750796; 1, 0, 1; 1, 0, 0; 3, 1, 2 ;
1,4; -0.39753, -2.02452, 1.67436 / -0.396849, -2.02351, 1.67473 / -0.398211, -2.02552, 1.674; 1, 22, 1, 0; 0.983956474351; 0, 3, 0; 1, 2, 0; 3, 9, 1 / 4, 1, 1 / 4, 4, 1 ;
0,4; -0.397864, -2.024517, 1.674773 / -0.397516, -2.023513, 1.675549 / -0.398211, -2.025522, 1.673997; 1, 22, 1, 0; 0.983956496179; 1, 0, 1; 1, 2, 0; 3, 6, 1 / 4, 1, 1 / 4, 8, 2 ;
0,4; -0.429694, -1.983215, 1.684568 / -0.429694, -1.983215, 1.684568 / -0.429694, -1.983215, 1.684568; 1, 22, 1, 0; 0.981574030419; 1, 0, 1; 1, 0, 0; 2, 1, 2 ;
0,4; -0.437208, -1.969121, 1.691485 / -0.437208, -1.969121, 1.691485 / -0.437208, -1.969121, 1.691485; 1, 22, 1, 0; 0.981585169760; 1, 0, 1; 1, 0, 0; 3, 1, 2 ;
0,4; -0.426487, -1.993537, 1.691687 / -0.426487, -1.993537, 1.691687 / -0.426487, -1.993537, 1.691687; 1, 22, 1, 0; 0.981588778587; 1, 0, 1; 1, 0, 0; 3, 1, 2 ;
0,4; -0.389701, -2.027345, 1.674864 / -0.389701, -2.027345, 1.674864 / -0.389701, -2.027345, 1.674864; 1, 22, 1, 0; 0.983943647010; 1, 0, 1; 1, 0, 0; 3, 1, 2 ;
0,4; -0.393402, -2.025146, 1.676143 / -0.393402, -2.025146, 1.676143 / -0.393402, -2.025146, 1.676143; 1, 22, 1, 0; 0.983943777976; 1, 0, 1; 1, 0, 0; 2, 1, 2 / 3, 8, 0 ;
0,4; -0.397977, -2.022735, 1.667161 / -0.397977, -2.022735, 1.667161 / -0.397977, -2.022735, 1.667161; 1, 22, 1, 0; 0.983956081455; 1, 0, 1; 1, 0, 0; 3, 1, 2 ;
0,4; -0.397435, -2.023094, 1.670631 / -0.397435, -2.023094, 1.670631 / -0.397435, -2.023094, 1.670631; 1, 22, 1, 0; 0.983956263351; 1, 0, 1; 1, 0, 0; 2, 1, 2 ;
0,4; -0.411359, -2.020835, 1.682768 / -0.411359, -2.020835, 1.682768 / -0.411359, -2.020835, 1.682768; 1, 22, 1, 0; 0.983971382588; 1, 0, 1; 1, 0, 0; 3, 1, 2 ;
1,7; 2.2695, -2.04633, 1.50327 / 2.2695, -2.04633, 1.50327 / 2.2695, -2.04633, 1.50327; 1, 22, 1, 0; 0.406198770671; 1, 0, 1; 1, 0, 0; 3, 1, 2 ;
1,11; -3.17666, 2.72069, 0.396097 / -3.17666, 2.72069, 0.396097 / -3.17666, 2.72069, 0.396097; 1, 24, 1, 0; 0.051842649782; 1, 0, 1; 0, 1, 0; 4, 1, 2 ;
1,14; 2.88735, -2.2327, 1.44481 / 2.88763, -2.23203, 1.44522 / 2.88707, -2.23336, 1.44441; 1, 22, 1, 0; 0.430871284218; 1, 0, 2; 0, 2, 0; 1, 1, 2 / 1, 7, 2 ;
0,14; 2.842812, -2.324857, 1.462496 / 2.842812, -2.324857, 1.462496 / 2.842812, -2.324857, 1.462496; 1, 22, 1, 0; 0.430184399392; 0, 1, 0; 1, 0, 0; 1, 1, 0 / 2, 1, 1 ;
0,14; 2.392897, -3.340050, 1.650178 / 2.392897, -3.340050, 1.650178 / 2.392897, -3.340050, 1.650178; 1, 22, 1, 0; 0.778576267018; 1, 0, 1; 1, 0, 0; 2, 1, 2 ;
1,15; -2.25075, 2.07593, -2.36449 / -2.25075, 2.07593, -2.36449 / -2.25075, 2.07593, -2.36449; 1, 6, 1, 0; 0.188093762896; 1, 0, 1; 1, 0, 0; 3, 1, 2 ;
1,17; 3.53371, 0.789844, -0.622749 / 3.53371, 0.789844, -0.622749 / 3.53371, 0.789844, -0.622749; 1, 12, 1, 0; 0.371026724205; 0, 1, 0; 0, 1, 0; 1, 1, 1 ;
0,17; 3.001613, 1.060414, -0.804602 / 3.001613, 1.060414, -0.804602 / 3.001613, 1.060414, -0.804602; 1, 12, 1, 0; 0.351459400448; 1, 0, 1; 1, 0, 0; 2, 1, 2 ;
0,17; 3.926876, 0.589911, -0.483866 / 3.926876, 0.589911, -0.483866 / 3.926876, 0.589911, -0.483866; 1, 12, 1, 0; 0.861521527673; 1, 0, 1; 1, 0, 0; 2, 1, 2 ;
1,18; -0.39057, -1.32187, -3.93626 / -0.39053, -1.32182, -3.93615 / -0.39061, -1.32193, -3.93636; 1, 1, 1, 0; 0.369906764886; 0, 2, 0; 1, 1, 0; 1, 1, 1 / 2, 1, 1 ;
0,18; -0.395102, -1.326302, -3.928783 / -0.395102, -1.326302, -3.928783 / -0.395102, -1.326302, -3.928783; 1, 1, 1, 0; 0.369914129716; 1, 0, 1; 0, 1, 0; 1, 1, 2 ;
0,18; -0.393107, -1.323320, -3.934142 / -0.392726, -1.323253, -3.933779 / -0.393488, -1.323388, -3.934506; 1, 1, 1, 0; 0.369906697645; 1, 0, 2; 2, 0, 0; 2, 1, 2 / 2, 4, 2 ;
0,18; -0.388570, -1.322172, -3.942295 / -0.388570, -1.322172, -3.942295 / -0.388570, -1.322172, -3.942295; 1, 1, 1, 0; 0.369906887501; 1, 0, 1; 1, 0, 0; 3, 1, 2 ;
0,18; -0.393697, -1.325428, -3.942968 / -0.393697, -1.325428, -3.942968 / -0.393697, -1.325428, -3.942968; 1, 1, 1, 0; 0.369906990339; 1, 0, 1; 1, 0, 0; 3, 1, 2 / 3, 3, 0 / 4, 2, 0 ;
0,18; -0.396147, -1.324237, -3.929355 / -0.396147, -1.324237, -3.929355 / -0.396147, -1.324237, -3.929355; 1, 1, 1, 0; 0.369913639255; 1, 0, 1; 1, 0, 0; 2, 1, 2 ;
0,18; -0.396343, -1.324402, -3.923900 / -0.396343, -1.324402, -3.923900 / -0.396343, -1.324402, -3.923900; 1, 1, 1, 0; 0.369913734183; 0, 1, 0; 1, 0, 0; 2, 1, 1 ;
0,18; -0.391360, -1.322599, -3.921379 / -0.391360, -1.322599, -3.921379 / -0.391360, -1.322599, -3.921379; 1, 1, 1, 0; 0.369913829111; 1, 0, 1; 1, 0, 0; 2, 1, 2 ;
0,18; -0.399772, -1.314783, -3.904915 / -0.399772, -1.314783, -3.904915 / -0.399772, -1.314783, -3.904915; 1, 1, 1, 0; 0.369927490832; 0, 1, 0; 1, 0, 0; 3, 1, 1 ;
0,18; -0.402733, -1.313630, -3.892900 / -0.402733, -1.313630, -3.892900 / -0.402733, -1.313630, -3.892900; 1, 1, 1, 0; 0.369934068551; 1, 0, 1; 1, 0, 0; 1, 6, 0 / 2, 6, 0 / 3, 1, 2 ;
1,19; 1.95239, 1.01226, 3.22675 / 1.95239, 1.01226, 3.22675 / 1.95239, 1.01226, 3.22675; 1, 42, 1, 0; 0.457066377940; 1, 0, 1; 1, 0, 0; 3, 1, 2 ;
1,22; -0.0750865, 1.23109, -2.97146 / -0.0750865, 1.23109, -2.97146 / -0.0750865, 1.23109, -2.97146; 1, 2, 1, 0; 0.655940317186; 1, 0, 1; 1, 0, 0; 1, 3, 0 / 3, 1, 2 ;
1,24; 2.21946, 0.19926, 0.807664 / 2.21952, 0.199392, 0.807897 / 2.2194, 0.199127, 0.807432; 1, 20, 1, 0; 0.909290060251; 1, 0, 2; 2, 0, 0; 3, 1, 2 / 3, 2, 2 ;
1,27; -2.0467, 1.54043, 2.70108 / -2.0467, 1.54043, 2.70108 / -2.0467, 1.54043, 2.70108; 1, 37, 1, 0; 0.544917843825; 1, 0, 1; 0, 1, 0; 4, 1, 2 ;
0,27; -1.757462, 1.405672, 3.032421 / -1.757462, 1.405672, 3.032421 / -1.757462, 1.405672, 3.032421; 1, 39, 1, 0; 0.617493917963; 1, 0, 1; 0, 1, 0; 1, 1, 2 ;
1,31; 0.218106, 1.77342, 2.5852 / 0.218106, 1.77342, 2.5852 / 0.218106, 1.77342, 2.5852; 1, 38, 1, 0; 0.756314437566; 1, 0, 1; 1, 0, 0; 3, 1, 2 ;
1,32; -0.55939, -2.1354, -2.15836 / -0.55939, -2.1354, -2.15836 / -0.55939, -2.1354, -2.15836; 1, 5, 1, 0; 0.823724594467; 0, 1, 0; 0, 1, 0; 1, 1, 1 / 1, 9, 0 / 4, 4, 0 ;
0,32; -0.560188, -2.134999, -2.152570 / -0.560188, -2.134999, -2.152570 / -0.560188, -2.134999, -2.152570; 1, 5, 1, 0; 0.823724790507; 1, 0, 1; 0, 1, 0; 4, 1, 2 ;
0,32; -0.561964, -2.134857, -2.159305 / -0.561964, -2.134857, -2.159305 / -0.561964, -2.134857, -2.159305; 1, 5, 1, 0; 0.823724496447; 1, 0, 1; 1, 0, 0; 3, 1, 2 ;
0,32; -3.073800, -1.741953, 0.476707 / -3.073800, -1.741953, 0.476707 / -3.073800, -1.741953, 0.476707; 1, 21, 1, 0; 0.219543447070; 1, 0, 1; 1, 0, 0; 3, 1, 2 ;
1,33; 3.17325, 2.98882, -0.0501616 / 3.17325, 2.98882, -0.0501616 / 3.17325, 2.98882, -0.0501616; 1, 20, 1, 0; 0.063297762949; 1, 0, 1; 0, 1, 0; 1, 1, 2 ;
0,33; 3.173605, 2.994019, -0.048113 / 3.173605, 2.994019, -0.048113 / 3.173605, 2.994019, -0.048113; 1, 20, 1, 0; 0.063310099415; 1, 0, 1; 0, 1, 0; 1, 1, 2 ;
0,33; -1.384176, 0.146959, 1.985881 / -1.384176, 0.146959, 1.985881 / -1.384176, 0.146959, 1.985881; 1, 30, 1, 0; 0.730657017000; 1, 0, 1; 1, 0, 0; 2, 1, 2 / 4, 8, 0 ;
0,33; -1.379127, 0.147191, 1.989871 / -1.379127, 0.147191, 1.989871 / -1.379127, 0.147191, 1.989871; 1, 30, 1, 0; 0.730658468444; 1, 0, 1; 1, 0, 0; 2, 1, 2 ;
1,36; 1.662, -0.494358, 0.239443 / 1.66267, -0.49417, 0.240167 / 1.66132, -0.494546, 0.23872; 1, 16, 1, 0; 0.752413011390; 2, 1, 1; 1, 1, 0; 1, 1, 2 / 2, 9, 1 ;
0,36; 2.422312, -1.301531, 0.792415 / 2.422312, -1.301531, 0.792415 / 2.422312, -1.301531, 0.792415; 1, 19, 1, 0; 0.820608478464; 0, 1, 0; 1, 0, 0; 2, 1, 1 / 2, 5, 0 / 3, 3, 0 ;
1,38; -0.601331, 0.97919, 0.504034 / -0.601331, 0.97919, 0.504034 / -0.601331, 0.97919, 0.504034; 1, 17, 1, 0; 0.861269239139; 0, 1, 0; 0, 1, 0; 1, 1, 1 ;
1,41; -3.87896, -1.53112, -0.919161 / -3.87896, -1.53112, -0.919161 / -3.87896, -1.53112, -0.919161; 1, 10, 1, 0; 0.454543739105; 1, 0, 1; 1, 0, 0; 3, 1, 2 ;
1,43; 2.4918, -1.35928, -2.95797 / 2.4918, -1.35928, -2.95797 / 2.4918, -1.35928, -2.95797; 1, 3, 1, 0; 0.357436594575; 1, 0, 1; 0, 1, 0; 4, 1, 2 ;
0,43; 2.250550, -0.804090, -3.779629 / 2.250620, -0.803730, -3.779466 / 2.250480, -0.804451, -3.779792; 1, 3, 1, 0; 0.002753075674; 2, 1, 1; 2, 0, 0; 1, 7, 0 / 3, 1, 2 / 3, 2, 1 ;
0,43; 2.261380, -0.793379, -3.760458 / 2.261380, -0.793379, -3.760458 / 2.261380, -0.793379, -3.760458; 1, 3, 1, 0; 0.002756940163; 1, 0, 1; 1, 0, 0; 2, 1, 2 ;
0,43; 2.301838, -0.712633, -3.745544 / 2.301838, -0.712633, -3.745544 / 2.301838, -0.712633, -3.745544; 1, 3, 1, 0; 0.003210499805; 1, 0, 1; 1, 0, 0; 3, 1, 2 ;
0,43; 2.312583, -0.681122, -3.736525 / 2.312583, -0.681122, -3.736525 / 2.312583, -0.681122, -3.736525; 1, 3, 1, 0; 0.003225994028; 1, 0, 1; 1, 0, 0; 3, 1, 2 ;
0,43; 2.305500, -0.663444, -3.727218 / 2.305500, -0.663444, -3.727218 / 2.305500, -0.663444, -3.727218; 1, 3, 1, 0; 0.003233803600; 1, 0, 1; 1, 0, 0; 3, 1, 2 ;
0,43; 2.677446, -1.938160, -2.295670 / 2.677446, -1.938160, -2.295670 / 2.677446, -1.938160, -2.295670; 1, 3, 1, 0; 0.911960996466; 1, 0, 1; 1, 0, 0; 2, 1, 2 ;
0,43; 2.762943, -2.201794, -1.992252 / 2.762943, -2.201794, -1.992252 / 2.762943, -2.201794, -1.992252; 1, 8, 1, 0; 0.045488954070; 1, 0, 1; 0, 1, 0; 1, 1, 2 ;
1,45; -0.512033, -1.42536, -3.15756 / -0.511956, -1.42536, -3.15752 / -0.51211, -1.42537, -3.15761; 1, 5, 1, 0; 0.071948669919; 0, 2, 0; 1, 1, 0; 1, 1, 1 / 2, 1, 1 ;
0,45; -1.478272, -1.684540, -2.865512 / -1.478272, -1.684540, -2.865512 / -1.478272, -1.684540, -2.865512; 1, 5, 1, 0; 0.144257724703; 1, 0, 1; 1, 0, 0; 3, 1, 2 ;
0,45; -1.492075, -1.680225, -2.870012 / -1.492075, -1.680225, -2.870012 / -1.492075, -1.680225, -2.870012; 1, 5, 1, 0; 0.144258827427; 1, 0, 1; 1, 0, 0; 3, 1, 2 ;
1,50; -2.41587, -1.66336, -0.908951 / -2.41587, -1.66336, -0.908951 / -2.41587, -1.66336, -0.908951; 1, 9, 1, 0; 0.470341949660; 1, 0, 1; 1, 0, 0; 2, 1, 2 ;
0,50; 2.296471, 1.232181, -1.036940 / 2.296471, 1.232181, -1.036940 / 2.296471, 1.232181, -1.036940; 1, 11, 1, 0; 0.863857569703; 1, 0, 1; 1, 0, 0; 3, 1, 2 ;
1,51; 2.9139, 0.511393, -1.55604 / 2.9139, 0.511393, -1.55604 / 2.9139, 0.511393, -1.55604; 1, 11, 1, 0; 0.026387391686; 1, 0, 1; 1, 0, 0; 3, 1, 2 ;
0,51; -0.810638, 0.358125, 1.924823 / -0.810638, 0.358125, 1.924823 / -0.810638, 0.358125, 1.924823; 1, 30, 1, 0; 0.782281143699; 1, 0, 1; 0, 1, 0; 1, 1, 2 ;
0,51; -0.813481, 0.357543, 1.926071 / -0.813481, 0.357543, 1.926071 / -0.813481, 0.357543, 1.926071; 1, 30, 1, 0; 0.782281026804; 1, 0, 1; 1, 0, 0; 3, 1, 2 ;
0,51; -0.816352, 0.355325, 1.926018 / -0.816352, 0.355325, 1.926018 / -0.816352, 0.355325, 1.926018; 1, 30, 1, 0; 0.782282069116; 1, 0, 1; 1, 0, 0; 2, 1, 2 ;
0,51; -0.813229, 0.353838, 1.922577 / -0.813229, 0.353838, 1.922577 / -0.813229, 0.353838, 1.922577; 1, 30, 1, 0; 0.782282449024; 1, 0, 1; 1, 0, 0; 2, 1, 2 / 4, 4, 0 / 4, 5, 0 ;
1,53; 3.15667, -2.05992, 2.08359 / 3.15667, -2.05992, 2.08359 / 3.15667, -2.05992, 2.08359; 1, 33, 1, 0; 0.128925471912; 0, 1, 0; 0, 1, 0; 1, 1, 1 ;
1,54; 1.13339, 0.686913, -3.61028 / 1.13339, 0.686913, -3.61028 / 1.13339, 0.686913, -3.61028; 1, 1, 1, 0; 0.663183861291; 1, 0, 1; 0, 1, 0; 1, 1, 2 ;
0,54; 1.139677, 0.700969, -3.605646 / 1.139677, 0.700969, -3.605646 / 1.139677, 0.700969, -3.605646; 1, 1, 1, 0; 0.663899278231; 1, 0, 1; 1, 0, 0; 3, 1, 2 ;
0,54; 1.263095, 0.129354, -0.756261 / 1.263095, 0.129354, -0.756261 / 1.263095, 0.129354, -0.756261; 1, 12, 1, 0; 0.444506661311; 1, 0, 1; 1, 0, 0; 1, 3, 0 / 2, 1, 2 / 3, 4, 0 ;
1,55; 3.60746, 0.675496, -0.791974 / 3.60746, 0.675496, -0.791974 / 3.60746, 0.675496, -0.791974; 1, 12, 1, 0; 0.369586583312; 0, 1, 0; 0, 1, 0; 4, 1, 1 ;
1,56; 0.997445, 0.0643201, -1.42299 / 0.998016, 0.0645777, -1.42256 / 0.996873, 0.0640624, -1.42341; 1, 11, 1, 0; 0.401296752768; 0, 3, 0; 2, 2, 1; 1, 6, 1 / 2, 6, 3 / 3, 1, 1 / 4, 2, 1 ;
0,56; 1.000096, 0.062644, -1.424081 / 1.000096, 0.062644, -1.424081 / 1.000096, 0.062644, -1.424081; 1, 11, 1, 0; 0.401297496601; 1, 0, 1; 1, 0, 0; 2, 1, 2 ;
1,57; 0.548967, -2.21439, 3.88879 / 0.548967, -2.21439, 3.88879 / 0.548967, -2.21439, 3.88879; 1, 45, 1, 0; 0.960575166458; 0, 1, 0; 0, 1, 0; 4, 1, 1 ;
1,59; -3.3835, 0.00525051, 2.85457 / -3.38302, 0.00587943, 2.85465 / -3.38399, 0.00462158, 2.8545; 1, 37, 1, 0; 0.923071189772; 0, 2, 0; 1, 1, 0; 1, 5, 1 / 2, 1, 1 ;
1,62; -1.23158, 0.94736, -4.26914 / -1.23158, 0.94736, -4.26914 / -1.23158, 0.94736, -4.26914; 1, 1, 1, 0; 0.119378890070; 1, 0, 1; 0, 1, 0; 4, 1, 2 ;
0,62; -1.230923, 0.948831, -4.270346 / -1.230923, 0.948831, -4.270346 / -1.230923, 0.948831, -4.270346; 1, 1, 1, 0; 0.119378929624; 1, 0, 1; 1, 0, 0; 2, 1, 2 ;
0,62; 0.524769, 1.780341, -1.054483 / 0.524769, 1.780341, -1.054483 / 0.524769, 1.780341, -1.054483; 1, 7, 1, 0; 0.560732295882; 1, 0, 1; 1, 0, 0; 2, 1, 2 ;
0,62; 0.528290, 1.780237, -1.054630 / 0.528290, 1.780237, -1.054630 / 0.528290, 1.780237, -1.054630; 1, 7, 1, 0; 0.560732914630; 1, 0, 1; 1, 0, 0; 2, 1, 2 ;
1,63; -2.99917, -0.3967, 0.578806 / -2.99917, -0.3967, 0.578806 / -2.99917, -0.3967, 0.578806; 1, 21, 1, 0; 0.088403094278; 1, 0, 1; 1, 0, 0; 2, 1, 2 ;
0,63; -1.100482, 0.525134, 1.514294 / -1.100348, 0.525225, 1.514388 / -1.100617, 0.525043, 1.514201; 1, 23, 1, 0; 0.651655663103; 0, 2, 0; 1, 1, 0; 1, 1, 1 / 1, 8, 0 / 2, 1, 1 / 2, 6, 0 / 2, 9, 0 / 3, 4, 0 / 3, 7, 0 ;
0,63; -1.488565, 0.374862, 1.384355 / -1.488565, 0.374862, 1.384355 / -1.488565, 0.374862, 1.384355; 1, 23, 1, 0; 0.646840876206; 1, 0, 1; 1, 0, 0; 3, 1, 2 ;
0,63; -1.104936, 0.519661, 1.515254 / -1.104936, 0.519661, 1.515254 / -1.104936, 0.519661, 1.515254; 1, 23, 1, 0; 0.651641895717; 1, 0, 1; 1, 0, 0; 3, 1, 2 / 4, 2, 0 ;
0,63; -0.282185, 0.943759, 2.228690 / -0.282005, 0.943797, 2.228739 / -0.282366, 0.943722, 2.228641; 1, 31, 1, 0; 0.706298463959; 2, 1, 1; 1, 1, 0; 1, 1, 1 / 2, 1, 2 ;
0,63; -0.287848, 0.938153, 2.231221 / -0.287848, 0.938153, 2.231221 / -0.287848, 0.938153, 2.231221; 1, 31, 1, 0; 0.706301768695; 1, 0, 1; 1, 0, 0; 3, 1, 2 ;
1,64; -1.60974, -3.45598, -1.984 / -1.60967, -3.45586, -1.98375 / -1.60982, -3.4561, -1.98426; 1, 5, 1, 0; 0.672598345816; 2, 1, 1; 1, 1, 0; 1, 2, 2 / 2, 1, 1 ;
0,64; -1.851570, -3.701929, -2.077621 / -1.851570, -3.701929, -2.077621 / -1.851570, -3.701929, -2.077621; 1, 5, 1, 0; 0.671845866648; 1, 0, 1; 1, 0, 0; 2, 1, 2 ;
0,64; -1.615673, -3.458423, -1.979265 / -1.615673, -3.458423, -1.979265 / -1.615673, -3.458423, -1.979265; 1, 5, 1, 0; 0.672606814736; 1, 0, 1; 1, 0, 0; 2, 1, 2 ;
0,64; 1.272881, -0.743201, -0.884439 / 1.272881, -0.743201, -0.884439 / 1.272881, -0.743201, -0.884439; 1, 12, 1, 0; 0.509883332647; 1, 0, 1; 1, 0, 0; 3, 1, 2 ;
1,65; -2.29733, -1.20691, 1.38527 / -2.29731, -1.20667, 1.3857 / -2.29734, -1.20716, 1.38485; 1, 23, 1, 0; 0.922406018927; 2, 1, 1; 2, 0, 0; 3, 1, 1 / 3, 3, 2 ;
1,73; -1.97878, 1.10932, 2.27586 / -1.97878, 1.10932, 2.27586 / -1.97878, 1.10932, 2.27586; 1, 37, 1, 0; 0.058581148931; 1, 0, 1; 1, 0, 0; 2, 1, 2 ;
0,73; -1.972512, 1.108173, 2.269824 / -1.972512, 1.108173, 2.269824 / -1.972512, 1.108173, 2.269824; 1, 37, 1, 0; 0.058582725620; 1, 0, 1; 1, 0, 0; 3, 1, 2 ;
0,73; -1.979093, 1.105265, 2.276892 / -1.979093, 1.105265, 2.276892 / -1.979093, 1.105265, 2.276892; 1, 37, 1, 0; 0.058583797155; 1, 0, 1; 1, 0, 0; 3, 1, 2 ;
1,74; -2.05863, -2.8319, -2.30702 / -2.05863, -2.8319, -2.30702 / -2.05863, -2.8319, -2.30702; 1, 5, 1, 0; 0.579186199582; 1, 0, 1; 1, 0, 0; 3, 1, 2 ;
0,74; 3.574874, -1.220778, 0.359725 / 3.574874, -1.220778, 0.359725 / 3.574874, -1.220778, 0.359725; 1, 19, 1, 0; 0.466922456707; 1, 0, 1; 1, 0, 0; 2, 1, 2 ;
1,78; -0.00969266, 2.15366, 3.59025 / -0.00969266, 2.15366, 3.59025 / -0.00969266, 2.15366, 3.59025; 1, 45, 1, 0; 0.510596043674; 1, 0, 1; 1, 0, 0; 3, 1, 2 ;
1,79; 0.955043, 1.97672, 0.191451 / 0.955043, 1.97672, 0.191451 / 0.955043, 1.97672, 0.191451; 1, 17, 1, 0; 0.621697682237; 1, 0, 1; 0, 1, 0; 4, 1, 2 ;
1,83; -2.87043, -2.64673, 1.68359 / -2.87043, -2.64673, 1.68359 / -2.87043, -2.64673, 1.68359; 1, 32, 1, 0; 0.134572334069; 1, 0, 1; 0, 1, 0; 1, 1, 2 ;
1,87; 2.02594, 0.901675, 0.1422 / 2.02611, 0.901845, 0.142474 / 2.02577, 0.901505, 0.141926; 1, 16, 1, 0; 0.579429809052; 0, 2, 0; 0, 2, 0; 1, 1, 1 / 1, 2, 1 ;
0,87; 2.026530, 0.903169, 0.142793 / 2.026530, 0.903169, 0.142793 / 2.026530, 0.903169, 0.142793; 1, 16, 1, 0; 0.579429012098; 1, 0, 1; 0, 1, 0; 4, 1, 2 ;
0,87; 2.028840, 0.918034, 0.144170 / 2.028840, 0.918034, 0.144170 / 2.028840, 0.918034, 0.144170; 1, 16, 1, 0; 0.579427063242; 1, 0, 1; 1, 0, 0; 3, 1, 2 ;
0,87; 2.033132, 0.929427, 0.151501 / 2.033132, 0.929427, 0.151501 / 2.033132, 0.929427, 0.151501; 1, 19, 1, 0; 0.123466228744; 1, 0, 1; 0, 1, 0; 4, 1, 2 ;
0,87; 2.033144, 0.931911, 0.154656 / 2.033144, 0.931911, 0.154656 / 2.033144, 0.931911, 0.154656; 1, 19, 1, 0; 0.123466127507; 1, 0, 1; 1, 0, 0; 2, 1, 2 ;
1,91; -1.67006, -2.68167, 2.27242 / -1.67006, -2.68167, 2.27242 / -1.67006, -2.68167, 2.27242; 1, 32, 1, 0; 0.947156131167; 1, 0, 1; 1, 0, 0; 2, 1, 2 ;
0,91; -1.674413, -2.683969, 2.269953 / -1.674413, -2.683969, 2.269953 / -1.674413, -2.683969, 2.269953; 1, 32, 1, 0; 0.947176367169; 1, 0, 1; 1, 0, 0; 2, 1, 2 ;
1,92; 0.0986968, 2.80624, -0.282326 / 0.0986968, 2.80624, -0.282326 / 0.0986968, 2.80624, -0.282326; 1, 17, 1, 0; 0.207680039559; 1, 0, 1; 1, 0, 0; 3, 1, 2 ;
0,92; 0.090222, 2.798883, -0.283337 / 0.090222, 2.798883, -0.283337 / 0.090222, 2.798883, -0.283337; 1, 17, 1, 0; 0.207694455836; 0, 0, 0; 1, 0, 0; 2, 1, 0 / 3, 1, 3 ;
1,98; -3.21525, -0.131476, -2.99724 / -3.21525, -0.131476, -2.99724 / -3.21525, -0.131476, -2.99724; 1, 2, 1, 0; 0.526875251164; 1, 0, 1; 0, 1, 0; 4, 1, 2 ;
0,98; 1.947468, 2.684034, 2.852935 / 1.947468, 2.684034, 2.852935 / 1.947468, 2.684034, 2.852935; 1, 40, 1, 0; 0.049755649851; 1, 0, 1; 1, 0, 0; 2, 1, 2 ;
1,100; -2.11158, 0.190774, 0.542086 / -2.11158, 0.190774, 0.542086 / -2.11158, 0.190774, 0.542086; 1, 17, 1, 0; 0.708262807261; 1, 0, 1; 1, 0, 0; 3, 1, 2 ;
1,104; -1.01312, 0.523875, -2.29969 / -1.01312, 0.523875, -2.29969 / -1.01312, 0.523875, -2.29969; 1, 6, 1, 0; 0.277535676793; 1, 0, 1; 1, 0, 0; 2, 1, 2 ;
1,109; -0.133257, -0.00191474, 0.4432 / -0.133257, -0.00191474, 0.4432 / -0.133257, -0.00191474, 0.4432; 1, 23, 1, 0; 0.087642384928; 1, 0, 1; 1, 0, 0; 2, 1, 2 ;
1,113; -1.97348, 0.61181, -2.04744 / -1.97297, 0.611984, -2.04734 / -1.97399, 0.611636, -2.04754; 1, 6, 1, 0; 0.369964649123; 2, 1, 1; 0, 2, 1; 1, 1, 2 / 4, 5, 1 ;
0,113; -1.084602, 0.704771, 1.655195 / -1.084602, 0.704771, 1.655195 / -1.084602, 0.704771, 1.655195; 1, 30, 1, 0; 0.155805239615; 1, 0, 1; 0, 1, 0; 1, 1, 2 ;
1,116; 0.74836, 0.92563, 3.6622 / 0.74836, 0.92563, 3.6622 / 0.74836, 0.92563, 3.6622; 1, 45, 1, 0; 0.042634090747; 1, 0, 1; 1, 0, 0; 2, 1, 2 ;
1,120; -1.86837, 0.138015, -2.86473 / -1.86837, 0.138015, -2.86473 / -1.86837, 0.138015, -2.86473; 1, 2, 1, 0; 0.573448623386; 1, 0, 1; 1, 0, 0; 2, 1, 2 ;
0,120; -1.057182, 0.877424, -1.149345 / -1.057182, 0.877424, -1.149345 / -1.057182, 0.877424, -1.149345; 1, 11, 1, 0; 0.829008642196; 0, 1, 0; 1, 0, 0; 2, 1, 1 ;
1,125; 1.49016, 3.20454, -1.66316 / 1.49016, 3.20454, -1.66316 / 1.49016, 3.20454, -1.66316; 1, 7, 1, 0; 0.127416803967; 1, 0, 1; 1, 0, 0; 3, 1, 2 ;
0,125; 2.818758, 1.665667, -1.682389 / 2.818758, 1.665667, -1.682389 / 2.818758, 1.665667, -1.682389; 1, 11, 1, 0; 0.141099591235; 1, 0, 1; 1, 0, 0; 3, 1, 2 ;
1,126; 1.50461, 3.04497, -0.104684 / 1.50466, 3.04513, -0.104624 / 1.50456, 3.04481, -0.104744; 1, 20, 1, 0; 0.081379847450; 2, 1, 1; 1, 1, 0; 2, 6, 0 / 3, 1, 2 / 4, 2, 1 ;
1,127; 1.97295, 3.96826, 0.296097 / 1.97295, 3.96826, 0.296097 / 1.97295, 3.96826, 0.296097; 1, 20, 1, 0; 0.159169595312; 1, 0, 1; 1, 0, 0; 3, 1, 2 ;
1,129; -0.164801, -2.17424, -2.27808 / -0.164801, -2.17424, -2.27808 / -0.164801, -2.17424, -2.27808; 1, 3, 1, 0; 0.936590964591; 0, 0, 0; 0, 1, 0; 1, 1, 3 ;
0,129; 1.041603, 0.072511, 0.059335 / 1.041603, 0.072511, 0.059335 / 1.041603, 0.072511, 0.059335; 1, 16, 1, 0; 0.671337584651; 1, 0, 1; 1, 0, 0; 3, 1, 2 ;
0,129; 1.152713, 0.282853, 0.443235 / 1.153584, 0.283507, 0.443833 / 1.151842, 0.282199, 0.442636; 1, 17, 1, 0; 0.680303808910; 2, 1, 3; 2, 2, 0; 1, 3, 2 / 1, 4, 2 / 1, 10, 0 / 2, 7, 2 / 3, 1, 1 ;
0,129; 1.153859, 0.285275, 0.446165 / 1.153859, 0.285275, 0.446165 / 1.153859, 0.285275, 0.446165; 1, 17, 1, 0; 0.680302623246; 1, 0, 1; 0, 1, 0; 1, 1, 2 ;
0,129; 1.248420, 0.491532, 0.726715 / 1.248420, 0.491532, 0.726715 / 1.248420, 0.491532, 0.726715; 1, 20, 1, 0; 0.895985413178; 0, 1, 0; 0, 1, 0; 4, 1, 1 ;
0,129; 1.329302, 0.682476, 0.983071 / 1.329302, 0.682476, 0.983071 / 1.329302, 0.682476, 0.983071; 1, 23, 1, 0; 0.571532554733; 1, 0, 1; 0, 1, 0; 1, 1, 2 ;
0,129; 1.329643, 0.682697, 0.985900 / 1.329643, 0.682697, 0.985900 / 1.329643, 0.682697, 0.985900; 1, 23, 1, 0; 0.571533434132; 1, 0, 1; 1, 0, 0; 2, 1, 2 ;
0,129; 1.579485, 1.094916, 1.618795 / 1.579485, 1.094916, 1.618795 / 1.579485, 1.094916, 1.618795; 1, 27, 1, 0; 0.422191717498; 0, 1, 0; 1, 0, 0; 3, 1, 1 ;
1,132; -0.753748, -0.332484, 2.59744 / -0.753748, -0.332484, 2.59744 / -0.753748, -0.332484, 2.59744; 1, 34, 1, 0; 0.729950133335; 1, 0, 1; 1, 0, 0; 3, 1, 2 ;
0,132; -0.978988, -0.804541, 2.923245 / -0.978988, -0.804541, 2.923245 / -0.978988, -0.804541, 2.923245; 1, 36, 1, 0; 0.856758501377; 1, 0, 1; 1, 0, 0; 3, 1, 2 ;
1,134; -1.323, -0.553444, 2.94937 / -1.323, -0.553444, 2.94937 / -1.323, -0.553444, 2.94937; 1, 36, 1, 0; 0.957811785862; 1, 0, 1; 1, 0, 0; 2, 1, 2 ;
1,137; 2.24019, 2.17329, -0.896207 / 2.24019, 2.17329, -0.896207 / 2.24019, 2.17329, -0.896207; 1, 12, 1, 0; 0.257779429469; 1, 0, 1; 1, 0, 0; 2, 1, 2 ;
1,140; -0.480039, -3.34807, -2.72047 / -0.480039, -3.34807, -2.72047 / -0.480039, -3.34807, -2.72047; 1, 5, 1, 0; 0.243873952290; 0, 1, 0; 1, 0, 0; 3, 1, 1 ;
1,141; -2.97016, 0.91479, -2.58481 / -2.96954, 0.914884, -2.58445 / -2.97078, 0.914696, -2.58516; 1, 2, 1, 0; 0.853873576476; 2, 1, 1; 2, 0, 0; 2, 2, 1 / 3, 1, 2 ;
1,144; 2.74035, 0.119865, -2.33824 / 2.74035, 0.119865, -2.33824 / 2.74035, 0.119865, -2.33824; 1, 4, 1, 0; 0.488524873366; 1, 0, 1; 1, 0, 0; 1, 7, 0 / 2, 3, 0 / 3, 1, 2 ;
1,146; -1.60194, 2.42608, 2.013 / -1.60194, 2.42608, 2.013 / -1.60194, 2.42608, 2.013; 1, 29, 1, 0; 0.745918686024; 1, 0, 1; 0, 1, 0; 1, 1, 2 ;
0,146; -2.101767, 2.801485, 1.883875 / -2.101284, 2.801634, 1.884046 / -2.102250, 2.801335, 1.883705; 1, 29, 1, 0; 0.662020273456; 2, 1, 1; 2, 0, 0; 2, 4, 1 / 3, 1, 2 ;
1,147; -1.99926, 2.19596, 0.99574 / -1.99926, 2.19596, 0.99574 / -1.99926, 2.19596, 0.99574; 1, 24, 1, 0; 0.370601242390; 0, 1, 0; 0, 1, 0; 4, 1, 1 ;
1,151; -0.375044, 3.95918, 0.439925 / -0.375044, 3.95918, 0.439925 / -0.375044, 3.95918, 0.439925; 1, 25, 1, 0; 0.252735373537; 0, 1, 0; 0, 1, 0; 1, 1, 1 ;
1,166; -2.34547, -3.53927, -0.922478 / -2.34547, -3.53927, -0.922478 / -2.34547, -3.53927, -0.922478; 1, 9, 1, 0; 0.697345137528; 0, 1, 0; 0, 1, 0; 1, 1, 1 ;
1,167; -2.60322, -0.385665, -0.563796 / -2.60322, -0.385665, -0.563796 / -2.60322, -0.385665, -0.563796; 1, 10, 1, 0; 0.629431882572; 0, 1, 0; 0, 1, 0; 4, 1, 1 ;
1,169; -0.400275, 0.667669, -2.59535 / -0.400275, 0.667669, -2.59535 / -0.400275, 0.667669, -2.59535; 1, 2, 1, 0; 0.839404864743; 0, 1, 0; 1, 0, 0; 2, 1, 1 ;
0,169; -0.894832, 0.700794, -1.995426 / -0.894832, 0.700794, -1.995426 / -0.894832, 0.700794, -1.995426; 1, 4, 1, 0; 0.672000048356; 0, 1, 0; 1, 0, 0; 2, 1, 1 ;
1,171; 3.70127, 1.5302, -2.31579 / 3.70127, 1.5302, -2.31579 / 3.70127, 1.5302, -2.31579; 1, 4, 1, 0; 0.401648948045; 1, 0, 1; 0, 1, 0; 1, 1, 2 ;
1,175; -1.98579, -1.23449, 2.6142 / -1.98579, -1.23449, 2.6142 / -1.98579, -1.23449, 2.6142; 1, 36, 1, 0; 0.580576333980; 1, 0, 1; 1, 0, 0; 1, 4, 0 / 2, 1, 2 ;
1,176; 4.10403, 0.718828, -0.495387 / 4.10403, 0.718828, -0.495387 / 4.10403, 0.718828, -0.495387; 1, 12, 1, 0; 0.909334784380; 1, 0, 1; 1, 0, 0; 3, 1, 2 ;
0,176; 0.601839, -1.424997, 0.487548 / 0.601839, -1.424997, 0.487548 / 0.601839, -1.424997, 0.487548; 1, 23, 1, 0; 0.005503843488; 1, 0, 1; 1, 0, 0; 2, 10, 0 / 3, 1, 2 ;
0,176; 0.601160, -1.430460, 0.487645 / 0.601160, -1.430460, 0.487645 / 0.601160, -1.430460, 0.487645; 1, 23, 1, 0; 0.005504006066; 1, 0, 1; 1, 0, 0; 3, 1, 2 / 4, 10, 0 ;
0,176; 0.598412, -1.424659, 0.486962 / 0.598412, -1.424659, 0.486962 / 0.598412, -1.424659, 0.486962; 1, 23, 1, 0; 0.005504722886; 1, 0, 1; 1, 0, 0; 3, 1, 2 ;
0,176; 0.597817, -1.432879, 0.485208 / 0.597817, -1.432879, 0.485208 / 0.597817, -1.432879, 0.485208; 1, 23, 1, 0; 0.005505003702; 1, 0, 1; 1, 0, 0; 3, 1, 2 / 4, 1, 0 ;
1,182; -0.334358, -2.50725, 3.25086 / -0.334358, -2.50725, 3.25086 / -0.334358, -2.50725, 3.25086; 1, 40, 1, 0; 0.873108533711; 1, 0, 1; 0, 1, 0; 1, 1, 2 ;
1,183; 2.57152, -3.29278, -0.397678 / 2.57152, -3.29278, -0.397678 / 2.57152, -3.29278, -0.397678; 1, 15, 1, 0; 0.172376237624; 1, 0, 1; 1, 0, 0; 3, 1, 2 ;
0,183; 2.795964, -3.569394, -0.441430 / 2.795964, -3.569394, -0.441430 / 2.795964, -3.569394, -0.441430; 1, 15, 1, 0; 0.193578460525; 1, 0, 1; 1, 0, 0; 3, 1, 2 ;
0,183; 1.596475, -2.562373, 0.155890 / 1.596475, -2.562373, 0.155890 / 1.596475, -2.562373, 0.155890; 1, 15, 1, 0; 0.756866970179; 1, 0, 1; 1, 0, 0; 1, 1, 0 / 2, 1, 2 ;
0,183; -2.902142, 1.016629, 2.864548 / -2.902142, 1.016629, 2.864548 / -2.902142, 1.016629, 2.864548; 1, 39, 1, 0; 0.371263759233; 1, 0, 1; 1, 0, 0; 2, 1, 2 / 3, 5, 0 ;
1,186; -2.37402, -0.670425, -3.89097 / -2.37365, -0.670047, -3.89068 / -2.37439, -0.670802, -3.89126; 1, 1, 1, 0; 0.428818731825; 2, 1, 1; 1, 1, 0; 1, 1, 1 / 3, 4, 2 ;
0,186; -1.344279, -0.570970, -1.421088 / -1.344279, -0.570970, -1.421088 / -1.344279, -0.570970, -1.421088; 1, 6, 1, 0; 0.975602915504; 0, 0, 0; 1, 0, 0; 3, 1, 3 ;
1,187; 1.01221, 0.0097744, -2.46976 / 1.01221, 0.0097744, -2.46976 / 1.01221, 0.0097744, -2.46976; 1, 3, 1, 0; 0.747353892898; 1, 0, 1; 1, 0, 0; 2, 1, 2 ;
1,189; 2.7283, -0.967479, -1.10962 / 2.72842, -0.966801, -1.10961 / 2.72818, -0.968157, -1.10962; 1, 11, 1, 0; 0.581319748653; 0, 2, 0; 1, 1, 0; 3, 4, 1 / 4, 1, 1 ;
1,190; 2.49285, 0.653903, -2.69972 / 2.49285, 0.653903, -2.69972 / 2.49285, 0.653903, -2.69972; 1, 3, 1, 0; 0.689153838094; 1, 0, 1; 1, 0, 0; 2, 1, 2 ;
0,190; 1.997265, 1.572005, -3.688061 / 1.997442, 1.572390, -3.687988 / 1.997087, 1.571620, -3.688135; 1, 4, 1, 0; 0.008859544563; 0, 1, 0; 1, 1, 0; 2, 1, 1 / 4, 1, 0 / 4, 2, 3 ;
1,191; -0.256447, 2.98464, -0.16974 / -0.256209, 2.98534, -0.169461 / -0.256685, 2.98395, -0.170018; 1, 17, 1, 0; 0.205359841986; 2, 1, 1; 1, 1, 0; 2, 4, 1 / 4, 1, 2 ;
0,191; 0.009764, 2.974933, 1.686659 / 0.009764, 2.974933, 1.686659 / 0.009764, 2.974933, 1.686659; 1, 30, 1, 0; 0.087208357199; 1, 0, 1; 0, 1, 0; 1, 1, 2 ;
1,196; -0.372712, 0.869185, -1.7079 / -0.372712, 0.869185, -1.7079 / -0.372712, 0.869185, -1.7079; 1, 11, 1, 0; 0.059492414047; 1, 0, 1; 1, 0, 0; 2, 1, 2 ;
1,197; 0.572328, -2.35557, -1.09357 / 0.572328, -2.35557, -1.09357 / 0.572328, -2.35557, -1.09357; 1, 8, 1, 0; 0.806479191148; 1, 0, 1; 1, 0, 0; 3, 1, 2 ;
1,198; -1.51295, 0.807758, 0.0965978 / -1.51295, 0.807758, 0.0965978 / -1.51295, 0.807758, 0.0965978; 1, 16, 1, 0; 0.608206041586; 0, 1, 0; 1, 0, 0; 2, 1, 1 ;
0,198; 0.405456, -1.589537, 2.300251 / 0.405725, -1.589322, 2.300953 / 0.405188, -1.589753, 2.299550; 1, 33, 1, 0; 0.521562754915; 1, 0, 2; 1, 1, 0; 1, 5, 2 / 2, 1, 2 ;
