1,1; -0.479417, -1.85115, -1.84181 / -0.479417, -1.85115, -1.84181 / -0.479417, -1.85115, -1.84181; 1, 8, 1, 0; 0.217320555421; 1, 0, 1; 1, 0, 0; 2, 1, 2 ;
1,4; 2.2522, 2.41639, -1.40536 / 2.2522, 2.41639, -1.40536 / 2.2522, 2.41639, -1.40536; 1, 11, 1, 0; 0.217422635641; 1, 0, 1; 0, 1, 0; 1, 1, 2 ;
1,6; -0.413505, -2.57507, -3.53925 / -0.413505, -2.57507, -3.53925 / -0.413505, -2.57507, -3.53925; 1, 1, 1, 0; 0.953852767468; 1, 0, 1; 0, 1, 0; 1, 1, 2 ;
0,6; 2.080248, 1.760953, -0.138632 / 2.080248, 1.760953, -0.138632 / 2.080248, 1.760953, -0.138632; 1, 13, 1, 0; 0.797636078602; 1, 0, 1; 1, 0, 0; 2, 1, 2 ;
1,7; -2.07468, -0.851509, 3.25726 / -2.07468, -0.851509, 3.25726 / -2.07468, -0.851509, 3.25726; 1, 41, 1, 0; 0.324401872551; 1, 0, 1; 1, 0, 0; 2, 1, 2 ;
1,11; 1.68211, 2.90419, 2.42153 / 1.68211, 2.90419, 2.42153 / 1.68211, 2.90419, 2.42153; 1, 38, 1, 0; 0.018549431474; 1, 0, 1; 0, 1, 0; 1, 1, 2 ;
0,11; 1.686157, 2.907772, 2.417155 / 1.686157, 2.907772, 2.417155 / 1.686157, 2.907772, 2.417155; 1, 38, 1, 0; 0.018520316317; 1, 0, 1; 1, 0, 0; 3, 1, 2 ;
0,11; 1.679257, 2.905811, 2.419283 / 1.679257, 2.905811, 2.419283 / 1.679257, 2.905811, 2.419283; 1, 38, 1, 0; 0.018522933926; 1, 0, 1; 1, 0, 0; 2, 1, 2 ;
0,11; 1.677274, 2.903370, 2.422740 / 1.677274, 2.903370, 2.422740 / 1.677274, 2.903370, 2.422740; 1, 38, 1, 0; 0.018551543930; 1, 0, 1; 1, 0, 0; 2, 1, 2 ;
1,14; 2.38925, -1.02176, 2.60865 / 2.38925, -1.02176, 2.60865 / 2.38925, -1.02176, 2.60865; 1, 34, 1, 0; 0.600433545622; 0, 1, 0; 0, 1, 0; 4, 1, 1 ;
1,18; -0.214318, -3.13731, -1.63242 / -0.214318, -3.13731, -1.63242 / -0.214318, -3.13731, -1.63242; 1, 8, 1, 0; 0.350553048177; 1, 0, 1; 0, 1, 0; 4, 1, 2 ;
0,18; -2.616994, -2.035858, -0.475698 / -2.616874, -2.035512, -0.475588 / -2.617115, -2.036204, -0.475808; 1, 10, 1, 0; 0.508761900436; 1, 0, 2; 2, 0, 0; 2, 1, 2 / 2, 4, 2 ;
0,18; -3.230704, -1.732849, -0.176156 / -3.230704, -1.732849, -0.176156 / -3.230704, -1.732849, -0.176156; 1, 10, 1, 0; 0.859671497130; 1, 0, 1; 1, 0, 0; 3, 1, 2 ;
0,18; -3.230608, -1.732577, -0.179722 / -3.230608, -1.732577, -0.179722 / -3.230608, -1.732577, -0.179722; 1, 10, 1, 0; 0.859672151357; 1, 0, 1; 1, 0, 0; 2, 1, 2 ;
1,19; 0.329126, 1.09817, -3.02827 / 0.329126, 1.09817, -3.02827 / 0.329126, 1.09817, -3.02827; 1, 2, 1, 0; 0.657847563040; 1, 0, 1; 0, 1, 0; 1, 1, 2 ;
0,19; 1.403432, -1.188359, 1.592384 / 1.403432, -1.188359, 1.592384 / 1.403432, -1.188359, 1.592384; 1, 27, 1, 0; 0.868328830372; 1, 0, 1; 1, 0, 0; 2, 1, 2 ;
0,19; 1.522190, -1.425939, 2.064430 / 1.522190, -1.425939, 2.064430 / 1.522190, -1.425939, 2.064430; 1, 33, 1, 0; 0.242163799146; 0, 1, 0; 1, 0, 0; 2, 1, 1 ;
1,25; 1.67161, -1.25032, 1.40037 / 1.67161, -1.25032, 1.40037 / 1.67161, -1.25032, 1.40037; 1, 27, 1, 0; 0.222249942907; 1, 0, 1; 0, 1, 0; 4, 1, 2 ;
1,27; 0.249853, 1.3786, 2.91267 / 0.249853, 1.3786, 2.91267 / 0.249853, 1.3786, 2.91267; 1, 39, 1, 0; 0.578595568128; 1, 0, 1; 1, 0, 0; 2, 1, 2 ;
1,28; 1.0652, 1.53092, -3.86269 / 1.06528, 1.53096, -3.86248 / 1.06512, 1.53087, -3.86291; 1, 1, 1, 0; 0.598814096175; 2, 1, 1; 1, 1, 0; 1, 1, 2 / 2, 1, 1 ;
0,28; 1.121950, 2.026800, -2.985181 / 1.121950, 2.026800, -2.985181 / 1.121950, 2.026800, -2.985181; 1, 2, 1, 0; 0.718157815422; 1, 0, 1; 1, 0, 0; 2, 1, 2 ;
0,28; 1.486167, 4.101271, 0.814609 / 1.486167, 4.101271, 0.814609 / 1.486167, 4.101271, 0.814609; 1, 26, 1, 0; 0.039060503193; 0, 1, 0; 0, 1, 0; 1, 1, 1 ;
1,30; 0.0773304, -0.530631, -3.55974 / 0.0773304, -0.530631, -3.55974 / 0.0773304, -0.530631, -3.55974; 1, 1, 1, 0; 0.781298480519; 1, 0, 1; 1, 0, 0; 2, 1, 2 ;
0,30; -0.726485, -1.099086, -1.727243 / -0.726485, -1.099086, -1.727243 / -0.726485, -1.099086, -1.727243; 1, 8, 1, 0; 0.151423468036; 1, 0, 1; 1, 0, 0; 2, 1, 2 ;
1,33; 3.11078, 1.32688, 0.186687 / 3.11078, 1.32688, 0.186687 / 3.11078, 1.32688, 0.186687; 1, 20, 1, 0; 0.353133715431; 1, 0, 1; 1, 0, 0; 3, 1, 2 ;
1,34; 0.4812, 1.46651, -1.80885 / 0.4812, 1.46651, -1.80885 / 0.4812, 1.46651, -1.80885; 1, 7, 1, 0; 0.016130575252; 1, 0, 1; 0, 1, 0; 1, 1, 2 ;
0,34; 1.831863, -1.559394, 1.477555 / 1.831863, -1.559394, 1.477555 / 1.831863, -1.559394, 1.477555; 1, 22, 1, 0; 0.348743226174; 0, 1, 0; 0, 1, 0; 4, 1, 1 ;
1,35; -2.35521, -2.4079, -3.05048 / -2.35521, -2.4079, -3.05048 / -2.35521, -2.4079, -3.05048; 1, 5, 1, 0; 0.173202020974; 1, 0, 1; 1, 0, 0; 3, 1, 2 ;
0,35; -1.949561, -1.933680, -2.681567 / -1.949561, -1.933680, -2.681567 / -1.949561, -1.933680, -2.681567; 1, 5, 1, 0; 0.304516139467; 1, 0, 1; 1, 0, 0; 2, 1, 2 ;
0,35; -0.119681, 0.481407, -0.822125 / -0.119681, 0.481407, -0.822125 / -0.119681, 0.481407, -0.822125; 1, 13, 1, 0; 0.355149105735; 1, 0, 1; 1, 0, 0; 2, 1, 2 ;
0,35; 1.066262, 2.390286, 0.379514 / 1.066262, 2.390286, 0.379514 / 1.066262, 2.390286, 0.379514; 1, 26, 1, 0; 0.005256954267; 1, 0, 1; 1, 0, 0; 2, 1, 2 ;
1,41; 1.13287, -2.96826, -1.74119 / 1.13293, -2.96813, -1.74095 / 1.13281, -2.9684, -1.74143; 1, 8, 1, 0; 0.331464622446; 2, 1, 1; 1, 1, 0; 1, 1, 1 / 2, 1, 2 ;
0,41; 0.785407, -2.809402, -1.732599 / 0.785407, -2.809402, -1.732599 / 0.785407, -2.809402, -1.732599; 1, 8, 1, 0; 0.333970449416; 1, 0, 1; 1, 0, 0; 3, 1, 2 ;
1,42; 0.208328, -2.11811, -3.88674 / 0.208328, -2.11811, -3.88674 / 0.208328, -2.11811, -3.88674; 1, 1, 1, 0; 0.325954686912; 1, 0, 1; 1, 0, 0; 2, 1, 2 ;
1,44; 0.667934, -0.485513, -2.55452 / 0.667934, -0.485513, -2.55452 / 0.667934, -0.485513, -2.55452; 1, 2, 1, 0; 0.946939703318; 0, 1, 0; 1, 0, 0; 2, 1, 1 ;
1,51; -1.48601, 0.186244, 3.09998 / -1.48553, 0.187243, 3.10042 / -1.48649, 0.185245, 3.09954; 1, 41, 1, 0; 0.797065209682; 2, 3, 1; 1, 3, 1; 1, 1, 1 / 1, 7, 2 / 2, 3, 1 / 4, 4, 0 / 4, 5, 1 ;
1,52; 1.66707, 2.40198, 2.87851 / 1.66707, 2.40198, 2.87851 / 1.66707, 2.40198, 2.87851; 1, 40, 1, 0; 0.017140845513; 1, 0, 1; 1, 0, 0; 2, 1, 2 ;
1,58; -3.07562, 1.88564, -0.520566 / -3.07562, 1.88564, -0.520566 / -3.07562, 1.88564, -0.520566; 1, 14, 1, 0; 0.261512193741; 1, 0, 1; 1, 0, 0; 2, 1, 2 ;
0,58; -3.077645, 1.883823, -0.515318 / -3.077645, 1.883823, -0.515318 / -3.077645, 1.883823, -0.515318; 1, 14, 1, 0; 0.261523008138; 1, 0, 1; 1, 0, 0; 2, 1, 2 ;
1,59; -2.85503, -1.5802, -1.4203 / -2.85503, -1.5802, -1.4203 / -2.85503, -1.5802, -1.4203; 1, 9, 1, 0; 0.146649056616; 1, 0, 1; 1, 0, 0; 3, 1, 2 ;
1,60; -2.98501, 2.06205, 0.997472 / -2.98501, 2.06205, 0.997472 / -2.98501, 2.06205, 0.997472; 1, 24, 1, 0; 0.358793391654; 1, 0, 1; 0, 1, 0; 4, 1, 2 ;
1,63; -1.30759, -1.13719, -0.78355 / -1.30759, -1.13719, -0.78355 / -1.30759, -1.13719, -0.78355; 1, 10, 1, 0; 0.430553865020; 1, 0, 1; 1, 0, 0; 3, 1, 2 ;
1,64; 1.45246, 3.14235, -0.776767 / 1.45246, 3.14235, -0.776767 / 1.45246, 3.14235, -0.776767; 1, 13, 1, 0; 0.240921408814; 0, 1, 0; 1, 0, 0; 2, 1, 1 ;
0,64; 1.452283, 3.140797, -0.775076 / 1.452283, 3.140797, -0.775076 / 1.452283, 3.140797, -0.775076; 1, 13, 1, 0; 0.240921470364; 1, 0, 1; 1, 0, 0; 3, 1, 2 ;
1,66; -2.50472, 3.22054, 0.514732 / -2.50404, 3.22082, 0.515259 / -2.50541, 3.22026, 0.514204; 1, 25, 1, 0; 0.140964339291; 2, 2, 1; 2, 1, 0; 2, 1, 2 / 3, 7, 1 / 4, 3, 0 / 4, 7, 1 ;
0,66; -2.499154, 3.229654, 0.511273 / -2.499093, 3.229776, 0.511338 / -2.499215, 3.229532, 0.511207; 1, 25, 1, 0; 0.140966628091; 1, 0, 2; 1, 1, 0; 1, 2, 2 / 2, 1, 2 / 2, 10, 0 / 4, 9, 0 ;
0,66; -2.503272, 3.221207, 0.514982 / -2.502506, 3.221598, 0.515259 / -2.504037, 3.220816, 0.514705; 1, 25, 1, 0; 0.140964279285; 1, 0, 1; 2, 0, 0; 2, 8, 2 / 3, 1, 2 / 4, 10, 0 ;
0,66; -2.500920, 3.226463, 0.511955 / -2.500920, 3.226463, 0.511955 / -2.500920, 3.226463, 0.511955; 1, 25, 1, 0; 0.140965616562; 1, 0, 1; 1, 0, 0; 1, 3, 0 / 2, 1, 2 ;
0,66; -2.499442, 3.229420, 0.514403 / -2.499442, 3.229420, 0.514403 / -2.499442, 3.229420, 0.514403; 1, 25, 1, 0; 0.140966739531; 1, 0, 1; 1, 0, 0; 3, 1, 2 / 3, 3, 0 / 4, 3, 0 ;
0,66; -2.496000, 3.233704, 0.510658 / -2.496000, 3.233704, 0.510658 / -2.496000, 3.233704, 0.510658; 1, 25, 1, 0; 0.140968051091; 1, 0, 1; 1, 0, 0; 2, 1, 2 ;
0,66; -2.495104, 3.231993, 0.516618 / -2.495104, 3.231993, 0.516618 / -2.495104, 3.231993, 0.516618; 1, 25, 1, 0; 0.140968273970; 1, 0, 1; 1, 0, 0; 3, 1, 2 ;
1,68; -0.388412, 1.13818, -2.92984 / -0.388412, 1.13818, -2.92984 / -0.388412, 1.13818, -2.92984; 1, 2, 1, 0; 0.653507573672; 1, 0, 1; 1, 0, 0; 3, 1, 2 ;
1,69; -3.6829, -2.44835, -1.16205 / -3.68259, -2.44775, -1.16156 / -3.68321, -2.44896, -1.16253; 1, 9, 1, 0; 0.362732645152; 2, 2, 1; 2, 1, 0; 1, 1, 1 / 2, 3, 1 / 2, 10, 0 / 3, 2, 2 / 4, 5, 0 ;
0,69; -3.679626, -2.446950, -1.162795 / -3.679626, -2.446950, -1.162795 / -3.679626, -2.446950, -1.162795; 1, 9, 1, 0; 0.362732720847; 0, 1, 0; 0, 1, 0; 4, 1, 1 ;
0,69; -3.696468, -2.472517, -1.160504 / -3.696468, -2.472517, -1.160504 / -3.696468, -2.472517, -1.160504; 1, 9, 1, 0; 0.362736651614; 1, 0, 1; 0, 1, 0; 4, 1, 2 ;
0,69; -3.682102, -2.450367, -1.159597 / -3.682102, -2.450367, -1.159597 / -3.682102, -2.450367, -1.159597; 1, 9, 1, 0; 0.362742674824; 0, 1, 0; 0, 1, 0; 4, 1, 1 ;
1,74; 0.391207, -1.44111, -4.11679 / 0.391207, -1.44111, -4.11679 / 0.391207, -1.44111, -4.11679; 1, 1, 1, 0; 0.277979548554; 1, 0, 1; 1, 0, 0; 3, 1, 2 ;
1,78; 1.58993, -2.34402, -2.56391 / 1.58993, -2.34402, -2.56391 / 1.58993, -2.34402, -2.56391; 1, 3, 1, 0; 0.528841640574; 1, 0, 1; 0, 1, 0; 1, 1, 2 ;
0,78; 1.136462, -2.422233, -1.997546 / 1.136462, -2.422233, -1.997546 / 1.136462, -2.422233, -1.997546; 1, 5, 1, 0; 0.771887427085; 1, 0, 1; 0, 1, 0; 4, 1, 2 ;
0,78; 1.139032, -2.423814, -1.999997 / 1.139032, -2.423814, -1.999997 / 1.139032, -2.423814, -1.999997; 1, 5, 1, 0; 0.771886785055; 1, 0, 1; 1, 0, 0; 2, 1, 2 ;
0,78; 0.416594, -2.530368, -1.057740 / 0.416629, -2.530363, -1.057678 / 0.416558, -2.530372, -1.057802; 1, 8, 1, 0; 0.853781306857; 2, 1, 1; 2, 0, 0; 3, 1, 1 / 3, 2, 2 ;
0,78; -0.410432, -2.578094, -0.225889 / -0.410432, -2.578094, -0.225889 / -0.410432, -2.578094, -0.225889; 1, 15, 1, 0; 0.444506644861; 0, 1, 0; 0, 1, 0; 4, 1, 1 ;
0,78; -0.427234, -2.607170, -0.266971 / -0.427234, -2.607170, -0.266971 / -0.427234, -2.607170, -0.266971; 1, 15, 1, 0; 0.443183659884; 1, 0, 1; 1, 0, 0; 3, 1, 2 ;
0,78; -0.858031, -2.600809, 0.825891 / -0.858031, -2.600809, 0.825891 / -0.858031, -2.600809, 0.825891; 1, 18, 1, 0; 0.592873267885; 1, 0, 1; 1, 0, 0; 3, 1, 2 ;
0,78; -1.437451, -2.616326, 1.795098 / -1.437451, -2.616326, 1.795098 / -1.437451, -2.616326, 1.795098; 1, 32, 1, 0; 0.110395235451; 1, 0, 1; 1, 0, 0; 2, 1, 2 / 2, 4, 0 / 3, 7, 0 ;
1,79; 2.31359, -3.33975, 0.354743 / 2.31359, -3.33975, 0.354743 / 2.31359, -3.33975, 0.354743; 1, 19, 1, 0; 0.280065869207; 0, 1, 0; 1, 0, 0; 2, 1, 1 ;
1,80; -3.32411, 0.706748, 0.769273 / -3.32411, 0.706748, 0.769273 / -3.32411, 0.706748, 0.769273; 1, 23, 1, 0; 0.102363401365; 0, 1, 0; 0, 1, 0; 4, 1, 1 ;
0,80; -3.575031, 0.842010, 1.223554 / -3.575031, 0.842010, 1.223554 / -3.575031, 0.842010, 1.223554; 1, 23, 1, 0; 0.623446184520; 1, 0, 1; 1, 0, 0; 2, 1, 2 ;
1,82; -2.06603, 2.70306, -3.03499 / -2.06603, 2.70306, -3.03499 / -2.06603, 2.70306, -3.03499; 1, 2, 1, 0; 0.784325283439; 1, 0, 1; 1, 0, 0; 3, 1, 2 ;
0,82; -0.973620, 3.524739, 0.123694 / -0.973620, 3.524739, 0.123694 / -0.973620, 3.524739, 0.123694; 1, 17, 1, 0; 0.478662083030; 1, 0, 1; 1, 0, 0; 3, 1, 2 ;
0,82; -0.563268, 3.877787, 1.437989 / -0.562915, 3.877880, 1.438079 / -0.563621, 3.877693, 1.437899; 1, 29, 1, 0; 0.075976285940; 0, 1, 0; 1, 1, 0; 1, 5, 0 / 2, 3, 0 / 2, 5, 0 / 3, 2, 1 / 3, 3, 0 / 4, 1, 3 ;
0,82; -0.569538, 3.846658, 1.464783 / -0.569538, 3.846658, 1.464783 / -0.569538, 3.846658, 1.464783; 1, 29, 1, 0; 0.075934271999; 1, 0, 1; 1, 0, 0; 2, 1, 2 ;
0,82; -0.563457, 3.872957, 1.438955 / -0.563457, 3.872957, 1.438955 / -0.563457, 3.872957, 1.438955; 1, 29, 1, 0; 0.075958478965; 1, 0, 1; 1, 0, 0; 3, 1, 2 ;
0,82; -0.569285, 3.874641, 1.443063 / -0.569285, 3.874641, 1.443063 / -0.569285, 3.874641, 1.443063; 1, 29, 1, 0; 0.075974990356; 0, 1, 0; 1, 0, 0; 1, 1, 0 / 2, 1, 1 / 4, 5, 0 ;
0,82; -0.557602, 3.877687, 1.438194 / -0.557602, 3.877687, 1.438194 / -0.557602, 3.877687, 1.438194; 1, 29, 1, 0; 0.075977639972; 1, 0, 1; 1, 0, 0; 2, 1, 2 ;
1,87; 0.797743, -1.79453, 0.0722195 / 0.797743, -1.79453, 0.0722195 / 0.797743, -1.79453, 0.0722195; 1, 15, 1, 0; 0.622984240388; 0, 1, 0; 1, 0, 0; 3, 1, 1 ;
1,88; -1.25335, 0.900043, -2.25512 / -1.25335, 0.900043, -2.25512 / -1.25335, 0.900043, -2.25512; 1, 6, 1, 0; 0.274400902371; 1, 0, 1; 0, 1, 0; 1, 1, 2 ;
1,92; 0.0165378, -2.78285, -2.42626 / 0.0165378, -2.78285, -2.42626 / 0.0165378, -2.78285, -2.42626; 1, 3, 1, 0; 0.938708986650; 1, 0, 1; 0, 1, 0; 1, 1, 2 ;
0,92; -0.348751, -2.684124, -2.958342 / -0.348751, -2.684124, -2.958342 / -0.348751, -2.684124, -2.958342; 1, 5, 1, 0; 0.188604921971; 0, 1, 0; 0, 1, 0; 1, 1, 1 ;
0,92; -0.350194, -2.686426, -2.962893 / -0.350194, -2.686426, -2.962893 / -0.350194, -2.686426, -2.962893; 1, 5, 1, 0; 0.188605083704; 1, 0, 1; 0, 1, 0; 4, 1, 2 ;
0,92; 0.904490, -3.428434, -0.122882 / 0.904490, -3.428434, -0.122882 / 0.904490, -3.428434, -0.122882; 1, 15, 1, 0; 0.303905915145; 0, 1, 0; 0, 1, 0; 4, 1, 1 ;
1,99; -1.95509, 1.76724, -3.58313 / -1.95509, 1.76724, -3.58313 / -1.95509, 1.76724, -3.58313; 1, 2, 1, 0; 0.084698196210; 1, 0, 1; 1, 0, 0; 2, 1, 2 ;
1,100; -1.06334, 1.24279, 2.29931 / -1.06334, 1.24279, 2.29931 / -1.06334, 1.24279, 2.29931; 1, 31, 1, 0; 0.678719018097; 1, 0, 1; 0, 1, 0; 4, 1, 2 ;
0,100; -1.055412, 1.248838, 2.301065 / -1.055412, 1.248838, 2.301065 / -1.055412, 1.248838, 2.301065; 1, 31, 1, 0; 0.678716473450; 1, 0, 1; 1, 0, 0; 3, 1, 2 ;
1,104; -3.49454, -0.883318, -2.34587 / -3.49454, -0.883318, -2.34587 / -3.49454, -0.883318, -2.34587; 1, 5, 1, 0; 0.420507708775; 0, 0, 0; 1, 0, 0; 2, 1, 3 ;
1,107; -2.33429, -1.88108, 2.70384 / -2.33429, -1.88108, 2.70384 / -2.33429, -1.88108, 2.70384; 1, 36, 1, 0; 0.677154115880; 0, 1, 0; 0, 1, 0; 1, 1, 1 ;
1,110; -2.73118, 0.0838822, 0.232478 / -2.73118, 0.0838822, 0.232478 / -2.73118, 0.0838822, 0.232478; 1, 14, 1, 0; 0.854723429635; 0, 1, 0; 0, 1, 0; 4, 1, 1 ;
1,114; 0.0167733, 3.23288, -0.732063 / 0.0167733, 3.23288, -0.732063 / 0.0167733, 3.23288, -0.732063; 1, 13, 1, 0; 0.251014663757; 1, 0, 1; 1, 0, 0; 2, 1, 2 ;
0,114; -1.778845, -0.222003, -0.107270 / -1.778845, -0.222003, -0.107270 / -1.778845, -0.222003, -0.107270; 1, 14, 1, 0; 0.346399008793; 1, 0, 1; 1, 0, 0; 3, 1, 2 ;
1,118; -0.750362, -0.560642, -1.79223 / -0.750362, -0.560642, -1.79223 / -0.750362, -0.560642, -1.79223; 1, 4, 1, 0; 0.969726963173; 1, 0, 1; 0, 1, 0; 4, 1, 2 ;
0,118; -0.750092, -0.564546, -1.791930 / -0.750092, -0.564546, -1.791930 / -0.750092, -0.564546, -1.791930; 1, 4, 1, 0; 0.969727640163; 0, 1, 0; 0, 1, 0; 4, 1, 1 ;
0,118; -0.750451, -0.567189, -1.792713 / -0.750451, -0.567189, -1.792713 / -0.750451, -0.567189, -1.792713; 1, 4, 1, 0; 0.969728123728; 1, 0, 1; 1, 0, 0; 1, 1, 0 / 2, 1, 2 ;
0,118; 2.380466, -1.343158, -2.073883 / 2.380466, -1.343158, -2.073883 / 2.380466, -1.343158, -2.073883; 1, 8, 1, 0; 0.092117360636; 1, 0, 1; 0, 1, 0; 1, 1, 2 ;
0,118; 1.611683, -1.089516, -1.951234 / 1.611683, -1.089516, -1.951234 / 1.611683, -1.089516, -1.951234; 1, 8, 1, 0; 0.098435232429; 0, 1, 0; 1, 0, 0; 1, 3, 0 / 2, 1, 1 ;
1,124; 2.40018, -0.494643, 0.454666 / 2.40018, -0.494643, 0.454666 / 2.40018, -0.494643, 0.454666; 1, 19, 1, 0; 0.560720974595; 1, 0, 1; 1, 0, 0; 3, 1, 2 ;
0,124; 0.683474, -0.094491, 1.644015 / 0.683601, -0.094403, 1.644054 / 0.683346, -0.094579, 1.643976; 1, 27, 1, 0; 0.661710296588; 2, 1, 1; 1, 1, 0; 1, 1, 1 / 2, 1, 2 ;
0,124; 0.682836, -0.097790, 1.653345 / 0.682836, -0.097790, 1.653345 / 0.682836, -0.097790, 1.653345; 1, 27, 1, 0; 0.661727792757; 1, 0, 1; 1, 0, 0; 2, 1, 2 ;
1,130; 3.11553, 0.813003, -2.94706 / 3.11572, 0.813288, -2.94683 / 3.11534, 0.812719, -2.94729; 1, 3, 1, 0; 0.253170940171; 2, 1, 1; 2, 0, 0; 1, 1, 0 / 2, 1, 2 / 2, 2, 1 ;
0,130; 1.012316, 1.956148, -1.075877 / 1.012316, 1.956148, -1.075877 / 1.012316, 1.956148, -1.075877; 1, 7, 1, 0; 0.623988357311; 1, 0, 1; 1, 0, 0; 1, 10, 0 / 2, 1, 2 ;
1,133; 1.62978, -1.8275, 3.10962 / 1.62978, -1.8275, 3.10962 / 1.62978, -1.8275, 3.10962; 1, 40, 1, 0; 0.561354958353; 1, 0, 1; 1, 0, 0; 2, 1, 2 ;
1,134; -2.20109, -2.9691, 1.15414 / -2.20109, -2.9691, 1.15414 / -2.20109, -2.9691, 1.15414; 1, 21, 1, 0; 0.792511546790; 1, 0, 1; 0, 1, 0; 4, 1, 2 ;
0,134; -2.200337, -2.967828, 1.152417 / -2.200337, -2.967828, 1.152417 / -2.200337, -2.967828, 1.152417; 1, 21, 1, 0; 0.792511648652; 1, 0, 1; 1, 0, 0; 2, 1, 2 ;
0,134; -0.720419, 1.296130, 0.801573 / -0.720419, 1.296130, 0.801573 / -0.720419, 1.296130, 0.801573; 1, 25, 1, 0; 0.695572748703; 1, 0, 1; 1, 0, 0; 2, 1, 2 ;
1,136; -3.57527, 1.22187, -0.115801 / -3.57527, 1.22187, -0.115801 / -3.57527, 1.22187, -0.115801; 1, 14, 1, 0; 0.454062298807; 0, 1, 0; 1, 0, 0; 2, 1, 1 ;
0,136; -3.567307, 1.218826, -0.118129 / -3.567307, 1.218826, -0.118129 / -3.567307, 1.218826, -0.118129; 1, 14, 1, 0; 0.454063062032; 1, 0, 1; 1, 0, 0; 2, 1, 2 ;
0,136; -2.998183, -1.379812, 1.813168 / -2.998183, -1.379812, 1.813168 / -2.998183, -1.379812, 1.813168; 1, 24, 1, 0; 0.688468221206; 1, 0, 1; 1, 0, 0; 2, 1, 2 ;
0,136; -0.675830, -0.200941, 2.298617 / -0.675830, -0.200941, 2.298617 / -0.675830, -0.200941, 2.298617; 1, 31, 1, 0; 0.928588602185; 0, 1, 0; 0, 1, 0; 4, 1, 1 ;
1,139; 0.353236, -1.32289, 0.768114 / 0.353236, -1.32289, 0.768114 / 0.353236, -1.32289, 0.768114; 1, 23, 1, 0; 0.311652226799; 1, 0, 1; 1, 0, 0; 3, 1, 2 ;
1,144; -0.439612, -3.10326, 1.38173 / -0.439343, -3.10275, 1.38199 / -0.43988, -3.10378, 1.38147; 1, 22, 1, 0; 0.564686388612; 0, 0, 0; 1, 1, 0; 3, 1, 3 / 3, 3, 0 / 4, 2, 3 ;
1,149; -1.40078, -3.15544, 1.62385 / -1.40078, -3.15544, 1.62385 / -1.40078, -3.15544, 1.62385; 1, 32, 1, 0; 0.049363023085; 1, 0, 1; 1, 0, 0; 2, 1, 2 ;
1,151; 0.328874, 0.672194, 4.50203 / 0.328874, 0.672194, 4.50203 / 0.328874, 0.672194, 4.50203; 1, 46, 1, 0; 0.976168836340; 1, 0, 1; 1, 0, 0; 2, 1, 2 ;
1,155; 1.49343, -2.82714, -1.37289 / 1.49343, -2.82714, -1.37289 / 1.49343, -2.82714, -1.37289; 1, 8, 1, 0; 0.539081599049; 1, 0, 1; 0, 1, 0; 1, 1, 2 ;
0,155; 1.491024, -2.826893, -1.370293 / 1.491024, -2.826893, -1.370293 / 1.491024, -2.826893, -1.370293; 1, 8, 1, 0; 0.539090440497; 1, 0, 1; 1, 0, 0; 3, 1, 2 / 4, 1, 0 ;
0,155; 1.477404, -2.531282, -1.115148 / 1.477404, -2.531282, -1.115148 / 1.477404, -2.531282, -1.115148; 1, 8, 1, 0; 0.847077474404; 1, 0, 1; 1, 0, 0; 2, 1, 2 ;
0,155; 1.557397, 2.648300, 3.179272 / 1.557416, 2.648411, 3.179383 / 1.557379, 2.648189, 3.179162; 1, 43, 1, 0; 0.126777423841; 0, 2, 0; 1, 1, 0; 1, 1, 1 / 1, 2, 0 / 2, 1, 1 ;
0,155; 1.559616, 2.648884, 3.183184 / 1.559616, 2.648884, 3.183184 / 1.559616, 2.648884, 3.183184; 1, 43, 1, 0; 0.126775462660; 1, 0, 1; 0, 1, 0; 4, 1, 2 ;
0,155; 1.557166, 2.651657, 3.184873 / 1.557166, 2.651657, 3.184873 / 1.557166, 2.651657, 3.184873; 1, 43, 1, 0; 0.126778037948; 1, 0, 1; 0, 1, 0; 1, 7, 0 / 2, 10, 0 / 4, 1, 2 ;
0,155; 1.550077, 2.648202, 3.186164 / 1.550077, 2.648202, 3.186164 / 1.550077, 2.648202, 3.186164; 1, 43, 1, 0; 0.126778770914; 1, 0, 1; 0, 1, 0; 4, 1, 2 ;
0,155; 1.558696, 2.646515, 3.178895 / 1.558696, 2.646515, 3.178895 / 1.558696, 2.646515, 3.178895; 1, 43, 1, 0; 0.126775007033; 0, 1, 0; 1, 0, 0; 3, 1, 1 ;
0,155; 1.550154, 2.648300, 3.183540 / 1.550154, 2.648300, 3.183540 / 1.550154, 2.648300, 3.183540; 1, 43, 1, 0; 0.126778988823; 1, 0, 1; 1, 0, 0; 3, 1, 2 ;
0,155; 1.550778, 2.651687, 3.179277 / 1.550778, 2.651687, 3.179277 / 1.550778, 2.651687, 3.179277; 1, 43, 1, 0; 0.126779880269; 1, 0, 1; 1, 0, 0; 2, 1, 2 / 2, 2, 0 ;
0,155; 1.558076, 2.655915, 3.185653 / 1.558076, 2.655915, 3.185653 / 1.558076, 2.655915, 3.185653; 1, 43, 1, 0; 0.126781405632; 0, 0, 0; 1, 0, 0; 2, 5, 0 / 3, 1, 3 ;
1,156; 0.315816, -3.68863, -0.547944 / 0.315816, -3.68863, -0.547944 / 0.315816, -3.68863, -0.547944; 1, 9, 1, 0; 0.869610156625; 1, 0, 1; 0, 1, 0; 4, 1, 2 ;
1,157; 3.85597, 0.464198, -0.944734 / 3.85597, 0.464198, -0.944734 / 3.85597, 0.464198, -0.944734; 1, 12, 1, 0; 0.181693673528; 0, 1, 0; 1, 0, 0; 3, 1, 1 ;
1,164; 3.71825, 2.33542, 0.710499 / 3.71825, 2.33542, 0.710499 / 3.71825, 2.33542, 0.710499; 1, 20, 1, 0; 0.684314082372; 1, 0, 1; 1, 0, 0; 2, 1, 2 / 4, 8, 0 ;
1,170; -0.0963285, -1.10101, 2.00305 / -0.0963285, -1.10101, 2.00305 / -0.0963285, -1.10101, 2.00305; 1, 30, 1, 0; 0.474392955529; 1, 0, 1; 1, 0, 0; 3, 1, 2 ;
1,171; -3.70116, 0.320459, 0.754289 / -3.70116, 0.320459, 0.754289 / -3.70116, 0.320459, 0.754289; 1, 23, 1, 0; 0.194904559421; 1, 0, 1; 1, 0, 0; 2, 1, 2 ;
1,174; -1.53351, 0.802385, -2.09948 / -1.53262, 0.802444, -2.09905 / -1.53441, 0.802325, -2.09991; 1, 6, 1, 0; 0.399332219827; 1, 0, 2; 1, 1, 0; 1, 6, 2 / 2, 1, 2 ;
0,174; -1.535860, 0.795142, -2.111930 / -1.535860, 0.795142, -2.111930 / -1.535860, 0.795142, -2.111930; 1, 6, 1, 0; 0.399322025758; 1, 0, 1; 1, 0, 0; 2, 1, 2 ;
1,177; -3.89755, -1.06828, -1.88038 / -3.89755, -1.06828, -1.88038 / -3.89755, -1.06828, -1.88038; 1, 6, 1, 0; 0.330270956410; 1, 0, 1; 1, 0, 0; 2, 1, 2 ;
1,184; 0.688289, 0.664445, 1.07911 / 0.688601, 0.664501, 1.07963 / 0.687977, 0.664389, 1.07858; 1, 23, 1, 0; 0.577879992433; 2, 1, 1; 0, 2, 1; 1, 1, 2 / 4, 5, 1 ;
0,184; 0.688032, 0.667771, 1.079149 / 0.688032, 0.667771, 1.079149 / 0.688032, 0.667771, 1.079149; 1, 23, 1, 0; 0.577879090865; 1, 0, 1; 0, 1, 0; 4, 1, 2 ;
0,184; 0.687035, 0.665334, 1.079923 / 0.687977, 0.666167, 1.080218 / 0.686093, 0.664501, 1.079628; 1, 23, 1, 0; 0.577879933314; 0, 1, 0; 1, 1, 0; 1, 9, 2 / 3, 1, 1 / 4, 1, 0 ;
0,184; 0.686023, 0.668206, 1.084380 / 0.686023, 0.668206, 1.084380 / 0.686023, 0.668206, 1.084380; 1, 23, 1, 0; 0.577892666114; 1, 0, 1; 1, 0, 0; 2, 1, 2 ;
0,184; 0.684519, 0.663931, 1.085171 / 0.684519, 0.663931, 1.085171 / 0.684519, 0.663931, 1.085171; 1, 23, 1, 0; 0.577893656361; 1, 0, 1; 1, 0, 0; 2, 1, 2 ;
1,185; 0.792429, 1.52997, -1.11913 / 0.792429, 1.52997, -1.11913 / 0.792429, 1.52997, -1.11913; 1, 7, 1, 0; 0.548722198529; 1, 0, 1; 1, 0, 0; 3, 1, 2 ;
1,187; -2.71, -0.441874, 0.645751 / -2.71, -0.441874, 0.645751 / -2.71, -0.441874, 0.645751; 1, 21, 1, 0; 0.392166198101; 1, 0, 1; 1, 0, 0; 1, 3, 0 / 3, 1, 2 / 4, 5, 0 ;
1,188; 0.450498, 3.32444, -1.56318 / 0.450498, 3.32444, -1.56318 / 0.450498, 3.32444, -1.56318; 1, 7, 1, 0; 0.121221715292; 1, 0, 1; 1, 0, 0; 1, 5, 0 / 3, 1, 2 ;
0,188; 0.570663, 1.524706, -0.813641 / 0.570663, 1.524706, -0.813641 / 0.570663, 1.524706, -0.813641; 1, 7, 1, 0; 0.993343217960; 0, 1, 0; 1, 0, 0; 2, 1, 1 ;
0,188; 0.846633, -2.085574, 0.712691 / 0.846633, -2.085574, 0.712691 / 0.846633, -2.085574, 0.712691; 1, 18, 1, 0; 0.507929663634; 1, 0, 1; 1, 0, 0; 2, 1, 2 ;
1,189; -2.71896, 0.792654, 2.19142 / -2.71896, 0.792654, 2.19142 / -2.71896, 0.792654, 2.19142; 1, 37, 1, 0; 0.026404706797; 1, 0, 1; 1, 0, 0; 3, 1, 2 ;
1,193; 1.62584, 2.25698, 1.43706 / 1.62584, 2.25698, 1.43706 / 1.62584, 2.25698, 1.43706; 1, 28, 1, 0; 0.131527019610; 1, 0, 1; 0, 1, 0; 4, 1, 2 ;
1,194; -0.761421, 3.31665, -0.873258 / -0.761421, 3.31665, -0.873258 / -0.761421, 3.31665, -0.873258; 1, 13, 1, 0; 0.259624998307; 0, 1, 0; 0, 1, 0; 1, 1, 1 ;
1,199; 1.56284, -0.765083, 3.81456 / 1.56284, -0.765083, 3.81456 / 1.56284, -0.765083, 3.81456; 1, 46, 1, 0; 0.102118512311; 1, 0, 1; 1, 0, 0; 2, 1, 2 ;
0,199; 1.561870, -0.764985, 3.810701 / 1.561870, -0.764985, 3.810701 / 1.561870, -0.764985, 3.810701; 1, 46, 1, 0; 0.102118695592; 1, 0, 1; 1, 0, 0; 3, 1, 2 ;
