1,2; -1.26127, -1.11334, -3.16606 / -1.26127, -1.11334, -3.16606 / -1.26127, -1.11334, -3.16606; 1, 5, 1, 0; 0.080618525173; 1, 0, 1; 1, 0, 0; 2, 1, 2 ;
1,4; -1.51746, -2.44815, 0.706476 / -1.51746, -2.44815, 0.706476 / -1.51746, -2.44815, 0.706476; 1, 18, 1, 0; 0.541880665032; 0, 1, 0; 1, 0, 0; 2, 1, 1 ;
0,4; -2.556394, -0.521897, 0.410287 / -2.556394, -0.521897, 0.410287 / -2.556394, -0.521897, 0.410287; 1, 21, 1, 0; 0.085428693663; 0, 1, 0; 1, 0, 0; 3, 1, 1 ;
1,5; -2.66027, 0.573404, 1.94823 / -2.66027, 0.573404, 1.94823 / -2.66027, 0.573404, 1.94823; 1, 30, 1, 0; 0.808136122054; 1, 0, 1; 1, 0, 0; 3, 1, 2 ;
0,5; -2.658265, 0.578648, 1.952441 / -2.658265, 0.578648, 1.952441 / -2.658265, 0.578648, 1.952441; 1, 30, 1, 0; 0.808137554015; 1, 0, 1; 1, 0, 0; 2, 1, 2 / 2, 2, 0 ;
1,7; -3.35556, -0.560217, 1.96835 / -3.35556, -0.560217, 1.96835 / -3.35556, -0.560217, 1.96835; 1, 30, 1, 0; 0.563358309857; 1, 0, 1; 1, 0, 0; 3, 1, 2 ;
1,11; 0.400204, -1.75359, 2.31833 / 0.400581, -1.75331, 2.31852 / 0.399827, -1.75387, 2.31814; 1, 33, 1, 0; 0.521983341191; 2, 2, 1; 2, 1, 0; 3, 1, 1 / 3, 3, 2 / 4, 2, 1 / 4, 3, 0 ;
0,11; 0.409861, -1.753077, 2.318170 / 0.409861, -1.753077, 2.318170 / 0.409861, -1.753077, 2.318170; 1, 33, 1, 0; 0.521986746294; 1, 0, 1; 1, 0, 0; 3, 1, 2 ;
1,12; -3.81073, 0.680088, 0.735265 / -3.81073, 0.680088, 0.735265 / -3.81073, 0.680088, 0.735265; 1, 24, 1, 0; 0.239064615821; 1, 0, 1; 1, 0, 0; 3, 1, 2 ;
1,13; -4.03445, -0.630174, 0.785523 / -4.03445, -0.630174, 0.785523 / -4.03445, -0.630174, 0.785523; 1, 21, 1, 0; 0.370273237641; 1, 0, 1; 1, 0, 0; 3, 1, 2 ;
0,13; -4.032237, -0.633647, 0.785270 / -4.032237, -0.633647, 0.785270 / -4.032237, -0.633647, 0.785270; 1, 21, 1, 0; 0.370274118020; 1, 0, 1; 1, 0, 0; 3, 1, 2 ;
1,19; -2.32859, -0.739562, 1.87205 / -2.32859, -0.739562, 1.87205 / -2.32859, -0.739562, 1.87205; 1, 30, 1, 0; 0.529087772414; 0, 1, 0; 1, 0, 0; 2, 1, 1 ;
0,19; 1.108982, 3.128498, 2.931021 / 1.108982, 3.128498, 2.931021 / 1.108982, 3.128498, 2.931021; 1, 40, 1, 0; 0.248319047619; 1, 0, 1; 1, 0, 0; 3, 1, 2 ;
0,19; 1.172162, 3.195277, 2.954363 / 1.172162, 3.195277, 2.954363 / 1.172162, 3.195277, 2.954363; 1, 40, 1, 0; 0.251534637749; 1, 0, 1; 1, 0, 0; 3, 1, 2 ;
1,20; 1.42687, 0.795516, -0.846395 / 1.42755, 0.796064, -0.845675 / 1.42618, 0.794969, -0.847116; 1, 12, 1, 0; 0.385954784105; 2, 2, 2; 3, 1, 0; 1, 1, 2 / 1, 10, 0 / 2, 5, 0 / 2, 7, 2 / 2, 10, 1 / 3, 5, 0 / 3, 8, 1 / 4, 10, 0 ;
0,20; 1.429022, 0.797229, -0.847829 / 1.429022, 0.797229, -0.847829 / 1.429022, 0.797229, -0.847829; 1, 12, 1, 0; 0.385954652504; 1, 0, 1; 1, 0, 0; 3, 1, 2 ;
1,22; -1.43797, -0.718617, 2.85407 / -1.4378, -0.718194, 2.85485 / -1.43815, -0.719041, 2.85329; 1, 36, 1, 0; 0.849479740714; 1, 0, 1; 2, 0, 0; 2, 5, 0 / 3, 1, 2 / 3, 2, 0 / 3, 7, 3 / 4, 8, 0 ;
1,24; -2.90611, 2.95085, -2.05861 / -2.90611, 2.95085, -2.05861 / -2.90611, 2.95085, -2.05861; 1, 6, 1, 0; 0.528113175737; 0, 0, 0; 1, 0, 0; 2, 1, 3 ;
1,25; -1.59328, 2.87675, 2.94194 / -1.59268, 2.87701, 2.94235 / -1.59389, 2.87649, 2.94152; 1, 40, 1, 0; 0.158184614176; 0, 2, 0; 1, 1, 0; 1, 7, 1 / 3, 1, 1 ;
1,26; -1.08603, 2.33517, -1.83488 / -1.08603, 2.33517, -1.83488 / -1.08603, 2.33517, -1.83488; 1, 6, 1, 0; 0.621698822095; 0, 1, 0; 0, 1, 0; 1, 5, 0 / 4, 1, 1 ;
1,27; -0.918971, 0.496347, -1.47611 / -0.918971, 0.496347, -1.47611 / -0.918971, 0.496347, -1.47611; 1, 11, 1, 0; 0.349706025734; 1, 0, 1; 1, 0, 0; 3, 1, 2 ;
0,27; 1.676243, -1.573290, 2.715685 / 1.676243, -1.573290, 2.715685 / 1.676243, -1.573290, 2.715685; 1, 34, 1, 0; 0.417566187458; 0, 1, 0; 1, 0, 0; 3, 1, 1 ;
1,28; 0.538376, -0.569665, -3.59375 / 0.538952, -0.569296, -3.5936 / 0.5378, -0.570034, -3.59389; 1, 1, 1, 0; 0.778965810891; 1, 0, 2; 2, 0, 0; 3, 1, 2 / 3, 5, 2 ;
1,29; 0.715587, -2.69922, -0.0874567 / 0.715587, -2.69922, -0.0874567 / 0.715587, -2.69922, -0.0874567; 1, 15, 1, 0; 0.433744642321; 1, 0, 1; 1, 0, 0; 3, 1, 2 ;
1,30; 1.87066, 2.58945, 2.3503 / 1.87066, 2.58945, 2.3503 / 1.87066, 2.58945, 2.3503; 1, 31, 1, 0; 0.323039476177; 0, 1, 0; 0, 1, 0; 4, 1, 1 ;
1,31; 0.164221, 2.02571, -3.33836 / 0.16474, 2.02589, -3.33823 / 0.163702, 2.02554, -3.33849; 1, 2, 1, 0; 0.229876724130; 2, 1, 1; 1, 1, 0; 1, 1, 1 / 3, 2, 2 ;
0,31; 0.180427, 2.020689, -3.322714 / 0.180427, 2.020689, -3.322714 / 0.180427, 2.020689, -3.322714; 1, 2, 1, 0; 0.229882554291; 1, 0, 1; 0, 1, 0; 1, 1, 2 ;
0,31; 0.162937, 2.030366, -3.325950 / 0.162937, 2.030366, -3.325950 / 0.162937, 2.030366, -3.325950; 1, 2, 1, 0; 0.229884318370; 1, 0, 1; 0, 1, 0; 1, 1, 2 ;
0,31; 0.289103, 2.154409, -3.803251 / 0.289103, 2.154409, -3.803251 / 0.289103, 2.154409, -3.803251; 1, 2, 1, 0; 0.038565056530; 1, 0, 1; 1, 0, 0; 2, 1, 2 ;
0,31; 0.179089, 2.023551, -3.332350 / 0.179089, 2.023551, -3.332350 / 0.179089, 2.023551, -3.332350; 1, 2, 1, 0; 0.229882775790; 1, 0, 1; 1, 0, 0; 2, 1, 2 ;
0,31; -1.324541, 1.149490, 1.381471 / -1.324541, 1.149490, 1.381471 / -1.324541, 1.149490, 1.381471; 1, 26, 1, 0; 0.769038052377; 0, 1, 0; 0, 1, 0; 4, 1, 1 ;
0,31; -1.754238, 0.800569, 3.039474 / -1.754238, 0.800569, 3.039474 / -1.754238, 0.800569, 3.039474; 1, 39, 1, 0; 0.324193399340; 1, 0, 1; 1, 0, 0; 2, 1, 2 ;
1,32; -2.28542, 2.90351, 0.759829 / -2.28542, 2.90351, 0.759829 / -2.28542, 2.90351, 0.759829; 1, 24, 1, 0; 0.096590425052; 1, 0, 1; 1, 0, 0; 3, 1, 2 ;
1,37; -0.263821, -4.20921, 0.522101 / -0.263821, -4.20921, 0.522101 / -0.263821, -4.20921, 0.522101; 1, 18, 1, 0; 0.116474930883; 1, 0, 1; 0, 1, 0; 1, 1, 2 ;
0,37; -0.261765, -4.211837, 0.532695 / -0.261765, -4.211837, 0.532695 / -0.261765, -4.211837, 0.532695; 1, 18, 1, 0; 0.116472845509; 1, 0, 1; 1, 0, 0; 2, 1, 2 ;
0,37; -0.250368, -4.209519, 0.535263 / -0.250368, -4.209519, 0.535263 / -0.250368, -4.209519, 0.535263; 1, 18, 1, 0; 0.116482979448; 1, 0, 1; 1, 0, 0; 2, 4, 0 / 3, 1, 2 ;
0,37; -0.251845, -4.203315, 0.540672 / -0.251845, -4.203315, 0.540672 / -0.251845, -4.203315, 0.540672; 1, 18, 1, 0; 0.116483404892; 1, 0, 1; 1, 0, 0; 3, 1, 2 ;
0,37; -0.252325, -4.207619, 0.542735 / -0.252325, -4.207619, 0.542735 / -0.252325, -4.207619, 0.542735; 1, 18, 1, 0; 0.116483551356; 1, 0, 1; 1, 0, 0; 2, 1, 2 ;
0,37; -0.263162, -4.208978, 0.531892 / -0.263162, -4.208978, 0.531892 / -0.263162, -4.208978, 0.531892; 1, 18, 1, 0; 0.116485818066; 1, 0, 1; 1, 0, 0; 2, 1, 2 ;
1,40; -1.1147, -2.49259, 0.563334 / -1.1147, -2.49259, 0.563334 / -1.1147, -2.49259, 0.563334; 1, 18, 1, 0; 0.340015755379; 1, 0, 1; 0, 1, 0; 4, 1, 2 ;
0,40; -0.682186, -1.713221, 0.740772 / -0.682186, -1.713221, 0.740772 / -0.682186, -1.713221, 0.740772; 1, 22, 1, 0; 0.020967107293; 1, 0, 1; 0, 1, 0; 1, 1, 2 / 1, 8, 0 ;
1,41; 0.818561, -0.490354, 1.37513 / 0.818561, -0.490354, 1.37513 / 0.818561, -0.490354, 1.37513; 1, 23, 1, 0; 0.786230743764; 0, 1, 0; 0, 1, 0; 1, 1, 1 ;
0,41; -1.492526, 1.998556, 0.827485 / -1.492526, 1.998556, 0.827485 / -1.492526, 1.998556, 0.827485; 1, 25, 1, 0; 0.637736796537; 0, 1, 0; 1, 0, 0; 3, 1, 1 / 3, 2, 0 ;
0,41; -1.482591, 2.026863, 0.836973 / -1.482591, 2.026863, 0.836973 / -1.482591, 2.026863, 0.836973; 1, 25, 1, 0; 0.637772637264; 1, 0, 1; 1, 0, 0; 2, 1, 2 ;
0,41; -1.481205, 2.032417, 0.837834 / -1.481205, 2.032417, 0.837834 / -1.481205, 2.032417, 0.837834; 1, 25, 1, 0; 0.637772860143; 1, 0, 1; 1, 0, 0; 2, 1, 2 ;
0,41; -1.487299, 2.029253, 0.842899 / -1.487299, 2.029253, 0.842899 / -1.487299, 2.029253, 0.842899; 1, 25, 1, 0; 0.637775208949; 1, 0, 1; 1, 0, 0; 3, 1, 2 / 4, 1, 0 ;
0,41; 1.714569, -1.493500, 1.614347 / 1.714770, -1.493292, 1.614349 / 1.714368, -1.493708, 1.614345; 1, 27, 1, 0; 0.923026735988; 0, 2, 0; 0, 2, 0; 1, 7, 0 / 4, 1, 1 / 4, 2, 1 ;
0,41; 1.720355, -1.486517, 1.612618 / 1.721428, -1.485886, 1.613205 / 1.719281, -1.487148, 1.612032; 1, 27, 1, 0; 0.923009037232; 2, 2, 1; 2, 1, 0; 1, 1, 1 / 2, 4, 1 / 2, 8, 2 ;
0,41; 1.713767, -1.491700, 1.615758 / 1.713767, -1.491700, 1.615758 / 1.713767, -1.491700, 1.615758; 1, 27, 1, 0; 0.923026634695; 1, 0, 1; 0, 1, 0; 1, 1, 2 ;
0,41; 1.719408, -1.483931, 1.611132 / 1.719408, -1.483931, 1.611132 / 1.719408, -1.483931, 1.611132; 1, 27, 1, 0; 0.923007978253; 1, 0, 1; 1, 0, 0; 2, 1, 2 ;
0,41; 1.713814, -1.497194, 1.614795 / 1.713814, -1.497194, 1.614795 / 1.713814, -1.497194, 1.614795; 1, 27, 1, 0; 0.923027831801; 0, 0, 0; 1, 0, 0; 2, 1, 3 ;
1,48; 1.46654, 2.69057, 0.761374 / 1.46732, 2.69089, 0.761702 / 1.46576, 2.69026, 0.761046; 1, 20, 1, 0; 0.661000150409; 2, 2, 1; 2, 2, 0; 2, 1, 1 / 3, 6, 3 / 4, 7, 1 / 4, 8, 2 ;
1,49; 0.0910388, -1.79808, 0.666835 / 0.0910388, -1.79808, 0.666835 / 0.0910388, -1.79808, 0.666835; 1, 22, 1, 0; 0.028759895169; 1, 0, 1; 1, 0, 0; 3, 1, 2 ;
0,49; 0.057025, -1.148979, 3.915121 / 0.057025, -1.148979, 3.915121 / 0.057025, -1.148979, 3.915121; 1, 46, 1, 0; 0.043863048312; 1, 0, 1; 1, 0, 0; 2, 1, 2 ;
1,51; -0.3267, -2.33673, -0.98053 / -0.3267, -2.33673, -0.98053 / -0.3267, -2.33673, -0.98053; 1, 8, 1, 0; 0.799964138186; 1, 0, 1; 1, 0, 0; 2, 1, 2 ;
0,51; -0.324602, -2.326936, -0.980149 / -0.324602, -2.326936, -0.980149 / -0.324602, -2.326936, -0.980149; 1, 8, 1, 0; 0.799964404095; 1, 0, 1; 1, 0, 0; 2, 1, 2 ;
0,51; -0.321257, -2.337526, -0.976056 / -0.321257, -2.337526, -0.976056 / -0.321257, -2.337526, -0.976056; 1, 8, 1, 0; 0.799965104660; 1, 0, 1; 1, 0, 0; 2, 1, 2 ;
0,51; -0.321544, -2.339956, -0.981320 / -0.321544, -2.339956, -0.981320 / -0.321544, -2.339956, -0.981320; 1, 8, 1, 0; 0.799965610909; 0, 1, 0; 1, 0, 0; 2, 1, 1 / 2, 10, 0 / 3, 8, 0 / 4, 8, 0 ;
1,53; 0.872834, 3.04568, -1.04612 / 0.872834, 3.04568, -1.04612 / 0.872834, 3.04568, -1.04612; 1, 7, 1, 0; 0.706127941737; 0, 0, 0; 1, 0, 0; 2, 1, 3 / 2, 2, 0 ;
1,55; -1.13505, -3.62007, -2.3054 / -1.13488, -3.61942, -2.30512 / -1.13522, -3.62071, -2.30569; 1, 5, 1, 0; 0.604283768591; 2, 1, 1; 1, 1, 0; 1, 3, 2 / 3, 1, 1 ;
0,55; -2.788747, -0.493954, -0.084823 / -2.788747, -0.493954, -0.084823 / -2.788747, -0.493954, -0.084823; 1, 10, 1, 0; 0.765532129556; 0, 1, 0; 0, 1, 0; 4, 1, 1 ;
0,55; -2.963584, -0.031357, 0.207719 / -2.963584, -0.031357, 0.207719 / -2.963584, -0.031357, 0.207719; 1, 14, 1, 0; 0.887497227157; 0, 1, 0; 0, 1, 0; 4, 1, 1 ;
1,56; 0.942885, 0.421006, 1.12444 / 0.943052, 0.421048, 1.12461 / 0.942718, 0.420964, 1.12427; 1, 23, 1, 0; 0.564671452367; 2, 1, 1; 1, 1, 0; 1, 1, 2 / 3, 6, 1 ;
1,57; 2.50263, 2.17279, 2.61938 / 2.50263, 2.17279, 2.61938 / 2.50263, 2.17279, 2.61938; 1, 38, 1, 0; 0.618038798778; 1, 0, 1; 1, 0, 0; 2, 1, 2 ;
1,64; 1.76809, -4.08372, 0.107879 / 1.7685, -4.08306, 0.108629 / 1.76768, -4.08438, 0.10713; 1, 15, 1, 0; 0.930501585873; 2, 2, 1; 2, 1, 0; 1, 7, 1 / 2, 7, 1 / 3, 1, 2 / 4, 10, 0 ;
0,64; 1.764238, -4.083836, 0.105310 / 1.764238, -4.083836, 0.105310 / 1.764238, -4.083836, 0.105310; 1, 15, 1, 0; 0.930513915231; 1, 0, 1; 1, 0, 0; 3, 1, 2 ;
1,65; 2.08411, -0.721488, -0.763664 / 2.08416, -0.72146, -0.76365 / 2.08407, -0.721516, -0.763677; 1, 12, 1, 0; 0.515754355429; 2, 1, 1; 2, 0, 0; 2, 1, 1 / 2, 2, 2 / 3, 1, 0 ;
0,65; 2.818116, -0.297186, -0.568773 / 2.818116, -0.297186, -0.568773 / 2.818116, -0.297186, -0.568773; 1, 12, 1, 0; 0.808601273442; 1, 0, 1; 1, 0, 0; 3, 1, 2 ;
1,70; -2.27804, 1.96171, 2.24918 / -2.27764, 1.96261, 2.24947 / -2.27843, 1.96081, 2.24889; 1, 37, 1, 0; 0.179807858337; 2, 1, 2; 2, 1, 0; 1, 3, 1 / 2, 1, 2 / 3, 2, 2 / 4, 4, 0 ;
0,70; -2.609805, 2.130240, 2.292837 / -2.609805, 2.130240, 2.292837 / -2.609805, 2.130240, 2.292837; 1, 37, 1, 0; 0.175065593294; 1, 0, 1; 1, 0, 0; 2, 1, 2 ;
1,72; 1.98831, -3.17057, -0.253555 / 1.98831, -3.17057, -0.253555 / 1.98831, -3.17057, -0.253555; 1, 15, 1, 0; 0.336503498564; 1, 0, 1; 1, 0, 0; 3, 1, 2 ;
1,73; -0.487851, 2.68307, -0.62215 / -0.487851, 2.68307, -0.62215 / -0.487851, 2.68307, -0.62215; 1, 13, 1, 0; 0.310380411969; 1, 0, 1; 1, 0, 0; 3, 1, 2 ;
1,74; 3.26353, -1.22506, 1.69007 / 3.26353, -1.22506, 1.69007 / 3.26353, -1.22506, 1.69007; 1, 27, 1, 0; 0.844711377667; 0, 1, 0; 0, 1, 0; 4, 1, 1 ;
1,78; 3.2132, -0.375806, -3.10416 / 3.2132, -0.375806, -3.10416 / 3.2132, -0.375806, -3.10416; 1, 3, 1, 0; 0.175871391901; 1, 0, 1; 1, 0, 0; 2, 1, 2 ;
0,78; 3.210271, -0.379295, -3.102960 / 3.210271, -0.379295, -3.102960 / 3.210271, -0.379295, -3.102960; 1, 3, 1, 0; 0.175871480555; 0, 1, 0; 1, 0, 0; 3, 1, 1 ;
0,78; 1.181741, -0.379760, -1.647037 / 1.181741, -0.379760, -1.647037 / 1.181741, -0.379760, -1.647037; 1, 4, 1, 0; 0.959882469566; 1, 0, 1; 1, 0, 0; 3, 1, 2 ;
1,79; 3.80861, -1.3008, -0.791192 / 3.80861, -1.3008, -0.791192 / 3.80861, -1.3008, -0.791192; 1, 12, 1, 0; 0.586352214105; 1, 0, 1; 1, 0, 0; 2, 1, 2 ;
1,80; 2.07374, 2.82374, -2.90451 / 2.07374, 2.82374, -2.90451 / 2.07374, 2.82374, -2.90451; 1, 4, 1, 0; 0.036385328643; 1, 0, 1; 1, 0, 0; 3, 1, 2 ;
1,83; 0.0166138, 1.63886, -1.35415 / 0.0166138, 1.63886, -1.35415 / 0.0166138, 1.63886, -1.35415; 1, 7, 1, 0; 0.468810531193; 1, 0, 1; 1, 0, 0; 2, 1, 2 ;
0,83; 0.018122, 1.642744, -1.357290 / 0.018122, 1.642744, -1.357290 / 0.018122, 1.642744, -1.357290; 1, 7, 1, 0; 0.468819413550; 1, 0, 1; 1, 0, 0; 3, 1, 2 ;
1,84; -0.438493, -0.766163, 2.58576 / -0.437975, -0.766108, 2.58595 / -0.43901, -0.766218, 2.58556; 1, 34, 1, 0; 0.693242094051; 2, 1, 1; 1, 1, 0; 1, 1, 1 / 2, 2, 2 ;
0,84; -0.431215, -0.751515, 2.588032 / -0.431215, -0.751515, 2.588032 / -0.431215, -0.751515, 2.588032; 1, 34, 1, 0; 0.693237703589; 0, 1, 0; 1, 0, 0; 2, 1, 1 ;
1,86; -0.748682, -0.0504311, -3.00571 / -0.748682, -0.0504311, -3.00571 / -0.748682, -0.0504311, -3.00571; 1, 2, 1, 0; 0.541193909420; 1, 0, 1; 1, 0, 0; 3, 1, 2 ;
1,87; -1.68273, 2.52705, 2.2055 / -1.68273, 2.52705, 2.2055 / -1.68273, 2.52705, 2.2055; 1, 37, 1, 0; 0.261640184427; 1, 0, 1; 1, 0, 0; 2, 1, 2 ;
1,88; -0.758448, -3.53864, 0.444299 / -0.758448, -3.53864, 0.444299 / -0.758448, -3.53864, 0.444299; 1, 18, 1, 0; 0.192402336176; 1, 0, 1; 1, 0, 0; 2, 1, 2 ;
1,91; 0.239012, -1.2677, 3.23605 / 0.239012, -1.2677, 3.23605 / 0.239012, -1.2677, 3.23605; 1, 40, 1, 0; 0.399588401697; 1, 0, 1; 1, 0, 0; 1, 2, 0 / 2, 1, 2 ;
1,92; -0.764453, 2.17807, 3.21954 / -0.764453, 2.17807, 3.21954 / -0.764453, 2.17807, 3.21954; 1, 43, 1, 0; 0.027245987504; 0, 1, 0; 0, 1, 0; 1, 1, 1 ;
0,92; -0.758870, 2.190111, 3.218241 / -0.758870, 2.190111, 3.218241 / -0.758870, 2.190111, 3.218241; 1, 43, 1, 0; 0.027249989105; 1, 0, 1; 1, 0, 0; 3, 1, 2 ;
1,96; 1.42669, 0.404759, -2.68395 / 1.42669, 0.404759, -2.68395 / 1.42669, 0.404759, -2.68395; 1, 2, 1, 0; 0.885388575890; 1, 0, 1; 0, 1, 0; 4, 1, 2 ;
1,98; -3.33793, 3.14249, 0.474712 / -3.33793, 3.14249, 0.474712 / -3.33793, 3.14249, 0.474712; 1, 25, 1, 0; 0.132174188847; 1, 0, 1; 1, 0, 0; 3, 1, 2 ;
1,100; 0.84461, -0.714928, -0.537363 / 0.84461, -0.714928, -0.537363 / 0.84461, -0.714928, -0.537363; 1, 16, 1, 0; 0.188820995939; 0, 1, 0; 0, 1, 0; 1, 1, 1 ;
0,100; 0.557171, -0.849214, -0.435785 / 0.557171, -0.849214, -0.435785 / 0.557171, -0.849214, -0.435785; 1, 16, 1, 0; 0.192435828404; 0, 1, 0; 1, 0, 0; 3, 1, 1 ;
1,101; 2.29708, -3.51949, 1.82089 / 2.29708, -3.51949, 1.82089 / 2.29708, -3.51949, 1.82089; 1, 22, 1, 0; 0.774288013457; 0, 1, 0; 0, 1, 0; 1, 1, 1 ;
0,101; 2.017153, -3.258295, 1.989102 / 2.017153, -3.258295, 1.989102 / 2.017153, -3.258295, 1.989102; 1, 33, 1, 0; 0.025498716538; 0, 1, 0; 1, 0, 0; 2, 1, 1 ;
1,102; -1.82195, -0.917263, 4.16817 / -1.82195, -0.917263, 4.16817 / -1.82195, -0.917263, 4.16817; 1, 46, 1, 0; 0.743103479440; 1, 0, 1; 1, 0, 0; 2, 1, 2 ;
0,102; -1.825111, -0.915925, 4.165775 / -1.825111, -0.915925, 4.165775 / -1.825111, -0.915925, 4.165775; 1, 46, 1, 0; 0.743103586881; 1, 0, 1; 1, 0, 0; 3, 1, 2 ;
1,103; -0.480328, -0.997127, 2.75778 / -0.480328, -0.997127, 2.75778 / -0.480328, -0.997127, 2.75778; 1, 34, 1, 0; 0.554956207639; 1, 0, 1; 1, 0, 0; 2, 1, 2 ;
1,104; 0.303149, -0.478907, 1.70713 / 0.303149, -0.478907, 1.70713 / 0.303149, -0.478907, 1.70713; 1, 27, 1, 0; 0.760742767636; 1, 0, 1; 1, 0, 0; 2, 1, 2 ;
1,105; -0.175875, -0.335559, -2.24984 / -0.175599, -0.335324, -2.24867 / -0.176151, -0.335794, -2.251; 1, 3, 1, 0; 0.803274277977; 1, 0, 2; 2, 0, 0; 2, 10, 2 / 3, 1, 2 / 3, 10, 0 ;
0,105; -0.171813, -0.333984, -2.262460 / -0.171813, -0.333984, -2.262460 / -0.171813, -0.333984, -2.262460; 1, 3, 1, 0; 0.803266395870; 1, 0, 1; 1, 0, 0; 2, 1, 2 ;
0,105; -0.179605, -0.336064, -2.260120 / -0.179605, -0.336064, -2.260120 / -0.179605, -0.336064, -2.260120; 1, 3, 1, 0; 0.803267596723; 1, 0, 1; 1, 0, 0; 3, 1, 2 ;
0,105; 0.170186, -0.492859, -1.122856 / 0.170186, -0.492859, -1.122856 / 0.170186, -0.492859, -1.122856; 1, 11, 1, 0; 0.674315347450; 1, 0, 1; 0, 1, 0; 4, 1, 2 ;
0,105; 1.173927, -0.802040, 1.042897 / 1.174417, -0.801938, 1.042990 / 1.173437, -0.802142, 1.042805; 1, 23, 1, 0; 0.428816728964; 0, 2, 0; 1, 1, 0; 3, 1, 1 / 4, 10, 1 ;
0,105; 1.173103, -0.802393, 1.042781 / 1.173437, -0.802142, 1.042805 / 1.172769, -0.802644, 1.042758; 1, 23, 1, 0; 0.428816684624; 1, 0, 1; 2, 0, 0; 3, 1, 2 / 3, 7, 1 ;
0,105; 1.175073, -0.802199, 1.043149 / 1.175729, -0.801938, 1.043309 / 1.174417, -0.802459, 1.042990; 1, 23, 1, 0; 0.428816795473; 0, 0, 0; 1, 1, 0; 1, 7, 0 / 2, 2, 0 / 2, 3, 0 / 2, 9, 3 / 4, 1, 1 ;
1,106; 0.983743, 2.30773, 2.05512 / 0.983743, 2.30773, 2.05512 / 0.983743, 2.30773, 2.05512; 1, 31, 1, 0; 0.212045708910; 1, 0, 1; 1, 0, 0; 3, 1, 2 ;
0,106; 0.986859, 2.310640, 2.055497 / 0.986859, 2.310640, 2.055497 / 0.986859, 2.310640, 2.055497; 1, 31, 1, 0; 0.212046931662; 1, 0, 1; 1, 0, 0; 2, 1, 2 ;
1,110; -1.05168, 0.113431, -1.72477 / -1.05168, 0.113431, -1.72477 / -1.05168, 0.113431, -1.72477; 1, 6, 1, 0; 0.754288346120; 1, 0, 1; 1, 0, 0; 2, 1, 2 ;
0,110; 0.456535, 0.714459, 1.939987 / 0.456580, 0.715006, 1.940725 / 0.456490, 0.713911, 1.939249; 1, 30, 1, 0; 0.887217971797; 2, 1, 1; 0, 2, 1; 1, 10, 3 / 4, 1, 2 ;
0,110; 0.456512, 0.714028, 1.938962 / 0.456580, 0.714144, 1.939249 / 0.456444, 0.713911, 1.938674; 1, 30, 1, 0; 0.887217962056; 0, 1, 0; 0, 2, 0; 4, 1, 1 / 4, 2, 2 ;
1,111; 2.84122, 1.89769, -2.6316 / 2.84165, 1.89772, -2.63129 / 2.84079, 1.89766, -2.63191; 1, 4, 1, 0; 0.118536982636; 0, 3, 0; 2, 1, 0; 3, 1, 1 / 3, 2, 1 / 4, 2, 1 ;
0,111; 2.838870, 1.897204, -2.630952 / 2.839187, 1.897410, -2.630551 / 2.838554, 1.896999, -2.631354; 1, 4, 1, 0; 0.118537462171; 1, 0, 2; 1, 1, 0; 1, 1, 2 / 3, 4, 2 ;
0,111; 2.840943, 1.899349, -2.630579 / 2.840943, 1.899349, -2.630579 / 2.840943, 1.899349, -2.630579; 1, 4, 1, 0; 0.118536942339; 1, 0, 1; 0, 1, 0; 4, 1, 2 ;
0,111; 2.846948, 1.758353, -2.622700 / 2.846948, 1.758353, -2.622700 / 2.846948, 1.758353, -2.622700; 1, 4, 1, 0; 0.075930390841; 1, 0, 1; 1, 0, 0; 3, 1, 2 ;
0,111; 2.861979, 1.634754, -2.644824 / 2.861979, 1.634754, -2.644824 / 2.861979, 1.634754, -2.644824; 1, 4, 1, 0; 0.076324218136; 1, 0, 1; 1, 0, 0; 3, 1, 2 ;
0,111; 2.833995, 1.917237, -2.633122 / 2.833995, 1.917237, -2.633122 / 2.833995, 1.917237, -2.633122; 1, 4, 1, 0; 0.118539654332; 1, 0, 1; 1, 0, 0; 3, 1, 2 ;
0,111; 2.123524, 1.191014, -1.942145 / 2.123524, 1.191014, -1.942145 / 2.123524, 1.191014, -1.942145; 1, 4, 1, 0; 0.689801702148; 1, 0, 1; 1, 0, 0; 3, 1, 2 ;
0,111; -3.443833, 0.135818, 2.925817 / -3.443684, 0.135969, 2.926055 / -3.443981, 0.135666, 2.925580; 1, 37, 1, 0; 0.920688155550; 2, 1, 1; 1, 1, 0; 1, 1, 2 / 3, 6, 1 ;
1,115; -1.56739, -0.788657, -3.1556 / -1.56739, -0.788657, -3.1556 / -1.56739, -0.788657, -3.1556; 1, 2, 1, 0; 0.462716408146; 1, 0, 1; 0, 1, 0; 4, 1, 2 ;
0,115; -1.019830, -0.671996, -2.674547 / -1.019830, -0.671996, -2.674547 / -1.019830, -0.671996, -2.674547; 1, 2, 1, 0; 0.985806211613; 1, 0, 1; 0, 1, 0; 1, 1, 2 ;
0,115; -1.559884, -0.790801, -3.156954 / -1.559884, -0.790801, -3.156954 / -1.559884, -0.790801, -3.156954; 1, 2, 1, 0; 0.462717539371; 1, 0, 1; 1, 0, 0; 3, 1, 2 ;
1,116; 0.512784, -0.551304, -3.87882 / 0.512784, -0.551304, -3.87882 / 0.512784, -0.551304, -3.87882; 1, 1, 1, 0; 0.445084220910; 1, 0, 1; 1, 0, 0; 1, 4, 0 / 3, 1, 2 ;
0,116; 1.111742, 0.333967, -2.107875 / 1.111742, 0.333967, -2.107875 / 1.111742, 0.333967, -2.107875; 1, 4, 1, 0; 0.629433431255; 1, 0, 1; 0, 1, 0; 4, 1, 2 ;
1,117; 2.18959, -3.06886, 1.98818 / 2.18959, -3.06886, 1.98818 / 2.18959, -3.06886, 1.98818; 1, 33, 1, 0; 0.043240709558; 1, 0, 1; 1, 0, 0; 3, 1, 2 / 4, 5, 0 ;
1,118; -4.01769, -1.36015, 0.985044 / -4.01769, -1.36015, 0.985044 / -4.01769, -1.36015, 0.985044; 1, 21, 1, 0; 0.642204963883; 1, 0, 1; 0, 1, 0; 4, 1, 2 ;
0,118; -4.015615, -1.356777, 0.983041 / -4.015211, -1.356296, 0.984000 / -4.016019, -1.357258, 0.982081; 1, 21, 1, 0; 0.642205866089; 1, 0, 2; 3, 0, 0; 2, 1, 2 / 2, 5, 3 / 2, 10, 2 / 4, 3, 0 ;
0,118; -4.017437, -1.360034, 0.979866 / -4.017437, -1.360034, 0.979866 / -4.017437, -1.360034, 0.979866; 1, 21, 1, 0; 0.642205109400; 1, 0, 1; 1, 0, 0; 3, 1, 2 ;
1,119; 0.895938, 2.92634, 1.18231 / 0.895938, 2.92634, 1.18231 / 0.895938, 2.92634, 1.18231; 1, 25, 1, 0; 0.941028700013; 1, 0, 1; 1, 0, 0; 3, 1, 2 ;
0,119; 0.972561, 3.860812, 0.524470 / 0.972561, 3.860812, 0.524470 / 0.972561, 3.860812, 0.524470; 1, 26, 1, 0; 0.023203814667; 1, 0, 1; 1, 0, 0; 2, 1, 2 / 4, 6, 0 ;
0,119; 0.698920, -0.833959, 3.575916 / 0.698920, -0.833959, 3.575916 / 0.698920, -0.833959, 3.575916; 1, 44, 1, 0; 0.182037884461; 1, 0, 1; 1, 0, 0; 2, 1, 2 ;
1,121; 3.17271, -0.533851, -1.72701 / 3.17271, -0.533851, -1.72701 / 3.17271, -0.533851, -1.72701; 1, 4, 1, 0; 0.948111344834; 1, 0, 1; 0, 1, 0; 4, 1, 2 ;
0,121; 3.413466, -0.437145, -2.083210 / 3.413995, -0.437007, -2.082710 / 3.412936, -0.437284, -2.083709; 1, 4, 1, 0; 0.535184238204; 1, 0, 2; 2, 0, 0; 2, 6, 2 / 3, 1, 2 / 4, 4, 0 ;
0,121; 2.389686, -0.842600, -0.526979 / 2.389964, -0.842199, -0.526936 / 2.389408, -0.843001, -0.527022; 1, 12, 1, 0; 0.756505575315; 2, 1, 1; 0, 2, 1; 1, 5, 1 / 1, 6, 0 / 1, 10, 0 / 3, 3, 0 / 3, 4, 0 / 3, 5, 0 / 4, 1, 2 / 4, 6, 0 / 4, 7, 0 ;
0,121; 2.384812, -0.838257, -0.532049 / 2.384812, -0.838257, -0.532049 / 2.384812, -0.838257, -0.532049; 1, 12, 1, 0; 0.756507360514; 1, 0, 1; 0, 1, 0; 4, 1, 2 ;
1,123; 1.62822, -0.531661, -0.162449 / 1.62822, -0.531661, -0.162449 / 1.62822, -0.531661, -0.162449; 1, 16, 1, 0; 0.425152486231; 0, 1, 0; 1, 0, 0; 3, 1, 1 ;
1,126; -2.55896, 1.45679, 0.12912 / -2.55896, 1.45679, 0.12912 / -2.55896, 1.45679, 0.12912; 1, 14, 1, 0; 0.753215384388; 1, 0, 1; 0, 1, 0; 1, 1, 2 ;
0,126; -2.683570, 1.336609, 0.147469 / -2.683570, 1.336609, 0.147469 / -2.683570, 1.336609, 0.147469; 1, 14, 1, 0; 0.753658983951; 1, 0, 1; 0, 1, 0; 1, 1, 2 ;
0,126; -2.558631, 1.456753, 0.124830 / -2.558631, 1.456753, 0.124830 / -2.558631, 1.456753, 0.124830; 1, 14, 1, 0; 0.753204569991; 1, 0, 1; 1, 0, 0; 3, 1, 2 ;
1,129; -2.96437, -0.446655, -2.46524 / -2.96379, -0.446083, -2.4644 / -2.96495, -0.447228, -2.46608; 1, 5, 1, 0; 0.413809063116; 1, 0, 2; 2, 0, 0; 2, 1, 2 / 2, 9, 2 ;
1,132; -0.895077, 1.72613, -0.489583 / -0.895077, 1.72613, -0.489583 / -0.895077, 1.72613, -0.489583; 1, 13, 1, 0; 0.425852829408; 0, 1, 0; 1, 0, 0; 3, 1, 1 ;
1,134; 0.850206, 0.877013, -1.1343 / 0.850206, 0.877013, -1.1343 / 0.850206, 0.877013, -1.1343; 1, 11, 1, 0; 0.814407742959; 1, 0, 1; 1, 0, 0; 3, 1, 2 ;
0,134; 3.494914, 2.338040, 1.789687 / 3.494914, 2.338040, 1.789687 / 3.494914, 2.338040, 1.789687; 1, 28, 1, 0; 0.295404124676; 0, 0, 0; 1, 0, 0; 2, 1, 3 ;
1,138; -3.8371, 0.476367, 1.04763 / -3.8371, 0.476367, 1.04763 / -3.8371, 0.476367, 1.04763; 1, 24, 1, 0; 0.257137033900; 1, 0, 1; 1, 0, 0; 3, 1, 2 ;
1,139; 0.402141, 2.40584, 2.90277 / 0.402141, 2.40584, 2.90277 / 0.402141, 2.40584, 2.90277; 1, 39, 1, 0; 0.990487270156; 1, 0, 1; 0, 1, 0; 1, 1, 2 ;
1,140; 1.15951, -0.789664, -0.491404 / 1.15951, -0.789664, -0.491404 / 1.15951, -0.789664, -0.491404; 1, 12, 1, 0; 0.766499315674; 1, 0, 1; 0, 1, 0; 4, 1, 2 ;
1,142; -1.17365, -0.430819, -4.12125 / -1.17365, -0.430819, -4.12125 / -1.17365, -0.430819, -4.12125; 1, 1, 1, 0; 0.215421254853; 1, 0, 1; 1, 0, 0; 3, 1, 2 ;
0,142; -1.172743, -0.431119, -4.118795 / -1.172743, -0.431119, -4.118795 / -1.172743, -0.431119, -4.118795; 1, 1, 1, 0; 0.215421725538; 0, 1, 0; 1, 0, 0; 3, 1, 1 ;
1,143; 0.868853, -1.59178, 0.484642 / 0.868853, -1.59178, 0.484642 / 0.868853, -1.59178, 0.484642; 1, 19, 1, 0; 0.418774242674; 0, 1, 0; 0, 1, 0; 4, 1, 1 ;
1,146; 0.787712, -0.286761, 1.35895 / 0.787712, -0.286761, 1.35895 / 0.787712, -0.286761, 1.35895; 1, 23, 1, 0; 0.768772263926; 1, 0, 1; 1, 0, 0; 2, 1, 2 ;
1,147; -1.5297, -1.04721, 0.0727204 / -1.5297, -1.04721, 0.0727204 / -1.5297, -1.04721, 0.0727204; 1, 16, 1, 0; 0.863861613840; 1, 0, 1; 1, 0, 0; 2, 1, 2 ;
1,148; -1.06595, 1.15431, -2.41841 / -1.06595, 1.15431, -2.41841 / -1.06595, 1.15431, -2.41841; 1, 6, 1, 0; 0.235834938409; 1, 0, 1; 1, 0, 0; 2, 1, 2 ;
0,148; 0.375649, -2.414776, -0.765936 / 0.375649, -2.414776, -0.765936 / 0.375649, -2.414776, -0.765936; 1, 9, 1, 0; 0.528319237723; 1, 0, 1; 1, 0, 0; 2, 1, 0 / 3, 1, 2 / 4, 9, 0 ;
1,149; 0.935214, -0.570298, 3.58957 / 0.935232, -0.570199, 3.5896 / 0.935196, -0.570398, 3.58955; 1, 44, 1, 0; 0.387474752277; 2, 1, 1; 1, 1, 0; 1, 1, 2 / 2, 1, 1 ;
0,149; 1.147789, 0.515830, 3.882472 / 1.147789, 0.515830, 3.882472 / 1.147789, 0.515830, 3.882472; 1, 46, 1, 0; 0.269424344579; 1, 0, 1; 1, 0, 0; 3, 1, 2 ;
1,151; -0.511532, 3.4899, 0.465211 / -0.511532, 3.4899, 0.465211 / -0.511532, 3.4899, 0.465211; 1, 25, 1, 0; 0.198750829369; 1, 0, 1; 0, 1, 0; 4, 1, 2 ;
0,151; -0.516161, 3.489897, 0.460935 / -0.516161, 3.489897, 0.460935 / -0.516161, 3.489897, 0.460935; 1, 25, 1, 0; 0.198736033603; 1, 0, 1; 1, 0, 0; 2, 1, 2 ;
0,151; 1.986975, 0.858983, 1.821250 / 1.986975, 0.858983, 1.821250 / 1.986975, 0.858983, 1.821250; 1, 27, 1, 0; 0.487836948594; 1, 0, 1; 1, 0, 0; 2, 1, 2 ;
1,153; 0.394903, 0.630683, 0.640378 / 0.394903, 0.630683, 0.640378 / 0.394903, 0.630683, 0.640378; 1, 23, 1, 0; 0.138561666511; 1, 0, 1; 1, 0, 0; 3, 1, 2 ;
0,153; 0.398724, 0.627460, 0.636759 / 0.398724, 0.627460, 0.636759 / 0.398724, 0.627460, 0.636759; 1, 23, 1, 0; 0.138562405502; 1, 0, 1; 1, 0, 0; 2, 1, 2 ;
1,154; 1.02547, -2.23284, 2.36096 / 1.02547, -2.23284, 2.36096 / 1.02547, -2.23284, 2.36096; 1, 33, 1, 0; 0.659249580287; 1, 0, 1; 0, 1, 0; 4, 1, 2 ;
1,155; -2.49204, 1.66454, 1.45429 / -2.49164, 1.66514, 1.45463 / -2.49245, 1.66393, 1.45394; 1, 24, 1, 0; 0.516515506230; 2, 1, 1; 1, 1, 0; 2, 1, 2 / 4, 4, 1 ;
0,155; -2.492336, 1.662551, 1.459171 / -2.492336, 1.662551, 1.459171 / -2.492336, 1.662551, 1.459171; 1, 24, 1, 0; 0.516529066700; 0, 1, 0; 0, 1, 0; 1, 1, 1 / 4, 5, 0 ;
1,157; 3.3122, 2.8886, -0.229612 / 3.3122, 2.8886, -0.229612 / 3.3122, 2.8886, -0.229612; 1, 20, 1, 0; 0.063441295488; 1, 0, 1; 1, 0, 0; 2, 1, 2 ;
1,158; 2.60375, -1.18664, -3.33918 / 2.60375, -1.18664, -3.33918 / 2.60375, -1.18664, -3.33918; 1, 3, 1, 0; 0.154372401343; 1, 0, 1; 1, 0, 0; 3, 1, 2 ;
0,158; 2.600201, -1.189900, -3.343381 / 2.600201, -1.189900, -3.343381 / 2.600201, -1.189900, -3.343381; 1, 3, 1, 0; 0.154373138779; 1, 0, 1; 1, 0, 0; 3, 1, 2 ;
1,159; -0.487108, 2.89783, 2.37736 / -0.487108, 2.89783, 2.37736 / -0.487108, 2.89783, 2.37736; 1, 31, 1, 0; 0.288971687222; 0, 1, 0; 1, 0, 0; 3, 1, 1 ;
1,162; -1.47779, -3.89572, -0.407138 / -1.47779, -3.89572, -0.407138 / -1.47779, -3.89572, -0.407138; 1, 9, 1, 0; 0.835711566078; 0, 1, 0; 0, 1, 0; 1, 1, 1 ;
0,162; -1.829317, -3.645102, 0.484834 / -1.828707, -3.644811, 0.485111 / -1.829926, -3.645393, 0.484556; 1, 18, 1, 0; 0.183774832682; 2, 1, 1; 1, 1, 0; 1, 6, 1 / 3, 1, 2 ;
0,162; -1.770703, -3.684486, 0.340404 / -1.770703, -3.684486, 0.340404 / -1.770703, -3.684486, 0.340404; 1, 18, 1, 0; 0.184023250169; 1, 0, 1; 1, 0, 0; 3, 1, 2 ;
1,164; 0.397831, -0.513111, -3.58789 / 0.397831, -0.513111, -3.58789 / 0.397831, -0.513111, -3.58789; 1, 1, 1, 0; 0.779607911774; 1, 0, 1; 0, 1, 0; 4, 1, 2 ;
1,166; 0.0810987, 2.27044, 3.23161 / 0.0810987, 2.27044, 3.23161 / 0.0810987, 2.27044, 3.23161; 1, 43, 1, 0; 0.055885958344; 1, 0, 1; 0, 1, 0; 1, 1, 2 ;
0,166; 1.035979, 1.075982, 3.960706 / 1.036269, 1.076412, 3.960718 / 1.035689, 1.075552, 3.960693; 1, 46, 1, 0; 0.355538961211; 2, 1, 1; 1, 1, 0; 2, 1, 2 / 4, 6, 1 ;
1,170; 2.78055, -0.48449, -0.0925751 / 2.78055, -0.48449, -0.0925751 / 2.78055, -0.48449, -0.0925751; 1, 16, 1, 0; 0.434010517123; 1, 0, 1; 1, 0, 0; 2, 1, 2 ;
1,171; 0.432462, 2.35963, -0.642582 / 0.432462, 2.35963, -0.642582 / 0.432462, 2.35963, -0.642582; 1, 7, 1, 0; 0.860886752760; 1, 0, 1; 0, 1, 0; 4, 1, 2 ;
0,171; 1.293075, 2.501721, -0.289248 / 1.293075, 2.501721, -0.289248 / 1.293075, 2.501721, -0.289248; 1, 20, 1, 0; 0.034392685763; 0, 1, 0; 1, 0, 0; 3, 1, 1 ;
1,175; -0.570789, -3.64916, -2.2907 / -0.570789, -3.64916, -2.2907 / -0.570789, -3.64916, -2.2907; 1, 5, 1, 0; 0.599489066370; 1, 0, 1; 1, 0, 0; 2, 1, 2 ;
0,175; 0.105561, -2.221749, -0.787036 / 0.105561, -2.221749, -0.787036 / 0.105561, -2.221749, -0.787036; 1, 9, 1, 0; 0.531147978494; 1, 0, 1; 0, 1, 0; 1, 1, 2 ;
0,175; 1.695087, 1.794363, 3.799747 / 1.695087, 1.794363, 3.799747 / 1.695087, 1.794363, 3.799747; 1, 46, 1, 0; 0.435826327558; 1, 0, 1; 1, 0, 0; 3, 1, 2 ;
1,177; -2.11406, 0.344045, -0.596102 / -2.11406, 0.344045, -0.596102 / -2.11406, 0.344045, -0.596102; 1, 10, 1, 0; 0.695440694626; 0, 1, 0; 0, 1, 0; 1, 1, 1 ;
0,177; -1.006642, 1.919721, 1.639531 / -1.006642, 1.919721, 1.639531 / -1.006642, 1.919721, 1.639531; 1, 29, 1, 0; 0.335762163879; 1, 0, 1; 0, 1, 0; 4, 1, 2 ;
1,178; 1.01581, -0.829205, -0.427387 / 1.01581, -0.829205, -0.427387 / 1.01581, -0.829205, -0.427387; 1, 12, 1, 0; 0.766182414185; 1, 0, 1; 1, 0, 0; 3, 1, 2 ;
1,179; -0.48003, -1.60706, -2.18208 / -0.479803, -1.60604, -2.18169 / -0.480258, -1.60808, -2.18247; 1, 5, 1, 0; 0.486252601203; 1, 0, 2; 2, 0, 0; 2, 9, 2 / 3, 1, 2 / 3, 4, 0 / 3, 8, 0 ;
1,183; -0.924145, 2.91433, 1.099 / -0.924145, 2.91433, 1.099 / -0.924145, 2.91433, 1.099; 1, 25, 1, 0; 0.956856431357; 1, 0, 1; 1, 0, 0; 2, 1, 2 ;
1,186; 0.292932, -2.35205, -1.04776 / 0.292932, -2.35205, -1.04776 / 0.292932, -2.35205, -1.04776; 1, 8, 1, 0; 0.804251504171; 1, 0, 1; 1, 0, 0; 3, 1, 2 ;
1,187; -1.45423, -1.84313, 0.00429865 / -1.45423, -1.84313, 0.00429865 / -1.45423, -1.84313, 0.00429865; 1, 16, 1, 0; 0.912494434711; 1, 0, 1; 1, 0, 0; 2, 1, 2 ;
1,190; 0.757828, 0.854053, 0.287195 / 0.757828, 0.854053, 0.287195 / 0.757828, 0.854053, 0.287195; 1, 16, 1, 0; 0.590576365672; 1, 0, 1; 0, 1, 0; 4, 1, 2 ;
0,190; 0.755957, 0.853210, 0.284999 / 0.755957, 0.853210, 0.284999 / 0.755957, 0.853210, 0.284999; 1, 16, 1, 0; 0.590575521838; 1, 0, 1; 1, 0, 0; 2, 1, 2 ;
1,191; -2.07546, -2.67986, -2.95462 / -2.07546, -2.67986, -2.95462 / -2.07546, -2.67986, -2.95462; 1, 5, 1, 0; 0.198857769204; 1, 0, 1; 1, 0, 0; 1, 7, 0 / 3, 1, 2 / 4, 2, 0 ;
1,192; 2.04081, -2.0289, 1.05132 / 2.04081, -2.0289, 1.05132 / 2.04081, -2.0289, 1.05132; 1, 22, 1, 0; 0.243253691771; 1, 0, 1; 1, 0, 0; 2, 1, 2 ;
1,193; 1.18081, -1.43786, -3.27727 / 1.18081, -1.43786, -3.27727 / 1.18081, -1.43786, -3.27727; 1, 3, 1, 0; 0.131141950459; 0, 1, 0; 1, 0, 0; 3, 1, 1 / 4, 1, 0 / 4, 2, 0 ;
1,194; 2.70755, -2.9684, 2.30829 / 2.70755, -2.9684, 2.30829 / 2.70755, -2.9684, 2.30829; 1, 33, 1, 0; 0.723783093729; 1, 0, 1; 1, 0, 0; 3, 1, 2 ;
0,194; 2.704687, -2.963478, 2.308926 / 2.704687, -2.963478, 2.308926 / 2.704687, -2.963478, 2.308926; 1, 33, 1, 0; 0.723804409919; 1, 0, 1; 1, 0, 0; 3, 1, 2 ;
1,195; -3.77005, 2.11861, 0.216965 / -3.77005, 2.11861, 0.216965 / -3.77005, 2.11861, 0.216965; 1, 14, 1, 0; 0.716796741032; 0, 1, 0; 0, 1, 0; 1, 1, 1 ;
1,197; 1.94286, -0.42972, 2.11205 / 1.94286, -0.42972, 2.11205 / 1.94286, -0.42972, 2.11205; 1, 28, 1, 0; 0.838401301347; 1, 0, 1; 1, 0, 0; 3, 1, 2 ;
0,197; -1.822159, 1.557311, 1.978959 / -1.822159, 1.557311, 1.978959 / -1.822159, 1.557311, 1.978959; 1, 29, 1, 0; 0.839541850289; 1, 0, 1; 1, 0, 0; 3, 1, 2 ;
1,198; 1.18962, 0.256358, -1.01314 / 1.18972, 0.25663, -1.01306 / 1.18953, 0.256085, -1.01323; 1, 11, 1, 0; 0.739160670228; 2, 1, 1; 1, 1, 0; 1, 2, 1 / 2, 1, 2 ;
0,198; 1.210678, 0.433665, -1.302920 / 1.210678, 0.433665, -1.302920 / 1.210678, 0.433665, -1.302920; 1, 11, 1, 0; 0.365965020392; 1, 0, 1; 1, 0, 0; 2, 1, 2 ;
0,198; 1.208230, 0.432026, -1.302764 / 1.208230, 0.432026, -1.302764 / 1.208230, 0.432026, -1.302764; 1, 11, 1, 0; 0.365965089054; 1, 0, 1; 1, 0, 0; 3, 1, 2 ;
0,198; 1.213068, 0.434371, -1.297363 / 1.213068, 0.434371, -1.297363 / 1.213068, 0.434371, -1.297363; 1, 11, 1, 0; 0.365975102191; 1, 0, 1; 1, 0, 0; 2, 1, 2 ;
0,198; 0.936709, -1.673550, 2.253207 / 0.936709, -1.673550, 2.253207 / 0.936709, -1.673550, 2.253207; 1, 33, 1, 0; 0.508396433748; 1, 0, 1; 0, 1, 0; 1, 1, 2 ;
1,199; -2.12304, 3.23153, 0.517694 / -2.12287, 3.23155, 0.517726 / -2.12321, 3.23152, 0.517662; 1, 25, 1, 0; 0.146825819725; 2, 1, 1; 2, 0, 0; 3, 1, 1 / 3, 2, 2 / 3, 9, 0 ;
0,199; 2.396729, 2.917157, 1.052207 / 2.396729, 2.917157, 1.052207 / 2.396729, 2.917157, 1.052207; 1, 26, 1, 0; 0.424716488792; 0, 1, 0; 1, 0, 0; 2, 1, 1 ;
