1,5; -1.3014, 2.55878, 1.13793 / -1.30138, 2.55897, 1.13807 / -1.30142, 2.5586, 1.13779; 1, 25, 1, 0; 0.911803454631; 2, 2, 1; 1, 2, 1; 1, 6, 1 / 2, 6, 1 / 3, 2, 0 / 4, 1, 1 / 4, 9, 0 ;
0,5; -1.301427, 2.559305, 1.138265 / -1.301421, 2.559673, 1.138489 / -1.301433, 2.558936, 1.138041; 1, 25, 1, 0; 0.911803497493; 0, 1, 0; 1, 2, 1; 1, 1, 1 / 2, 1, 1 / 4, 4, 0 / 4, 6, 1 / 4, 9, 0 ;
1,8; 1.44148, -0.0829391, -1.7227 / 1.44172, -0.0827443, -1.72263 / 1.44124, -0.0831338, -1.72277; 1, 4, 1, 0; 0.925607216399; 2, 1, 1; 1, 1, 0; 1, 2, 2 / 2, 1, 1 ;
0,8; 0.665682, -3.039527, -0.153926 / 0.665682, -3.039527, -0.153926 / 0.665682, -3.039527, -0.153926; 1, 15, 1, 0; 0.378821190155; 1, 0, 1; 0, 1, 0; 1, 1, 2 ;
1,10; -0.76261, -2.1543, -2.71126 / -0.762472, -2.15393, -2.71061 / -0.762748, -2.15467, -2.71191; 1, 5, 1, 0; 0.312318249051; 2, 1, 1; 1, 1, 0; 1, 6, 1 / 3, 1, 2 ;
0,10; -0.760939, -2.154254, -2.714650 / -0.760939, -2.154254, -2.714650 / -0.760939, -2.154254, -2.714650; 1, 5, 1, 0; 0.312309275329; 1, 0, 1; 0, 1, 0; 4, 1, 2 ;
1,12; 0.103923, 2.33256, -1.52229 / 0.103923, 2.33256, -1.52229 / 0.103923, 2.33256, -1.52229; 1, 7, 1, 0; 0.394910992339; 1, 0, 1; 1, 0, 0; 3, 1, 2 ;
0,12; -2.607513, -3.374600, -1.096287 / -2.607513, -3.374600, -1.096287 / -2.607513, -3.374600, -1.096287; 1, 9, 1, 0; 0.319374829685; 1, 0, 1; 1, 0, 0; 3, 1, 2 ;
1,16; 2.19099, 1.38644, 0.17265 / 2.19142, 1.38744, 0.173573 / 2.19057, 1.38543, 0.171727; 1, 20, 1, 0; 0.362395848700; 2, 1, 2; 1, 2, 1; 1, 1, 1 / 3, 2, 2 / 4, 8, 2 ;
0,16; 2.183379, 1.328219, 0.189262 / 2.183379, 1.328219, 0.189262 / 2.183379, 1.328219, 0.189262; 1, 20, 1, 0; 0.362336248962; 1, 0, 1; 0, 1, 0; 1, 1, 2 ;
0,16; 2.193883, 1.388547, 0.171829 / 2.194781, 1.388653, 0.171849 / 2.192985, 1.388441, 0.171808; 1, 20, 1, 0; 0.362395949937; 1, 0, 2; 2, 0, 0; 2, 1, 2 / 2, 10, 0 / 3, 8, 2 / 3, 9, 0 ;
1,19; 1.2415, -2.59724, 0.712413 / 1.2415, -2.59724, 0.712413 / 1.2415, -2.59724, 0.712413; 1, 18, 1, 0; 0.612683743015; 1, 0, 1; 1, 0, 0; 2, 1, 2 ;
0,19; 1.242198, -2.596978, 0.709026 / 1.242198, -2.596978, 0.709026 / 1.242198, -2.596978, 0.709026; 1, 18, 1, 0; 0.612683840658; 1, 0, 1; 1, 0, 0; 2, 1, 2 ;
0,19; 1.243803, -2.595236, 0.713961 / 1.243803, -2.595236, 0.713961 / 1.243803, -2.595236, 0.713961; 1, 18, 1, 0; 0.612684538107; 1, 0, 1; 1, 0, 0; 3, 1, 2 ;
1,24; 0.697983, -2.83171, -1.63628 / 0.697983, -2.83171, -1.63628 / 0.697983, -2.83171, -1.63628; 1, 8, 1, 0; 0.333197418440; 1, 0, 1; 0, 1, 0; 1, 1, 2 / 2, 4, 0 ;
0,24; 0.727126, -2.848310, -1.697257 / 0.727126, -2.848310, -1.697257 / 0.727126, -2.848310, -1.697257; 1, 8, 1, 0; 0.333156218008; 1, 0, 1; 1, 0, 0; 3, 1, 2 ;
0,24; -1.117708, -1.878671, 2.087423 / -1.117708, -1.878671, 2.087423 / -1.117708, -1.878671, 2.087423; 1, 32, 1, 0; 0.247273438292; 1, 0, 1; 1, 0, 0; 3, 1, 2 ;
0,24; -1.406972, -1.737084, 2.719496 / -1.406972, -1.737084, 2.719496 / -1.406972, -1.737084, 2.719496; 1, 34, 1, 0; 0.364297950203; 1, 0, 1; 1, 0, 0; 2, 1, 2 ;
0,24; -1.408751, -1.736403, 2.718809 / -1.408751, -1.736403, 2.718809 / -1.408751, -1.736403, 2.718809; 1, 34, 1, 0; 0.364298112351; 1, 0, 1; 1, 0, 0; 2, 1, 2 ;
0,24; -1.970091, -1.421878, 3.856714 / -1.970091, -1.421878, 3.856714 / -1.970091, -1.421878, 3.856714; 1, 45, 1, 0; 0.754012275328; 0, 0, 0; 1, 0, 0; 3, 1, 3 ;
1,26; -0.0405297, 0.57125, -3.83854 / -0.0405297, 0.57125, -3.83854 / -0.0405297, 0.57125, -3.83854; 1, 1, 1, 0; 0.517653241475; 1, 0, 1; 0, 1, 0; 4, 1, 2 ;
1,28; 2.03651, -1.66886, -2.03556 / 2.03651, -1.66886, -2.03556 / 2.03651, -1.66886, -2.03556; 1, 8, 1, 0; 0.067308487279; 1, 0, 1; 1, 0, 0; 2, 1, 2 ;
1,30; -3.95184, -1.17662, -1.10002 / -3.95184, -1.17662, -1.10002 / -3.95184, -1.17662, -1.10002; 1, 10, 1, 0; 0.110868726453; 1, 0, 1; 1, 0, 0; 3, 1, 2 ;
0,30; -2.772393, -1.362252, -0.833041 / -2.772393, -1.362252, -0.833041 / -2.772393, -1.362252, -0.833041; 1, 10, 1, 0; 0.463502988897; 1, 0, 1; 1, 0, 0; 3, 1, 2 ;
0,30; 3.009495, -2.413588, 0.760101 / 3.010386, -2.412503, 0.760297 / 3.008603, -2.414673, 0.759906; 1, 19, 1, 0; 0.911875504378; 2, 2, 1; 1, 3, 1; 1, 1, 1 / 1, 6, 1 / 3, 7, 3 / 4, 7, 2 ;
0,30; 2.994187, -2.413388, 0.758780 / 2.995153, -2.413278, 0.759109 / 2.993221, -2.413499, 0.758452; 1, 19, 1, 0; 0.911871324731; 2, 1, 1; 0, 2, 1; 1, 1, 1 / 4, 2, 2 ;
0,30; 3.008372, -2.411997, 0.756533 / 3.008372, -2.411997, 0.756533 / 3.008372, -2.411997, 0.756533; 1, 19, 1, 0; 0.911862003685; 1, 0, 1; 1, 0, 0; 2, 1, 2 ;
0,30; 2.985951, -2.410951, 0.759761 / 2.985951, -2.410951, 0.759761 / 2.985951, -2.410951, 0.759761; 1, 19, 1, 0; 0.911870941476; 1, 0, 1; 1, 0, 0; 3, 1, 2 ;
0,30; 3.014243, -2.409544, 0.761958 / 3.014243, -2.409544, 0.761958 / 3.014243, -2.409544, 0.761958; 1, 19, 1, 0; 0.911875330828; 1, 0, 1; 1, 0, 0; 3, 1, 2 ;
1,33; 2.32784, -1.22435, -0.567225 / 2.32784, -1.22435, -0.567225 / 2.32784, -1.22435, -0.567225; 1, 12, 1, 0; 0.718973012593; 1, 0, 1; 1, 0, 0; 3, 1, 2 ;
0,33; 0.204664, 1.665448, 0.441734 / 0.204664, 1.665448, 0.441734 / 0.204664, 1.665448, 0.441734; 1, 17, 1, 0; 0.969834781238; 1, 0, 1; 1, 0, 0; 2, 1, 2 ;
1,37; -0.813748, 0.177717, -2.75632 / -0.813748, 0.177717, -2.75632 / -0.813748, 0.177717, -2.75632; 1, 2, 1, 0; 0.897733443766; 0, 1, 0; 0, 1, 0; 1, 1, 1 ;
0,37; -0.713161, 0.072835, -2.666633 / -0.713161, 0.072835, -2.666633 / -0.713161, 0.072835, -2.666633; 1, 2, 1, 0; 0.898090907005; 1, 0, 1; 0, 1, 0; 1, 1, 2 ;
0,37; -0.797256, 0.098036, -2.696160 / -0.797256, 0.098036, -2.696160 / -0.797256, 0.098036, -2.696160; 1, 2, 1, 0; 0.898844504776; 1, 0, 1; 1, 0, 0; 3, 1, 2 ;
0,37; 1.253870, -2.777545, 0.104732 / 1.253870, -2.777545, 0.104732 / 1.253870, -2.777545, 0.104732; 1, 15, 1, 0; 0.753299968390; 1, 0, 1; 1, 0, 0; 2, 1, 2 ;
1,38; 0.69842, 1.48844, -3.83571 / 0.69842, 1.48844, -3.83571 / 0.69842, 1.48844, -3.83571; 1, 1, 1, 0; 0.596636345082; 0, 1, 0; 0, 1, 0; 1, 1, 1 / 4, 1, 0 ;
0,38; -0.085135, 0.369919, -1.998691 / -0.085135, 0.369919, -1.998691 / -0.085135, 0.369919, -1.998691; 1, 4, 1, 0; 0.622700673364; 1, 0, 1; 1, 0, 0; 3, 1, 2 ;
0,38; -1.437225, -1.596237, 1.109879 / -1.437225, -1.596237, 1.109879 / -1.437225, -1.596237, 1.109879; 1, 21, 1, 0; 0.671583532692; 1, 0, 1; 1, 0, 0; 2, 1, 2 ;
1,41; -2.33636, 3.03413, -0.952368 / -2.33636, 3.03413, -0.952368 / -2.33636, 3.03413, -0.952368; 1, 7, 1, 0; 0.728604861416; 1, 0, 1; 0, 1, 0; 1, 1, 2 ;
0,41; -2.328128, 3.031649, -0.952462 / -2.327825, 3.031795, -0.952156 / -2.328431, 3.031503, -0.952767; 1, 7, 1, 0; 0.728605633572; 1, 0, 1; 2, 0, 0; 2, 1, 3 / 3, 3, 2 ;
1,44; 1.46691, -3.81561, 0.793974 / 1.46791, -3.81523, 0.794752 / 1.46591, -3.81598, 0.793195; 1, 18, 1, 0; 0.785488270298; 1, 0, 2; 1, 1, 0; 1, 10, 2 / 3, 1, 2 / 4, 3, 0 ;
0,44; 1.465819, -3.815415, 0.794861 / 1.465912, -3.815234, 0.794970 / 1.465725, -3.815595, 0.794752; 1, 18, 1, 0; 0.785488263323; 0, 1, 0; 2, 0, 0; 3, 1, 1 / 3, 2, 2 / 4, 4, 0 ;
0,44; 1.059265, -2.047496, 1.148203 / 1.059265, -2.047496, 1.148203 / 1.059265, -2.047496, 1.148203; 1, 22, 1, 0; 0.252605667313; 1, 0, 1; 1, 0, 0; 3, 1, 2 ;
0,44; 0.716281, -0.657290, 1.428361 / 0.716281, -0.657290, 1.428361 / 0.716281, -0.657290, 1.428361; 1, 23, 1, 0; 0.876478431094; 1, 0, 1; 0, 1, 0; 4, 1, 2 ;
1,51; 2.99127, -2.57141, 0.799274 / 2.99127, -2.57141, 0.799274 / 2.99127, -2.57141, 0.799274; 1, 19, 1, 0; 0.930970480703; 1, 0, 1; 1, 0, 0; 1, 3, 0 / 3, 1, 2 ;
0,51; 3.008202, -2.570542, 0.805851 / 3.008202, -2.570542, 0.805851 / 3.008202, -2.570542, 0.805851; 1, 19, 1, 0; 0.930978181955; 1, 0, 1; 1, 0, 0; 2, 1, 2 ;
0,51; 2.887257, -2.541737, 0.775266 / 2.887257, -2.541737, 0.775266 / 2.887257, -2.541737, 0.775266; 1, 19, 1, 0; 0.931243531671; 1, 0, 1; 1, 0, 0; 2, 1, 2 ;
1,56; 1.69672, 4.07187, -1.19233 / 1.69672, 4.07187, -1.19233 / 1.69672, 4.07187, -1.19233; 1, 13, 1, 0; 0.126111673271; 1, 0, 1; 1, 0, 0; 2, 1, 2 / 4, 4, 0 ;
0,56; 1.695287, 4.075025, -1.196205 / 1.695287, 4.075025, -1.196205 / 1.695287, 4.075025, -1.196205; 1, 13, 1, 0; 0.126112473426; 1, 0, 1; 1, 0, 0; 2, 1, 2 ;
1,57; 2.23323, -2.0633, -1.32463 / 2.23356, -2.0632, -1.324 / 2.2329, -2.06341, -1.32526; 1, 8, 1, 0; 0.629852911848; 2, 1, 1; 1, 1, 0; 1, 6, 1 / 3, 1, 2 ;
1,61; -1.99918, -3.11137, -1.09247 / -1.99918, -3.11137, -1.09247 / -1.99918, -3.11137, -1.09247; 1, 9, 1, 0; 0.316428912059; 1, 0, 1; 0, 1, 0; 4, 1, 2 ;
1,68; 0.171223, -1.57258, 2.619 / 0.171223, -1.57258, 2.619 / 0.171223, -1.57258, 2.619; 1, 34, 1, 0; 0.391317649906; 1, 0, 1; 0, 1, 0; 4, 1, 2 ;
0,68; 0.166576, -1.572435, 2.617124 / 0.166576, -1.572435, 2.617124 / 0.166576, -1.572435, 2.617124; 1, 34, 1, 0; 0.391340512736; 1, 0, 1; 1, 0, 0; 2, 1, 2 ;
0,68; 0.312823, -0.295242, 2.914894 / 0.312823, -0.295242, 2.914894 / 0.312823, -0.295242, 2.914894; 1, 37, 1, 0; 0.825784333535; 1, 0, 1; 0, 1, 0; 4, 1, 2 ;
0,68; 0.317868, -0.297941, 2.916489 / 0.317868, -0.297941, 2.916489 / 0.317868, -0.297941, 2.916489; 1, 37, 1, 0; 0.825782267002; 1, 0, 1; 1, 0, 0; 2, 1, 2 ;
1,71; 1.96683, 0.831202, 3.75234 / 1.96683, 0.831202, 3.75234 / 1.96683, 0.831202, 3.75234; 1, 46, 1, 0; 0.285406436086; 1, 0, 1; 1, 0, 0; 3, 1, 2 ;
1,72; 2.58979, 1.83216, 1.41364 / 2.58979, 1.83216, 1.41364 / 2.58979, 1.83216, 1.41364; 1, 26, 1, 0; 0.694180635206; 1, 0, 1; 1, 0, 0; 2, 1, 2 ;
1,73; -2.71295, 0.209563, -0.479574 / -2.71295, 0.209563, -0.479574 / -2.71295, 0.209563, -0.479574; 1, 10, 1, 0; 0.679840893165; 1, 0, 1; 0, 1, 0; 4, 1, 2 ;
0,73; -0.639474, -0.964203, 2.364242 / -0.639474, -0.964203, 2.364242 / -0.639474, -0.964203, 2.364242; 1, 33, 1, 0; 0.386131529253; 1, 0, 1; 0, 1, 0; 1, 4, 0 / 4, 1, 2 ;
1,76; 2.99084, 1.65541, -2.68619 / 2.99172, 1.65546, -2.68571 / 2.98996, 1.65535, -2.68667; 1, 4, 1, 0; 0.076387794823; 2, 1, 1; 2, 0, 0; 2, 1, 1 / 3, 9, 2 ;
1,79; -0.560887, -4.13966, -0.613003 / -0.560887, -4.13966, -0.613003 / -0.560887, -4.13966, -0.613003; 1, 9, 1, 0; 0.798322573738; 0, 1, 0; 1, 0, 0; 3, 1, 1 ;
1,80; 1.20556, 0.608101, 0.83012 / 1.20556, 0.608101, 0.83012 / 1.20556, 0.608101, 0.83012; 1, 23, 1, 0; 0.150420862283; 1, 0, 1; 0, 1, 0; 1, 1, 2 ;
0,80; 1.205966, 0.611044, 0.824473 / 1.205966, 0.611044, 0.824473 / 1.205966, 0.611044, 0.824473; 1, 23, 1, 0; 0.150408292061; 1, 0, 1; 1, 0, 0; 1, 9, 0 / 2, 1, 2 ;
0,80; 1.205391, 0.611435, 0.821093 / 1.205391, 0.611435, 0.821093 / 1.205391, 0.611435, 0.821093; 1, 23, 1, 0; 0.150408417689; 1, 0, 1; 1, 0, 0; 3, 1, 2 ;
1,82; 0.287674, -0.476013, -0.443157 / 0.287674, -0.476013, -0.443157 / 0.287674, -0.476013, -0.443157; 1, 16, 1, 0; 0.181129874148; 1, 0, 1; 0, 1, 0; 1, 1, 2 ;
1,83; 1.40223, -3.79954, 0.976897 / 1.40223, -3.79954, 0.976897 / 1.40223, -3.79954, 0.976897; 1, 18, 1, 0; 0.882946730218; 1, 0, 1; 1, 0, 0; 2, 1, 2 ;
0,83; 0.457661, -3.850804, 2.199396 / 0.457661, -3.850804, 2.199396 / 0.457661, -3.850804, 2.199396; 1, 32, 1, 0; 0.691759750074; 1, 0, 1; 0, 1, 0; 4, 1, 2 ;
0,83; 0.458079, -3.852789, 2.198027 / 0.458079, -3.852789, 2.198027 / 0.458079, -3.852789, 2.198027; 1, 32, 1, 0; 0.691761094000; 1, 0, 1; 1, 0, 0; 2, 1, 2 ;
1,84; 1.59739, 3.21896, 0.515274 / 1.59739, 3.21896, 0.515274 / 1.59739, 3.21896, 0.515274; 1, 20, 1, 0; 0.544089834926; 0, 1, 0; 0, 1, 0; 1, 1, 1 ;
0,84; 1.527336, 2.445420, 0.825379 / 1.527336, 2.445420, 0.825379 / 1.527336, 2.445420, 0.825379; 1, 20, 1, 0; 0.711603943041; 0, 1, 0; 0, 1, 0; 4, 1, 1 ;
0,84; 1.152810, -1.174439, 2.265655 / 1.152810, -1.174439, 2.265655 / 1.152810, -1.174439, 2.265655; 1, 33, 1, 0; 0.350552013251; 1, 0, 1; 1, 0, 0; 2, 1, 2 ;
1,91; -2.15639, -1.67124, -3.63781 / -2.15639, -1.67124, -3.63781 / -2.15639, -1.67124, -3.63781; 1, 1, 1, 0; 0.901145927272; 1, 0, 1; 1, 0, 0; 2, 1, 2 ;
0,91; -0.042269, -1.154185, 0.123064 / -0.042269, -1.154185, 0.123064 / -0.042269, -1.154185, 0.123064; 1, 16, 1, 0; 0.854305269813; 1, 0, 1; 1, 0, 0; 3, 1, 2 / 4, 3, 0 / 4, 9, 0 ;
0,91; -0.053949, -1.157303, 0.129049 / -0.053949, -1.157303, 0.129049 / -0.053949, -1.157303, 0.129049; 1, 16, 1, 0; 0.854306314560; 1, 0, 1; 1, 0, 0; 2, 1, 2 ;
0,91; -0.044175, -1.155533, 0.131542 / -0.044175, -1.155533, 0.131542 / -0.044175, -1.155533, 0.131542; 1, 16, 1, 0; 0.854317498714; 1, 0, 1; 1, 0, 0; 3, 1, 2 ;
1,94; 1.15263, -2.56932, -0.535934 / 1.15263, -2.56932, -0.535934 / 1.15263, -2.56932, -0.535934; 1, 9, 1, 0; 0.957488569958; 1, 0, 1; 1, 0, 0; 3, 1, 2 ;
0,94; -1.054880, -1.314672, 2.535358 / -1.054880, -1.314672, 2.535358 / -1.054880, -1.314672, 2.535358; 1, 34, 1, 0; 0.526098600790; 1, 0, 1; 1, 0, 0; 3, 1, 2 ;
1,97; -2.33583, 1.37918, -1.93825 / -2.33561, 1.37987, -1.9381 / -2.33606, 1.37848, -1.93839; 1, 6, 1, 0; 0.436271759193; 2, 1, 1; 0, 2, 0; 2, 1, 0 / 2, 2, 0 / 2, 3, 0 / 3, 3, 0 / 4, 1, 2 / 4, 10, 1 ;
0,97; -3.206612, 2.103305, -2.397709 / -3.206612, 2.103305, -2.397709 / -3.206612, 2.103305, -2.397709; 1, 6, 1, 0; 0.182009917653; 1, 0, 1; 1, 0, 0; 3, 1, 2 ;
1,98; -1.14817, -0.380667, -0.729882 / -1.14817, -0.380667, -0.729882 / -1.14817, -0.380667, -0.729882; 1, 16, 1, 0; 0.064200962507; 1, 0, 1; 0, 1, 0; 4, 1, 2 ;
1,101; 0.81039, 1.72608, -1.45495 / 0.81039, 1.72608, -1.45495 / 0.81039, 1.72608, -1.45495; 1, 7, 1, 0; 0.472923057413; 1, 0, 1; 0, 1, 0; 1, 1, 2 ;
1,104; -1.0602, 0.336174, 1.63083 / -1.0602, 0.336174, 1.63083 / -1.0602, 0.336174, 1.63083; 1, 30, 1, 0; 0.174489013836; 0, 1, 0; 0, 1, 0; 4, 1, 1 ;
0,104; -1.042928, 0.334368, 1.608007 / -1.042928, 0.334368, 1.608007 / -1.042928, 0.334368, 1.608007; 1, 30, 1, 0; 0.174458504292; 1, 0, 1; 1, 0, 0; 3, 1, 2 ;
1,108; 0.0468056, 3.1159, 1.88561 / 0.0468056, 3.1159, 1.88561 / 0.0468056, 3.1159, 1.88561; 1, 30, 1, 0; 0.980218164674; 1, 0, 1; 0, 1, 0; 1, 1, 2 ;
0,108; 0.049170, 3.114564, 1.882499 / 0.049170, 3.114564, 1.882499 / 0.049170, 3.114564, 1.882499; 1, 30, 1, 0; 0.980218018555; 0, 1, 0; 1, 0, 0; 2, 2, 0 / 3, 1, 1 ;
0,108; 0.059150, 3.141515, 1.952171 / 0.059150, 3.141515, 1.952171 / 0.059150, 3.141515, 1.952171; 1, 30, 1, 0; 0.980690419691; 1, 0, 1; 1, 0, 0; 3, 1, 2 ;
1,109; -0.491189, -1.97156, -1.26376 / -0.491189, -1.97156, -1.26376 / -0.491189, -1.97156, -1.26376; 1, 8, 1, 0; 0.650475443888; 1, 0, 1; 0, 1, 0; 1, 1, 2 ;
0,109; 0.113531, 1.408220, 0.651524 / 0.113531, 1.408220, 0.651524 / 0.113531, 1.408220, 0.651524; 1, 25, 1, 0; 0.683815652994; 0, 1, 0; 1, 0, 0; 3, 1, 1 ;
0,109; 0.218574, 2.213900, 1.093276 / 0.218574, 2.213900, 1.093276 / 0.218574, 2.213900, 1.093276; 1, 25, 1, 0; 0.881006746389; 1, 0, 1; 1, 0, 0; 2, 1, 2 / 4, 7, 0 ;
1,110; -0.605529, 0.17267, -4.21458 / -0.605529, 0.17267, -4.21458 / -0.605529, 0.17267, -4.21458; 1, 1, 1, 0; 0.172977772609; 1, 0, 1; 1, 0, 0; 3, 1, 2 ;
0,110; 1.366112, 0.891892, -3.151619 / 1.366112, 0.891892, -3.151619 / 1.366112, 0.891892, -3.151619; 1, 2, 1, 0; 0.337121359907; 0, 1, 0; 1, 0, 0; 2, 1, 1 ;
1,111; 1.25019, -2.06275, 2.34799 / 1.25019, -2.06275, 2.34799 / 1.25019, -2.06275, 2.34799; 1, 33, 1, 0; 0.582679940330; 1, 0, 1; 0, 1, 0; 4, 1, 2 ;
1,117; 0.0752669, 0.483195, 0.0100198 / 0.0754252, 0.483265, 0.0103897 / 0.0751086, 0.483126, 0.00964999; 1, 16, 1, 0; 0.625180332765; 0, 1, 0; 1, 1, 0; 1, 4, 1 / 3, 1, 3 ;
1,119; -2.0992, 1.59499, -0.775784 / -2.0992, 1.59499, -0.775784 / -2.0992, 1.59499, -0.775784; 1, 7, 1, 0; 0.950853979572; 1, 0, 1; 1, 0, 0; 1, 1, 0 / 2, 1, 2 / 3, 3, 0 ;
1,120; -0.598934, -1.70842, -0.759556 / -0.598934, -1.70842, -0.759556 / -0.598934, -1.70842, -0.759556; 1, 9, 1, 0; 0.456744616958; 1, 0, 1; 0, 1, 0; 1, 1, 2 ;
1,125; -2.1598, 2.52718, -2.30711 / -2.1598, 2.52718, -2.30711 / -2.1598, 2.52718, -2.30711; 1, 6, 1, 0; 0.156154806749; 1, 0, 1; 1, 0, 0; 3, 1, 2 ;
0,125; -0.662168, 1.176401, -1.319558 / -0.662168, 1.176401, -1.319558 / -0.662168, 1.176401, -1.319558; 1, 11, 1, 0; 0.277996760321; 1, 0, 1; 1, 0, 0; 3, 1, 2 / 3, 2, 0 ;
1,128; 2.23515, 0.215818, 0.180483 / 2.23515, 0.215818, 0.180483 / 2.23515, 0.215818, 0.180483; 1, 16, 1, 0; 0.660304865308; 1, 0, 1; 1, 0, 0; 3, 1, 2 ;
0,128; 2.480191, 0.647576, 0.712116 / 2.480191, 0.647576, 0.712116 / 2.480191, 0.647576, 0.712116; 1, 20, 1, 0; 0.844045464143; 0, 1, 0; 0, 1, 0; 4, 1, 1 ;
0,128; 2.481371, 0.649006, 0.709718 / 2.481371, 0.649006, 0.709718 / 2.481371, 0.649006, 0.709718; 1, 20, 1, 0; 0.844045572612; 1, 0, 1; 1, 0, 0; 1, 1, 0 / 2, 1, 2 ;
1,130; 2.46952, 3.37394, 0.493468 / 2.46955, 3.37394, 0.493627 / 2.46949, 3.37393, 0.493308; 1, 20, 1, 0; 0.552067261941; 2, 1, 1; 2, 0, 0; 3, 1, 1 / 3, 2, 2 ;
1,134; -1.41935, -1.68528, 1.85326 / -1.41935, -1.68528, 1.85326 / -1.41935, -1.68528, 1.85326; 1, 30, 1, 0; 0.288691391866; 1, 0, 1; 0, 1, 0; 4, 1, 2 ;
0,134; -2.016899, 0.378323, 1.911415 / -2.016899, 0.378323, 1.911415 / -2.016899, 0.378323, 1.911415; 1, 30, 1, 0; 0.798751310196; 1, 0, 1; 0, 1, 0; 4, 1, 2 ;
0,134; -2.018141, 0.378345, 1.905690 / -2.018141, 0.378345, 1.905690 / -2.018141, 0.378345, 1.905690; 1, 30, 1, 0; 0.798767909258; 0, 1, 0; 0, 1, 0; 1, 10, 0 / 4, 1, 1 ;
0,134; -2.019276, 0.377363, 1.908725 / -2.019276, 0.377363, 1.908725 / -2.019276, 0.377363, 1.908725; 1, 30, 1, 0; 0.798768113824; 1, 0, 1; 0, 1, 0; 4, 1, 2 ;
0,134; -2.019211, 0.379348, 1.911652 / -2.019211, 0.379348, 1.911652 / -2.019211, 0.379348, 1.911652; 1, 30, 1, 0; 0.798769302255; 0, 1, 0; 0, 1, 0; 4, 1, 1 / 4, 6, 0 ;
0,134; -1.418847, -1.692018, 1.853153 / -1.418847, -1.692018, 1.853153 / -1.418847, -1.692018, 1.853153; 1, 30, 1, 0; 0.288673536185; 1, 0, 1; 1, 0, 0; 2, 1, 2 / 4, 6, 0 ;
0,134; -1.421652, -1.695069, 1.844550 / -1.421652, -1.695069, 1.844550 / -1.421652, -1.695069, 1.844550; 1, 30, 1, 0; 0.288674695392; 1, 0, 1; 1, 0, 0; 3, 1, 2 ;
0,134; -1.428447, -1.697137, 1.845188 / -1.428447, -1.697137, 1.845188 / -1.428447, -1.697137, 1.845188; 1, 30, 1, 0; 0.288675591585; 1, 0, 1; 1, 0, 0; 3, 1, 2 ;
0,134; -1.421963, -1.685707, 1.851508 / -1.421963, -1.685707, 1.851508 / -1.421963, -1.685707, 1.851508; 1, 30, 1, 0; 0.288691567209; 1, 0, 1; 1, 0, 0; 2, 1, 2 ;
0,134; -1.459342, -1.535005, 1.863349 / -1.459342, -1.535005, 1.863349 / -1.459342, -1.535005, 1.863349; 1, 30, 1, 0; 0.385132529487; 1, 0, 1; 1, 0, 0; 2, 1, 2 ;
0,134; -2.015690, 0.377338, 1.914901 / -2.015690, 0.377338, 1.914901 / -2.015690, 0.377338, 1.914901; 1, 30, 1, 0; 0.798752449920; 1, 0, 1; 1, 0, 0; 2, 1, 2 ;
1,135; 0.0919805, -0.741833, -1.2857 / 0.0919805, -0.741833, -1.2857 / 0.0919805, -0.741833, -1.2857; 1, 11, 1, 0; 0.499101993244; 1, 0, 1; 1, 0, 0; 2, 1, 2 ;
1,138; 2.90193, -1.40615, -1.37775 / 2.90193, -1.40615, -1.37775 / 2.90193, -1.40615, -1.37775; 1, 8, 1, 0; 0.698101277280; 1, 0, 1; 0, 1, 0; 4, 1, 2 ;
1,139; 1.44041, -3.35422, -0.484149 / 1.44041, -3.35422, -0.484149 / 1.44041, -3.35422, -0.484149; 1, 9, 1, 0; 0.879057946096; 0, 1, 0; 0, 1, 0; 1, 1, 1 ;
1,140; 2.55567, -0.436771, -3.70134 / 2.55567, -0.436771, -3.70134 / 2.55567, -0.436771, -3.70134; 1, 3, 1, 0; 0.041127749771; 1, 0, 1; 0, 1, 0; 4, 1, 2 ;
0,140; 2.561861, -0.443331, -3.701779 / 2.561861, -0.443331, -3.701779 / 2.561861, -0.443331, -3.701779; 1, 3, 1, 0; 0.041126947860; 1, 0, 1; 1, 0, 0; 3, 1, 2 ;
0,140; 3.310915, 0.878227, -1.446349 / 3.310915, 0.878227, -1.446349 / 3.310915, 0.878227, -1.446349; 1, 11, 1, 0; 0.311990188270; 0, 1, 0; 0, 1, 0; 1, 1, 1 ;
1,143; 1.39888, -2.98848, 1.33256 / 1.39888, -2.98848, 1.33256 / 1.39888, -2.98848, 1.33256; 1, 22, 1, 0; 0.536109277594; 1, 0, 1; 1, 0, 0; 2, 1, 2 ;
0,143; -0.826566, -3.001714, 1.746436 / -0.826566, -3.001714, 1.746436 / -0.826566, -3.001714, 1.746436; 1, 22, 1, 0; 0.813793211332; 1, 0, 1; 1, 0, 0; 3, 1, 2 ;
1,144; 2.24415, -1.75508, -1.39289 / 2.24415, -1.75508, -1.39289 / 2.24415, -1.75508, -1.39289; 1, 8, 1, 0; 0.676039736915; 1, 0, 1; 1, 0, 0; 1, 8, 0 / 2, 1, 2 / 2, 8, 0 / 3, 9, 0 ;
0,144; -1.358526, -1.807699, 1.292480 / -1.358526, -1.807699, 1.292480 / -1.358526, -1.807699, 1.292480; 1, 21, 1, 0; 0.973109360539; 1, 0, 1; 1, 0, 0; 3, 1, 2 ;
1,145; 2.4113, 2.10655, -2.95806 / 2.4113, 2.10655, -2.95806 / 2.4113, 2.10655, -2.95806; 1, 4, 1, 0; 0.053857509560; 1, 0, 1; 1, 0, 0; 3, 1, 2 ;
1,148; -1.01269, 2.13517, -2.33012 / -1.01269, 2.13517, -2.33012 / -1.01269, 2.13517, -2.33012; 1, 6, 1, 0; 0.197385539712; 1, 0, 1; 0, 1, 0; 4, 1, 2 ;
0,148; -1.083686, 1.591770, -1.173065 / -1.083686, 1.591770, -1.173065 / -1.083686, 1.591770, -1.173065; 1, 7, 1, 0; 0.571149025191; 1, 0, 1; 1, 0, 0; 2, 1, 2 ;
1,150; 3.20296, -0.888743, -1.49384 / 3.2032, -0.888576, -1.49369 / 3.20272, -0.888909, -1.494; 1, 11, 1, 0; 0.522604279672; 2, 1, 1; 1, 1, 0; 2, 2, 0 / 2, 3, 2 / 4, 1, 1 ;
1,151; -0.71404, -0.887217, -0.118018 / -0.71404, -0.887217, -0.118018 / -0.71404, -0.887217, -0.118018; 1, 16, 1, 0; 0.392857035704; 1, 0, 1; 1, 0, 0; 2, 1, 2 ;
1,153; -1.18001, 2.23244, -3.23962 / -1.18001, 2.23244, -3.23962 / -1.18001, 2.23244, -3.23962; 1, 2, 1, 0; 0.206964095858; 0, 1, 0; 0, 1, 0; 4, 1, 1 ;
1,159; 1.50617, 2.5611, -0.419498 / 1.50617, 2.5611, -0.419498 / 1.50617, 2.5611, -0.419498; 1, 13, 1, 0; 0.539792526063; 1, 0, 1; 1, 0, 0; 3, 1, 2 ;
1,163; 0.472835, 0.632908, -4.52368 / 0.472835, 0.632908, -4.52368 / 0.472835, 0.632908, -4.52368; 1, 1, 1, 0; 0.077580534540; 1, 0, 1; 0, 1, 0; 4, 1, 2 ;
0,163; -0.305023, -2.296277, 1.979800 / -0.305023, -2.296277, 1.979800 / -0.305023, -2.296277, 1.979800; 1, 32, 1, 0; 0.332240732418; 1, 0, 1; 0, 1, 0; 1, 1, 2 ;
1,171; 4.04796, 0.37355, 0.804353 / 4.04796, 0.37355, 0.804353 / 4.04796, 0.37355, 0.804353; 1, 20, 1, 0; 0.868443110525; 1, 0, 1; 1, 0, 0; 3, 1, 2 ;
1,172; -0.736931, 3.73737, -2.35873 / -0.736931, 3.73737, -2.35873 / -0.736931, 3.73737, -2.35873; 1, 4, 1, 0; 0.214085312927; 0, 1, 0; 0, 1, 0; 1, 1, 1 ;
1,173; -1.55741, -2.80408, 2.33888 / -1.55741, -2.80408, 2.33888 / -1.55741, -2.80408, 2.33888; 1, 32, 1, 0; 0.850323731973; 1, 0, 1; 1, 0, 0; 1, 3, 0 / 3, 1, 2 ;
0,173; -1.506117, -2.883606, 2.319660 / -1.506117, -2.883606, 2.319660 / -1.506117, -2.883606, 2.319660; 1, 32, 1, 0; 0.852413878571; 1, 0, 1; 1, 0, 0; 2, 1, 2 ;
1,175; -1.05705, -0.456101, -2.03799 / -1.05705, -0.456101, -2.03799 / -1.05705, -0.456101, -2.03799; 1, 5, 1, 0; 0.962633990753; 1, 0, 1; 1, 0, 0; 1, 8, 0 / 2, 1, 2 ;
1,176; -1.16998, 0.516342, 0.808599 / -1.16998, 0.516342, 0.808599 / -1.16998, 0.516342, 0.808599; 1, 23, 1, 0; 0.170620116199; 1, 0, 1; 1, 0, 0; 3, 1, 2 ;
0,176; -2.566449, 1.189978, 1.962862 / -2.566449, 1.189978, 1.962862 / -2.566449, 1.189978, 1.962862; 1, 29, 1, 0; 0.956777541391; 1, 0, 1; 1, 0, 0; 3, 1, 2 ;
1,177; -0.777778, 0.0704265, -4.27634 / -0.777778, 0.0704265, -4.27634 / -0.777778, 0.0704265, -4.27634; 1, 1, 1, 0; 0.171640656395; 0, 1, 0; 1, 0, 0; 3, 1, 1 ;
1,181; 0.179811, 1.73264, -2.3555 / 0.179828, 1.73308, -2.35528 / 0.179795, 1.73221, -2.35572; 1, 4, 1, 0; 0.369273508303; 2, 1, 1; 1, 1, 0; 1, 3, 1 / 2, 1, 2 ;
0,181; 0.177478, 1.734041, -2.357859 / 0.177478, 1.734041, -2.357859 / 0.177478, 1.734041, -2.357859; 1, 4, 1, 0; 0.369272984441; 0, 0, 0; 0, 1, 0; 4, 1, 3 / 4, 2, 0 ;
0,181; 0.451779, 2.920389, 0.190981 / 0.451872, 2.920475, 0.190986 / 0.451686, 2.920303, 0.190976; 1, 17, 1, 0; 0.526137191065; 0, 2, 0; 1, 1, 0; 1, 2, 1 / 2, 1, 1 ;
0,181; 0.448293, 2.922082, 0.189897 / 0.448293, 2.922082, 0.189897 / 0.448293, 2.922082, 0.189897; 1, 17, 1, 0; 0.526136382024; 0, 1, 0; 1, 0, 0; 3, 1, 1 ;
1,183; 2.00048, -0.787606, 1.4352 / 2.00048, -0.787606, 1.4352 / 2.00048, -0.787606, 1.4352; 1, 27, 1, 0; 0.296227641737; 0, 1, 0; 0, 1, 0; 4, 1, 1 ;
1,186; -2.01978, 0.432995, 3.94407 / -2.01918, 0.433492, 3.94519 / -2.02039, 0.432499, 3.94295; 1, 46, 1, 0; 0.243559553198; 0, 2, 0; 0, 2, 0; 3, 10, 0 / 4, 1, 1 / 4, 10, 1 ;
0,186; -2.022441, 0.429972, 3.937529 / -2.022441, 0.429972, 3.937529 / -2.022441, 0.429972, 3.937529; 1, 46, 1, 0; 0.243548847033; 1, 0, 1; 1, 0, 0; 2, 1, 2 ;
1,192; -2.32843, -2.98762, -2.38018 / -2.32843, -2.98762, -2.38018 / -2.32843, -2.98762, -2.38018; 1, 5, 1, 0; 0.581512956760; 0, 0, 0; 0, 1, 0; 1, 1, 3 ;
