1,2; -2.07895, 0.777072, -1.5903 / -2.07846, 0.777494, -1.5902 / -2.07943, 0.77665, -1.5904; 1, 6, 1, 0; 0.714390522064; 1, 0, 1; 1, 1, 0; 3, 1, 2 / 4, 7, 3 ;
1,3; 2.97564, 0.125121, -1.11344 / 2.97564, 0.125121, -1.11344 / 2.97564, 0.125121, -1.11344; 1, 11, 1, 0; 0.725264707296; 1, 0, 1; 1, 0, 0; 2, 1, 2 ;
0,3; 2.433104, -0.223257, -0.778931 / 2.433104, -0.223257, -0.778931 / 2.433104, -0.223257, -0.778931; 1, 12, 1, 0; 0.460494214123; 1, 0, 1; 1, 0, 0; 2, 1, 2 ;
1,5; -0.434317, -0.584793, -1.13428 / -0.434317, -0.584793, -1.13428 / -0.434317, -0.584793, -1.13428; 1, 11, 1, 0; 0.677755546706; 1, 0, 1; 1, 0, 0; 3, 1, 2 ;
0,5; -0.047810, -1.750970, -0.454479 / -0.047810, -1.750970, -0.454479 / -0.047810, -1.750970, -0.454479; 1, 15, 1, 0; 0.081622499304; 1, 0, 1; 0, 1, 0; 1, 1, 2 ;
1,6; 2.86836, -3.00673, -2.0343 / 2.86836, -3.00673, -2.0343 / 2.86836, -3.00673, -2.0343; 1, 8, 1, 0; 0.023091285267; 1, 0, 1; 1, 0, 0; 2, 1, 2 ;
0,6; 1.728704, -3.579825, -0.186062 / 1.728704, -3.579825, -0.186062 / 1.728704, -3.579825, -0.186062; 1, 15, 1, 0; 0.311971424821; 1, 0, 1; 1, 0, 0; 3, 1, 2 ;
1,9; 0.086715, 3.77883, -0.560904 / 0.086715, 3.77883, -0.560904 / 0.086715, 3.77883, -0.560904; 1, 13, 1, 0; 0.687517563394; 1, 0, 1; 1, 0, 0; 1, 2, 0 / 2, 1, 2 ;
1,10; 1.03555, 3.24, 3.04506 / 1.03555, 3.24, 3.04506 / 1.03555, 3.24, 3.04506; 1, 40, 1, 0; 0.250776709099; 0, 1, 0; 1, 0, 0; 2, 1, 1 ;
0,10; 1.033776, 3.240717, 3.048788 / 1.033776, 3.240717, 3.048788 / 1.033776, 3.240717, 3.048788; 1, 40, 1, 0; 0.250778610718; 0, 1, 0; 1, 0, 0; 2, 1, 1 ;
1,13; 1.98711, -2.91205, -0.607141 / 1.98711, -2.91205, -0.607141 / 1.98711, -2.91205, -0.607141; 1, 15, 1, 0; 0.147848912123; 1, 0, 1; 1, 0, 0; 2, 1, 2 ;
0,13; 2.031203, -3.180949, -0.555824 / 2.031203, -3.180949, -0.555824 / 2.031203, -3.180949, -0.555824; 1, 15, 1, 0; 0.177366111611; 1, 0, 1; 1, 0, 0; 3, 1, 2 ;
1,15; 2.70528, 1.64501, -2.6756 / 2.70528, 1.64501, -2.6756 / 2.70528, 1.64501, -2.6756; 1, 4, 1, 0; 0.078083942827; 0, 1, 0; 1, 0, 0; 2, 1, 1 ;
1,18; -0.626115, 1.98032, 1.10736 / -0.626115, 1.98032, 1.10736 / -0.626115, 1.98032, 1.10736; 1, 25, 1, 0; 0.853670609918; 1, 0, 1; 1, 0, 0; 2, 1, 2 ;
1,24; 1.96184, -1.1375, -2.63074 / 1.96184, -1.1375, -2.63074 / 1.96184, -1.1375, -2.63074; 1, 3, 1, 0; 0.613086820037; 1, 0, 1; 1, 0, 0; 3, 1, 2 / 3, 3, 0 ;
0,24; 2.282214, -0.118302, -2.484280 / 2.282214, -0.118302, -2.484280 / 2.282214, -0.118302, -2.484280; 1, 3, 1, 0; 0.654475013802; 1, 0, 1; 1, 0, 0; 3, 1, 2 ;
0,24; 2.281948, -0.117919, -2.487333 / 2.281948, -0.117919, -2.487333 / 2.281948, -0.117919, -2.487333; 1, 3, 1, 0; 0.654475481248; 1, 0, 1; 1, 0, 0; 3, 1, 2 / 3, 4, 0 ;
1,26; 0.603077, -3.56645, -2.214 / 0.603077, -3.56645, -2.214 / 0.603077, -3.56645, -2.214; 1, 3, 1, 0; 0.996211205003; 0, 1, 0; 0, 1, 0; 4, 1, 1 ;
1,32; -0.408368, -1.96022, 2.01475 / -0.408368, -1.96022, 2.01475 / -0.408368, -1.96022, 2.01475; 1, 32, 1, 0; 0.235942444712; 0, 1, 0; 0, 1, 0; 1, 1, 1 ;
1,33; 0.690431, -0.915257, 0.644974 / 0.690431, -0.915257, 0.644974 / 0.690431, -0.915257, 0.644974; 1, 19, 1, 0; 0.761365095756; 0, 1, 0; 1, 0, 0; 2, 1, 1 ;
0,33; 0.690513, -0.918957, 0.649339 / 0.690513, -0.918957, 0.649339 / 0.690513, -0.918957, 0.649339; 1, 19, 1, 0; 0.761365298230; 1, 0, 1; 1, 0, 0; 2, 1, 2 ;
1,34; 1.06601, 1.8399, -1.63656 / 1.06601, 1.8399, -1.63656 / 1.06601, 1.8399, -1.63656; 1, 7, 1, 0; 0.028013727000; 1, 0, 1; 1, 0, 0; 2, 1, 2 ;
1,36; 0.800088, -1.51034, -3.65494 / 0.800417, -1.51031, -3.65389 / 0.79976, -1.51037, -3.656; 1, 1, 1, 0; 0.871171581564; 2, 1, 1; 1, 1, 0; 1, 1, 1 / 2, 9, 2 ;
0,36; 0.800647, -1.510080, -3.656599 / 0.800877, -1.509847, -3.656000 / 0.800417, -1.510312, -3.657198; 1, 1, 1, 0; 0.871171613206; 0, 1, 0; 1, 1, 0; 1, 8, 1 / 2, 1, 2 ;
0,36; 0.761477, -1.481761, -3.671073 / 0.761477, -1.481761, -3.671073 / 0.761477, -1.481761, -3.671073; 1, 1, 1, 0; 0.871311074300; 1, 0, 1; 0, 1, 0; 3, 2, 0 / 4, 1, 2 ;
0,36; 0.767995, -1.484162, -3.667240 / 0.767995, -1.484162, -3.667240 / 0.767995, -1.484162, -3.667240; 1, 1, 1, 0; 0.871311196915; 0, 0, 0; 0, 1, 0; 4, 1, 3 ;
0,36; 0.761800, -1.480264, -3.668460 / 0.761800, -1.480264, -3.668460 / 0.761800, -1.480264, -3.668460; 1, 1, 1, 0; 0.871311548940; 1, 0, 1; 0, 1, 0; 1, 1, 2 ;
0,36; 0.797111, -1.512615, -3.660003 / 0.797111, -1.512615, -3.660003 / 0.797111, -1.512615, -3.660003; 1, 1, 1, 0; 0.871171205807; 0, 1, 0; 1, 0, 0; 2, 1, 0 / 3, 1, 1 ;
0,36; 0.804666, -1.515256, -3.647487 / 0.804666, -1.515256, -3.647487 / 0.804666, -1.515256, -3.647487; 1, 1, 1, 0; 0.871178930573; 1, 0, 1; 1, 0, 0; 3, 1, 2 ;
0,36; 0.805762, -1.497379, -3.669599 / 0.805762, -1.497379, -3.669599 / 0.805762, -1.497379, -3.669599; 1, 1, 1, 0; 0.871288691069; 0, 1, 0; 1, 0, 0; 2, 1, 1 ;
0,36; 0.805963, -1.492698, -3.670637 / 0.805963, -1.492698, -3.670637 / 0.805963, -1.492698, -3.670637; 1, 1, 1, 0; 0.871289268548; 1, 0, 1; 1, 0, 0; 2, 1, 2 ;
1,37; 1.36193, 1.21548, 1.16832 / 1.36193, 1.21548, 1.16832 / 1.36193, 1.21548, 1.16832; 1, 26, 1, 0; 0.243347949081; 1, 0, 1; 0, 1, 0; 4, 1, 2 / 4, 9, 0 ;
0,37; 1.359385, 1.215172, 1.171307 / 1.359385, 1.215172, 1.171307 / 1.359385, 1.215172, 1.171307; 1, 26, 1, 0; 0.243348077665; 1, 0, 1; 1, 0, 0; 1, 9, 0 / 2, 1, 2 / 4, 6, 0 ;
1,41; 2.28782, 1.83041, 0.501972 / 2.28782, 1.83041, 0.501972 / 2.28782, 1.83041, 0.501972; 1, 20, 1, 0; 0.426084452003; 1, 0, 1; 1, 0, 0; 2, 1, 2 ;
0,41; 2.556197, 2.957448, 1.550510 / 2.556197, 2.957448, 1.550510 / 2.556197, 2.957448, 1.550510; 1, 28, 1, 0; 0.355700887332; 1, 0, 1; 1, 0, 0; 3, 1, 2 ;
1,43; -1.99197, 0.00706281, 3.17778 / -1.99197, 0.00706281, 3.17778 / -1.99197, 0.00706281, 3.17778; 1, 41, 1, 0; 0.780787489621; 0, 1, 0; 0, 1, 0; 4, 1, 1 ;
1,45; -3.1516, 2.42793, -0.794329 / -3.15157, 2.42855, -0.79425 / -3.15164, 2.42731, -0.794407; 1, 7, 1, 0; 0.886124945156; 1, 0, 2; 2, 0, 0; 2, 1, 2 / 3, 5, 2 ;
1,46; 0.559203, 2.71123, 1.05358 / 0.559203, 2.71123, 1.05358 / 0.559203, 2.71123, 1.05358; 1, 25, 1, 0; 0.932734079122; 0, 1, 0; 0, 1, 0; 1, 1, 1 / 3, 3, 0 ;
0,46; 0.786330, 1.210004, 2.591036 / 0.787429, 1.210048, 2.591407 / 0.785231, 1.209959, 2.590666; 1, 38, 1, 0; 0.876366544818; 1, 0, 2; 0, 2, 0; 1, 1, 2 / 1, 10, 2 ;
1,50; 3.48736, 0.645552, 1.55355 / 3.48736, 0.645552, 1.55355 / 3.48736, 0.645552, 1.55355; 1, 27, 1, 0; 0.465635810791; 0, 1, 0; 0, 1, 0; 1, 1, 1 ;
1,52; 0.487163, 0.939544, -1.11325 / 0.487163, 0.939544, -1.11325 / 0.487163, 0.939544, -1.11325; 1, 11, 1, 0; 0.847673284492; 1, 0, 1; 1, 0, 0; 3, 1, 2 ;
0,52; -0.475618, -2.041073, 3.002468 / -0.475618, -2.041073, 3.002468 / -0.475618, -2.041073, 3.002468; 1, 35, 1, 0; 0.600237824719; 1, 0, 1; 0, 1, 0; 1, 1, 2 / 3, 4, 0 ;
1,56; -1.61978, 1.23155, 0.129744 / -1.61978, 1.23155, 0.129744 / -1.61978, 1.23155, 0.129744; 1, 14, 1, 0; 0.793567741705; 1, 0, 1; 1, 0, 0; 2, 1, 2 ;
0,56; -1.622763, 1.231495, 0.130493 / -1.622763, 1.231495, 0.130493 / -1.622763, 1.231495, 0.130493; 1, 14, 1, 0; 0.793579134676; 1, 0, 1; 1, 0, 0; 3, 1, 2 ;
1,62; 2.43407, 1.64331, -1.02 / 2.43407, 1.64331, -1.02 / 2.43407, 1.64331, -1.02; 1, 11, 1, 0; 0.892593888897; 1, 0, 1; 1, 0, 0; 3, 1, 2 ;
1,63; -0.763106, 1.86721, 1.06532 / -0.763106, 1.86721, 1.06532 / -0.763106, 1.86721, 1.06532; 1, 25, 1, 0; 0.851804431872; 1, 0, 1; 1, 0, 0; 1, 1, 0 / 2, 1, 2 ;
0,63; -0.764614, 1.869506, 1.066222 / -0.764614, 1.869506, 1.066222 / -0.764614, 1.869506, 1.066222; 1, 25, 1, 0; 0.851805503407; 1, 0, 1; 1, 0, 0; 2, 1, 2 ;
1,64; 0.836132, -3.28393, 1.06077 / 0.836132, -3.28393, 1.06077 / 0.836132, -3.28393, 1.06077; 1, 18, 1, 0; 0.963905102260; 1, 0, 1; 1, 0, 0; 3, 1, 2 ;
0,64; 0.844056, -3.279725, 1.051941 / 0.844056, -3.279725, 1.051941 / 0.844056, -3.279725, 1.051941; 1, 18, 1, 0; 0.963906804036; 1, 0, 1; 1, 0, 0; 2, 1, 2 ;
1,76; 0.794932, 0.606419, -1.39937 / 0.794932, 0.606419, -1.39937 / 0.794932, 0.606419, -1.39937; 1, 11, 1, 0; 0.363977298215; 1, 0, 1; 1, 0, 0; 3, 1, 2 ;
1,77; -3.84721, -0.700159, -0.8742 / -3.84721, -0.700159, -0.8742 / -3.84721, -0.700159, -0.8742; 1, 10, 1, 0; 0.409248180060; 1, 0, 1; 0, 1, 0; 4, 1, 2 ;
0,77; -3.844989, -0.696353, -0.872888 / -3.844989, -0.696353, -0.872888 / -3.844989, -0.696353, -0.872888; 1, 10, 1, 0; 0.409248277383; 1, 0, 1; 1, 0, 0; 3, 1, 2 ;
0,77; -3.850300, -0.696965, -0.871650 / -3.850300, -0.696965, -0.871650 / -3.850300, -0.696965, -0.871650; 1, 10, 1, 0; 0.409258166479; 1, 0, 1; 1, 0, 0; 2, 1, 2 ;
1,79; -4.2561, -0.287959, 0.0261228 / -4.2561, -0.287959, 0.0261228 / -4.2561, -0.287959, 0.0261228; 1, 14, 1, 0; 0.875207036929; 1, 0, 1; 0, 1, 0; 4, 1, 2 ;
0,79; -3.000367, 0.547176, 0.430768 / -3.000146, 0.547887, 0.431659 / -3.000589, 0.546466, 0.429878; 1, 17, 1, 0; 0.738381799084; 2, 1, 2; 1, 2, 1; 1, 1, 2 / 2, 10, 2 / 4, 6, 1 ;
0,79; 0.267022, 2.737050, 1.398289 / 0.267022, 2.737050, 1.398289 / 0.267022, 2.737050, 1.398289; 1, 30, 1, 0; 0.039309268589; 0, 0, 0; 1, 0, 0; 2, 1, 3 / 2, 10, 0 / 4, 10, 0 ;
0,79; 1.110186, 3.264696, 1.695443 / 1.110186, 3.264696, 1.695443 / 1.110186, 3.264696, 1.695443; 1, 31, 1, 0; 0.135678836909; 1, 0, 1; 1, 0, 0; 2, 1, 2 ;
1,82; -0.518784, 2.22838, -0.556997 / -0.518784, 2.22838, -0.556997 / -0.518784, 2.22838, -0.556997; 1, 13, 1, 0; 0.481241199838; 1, 0, 1; 0, 1, 0; 1, 1, 2 ;
0,82; -1.319134, 3.297791, -0.809023 / -1.319134, 3.297791, -0.809023 / -1.319134, 3.297791, -0.809023; 1, 17, 1, 0; 0.013249179102; 0, 1, 0; 0, 1, 0; 4, 1, 1 ;
1,90; 1.70886, 3.09089, 2.29878 / 1.70886, 3.09089, 2.29878 / 1.70886, 3.09089, 2.29878; 1, 38, 1, 0; 0.019234647955; 0, 1, 0; 1, 0, 0; 2, 1, 1 / 3, 4, 0 ;
0,90; 1.712937, 3.091958, 2.299656 / 1.712937, 3.091958, 2.299656 / 1.712937, 3.091958, 2.299656; 1, 38, 1, 0; 0.019234969415; 0, 1, 0; 1, 0, 0; 1, 5, 0 / 3, 1, 1 / 4, 1, 0 / 4, 9, 0 ;
0,90; 1.726049, 3.098117, 2.311406 / 1.726049, 3.098117, 2.311406 / 1.726049, 3.098117, 2.311406; 1, 38, 1, 0; 0.053569913114; 1, 0, 1; 1, 0, 0; 2, 1, 2 ;
1,98; 0.368228, -3.66723, -1.41429 / 0.368228, -3.66723, -1.41429 / 0.368228, -3.66723, -1.41429; 1, 8, 1, 0; 0.477960361267; 1, 0, 1; 0, 1, 0; 4, 1, 2 ;
0,98; 0.365134, -3.664076, -1.413630 / 0.365134, -3.664076, -1.413630 / 0.365134, -3.664076, -1.413630; 1, 8, 1, 0; 0.477961056719; 0, 1, 0; 0, 1, 0; 4, 1, 1 ;
0,98; 0.366497, -3.672890, -1.420006 / 0.366497, -3.672890, -1.420006 / 0.366497, -3.672890, -1.420006; 1, 8, 1, 0; 0.477951616978; 1, 0, 1; 1, 0, 0; 2, 1, 2 ;
0,98; 0.368647, -3.664264, -1.411599 / 0.368647, -3.664264, -1.411599 / 0.368647, -3.664264, -1.411599; 1, 8, 1, 0; 0.477960473767; 1, 0, 1; 1, 0, 0; 3, 1, 2 ;
0,98; 0.359434, -3.667523, -1.413393 / 0.359434, -3.667523, -1.413393 / 0.359434, -3.667523, -1.413393; 1, 8, 1, 0; 0.477961747058; 1, 0, 1; 1, 0, 0; 2, 1, 2 ;
0,98; 0.358532, -3.664931, -1.412993 / 0.358532, -3.664931, -1.412993 / 0.358532, -3.664931, -1.412993; 1, 8, 1, 0; 0.477961849330; 1, 0, 1; 1, 0, 0; 2, 1, 2 ;
1,100; -2.74919, -0.745493, -2.64049 / -2.74919, -0.745493, -2.64049 / -2.74919, -0.745493, -2.64049; 1, 2, 1, 0; 0.976687590379; 1, 0, 1; 1, 0, 0; 2, 1, 2 ;
0,100; -2.749896, -0.747212, -2.640954 / -2.749896, -0.747212, -2.640954 / -2.749896, -0.747212, -2.640954; 1, 2, 1, 0; 0.976687645754; 1, 0, 1; 1, 0, 0; 3, 1, 2 ;
1,105; -2.99778, 1.74761, 3.04558 / -2.99717, 1.74845, 3.04577 / -2.99839, 1.74678, 3.04538; 1, 39, 1, 0; 0.657559830269; 1, 0, 2; 2, 0, 0; 1, 6, 0 / 2, 1, 2 / 3, 9, 2 ;
0,105; -3.000819, 1.749272, 3.046451 / -3.000819, 1.749272, 3.046451 / -3.000819, 1.749272, 3.046451; 1, 39, 1, 0; 0.657561920478; 1, 0, 1; 1, 0, 0; 3, 1, 2 ;
0,105; -2.990689, 1.753055, 3.049596 / -2.990689, 1.753055, 3.049596 / -2.990689, 1.753055, 3.049596; 1, 39, 1, 0; 0.657586845827; 1, 0, 1; 1, 0, 0; 3, 1, 2 ;
1,109; -0.261305, 3.44991, 2.27355 / -0.261305, 3.44991, 2.27355 / -0.261305, 3.44991, 2.27355; 1, 38, 1, 0; 0.145012690045; 0, 1, 0; 0, 1, 0; 1, 1, 1 ;
1,114; -0.682964, -3.76568, -2.26141 / -0.682595, -3.76511, -2.26101 / -0.683334, -3.76625, -2.26181; 1, 5, 1, 0; 0.612333545056; 1, 0, 2; 0, 2, 1; 1, 2, 2 / 4, 1, 2 ;
0,114; -0.684577, -3.766072, -2.263504 / -0.684577, -3.766072, -2.263504 / -0.684577, -3.766072, -2.263504; 1, 5, 1, 0; 0.612333476442; 0, 1, 0; 0, 1, 0; 1, 6, 0 / 4, 1, 1 ;
0,114; -0.681460, -3.762105, -2.256501 / -0.681460, -3.762105, -2.256501 / -0.681460, -3.762105, -2.256501; 1, 5, 1, 0; 0.612334260602; 0, 1, 0; 0, 1, 0; 1, 1, 1 / 1, 7, 0 / 3, 10, 0 ;
0,114; -0.719623, -3.428710, -2.345389 / -0.719623, -3.428710, -2.345389 / -0.719623, -3.428710, -2.345389; 1, 5, 1, 0; 0.602800918643; 1, 0, 1; 1, 0, 0; 3, 1, 2 ;
0,114; -0.681963, -3.770160, -2.259650 / -0.681963, -3.770160, -2.259650 / -0.681963, -3.770160, -2.259650; 1, 5, 1, 0; 0.612332760897; 1, 0, 1; 1, 0, 0; 3, 1, 2 ;
0,114; -0.680886, -3.762942, -2.258261 / -0.680886, -3.762942, -2.258261 / -0.680886, -3.762942, -2.258261; 1, 5, 1, 0; 0.612334211592; 1, 0, 1; 1, 0, 0; 2, 1, 2 ;
1,115; 2.10823, 0.579975, 0.501725 / 2.10823, 0.579975, 0.501725 / 2.10823, 0.579975, 0.501725; 1, 19, 1, 0; 0.658051735060; 0, 1, 0; 0, 1, 0; 1, 1, 1 ;
1,116; 2.63637, 0.0391519, 0.367167 / 2.63639, 0.0397134, 0.367411 / 2.63635, 0.0385905, 0.366924; 1, 19, 1, 0; 0.635876612201; 2, 1, 1; 1, 1, 0; 3, 1, 1 / 4, 2, 2 ;
0,116; 2.644938, 0.048061, 0.367496 / 2.645258, 0.048295, 0.367646 / 2.644617, 0.047826, 0.367346; 1, 19, 1, 0; 0.635863270595; 1, 0, 2; 2, 0, 0; 1, 1, 0 / 2, 1, 2 / 2, 3, 2 / 3, 7, 0 ;
0,116; 2.638784, 0.027450, 0.375815 / 2.638784, 0.027450, 0.375815 / 2.638784, 0.027450, 0.375815; 1, 19, 1, 0; 0.635648843149; 1, 0, 1; 1, 0, 0; 3, 1, 2 ;
0,116; 2.650117, 0.048653, 0.368643 / 2.650117, 0.048653, 0.368643 / 2.650117, 0.048653, 0.368643; 1, 19, 1, 0; 0.635863125971; 1, 0, 1; 1, 0, 0; 2, 1, 2 ;
1,117; -0.82853, 2.24744, 3.54673 / -0.82853, 2.24744, 3.54673 / -0.82853, 2.24744, 3.54673; 1, 45, 1, 0; 0.623400323588; 1, 0, 1; 1, 0, 0; 2, 1, 2 / 3, 5, 0 ;
1,118; 3.38434, 0.617483, 0.230075 / 3.38434, 0.617483, 0.230075 / 3.38434, 0.617483, 0.230075; 1, 19, 1, 0; 0.159475917136; 1, 0, 1; 1, 0, 0; 3, 1, 2 ;
0,118; 1.507578, -2.375304, 1.666455 / 1.507578, -2.375304, 1.666455 / 1.507578, -2.375304, 1.666455; 1, 22, 1, 0; 0.918872729204; 1, 0, 1; 1, 0, 0; 2, 1, 2 ;
0,118; 1.032216, -3.144030, 2.008428 / 1.032216, -3.144030, 2.008428 / 1.032216, -3.144030, 2.008428; 1, 32, 1, 0; 0.512076531084; 1, 0, 1; 0, 1, 0; 4, 1, 2 ;
1,119; -2.89793, 0.142565, -1.73779 / -2.89729, 0.142654, -1.73765 / -2.89857, 0.142476, -1.73793; 1, 6, 1, 0; 0.766757153737; 0, 3, 0; 3, 0, 0; 2, 1, 1 / 3, 5, 1 / 3, 6, 1 ;
0,119; -2.880344, 0.139327, -1.723959 / -2.880344, 0.139327, -1.723959 / -2.880344, 0.139327, -1.723959; 1, 6, 1, 0; 0.766740725602; 1, 0, 1; 1, 0, 0; 3, 1, 2 ;
0,119; -2.888945, 0.138391, -1.727722 / -2.888945, 0.138391, -1.727722 / -2.888945, 0.138391, -1.727722; 1, 6, 1, 0; 0.766748841650; 1, 0, 1; 1, 0, 0; 2, 1, 2 ;
0,119; -2.894281, 0.140768, -1.727295 / -2.894281, 0.140768, -1.727295 / -2.894281, 0.140768, -1.727295; 1, 6, 1, 0; 0.766748959274; 1, 0, 1; 1, 0, 0; 3, 1, 2 ;
0,119; -2.886638, 0.138910, -1.724380 / -2.886638, 0.138910, -1.724380 / -2.886638, 0.138910, -1.724380; 1, 6, 1, 0; 0.766749390561; 1, 0, 1; 1, 0, 0; 2, 1, 2 ;
0,119; -2.897235, 0.142375, -1.737389 / -2.896499, 0.142654, -1.736893 / -2.897971, 0.142096, -1.737884; 1, 6, 1, 0; 0.766757173341; 0, 1, 0; 3, 0, 0; 3, 1, 1 / 3, 2, 1 / 3, 10, 1 ;
0,119; -2.897432, 0.141920, -1.724610 / -2.897432, 0.141920, -1.724610 / -2.897432, 0.141920, -1.724610; 1, 6, 1, 0; 0.766758119233; 1, 0, 1; 1, 0, 0; 2, 1, 2 ;
1,120; -2.25873, -0.856132, 2.90591 / -2.25839, -0.855583, 2.90626 / -2.25906, -0.856682, 2.90556; 1, 36, 1, 0; 0.832033503116; 2, 2, 1; 1, 2, 0; 1, 4, 2 / 1, 5, 1 / 2, 6, 0 / 3, 1, 1 ;
0,120; -2.153386, -0.607034, 2.852387 / -2.153386, -0.607034, 2.852387 / -2.153386, -0.607034, 2.852387; 1, 36, 1, 0; 0.968028909448; 1, 0, 1; 0, 1, 0; 1, 1, 2 ;
0,120; -2.262102, -0.861006, 2.909884 / -2.262102, -0.861006, 2.909884 / -2.262102, -0.861006, 2.909884; 1, 36, 1, 0; 0.832055595489; 1, 0, 1; 1, 0, 0; 2, 1, 2 ;
1,121; -2.60228, 2.33633, -0.199987 / -2.60228, 2.33633, -0.199987 / -2.60228, 2.33633, -0.199987; 1, 14, 1, 0; 0.540528902200; 1, 0, 1; 1, 0, 0; 2, 1, 2 ;
0,121; -2.968725, 0.895773, 0.158547 / -2.968725, 0.895773, 0.158547 / -2.968725, 0.895773, 0.158547; 1, 14, 1, 0; 0.806513954081; 1, 0, 1; 1, 0, 0; 3, 1, 2 ;
1,128; 0.217194, -2.74507, 1.39898 / 0.217194, -2.74507, 1.39898 / 0.217194, -2.74507, 1.39898; 1, 22, 1, 0; 0.479249938883; 1, 0, 1; 1, 0, 0; 2, 1, 2 ;
1,133; -0.555504, -3.48905, 0.73622 / -0.555504, -3.48905, 0.73622 / -0.555504, -3.48905, 0.73622; 1, 18, 1, 0; 0.726051934864; 1, 0, 1; 1, 0, 0; 3, 1, 2 ;
0,133; -0.555305, -3.492637, 0.736642 / -0.555305, -3.492637, 0.736642 / -0.555305, -3.492637, 0.736642; 1, 18, 1, 0; 0.726052813650; 1, 0, 1; 1, 0, 0; 3, 1, 2 ;
1,137; -0.599625, 2.78695, -0.504558 / -0.599361, 2.78735, -0.50405 / -0.59989, 2.78655, -0.505066; 1, 13, 1, 0; 0.561790032043; 2, 2, 1; 1, 2, 0; 2, 5, 2 / 4, 1, 1 / 4, 2, 1 ;
0,137; -0.598888, 2.786335, -0.506357 / -0.598415, 2.786546, -0.505066 / -0.599361, 2.786124, -0.507647; 1, 13, 1, 0; 0.561790056663; 0, 1, 0; 1, 1, 0; 1, 10, 1 / 2, 1, 2 ;
0,137; -0.602952, 2.788066, -0.490283 / -0.602952, 2.788066, -0.490283 / -0.602952, 2.788066, -0.490283; 1, 13, 1, 0; 0.561801763541; 1, 0, 1; 0, 1, 0; 1, 1, 2 ;
0,137; -0.782926, 2.552467, -0.215194 / -0.782926, 2.552467, -0.215194 / -0.782926, 2.552467, -0.215194; 1, 17, 1, 0; 0.185519285868; 0, 1, 0; 1, 0, 0; 3, 1, 1 ;
0,137; -1.122223, 1.980733, 0.215505 / -1.122223, 1.980733, 0.215505 / -1.122223, 1.980733, 0.215505; 1, 17, 1, 0; 0.603079636155; 1, 0, 1; 1, 0, 0; 2, 1, 2 ;
1,138; 0.946263, -3.39563, -1.4001 / 0.946263, -3.39563, -1.4001 / 0.946263, -3.39563, -1.4001; 1, 8, 1, 0; 0.507979102683; 0, 1, 0; 0, 1, 0; 4, 1, 1 ;
1,144; 2.69675, 0.127132, -2.35223 / 2.69675, 0.127132, -2.35223 / 2.69675, 0.127132, -2.35223; 1, 4, 1, 0; 0.488548427004; 1, 0, 1; 0, 1, 0; 4, 1, 2 ;
0,144; 2.703474, 0.127675, -2.354184 / 2.703474, 0.127675, -2.354184 / 2.703474, 0.127675, -2.354184; 1, 4, 1, 0; 0.488541322630; 1, 0, 1; 1, 0, 0; 3, 1, 2 ;
1,148; 1.01951, -1.68327, -2.23247 / 1.01951, -1.68327, -2.23247 / 1.01951, -1.68327, -2.23247; 1, 3, 1, 0; 0.888245231849; 1, 0, 1; 1, 0, 0; 3, 1, 2 ;
1,152; -0.0934897, -0.387001, -1.40735 / -0.0934897, -0.387001, -1.40735 / -0.0934897, -0.387001, -1.40735; 1, 11, 1, 0; 0.484186784490; 1, 0, 1; 1, 0, 0; 2, 1, 2 ;
0,152; 0.713313, 1.342064, 2.290487 / 0.713313, 1.342064, 2.290487 / 0.713313, 1.342064, 2.290487; 1, 31, 1, 0; 0.652554451039; 1, 0, 1; 0, 1, 0; 1, 1, 2 ;
0,152; 0.726186, 1.331079, 2.293808 / 0.726186, 1.331079, 2.293808 / 0.726186, 1.331079, 2.293808; 1, 31, 1, 0; 0.652559331033; 1, 0, 1; 0, 1, 0; 4, 1, 2 ;
0,152; 0.724165, 1.330652, 2.295154 / 0.724165, 1.330652, 2.295154 / 0.724165, 1.330652, 2.295154; 1, 31, 1, 0; 0.652559452207; 1, 0, 1; 0, 1, 0; 1, 1, 2 ;
0,152; 0.722616, 1.328875, 2.296790 / 0.722616, 1.328875, 2.296790 / 0.722616, 1.328875, 2.296790; 1, 31, 1, 0; 0.652559749633; 1, 0, 1; 0, 1, 0; 1, 1, 2 / 3, 8, 0 ;
0,152; 0.725889, 1.320415, 2.298357 / 0.725889, 1.320415, 2.298357 / 0.725889, 1.320415, 2.298357; 1, 31, 1, 0; 0.652562118028; 1, 0, 1; 0, 1, 0; 1, 1, 2 ;
0,152; 0.725866, 1.322964, 2.296503 / 0.725866, 1.322964, 2.296503 / 0.725866, 1.322964, 2.296503; 1, 31, 1, 0; 0.652560818165; 1, 0, 1; 1, 0, 0; 1, 6, 0 / 2, 1, 2 ;
1,153; 4.11394, -1.6231, 0.368098 / 4.11421, -1.62292, 0.368449 / 4.11368, -1.62328, 0.367747; 1, 19, 1, 0; 0.384853329110; 1, 0, 2; 1, 1, 0; 1, 1, 2 / 3, 6, 2 ;
0,153; 4.120818, -1.628435, 0.368145 / 4.120818, -1.628435, 0.368145 / 4.120818, -1.628435, 0.368145; 1, 19, 1, 0; 0.384840074279; 1, 0, 1; 1, 0, 0; 3, 1, 2 ;
0,153; 4.118457, -1.633271, 0.374241 / 4.118457, -1.633271, 0.374241 / 4.118457, -1.633271, 0.374241; 1, 19, 1, 0; 0.384841346974; 1, 0, 1; 1, 0, 0; 3, 1, 2 ;
0,153; 0.228332, 3.308797, 1.083117 / 0.228338, 3.308815, 1.083427 / 0.228326, 3.308780, 1.082807; 1, 26, 1, 0; 0.449055642707; 1, 0, 1; 2, 0, 0; 1, 1, 0 / 2, 1, 3 / 3, 3, 2 ;
1,154; -0.412729, -1.56399, -2.97023 / -0.412729, -1.56399, -2.97023 / -0.412729, -1.56399, -2.97023; 1, 5, 1, 0; 0.151659770967; 1, 0, 1; 1, 0, 0; 1, 6, 0 / 2, 1, 2 ;
0,154; -0.417659, -1.556689, -2.960906 / -0.417659, -1.556689, -2.960906 / -0.417659, -1.556689, -2.960906; 1, 5, 1, 0; 0.151661893098; 1, 0, 1; 1, 0, 0; 2, 1, 2 ;
0,154; -2.969255, -0.490848, -1.629301 / -2.968817, -0.490807, -1.628586 / -2.969693, -0.490889, -1.630016; 1, 6, 1, 0; 0.812567601875; 2, 1, 1; 2, 0, 0; 2, 6, 1 / 3, 1, 2 ;
1,155; 0.763186, -3.28241, 1.41081 / 0.763186, -3.28241, 1.41081 / 0.763186, -3.28241, 1.41081; 1, 22, 1, 0; 0.576625994610; 1, 0, 1; 1, 0, 0; 3, 1, 2 ;
1,156; -3.96431, 1.28089, 0.709996 / -3.96368, 1.2809, 0.710181 / -3.96495, 1.28088, 0.709811; 1, 24, 1, 0; 0.207908968237; 1, 0, 2; 1, 1, 0; 2, 1, 2 / 4, 2, 2 ;
1,162; -1.40205, 2.65981, 0.301595 / -1.40205, 2.65981, 0.301595 / -1.40205, 2.65981, 0.301595; 1, 17, 1, 0; 0.546943121616; 1, 0, 1; 1, 0, 0; 3, 1, 2 ;
1,166; -2.64326, -1.72132, -1.33488 / -2.64326, -1.72132, -1.33488 / -2.64326, -1.72132, -1.33488; 1, 9, 1, 0; 0.144125531492; 0, 1, 0; 1, 0, 0; 3, 1, 1 ;
1,169; 1.78235, 1.53617, -1.0949 / 1.78262, 1.53635, -1.09386 / 1.78208, 1.53598, -1.09594; 1, 11, 1, 0; 0.885769798547; 2, 1, 1; 1, 2, 0; 1, 1, 2 / 1, 8, 1 / 2, 8, 3 / 2, 9, 0 / 2, 10, 0 ;
0,169; 1.776750, 1.534685, -1.100349 / 1.777344, 1.535013, -1.099550 / 1.776155, 1.534358, -1.101148; 1, 11, 1, 0; 0.885779765910; 0, 2, 0; 1, 1, 0; 3, 7, 1 / 4, 1, 1 ;
0,169; 1.782620, 1.536413, -1.094011 / 1.783159, 1.536791, -1.093856 / 1.782081, 1.536034, -1.094166; 1, 11, 1, 0; 0.885769838600; 1, 0, 1; 2, 1, 0; 1, 1, 1 / 1, 4, 0 / 2, 1, 3 / 2, 2, 0 / 2, 3, 0 / 2, 4, 2 / 4, 6, 0 ;
0,169; 1.785766, 1.536369, -1.092982 / 1.785766, 1.536369, -1.092982 / 1.785766, 1.536369, -1.092982; 1, 11, 1, 0; 0.885769941592; 0, 1, 0; 1, 0, 0; 2, 1, 1 ;
0,169; 1.783330, 1.533777, -1.090966 / 1.783330, 1.533777, -1.090966 / 1.783330, 1.533777, -1.090966; 1, 11, 1, 0; 0.885770576711; 1, 0, 1; 1, 0, 0; 2, 1, 2 ;
1,172; -2.94871, 1.73445, -1.5272 / -2.94871, 1.73445, -1.5272 / -2.94871, 1.73445, -1.5272; 1, 7, 1, 0; 0.446940439628; 1, 0, 1; 1, 0, 0; 2, 1, 2 ;
1,173; -1.61013, 3.49886, 2.35939 / -1.61013, 3.49886, 2.35939 / -1.61013, 3.49886, 2.35939; 1, 39, 1, 0; 0.004922143643; 1, 0, 1; 1, 0, 0; 2, 5, 0 / 3, 1, 2 ;
0,173; -1.610212, 3.501034, 2.365780 / -1.610212, 3.501034, 2.365780 / -1.610212, 3.501034, 2.365780; 1, 39, 1, 0; 0.004951815182; 1, 0, 1; 1, 0, 0; 3, 1, 2 ;
1,174; 2.51945, -1.79712, -2.93173 / 2.51945, -1.79712, -2.93173 / 2.51945, -1.79712, -2.93173; 1, 3, 1, 0; 0.364700145472; 1, 0, 1; 1, 0, 0; 2, 1, 2 ;
1,175; -3.59728, -2.65971, 0.226527 / -3.59728, -2.65971, 0.226527 / -3.59728, -2.65971, 0.226527; 1, 18, 1, 0; 0.038003446794; 1, 0, 1; 1, 0, 0; 3, 1, 2 ;
1,178; 2.13904, -2.18814, -2.87094 / 2.13904, -2.18814, -2.87094 / 2.13904, -2.18814, -2.87094; 1, 3, 1, 0; 0.405107415870; 1, 0, 1; 1, 0, 0; 2, 1, 2 ;
1,179; 0.963406, -3.06862, -3.02117 / 0.963406, -3.06862, -3.02117 / 0.963406, -3.06862, -3.02117; 1, 3, 1, 0; 0.437866278203; 1, 0, 1; 1, 0, 0; 3, 1, 2 ;
0,179; 1.112392, -2.576989, -1.196027 / 1.112392, -2.576989, -1.196027 / 1.112392, -2.576989, -1.196027; 1, 8, 1, 0; 0.849090844473; 1, 0, 1; 1, 0, 0; 3, 1, 2 ;
0,179; 1.107716, -2.557113, -1.194607 / 1.107716, -2.557113, -1.194607 / 1.107716, -2.557113, -1.194607; 1, 8, 1, 0; 0.849092941057; 1, 0, 1; 1, 0, 0; 2, 1, 2 ;
0,179; 1.113401, -2.554894, -1.187229 / 1.113401, -2.554894, -1.187229 / 1.113401, -2.554894, -1.187229; 1, 8, 1, 0; 0.849093293897; 0, 1, 0; 1, 0, 0; 3, 1, 1 ;
0,179; 1.108941, -1.544087, 2.625976 / 1.108941, -1.544087, 2.625976 / 1.108941, -1.544087, 2.625976; 1, 34, 1, 0; 0.488093666510; 0, 1, 0; 0, 1, 0; 4, 1, 1 ;
1,181; 1.42825, -0.607777, 2.30967 / 1.42825, -0.607777, 2.30967 / 1.42825, -0.607777, 2.30967; 1, 28, 1, 0; 0.848629156721; 0, 1, 0; 0, 1, 0; 4, 1, 1 ;
1,196; -2.97004, -1.61078, 0.302862 / -2.97004, -1.61078, 0.302862 / -2.97004, -1.61078, 0.302862; 1, 21, 1, 0; 0.024348046577; 1, 0, 1; 0, 1, 0; 1, 1, 2 ;
0,196; -3.273080, -1.616690, 0.298564 / -3.273080, -1.616690, 0.298564 / -3.273080, -1.616690, 0.298564; 1, 21, 1, 0; 0.021247780863; 1, 0, 1; 1, 0, 0; 2, 1, 2 ;
1,198; -2.03634, -1.68852, -2.81989 / -2.03634, -1.68852, -2.81989 / -2.03634, -1.68852, -2.81989; 1, 5, 1, 0; 0.141082860142; 0, 1, 0; 1, 0, 0; 3, 1, 1 ;
