1,1; 2.363, 1.81166, 0.70544 / 2.363, 1.81166, 0.70544 / 2.363, 1.81166, 0.70544; 1, 20, 1, 0; 0.759348481299; 1, 0, 1; 1, 0, 0; 3, 1, 2 ;
1,4; -2.38354, -1.07052, -0.284875 / -2.38325, -1.07045, -0.28484 / -2.38383, -1.0706, -0.28491; 1, 10, 1, 0; 0.818940817902; 2, 1, 1; 1, 1, 0; 1, 1, 1 / 2, 2, 2 ;
0,4; -2.381310, -1.070551, -0.291961 / -2.381310, -1.070551, -0.291961 / -2.381310, -1.070551, -0.291961; 1, 10, 1, 0; 0.818932210226; 1, 0, 1; 1, 0, 0; 3, 1, 2 ;
0,4; -1.095913, -0.446725, 0.010420 / -1.095913, -0.446725, 0.010420 / -1.095913, -0.446725, 0.010420; 1, 16, 1, 0; 0.775675944827; 1, 0, 1; 1, 0, 0; 1, 1, 0 / 2, 1, 2 ;
0,4; 2.960348, 1.448921, 0.990063 / 2.960348, 1.448921, 0.990063 / 2.960348, 1.448921, 0.990063; 1, 26, 1, 0; 0.270668466847; 1, 0, 1; 1, 0, 0; 3, 1, 2 ;
1,5; -0.791491, -1.83026, 3.71965 / -0.79084, -1.82923, 3.72055 / -0.792143, -1.83129, 3.71875; 1, 45, 1, 0; 0.843063727236; 2, 1, 3; 1, 4, 1; 1, 1, 2 / 1, 9, 2 / 3, 7, 3 / 4, 3, 2 / 4, 8, 1 ;
0,5; -0.781119, -1.835321, 3.724038 / -0.781119, -1.835321, 3.724038 / -0.781119, -1.835321, 3.724038; 1, 45, 1, 0; 0.843031758469; 1, 0, 1; 0, 1, 0; 4, 1, 2 ;
0,5; -0.794186, -1.828796, 3.716618 / -0.794186, -1.828796, 3.716618 / -0.794186, -1.828796, 3.716618; 1, 45, 1, 0; 0.843063506762; 1, 0, 1; 1, 0, 0; 3, 1, 2 / 3, 7, 0 / 3, 10, 0 ;
1,6; -0.73819, 1.88164, -3.9812 / -0.737882, 1.88213, -3.98099 / -0.738497, 1.88114, -3.9814; 1, 2, 1, 0; 0.042306267779; 0, 2, 0; 1, 1, 0; 1, 1, 1 / 3, 6, 1 ;
0,6; -0.511148, 1.793583, -3.858720 / -0.510998, 1.793679, -3.857891 / -0.511298, 1.793488, -3.859549; 1, 2, 1, 0; 0.054672767373; 2, 1, 1; 1, 1, 0; 1, 3, 0 / 1, 7, 1 / 2, 1, 2 / 2, 3, 0 / 2, 5, 0 ;
0,6; -0.514219, 1.791030, -3.871058 / -0.514219, 1.791030, -3.871058 / -0.514219, 1.791030, -3.871058; 1, 2, 1, 0; 0.054666142189; 0, 1, 0; 0, 1, 0; 1, 1, 1 ;
0,6; -0.519527, 1.805578, -3.848007 / -0.519527, 1.805578, -3.848007 / -0.519527, 1.805578, -3.848007; 1, 2, 1, 0; 0.054678554025; 1, 0, 1; 0, 1, 0; 1, 1, 2 ;
0,6; -0.733801, 1.879815, -3.978478 / -0.733801, 1.879815, -3.978478 / -0.733801, 1.879815, -3.978478; 1, 2, 1, 0; 0.042306738464; 1, 0, 1; 1, 0, 0; 2, 1, 2 ;
0,6; -0.510921, 1.793603, -3.860319 / -0.510844, 1.793679, -3.859549 / -0.510998, 1.793527, -3.861090; 1, 2, 1, 0; 0.054672791105; 0, 1, 0; 1, 1, 0; 1, 1, 1 / 2, 9, 1 ;
0,6; -0.512373, 1.792552, -3.865551 / -0.512373, 1.792552, -3.865551 / -0.512373, 1.792552, -3.865551; 1, 2, 1, 0; 0.054672905809; 0, 0, 0; 1, 0, 0; 2, 1, 3 ;
0,6; -0.524345, 1.811774, -3.845698 / -0.524345, 1.811774, -3.845698 / -0.524345, 1.811774, -3.845698; 1, 2, 1, 0; 0.054684795541; 1, 0, 1; 1, 0, 0; 3, 1, 2 ;
0,6; -0.520373, 1.815012, -3.844021 / -0.520373, 1.815012, -3.844021 / -0.520373, 1.815012, -3.844021; 1, 2, 1, 0; 0.054685282047; 1, 0, 1; 1, 0, 0; 2, 1, 2 / 2, 2, 0 ;
1,7; -2.04466, 2.66633, 1.5719 / -2.04466, 2.66633, 1.5719 / -2.04466, 2.66633, 1.5719; 1, 24, 1, 0; 0.981342619484; 1, 0, 1; 1, 0, 0; 2, 1, 2 / 3, 5, 0 ;
1,10; 0.131706, 3.91896, 1.54226 / 0.131706, 3.91896, 1.54226 / 0.131706, 3.91896, 1.54226; 1, 31, 1, 0; 0.046148186581; 0, 1, 0; 0, 1, 0; 4, 1, 1 ;
0,10; 0.129216, 3.915525, 1.541269 / 0.129216, 3.915525, 1.541269 / 0.129216, 3.915525, 1.541269; 1, 31, 1, 0; 0.046129206379; 1, 0, 1; 1, 0, 0; 3, 1, 2 ;
1,13; -0.175408, -0.828772, 1.63261 / -0.17487, -0.828447, 1.63271 / -0.175945, -0.829096, 1.63251; 1, 27, 1, 0; 0.776215946930; 0, 1, 0; 1, 1, 0; 1, 2, 0 / 3, 1, 3 / 4, 4, 1 ;
0,13; -0.178879, -0.829773, 1.633413 / -0.178879, -0.829773, 1.633413 / -0.178879, -0.829773, 1.633413; 1, 27, 1, 0; 0.776216131100; 0, 1, 0; 0, 1, 0; 1, 1, 1 ;
0,13; -0.175549, -0.832139, 1.631382 / -0.175549, -0.832139, 1.631382 / -0.175549, -0.832139, 1.631382; 1, 27, 1, 0; 0.776214869534; 0, 1, 0; 1, 0, 0; 3, 1, 1 ;
0,13; -0.179087, -0.832204, 1.632557 / -0.179087, -0.832204, 1.632557 / -0.179087, -0.832204, 1.632557; 1, 27, 1, 0; 0.776215016870; 1, 0, 1; 1, 0, 0; 2, 1, 2 ;
1,16; 0.682687, 3.31251, -0.178064 / 0.682687, 3.31251, -0.178064 / 0.682687, 3.31251, -0.178064; 1, 17, 1, 0; 0.223106766932; 1, 0, 1; 1, 0, 0; 2, 1, 2 ;
0,16; 0.683715, 3.308002, -0.177172 / 0.683715, 3.308002, -0.177172 / 0.683715, 3.308002, -0.177172; 1, 17, 1, 0; 0.223107966545; 1, 0, 1; 1, 0, 0; 3, 1, 2 ;
1,17; 2.68914, -0.0797764, -1.69619 / 2.68914, -0.0797764, -1.69619 / 2.68914, -0.0797764, -1.69619; 1, 4, 1, 0; 0.932459970906; 0, 1, 0; 0, 1, 0; 4, 1, 1 ;
0,17; -3.735888, -0.952954, 2.042463 / -3.735888, -0.952954, 2.042463 / -3.735888, -0.952954, 2.042463; 1, 30, 1, 0; 0.425516041864; 1, 0, 1; 1, 0, 0; 3, 1, 2 ;
1,21; 2.80244, -0.114288, 2.54671 / 2.80244, -0.114288, 2.54671 / 2.80244, -0.114288, 2.54671; 1, 34, 1, 0; 0.815234577880; 1, 0, 1; 1, 0, 0; 3, 1, 2 ;
1,26; -0.48089, -0.734988, 2.46115 / -0.48089, -0.734988, 2.46115 / -0.48089, -0.734988, 2.46115; 1, 34, 1, 0; 0.121009668994; 1, 0, 1; 0, 1, 0; 1, 1, 2 ;
1,34; 0.865458, 1.4927, 0.189856 / 0.865458, 1.4927, 0.189856 / 0.865458, 1.4927, 0.189856; 1, 17, 1, 0; 0.673147930389; 1, 0, 1; 0, 1, 0; 1, 1, 2 ;
0,34; -1.367776, 0.011552, 0.768284 / -1.367776, 0.011552, 0.768284 / -1.367776, 0.011552, 0.768284; 1, 21, 1, 0; 0.472993361505; 1, 0, 1; 0, 1, 0; 3, 5, 0 / 4, 1, 2 ;
0,34; -2.032493, -0.424952, 0.951546 / -2.032493, -0.424952, 0.951546 / -2.032493, -0.424952, 0.951546; 1, 21, 1, 0; 0.549518585456; 1, 0, 1; 1, 0, 0; 3, 1, 2 ;
1,38; 3.25967, 1.40782, 0.0807505 / 3.25967, 1.40782, 0.0807505 / 3.25967, 1.40782, 0.0807505; 1, 20, 1, 0; 0.352793623797; 1, 0, 1; 1, 0, 0; 1, 4, 0 / 3, 1, 2 ;
1,41; 1.14391, 1.82488, 0.757952 / 1.14391, 1.82488, 0.757952 / 1.14391, 1.82488, 0.757952; 1, 26, 1, 0; 0.079806463503; 1, 0, 1; 0, 1, 0; 4, 1, 2 ;
0,41; 1.116933, 1.769247, 0.691319 / 1.116933, 1.769247, 0.691319 / 1.116933, 1.769247, 0.691319; 1, 26, 1, 0; 0.077923758090; 1, 0, 1; 1, 0, 0; 2, 1, 2 ;
0,41; 1.680735, 2.960025, 2.177744 / 1.680735, 2.960025, 2.177744 / 1.680735, 2.960025, 2.177744; 1, 38, 1, 0; 0.013262244592; 1, 0, 1; 1, 0, 0; 2, 1, 2 ;
0,41; 1.678736, 2.964793, 2.176928 / 1.678736, 2.964793, 2.176928 / 1.678736, 2.964793, 2.176928; 1, 38, 1, 0; 0.013264969354; 1, 0, 1; 1, 0, 0; 2, 1, 2 ;
1,47; -1.59259, 1.80387, -2.26206 / -1.59259, 1.80387, -2.26206 / -1.59259, 1.80387, -2.26206; 1, 6, 1, 0; 0.202765048260; 1, 0, 1; 1, 0, 0; 3, 1, 2 ;
0,47; -0.914182, 1.709857, -1.758393 / -0.914182, 1.709857, -1.758393 / -0.914182, 1.709857, -1.758393; 1, 7, 1, 0; 0.039241420114; 0, 1, 0; 0, 1, 0; 4, 1, 1 ;
0,47; 3.334156, 0.881929, 1.691921 / 3.334156, 0.881929, 1.691921 / 3.334156, 0.881929, 1.691921; 1, 27, 1, 0; 0.470732352811; 1, 0, 1; 0, 1, 0; 4, 1, 2 ;
0,47; 3.349416, 0.865318, 1.683970 / 3.349416, 0.865318, 1.683970 / 3.349416, 0.865318, 1.683970; 1, 27, 1, 0; 0.470725345135; 1, 0, 1; 1, 0, 0; 2, 1, 2 ;
0,47; 3.337297, 0.875018, 1.695833 / 3.337297, 0.875018, 1.695833 / 3.337297, 0.875018, 1.695833; 1, 27, 1, 0; 0.470747150887; 1, 0, 1; 1, 0, 0; 2, 1, 2 ;
1,48; -1.80045, -3.69976, -0.295842 / -1.80045, -3.69976, -0.295842 / -1.80045, -3.69976, -0.295842; 1, 10, 1, 0; 0.979840276787; 0, 1, 0; 0, 1, 0; 4, 1, 1 ;
1,50; 3.19595, 1.94502, -2.57767 / 3.19595, 1.94502, -2.57767 / 3.19595, 1.94502, -2.57767; 1, 4, 1, 0; 0.120809314265; 0, 1, 0; 0, 1, 0; 4, 1, 1 ;
0,50; -1.112763, 0.939216, 1.861536 / -1.112763, 0.939216, 1.861536 / -1.112763, 0.939216, 1.861536; 1, 29, 1, 0; 0.934666810837; 1, 0, 1; 1, 0, 0; 3, 1, 2 ;
1,51; 0.262495, -3.11971, -0.795033 / 0.262495, -3.11971, -0.795033 / 0.262495, -3.11971, -0.795033; 1, 9, 1, 0; 0.660389924477; 1, 0, 1; 1, 0, 0; 3, 1, 2 ;
1,53; -3.47381, 2.72682, -1.41105 / -3.47381, 2.72682, -1.41105 / -3.47381, 2.72682, -1.41105; 1, 7, 1, 0; 0.367693972372; 1, 0, 1; 1, 0, 0; 2, 1, 2 ;
1,57; 0.145943, 0.788066, 2.80196 / 0.145943, 0.788066, 2.80196 / 0.145943, 0.788066, 2.80196; 1, 39, 1, 0; 0.280249944994; 0, 1, 0; 0, 1, 0; 4, 1, 1 ;
0,57; 0.147180, 0.791075, 2.810794 / 0.147180, 0.791075, 2.810794 / 0.147180, 0.791075, 2.810794; 1, 39, 1, 0; 0.280245308817; 1, 0, 1; 1, 0, 0; 2, 1, 2 ;
1,60; -2.12281, 0.84584, -0.83762 / -2.12281, 0.84584, -0.83762 / -2.12281, 0.84584, -0.83762; 1, 10, 1, 0; 0.283018720614; 1, 0, 1; 1, 0, 0; 2, 1, 2 ;
1,61; -0.938414, -2.49524, -1.6448 / -0.938148, -2.49499, -1.64467 / -0.938681, -2.49549, -1.64493; 1, 9, 1, 0; 0.052710931316; 1, 0, 2; 2, 0, 0; 2, 3, 2 / 3, 1, 2 ;
0,61; -0.940588, -2.497816, -1.646026 / -0.940588, -2.497816, -1.646026 / -0.940588, -2.497816, -1.646026; 1, 9, 1, 0; 0.052711563915; 0, 0, 0; 1, 0, 0; 1, 4, 0 / 1, 9, 0 / 3, 1, 3 / 3, 4, 0 / 3, 6, 0 / 3, 9, 0 ;
0,61; -1.177949, -2.266202, -1.746028 / -1.177949, -2.266202, -1.746028 / -1.177949, -2.266202, -1.746028; 1, 9, 1, 0; 0.088079704268; 1, 0, 1; 1, 0, 0; 3, 1, 2 ;
1,69; -1.24809, -0.639174, -0.418974 / -1.24809, -0.639174, -0.418974 / -1.24809, -0.639174, -0.418974; 1, 10, 1, 0; 0.591692078775; 1, 0, 1; 1, 0, 0; 3, 1, 2 ;
1,70; 2.03915, -0.515066, -2.39418 / 2.03962, -0.514911, -2.39395 / 2.03868, -0.515221, -2.39441; 1, 3, 1, 0; 0.790930902614; 0, 2, 0; 1, 1, 0; 1, 1, 1 / 3, 6, 1 ;
1,76; -0.710549, 3.93906, -1.69262 / -0.710549, 3.93906, -1.69262 / -0.710549, 3.93906, -1.69262; 1, 7, 1, 0; 0.152914226192; 1, 0, 1; 0, 1, 0; 4, 1, 2 ;
1,78; 2.38663, 2.3876, -0.498815 / 2.38708, 2.38782, -0.498403 / 2.38618, 2.38737, -0.499227; 1, 13, 1, 0; 0.505161902054; 2, 1, 1; 1, 1, 0; 2, 1, 2 / 4, 5, 1 ;
0,78; 2.384135, 2.398295, -0.497319 / 2.384135, 2.398295, -0.497319 / 2.384135, 2.398295, -0.497319; 1, 13, 1, 0; 0.505161132674; 1, 0, 1; 1, 0, 0; 3, 1, 2 ;
1,81; 2.35111, -0.488809, -2.66765 / 2.35113, -0.488764, -2.66765 / 2.3511, -0.488854, -2.66765; 1, 3, 1, 0; 0.638997940820; 2, 1, 1; 2, 0, 0; 3, 1, 1 / 3, 2, 2 ;
0,81; 3.918160, -1.644266, 1.380977 / 3.918160, -1.644266, 1.380977 / 3.918160, -1.644266, 1.380977; 1, 22, 1, 0; 0.325567000483; 1, 0, 1; 1, 0, 0; 2, 1, 2 ;
1,85; -1.35144, -0.904647, 2.82851 / -1.35144, -0.904647, 2.82851 / -1.35144, -0.904647, 2.82851; 1, 36, 1, 0; 0.848168291068; 1, 0, 1; 0, 1, 0; 4, 1, 2 ;
0,85; -1.360060, -0.905832, 2.829925 / -1.360060, -0.905832, 2.829925 / -1.360060, -0.905832, 2.829925; 1, 36, 1, 0; 0.848167324929; 1, 0, 1; 1, 0, 0; 2, 1, 2 ;
1,86; -0.895152, 3.21955, 2.35149 / -0.894572, 3.22003, 2.35163 / -0.895733, 3.21906, 2.35135; 1, 38, 1, 0; 0.104762195607; 2, 1, 1; 1, 1, 0; 1, 1, 1 / 3, 1, 2 ;
1,87; -3.79891, 0.515029, -1.08038 / -3.79891, 0.515029, -1.08038 / -3.79891, 0.515029, -1.08038; 1, 10, 1, 0; 0.248832546099; 0, 1, 0; 0, 1, 0; 4, 1, 1 ;
0,87; -3.801353, 0.514642, -1.079439 / -3.801025, 0.514798, -1.079420 / -3.801682, 0.514486, -1.079458; 1, 10, 1, 0; 0.248832643422; 0, 1, 0; 2, 0, 0; 2, 3, 1 / 3, 1, 3 ;
1,96; 2.97323, -1.51919, -2.02701 / 2.97323, -1.51919, -2.02701 / 2.97323, -1.51919, -2.02701; 1, 8, 1, 0; 0.087297206634; 1, 0, 1; 0, 1, 0; 4, 1, 2 ;
1,98; -2.48148, -1.4077, 3.26803 / -2.48148, -1.4077, 3.26803 / -2.48148, -1.4077, 3.26803; 1, 40, 1, 0; 0.458362439101; 1, 0, 1; 1, 0, 0; 3, 1, 2 ;
1,100; -1.44487, 0.9553, 2.48436 / -1.44487, 0.9553, 2.48436 / -1.44487, 0.9553, 2.48436; 1, 37, 1, 0; 0.624639489459; 1, 0, 1; 1, 0, 0; 3, 1, 2 ;
1,103; 0.511034, -1.80238, -2.37695 / 0.511034, -1.80238, -2.37695 / 0.511034, -1.80238, -2.37695; 1, 3, 1, 0; 0.891037456127; 1, 0, 1; 1, 0, 0; 2, 1, 2 ;
0,103; 1.105904, -1.041781, -1.736643 / 1.105904, -1.041781, -1.736643 / 1.105904, -1.041781, -1.736643; 1, 8, 1, 0; 0.136713343786; 1, 0, 1; 1, 0, 0; 2, 1, 2 ;
1,107; -0.363557, 0.107455, 0.22285 / -0.363394, 0.108542, 0.223537 / -0.363721, 0.106368, 0.222164; 1, 16, 1, 0; 0.686783584608; 1, 0, 2; 1, 1, 0; 1, 10, 2 / 2, 1, 2 ;
1,108; 1.35273, 3.8785, 1.22514 / 1.35282, 3.87855, 1.2252 / 1.35265, 3.87845, 1.22509; 1, 26, 1, 0; 0.570398919892; 1, 0, 2; 2, 0, 0; 1, 5, 0 / 3, 1, 2 / 3, 2, 2 ;
0,108; 1.354943, 3.880180, 1.223629 / 1.354943, 3.880180, 1.223629 / 1.354943, 3.880180, 1.223629; 1, 26, 1, 0; 0.570398817025; 1, 0, 1; 1, 0, 0; 2, 1, 2 ;
1,109; -1.06902, -3.83064, -1.17418 / -1.06889, -3.83057, -1.17373 / -1.06915, -3.83072, -1.17463; 1, 9, 1, 0; 0.282127517961; 2, 1, 1; 1, 1, 0; 2, 1, 1 / 4, 5, 2 ;
0,109; -1.059606, -3.830012, -1.176596 / -1.059606, -3.830012, -1.176596 / -1.059606, -3.830012, -1.176596; 1, 9, 1, 0; 0.282118445298; 1, 0, 1; 1, 0, 0; 3, 1, 2 ;
0,109; -1.083805, -3.837482, -1.202084 / -1.083805, -3.837482, -1.202084 / -1.083805, -3.837482, -1.202084; 1, 9, 1, 0; 0.282193151491; 1, 0, 1; 1, 0, 0; 2, 1, 2 ;
0,109; 0.123893, 0.125186, 1.121295 / 0.123893, 0.125186, 1.121295 / 0.123893, 0.125186, 1.121295; 1, 23, 1, 0; 0.504175826450; 1, 0, 1; 0, 1, 0; 1, 1, 2 ;
1,119; 1.64373, -0.348197, 1.69039 / 1.64373, -0.348197, 1.69039 / 1.64373, -0.348197, 1.69039; 1, 27, 1, 0; 0.740545512140; 1, 0, 1; 1, 0, 0; 2, 1, 2 ;
0,119; 1.645712, -0.351853, 1.686421 / 1.645712, -0.351853, 1.686421 / 1.645712, -0.351853, 1.686421; 1, 27, 1, 0; 0.740545954149; 1, 0, 1; 1, 0, 0; 2, 1, 2 ;
0,119; 0.797094, -0.918429, 2.260334 / 0.797094, -0.918429, 2.260334 / 0.797094, -0.918429, 2.260334; 1, 34, 1, 0; 0.096470343179; 0, 1, 0; 0, 1, 0; 1, 1, 1 ;
0,119; 0.791233, -0.918538, 2.261637 / 0.791233, -0.918538, 2.261637 / 0.791233, -0.918538, 2.261637; 1, 34, 1, 0; 0.096472251534; 1, 0, 1; 0, 1, 0; 4, 1, 2 ;
1,122; 0.0119575, -1.52305, 2.56362 / 0.0119575, -1.52305, 2.56362 / 0.0119575, -1.52305, 2.56362; 1, 34, 1, 0; 0.503485003829; 0, 1, 0; 1, 0, 0; 2, 1, 1 ;
1,123; 1.42049, -1.60747, -1.76746 / 1.42049, -1.60747, -1.76746 / 1.42049, -1.60747, -1.76746; 1, 8, 1, 0; 0.205098830924; 1, 0, 1; 0, 1, 0; 4, 1, 2 ;
0,123; 1.422229, -1.605429, -1.769786 / 1.422229, -1.605429, -1.769786 / 1.422229, -1.605429, -1.769786; 1, 8, 1, 0; 0.205099418991; 0, 1, 0; 1, 0, 0; 2, 1, 1 / 3, 7, 0 ;
0,123; 0.169830, -3.336877, 0.373643 / 0.169830, -3.336877, 0.373643 / 0.169830, -3.336877, 0.373643; 1, 18, 1, 0; 0.228680830467; 1, 0, 1; 1, 0, 0; 1, 7, 0 / 3, 1, 2 ;
0,123; 0.169503, -3.338334, 0.373708 / 0.169503, -3.338334, 0.373708 / 0.169503, -3.338334, 0.373708; 1, 18, 1, 0; 0.228680900212; 0, 1, 0; 1, 0, 0; 3, 1, 1 / 4, 1, 0 ;
1,129; -2.91155, 0.366957, 0.666129 / -2.91155, 0.366957, 0.666129 / -2.91155, 0.366957, 0.666129; 1, 23, 1, 0; 0.188992386923; 0, 1, 0; 1, 0, 0; 3, 1, 1 / 4, 1, 0 ;
1,135; -3.07342, 0.718391, -0.113085 / -3.07342, 0.718391, -0.113085 / -3.07342, 0.718391, -0.113085; 1, 14, 1, 0; 0.423304595473; 1, 0, 1; 1, 0, 0; 2, 1, 2 ;
0,135; -0.957220, 0.903077, 1.704965 / -0.957103, 0.903141, 1.705096 / -0.957338, 0.903014, 1.704834; 1, 30, 1, 0; 0.156887013377; 0, 2, 0; 1, 1, 0; 3, 1, 1 / 4, 1, 1 ;
0,135; -0.960044, 0.908424, 1.706500 / -0.960044, 0.908424, 1.706500 / -0.960044, 0.908424, 1.706500; 1, 30, 1, 0; 0.156888425856; 1, 0, 1; 0, 1, 0; 1, 1, 2 ;
0,135; -0.961323, 0.917878, 1.712975 / -0.961323, 0.917878, 1.712975 / -0.961323, 0.917878, 1.712975; 1, 30, 1, 0; 0.156889624027; 1, 0, 1; 1, 0, 0; 3, 1, 2 ;
1,138; 2.9283, -0.200174, 2.56871 / 2.9283, -0.200174, 2.56871 / 2.9283, -0.200174, 2.56871; 1, 34, 1, 0; 0.818559217600; 1, 0, 1; 1, 0, 0; 2, 1, 2 ;
1,144; 3.05153, -0.208295, -2.88922 / 3.05153, -0.208295, -2.88922 / 3.05153, -0.208295, -2.88922; 1, 3, 1, 0; 0.295289087150; 1, 0, 1; 0, 1, 0; 4, 1, 2 ;
0,144; 3.070225, -0.191326, -2.910337 / 3.070225, -0.191326, -2.910337 / 3.070225, -0.191326, -2.910337; 1, 3, 1, 0; 0.295317004961; 1, 0, 1; 0, 1, 0; 1, 1, 2 / 1, 9, 0 / 2, 3, 0 / 2, 10, 0 / 4, 6, 0 ;
0,144; 3.068576, -0.188271, -2.910765 / 3.068576, -0.188271, -2.910765 / 3.068576, -0.188271, -2.910765; 1, 3, 1, 0; 0.295317105703; 1, 0, 1; 0, 1, 0; 4, 1, 2 ;
0,144; 3.068560, -0.184846, -2.907746 / 3.068744, -0.184199, -2.907356 / 3.068377, -0.185492, -2.908136; 1, 3, 1, 0; 0.295317234654; 2, 1, 1; 2, 0, 0; 3, 1, 1 / 3, 4, 2 ;
0,144; 3.068099, -0.183820, -2.912967 / 3.068099, -0.183820, -2.912967 / 3.068099, -0.183820, -2.912967; 1, 3, 1, 0; 0.295310138340; 0, 1, 0; 1, 0, 0; 3, 1, 1 ;
1,147; -1.43849, -2.1561, 0.648959 / -1.43835, -2.15577, 0.648992 / -1.43863, -2.15644, 0.648926; 1, 18, 1, 0; 0.485776288956; 1, 0, 2; 1, 1, 0; 3, 1, 2 / 4, 3, 2 ;
1,148; -1.42375, -3.03219, 0.665931 / -1.42375, -3.03219, 0.665931 / -1.42375, -3.03219, 0.665931; 1, 18, 1, 0; 0.642928861567; 1, 0, 1; 0, 1, 0; 4, 1, 2 ;
0,148; 2.387952, -2.697980, 1.639631 / 2.387952, -2.697980, 1.639631 / 2.387952, -2.697980, 1.639631; 1, 22, 1, 0; 0.863210858784; 1, 0, 1; 1, 0, 0; 2, 1, 2 ;
1,149; -3.28615, 0.0260935, -2.16138 / -3.28615, 0.0260935, -2.16138 / -3.28615, 0.0260935, -2.16138; 1, 6, 1, 0; 0.345509380014; 1, 0, 1; 1, 0, 0; 3, 1, 2 ;
1,150; 0.664334, -3.28417, 3.00928 / 0.664334, -3.28417, 3.00928 / 0.664334, -3.28417, 3.00928; 1, 35, 1, 0; 0.963758704910; 1, 0, 1; 0, 1, 0; 1, 1, 2 ;
0,150; 0.660132, -3.288590, 3.009342 / 0.660132, -3.288590, 3.009342 / 0.660132, -3.288590, 3.009342; 1, 35, 1, 0; 0.963759026957; 1, 0, 1; 1, 0, 0; 3, 1, 2 ;
0,150; 0.661045, -3.277052, 3.008790 / 0.661045, -3.277052, 3.008790 / 0.661045, -3.277052, 3.008790; 1, 35, 1, 0; 0.963782201405; 1, 0, 1; 1, 0, 0; 3, 1, 2 ;
0,150; 0.217484, -1.506850, 3.518020 / 0.217484, -1.506850, 3.518020 / 0.217484, -1.506850, 3.518020; 1, 43, 1, 0; 0.447563243119; 1, 0, 1; 1, 0, 0; 2, 1, 2 ;
1,152; 2.731, 1.34477, 1.41043 / 2.731, 1.34477, 1.41043 / 2.731, 1.34477, 1.41043; 1, 26, 1, 0; 0.719021507865; 1, 0, 1; 1, 0, 0; 3, 1, 2 ;
0,152; 2.740049, 1.339459, 1.411658 / 2.740049, 1.339459, 1.411658 / 2.740049, 1.339459, 1.411658; 1, 26, 1, 0; 0.719023050877; 1, 0, 1; 1, 0, 0; 2, 1, 2 ;
1,155; -2.17089, -0.953147, 2.07421 / -2.17089, -0.953147, 2.07421 / -2.17089, -0.953147, 2.07421; 1, 30, 1, 0; 0.446224667921; 1, 0, 1; 0, 1, 0; 4, 1, 2 ;
1,160; 3.49945, 1.3448, -0.780089 / 3.49945, 1.3448, -0.780089 / 3.49945, 1.3448, -0.780089; 1, 12, 1, 0; 0.319541323931; 1, 0, 1; 0, 1, 0; 4, 1, 2 ;
1,164; -0.394456, -3.45037, -1.43881 / -0.394456, -3.45037, -1.43881 / -0.394456, -3.45037, -1.43881; 1, 8, 1, 0; 0.471878252901; 1, 0, 1; 0, 1, 0; 1, 1, 2 ;
1,166; 2.28171, -3.58149, -0.0743589 / 2.28193, -3.58142, -0.0740672 / 2.28149, -3.58156, -0.0746505; 1, 15, 1, 0; 0.317754308913; 2, 1, 1; 0, 2, 1; 1, 1, 2 / 4, 5, 1 ;
0,166; 2.285312, -3.207716, -0.024209 / 2.285452, -3.207376, -0.023902 / 2.285172, -3.208056, -0.024516; 1, 15, 1, 0; 0.334853802345; 2, 1, 1; 1, 1, 0; 1, 1, 2 / 3, 1, 0 / 3, 4, 1 ;
0,166; 2.296977, -2.723400, 0.050476 / 2.296977, -2.723400, 0.050476 / 2.296977, -2.723400, 0.050476; 1, 15, 1, 0; 0.762232323679; 1, 0, 1; 1, 0, 0; 2, 1, 2 ;
1,167; -3.26416, 0.444274, 0.487836 / -3.26416, 0.444274, 0.487836 / -3.26416, 0.444274, 0.487836; 1, 17, 1, 0; 0.736183962014; 1, 0, 1; 1, 0, 0; 3, 1, 2 ;
1,170; -2.16188, 0.187287, -3.03798 / -2.16188, 0.187287, -3.03798 / -2.16188, 0.187287, -3.03798; 1, 2, 1, 0; 0.572272516921; 0, 1, 0; 0, 1, 0; 1, 1, 1 ;
1,171; -0.239644, -1.63527, -3.89703 / -0.239644, -1.63527, -3.89703 / -0.239644, -1.63527, -3.89703; 1, 1, 1, 0; 0.344640879476; 1, 0, 1; 1, 0, 0; 2, 1, 2 ;
0,171; -0.241046, -1.645067, -3.894070 / -0.241046, -1.645067, -3.894070 / -0.241046, -1.645067, -3.894070; 1, 1, 1, 0; 0.344641567704; 1, 0, 1; 1, 0, 0; 2, 1, 2 ;
0,171; -0.240719, -1.647297, -3.891128 / -0.240719, -1.647297, -3.891128 / -0.240719, -1.647297, -3.891128; 1, 1, 1, 0; 0.344648857383; 1, 0, 1; 1, 0, 0; 2, 1, 2 ;
1,177; 0.585552, -1.24857, 0.212632 / 0.585552, -1.24857, 0.212632 / 0.585552, -1.24857, 0.212632; 1, 16, 1, 0; 0.886318859565; 0, 1, 0; 0, 1, 0; 4, 1, 1 ;
1,178; -0.160714, 0.408127, 1.34582 / -0.160714, 0.408127, 1.34582 / -0.160714, 0.408127, 1.34582; 1, 23, 1, 0; 0.660515312615; 1, 0, 1; 1, 0, 0; 2, 1, 2 ;
1,182; -2.34292, 2.7728, 0.231177 / -2.34292, 2.7728, 0.231177 / -2.34292, 2.7728, 0.231177; 1, 14, 1, 0; 0.665581884746; 1, 0, 1; 1, 0, 0; 2, 1, 2 ;
1,186; 3.03141, 1.22687, -0.500757 / 3.03141, 1.22687, -0.500757 / 3.03141, 1.22687, -0.500757; 1, 12, 1, 0; 0.927028764596; 1, 0, 1; 1, 0, 0; 3, 1, 2 ;
0,186; 2.265666, 3.181999, -1.371842 / 2.266373, 3.182485, -1.371838 / 2.264959, 3.181513, -1.371846; 1, 13, 1, 0; 0.056555703687; 1, 0, 1; 1, 1, 0; 2, 1, 2 / 4, 2, 3 ;
1,189; 2.31318, 2.57478, 1.63162 / 2.31381, 2.57486, 1.63166 / 2.31255, 2.5747, 1.63159; 1, 28, 1, 0; 0.338699380820; 2, 2, 1; 1, 2, 0; 3, 1, 1 / 4, 1, 2 / 4, 3, 1 ;
1,190; -2.42625, 1.05797, -2.87151 / -2.42625, 1.05797, -2.87151 / -2.42625, 1.05797, -2.87151; 1, 2, 1, 0; 0.643241660575; 0, 1, 0; 0, 1, 0; 1, 1, 1 ;
1,192; -0.511217, 0.102739, 1.04974 / -0.511217, 0.102739, 1.04974 / -0.511217, 0.102739, 1.04974; 1, 23, 1, 0; 0.509852748822; 0, 1, 0; 1, 0, 0; 2, 1, 1 ;
1,196; -0.164839, 1.5367, 4.28287 / -0.164839, 1.5367, 4.28287 / -0.164839, 1.5367, 4.28287; 1, 46, 1, 0; 0.527954010261; 1, 0, 1; 1, 0, 0; 2, 1, 2 ;
