1,0; 2.56008, -2.3793, -2.3093 / 2.56008, -2.3793, -2.3093 / 2.56008, -2.3793, -2.3093; 1, 3, 1, 0; 0.920783596675; 1, 0, 1; 1, 0, 0; 2, 1, 2 ;
1,3; 1.04906, 1.22265, -2.83497 / 1.04906, 1.22265, -2.83497 / 1.04906, 1.22265, -2.83497; 1, 2, 1, 0; 0.662626475735; 1, 0, 1; 1, 0, 0; 3, 1, 2 ;
0,3; 1.050410, 1.225974, -2.835777 / 1.050410, 1.225974, -2.835777 / 1.050410, 1.225974, -2.835777; 1, 2, 1, 0; 0.662626962241; 1, 0, 1; 1, 0, 0; 3, 1, 2 / 4, 2, 0 ;
1,5; 0.837679, 2.08963, 1.97548 / 0.837679, 2.08963, 1.97548 / 0.837679, 2.08963, 1.97548; 1, 30, 1, 0; 0.939986498650; 1, 0, 1; 1, 0, 0; 1, 4, 0 / 3, 1, 2 ;
1,8; 3.71784, 1.72722, 0.717664 / 3.71784, 1.72722, 0.717664 / 3.71784, 1.72722, 0.717664; 1, 20, 1, 0; 0.742610702788; 1, 0, 1; 0, 1, 0; 4, 1, 2 / 4, 2, 0 ;
0,8; 3.723405, 1.721959, 0.718209 / 3.723405, 1.721959, 0.718209 / 3.723405, 1.721959, 0.718209; 1, 20, 1, 0; 0.742609704879; 1, 0, 1; 1, 0, 0; 3, 1, 2 ;
0,8; 3.461405, 1.617010, 0.791943 / 3.461405, 1.617010, 0.791943 / 3.461405, 1.617010, 0.791943; 1, 20, 1, 0; 0.746474684936; 1, 0, 1; 1, 0, 0; 2, 1, 2 ;
0,8; 2.216331, 1.067349, 1.149936 / 2.216331, 1.067349, 1.149936 / 2.216331, 1.067349, 1.149936; 1, 26, 1, 0; 0.230458977326; 1, 0, 1; 1, 0, 0; 2, 1, 2 ;
1,10; 0.500165, 0.0184628, -2.06004 / 0.500165, 0.0184628, -2.06004 / 0.500165, 0.0184628, -2.06004; 1, 4, 1, 0; 0.610659961234; 1, 0, 1; 0, 1, 0; 1, 1, 2 ;
0,10; 0.498803, 0.015627, -2.062948 / 0.498803, 0.015627, -2.062948 / 0.498803, 0.015627, -2.062948; 1, 4, 1, 0; 0.610653005960; 1, 0, 1; 1, 0, 0; 3, 1, 2 ;
1,12; 0.039958, 3.30389, 0.140284 / 0.039958, 3.30389, 0.140284 / 0.039958, 3.30389, 0.140284; 1, 17, 1, 0; 0.507137138059; 1, 0, 1; 1, 0, 0; 2, 1, 2 ;
1,15; -0.711579, -2.81087, 0.736958 / -0.710905, -2.81065, 0.737724 / -0.712253, -2.8111, 0.736192; 1, 18, 1, 0; 0.638886124665; 1, 0, 2; 2, 0, 0; 1, 6, 0 / 2, 8, 2 / 3, 1, 2 ;
0,15; -0.715586, -2.808324, 0.740109 / -0.715553, -2.807881, 0.740626 / -0.715619, -2.808767, 0.739591; 1, 18, 1, 0; 0.638899013528; 1, 0, 2; 2, 0, 0; 2, 6, 2 / 3, 1, 2 ;
0,15; -0.518797, -3.082190, 0.653046 / -0.518797, -3.082190, 0.653046 / -0.518797, -3.082190, 0.653046; 1, 18, 1, 0; 0.633717097830; 1, 0, 1; 1, 0, 0; 3, 1, 2 ;
0,15; -0.711141, -2.805783, 0.740465 / -0.711141, -2.805783, 0.740465 / -0.711141, -2.805783, 0.740465; 1, 18, 1, 0; 0.638886822114; 1, 0, 1; 1, 0, 0; 2, 1, 2 ;
1,19; 0.943048, -1.17743, -1.66049 / 0.943048, -1.17743, -1.66049 / 0.943048, -1.17743, -1.66049; 1, 8, 1, 0; 0.136905206790; 1, 0, 1; 1, 0, 0; 2, 3, 0 / 2, 5, 0 / 3, 1, 2 / 3, 7, 0 ;
0,19; -0.534011, -2.435435, -1.183762 / -0.534011, -2.435435, -1.183762 / -0.534011, -2.435435, -1.183762; 1, 8, 1, 0; 0.798961878989; 1, 0, 1; 1, 0, 0; 2, 1, 2 ;
0,19; -1.478118, -3.236546, -0.911918 / -1.478118, -3.236546, -0.911918 / -1.478118, -3.236546, -0.911918; 1, 9, 1, 0; 0.646933277535; 1, 0, 1; 0, 1, 0; 1, 1, 2 ;
1,22; 0.093196, 3.54306, 0.237266 / 0.093196, 3.54306, 0.237266 / 0.093196, 3.54306, 0.237266; 1, 17, 1, 0; 0.466316895849; 1, 0, 1; 1, 0, 0; 2, 1, 2 ;
1,27; -0.120135, 1.24451, -0.833711 / -0.120135, 1.24451, -0.833711 / -0.120135, 1.24451, -0.833711; 1, 7, 1, 0; 0.987489084979; 1, 0, 1; 1, 0, 0; 3, 1, 2 ;
0,27; 2.346578, -0.431804, 1.070343 / 2.346578, -0.431804, 1.070343 / 2.346578, -0.431804, 1.070343; 1, 26, 1, 0; 0.094667060992; 1, 0, 1; 0, 1, 0; 4, 1, 2 ;
0,27; 3.199988, -0.994383, 1.720571 / 3.199988, -0.994383, 1.720571 / 3.199988, -0.994383, 1.720571; 1, 27, 1, 0; 0.846052772130; 0, 1, 0; 1, 0, 0; 2, 1, 1 ;
1,31; 1.42673, 0.357802, 1.61823 / 1.42673, 0.357802, 1.61823 / 1.42673, 0.357802, 1.61823; 1, 27, 1, 0; 0.544088357496; 1, 0, 1; 1, 0, 0; 2, 1, 2 ;
0,31; 1.429530, 0.357944, 1.616215 / 1.429530, 0.357944, 1.616215 / 1.429530, 0.357944, 1.616215; 1, 27, 1, 0; 0.544088477207; 1, 0, 1; 1, 0, 0; 2, 1, 2 ;
1,32; -0.140011, 0.611123, -2.66661 / -0.140011, 0.611123, -2.66661 / -0.140011, 0.611123, -2.66661; 1, 2, 1, 0; 0.877452172111; 1, 0, 1; 1, 0, 0; 3, 1, 2 ;
1,34; 2.99981, 0.867546, -1.13655 / 2.99981, 0.867546, -1.13655 / 2.99981, 0.867546, -1.13655; 1, 11, 1, 0; 0.797429478905; 1, 0, 1; 1, 0, 0; 3, 1, 2 ;
0,34; 3.502711, -0.751213, 0.933458 / 3.502711, -0.751213, 0.933458 / 3.502711, -0.751213, 0.933458; 1, 27, 1, 0; 0.121309882941; 1, 0, 1; 0, 1, 0; 1, 1, 2 ;
1,35; -0.141479, 0.590886, -1.43014 / -0.141479, 0.590886, -1.43014 / -0.141479, 0.590886, -1.43014; 1, 11, 1, 0; 0.356700139154; 1, 0, 1; 1, 0, 0; 3, 1, 2 ;
0,35; -0.403408, 1.669752, -0.189225 / -0.403408, 1.669752, -0.189225 / -0.403408, 1.669752, -0.189225; 1, 13, 1, 0; 0.819322822995; 1, 0, 1; 1, 0, 0; 2, 1, 2 ;
0,35; -0.970648, 1.019750, 0.153935 / -0.970648, 1.019750, 0.153935 / -0.970648, 1.019750, 0.153935; 1, 16, 1, 0; 0.544680722537; 0, 1, 0; 0, 1, 0; 4, 1, 1 / 4, 7, 0 ;
0,35; -0.833115, 1.188527, 0.128776 / -0.833115, 1.188527, 0.128776 / -0.833115, 1.188527, 0.128776; 1, 16, 1, 0; 0.547088831651; 1, 0, 1; 0, 1, 0; 1, 1, 2 ;
0,35; -0.998708, 1.017840, 0.161396 / -0.998708, 1.017840, 0.161396 / -0.998708, 1.017840, 0.161396; 1, 16, 1, 0; 0.544686455253; 1, 0, 1; 1, 0, 0; 2, 1, 2 ;
0,35; -0.431077, 1.918468, 0.071979 / -0.430577, 1.919145, 0.072587 / -0.431578, 1.917792, 0.071371; 1, 17, 1, 0; 0.607355495482; 1, 0, 2; 1, 1, 0; 1, 8, 2 / 2, 1, 2 ;
0,35; -0.432792, 1.993047, 0.146139 / -0.432792, 1.993047, 0.146139 / -0.432792, 1.993047, 0.146139; 1, 17, 1, 0; 0.608909858864; 1, 0, 1; 1, 0, 0; 3, 1, 2 ;
1,37; -1.57971, -2.96521, -2.22652 / -1.57971, -2.96521, -2.22652 / -1.57971, -2.96521, -2.22652; 1, 5, 1, 0; 0.577509951470; 1, 0, 1; 1, 0, 0; 3, 1, 2 ;
0,37; -1.709412, -0.793366, -0.697511 / -1.709412, -0.793366, -0.697511 / -1.709412, -0.793366, -0.697511; 1, 10, 1, 0; 0.426255368984; 0, 1, 0; 1, 0, 0; 2, 1, 1 ;
0,37; -1.713307, 2.833596, 1.923795 / -1.713307, 2.833596, 1.923795 / -1.713307, 2.833596, 1.923795; 1, 29, 1, 0; 0.658279279227; 0, 1, 0; 0, 1, 0; 4, 1, 1 ;
0,37; -1.698110, 2.831780, 1.923206 / -1.698110, 2.831780, 1.923206 / -1.698110, 2.831780, 1.923206; 1, 29, 1, 0; 0.658245019307; 1, 0, 1; 1, 0, 0; 2, 1, 2 ;
0,37; -1.699667, 2.827609, 1.914052 / -1.699667, 2.827609, 1.914052 / -1.699667, 2.827609, 1.914052; 1, 29, 1, 0; 0.658246724023; 1, 0, 1; 1, 0, 0; 2, 1, 2 ;
0,37; -1.726230, 2.839480, 1.924494 / -1.726230, 2.839480, 1.924494 / -1.726230, 2.839480, 1.924494; 1, 29, 1, 0; 0.658295469157; 1, 0, 1; 1, 0, 0; 2, 1, 2 ;
1,38; -1.81247, 2.30044, -1.33159 / -1.81247, 2.30044, -1.33159 / -1.81247, 2.30044, -1.33159; 1, 7, 1, 0; 0.382596113036; 1, 0, 1; 0, 1, 0; 1, 1, 2 ;
0,38; -1.811170, 2.299122, -1.334887 / -1.811170, 2.299122, -1.334887 / -1.811170, 2.299122, -1.334887; 1, 7, 1, 0; 0.382587343178; 1, 0, 1; 1, 0, 0; 2, 1, 2 ;
1,39; 0.27451, 3.07042, 2.7114 / 0.27451, 3.07042, 2.7114 / 0.27451, 3.07042, 2.7114; 1, 38, 1, 0; 0.409040914296; 1, 0, 1; 1, 0, 0; 2, 1, 2 ;
0,39; -2.340759, 1.615320, 2.840319 / -2.340523, 1.615551, 2.840988 / -2.340995, 1.615089, 2.839650; 1, 39, 1, 0; 0.668709413799; 2, 1, 1; 1, 1, 0; 2, 1, 2 / 4, 1, 0 / 4, 2, 1 ;
0,39; -2.306199, 1.593503, 2.828005 / -2.306199, 1.593503, 2.828005 / -2.306199, 1.593503, 2.828005; 1, 39, 1, 0; 0.668614772906; 1, 0, 1; 0, 1, 0; 1, 1, 2 ;
0,39; -2.341641, 1.614307, 2.837867 / -2.341641, 1.614307, 2.837867 / -2.341641, 1.614307, 2.837867; 1, 39, 1, 0; 0.668707575043; 1, 0, 1; 0, 1, 0; 1, 1, 2 ;
0,39; -2.351471, 1.614173, 2.841888 / -2.351471, 1.614173, 2.841888 / -2.351471, 1.614173, 2.841888; 1, 39, 1, 0; 0.668710325318; 0, 1, 0; 0, 1, 0; 1, 1, 1 ;
0,39; -2.352815, 1.615715, 2.840693 / -2.352815, 1.615715, 2.840693 / -2.352815, 1.615715, 2.840693; 1, 39, 1, 0; 0.668737608047; 0, 1, 0; 0, 1, 0; 4, 1, 1 ;
0,39; -2.332438, 1.611287, 2.838026 / -2.332438, 1.611287, 2.838026 / -2.332438, 1.611287, 2.838026; 1, 39, 1, 0; 0.668679757976; 0, 1, 0; 1, 0, 0; 1, 6, 0 / 2, 1, 1 / 3, 10, 0 ;
0,39; -2.342521, 1.617998, 2.840346 / -2.342521, 1.617998, 2.840346 / -2.342521, 1.617998, 2.840346; 1, 39, 1, 0; 0.668709225208; 1, 0, 1; 1, 0, 0; 2, 7, 0 / 3, 1, 2 ;
1,43; -0.0257583, -1.41754, -0.417369 / -0.0257583, -1.41754, -0.417369 / -0.0257583, -1.41754, -0.417369; 1, 16, 1, 0; 0.237969125038; 0, 1, 0; 1, 0, 0; 3, 1, 1 ;
1,46; 2.8952, 1.56896, -3.08365 / 2.8952, 1.56896, -3.08365 / 2.8952, 1.56896, -3.08365; 1, 4, 1, 0; 0.065289018645; 1, 0, 1; 0, 1, 0; 4, 1, 2 ;
1,48; 0.439156, -0.00137072, -1.33052 / 0.439648, -0.00056837, -1.3296 / 0.438664, -0.00217307, -1.33144; 1, 11, 1, 0; 0.434256052512; 2, 2, 3; 2, 3, 1; 1, 5, 1 / 3, 1, 1 / 3, 2, 2 / 4, 2, 2 / 4, 9, 2 ;
0,48; 0.533185, -0.219470, -1.159144 / 0.534018, -0.219319, -1.158355 / 0.532352, -0.219622, -1.159933; 1, 11, 1, 0; 0.698255413960; 2, 2, 1; 0, 3, 1; 1, 2, 2 / 4, 1, 1 / 4, 2, 1 ;
0,48; 0.499229, -0.217256, -1.134923 / 0.499808, -0.217113, -1.134905 / 0.498649, -0.217400, -1.134941; 1, 11, 1, 0; 0.698281499613; 2, 1, 1; 1, 1, 0; 1, 6, 1 / 3, 1, 2 ;
0,48; 0.434049, -0.014295, -1.328863 / 0.434049, -0.014295, -1.328863 / 0.434049, -0.014295, -1.328863; 1, 11, 1, 0; 0.434254707891; 1, 0, 1; 0, 1, 0; 1, 1, 2 ;
0,48; 0.439616, -0.001399, -1.328406 / 0.440568, -0.000843, -1.327207 / 0.438664, -0.001955, -1.329605; 1, 11, 1, 0; 0.434256001016; 0, 1, 0; 1, 1, 0; 3, 10, 1 / 4, 1, 1 ;
0,48; 0.431331, -0.015725, -1.322472 / 0.431331, -0.015725, -1.322472 / 0.431331, -0.015725, -1.322472; 1, 11, 1, 0; 0.434264137405; 1, 0, 1; 0, 1, 0; 4, 1, 2 ;
0,48; 0.486996, -0.209063, -1.127790 / 0.486996, -0.209063, -1.127790 / 0.486996, -0.209063, -1.127790; 1, 11, 1, 0; 0.698291203774; 1, 0, 1; 0, 1, 0; 4, 1, 2 ;
0,48; 0.500410, -0.217489, -1.134359 / 0.501012, -0.217400, -1.133812 / 0.499808, -0.217578, -1.134905; 1, 11, 1, 0; 0.698281453839; 1, 0, 2; 3, 0, 0; 2, 4, 2 / 3, 1, 2 / 3, 9, 2 ;
0,48; 0.498473, -0.170894, -1.115101 / 0.498661, -0.170449, -1.114885 / 0.498285, -0.171340, -1.115316; 1, 11, 1, 0; 0.698568132819; 2, 1, 1; 2, 0, 0; 1, 6, 0 / 1, 10, 0 / 2, 2, 1 / 3, 1, 2 ;
0,48; 0.416621, 0.087471, -1.344808 / 0.416621, 0.087471, -1.344808 / 0.416621, 0.087471, -1.344808; 1, 11, 1, 0; 0.406963782197; 1, 0, 1; 1, 0, 0; 2, 1, 2 ;
0,48; 0.437791, -0.035031, -1.321452 / 0.437791, -0.035031, -1.321452 / 0.437791, -0.035031, -1.321452; 1, 11, 1, 0; 0.434261831523; 1, 0, 1; 1, 0, 0; 3, 1, 2 ;
0,48; 0.526145, -0.218982, -1.154080 / 0.526145, -0.218982, -1.154080 / 0.526145, -0.218982, -1.154080; 1, 11, 1, 0; 0.698255024878; 1, 0, 1; 1, 0, 0; 3, 1, 2 ;
0,48; 0.533653, -0.215570, -1.156597 / 0.533653, -0.215570, -1.156597 / 0.533653, -0.215570, -1.156597; 1, 11, 1, 0; 0.698255597058; 1, 0, 1; 1, 0, 0; 2, 1, 2 ;
0,48; 0.519555, -0.217637, -1.135576 / 0.519555, -0.217637, -1.135576 / 0.519555, -0.217637, -1.135576; 1, 11, 1, 0; 0.698261101422; 0, 1, 0; 1, 0, 0; 2, 1, 1 ;
0,48; 0.524619, -0.227185, -1.138874 / 0.524619, -0.227185, -1.138874 / 0.524619, -0.227185, -1.138874; 1, 11, 1, 0; 0.698262497540; 1, 0, 1; 1, 0, 0; 1, 8, 0 / 3, 1, 2 ;
0,48; 0.498220, -0.209520, -1.127432 / 0.498220, -0.209520, -1.127432 / 0.498220, -0.209520, -1.127432; 1, 11, 1, 0; 0.698280887381; 1, 0, 1; 1, 0, 0; 3, 1, 2 ;
0,48; 0.488304, -0.188284, -1.118923 / 0.488304, -0.188284, -1.118923 / 0.488304, -0.188284, -1.118923; 1, 11, 1, 0; 0.698576097554; 0, 1, 0; 1, 0, 0; 3, 1, 1 ;
0,48; 0.492862, -0.170350, -1.120867 / 0.492862, -0.170350, -1.120867 / 0.492862, -0.170350, -1.120867; 1, 11, 1, 0; 0.698577968580; 1, 0, 1; 1, 0, 0; 2, 1, 2 ;
0,48; 0.489859, -0.174043, -1.112117 / 0.489859, -0.174043, -1.112117 / 0.489859, -0.174043, -1.112117; 1, 11, 1, 0; 0.698578248948; 1, 0, 1; 1, 0, 0; 2, 1, 2 ;
1,51; 0.683807, 0.514688, 1.40659 / 0.683807, 0.514688, 1.40659 / 0.683807, 0.514688, 1.40659; 1, 23, 1, 0; 0.669039963110; 0, 1, 0; 0, 1, 0; 1, 1, 1 ;
0,51; 0.681484, 0.514539, 1.406713 / 0.681484, 0.514539, 1.406713 / 0.681484, 0.514539, 1.406713; 1, 23, 1, 0; 0.669040073958; 0, 0, 0; 1, 0, 0; 3, 1, 3 ;
1,53; -3.87357, -0.756688, 1.25907 / -3.87357, -0.756688, 1.25907 / -3.87357, -0.756688, 1.25907; 1, 24, 1, 0; 0.627075786396; 1, 0, 1; 1, 0, 0; 2, 1, 2 ;
0,53; -3.868619, -0.759205, 1.255641 / -3.868619, -0.759205, 1.255641 / -3.868619, -0.759205, 1.255641; 1, 24, 1, 0; 0.627076495827; 1, 0, 1; 1, 0, 0; 2, 1, 2 ;
1,54; -1.45215, 1.24713, 1.24274 / -1.45215, 1.24713, 1.24274 / -1.45215, 1.24713, 1.24274; 1, 26, 1, 0; 0.764355552698; 0, 1, 0; 1, 0, 0; 2, 1, 1 ;
0,54; -3.418704, -2.354204, 1.716010 / -3.418704, -2.354204, 1.716010 / -3.418704, -2.354204, 1.716010; 1, 32, 1, 0; 0.143717861439; 1, 0, 1; 1, 0, 0; 2, 1, 2 ;
1,55; 3.409, 0.481176, 0.124656 / 3.409, 0.481176, 0.124656 / 3.409, 0.481176, 0.124656; 1, 19, 1, 0; 0.153678356661; 0, 1, 0; 1, 0, 0; 2, 1, 1 ;
1,60; -0.119444, 0.256898, -4.246 / -0.119444, 0.256898, -4.246 / -0.119444, 0.256898, -4.246; 1, 1, 1, 0; 0.175414562429; 1, 0, 1; 1, 0, 0; 2, 1, 2 ;
0,60; -1.756886, 0.360470, 1.299685 / -1.756886, 0.360470, 1.299685 / -1.756886, 0.360470, 1.299685; 1, 23, 1, 0; 0.643624946238; 1, 0, 1; 1, 0, 0; 2, 1, 2 ;
1,62; 2.25939, -2.39761, 0.484845 / 2.25939, -2.39761, 0.484845 / 2.25939, -2.39761, 0.484845; 1, 19, 1, 0; 0.351721971058; 1, 0, 1; 1, 0, 0; 3, 1, 2 ;
1,65; -2.26507, 0.288221, -2.35216 / -2.26507, 0.288221, -2.35216 / -2.26507, 0.288221, -2.35216; 1, 6, 1, 0; 0.309663022287; 0, 1, 0; 0, 1, 0; 1, 1, 1 / 2, 6, 0 / 2, 10, 0 / 3, 6, 0 ;
1,70; 1.91253, 1.4081, 1.46517 / 1.91253, 1.4081, 1.46517 / 1.91253, 1.4081, 1.46517; 1, 26, 1, 0; 0.725048819168; 1, 0, 1; 1, 0, 0; 2, 1, 2 / 4, 8, 0 ;
0,70; 1.932414, 1.710609, 1.561055 / 1.932414, 1.710609, 1.561055 / 1.932414, 1.710609, 1.561055; 1, 28, 1, 0; 0.250246281604; 1, 0, 1; 1, 0, 0; 2, 1, 2 ;
1,76; -3.39137, -2.60906, 1.3545 / -3.39137, -2.60906, 1.3545 / -3.39137, -2.60906, 1.3545; 1, 21, 1, 0; 0.889182244283; 1, 0, 1; 0, 1, 0; 1, 1, 2 ;
1,80; 1.33821, 0.723133, 1.3907 / 1.33821, 0.723133, 1.3907 / 1.33821, 0.723133, 1.3907; 1, 26, 1, 0; 0.856928970040; 1, 0, 1; 0, 1, 0; 4, 1, 2 ;
0,80; 1.337409, 0.719500, 1.392718 / 1.337409, 0.719500, 1.392718 / 1.337409, 0.719500, 1.392718; 1, 26, 1, 0; 0.856929304359; 1, 0, 1; 0, 1, 0; 4, 1, 2 ;
0,80; 1.206064, 1.519980, 1.480622 / 1.206064, 1.519980, 1.480622 / 1.206064, 1.519980, 1.480622; 1, 26, 1, 0; 0.738152440958; 1, 0, 1; 1, 0, 0; 2, 1, 2 ;
0,80; 1.211020, 1.525963, 1.478163 / 1.211020, 1.525963, 1.478163 / 1.211020, 1.525963, 1.478163; 1, 26, 1, 0; 0.738153178175; 1, 0, 1; 1, 0, 0; 1, 4, 0 / 3, 1, 2 ;
0,80; 1.218240, 1.520257, 1.483880 / 1.218240, 1.520257, 1.483880 / 1.218240, 1.520257, 1.483880; 1, 26, 1, 0; 0.738165822297; 1, 0, 1; 1, 0, 0; 2, 1, 2 ;
0,80; 1.307728, 0.844566, 1.422518 / 1.307728, 0.844566, 1.422518 / 1.307728, 0.844566, 1.422518; 1, 26, 1, 0; 0.856097681197; 1, 0, 1; 1, 0, 0; 2, 1, 2 ;
1,82; 3.49009, -0.409775, -0.35516 / 3.49009, -0.409775, -0.35516 / 3.49009, -0.409775, -0.35516; 1, 12, 1, 0; 0.787958241212; 1, 0, 1; 0, 1, 0; 4, 1, 2 ;
0,82; 3.490367, -0.405641, -0.360238 / 3.490367, -0.405641, -0.360238 / 3.490367, -0.405641, -0.360238; 1, 12, 1, 0; 0.787958481528; 0, 1, 0; 0, 1, 0; 4, 1, 1 ;
0,82; 3.134762, -0.130965, -0.393724 / 3.134762, -0.130965, -0.393724 / 3.134762, -0.130965, -0.393724; 1, 12, 1, 0; 0.806769515891; 0, 1, 0; 0, 1, 0; 1, 1, 1 ;
0,82; 3.066468, -0.017195, -0.425384 / 3.066468, -0.017195, -0.425384 / 3.066468, -0.017195, -0.425384; 1, 12, 1, 0; 0.810620465479; 0, 1, 0; 0, 1, 0; 4, 1, 1 ;
0,82; 3.002312, 0.047530, -0.496450 / 3.002312, 0.047530, -0.496450 / 3.002312, 0.047530, -0.496450; 1, 12, 1, 0; 0.840446877732; 0, 1, 0; 0, 1, 0; 1, 1, 1 ;
0,82; 3.494596, -0.413996, -0.351419 / 3.494596, -0.413996, -0.351419 / 3.494596, -0.413996, -0.351419; 1, 12, 1, 0; 0.787947432746; 1, 0, 1; 1, 0, 0; 3, 1, 2 ;
0,82; 3.151111, -0.156236, -0.386520 / 3.151111, -0.156236, -0.386520 / 3.151111, -0.156236, -0.386520; 1, 12, 1, 0; 0.806747212343; 1, 0, 1; 1, 0, 0; 2, 1, 2 ;
0,82; 3.142450, -0.135596, -0.398847 / 3.142450, -0.135596, -0.398847 / 3.142450, -0.135596, -0.398847; 1, 12, 1, 0; 0.806769807702; 1, 0, 1; 1, 0, 0; 2, 1, 2 / 2, 6, 0 ;
0,82; 2.939164, 0.055212, -0.549482 / 2.939164, 0.055212, -0.549482 / 2.939164, 0.055212, -0.549482; 1, 12, 1, 0; 0.840531640369; 1, 0, 1; 1, 0, 0; 2, 1, 2 ;
0,82; 2.923384, 0.055549, -0.554102 / 2.923384, 0.055549, -0.554102 / 2.923384, 0.055549, -0.554102; 1, 12, 1, 0; 0.840542151303; 0, 1, 0; 1, 0, 0; 3, 1, 1 ;
0,82; 3.561811, -0.408917, -0.269765 / 3.562383, -0.408319, -0.269344 / 3.561240, -0.409515, -0.270187; 1, 19, 1, 0; 0.053495761057; 1, 0, 2; 0, 2, 0; 1, 1, 2 / 1, 10, 2 ;
0,82; 3.571466, -0.408761, -0.267385 / 3.571466, -0.408761, -0.267385 / 3.571466, -0.408761, -0.267385; 1, 19, 1, 0; 0.053482687007; 0, 1, 0; 0, 1, 0; 1, 1, 1 / 3, 6, 0 ;
0,82; 3.570365, -0.405699, -0.262785 / 3.570365, -0.405699, -0.262785 / 3.570365, -0.405699, -0.262785; 1, 19, 1, 0; 0.053482491764; 1, 0, 1; 1, 0, 0; 1, 8, 0 / 3, 1, 2 / 4, 2, 0 ;
1,84; -3.18524, -0.26164, -2.35974 / -3.18513, -0.261436, -2.35926 / -3.18534, -0.261845, -2.36022; 1, 5, 1, 0; 0.385155797730; 1, 0, 1; 1, 1, 0; 1, 1, 2 / 3, 6, 3 ;
0,84; -2.137151, -2.349965, 1.411801 / -2.137151, -2.349965, 1.411801 / -2.137151, -2.349965, 1.411801; 1, 21, 1, 0; 0.910903996484; 0, 1, 0; 0, 1, 0; 1, 1, 1 ;
0,84; -2.219804, -2.209684, 1.150833 / -2.219804, -2.209684, 1.150833 / -2.219804, -2.209684, 1.150833; 1, 21, 1, 0; 0.739300993591; 1, 0, 1; 1, 0, 0; 3, 1, 2 / 3, 4, 0 / 4, 3, 0 ;
1,94; -2.80964, -0.0287677, -3.49087 / -2.80964, -0.0287677, -3.49087 / -2.80964, -0.0287677, -3.49087; 1, 1, 1, 0; 0.743267583829; 1, 0, 1; 1, 0, 0; 2, 1, 2 ;
0,94; -3.604307, -0.489412, -1.913424 / -3.603560, -0.488929, -1.912691 / -3.605055, -0.489895, -1.914157; 1, 5, 1, 0; 0.980482223601; 2, 3, 1; 0, 4, 1; 1, 4, 1 / 2, 1, 0 / 3, 3, 0 / 4, 1, 2 / 4, 2, 1 / 4, 7, 1 ;
0,94; -3.606426, -0.489055, -1.910291 / -3.605760, -0.488976, -1.910209 / -3.607091, -0.489133, -1.910372; 1, 5, 1, 0; 0.980482355928; 0, 2, 0; 1, 1, 0; 2, 9, 1 / 4, 1, 1 ;
0,94; -3.613846, -0.497098, -1.917649 / -3.613846, -0.497098, -1.917649 / -3.613846, -0.497098, -1.917649; 1, 5, 1, 0; 0.980472357898; 1, 0, 1; 0, 1, 0; 1, 1, 2 ;
0,94; -3.626082, -0.494870, -1.917674 / -3.626082, -0.494870, -1.917674 / -3.626082, -0.494870, -1.917674; 1, 5, 1, 0; 0.980478685083; 1, 0, 1; 0, 1, 0; 4, 1, 2 ;
0,94; -3.603707, -0.487960, -1.915739 / -3.603707, -0.487960, -1.915739 / -3.603707, -0.487960, -1.915739; 1, 5, 1, 0; 0.980482150086; 1, 0, 1; 0, 1, 0; 1, 1, 2 / 1, 6, 0 / 3, 1, 0 ;
0,94; -3.603001, -0.487813, -1.916422 / -3.603001, -0.487813, -1.916422 / -3.603001, -0.487813, -1.916422; 1, 5, 1, 0; 0.980482101076; 1, 0, 1; 1, 0, 0; 1, 8, 0 / 2, 1, 2 ;
0,94; -4.510899, -0.939213, -0.374967 / -4.510674, -0.938926, -0.374958 / -4.511124, -0.939501, -0.374976; 1, 10, 1, 0; 0.566334416862; 2, 1, 1; 2, 0, 0; 2, 1, 1 / 2, 2, 2 ;
0,94; -4.515953, -0.941366, -0.378624 / -4.515953, -0.941366, -0.378624 / -4.515953, -0.941366, -0.378624; 1, 10, 1, 0; 0.566333416599; 1, 0, 1; 1, 0, 0; 2, 1, 2 ;
0,94; -4.519757, -0.942911, -0.360176 / -4.519757, -0.942911, -0.360176 / -4.519757, -0.942911, -0.360176; 1, 10, 1, 0; 0.566342624433; 1, 0, 1; 1, 0, 0; 2, 1, 2 ;
1,96; 0.631605, -1.23089, 0.67708 / 0.631605, -1.23089, 0.67708 / 0.631605, -1.23089, 0.67708; 1, 19, 1, 0; 0.764261019660; 1, 0, 1; 1, 0, 0; 2, 1, 2 ;
0,96; -0.062000, 0.097526, 0.836353 / -0.062000, 0.097526, 0.836353 / -0.062000, 0.097526, 0.836353; 1, 23, 1, 0; 0.209238396746; 0, 1, 0; 0, 1, 0; 1, 1, 1 / 1, 10, 0 / 2, 5, 0 / 4, 6, 0 ;
0,96; -1.687447, 2.815835, 1.301106 / -1.687447, 2.815835, 1.301106 / -1.687447, 2.815835, 1.301106; 1, 29, 1, 0; 0.182735065714; 1, 0, 1; 0, 1, 0; 1, 1, 2 ;
1,98; 3.4738, 1.28644, -1.41354 / 3.4738, 1.28644, -1.41354 / 3.4738, 1.28644, -1.41354; 1, 12, 1, 0; 0.059075867538; 1, 0, 1; 1, 0, 0; 2, 1, 2 ;
0,98; 2.718130, 1.025034, -0.163889 / 2.718130, 1.025034, -0.163889 / 2.718130, 1.025034, -0.163889; 1, 13, 1, 0; 0.881779205336; 1, 0, 1; 1, 0, 0; 3, 1, 2 ;
1,99; -1.123, 1.24535, -3.37081 / -1.123, 1.24535, -3.37081 / -1.123, 1.24535, -3.37081; 1, 2, 1, 0; 0.272135013717; 1, 0, 1; 1, 0, 0; 2, 1, 2 ;
1,100; -3.19719, 2.55535, -1.45514 / -3.19719, 2.55535, -1.45514 / -3.19719, 2.55535, -1.45514; 1, 7, 1, 0; 0.365910239614; 0, 0, 0; 1, 0, 0; 3, 1, 3 ;
0,100; -2.379930, 3.325773, 1.912024 / -2.379930, 3.325773, 1.912024 / -2.379930, 3.325773, 1.912024; 1, 29, 1, 0; 0.605214560417; 1, 0, 1; 1, 0, 0; 2, 1, 2 ;
1,105; -0.865698, -0.390179, -1.13554 / -0.865698, -0.390179, -1.13554 / -0.865698, -0.390179, -1.13554; 1, 11, 1, 0; 0.680585459552; 1, 0, 1; 1, 0, 0; 3, 1, 2 ;
1,110; 0.763645, 2.3538, -3.415 / 0.763645, 2.3538, -3.415 / 0.763645, 2.3538, -3.415; 1, 2, 1, 0; 0.112192033801; 1, 0, 1; 1, 0, 0; 3, 1, 2 ;
1,111; -1.88913, -0.00995818, 1.76135 / -1.88859, -0.00925256, 1.76224 / -1.88967, -0.0106638, 1.76046; 1, 24, 1, 0; 0.799323557972; 2, 1, 2; 2, 1, 0; 1, 1, 2 / 2, 1, 1 / 3, 9, 2 ;
0,111; -2.047975, -0.092512, 1.826416 / -2.047975, -0.092512, 1.826416 / -2.047975, -0.092512, 1.826416; 1, 24, 1, 0; 0.798988544175; 1, 0, 1; 1, 0, 0; 2, 1, 2 ;
0,111; -2.319365, -0.252785, 1.924575 / -2.319365, -0.252785, 1.924575 / -2.319365, -0.252785, 1.924575; 1, 30, 1, 0; 0.662392651603; 0, 1, 0; 0, 1, 0; 1, 1, 1 ;
0,111; -2.316164, -0.255819, 1.921690 / -2.316164, -0.255819, 1.921690 / -2.316164, -0.255819, 1.921690; 1, 30, 1, 0; 0.662375886939; 1, 0, 1; 1, 0, 0; 2, 1, 2 ;
1,112; 3.68541, 2.61718, -0.405229 / 3.68541, 2.61718, -0.405229 / 3.68541, 2.61718, -0.405229; 1, 13, 1, 0; 0.521593532535; 1, 0, 1; 0, 1, 0; 4, 1, 2 ;
1,114; 1.4307, 3.26529, 0.763807 / 1.4307, 3.26529, 0.763807 / 1.4307, 3.26529, 0.763807; 1, 20, 1, 0; 0.619738518988; 1, 0, 1; 1, 0, 0; 2, 1, 2 ;
1,117; -1.76936, -0.986647, -1.70336 / -1.76936, -0.986647, -1.70336 / -1.76936, -0.986647, -1.70336; 1, 6, 1, 0; 0.849443545929; 1, 0, 1; 1, 0, 0; 2, 1, 2 ;
1,119; -0.786183, -0.647113, -4.07858 / -0.786183, -0.647113, -4.07858 / -0.786183, -0.647113, -4.07858; 1, 1, 1, 0; 0.246516087131; 1, 0, 1; 0, 1, 0; 1, 1, 2 ;
0,119; -0.789203, -0.675402, -4.050020 / -0.789203, -0.675402, -4.050020 / -0.789203, -0.675402, -4.050020; 1, 1, 1, 0; 0.246461270168; 1, 0, 1; 1, 0, 0; 3, 1, 2 ;
0,119; -0.741630, -0.555226, -3.976221 / -0.741630, -0.555226, -3.976221 / -0.741630, -0.555226, -3.976221; 1, 1, 1, 0; 0.438404003272; 1, 0, 1; 1, 0, 0; 2, 1, 2 ;
0,119; -0.163186, 0.432585, -2.894514 / -0.163186, 0.432585, -2.894514 / -0.163186, 0.432585, -2.894514; 1, 2, 1, 0; 0.602072131830; 1, 0, 1; 1, 0, 0; 2, 1, 2 ;
0,119; 0.441672, 1.448541, -1.787369 / 0.441672, 1.448541, -1.787369 / 0.441672, 1.448541, -1.787369; 1, 7, 1, 0; 0.016152538247; 1, 0, 1; 0, 1, 0; 4, 1, 2 ;
1,120; 0.535098, 1.29075, -0.834446 / 0.535098, 1.29075, -0.834446 / 0.535098, 1.29075, -0.834446; 1, 7, 1, 0; 0.991876212567; 0, 1, 0; 0, 1, 0; 4, 1, 1 ;
0,120; 0.534745, 1.289266, -0.834415 / 0.534745, 1.289266, -0.834415 / 0.534745, 1.289266, -0.834415; 1, 7, 1, 0; 0.991876821088; 0, 1, 0; 0, 1, 0; 1, 1, 1 ;
0,120; 0.502992, 1.321595, -0.848394 / 0.502992, 1.321595, -0.848394 / 0.502992, 1.321595, -0.848394; 1, 7, 1, 0; 0.992818463439; 1, 0, 1; 1, 0, 0; 3, 1, 2 ;
0,120; 2.953330, -0.753456, 0.098696 / 2.953330, -0.753456, 0.098696 / 2.953330, -0.753456, 0.098696; 1, 16, 1, 0; 0.821077583205; 1, 0, 1; 0, 1, 0; 2, 2, 0 / 4, 1, 2 ;
0,120; 3.932980, -1.622980, 0.488738 / 3.932980, -1.622980, 0.488738 / 3.932980, -1.622980, 0.488738; 1, 19, 1, 0; 0.388030460802; 1, 0, 1; 0, 1, 0; 1, 1, 2 ;
0,120; 3.534675, -1.309472, 0.307630 / 3.534675, -1.309472, 0.307630 / 3.534675, -1.309472, 0.307630; 1, 19, 1, 0; 0.245043293330; 1, 0, 1; 1, 0, 0; 3, 1, 2 ;
0,120; 3.533971, -1.312898, 0.305709 / 3.533971, -1.312898, 0.305709 / 3.533971, -1.312898, 0.305709; 1, 19, 1, 0; 0.245043423492; 1, 0, 1; 1, 0, 0; 2, 1, 2 ;
0,120; 3.915118, -1.633748, 0.479337 / 3.915118, -1.633748, 0.479337 / 3.915118, -1.633748, 0.479337; 1, 19, 1, 0; 0.388014183320; 1, 0, 1; 1, 0, 0; 3, 1, 2 ;
0,120; 3.920010, -1.632760, 0.479862 / 3.920010, -1.632760, 0.479862 / 3.920010, -1.632760, 0.479862; 1, 19, 1, 0; 0.388014935367; 1, 0, 1; 1, 0, 0; 2, 1, 2 ;
0,120; 3.928933, -1.626745, 0.485011 / 3.928933, -1.626745, 0.485011 / 3.928933, -1.626745, 0.485011; 1, 19, 1, 0; 0.388029643674; 0, 1, 0; 1, 0, 0; 2, 1, 1 ;
1,121; -1.98008, -3.06336, 1.04253 / -1.98008, -3.06336, 1.04253 / -1.98008, -3.06336, 1.04253; 1, 21, 1, 0; 0.787776468123; 1, 0, 1; 0, 1, 0; 1, 1, 2 ;
1,125; 2.84132, -1.42375, 2.70744 / 2.84132, -1.42375, 2.70744 / 2.84132, -1.42375, 2.70744; 1, 34, 1, 0; 0.456991772873; 1, 0, 1; 1, 0, 0; 3, 1, 2 ;
1,130; -1.58842, -2.3722, 1.75565 / -1.58842, -2.3722, 1.75565 / -1.58842, -2.3722, 1.75565; 1, 32, 1, 0; 0.171701267256; 1, 0, 1; 1, 0, 0; 3, 1, 2 ;
0,130; -1.139245, -2.287648, 1.578431 / -1.139245, -2.287648, 1.578431 / -1.139245, -2.287648, 1.578431; 1, 32, 1, 0; 0.177816703900; 1, 0, 1; 1, 0, 0; 2, 1, 2 ;
1,131; -0.214645, -3.32648, -1.02513 / -0.214645, -3.32648, -1.02513 / -0.214645, -3.32648, -1.02513; 1, 8, 1, 0; 0.916863469427; 1, 0, 1; 1, 0, 0; 2, 1, 2 ;
1,132; -3.56528, -1.79482, -1.18839 / -3.56528, -1.79482, -1.18839 / -3.56528, -1.79482, -1.18839; 1, 9, 1, 0; 0.404361280165; 0, 1, 0; 1, 0, 0; 3, 1, 1 ;
1,135; 0.449892, -1.25238, -1.96609 / 0.449892, -1.25238, -1.96609 / 0.449892, -1.25238, -1.96609; 1, 5, 1, 0; 0.902091323180; 1, 0, 1; 1, 0, 0; 3, 1, 2 ;
1,136; -0.781091, 0.359357, -1.81586 / -0.781091, 0.359357, -1.81586 / -0.781091, 0.359357, -1.81586; 1, 11, 1, 0; 0.054128662520; 1, 0, 1; 1, 0, 0; 3, 1, 2 ;
1,139; -1.15972, 1.73912, -2.2298 / -1.15972, 1.73912, -2.2298 / -1.15972, 1.73912, -2.2298; 1, 6, 1, 0; 0.198817649659; 0, 1, 0; 1, 0, 0; 3, 1, 1 ;
0,139; -1.157523, 1.738076, -2.231986 / -1.157523, 1.738076, -2.231986 / -1.157523, 1.738076, -2.231986; 1, 6, 1, 0; 0.198818262284; 1, 0, 1; 1, 0, 0; 3, 1, 2 ;
0,139; -0.397613, 4.286290, 0.100712 / -0.397589, 4.286483, 0.101245 / -0.397638, 4.286097, 0.100179; 1, 17, 1, 0; 0.403964078572; 0, 2, 0; 0, 2, 0; 1, 1, 1 / 1, 3, 1 ;
1,142; -1.43882, -1.80809, -1.17072 / -1.43882, -1.80809, -1.17072 / -1.43882, -1.80809, -1.17072; 1, 9, 1, 0; 0.420440835204; 1, 0, 1; 1, 0, 0; 2, 2, 0 / 2, 5, 0 / 3, 1, 2 ;
1,144; 0.481007, 3.04516, 2.55423 / 0.481007, 3.04516, 2.55423 / 0.481007, 3.04516, 2.55423; 1, 38, 1, 0; 0.412699152568; 1, 0, 1; 1, 0, 0; 3, 1, 2 ;
1,146; 2.85608, 0.990279, 1.02556 / 2.85608, 0.990279, 1.02556 / 2.85608, 0.990279, 1.02556; 1, 26, 1, 0; 0.223004037547; 1, 0, 1; 1, 0, 0; 2, 1, 2 ;
1,149; -1.50338, -1.07603, 0.524144 / -1.50338, -1.07603, 0.524144 / -1.50338, -1.07603, 0.524144; 1, 21, 1, 0; 0.140077989942; 1, 0, 1; 1, 0, 0; 2, 5, 0 / 3, 1, 2 / 4, 8, 0 ;
1,153; 0.861342, 0.883333, -2.31134 / 0.861342, 0.883333, -2.31134 / 0.861342, 0.883333, -2.31134; 1, 4, 1, 0; 0.438488972707; 0, 1, 0; 1, 0, 0; 2, 1, 1 ;
1,154; 0.746393, 1.73609, 3.37532 / 0.746393, 1.73609, 3.37532 / 0.746393, 1.73609, 3.37532; 1, 42, 1, 0; 0.768753384820; 0, 0, 0; 1, 0, 0; 2, 1, 3 ;
1,157; -2.57585, 3.69008, 0.75834 / -2.57585, 3.69008, 0.75834 / -2.57585, 3.69008, 0.75834; 1, 25, 1, 0; 0.425259200206; 1, 0, 1; 1, 0, 0; 2, 6, 0 / 3, 1, 2 ;
0,157; -2.570040, 3.686140, 0.764395 / -2.570040, 3.686140, 0.764395 / -2.570040, 3.686140, 0.764395; 1, 25, 1, 0; 0.425259637392; 1, 0, 1; 1, 0, 0; 2, 1, 2 / 4, 3, 0 ;
0,157; -2.572299, 3.688541, 0.755372 / -2.572299, 3.688541, 0.755372 / -2.572299, 3.688541, 0.755372; 1, 25, 1, 0; 0.425260100296; 1, 0, 1; 1, 0, 0; 1, 6, 0 / 2, 1, 2 ;
1,159; -1.01478, 1.33627, 1.94143 / -1.01478, 1.33627, 1.94143 / -1.01478, 1.33627, 1.94143; 1, 29, 1, 0; 0.907775521059; 0, 1, 0; 1, 0, 0; 2, 1, 1 ;
0,159; -1.024177, 1.353843, 1.981152 / -1.024177, 1.353843, 1.981152 / -1.024177, 1.353843, 1.981152; 1, 29, 1, 0; 0.908283516663; 1, 0, 1; 1, 0, 0; 2, 1, 2 ;
1,161; 0.0701371, -0.878644, 0.49856 / 0.0701371, -0.878644, 0.49856 / 0.0701371, -0.878644, 0.49856; 1, 23, 1, 0; 0.045003495423; 1, 0, 1; 1, 0, 0; 2, 1, 2 ;
0,161; -0.402709, 1.186416, 3.203190 / -0.402709, 1.186416, 3.203190 / -0.402709, 1.186416, 3.203190; 1, 42, 1, 0; 0.385313781694; 1, 0, 1; 1, 0, 0; 2, 1, 2 ;
1,164; -4.31838, -1.22842, 0.36898 / -4.31801, -1.22837, 0.369204 / -4.31875, -1.22848, 0.368757; 1, 21, 1, 0; 0.167126944837; 2, 1, 1; 0, 2, 1; 1, 1, 1 / 2, 9, 0 / 4, 5, 2 ;
0,164; -4.311061, -1.236036, 0.360263 / -4.311061, -1.236036, 0.360263 / -4.311061, -1.236036, 0.360263; 1, 21, 1, 0; 0.167112473152; 1, 0, 1; 0, 1, 0; 1, 1, 2 ;
0,164; -4.320653, -1.227114, 0.368739 / -4.320653, -1.227114, 0.368739 / -4.320653, -1.227114, 0.368739; 1, 21, 1, 0; 0.167127053975; 0, 1, 0; 0, 1, 0; 1, 1, 1 ;
0,164; -4.302413, -1.229129, 0.378910 / -4.302413, -1.229129, 0.378910 / -4.302413, -1.229129, 0.378910; 1, 21, 1, 0; 0.167137618524; 0, 1, 0; 0, 1, 0; 4, 1, 1 ;
0,164; -4.312536, -1.232330, 0.354679 / -4.312536, -1.232330, 0.354679 / -4.312536, -1.232330, 0.354679; 1, 21, 1, 0; 0.167112684152; 1, 0, 1; 1, 0, 0; 3, 1, 2 ;
0,164; -4.311190, -1.234808, 0.369539 / -4.311190, -1.234808, 0.369539 / -4.311190, -1.234808, 0.369539; 1, 21, 1, 0; 0.167125627907; 1, 0, 1; 1, 0, 0; 2, 1, 2 ;
0,164; -4.312728, -1.230878, 0.366715 / -4.312728, -1.230878, 0.366715 / -4.312728, -1.230878, 0.366715; 1, 21, 1, 0; 0.167125780700; 1, 0, 1; 1, 0, 0; 3, 1, 2 ;
1,167; 3.23423, -2.25024, 0.0708934 / 3.23423, -2.25024, 0.0708934 / 3.23423, -2.25024, 0.0708934; 1, 15, 1, 0; 0.694447978280; 1, 0, 1; 1, 0, 0; 2, 1, 2 ;
0,167; 2.351693, -1.519679, 0.374180 / 2.351693, -1.519679, 0.374180 / 2.351693, -1.519679, 0.374180; 1, 19, 1, 0; 0.436265977387; 1, 0, 1; 0, 1, 0; 4, 1, 2 ;
0,167; 2.353967, -1.524057, 0.371254 / 2.353967, -1.524057, 0.371254 / 2.353967, -1.524057, 0.371254; 1, 19, 1, 0; 0.436254277268; 1, 0, 1; 1, 0, 0; 2, 1, 2 ;
0,167; 0.047268, 0.422192, 1.143270 / 0.047268, 0.422192, 1.143270 / 0.047268, 0.422192, 1.143270; 1, 23, 1, 0; 0.556013894493; 1, 0, 1; 0, 1, 0; 1, 1, 2 ;
0,167; -0.638373, 0.452670, 1.485884 / -0.638373, 0.452670, 1.485884 / -0.638373, 0.452670, 1.485884; 1, 23, 1, 0; 0.654479677032; 1, 0, 1; 1, 0, 0; 2, 1, 2 ;
0,167; -0.637701, 0.456129, 1.489572 / -0.637701, 0.456129, 1.489572 / -0.637701, 0.456129, 1.489572; 1, 23, 1, 0; 0.654493267061; 1, 0, 1; 1, 0, 0; 2, 1, 2 ;
0,167; -0.725007, 1.143159, 1.385126 / -0.725007, 1.143159, 1.385126 / -0.725007, 1.143159, 1.385126; 1, 26, 1, 0; 0.776320526338; 1, 0, 1; 0, 1, 0; 1, 1, 2 ;
0,167; -0.784406, 0.279055, 1.704446 / -0.784406, 0.279055, 1.704446 / -0.784406, 0.279055, 1.704446; 1, 30, 1, 0; 0.185512681138; 1, 0, 1; 1, 0, 0; 3, 1, 2 ;
0,167; -0.781116, 0.296810, 1.715245 / -0.781116, 0.296810, 1.715245 / -0.781116, 0.296810, 1.715245; 1, 30, 1, 0; 0.185527195577; 1, 0, 1; 1, 0, 0; 3, 1, 2 ;
1,168; -2.18697, -0.962598, -3.52231 / -2.18682, -0.962042, -3.5221 / -2.18712, -0.963154, -3.52252; 1, 1, 1, 0; 0.850628510358; 2, 1, 1; 1, 1, 0; 1, 3, 1 / 3, 1, 2 ;
1,171; 3.54825, 1.00486, -2.38403 / 3.54825, 1.00486, -2.38403 / 3.54825, 1.00486, -2.38403; 1, 4, 1, 0; 0.404625313813; 1, 0, 1; 1, 0, 0; 2, 1, 2 ;
0,171; 3.623498, 1.160371, 0.128077 / 3.623498, 1.160371, 0.128077 / 3.623498, 1.160371, 0.128077; 1, 19, 1, 0; 0.108837530335; 1, 0, 1; 1, 0, 0; 3, 1, 2 ;
0,171; 3.624628, 1.159210, 0.127534 / 3.624628, 1.159210, 0.127534 / 3.624628, 1.159210, 0.127534; 1, 19, 1, 0; 0.108837609878; 1, 0, 1; 1, 0, 0; 3, 1, 2 ;
0,171; 3.642826, 1.181436, 0.444841 / 3.642826, 1.181436, 0.444841 / 3.642826, 1.181436, 0.444841; 1, 19, 1, 0; 0.740818870888; 0, 1, 0; 1, 0, 0; 2, 1, 1 ;
1,179; -0.849633, -1.05235, 0.630923 / -0.849633, -1.05235, 0.630923 / -0.849633, -1.05235, 0.630923; 1, 23, 1, 0; 0.294859067188; 1, 0, 1; 1, 0, 0; 1, 3, 0 / 2, 2, 0 / 3, 1, 2 ;
1,184; -4.01539, -0.444622, 1.02233 / -4.01539, -0.444622, 1.02233 / -4.01539, -0.444622, 1.02233; 1, 21, 1, 0; 0.568168658797; 1, 0, 1; 1, 0, 0; 3, 1, 2 ;
1,188; 1.58139, -2.98847, -0.751627 / 1.58139, -2.98847, -0.751627 / 1.58139, -2.98847, -0.751627; 1, 15, 1, 0; 0.037297874877; 1, 0, 1; 1, 0, 0; 2, 1, 2 ;
0,188; 3.503768, -0.086997, -0.246730 / 3.503844, -0.086953, -0.246591 / 3.503691, -0.087040, -0.246869; 1, 19, 1, 0; 0.062755312779; 2, 1, 1; 1, 1, 0; 1, 1, 1 / 2, 1, 2 ;
0,188; 3.500827, -0.086029, -0.244345 / 3.500827, -0.086029, -0.244345 / 3.500827, -0.086029, -0.244345; 1, 19, 1, 0; 0.062755457404; 1, 0, 1; 1, 0, 0; 1, 2, 0 / 2, 1, 2 ;
1,191; 0.726195, 0.245613, -1.34633 / 0.726493, 0.245815, -1.34629 / 0.725898, 0.245411, -1.34637; 1, 11, 1, 0; 0.404363273186; 2, 2, 1; 2, 1, 0; 3, 1, 2 / 3, 2, 1 / 4, 2, 1 ;
0,191; 0.659665, 0.373170, -1.381554 / 0.659979, 0.373196, -1.381071 / 0.659350, 0.373144, -1.382037; 1, 11, 1, 0; 0.362499565144; 2, 1, 1; 2, 0, 0; 3, 1, 2 / 3, 2, 1 ;
0,191; 1.291756, 0.975905, -1.356819 / 1.291756, 0.975905, -1.356819 / 1.291756, 0.975905, -1.356819; 1, 11, 1, 0; 0.294555891616; 1, 0, 1; 1, 0, 0; 3, 1, 2 ;
0,191; 0.718722, 0.259190, -1.348066 / 0.718722, 0.259190, -1.348066 / 0.718722, 0.259190, -1.348066; 1, 11, 1, 0; 0.404361362107; 1, 0, 1; 1, 0, 0; 2, 1, 2 ;
0,191; 0.726081, 0.242975, -1.348393 / 0.726081, 0.242975, -1.348393 / 0.726081, 0.242975, -1.348393; 1, 11, 1, 0; 0.404364017019; 1, 0, 1; 1, 0, 0; 2, 1, 2 ;
1,193; 0.961726, 0.381962, -2.28729 / 0.961726, 0.381962, -2.28729 / 0.961726, 0.381962, -2.28729; 1, 4, 1, 0; 0.471994007826; 1, 0, 1; 1, 0, 0; 3, 1, 2 ;
1,195; -1.83502, 2.04772, 0.458392 / -1.83502, 2.04772, 0.458392 / -1.83502, 2.04772, 0.458392; 1, 25, 1, 0; 0.000381681025; 1, 0, 1; 1, 0, 0; 3, 1, 2 ;
1,196; 0.689104, 1.04525, 0.525582 / 0.689104, 1.04525, 0.525582 / 0.689104, 1.04525, 0.525582; 1, 17, 1, 0; 0.873877036901; 1, 0, 1; 1, 0, 0; 2, 1, 2 ;
