1,0; 2.11818, -1.2853, 1.69629 / 2.11818, -1.2853, 1.69629 / 2.11818, -1.2853, 1.69629; 1, 27, 1, 0; 0.927767838726; 1, 0, 1; 0, 1, 0; 1, 1, 2 ;
1,3; -0.794317, 2.90585, 1.12442 / -0.794317, 2.90585, 1.12442 / -0.794317, 2.90585, 1.12442; 1, 25, 1, 0; 0.959401954481; 1, 0, 1; 1, 0, 0; 3, 1, 2 ;
0,3; -0.802233, 2.909135, 1.128416 / -0.802233, 2.909135, 1.128416 / -0.802233, 2.909135, 1.128416; 1, 25, 1, 0; 0.959404611890; 1, 0, 1; 1, 0, 0; 3, 1, 2 ;
0,3; 1.671544, -0.387168, 4.080002 / 1.671544, -0.387168, 4.080002 / 1.671544, -0.387168, 4.080002; 1, 46, 1, 0; 0.711660700540; 1, 0, 1; 1, 0, 0; 3, 1, 2 ;
1,5; 0.724476, -3.35567, -1.50394 / 0.724476, -3.35567, -1.50394 / 0.724476, -3.35567, -1.50394; 1, 8, 1, 0; 0.510441141728; 1, 0, 1; 1, 0, 0; 2, 1, 2 ;
1,6; 2.15399, 1.0562, -1.66915 / 2.15399, 1.0562, -1.66915 / 2.15399, 1.0562, -1.66915; 1, 11, 1, 0; 0.101357357997; 0, 1, 0; 1, 0, 0; 2, 1, 1 ;
1,7; -1.47947, -1.17327, -0.752085 / -1.47947, -1.17327, -0.752085 / -1.47947, -1.17327, -0.752085; 1, 10, 1, 0; 0.429704495024; 1, 0, 1; 1, 0, 0; 3, 1, 2 ;
0,7; -4.238312, 1.482941, 0.779469 / -4.238312, 1.482941, 0.779469 / -4.238312, 1.482941, 0.779469; 1, 24, 1, 0; 0.211867849347; 1, 0, 1; 1, 0, 0; 3, 1, 2 ;
1,8; 2.46742, -0.947549, -2.59266 / 2.46742, -0.947549, -2.59266 / 2.46742, -0.947549, -2.59266; 1, 3, 1, 0; 0.615346373465; 1, 0, 1; 0, 1, 0; 4, 1, 2 ;
0,8; -0.164531, 0.184972, -1.574371 / -0.164531, 0.184972, -1.574371 / -0.164531, 0.184972, -1.574371; 1, 4, 1, 0; 0.909172245796; 1, 0, 1; 1, 0, 0; 2, 1, 2 ;
1,9; -2.54688, 1.01534, 0.177156 / -2.54688, 1.01534, 0.177156 / -2.54688, 1.01534, 0.177156; 1, 14, 1, 0; 0.785205707441; 1, 0, 1; 1, 0, 0; 3, 1, 2 ;
0,9; -2.616899, 0.957663, 0.440948 / -2.616719, 0.957689, 0.441364 / -2.617079, 0.957636, 0.440533; 1, 17, 1, 0; 0.840955393933; 2, 1, 1; 0, 2, 1; 1, 6, 2 / 4, 1, 1 ;
0,9; -2.617590, 0.954875, 0.446380 / -2.617590, 0.954875, 0.446380 / -2.617590, 0.954875, 0.446380; 1, 17, 1, 0; 0.840967306367; 1, 0, 1; 0, 1, 0; 4, 1, 2 ;
1,11; 1.76603, 0.516739, 4.18161 / 1.76603, 0.516739, 4.18161 / 1.76603, 0.516739, 4.18161; 1, 46, 1, 0; 0.634024361264; 1, 0, 1; 1, 0, 0; 2, 1, 2 ;
1,12; 2.3348, -2.59239, 1.01577 / 2.3348, -2.59239, 1.01577 / 2.3348, -2.59239, 1.01577; 1, 22, 1, 0; 0.138938495701; 0, 1, 0; 1, 0, 0; 3, 1, 1 ;
1,15; 3.4507, -0.593805, -1.20592 / 3.4507, -0.593805, -1.20592 / 3.4507, -0.593805, -1.20592; 1, 12, 1, 0; 0.146147625685; 1, 0, 1; 0, 1, 0; 4, 1, 2 ;
1,17; 2.39061, -0.0093753, -1.72364 / 2.39096, -0.0090848, -1.72353 / 2.39026, -0.00966579, -1.72375; 1, 4, 1, 0; 0.931522939107; 2, 1, 1; 2, 0, 0; 2, 1, 1 / 3, 4, 0 / 3, 5, 2 ;
0,17; 2.352534, -0.026562, -1.733126 / 2.352534, -0.026562, -1.733126 / 2.352534, -0.026562, -1.733126; 1, 4, 1, 0; 0.931548781618; 0, 1, 0; 1, 0, 0; 3, 1, 1 ;
0,17; -1.557852, -1.732215, -2.519897 / -1.557852, -1.732215, -2.519897 / -1.557852, -1.732215, -2.519897; 1, 5, 1, 0; 0.325956169422; 1, 0, 1; 1, 0, 0; 3, 1, 2 ;
0,17; 3.900789, 0.626461, -1.426945 / 3.901406, 0.627308, -1.426690 / 3.900172, 0.625614, -1.427201; 1, 12, 1, 0; 0.075827485661; 2, 1, 1; 1, 1, 0; 2, 1, 2 / 2, 2, 0 / 4, 10, 1 ;
0,17; 3.904401, 0.646369, -1.425166 / 3.904401, 0.646369, -1.425166 / 3.904401, 0.646369, -1.425166; 1, 12, 1, 0; 0.075824853637; 1, 0, 1; 0, 1, 0; 1, 1, 2 ;
0,17; 3.898998, 0.631341, -1.421145 / 3.898998, 0.631341, -1.421145 / 3.898998, 0.631341, -1.421145; 1, 12, 1, 0; 0.075827027918; 0, 1, 0; 0, 1, 0; 1, 1, 1 ;
0,17; 3.896110, 0.626850, -1.427154 / 3.896110, 0.626850, -1.427154 / 3.896110, 0.626850, -1.427154; 1, 12, 1, 0; 0.075827703089; 1, 0, 1; 1, 0, 0; 3, 1, 2 ;
1,18; 1.62766, -2.58838, -0.28751 / 1.62766, -2.58838, -0.28751 / 1.62766, -2.58838, -0.28751; 1, 15, 1, 0; 0.423468433897; 1, 0, 1; 1, 0, 0; 2, 1, 2 ;
0,18; 0.769459, -3.858029, 0.323509 / 0.769459, -3.858029, 0.323509 / 0.769459, -3.858029, 0.323509; 1, 18, 1, 0; 0.139164692885; 1, 0, 1; 1, 0, 0; 1, 10, 0 / 2, 1, 2 ;
1,20; 1.27012, 0.0537272, -3.85003 / 1.27063, 0.0544505, -3.84966 / 1.2696, 0.053004, -3.8504; 1, 1, 1, 0; 0.500187241519; 0, 3, 0; 1, 2, 1; 1, 1, 1 / 2, 1, 1 / 4, 1, 0 / 4, 4, 1 ;
0,20; 1.264788, 0.053932, -3.847869 / 1.264788, 0.053932, -3.847869 / 1.264788, 0.053932, -3.847869; 1, 1, 1, 0; 0.500187340402; 1, 0, 1; 0, 1, 0; 1, 1, 2 ;
1,23; 2.70556, 2.16318, -0.483277 / 2.70556, 2.16318, -0.483277 / 2.70556, 2.16318, -0.483277; 1, 13, 1, 0; 0.454154267348; 1, 0, 1; 0, 1, 0; 4, 1, 2 ;
0,23; -0.668797, -2.076969, 1.395990 / -0.668797, -2.076969, 1.395990 / -0.668797, -2.076969, 1.395990; 1, 22, 1, 0; 0.375703699338; 1, 0, 1; 1, 0, 0; 2, 1, 2 ;
0,23; -1.254391, -2.812546, 1.711657 / -1.254391, -2.812546, 1.711657 / -1.254391, -2.812546, 1.711657; 1, 32, 1, 0; 0.097970968993; 1, 0, 1; 1, 0, 0; 2, 1, 2 ;
1,25; 2.00987, 3.4653, 1.91741 / 2.00987, 3.4653, 1.91741 / 2.00987, 3.4653, 1.91741; 1, 28, 1, 0; 0.430853251341; 1, 0, 1; 1, 0, 0; 2, 1, 2 ;
0,25; 2.005667, 3.464618, 1.918682 / 2.005667, 3.464618, 1.918682 / 2.005667, 3.464618, 1.918682; 1, 28, 1, 0; 0.430853417094; 1, 0, 1; 1, 0, 0; 3, 1, 2 ;
1,27; -1.11054, 1.11321, -1.84948 / -1.11054, 1.11321, -1.84948 / -1.11054, 1.11321, -1.84948; 1, 6, 1, 0; 0.704870883287; 1, 0, 1; 1, 0, 0; 3, 1, 2 ;
0,27; -0.259711, 0.974166, -0.819350 / -0.259711, 0.974166, -0.819350 / -0.259711, 0.974166, -0.819350; 1, 13, 1, 0; 0.324626457051; 1, 0, 1; 1, 0, 0; 3, 1, 2 ;
1,28; -0.735051, -0.676591, 2.88992 / -0.735051, -0.676591, 2.88992 / -0.735051, -0.676591, 2.88992; 1, 36, 1, 0; 0.860923783245; 1, 0, 1; 1, 0, 0; 2, 1, 2 ;
1,30; -0.779835, -0.396943, 3.75917 / -0.779835, -0.396943, 3.75917 / -0.779835, -0.396943, 3.75917; 1, 46, 1, 0; 0.137920513997; 1, 0, 1; 1, 0, 0; 3, 1, 2 ;
1,33; 1.32334, 1.01278, -3.24412 / 1.32334, 1.01278, -3.24412 / 1.32334, 1.01278, -3.24412; 1, 2, 1, 0; 0.288016131431; 0, 1, 0; 1, 0, 0; 3, 1, 1 ;
0,33; 2.259832, 1.364869, -1.301011 / 2.259832, 1.364869, -1.301011 / 2.259832, 1.364869, -1.301011; 1, 11, 1, 0; 0.263618862233; 1, 0, 1; 1, 0, 0; 3, 1, 2 ;
1,36; 3.00099, 2.54569, -1.72927 / 3.00099, 2.54569, -1.72927 / 3.00099, 2.54569, -1.72927; 1, 11, 1, 0; 0.192394289880; 1, 0, 1; 1, 0, 0; 3, 1, 2 ;
1,39; -0.523788, 3.95022, -1.33093 / -0.523788, 3.95022, -1.33093 / -0.523788, 3.95022, -1.33093; 1, 7, 1, 0; 0.222565277910; 1, 0, 1; 1, 0, 0; 2, 1, 2 ;
0,39; -1.243693, 0.297359, -0.441275 / -1.243681, 0.297519, -0.441063 / -1.243705, 0.297200, -0.441488; 1, 10, 1, 0; 0.690305021000; 2, 1, 1; 1, 1, 0; 3, 1, 2 / 4, 2, 1 / 4, 3, 0 ;
0,39; -1.690928, -1.922639, 0.102907 / -1.690928, -1.922639, 0.102907 / -1.690928, -1.922639, 0.102907; 1, 16, 1, 0; 0.924881079626; 0, 1, 0; 1, 0, 0; 2, 1, 1 ;
0,39; -2.035613, -3.563696, 0.527908 / -2.035613, -3.563696, 0.527908 / -2.035613, -3.563696, 0.527908; 1, 18, 1, 0; 0.182964654665; 1, 0, 1; 0, 1, 0; 4, 1, 2 ;
1,41; 2.6135, -2.92547, 0.914554 / 2.61379, -2.92482, 0.914927 / 2.61322, -2.92612, 0.914181; 1, 19, 1, 0; 0.956633019788; 1, 0, 1; 1, 1, 0; 1, 1, 2 / 3, 2, 3 ;
0,41; 2.618205, -2.929570, 0.915883 / 2.618205, -2.929570, 0.915883 / 2.618205, -2.929570, 0.915883; 1, 19, 1, 0; 0.956619576945; 1, 0, 1; 1, 0, 0; 2, 1, 2 ;
0,41; 2.610565, -2.923155, 0.903629 / 2.610565, -2.923155, 0.903629 / 2.610565, -2.923155, 0.903629; 1, 19, 1, 0; 0.956630127298; 1, 0, 1; 1, 0, 0; 2, 1, 2 ;
0,41; 2.616146, -2.919388, 0.905927 / 2.616146, -2.919388, 0.905927 / 2.616146, -2.919388, 0.905927; 1, 19, 1, 0; 0.956631168595; 0, 0, 0; 1, 0, 0; 2, 1, 3 / 2, 5, 0 ;
0,41; 2.616068, -2.925870, 0.911364 / 2.616068, -2.925870, 0.911364 / 2.616068, -2.925870, 0.911364; 1, 19, 1, 0; 0.956632101422; 1, 0, 1; 1, 0, 0; 3, 1, 2 ;
1,44; 3.15026, -0.182299, -0.411263 / 3.15044, -0.18189, -0.411005 / 3.15008, -0.182708, -0.411521; 1, 12, 1, 0; 0.806732141141; 2, 1, 1; 2, 0, 0; 2, 1, 2 / 3, 3, 0 / 3, 4, 1 ;
0,44; 3.143511, -0.179223, -0.406930 / 3.143511, -0.179223, -0.406930 / 3.143511, -0.179223, -0.406930; 1, 12, 1, 0; 0.806730561926; 1, 0, 1; 1, 0, 0; 3, 1, 2 ;
1,46; 0.164477, 4.34122, 0.074579 / 0.164477, 4.34122, 0.074579 / 0.164477, 4.34122, 0.074579; 1, 17, 1, 0; 0.376405520730; 1, 0, 1; 1, 0, 0; 2, 1, 2 ;
1,47; -0.810517, 3.45299, -1.79008 / -0.810517, 3.45299, -1.79008 / -0.810517, 3.45299, -1.79008; 1, 7, 1, 0; 0.143843948696; 1, 0, 1; 1, 0, 0; 2, 1, 2 ;
1,48; 1.93609, -0.676928, -0.408277 / 1.93609, -0.676928, -0.408277 / 1.93609, -0.676928, -0.408277; 1, 12, 1, 0; 0.758746910232; 0, 1, 0; 0, 1, 0; 1, 1, 1 ;
0,48; 1.938372, -0.681607, -0.408902 / 1.938372, -0.681607, -0.408902 / 1.938372, -0.681607, -0.408902; 1, 12, 1, 0; 0.758746103459; 1, 0, 1; 1, 0, 0; 1, 10, 0 / 2, 1, 2 ;
0,48; 2.638661, -2.771520, -0.255039 / 2.639029, -2.771509, -0.254292 / 2.638293, -2.771531, -0.255786; 1, 15, 1, 0; 0.415388766555; 0, 2, 0; 0, 2, 1; 1, 3, 1 / 2, 2, 0 / 4, 1, 1 ;
0,48; 2.641802, -2.774655, -0.254219 / 2.641802, -2.774655, -0.254219 / 2.641802, -2.774655, -0.254219; 1, 15, 1, 0; 0.415387916024; 1, 0, 1; 0, 1, 0; 1, 1, 2 ;
0,48; 2.646595, -2.758695, -0.251134 / 2.646595, -2.758695, -0.251134 / 2.646595, -2.758695, -0.251134; 1, 15, 1, 0; 0.415390574772; 1, 0, 1; 1, 0, 0; 3, 1, 2 ;
1,51; -0.213516, -2.54086, 0.166049 / -0.213516, -2.54086, 0.166049 / -0.213516, -2.54086, 0.166049; 1, 15, 1, 0; 0.740300063488; 1, 0, 1; 1, 0, 0; 2, 1, 2 / 4, 2, 0 ;
1,55; -0.710032, -2.6645, -2.96386 / -0.710032, -2.6645, -2.96386 / -0.710032, -2.6645, -2.96386; 1, 5, 1, 0; 0.190852812338; 1, 0, 1; 1, 0, 0; 3, 1, 2 ;
0,55; -1.693661, -0.560331, 0.682068 / -1.693661, -0.560331, 0.682068 / -1.693661, -0.560331, 0.682068; 1, 21, 1, 0; 0.402143592005; 1, 0, 1; 0, 1, 0; 1, 1, 2 ;
0,55; -1.693580, -0.564647, 0.682320 / -1.693580, -0.564647, 0.682320 / -1.693580, -0.564647, 0.682320; 1, 21, 1, 0; 0.402144828901; 1, 0, 1; 1, 0, 0; 2, 1, 2 ;
0,55; -2.509376, 1.213873, 2.712687 / -2.509376, 1.213873, 2.712687 / -2.509376, 1.213873, 2.712687; 1, 37, 1, 0; 0.603846001947; 1, 0, 1; 1, 0, 0; 2, 1, 2 ;
0,55; -2.508559, 1.226285, 2.717854 / -2.508559, 1.226285, 2.717854 / -2.508559, 1.226285, 2.717854; 1, 37, 1, 0; 0.603848374633; 1, 0, 1; 1, 0, 0; 3, 1, 2 ;
0,55; -2.500721, 1.231215, 2.725023 / -2.500721, 1.231215, 2.725023 / -2.500721, 1.231215, 2.725023; 1, 37, 1, 0; 0.603878637864; 1, 0, 1; 1, 0, 0; 3, 1, 2 ;
1,57; -1.48141, 2.6944, -2.64642 / -1.48141, 2.6944, -2.64642 / -1.48141, 2.6944, -2.64642; 1, 6, 1, 0; 0.088170796735; 1, 0, 1; 0, 1, 0; 1, 1, 2 ;
1,59; -2.40284, 2.2864, -2.88235 / -2.40284, 2.2864, -2.88235 / -2.40284, 2.2864, -2.88235; 1, 2, 1, 0; 0.743909902256; 1, 0, 1; 0, 1, 0; 4, 1, 2 ;
0,59; -4.143884, -1.054844, 1.285457 / -4.143884, -1.054844, 1.285457 / -4.143884, -1.054844, 1.285457; 1, 24, 1, 0; 0.633229970780; 1, 0, 1; 1, 0, 0; 2, 1, 2 ;
1,61; 0.0324988, -1.99352, -0.221081 / 0.032873, -1.99331, -0.220623 / 0.0321245, -1.99373, -0.22154; 1, 15, 1, 0; 0.531491383513; 1, 0, 2; 2, 0, 0; 2, 6, 2 / 3, 1, 2 / 4, 1, 0 ;
0,61; -3.420070, -0.034344, 2.974258 / -3.420070, -0.034344, 2.974258 / -3.420070, -0.034344, 2.974258; 1, 37, 1, 0; 0.915417577472; 1, 0, 1; 1, 0, 0; 2, 1, 2 ;
1,63; -1.49068, -2.97702, 2.36657 / -1.49068, -2.97702, 2.36657 / -1.49068, -2.97702, 2.36657; 1, 32, 1, 0; 0.852193177262; 0, 1, 0; 0, 1, 0; 1, 1, 1 ;
1,65; -0.0254014, 1.5337, -2.58521 / -0.0254014, 1.5337, -2.58521 / -0.0254014, 1.5337, -2.58521; 1, 3, 1, 0; 0.719624072664; 1, 0, 1; 0, 1, 0; 1, 1, 2 ;
0,65; 0.538561, 1.133780, -2.675490 / 0.538561, 1.133780, -2.675490 / 0.538561, 1.133780, -2.675490; 1, 3, 1, 0; 0.713630681383; 1, 0, 1; 1, 0, 0; 1, 2, 0 / 3, 1, 2 ;
0,65; -0.020625, 1.537047, -2.587407 / -0.020625, 1.537047, -2.587407 / -0.020625, 1.537047, -2.587407; 1, 3, 1, 0; 0.719617693637; 1, 0, 1; 1, 0, 0; 2, 1, 2 ;
0,65; -0.026821, 1.524240, -2.587032 / -0.026821, 1.524240, -2.587032 / -0.026821, 1.524240, -2.587032; 1, 3, 1, 0; 0.719622863752; 1, 0, 1; 1, 0, 0; 2, 1, 2 ;
0,65; -0.021233, 1.536515, -2.582067 / -0.021233, 1.536515, -2.582067 / -0.021233, 1.536515, -2.582067; 1, 3, 1, 0; 0.719624806070; 1, 0, 1; 1, 0, 0; 3, 1, 2 ;
1,68; 2.62091, -2.77446, -0.614003 / 2.62091, -2.77446, -0.614003 / 2.62091, -2.77446, -0.614003; 1, 15, 1, 0; 0.134036568835; 1, 0, 1; 1, 0, 0; 2, 1, 2 ;
1,69; 1.78643, -1.15218, -1.99008 / 1.78643, -1.15218, -1.99008 / 1.78643, -1.15218, -1.99008; 1, 8, 1, 0; 0.099205026483; 1, 0, 1; 1, 0, 0; 2, 1, 2 ;
1,71; -0.55461, 0.185541, 3.10027 / -0.55461, 0.185541, 3.10027 / -0.55461, 0.185541, 3.10027; 1, 41, 1, 0; 0.823575600923; 0, 1, 0; 0, 1, 0; 4, 1, 1 ;
0,71; -0.557397, 0.180583, 3.099553 / -0.557397, 0.180583, 3.099553 / -0.557397, 0.180583, 3.099553; 1, 41, 1, 0; 0.823611232805; 1, 0, 1; 1, 0, 0; 2, 1, 2 ;
1,73; 2.50612, 1.24504, -2.99609 / 2.50612, 1.24504, -2.99609 / 2.50612, 1.24504, -2.99609; 1, 3, 1, 0; 0.236172592351; 0, 1, 0; 0, 1, 0; 1, 1, 1 ;
1,79; 0.574408, 4.4125, 0.800755 / 0.574408, 4.4125, 0.800755 / 0.574408, 4.4125, 0.800755; 1, 25, 1, 0; 0.333587913077; 1, 0, 1; 1, 0, 0; 2, 1, 2 ;
1,83; -2.96824, 0.354225, 0.06907 / -2.96784, 0.354228, 0.0691532 / -2.96864, 0.354222, 0.0689868; 1, 14, 1, 0; 0.833702463122; 1, 0, 2; 2, 0, 0; 2, 1, 2 / 2, 3, 0 / 2, 4, 0 / 2, 9, 2 / 3, 1, 0 / 3, 4, 0 / 3, 6, 0 / 3, 7, 0 ;
0,83; -2.967126, 0.354209, 0.069072 / -2.966409, 0.354228, 0.069157 / -2.967843, 0.354190, 0.068987; 1, 14, 1, 0; 0.833702512362; 1, 0, 1; 2, 0, 0; 1, 3, 0 / 1, 9, 0 / 2, 1, 2 / 2, 8, 2 / 4, 7, 0 ;
1,85; 0.0834293, 1.79296, -1.9462 / 0.0846946, 1.79307, -1.94549 / 0.082164, 1.79284, -1.9469; 1, 4, 1, 0; 0.734364539384; 2, 1, 1; 0, 2, 1; 1, 1, 1 / 1, 3, 0 / 4, 10, 2 ;
0,85; 0.365353, 2.296812, -2.584299 / 0.365353, 2.296812, -2.584299 / 0.365353, 2.296812, -2.584299; 1, 4, 1, 0; 0.135681262265; 1, 0, 1; 1, 0, 0; 3, 1, 2 ;
0,85; -1.924464, -1.755553, 2.688242 / -1.924464, -1.755553, 2.688242 / -1.924464, -1.755553, 2.688242; 1, 36, 1, 0; 0.654354851176; 1, 0, 1; 0, 1, 0; 4, 1, 2 ;
1,90; -1.13115, 2.24794, 1.41081 / -1.13115, 2.24794, 1.41081 / -1.13115, 2.24794, 1.41081; 1, 29, 1, 0; 0.225871665089; 1, 0, 1; 1, 0, 0; 3, 1, 2 ;
1,94; -1.99727, 2.56217, -1.14895 / -1.99611, 2.56242, -1.14837 / -1.99843, 2.56191, -1.14953; 1, 7, 1, 0; 0.676133745696; 2, 2, 1; 1, 2, 0; 3, 10, 1 / 4, 1, 1 / 4, 10, 2 ;
1,98; 3.271, -1.1047, 2.28737 / 3.271, -1.1047, 2.28737 / 3.271, -1.1047, 2.28737; 1, 33, 1, 0; 0.316476118133; 0, 1, 0; 0, 1, 0; 4, 1, 1 ;
1,103; -1.13552, 0.104254, -2.56856 / -1.13552, 0.104254, -2.56856 / -1.13552, 0.104254, -2.56856; 1, 2, 1, 0; 0.900464126710; 1, 0, 1; 0, 1, 0; 1, 1, 2 ;
0,103; -1.145781, 0.104008, -2.561127 / -1.145781, 0.104008, -2.561127 / -1.145781, 0.104008, -2.561127; 1, 2, 1, 0; 0.900463228849; 1, 0, 1; 1, 0, 0; 1, 5, 0 / 2, 1, 2 ;
1,105; 0.225854, -1.80723, -2.30996 / 0.225854, -1.80723, -2.30996 / 0.225854, -1.80723, -2.30996; 1, 3, 1, 0; 0.892780304404; 0, 1, 0; 1, 0, 0; 2, 1, 1 / 3, 2, 0 ;
0,105; 1.112081, -1.881162, 0.138581 / 1.112081, -1.881162, 0.138581 / 1.112081, -1.881162, 0.138581; 1, 15, 1, 0; 0.658963128456; 0, 1, 0; 0, 1, 0; 1, 1, 1 ;
1,106; 2.41176, -2.38946, 0.120892 / 2.41176, -2.38946, 0.120892 / 2.41176, -2.38946, 0.120892; 1, 15, 1, 0; 0.703739679772; 1, 0, 1; 1, 0, 0; 2, 1, 2 ;
1,109; 0.988122, 2.64316, -1.82401 / 0.988122, 2.64316, -1.82401 / 0.988122, 2.64316, -1.82401; 1, 7, 1, 0; 0.089081292232; 1, 0, 1; 1, 0, 0; 3, 1, 2 ;
1,113; 2.64619, -2.76297, 1.32794 / 2.64619, -2.76297, 1.32794 / 2.64619, -2.76297, 1.32794; 1, 22, 1, 0; 0.503795765159; 0, 1, 0; 1, 0, 0; 2, 1, 1 ;
1,114; 2.40417, 0.0892031, 1.75243 / 2.40417, 0.0892031, 1.75243 / 2.40417, 0.0892031, 1.75243; 1, 27, 1, 0; 0.608367994165; 0, 1, 0; 0, 1, 0; 1, 1, 1 ;
0,114; 2.410950, 0.095090, 1.751208 / 2.410950, 0.095090, 1.751208 / 2.410950, 0.095090, 1.751208; 1, 27, 1, 0; 0.608369264940; 1, 0, 1; 1, 0, 0; 3, 1, 2 ;
0,114; 0.464029, -1.016099, 2.546410 / 0.464029, -1.016099, 2.546410 / 0.464029, -1.016099, 2.546410; 1, 34, 1, 0; 0.568475062926; 0, 1, 0; 0, 1, 0; 1, 1, 1 ;
0,114; 0.465200, -1.018507, 2.545424 / 0.465200, -1.018507, 2.545424 / 0.465200, -1.018507, 2.545424; 1, 34, 1, 0; 0.568475312384; 1, 0, 1; 0, 1, 0; 1, 1, 2 ;
1,115; 1.56852, -1.8454, 1.60614 / 1.56852, -1.8454, 1.60614 / 1.56852, -1.8454, 1.60614; 1, 27, 1, 0; 0.981048876930; 1, 0, 1; 1, 0, 0; 2, 1, 0 / 3, 1, 2 ;
1,117; -2.28689, -0.720996, 1.90463 / -2.28689, -0.720996, 1.90463 / -2.28689, -0.720996, 1.90463; 1, 30, 1, 0; 0.530705128954; 0, 1, 0; 0, 1, 0; 1, 1, 1 ;
0,117; 0.470651, 0.305550, 2.607626 / 0.470651, 0.305550, 2.607626 / 0.470651, 0.305550, 2.607626; 1, 34, 1, 0; 0.931016529091; 1, 0, 1; 1, 0, 0; 3, 1, 2 ;
1,119; -1.58715, 3.04332, 2.59571 / -1.58713, 3.04354, 2.59575 / -1.58718, 3.04309, 2.59567; 1, 37, 1, 0; 0.353899088888; 2, 1, 1; 1, 1, 0; 3, 2, 2 / 4, 1, 1 ;
1,121; 1.16579, -0.183048, 4.45114 / 1.16579, -0.183048, 4.45114 / 1.16579, -0.183048, 4.45114; 1, 46, 1, 0; 0.929749479544; 1, 0, 1; 0, 1, 0; 4, 1, 2 ;
0,121; 1.179849, -0.188895, 4.461268 / 1.179849, -0.188895, 4.461268 / 1.179849, -0.188895, 4.461268; 1, 46, 1, 0; 0.929736276960; 1, 0, 1; 1, 0, 0; 2, 1, 2 ;
0,121; 1.164855, -0.178346, 4.448317 / 1.164855, -0.178346, 4.448317 / 1.164855, -0.178346, 4.448317; 1, 46, 1, 0; 0.929750408591; 1, 0, 1; 1, 0, 0; 3, 1, 2 ;
1,123; -1.57223, 0.736802, 2.34818 / -1.57206, 0.736843, 2.34839 / -1.5724, 0.736761, 2.34796; 1, 37, 1, 0; 0.050392656613; 2, 1, 1; 1, 1, 0; 3, 1, 2 / 4, 1, 1 ;
0,123; -1.570105, 0.735002, 2.349500 / -1.570105, 0.735002, 2.349500 / -1.570105, 0.735002, 2.349500; 1, 37, 1, 0; 0.050392350460; 1, 0, 1; 1, 0, 0; 2, 1, 2 ;
1,128; 1.964, -0.880551, -2.41962 / 1.964, -0.880551, -2.41962 / 1.964, -0.880551, -2.41962; 1, 3, 1, 0; 0.815919413919; 0, 0, 0; 1, 0, 0; 3, 1, 3 / 4, 3, 0 ;
0,128; 1.957775, -0.880656, -2.419071 / 1.957775, -0.880656, -2.419071 / 1.957775, -0.880656, -2.419071; 1, 3, 1, 0; 0.815926526352; 1, 0, 1; 1, 0, 0; 3, 1, 2 ;
1,129; -0.0904766, -1.62709, 0.792002 / -0.0904766, -1.62709, 0.792002 / -0.0904766, -1.62709, 0.792002; 1, 22, 1, 0; 0.026214792114; 1, 0, 1; 1, 0, 0; 2, 1, 2 ;
0,129; 0.205036, -1.337306, 1.075518 / 0.205461, -1.337203, 1.076174 / 0.204612, -1.337408, 1.074861; 1, 23, 1, 0; 0.362030700607; 1, 0, 2; 1, 1, 0; 2, 1, 2 / 4, 2, 2 / 4, 4, 0 ;
0,129; 0.080819, -1.287626, 0.840162 / 0.080819, -1.287626, 0.840162 / 0.080819, -1.287626, 0.840162; 1, 23, 1, 0; 0.315372983111; 1, 0, 1; 1, 0, 0; 2, 1, 2 ;
0,129; 0.203307, -1.338678, 1.051941 / 0.203307, -1.338678, 1.051941 / 0.203307, -1.338678, 1.051941; 1, 23, 1, 0; 0.362004104351; 1, 0, 1; 1, 0, 0; 3, 1, 2 ;
0,129; 0.199854, -1.335297, 1.052490 / 0.199854, -1.335297, 1.052490 / 0.199854, -1.335297, 1.052490; 1, 23, 1, 0; 0.362005042869; 1, 0, 1; 1, 0, 0; 3, 1, 2 ;
0,129; 0.205401, -1.327618, 1.077295 / 0.205401, -1.327618, 1.077295 / 0.205401, -1.327618, 1.077295; 1, 23, 1, 0; 0.362032045569; 1, 0, 1; 1, 0, 0; 2, 1, 2 ;
0,129; 0.205064, -1.334169, 1.110128 / 0.205064, -1.334169, 1.110128 / 0.205064, -1.334169, 1.110128; 1, 23, 1, 0; 0.362057681138; 1, 0, 1; 1, 0, 0; 2, 1, 2 ;
0,129; 0.160703, -1.246558, 1.381520 / 0.160703, -1.246558, 1.381520 / 0.160703, -1.246558, 1.381520; 1, 23, 1, 0; 0.959130289876; 1, 0, 1; 1, 0, 0; 3, 1, 2 ;
0,129; -0.052250, -1.154489, 1.730477 / -0.052092, -1.154036, 1.730640 / -0.052408, -1.154942, 1.730314; 1, 27, 1, 0; 0.889596952720; 1, 0, 2; 0, 2, 1; 1, 1, 2 / 4, 7, 2 ;
0,129; -0.069128, -1.152666, 1.752238 / -0.069128, -1.152666, 1.752238 / -0.069128, -1.152666, 1.752238; 1, 27, 1, 0; 0.889616907561; 1, 0, 1; 1, 0, 0; 3, 1, 2 ;
1,130; 2.9669, 1.50173, 0.409414 / 2.9669, 1.50173, 0.409414 / 2.9669, 1.50173, 0.409414; 1, 20, 1, 0; 0.391265492895; 1, 0, 1; 0, 1, 0; 4, 1, 2 ;
1,135; -2.8698, 0.732507, -2.34296 / -2.8698, 0.732507, -2.34296 / -2.8698, 0.732507, -2.34296; 1, 6, 1, 0; 0.263617483221; 1, 0, 1; 1, 0, 0; 2, 1, 2 ;
0,135; 1.332769, -1.376626, 0.019948 / 1.332769, -1.376626, 0.019948 / 1.332769, -1.376626, 0.019948; 1, 16, 1, 0; 0.892199193134; 0, 1, 0; 0, 1, 0; 1, 1, 1 ;
0,135; 2.786494, -2.090677, 0.803724 / 2.786689, -2.090455, 0.803741 / 2.786300, -2.090899, 0.803707; 1, 19, 1, 0; 0.883798221408; 0, 2, 0; 1, 1, 0; 3, 1, 1 / 4, 1, 1 ;
1,140; 1.07343, 3.73973, -0.292457 / 1.07343, 3.73973, -0.292457 / 1.07343, 3.73973, -0.292457; 1, 17, 1, 0; 0.272728135662; 1, 0, 1; 1, 0, 0; 2, 1, 2 ;
1,142; -0.989716, -3.007, -2.60493 / -0.989716, -3.007, -2.60493 / -0.989716, -3.007, -2.60493; 1, 5, 1, 0; 0.251004968629; 1, 0, 1; 0, 1, 0; 4, 1, 2 ;
0,142; -0.834323, -2.918427, -2.513387 / -0.834323, -2.918427, -2.513387 / -0.834323, -2.918427, -2.513387; 1, 5, 1, 0; 0.248701981276; 1, 0, 1; 1, 0, 0; 2, 1, 2 ;
0,142; -1.033144, -3.026831, -2.665128 / -1.033144, -3.026831, -2.665128 / -1.033144, -3.026831, -2.665128; 1, 5, 1, 0; 0.250024367747; 1, 0, 1; 1, 0, 0; 2, 1, 2 ;
0,142; -0.993314, -3.005261, -2.599698 / -0.993314, -3.005261, -2.599698 / -0.993314, -3.005261, -2.599698; 1, 5, 1, 0; 0.251014172697; 1, 0, 1; 1, 0, 0; 2, 1, 2 ;
0,142; -1.064659, -2.967168, -2.669380 / -1.064659, -2.967168, -2.669380 / -1.064659, -2.967168, -2.669380; 1, 5, 1, 0; 0.251180791824; 1, 0, 1; 1, 0, 0; 3, 1, 2 ;
0,142; -0.644806, -2.652052, -2.593464 / -0.644806, -2.652052, -2.593464 / -0.644806, -2.652052, -2.593464; 1, 5, 1, 0; 0.273932063388; 1, 0, 1; 1, 0, 0; 3, 1, 2 ;
0,142; -0.644281, -2.648576, -2.596598 / -0.644281, -2.648576, -2.596598 / -0.644281, -2.648576, -2.596598; 1, 5, 1, 0; 0.273932587794; 1, 0, 1; 1, 0, 0; 2, 1, 2 ;
0,142; -0.599145, -2.621755, -2.631352 / -0.599145, -2.621755, -2.631352 / -0.599145, -2.621755, -2.631352; 1, 5, 1, 0; 0.274650387522; 1, 0, 1; 1, 0, 0; 3, 1, 2 ;
1,144; 1.91397, 1.43057, 1.25634 / 1.91397, 1.43057, 1.25634 / 1.91397, 1.43057, 1.25634; 1, 26, 1, 0; 0.723887565899; 0, 1, 0; 1, 0, 0; 2, 1, 1 ;
1,145; -0.48489, 1.3857, 0.218575 / -0.48489, 1.3857, 0.218575 / -0.48489, 1.3857, 0.218575; 1, 17, 1, 0; 0.662255439407; 1, 0, 1; 1, 0, 0; 3, 1, 2 ;
0,145; 3.883109, 2.158725, 1.361549 / 3.883109, 2.158725, 1.361549 / 3.883109, 2.158725, 1.361549; 1, 28, 1, 0; 0.160006289412; 1, 0, 1; 1, 0, 0; 2, 1, 2 ;
1,150; 0.0520245, 0.0391906, -0.520478 / 0.0520245, 0.0391906, -0.520478 / 0.0520245, 0.0391906, -0.520478; 1, 16, 1, 0; 0.140135160838; 1, 0, 1; 0, 1, 0; 1, 1, 2 ;
1,151; -0.880229, 0.39755, 2.38044 / -0.880229, 0.39755, 2.38044 / -0.880229, 0.39755, 2.38044; 1, 31, 1, 0; 0.842803650191; 1, 0, 1; 1, 0, 0; 3, 1, 2 ;
1,153; 0.135028, -1.82584, -3.39281 / 0.135028, -1.82584, -3.39281 / 0.135028, -1.82584, -3.39281; 1, 3, 1, 0; 0.104591786651; 1, 0, 1; 1, 0, 0; 1, 5, 0 / 3, 1, 2 ;
1,154; 1.95141, -3.02912, 0.661634 / 1.95141, -3.02912, 0.661634 / 1.95141, -3.02912, 0.661634; 1, 19, 1, 0; 0.948829301204; 1, 0, 1; 0, 1, 0; 1, 1, 2 ;
1,155; 0.947571, -0.924366, -0.509517 / 0.947604, -0.923696, -0.509161 / 0.947538, -0.925037, -0.509873; 1, 12, 1, 0; 0.764965125673; 1, 0, 2; 2, 0, 0; 1, 1, 0 / 2, 1, 2 / 3, 6, 2 / 3, 7, 0 ;
1,156; 0.991377, -1.17752, 2.95411 / 0.991377, -1.17752, 2.95411 / 0.991377, -1.17752, 2.95411; 1, 35, 1, 0; 0.242357120958; 1, 0, 1; 1, 0, 0; 2, 1, 2 ;
0,156; 0.452312, -2.232247, 2.876372 / 0.452312, -2.232247, 2.876372 / 0.452312, -2.232247, 2.876372; 1, 35, 1, 0; 0.702529441469; 1, 0, 1; 1, 0, 0; 3, 1, 2 ;
0,156; 2.268535, 1.283513, 3.154751 / 2.268535, 1.283513, 3.154751 / 2.268535, 1.283513, 3.154751; 1, 42, 1, 0; 0.507227201228; 1, 0, 1; 0, 1, 0; 1, 1, 2 / 1, 9, 0 ;
0,156; 2.272713, 1.285872, 3.158890 / 2.272713, 1.285872, 3.158890 / 2.272713, 1.285872, 3.158890; 1, 42, 1, 0; 0.507187543027; 1, 0, 1; 1, 0, 0; 3, 1, 2 / 4, 1, 0 ;
0,156; 2.274250, 1.286317, 3.152416 / 2.274250, 1.286317, 3.152416 / 2.274250, 1.286317, 3.152416; 1, 42, 1, 0; 0.507190776600; 1, 0, 1; 1, 0, 0; 3, 1, 2 ;
0,156; 2.266280, 1.285220, 3.152992 / 2.266280, 1.285220, 3.152992 / 2.266280, 1.285220, 3.152992; 1, 42, 1, 0; 0.507227785358; 1, 0, 1; 1, 0, 0; 2, 1, 2 ;
0,156; 2.266626, 1.283717, 3.149136 / 2.266626, 1.283717, 3.149136 / 2.266626, 1.283717, 3.149136; 1, 42, 1, 0; 0.507230205321; 1, 0, 1; 1, 0, 0; 2, 1, 2 ;
1,157; -1.71671, 1.05365, -3.19784 / -1.71671, 1.05365, -3.19784 / -1.71671, 1.05365, -3.19784; 1, 2, 1, 0; 0.305099547826; 1, 0, 1; 1, 0, 0; 2, 1, 2 ;
0,157; -1.747080, 1.497228, -0.458641 / -1.747080, 1.497228, -0.458641 / -1.747080, 1.497228, -0.458641; 1, 14, 1, 0; 0.296565447108; 1, 0, 1; 1, 0, 0; 2, 1, 2 ;
1,159; 3.19514, -1.8452, -0.276003 / 3.19514, -1.8452, -0.276003 / 3.19514, -1.8452, -0.276003; 1, 15, 1, 0; 0.580103396500; 0, 0, 0; 1, 0, 0; 2, 1, 3 ;
1,162; -1.36362, 2.6155, 3.5303 / -1.36362, 2.6155, 3.5303 / -1.36362, 2.6155, 3.5303; 1, 45, 1, 0; 0.653342440616; 1, 0, 1; 1, 0, 0; 3, 1, 2 ;
1,166; 4.01228, -0.632018, 0.461618 / 4.01228, -0.632018, 0.461618 / 4.01228, -0.632018, 0.461618; 1, 19, 1, 0; 0.530566132424; 1, 0, 1; 1, 0, 0; 2, 1, 2 ;
1,167; 2.83646, -0.109641, 1.39849 / 2.83646, -0.109641, 1.39849 / 2.83646, -0.109641, 1.39849; 1, 26, 1, 0; 0.965164184990; 1, 0, 1; 1, 0, 0; 2, 1, 2 ;
1,170; 1.6544, -2.25119, 3.34079 / 1.6544, -2.25119, 3.34079 / 1.6544, -2.25119, 3.34079; 1, 40, 1, 0; 0.797609429514; 0, 1, 0; 0, 1, 0; 4, 1, 1 ;
0,170; 1.645828, -2.253303, 3.340802 / 1.645828, -2.253303, 3.340802 / 1.645828, -2.253303, 3.340802; 1, 40, 1, 0; 0.797606852114; 1, 0, 1; 1, 0, 0; 1, 9, 0 / 2, 1, 2 / 2, 2, 0 / 2, 6, 0 ;
0,170; 1.648894, -2.249712, 3.349195 / 1.648894, -2.249712, 3.349195 / 1.648894, -2.249712, 3.349195; 1, 40, 1, 0; 0.797611676882; 1, 0, 1; 1, 0, 0; 2, 1, 2 ;
0,170; 1.638915, -2.250742, 3.355249 / 1.638915, -2.250742, 3.355249 / 1.638915, -2.250742, 3.355249; 1, 40, 1, 0; 0.797618057520; 1, 0, 1; 1, 0, 0; 2, 1, 2 / 2, 10, 0 / 3, 10, 0 / 4, 7, 0 ;
0,170; 0.246760, -1.770117, 3.538554 / 0.247230, -1.769353, 3.538806 / 0.246290, -1.770880, 3.538302; 1, 43, 1, 0; 0.602694305445; 0, 1, 0; 1, 1, 0; 1, 1, 1 / 2, 10, 3 ;
1,171; -3.40608, -0.0259888, -0.409514 / -3.40608, -0.0259888, -0.409514 / -3.40608, -0.0259888, -0.409514; 1, 10, 1, 0; 0.658215821254; 1, 0, 1; 1, 0, 0; 2, 1, 2 ;
1,176; -0.615578, 0.172891, -2.06114 / -0.615578, 0.172891, -2.06114 / -0.615578, 0.172891, -2.06114; 1, 4, 1, 0; 0.615540021035; 1, 0, 1; 1, 0, 0; 3, 1, 2 / 3, 2, 0 ;
0,176; -0.598702, 0.116967, -1.972052 / -0.598702, 0.116967, -1.972052 / -0.598702, 0.116967, -1.972052; 1, 4, 1, 0; 0.615606555527; 1, 0, 1; 1, 0, 0; 2, 1, 2 ;
0,176; -0.608906, 0.106485, -1.673927 / -0.608906, 0.106485, -1.673927 / -0.608906, 0.106485, -1.673927; 1, 4, 1, 0; 0.909618036163; 1, 0, 1; 1, 0, 0; 2, 1, 2 ;
0,176; -0.915665, 0.183885, -1.110943 / -0.915204, 0.184462, -1.109759 / -0.916127, 0.183309, -1.112126; 1, 11, 1, 0; 0.752669702650; 2, 2, 2; 2, 2, 0; 1, 1, 0 / 1, 2, 0 / 2, 7, 2 / 2, 9, 2 / 4, 1, 1 / 4, 6, 1 ;
0,176; -0.921620, 0.185460, -1.090436 / -0.921620, 0.185460, -1.090436 / -0.921620, 0.185460, -1.090436; 1, 11, 1, 0; 0.752679578464; 0, 1, 0; 0, 1, 0; 1, 1, 1 / 2, 1, 0 ;
0,176; -0.922772, 0.170082, -1.112591 / -0.922772, 0.170082, -1.112591 / -0.922772, 0.170082, -1.112591; 1, 11, 1, 0; 0.752667791571; 1, 0, 1; 1, 0, 0; 2, 1, 2 ;
0,176; -0.920813, 0.183949, -1.103363 / -0.920813, 0.183949, -1.103363 / -0.920813, 0.183949, -1.103363; 1, 11, 1, 0; 0.752669279237; 1, 0, 1; 1, 0, 0; 3, 1, 2 ;
1,177; 0.450061, 1.15011, -0.247704 / 0.450061, 1.15011, -0.247704 / 0.450061, 1.15011, -0.247704; 1, 13, 1, 0; 0.899335570073; 1, 0, 1; 1, 0, 0; 3, 1, 2 ;
0,177; 1.395865, -1.010020, 0.662509 / 1.395865, -1.010020, 0.662509 / 1.395865, -1.010020, 0.662509; 1, 19, 1, 0; 0.771289457167; 1, 0, 1; 1, 0, 0; 2, 1, 2 ;
1,179; -0.409444, -0.0513703, 2.56209 / -0.409444, -0.0513703, 2.56209 / -0.409444, -0.0513703, 2.56209; 1, 34, 1, 0; 0.875889255592; 1, 0, 1; 0, 1, 0; 1, 1, 2 / 2, 3, 0 / 4, 2, 0 ;
0,179; -0.429031, -0.061688, 2.575700 / -0.429031, -0.061688, 2.575700 / -0.429031, -0.061688, 2.575700; 1, 34, 1, 0; 0.875922795227; 1, 0, 1; 0, 1, 0; 1, 1, 2 ;
0,179; -0.568768, -0.196501, 2.679995 / -0.568768, -0.196501, 2.679995 / -0.568768, -0.196501, 2.679995; 1, 34, 1, 0; 0.874968480975; 1, 0, 1; 1, 0, 0; 2, 1, 2 ;
0,179; -0.411071, -0.047961, 2.553417 / -0.411071, -0.047961, 2.553417 / -0.411071, -0.047961, 2.553417; 1, 34, 1, 0; 0.875888694312; 0, 1, 0; 1, 0, 0; 3, 1, 1 ;
0,179; -0.435381, -0.065010, 2.579120 / -0.435381, -0.065010, 2.579120 / -0.435381, -0.065010, 2.579120; 1, 34, 1, 0; 0.875923418872; 1, 0, 1; 1, 0, 0; 1, 5, 0 / 2, 1, 2 ;
0,179; -0.584914, 0.337343, 2.560173 / -0.584539, 0.337532, 2.560855 / -0.585289, 0.337154, 2.559491; 1, 38, 1, 0; 0.936076036175; 2, 1, 1; 0, 2, 1; 1, 5, 1 / 4, 1, 2 / 4, 7, 0 ;
0,179; -0.584950, 0.334469, 2.561043 / -0.584567, 0.335155, 2.561086 / -0.585333, 0.333783, 2.560999; 1, 38, 1, 0; 0.936077796555; 0, 2, 0; 1, 1, 0; 3, 1, 1 / 4, 4, 1 ;
0,179; -0.584909, 0.337070, 2.556446 / -0.584909, 0.337070, 2.556446 / -0.584909, 0.337070, 2.556446; 1, 38, 1, 0; 0.936076281097; 1, 0, 1; 1, 0, 0; 2, 1, 2 ;
0,179; -0.706265, -0.263835, 3.238717 / -0.705668, -0.263682, 3.239007 / -0.706862, -0.263987, 3.238428; 1, 41, 1, 0; 0.666128162121; 0, 3, 0; 0, 3, 1; 1, 6, 1 / 1, 7, 0 / 2, 9, 0 / 3, 6, 0 / 3, 8, 0 / 3, 9, 0 / 4, 1, 1 / 4, 3, 0 / 4, 10, 1 ;
0,179; -0.676262, -0.311485, 3.223661 / -0.675345, -0.310761, 3.224588 / -0.677179, -0.312210, 3.222733; 1, 41, 1, 0; 0.433028751674; 1, 0, 2; 1, 1, 0; 1, 10, 2 / 3, 1, 2 ;
0,179; -0.706827, -0.237280, 3.209853 / -0.706681, -0.236947, 3.210050 / -0.706972, -0.237614, 3.209656; 1, 41, 1, 0; 0.666039937749; 1, 0, 2; 1, 1, 0; 2, 6, 2 / 4, 1, 2 ;
0,179; -0.708607, -0.262299, 3.238692 / -0.708607, -0.262299, 3.238692 / -0.708607, -0.262299, 3.238692; 1, 41, 1, 0; 0.666128808835; 1, 0, 1; 0, 1, 0; 4, 1, 2 ;
0,179; -0.712806, -0.260596, 3.231899 / -0.712806, -0.260596, 3.231899 / -0.712806, -0.260596, 3.231899; 1, 41, 1, 0; 0.666094407797; 1, 0, 1; 1, 0, 0; 3, 1, 2 ;
0,179; -0.704060, -0.263514, 3.237490 / -0.704060, -0.263514, 3.237490 / -0.704060, -0.263514, 3.237490; 1, 41, 1, 0; 0.666127890918; 0, 1, 0; 1, 0, 0; 2, 1, 1 ;
1,187; -1.77978, 2.96737, -3.08449 / -1.77978, 2.96737, -3.08449 / -1.77978, 2.96737, -3.08449; 1, 2, 1, 0; 0.788690911277; 1, 0, 1; 1, 0, 0; 2, 1, 2 ;
0,187; -1.778325, 2.971387, -3.076998 / -1.778325, 2.971387, -3.076998 / -1.778325, 2.971387, -3.076998; 1, 2, 1, 0; 0.788692018770; 1, 0, 1; 1, 0, 0; 3, 1, 2 ;
0,187; -1.783787, 2.965020, -3.083200 / -1.783787, 2.965020, -3.083200 / -1.783787, 2.965020, -3.083200; 1, 2, 1, 0; 0.788697852887; 1, 0, 1; 1, 0, 0; 3, 1, 2 ;
1,194; 2.06347, 0.52739, 0.466653 / 2.06347, 0.52739, 0.466653 / 2.06347, 0.52739, 0.466653; 1, 19, 1, 0; 0.657939651108; 1, 0, 1; 0, 1, 0; 1, 1, 2 ;
1,195; -1.90625, 2.7427, 1.06765 / -1.9058, 2.74292, 1.06787 / -1.90671, 2.74248, 1.06744; 1, 24, 1, 0; 0.409116988053; 1, 0, 2; 2, 0, 0; 2, 1, 2 / 2, 5, 2 ;
0,195; -1.911708, 2.742324, 1.066255 / -1.911708, 2.742324, 1.066255 / -1.911708, 2.742324, 1.066255; 1, 24, 1, 0; 0.409115983027; 1, 0, 1; 1, 0, 0; 3, 1, 2 ;
0,195; -2.282310, 2.792776, 1.645929 / -2.282310, 2.792776, 1.645929 / -2.282310, 2.792776, 1.645929; 1, 29, 1, 0; 0.401786649444; 1, 0, 1; 1, 0, 0; 2, 1, 2 ;
1,197; 2.87605, -0.357081, -2.56228 / 2.87624, -0.356843, -2.56217 / 2.87586, -0.35732, -2.5624; 1, 3, 1, 0; 0.642059196396; 2, 1, 1; 2, 0, 0; 3, 1, 1 / 3, 2, 2 ;
1,198; -1.14188, 0.828799, -2.54502 / -1.14188, 0.828799, -2.54502 / -1.14188, 0.828799, -2.54502; 1, 2, 1, 0; 0.843349775654; 1, 0, 1; 1, 0, 0; 3, 1, 2 ;
1,199; 0.744905, -1.88972, 1.43354 / 0.745434, -1.88968, 1.43411 / 0.744377, -1.88977, 1.43297; 1, 22, 1, 0; 0.391689833004; 1, 0, 2; 1, 1, 0; 1, 1, 2 / 3, 1, 2 ;
