1,2; 2.33993, 0.762627, -3.2733 / 2.33993, 0.762627, -3.2733 / 2.33993, 0.762627, -3.2733; 1, 3, 1, 0; 0.211649129382; 1, 0, 1; 1, 0, 0; 2, 1, 2 ;
0,2; 2.338954, 0.760390, -3.270270 / 2.338954, 0.760390, -3.270270 / 2.338954, 0.760390, -3.270270; 1, 3, 1, 0; 0.211649576679; 1, 0, 1; 1, 0, 0; 3, 1, 2 ;
1,3; 2.36472, -0.665589, 0.415574 / 2.36472, -0.665589, 0.415574 / 2.36472, -0.665589, 0.415574; 1, 19, 1, 0; 0.513939649662; 1, 0, 1; 1, 0, 0; 2, 1, 2 ;
1,4; -0.499991, -3.63894, -2.10984 / -0.499991, -3.63894, -2.10984 / -0.499991, -3.63894, -2.10984; 1, 5, 1, 0; 0.663847383996; 1, 0, 1; 1, 0, 0; 3, 1, 2 ;
0,4; -0.801628, -2.617490, -2.153178 / -0.801628, -2.617490, -2.153178 / -0.801628, -2.617490, -2.153178; 1, 5, 1, 0; 0.752694777794; 1, 0, 1; 1, 0, 0; 3, 1, 2 ;
0,4; -1.839280, 1.263484, -2.380610 / -1.839280, 1.263484, -2.380610 / -1.839280, 1.263484, -2.380610; 1, 6, 1, 0; 0.229021036051; 1, 0, 1; 1, 0, 0; 2, 1, 2 ;
0,4; -1.839395, 1.266075, -2.372770 / -1.839395, 1.266075, -2.372770 / -1.839395, 1.266075, -2.372770; 1, 6, 1, 0; 0.229029720614; 1, 0, 1; 1, 0, 0; 2, 1, 2 ;
1,7; 0.394799, 0.00264293, -0.911068 / 0.394799, 0.00264293, -0.911068 / 0.394799, 0.00264293, -0.911068; 1, 16, 1, 0; 0.088640897572; 1, 0, 1; 0, 1, 0; 1, 1, 2 ;
0,7; 0.392580, 0.003455, -0.912000 / 0.392982, 0.003576, -0.911972 / 0.392177, 0.003334, -0.912027; 1, 16, 1, 0; 0.088640823904; 2, 1, 1; 2, 0, 0; 2, 1, 2 / 2, 2, 1 ;
1,9; -0.92029, 0.498767, -0.485062 / -0.92029, 0.498767, -0.485062 / -0.92029, 0.498767, -0.485062; 1, 13, 1, 0; 0.363185514001; 1, 0, 1; 0, 1, 0; 1, 1, 2 ;
0,9; -0.921628, 0.500471, -0.490651 / -0.921628, 0.500471, -0.490651 / -0.921628, 0.500471, -0.490651; 1, 13, 1, 0; 0.363185717117; 0, 1, 0; 0, 1, 0; 1, 1, 1 / 1, 3, 0 ;
0,9; -0.920282, 0.500245, -0.480415 / -0.920282, 0.500245, -0.480415 / -0.920282, 0.500245, -0.480415; 1, 13, 1, 0; 0.363196870041; 1, 0, 1; 0, 1, 0; 4, 1, 2 ;
0,9; -0.921932, 0.499418, -0.488583 / -0.921612, 0.499713, -0.488509 / -0.922251, 0.499123, -0.488657; 1, 13, 1, 0; 0.363185606326; 1, 0, 2; 2, 0, 0; 2, 3, 2 / 3, 1, 2 / 4, 9, 0 ;
0,9; -0.922831, 0.496706, -0.492143 / -0.922831, 0.496706, -0.492143 / -0.922831, 0.496706, -0.492143; 1, 13, 1, 0; 0.363184960048; 1, 0, 1; 1, 0, 0; 2, 1, 2 ;
0,9; -0.917216, 0.500410, -0.492178 / -0.917216, 0.500410, -0.492178 / -0.917216, 0.500410, -0.492178; 1, 13, 1, 0; 0.363185932543; 1, 0, 1; 1, 0, 0; 3, 1, 2 ;
0,9; -0.917998, 0.490086, -0.474598 / -0.917998, 0.490086, -0.474598 / -0.917998, 0.490086, -0.474598; 1, 13, 1, 0; 0.363195608259; 0, 1, 0; 1, 0, 0; 1, 5, 0 / 3, 1, 1 ;
0,9; -3.609800, -0.049541, 0.212052 / -3.609800, -0.049541, 0.212052 / -3.609800, -0.049541, 0.212052; 1, 14, 1, 0; 0.881465095409; 0, 1, 0; 0, 1, 0; 1, 1, 1 ;
1,10; -0.291729, 2.0266, 1.69897 / -0.291729, 2.0266, 1.69897 / -0.291729, 2.0266, 1.69897; 1, 29, 1, 0; 0.322756291863; 1, 0, 1; 1, 0, 0; 2, 1, 2 ;
1,11; 0.877775, -0.220618, -2.27754 / 0.877775, -0.220618, -2.27754 / 0.877775, -0.220618, -2.27754; 1, 3, 1, 0; 0.761949902683; 1, 0, 1; 1, 0, 0; 3, 1, 2 ;
0,11; 0.874898, -0.223360, -2.264550 / 0.874898, -0.223360, -2.264550 / 0.874898, -0.223360, -2.264550; 1, 3, 1, 0; 0.761957821057; 1, 0, 1; 1, 0, 0; 3, 1, 2 ;
1,15; -1.23255, 1.35109, 0.49774 / -1.23255, 1.35109, 0.49774 / -1.23255, 1.35109, 0.49774; 1, 17, 1, 0; 0.899794677904; 1, 0, 1; 1, 0, 0; 2, 1, 2 ;
0,15; -1.233806, 1.354011, 0.494868 / -1.233806, 1.354011, 0.494868 / -1.233806, 1.354011, 0.494868; 1, 17, 1, 0; 0.899795431149; 1, 0, 1; 1, 0, 0; 2, 1, 2 ;
0,15; -1.106299, 1.227901, 0.858382 / -1.106299, 1.227901, 0.858382 / -1.106299, 1.227901, 0.858382; 1, 25, 1, 0; 0.719716540225; 1, 0, 1; 1, 0, 0; 3, 1, 2 ;
0,15; -1.092242, 1.211154, 0.862767 / -1.092242, 1.211154, 0.862767 / -1.092242, 1.211154, 0.862767; 1, 25, 1, 0; 0.719721400711; 1, 0, 1; 1, 0, 0; 3, 1, 2 ;
0,15; -1.093328, 1.207346, 0.864819 / -1.093328, 1.207346, 0.864819 / -1.093328, 1.207346, 0.864819; 1, 25, 1, 0; 0.719722420814; 1, 0, 1; 1, 0, 0; 2, 1, 2 ;
1,19; 0.215865, -3.02052, -2.69154 / 0.215865, -3.02052, -2.69154 / 0.215865, -3.02052, -2.69154; 1, 3, 1, 0; 0.487613192455; 1, 0, 1; 1, 0, 0; 2, 1, 2 ;
0,19; -1.355809, -1.992175, -2.334395 / -1.355809, -1.992175, -2.334395 / -1.355809, -1.992175, -2.334395; 1, 5, 1, 0; 0.519813796497; 1, 0, 1; 1, 0, 0; 3, 1, 2 ;
1,22; -3.90886, 0.930028, 0.943258 / -3.90867, 0.93016, 0.943331 / -3.90904, 0.929896, 0.943185; 1, 24, 1, 0; 0.292141623029; 2, 1, 1; 1, 1, 0; 1, 1, 1 / 2, 2, 2 ;
1,25; 2.87426, -0.804349, -1.27596 / 2.87426, -0.804349, -1.27596 / 2.87426, -0.804349, -1.27596; 1, 11, 1, 0; 0.520895723761; 1, 0, 1; 1, 0, 0; 3, 1, 2 ;
1,26; -2.48145, 0.605164, 1.16582 / -2.48145, 0.605164, 1.16582 / -2.48145, 0.605164, 1.16582; 1, 23, 1, 0; 0.529749423218; 1, 0, 1; 1, 0, 0; 2, 1, 2 / 2, 5, 0 ;
0,26; -2.479674, 0.605575, 1.164381 / -2.479674, 0.605575, 1.164381 / -2.479674, 0.605575, 1.164381; 1, 23, 1, 0; 0.529749497117; 1, 0, 1; 1, 0, 0; 3, 1, 2 ;
0,26; -3.971767, -1.009534, 1.723021 / -3.971675, -1.009435, 1.723055 / -3.971859, -1.009632, 1.722987; 1, 24, 1, 0; 0.719203442512; 2, 1, 1; 2, 0, 0; 2, 1, 1 / 2, 2, 2 ;
0,26; -3.962774, -1.007322, 1.720164 / -3.962774, -1.007322, 1.720164 / -3.962774, -1.007322, 1.720164; 1, 24, 1, 0; 0.719191766467; 1, 0, 1; 1, 0, 0; 3, 1, 2 ;
1,27; -3.50929, 0.0478094, -1.71909 / -3.5088, 0.0481372, -1.71809 / -3.50978, 0.0474816, -1.72008; 1, 6, 1, 0; 0.769790506969; 2, 1, 1; 2, 0, 0; 2, 1, 1 / 3, 9, 2 ;
0,27; -0.242309, -0.916478, 2.484883 / -0.242309, -0.916478, 2.484883 / -0.242309, -0.916478, 2.484883; 1, 34, 1, 0; 0.688921530475; 0, 1, 0; 0, 1, 0; 1, 1, 1 ;
1,31; -3.82573, 2.44777, 0.425067 / -3.82573, 2.44777, 0.425067 / -3.82573, 2.44777, 0.425067; 1, 24, 1, 0; 0.046871559077; 0, 1, 0; 0, 1, 0; 4, 1, 1 ;
1,34; -3.51051, 1.1405, 1.06551 / -3.51036, 1.14064, 1.06552 / -3.51065, 1.14036, 1.06551; 1, 24, 1, 0; 0.289918060772; 0, 2, 0; 1, 1, 0; 3, 1, 1 / 4, 1, 1 / 4, 4, 0 ;
0,34; -3.505102, 1.146076, 1.065652 / -3.505102, 1.146076, 1.065652 / -3.505102, 1.146076, 1.065652; 1, 24, 1, 0; 0.289918585455; 1, 0, 1; 1, 0, 0; 3, 1, 2 ;
1,39; -3.57187, -0.683055, -0.31554 / -3.57187, -0.683055, -0.31554 / -3.57187, -0.683055, -0.31554; 1, 10, 1, 0; 0.607541340635; 0, 1, 0; 0, 1, 0; 1, 1, 1 / 1, 3, 0 ;
0,39; -3.574352, -0.684580, -0.315851 / -3.573963, -0.684579, -0.315832 / -3.574741, -0.684582, -0.315869; 1, 10, 1, 0; 0.607541405517; 1, 0, 2; 2, 0, 0; 2, 6, 2 / 3, 1, 2 ;
0,39; -3.575345, -0.684526, -0.315979 / -3.574741, -0.684470, -0.315869 / -3.575948, -0.684582, -0.316090; 1, 10, 1, 0; 0.607541432551; 1, 0, 1; 2, 0, 0; 2, 1, 2 / 2, 10, 2 ;
0,39; -0.780884, 0.373341, -0.264959 / -0.780884, 0.373341, -0.264959 / -0.780884, 0.373341, -0.264959; 1, 13, 1, 0; 0.998176133727; 0, 1, 0; 0, 1, 0; 4, 1, 1 ;
1,42; 1.33112, -2.26234, -3.35382 / 1.33112, -2.26234, -3.35382 / 1.33112, -2.26234, -3.35382; 1, 3, 1, 0; 0.079419899499; 1, 0, 1; 0, 1, 0; 4, 1, 2 ;
0,42; 2.072204, -0.385235, -1.699142 / 2.072204, -0.385235, -1.699142 / 2.072204, -0.385235, -1.699142; 1, 4, 1, 0; 0.954682285811; 1, 0, 1; 1, 0, 0; 3, 1, 2 ;
0,42; 2.256719, -0.208362, -1.352245 / 2.257611, -0.207776, -1.351187 / 2.255827, -0.208949, -1.353303; 1, 11, 1, 0; 0.448222267615; 2, 1, 3; 1, 3, 1; 1, 2, 1 / 3, 7, 2 / 4, 1, 2 / 4, 8, 2 ;
0,42; 2.253235, -0.203856, -1.371879 / 2.253330, -0.203671, -1.371760 / 2.253141, -0.204040, -1.371999; 1, 11, 1, 0; 0.448211693742; 1, 0, 2; 2, 0, 0; 3, 1, 2 / 3, 2, 2 ;
0,42; 2.247084, -0.205579, -1.377559 / 2.247084, -0.205579, -1.377559 / 2.247084, -0.205579, -1.377559; 1, 11, 1, 0; 0.448200976824; 1, 0, 1; 1, 0, 0; 2, 1, 2 ;
0,42; 2.252713, -0.203948, -1.358443 / 2.252713, -0.203948, -1.358443 / 2.252713, -0.203948, -1.358443; 1, 11, 1, 0; 0.448221952917; 1, 0, 1; 1, 0, 0; 3, 1, 2 ;
0,42; 2.270373, -0.227081, -1.327187 / 2.270373, -0.227081, -1.327187 / 2.270373, -0.227081, -1.327187; 1, 11, 1, 0; 0.448247420616; 0, 1, 0; 1, 0, 0; 3, 1, 1 / 4, 1, 0 ;
0,42; 2.556441, -0.663590, -1.061238 / 2.556441, -0.663590, -1.061238 / 2.556441, -0.663590, -1.061238; 1, 11, 1, 0; 0.642212840389; 1, 0, 1; 1, 0, 0; 2, 6, 0 / 3, 1, 2 / 4, 1, 0 / 4, 9, 0 ;
0,42; 2.685313, 1.984611, 0.114757 / 2.685313, 1.984611, 0.114757 / 2.685313, 1.984611, 0.114757; 1, 20, 1, 0; 0.300016277482; 1, 0, 1; 0, 1, 0; 4, 1, 2 ;
1,48; -0.599293, -0.455589, -1.18923 / -0.598926, -0.45509, -1.18922 / -0.599661, -0.456087, -1.18923; 1, 11, 1, 0; 0.677361750045; 2, 1, 1; 2, 0, 0; 3, 1, 2 / 3, 2, 1 ;
1,53; -3.39637, 1.02172, -1.97715 / -3.39637, 1.02172, -1.97715 / -3.39637, 1.02172, -1.97715; 1, 6, 1, 0; 0.418133240410; 1, 0, 1; 0, 1, 0; 1, 1, 2 ;
0,53; 0.799119, -1.829966, -1.750185 / 0.799119, -1.829966, -1.750185 / 0.799119, -1.829966, -1.750185; 1, 8, 1, 0; 0.208752829110; 1, 0, 1; 1, 0, 0; 2, 1, 2 ;
1,54; -0.138324, -3.39234, -0.249594 / -0.138184, -3.39221, -0.24885 / -0.138463, -3.39248, -0.250339; 1, 15, 1, 0; 0.355740317335; 0, 3, 0; 1, 2, 1; 1, 1, 1 / 2, 3, 1 / 3, 4, 0 / 4, 8, 3 ;
0,54; -0.136581, -3.390457, -0.247761 / -0.136581, -3.390457, -0.247761 / -0.136581, -3.390457, -0.247761; 1, 15, 1, 0; 0.355740471369; 0, 1, 0; 1, 0, 0; 2, 1, 1 ;
0,54; -1.136504, -3.575131, 0.564611 / -1.136504, -3.575131, 0.564611 / -1.136504, -3.575131, 0.564611; 1, 18, 1, 0; 0.191160178993; 1, 0, 1; 0, 1, 0; 4, 1, 2 ;
1,55; 2.64325, -2.72519, -0.238183 / 2.64325, -2.72519, -0.238183 / 2.64325, -2.72519, -0.238183; 1, 15, 1, 0; 0.415610052077; 1, 0, 1; 1, 0, 0; 2, 1, 2 ;
0,55; 2.298585, -3.487648, 1.279548 / 2.298585, -3.487648, 1.279548 / 2.298585, -3.487648, 1.279548; 1, 22, 1, 0; 0.603236156949; 1, 0, 1; 1, 0, 0; 3, 1, 2 ;
1,56; 0.998173, -0.539615, 1.45415 / 0.998173, -0.539615, 1.45415 / 0.998173, -0.539615, 1.45415; 1, 23, 1, 0; 0.781685754782; 1, 0, 1; 1, 0, 0; 1, 2, 0 / 2, 1, 2 ;
1,58; 2.26631, 0.550748, -1.41523 / 2.26631, 0.550748, -1.41523 / 2.26631, 0.550748, -1.41523; 1, 11, 1, 0; 0.375186810810; 1, 0, 1; 1, 0, 0; 2, 1, 2 ;
1,59; 1.38585, -2.15239, -0.914283 / 1.38585, -2.15239, -0.914283 / 1.38585, -2.15239, -0.914283; 1, 9, 1, 0; 0.518763100753; 1, 0, 1; 1, 0, 0; 3, 1, 2 ;
1,60; 0.660661, -0.246007, 3.86897 / 0.660661, -0.246007, 3.86897 / 0.660661, -0.246007, 3.86897; 1, 46, 1, 0; 0.180551076747; 1, 0, 1; 1, 0, 0; 3, 1, 2 ;
1,63; 0.504572, 3.79831, -2.37173 / 0.504572, 3.79831, -2.37173 / 0.504572, 3.79831, -2.37173; 1, 4, 1, 0; 0.221689120194; 1, 0, 1; 1, 0, 0; 3, 1, 2 ;
0,63; 0.526346, 3.605120, -2.306980 / 0.526346, 3.605120, -2.306980 / 0.526346, 3.605120, -2.306980; 1, 4, 1, 0; 0.233318298497; 0, 1, 0; 1, 0, 0; 3, 1, 1 ;
0,63; 0.638978, 1.091637, -1.430620 / 0.638979, 1.091678, -1.430586 / 0.638976, 1.091597, -1.430654; 1, 11, 1, 0; 0.289063428361; 2, 1, 1; 2, 0, 0; 2, 1, 1 / 2, 2, 2 ;
1,70; -2.34954, 1.04548, 1.08641 / -2.34953, 1.04597, 1.08643 / -2.34955, 1.045, 1.0864; 1, 24, 1, 0; 0.278443287679; 1, 0, 2; 2, 0, 0; 2, 1, 2 / 3, 7, 2 ;
0,70; -1.091589, 0.753463, 1.455011 / -1.091589, 0.753463, 1.455011 / -1.091589, 0.753463, 1.455011; 1, 26, 1, 0; 0.886702241653; 1, 0, 1; 1, 0, 0; 3, 1, 2 ;
1,71; -1.92418, 1.94499, -0.733748 / -1.92418, 1.94499, -0.733748 / -1.92418, 1.94499, -0.733748; 1, 7, 1, 0; 0.901817692305; 1, 0, 1; 1, 0, 0; 2, 1, 2 ;
1,74; 0.639425, 1.89099, -0.807755 / 0.639581, 1.89161, -0.806903 / 0.639268, 1.89038, -0.808607; 1, 7, 1, 0; 0.920104062157; 0, 2, 0; 1, 1, 0; 1, 1, 1 / 2, 10, 1 ;
0,74; 0.639688, 1.891842, -0.808815 / 0.640108, 1.892076, -0.808607 / 0.639268, 1.891609, -0.809024; 1, 7, 1, 0; 0.920104108180; 1, 0, 1; 2, 0, 0; 2, 1, 1 / 2, 7, 0 / 3, 4, 2 / 3, 10, 0 ;
0,74; 0.640739, 1.891843, -0.811031 / 0.640739, 1.891843, -0.811031 / 0.640739, 1.891843, -0.811031; 1, 7, 1, 0; 0.920104195111; 0, 0, 0; 1, 0, 0; 2, 1, 3 / 3, 7, 0 ;
0,74; -1.013564, 0.841143, -0.506787 / -1.013564, 0.841143, -0.506787 / -1.013564, 0.841143, -0.506787; 1, 16, 1, 0; 0.123502374791; 1, 0, 1; 1, 0, 0; 2, 1, 2 ;
1,75; -0.429688, 2.19079, 1.27722 / -0.429688, 2.19079, 1.27722 / -0.429688, 2.19079, 1.27722; 1, 29, 1, 0; 0.215762592493; 1, 0, 1; 0, 1, 0; 4, 1, 2 ;
1,78; 0.563388, -2.39716, -0.435199 / 0.563388, -2.39716, -0.435199 / 0.563388, -2.39716, -0.435199; 1, 15, 1, 0; 0.121412116658; 1, 0, 1; 1, 0, 0; 2, 1, 2 ;
1,79; -3.95935, 0.360755, 0.410098 / -3.95935, 0.360755, 0.410098 / -3.95935, 0.360755, 0.410098; 1, 17, 1, 0; 0.728777280729; 1, 0, 1; 0, 1, 0; 1, 1, 2 ;
0,79; -3.803344, 0.285220, 0.435416 / -3.803344, 0.285220, 0.435416 / -3.803344, 0.285220, 0.435416; 1, 17, 1, 0; 0.727643304905; 0, 1, 0; 1, 0, 0; 3, 1, 1 / 4, 1, 0 ;
0,79; -3.956487, 0.364282, 0.417342 / -3.956487, 0.364282, 0.417342 / -3.956487, 0.364282, 0.417342; 1, 17, 1, 0; 0.728788802591; 1, 0, 1; 1, 0, 0; 3, 1, 2 ;
0,79; 1.645634, -2.448498, 1.268455 / 1.645634, -2.448498, 1.268455 / 1.645634, -2.448498, 1.268455; 1, 22, 1, 0; 0.441961811922; 0, 1, 0; 0, 1, 0; 4, 1, 1 ;
1,80; -0.718335, 0.362852, -2.07657 / -0.718335, 0.362852, -2.07657 / -0.718335, 0.362852, -2.07657; 1, 4, 1, 0; 0.619234948037; 1, 0, 1; 1, 0, 0; 3, 1, 2 ;
0,80; -0.290906, -0.298113, -1.112811 / -0.290906, -0.298113, -1.112811 / -0.290906, -0.298113, -1.112811; 1, 11, 1, 0; 0.692160114070; 0, 1, 0; 1, 0, 0; 2, 1, 1 ;
1,81; -0.276185, 0.0275431, 2.25087 / -0.276185, 0.0275431, 2.25087 / -0.276185, 0.0275431, 2.25087; 1, 31, 1, 0; 0.893250990319; 1, 0, 1; 1, 0, 0; 3, 1, 2 ;
0,81; -0.042461, -0.648549, 2.921078 / -0.042461, -0.648549, 2.921078 / -0.042461, -0.648549, 2.921078; 1, 36, 1, 0; 0.873933898074; 0, 1, 0; 1, 0, 0; 1, 3, 0 / 2, 1, 1 ;
1,86; -3.39179, -0.496979, 1.73561 / -3.39179, -0.496979, 1.73561 / -3.39179, -0.496979, 1.73561; 1, 24, 1, 0; 0.762177345813; 1, 0, 1; 1, 0, 0; 2, 1, 2 ;
1,87; 1.60907, 1.92273, -1.70387 / 1.60907, 1.92273, -1.70387 / 1.60907, 1.92273, -1.70387; 1, 11, 1, 0; 0.153754194074; 0, 1, 0; 0, 1, 0; 4, 1, 1 ;
0,87; -3.793423, 0.672346, 0.426627 / -3.793423, 0.672346, 0.426627 / -3.793423, 0.672346, 0.426627; 1, 17, 1, 0; 0.826222935480; 1, 0, 1; 0, 1, 0; 4, 1, 2 ;
0,87; -3.792855, 0.667597, 0.427593 / -3.792008, 0.668079, 0.428262 / -3.793701, 0.667116, 0.426924; 1, 17, 1, 0; 0.826223751496; 2, 2, 1; 3, 0, 0; 1, 4, 0 / 2, 3, 2 / 2, 4, 0 / 2, 5, 0 / 3, 1, 1 / 3, 3, 0 / 3, 4, 1 / 3, 8, 0 / 4, 1, 0 / 4, 3, 0 / 4, 4, 0 / 4, 5, 0 ;
1,94; -0.808557, 2.76722, -1.94222 / -0.808557, 2.76722, -1.94222 / -0.808557, 2.76722, -1.94222; 1, 4, 1, 0; 0.827208162574; 1, 0, 1; 1, 0, 0; 3, 1, 2 ;
0,94; -0.070057, 0.719675, -1.023107 / -0.070057, 0.719675, -1.023107 / -0.070057, 0.719675, -1.023107; 1, 11, 1, 0; 0.822201259481; 1, 0, 1; 1, 0, 0; 3, 1, 2 ;
1,95; 0.372486, 1.64939, 3.60611 / 0.372596, 1.64951, 3.60664 / 0.372375, 1.64926, 3.60557; 1, 45, 1, 0; 0.391118567664; 1, 0, 2; 1, 1, 0; 2, 8, 2 / 4, 1, 2 ;
0,95; 0.367628, 1.639707, 3.601576 / 0.367628, 1.639707, 3.601576 / 0.367628, 1.639707, 3.601576; 1, 45, 1, 0; 0.391087362076; 0, 1, 0; 0, 1, 0; 4, 1, 1 ;
0,95; 0.341670, 1.643655, 3.593559 / 0.341670, 1.643655, 3.593559 / 0.341670, 1.643655, 3.593559; 1, 45, 1, 0; 0.389390337800; 1, 0, 1; 1, 0, 0; 3, 1, 2 ;
0,95; 0.372743, 1.649198, 3.607210 / 0.373111, 1.649514, 3.607777 / 0.372375, 1.648881, 3.606644; 1, 45, 1, 0; 0.391118686380; 1, 0, 1; 2, 0, 0; 2, 1, 2 / 2, 9, 2 / 4, 5, 0 ;
0,95; 0.371678, 1.651810, 3.612944 / 0.371678, 1.651810, 3.612944 / 0.371678, 1.651810, 3.612944; 1, 45, 1, 0; 0.391119551318; 1, 0, 1; 1, 0, 0; 3, 1, 2 ;
1,98; -0.976687, 3.35116, -1.72704 / -0.976687, 3.35116, -1.72704 / -0.976687, 3.35116, -1.72704; 1, 6, 1, 0; 0.562379477181; 1, 0, 1; 0, 1, 0; 4, 1, 2 ;
0,98; -0.976001, 3.353733, -1.727463 / -0.976001, 3.353733, -1.727463 / -0.976001, 3.353733, -1.727463; 1, 6, 1, 0; 0.562378859656; 0, 1, 0; 1, 0, 0; 3, 1, 1 ;
0,98; -0.978434, 3.353307, -1.725364 / -0.978434, 3.353307, -1.725364 / -0.978434, 3.353307, -1.725364; 1, 6, 1, 0; 0.562378913567; 0, 0, 0; 1, 0, 0; 2, 1, 3 ;
1,101; 0.51681, -2.88262, -0.806538 / 0.51681, -2.88262, -0.806538 / 0.51681, -2.88262, -0.806538; 1, 9, 1, 0; 0.606604044743; 1, 0, 1; 0, 1, 0; 4, 1, 2 ;
0,101; 0.516053, -2.884365, -0.808796 / 0.516053, -2.884365, -0.808796 / 0.516053, -2.884365, -0.808796; 1, 9, 1, 0; 0.606593971815; 1, 0, 1; 1, 0, 0; 2, 1, 2 ;
1,102; -0.586176, 0.45875, 2.04596 / -0.586176, 0.45875, 2.04596 / -0.586176, 0.45875, 2.04596; 1, 30, 1, 0; 0.777446881052; 1, 0, 1; 1, 0, 0; 3, 1, 2 / 4, 1, 0 ;
0,102; -0.401641, 0.729089, 2.263095 / -0.401641, 0.729089, 2.263095 / -0.401641, 0.729089, 2.263095; 1, 31, 1, 0; 0.816273777578; 0, 1, 0; 0, 1, 0; 1, 1, 1 ;
1,103; 1.63515, -2.08657, 1.6673 / 1.63515, -2.08657, 1.6673 / 1.63515, -2.08657, 1.6673; 1, 22, 1, 0; 0.961866752813; 1, 0, 1; 1, 0, 0; 2, 1, 2 ;
1,104; 1.55946, 0.938809, 4.08119 / 1.55946, 0.938809, 4.08119 / 1.55946, 0.938809, 4.08119; 1, 46, 1, 0; 0.568764550335; 1, 0, 1; 0, 1, 0; 1, 1, 2 / 2, 7, 0 / 4, 6, 0 ;
0,104; 1.555349, 0.941862, 4.093494 / 1.556274, 0.942452, 4.093648 / 1.554424, 0.941271, 4.093339; 1, 46, 1, 0; 0.568776634270; 1, 0, 2; 2, 0, 0; 2, 1, 2 / 2, 10, 2 ;
0,104; 1.550926, 0.941667, 4.089354 / 1.550926, 0.941667, 4.089354 / 1.550926, 0.941667, 4.089354; 1, 46, 1, 0; 0.568765789065; 1, 0, 1; 1, 0, 0; 3, 1, 2 ;
0,104; 1.550980, 0.938566, 4.097073 / 1.550980, 0.938566, 4.097073 / 1.550980, 0.938566, 4.097073; 1, 46, 1, 0; 0.568776488909; 1, 0, 1; 1, 0, 0; 3, 1, 2 ;
0,104; 1.551391, 0.945096, 4.107441 / 1.551391, 0.945096, 4.107441 / 1.551391, 0.945096, 4.107441; 1, 46, 1, 0; 0.568788844606; 1, 0, 1; 1, 0, 0; 3, 1, 2 ;
1,106; -2.42521, 3.01159, 2.34102 / -2.42521, 3.01159, 2.34102 / -2.42521, 3.01159, 2.34102; 1, 37, 1, 0; 0.281986321081; 1, 0, 1; 1, 0, 0; 3, 1, 2 ;
1,109; -0.249322, -3.35447, -2.05636 / -0.249322, -3.35447, -2.05636 / -0.249322, -3.35447, -2.05636; 1, 5, 1, 0; 0.692996487947; 0, 1, 0; 1, 0, 0; 2, 1, 1 ;
1,112; 2.38237, -0.417669, -0.527923 / 2.38237, -0.417669, -0.527923 / 2.38237, -0.417669, -0.527923; 1, 12, 1, 0; 0.777829712583; 1, 0, 1; 1, 0, 0; 3, 1, 2 ;
0,112; -0.190060, 2.699267, 0.659654 / -0.190060, 2.699267, 0.659654 / -0.190060, 2.699267, 0.659654; 1, 25, 1, 0; 0.558009926707; 1, 0, 1; 1, 0, 0; 3, 1, 2 ;
1,116; -3.50923, -0.0591782, 0.392129 / -3.50923, -0.0591782, 0.392129 / -3.50923, -0.0591782, 0.392129; 1, 21, 1, 0; 0.047970529857; 1, 0, 1; 0, 1, 0; 4, 1, 2 ;
1,117; -1.18401, 1.77176, 1.36569 / -1.18401, 1.77176, 1.36569 / -1.18401, 1.77176, 1.36569; 1, 26, 1, 0; 0.648760310317; 0, 1, 0; 1, 0, 0; 2, 1, 1 ;
1,121; 2.35754, -2.44726, -2.71566 / 2.35754, -2.44726, -2.71566 / 2.35754, -2.44726, -2.71566; 1, 3, 1, 0; 0.532005053253; 1, 0, 1; 0, 1, 0; 4, 1, 2 ;
1,125; -1.29109, 0.085877, 2.39261 / -1.29109, 0.085877, 2.39261 / -1.29109, 0.085877, 2.39261; 1, 31, 1, 0; 0.914717731453; 0, 0, 0; 1, 0, 0; 2, 1, 0 / 3, 1, 3 / 3, 2, 0 ;
0,125; -1.294571, 0.085094, 2.392021 / -1.294571, 0.085094, 2.392021 / -1.294571, 0.085094, 2.392021; 1, 31, 1, 0; 0.914719053347; 1, 0, 1; 1, 0, 0; 2, 1, 2 ;
1,131; 1.25935, -2.1539, 1.95591 / 1.25935, -2.1539, 1.95591 / 1.25935, -2.1539, 1.95591; 1, 32, 1, 0; 0.206360868397; 1, 0, 1; 1, 0, 0; 2, 1, 2 ;
1,132; -0.76207, 3.46641, 0.367098 / -0.76207, 3.46641, 0.367098 / -0.76207, 3.46641, 0.367098; 1, 25, 1, 0; 0.201068389696; 1, 0, 1; 1, 0, 0; 1, 2, 0 / 2, 2, 0 / 3, 1, 2 ;
1,133; -3.01086, 1.40569, -1.28451 / -3.01086, 1.40569, -1.28451 / -3.01086, 1.40569, -1.28451; 1, 7, 1, 0; 0.511110790658; 1, 0, 1; 0, 1, 0; 4, 1, 2 ;
0,133; -3.006053, 1.408067, -1.279540 / -3.006053, 1.408067, -1.279540 / -3.006053, 1.408067, -1.279540; 1, 7, 1, 0; 0.511119417334; 1, 0, 1; 1, 0, 0; 1, 5, 0 / 3, 1, 2 ;
1,135; -1.18257, -1.4747, 2.04028 / -1.18257, -1.4747, 2.04028 / -1.18257, -1.4747, 2.04028; 1, 30, 1, 0; 0.381631052716; 0, 1, 0; 1, 0, 0; 3, 1, 1 ;
1,144; 2.90878, -0.643437, -2.23261 / 2.90878, -0.643437, -2.23261 / 2.90878, -0.643437, -2.23261; 1, 3, 1, 0; 0.822086195433; 1, 0, 1; 1, 0, 0; 3, 1, 2 ;
0,144; 1.772116, -1.337928, 2.973755 / 1.772116, -1.337928, 2.973755 / 1.772116, -1.337928, 2.973755; 1, 35, 1, 0; 0.412564042118; 0, 0, 0; 1, 0, 0; 2, 1, 3 ;
1,145; 0.0910867, -3.32475, 0.228775 / 0.0912139, -3.32441, 0.229178 / 0.0909596, -3.32508, 0.228372; 1, 15, 1, 0; 0.828632198041; 2, 1, 1; 1, 1, 0; 1, 1, 2 / 3, 1, 1 / 4, 5, 0 ;
0,145; 0.094231, -3.326456, 0.226764 / 0.094231, -3.326456, 0.226764 / 0.094231, -3.326456, 0.226764; 1, 15, 1, 0; 0.828631454663; 1, 0, 1; 1, 0, 0; 2, 1, 2 ;
1,146; 2.26641, 2.11284, 2.65963 / 2.26641, 2.11284, 2.65963 / 2.26641, 2.11284, 2.65963; 1, 38, 1, 0; 0.653200814979; 1, 0, 1; 1, 0, 0; 3, 1, 2 ;
1,148; -0.0686259, 2.42974, -2.62946 / -0.0686259, 2.42974, -2.62946 / -0.0686259, 2.42974, -2.62946; 1, 4, 1, 0; 0.139336303227; 1, 0, 1; 1, 0, 0; 1, 1, 0 / 2, 2, 0 / 3, 1, 2 ;
0,148; -0.709338, 4.094970, -1.672887 / -0.709338, 4.094970, -1.672887 / -0.709338, 4.094970, -1.672887; 1, 7, 1, 0; 0.182827734431; 1, 0, 1; 1, 0, 0; 2, 1, 2 ;
1,150; -1.72028, -0.718465, -3.02206 / -1.72028, -0.718465, -3.02206 / -1.72028, -0.718465, -3.02206; 1, 2, 1, 0; 0.478936849941; 1, 0, 1; 0, 1, 0; 4, 1, 2 ;
0,150; 2.717222, 1.672459, 1.044388 / 2.717494, 1.673270, 1.044860 / 2.716951, 1.671647, 1.043917; 1, 26, 1, 0; 0.293790879088; 2, 2, 1; 2, 1, 0; 1, 1, 1 / 1, 3, 0 / 2, 1, 1 / 3, 3, 2 ;
1,152; 2.22693, 2.22696, -1.06601 / 2.22697, 2.22717, -1.06538 / 2.22689, 2.22676, -1.06664; 1, 11, 1, 0; 0.920755047766; 2, 1, 1; 1, 1, 0; 1, 1, 1 / 3, 5, 2 ;
1,155; -2.23737, -1.73226, 2.62137 / -2.23737, -1.73226, 2.62137 / -2.23737, -1.73226, 2.62137; 1, 36, 1, 0; 0.649153366156; 0, 1, 0; 0, 1, 0; 1, 1, 1 ;
1,161; -2.52969, 0.916689, -0.502264 / -2.52934, 0.91711, -0.501724 / -2.53003, 0.916267, -0.502804; 1, 10, 1, 0; 0.731494388790; 2, 1, 2; 2, 1, 0; 1, 1, 1 / 2, 3, 2 / 3, 6, 2 ;
1,164; -0.665239, -2.95252, -2.32991 / -0.665239, -2.95252, -2.32991 / -0.665239, -2.95252, -2.32991; 1, 5, 1, 0; 0.571280433954; 0, 1, 0; 1, 0, 0; 2, 1, 1 ;
0,164; -0.676435, -2.954085, -2.329488 / -0.676435, -2.954085, -2.329488 / -0.676435, -2.954085, -2.329488; 1, 5, 1, 0; 0.571289245943; 1, 0, 1; 1, 0, 0; 2, 3, 0 / 3, 1, 2 ;
0,164; -0.593282, -2.138558, 1.353634 / -0.593282, -2.138558, 1.353634 / -0.593282, -2.138558, 1.353634; 1, 22, 1, 0; 0.377062422512; 0, 1, 0; 0, 1, 0; 4, 1, 1 ;
0,164; -0.592286, -2.143437, 1.309977 / -0.592286, -2.143437, 1.309977 / -0.592286, -2.143437, 1.309977; 1, 22, 1, 0; 0.377011309597; 1, 0, 1; 1, 0, 0; 2, 1, 2 / 2, 4, 0 ;
1,165; -0.773225, 1.40848, 2.81655 / -0.773225, 1.40848, 2.81655 / -0.773225, 1.40848, 2.81655; 1, 39, 1, 0; 0.593577652051; 0, 1, 0; 0, 1, 0; 1, 1, 1 ;
1,166; 1.0568, 2.44206, 0.797173 / 1.0568, 2.44206, 0.797173 / 1.0568, 2.44206, 0.797173; 1, 26, 1, 0; 0.072359701684; 1, 0, 1; 1, 0, 0; 2, 1, 2 ;
0,166; 0.330740, -0.235738, 2.952965 / 0.330740, -0.235738, 2.952965 / 0.330740, -0.235738, 2.952965; 1, 37, 1, 0; 0.825423930148; 0, 1, 0; 1, 0, 0; 3, 1, 1 ;
1,167; 0.67746, -2.98109, -1.94199 / 0.67746, -2.98109, -1.94199 / 0.67746, -2.98109, -1.94199; 1, 5, 1, 0; 0.709702828168; 1, 0, 1; 1, 0, 0; 3, 1, 2 ;
1,171; 3.46584, 1.60946, 1.34834 / 3.46584, 1.60946, 1.34834 / 3.46584, 1.60946, 1.34834; 1, 26, 1, 0; 0.703018061806; 1, 0, 1; 1, 0, 0; 2, 1, 2 ;
1,175; -1.13762, -0.35801, -1.43083 / -1.13762, -0.35801, -1.43083 / -1.13762, -0.35801, -1.43083; 1, 6, 1, 0; 0.978318988121; 1, 0, 1; 1, 0, 0; 3, 1, 2 ;
1,177; -0.404453, 3.17776, 0.0856512 / -0.40421, 3.17812, 0.0860083 / -0.404697, 3.17739, 0.0852941; 1, 17, 1, 0; 0.502026187826; 2, 1, 1; 0, 2, 1; 1, 1, 1 / 4, 7, 2 ;
0,177; -0.405877, 3.179041, 0.085204 / -0.405877, 3.179041, 0.085204 / -0.405877, 3.179041, 0.085204; 1, 17, 1, 0; 0.502026306392; 0, 1, 0; 0, 1, 0; 4, 1, 1 ;
0,177; -0.407252, 3.179465, 0.085911 / -0.407252, 3.179465, 0.085911 / -0.407252, 3.179465, 0.085911; 1, 17, 1, 0; 0.502026383112; 0, 1, 0; 0, 1, 0; 4, 1, 1 ;
1,179; -3.26089, 0.252691, -0.938165 / -3.26089, 0.252691, -0.938165 / -3.26089, 0.252691, -0.938165; 1, 10, 1, 0; 0.215339148921; 1, 0, 1; 0, 1, 0; 1, 1, 2 ;
0,179; -3.258173, 0.248577, -0.939219 / -3.258173, 0.248577, -0.939219 / -3.258173, 0.248577, -0.939219; 1, 10, 1, 0; 0.215338581204; 0, 1, 0; 1, 0, 0; 2, 1, 1 / 2, 7, 0 ;
0,179; -1.540510, -0.128632, 0.395912 / -1.540510, -0.128632, 0.395912 / -1.540510, -0.128632, 0.395912; 1, 21, 1, 0; 0.068169357280; 1, 0, 1; 1, 0, 0; 3, 1, 2 ;
0,179; -1.542761, -0.122977, 0.402921 / -1.542761, -0.122977, 0.402921 / -1.542761, -0.122977, 0.402921; 1, 21, 1, 0; 0.068170070314; 1, 0, 1; 1, 0, 0; 2, 1, 2 ;
1,182; 3.22769, -2.16708, -1.37974 / 3.22783, -2.16619, -1.37911 / 3.22755, -2.16797, -1.38037; 1, 8, 1, 0; 0.615828344997; 1, 0, 2; 0, 2, 0; 2, 4, 0 / 4, 1, 2 / 4, 6, 2 ;
0,182; 3.224073, -2.165819, -1.379028 / 3.224076, -2.165818, -1.379021 / 3.224069, -2.165819, -1.379035; 1, 8, 1, 0; 0.615827695568; 0, 2, 0; 1, 1, 0; 1, 1, 1 / 2, 1, 1 ;
0,182; 3.227533, -2.167826, -1.381317 / 3.227944, -2.167644, -1.381154 / 3.227122, -2.168008, -1.381481; 1, 8, 1, 0; 0.615828411475; 1, 0, 1; 1, 1, 0; 2, 4, 3 / 4, 1, 2 / 4, 10, 0 ;
0,182; 3.228931, -2.169609, -1.381569 / 3.228991, -2.169559, -1.381506 / 3.228870, -2.169660, -1.381632; 1, 8, 1, 0; 0.615828498406; 2, 1, 1; 1, 1, 0; 3, 1, 2 / 4, 1, 1 ;
0,182; 3.222280, -2.167831, -1.375799 / 3.222280, -2.167831, -1.375799 / 3.222280, -2.167831, -1.375799; 1, 8, 1, 0; 0.615827629091; 1, 0, 1; 0, 1, 0; 4, 1, 2 ;
0,182; 3.232768, -2.180239, -1.373883 / 3.232768, -2.180239, -1.373883 / 3.232768, -2.180239, -1.373883; 1, 8, 1, 0; 0.615829613175; 1, 0, 1; 1, 0, 0; 3, 1, 2 / 4, 8, 0 ;
0,182; 3.228269, -2.168789, -1.368800 / 3.228269, -2.168789, -1.368800 / 3.228269, -2.168789, -1.368800; 1, 8, 1, 0; 0.615837631331; 1, 0, 1; 1, 0, 0; 2, 1, 2 ;
0,182; 3.225084, -2.198602, -1.355882 / 3.225084, -2.198602, -1.355882 / 3.225084, -2.198602, -1.355882; 1, 8, 1, 0; 0.615841354046; 1, 0, 1; 1, 0, 0; 2, 1, 2 ;
0,182; 3.222766, -2.195353, -1.355104 / 3.222766, -2.195353, -1.355104 / 3.222766, -2.195353, -1.355104; 1, 8, 1, 0; 0.615841906316; 1, 0, 1; 1, 0, 0; 2, 1, 2 ;
1,183; -4.16079, -1.10997, 1.05109 / -4.16002, -1.10961, 1.0513 / -4.16156, -1.11033, 1.05088; 1, 21, 1, 0; 0.638326406715; 2, 2, 1; 1, 2, 0; 1, 5, 1 / 1, 7, 1 / 3, 1, 2 ;
1,184; 1.29652, 0.851663, 2.03849 / 1.29669, 0.851831, 2.03903 / 1.29635, 0.851495, 2.03796; 1, 28, 1, 0; 0.696978301067; 1, 0, 2; 2, 0, 0; 2, 1, 2 / 2, 4, 2 ;
0,184; 1.319496, 0.867821, 2.063115 / 1.319496, 0.867821, 2.063115 / 1.319496, 0.867821, 2.063115; 1, 28, 1, 0; 0.697653588741; 1, 0, 1; 1, 0, 0; 2, 1, 2 ;
0,184; 1.314980, 0.867267, 2.056874 / 1.314980, 0.867267, 2.056874 / 1.314980, 0.867267, 2.056874; 1, 28, 1, 0; 0.697653984707; 1, 0, 1; 1, 0, 0; 3, 1, 2 ;
0,184; 1.324588, 0.860955, 2.064592 / 1.324588, 0.860955, 2.064592 / 1.324588, 0.860955, 2.064592; 1, 28, 1, 0; 0.697668193438; 1, 0, 1; 1, 0, 0; 3, 1, 2 ;
1,185; -2.25661, 2.99188, -2.07002 / -2.25661, 2.99188, -2.07002 / -2.25661, 2.99188, -2.07002; 1, 6, 1, 0; 0.524885512757; 1, 0, 1; 0, 1, 0; 1, 1, 2 ;
1,195; 0.0805548, -0.828649, 0.480487 / 0.0807961, -0.82832, 0.480768 / 0.0803135, -0.828977, 0.480206; 1, 23, 1, 0; 0.045951398095; 1, 0, 1; 1, 1, 0; 3, 2, 3 / 4, 1, 2 ;
0,195; 0.077881, -0.826957, 0.511572 / 0.077881, -0.826957, 0.511572 / 0.077881, -0.826957, 0.511572; 1, 23, 1, 0; 0.045991384853; 1, 0, 1; 0, 1, 0; 4, 1, 2 / 4, 3, 0 ;
0,195; 0.082752, -0.831620, 0.483873 / 0.082752, -0.831620, 0.483873 / 0.082752, -0.831620, 0.483873; 1, 23, 1, 0; 0.045964182625; 1, 0, 1; 1, 0, 0; 2, 1, 2 ;
0,195; 0.084446, -0.829263, 0.483636 / 0.084446, -0.829263, 0.483636 / 0.084446, -0.829263, 0.483636; 1, 23, 1, 0; 0.045965106363; 1, 0, 1; 1, 0, 0; 2, 1, 2 ;
0,195; 0.080907, -0.823750, 0.513939 / 0.080907, -0.823750, 0.513939 / 0.080907, -0.823750, 0.513939; 1, 23, 1, 0; 0.045992219912; 0, 0, 0; 1, 0, 0; 1, 8, 0 / 1, 9, 0 / 3, 1, 3 ;
1,196; 1.95196, -1.06303, -0.3569 / 1.95196, -1.06303, -0.3569 / 1.95196, -1.06303, -0.3569; 1, 12, 1, 0; 0.717537655118; 1, 0, 1; 1, 0, 0; 3, 1, 2 ;
1,199; -0.895417, -2.04002, -3.84847 / -0.895417, -2.04002, -3.84847 / -0.895417, -2.04002, -3.84847; 1, 1, 1, 0; 0.330759973768; 0, 1, 0; 0, 1, 0; 1, 1, 1 ;
0,199; -0.903335, -2.034388, -3.847805 / -0.903335, -2.034388, -3.847805 / -0.903335, -2.034388, -3.847805; 1, 1, 1, 0; 0.330766393274; 1, 0, 1; 0, 1, 0; 1, 1, 2 ;
0,199; -0.894622, -2.055095, -3.851693 / -0.894622, -2.055095, -3.851693 / -0.894622, -2.055095, -3.851693; 1, 1, 1, 0; 0.330752446769; 1, 0, 1; 1, 0, 0; 3, 1, 2 ;
0,199; -0.894440, -2.043366, -3.851591 / -0.894440, -2.043366, -3.851591 / -0.894440, -2.043366, -3.851591; 1, 1, 1, 0; 0.330759558458; 1, 0, 1; 1, 0, 0; 3, 1, 2 ;
0,199; -0.907919, -2.033974, -3.850634 / -0.907919, -2.033974, -3.850634 / -0.907919, -2.033974, -3.850634; 1, 1, 1, 0; 0.330765724823; 1, 0, 1; 1, 0, 0; 1, 5, 0 / 3, 1, 2 ;
0,199; -0.907309, -2.031176, -3.850796 / -0.907309, -2.031176, -3.850796 / -0.907309, -2.031176, -3.850796; 1, 1, 1, 0; 0.330765772287; 1, 0, 1; 1, 0, 0; 2, 1, 2 ;
0,199; -0.898108, -2.036680, -3.847760 / -0.898108, -2.036680, -3.847760 / -0.898108, -2.036680, -3.847760; 1, 1, 1, 0; 0.330766792763; 1, 0, 1; 1, 0, 0; 2, 1, 2 ;
