1,0; -2.14793, -1.7317, -2.28815 / -2.14793, -1.7317, -2.28815 / -2.14793, -1.7317, -2.28815; 1, 5, 1, 0; 0.495081606468; 1, 0, 1; 1, 0, 0; 3, 1, 2 ;
0,0; 1.731766, 2.951425, -0.871020 / 1.731766, 2.951425, -0.871020 / 1.731766, 2.951425, -0.871020; 1, 13, 1, 0; 0.281998853932; 1, 0, 1; 1, 0, 0; 2, 1, 2 ;
1,15; -0.783877, -1.68178, 3.08565 / -0.783877, -1.68178, 3.08565 / -0.783877, -1.68178, 3.08565; 1, 35, 1, 0; 0.512909984207; 1, 0, 1; 1, 0, 0; 2, 1, 2 ;
1,16; -1.48348, -4.22894, 0.516946 / -1.48348, -4.22894, 0.516946 / -1.48348, -4.22894, 0.516946; 1, 18, 1, 0; 0.110548976284; 0, 1, 0; 0, 1, 0; 1, 1, 1 ;
0,16; -1.485373, -4.240717, 0.510070 / -1.485373, -4.240717, 0.510070 / -1.485373, -4.240717, 0.510070; 1, 18, 1, 0; 0.110536136243; 1, 0, 1; 1, 0, 0; 3, 1, 2 ;
0,16; -1.484655, -4.228562, 0.511208 / -1.484655, -4.228562, 0.511208 / -1.484655, -4.228562, 0.511208; 1, 18, 1, 0; 0.110548718228; 1, 0, 1; 1, 0, 0; 2, 1, 2 ;
1,19; 1.02227, -1.50504, -2.11125 / 1.02227, -1.50504, -2.11125 / 1.02227, -1.50504, -2.11125; 1, 5, 1, 0; 0.905025274431; 1, 0, 1; 1, 0, 0; 2, 1, 2 ;
1,24; 1.40898, -0.279075, 1.98278 / 1.40898, -0.279075, 1.98278 / 1.40898, -0.279075, 1.98278; 1, 28, 1, 0; 0.774387053940; 1, 0, 1; 0, 1, 0; 1, 1, 2 ;
1,25; -0.179503, -0.622649, 3.922 / -0.179503, -0.622649, 3.922 / -0.179503, -0.622649, 3.922; 1, 46, 1, 0; 0.088228439466; 1, 0, 1; 1, 0, 0; 3, 1, 2 ;
1,29; 2.52906, -1.66528, 1.77256 / 2.52906, -1.66528, 1.77256 / 2.52906, -1.66528, 1.77256; 1, 27, 1, 0; 0.970284202248; 1, 0, 1; 1, 0, 0; 2, 1, 2 ;
0,29; 1.888317, -0.446507, 2.296605 / 1.889243, -0.446338, 2.297070 / 1.887391, -0.446677, 2.296141; 1, 28, 1, 0; 0.855867054897; 2, 1, 1; 2, 0, 0; 2, 1, 1 / 3, 7, 2 ;
0,29; 2.023508, -0.428650, 2.292158 / 2.023508, -0.428650, 2.292158 / 2.023508, -0.428650, 2.292158; 1, 28, 1, 0; 0.855580955696; 1, 0, 1; 1, 0, 0; 3, 1, 2 ;
0,29; 1.859559, -0.446282, 2.294570 / 1.859559, -0.446282, 2.294570 / 1.859559, -0.446282, 2.294570; 1, 28, 1, 0; 0.855856925536; 1, 0, 1; 1, 0, 0; 3, 1, 2 ;
0,29; 2.199164, 0.028377, 2.223580 / 2.199164, 0.028377, 2.223580 / 2.199164, 0.028377, 2.223580; 1, 28, 1, 0; 0.930262783254; 1, 0, 1; 1, 0, 0; 2, 1, 2 ;
0,29; 1.159019, -0.393044, 2.001306 / 1.159250, -0.392529, 2.002393 / 1.158788, -0.393559, 2.000218; 1, 31, 1, 0; 0.170493529326; 2, 1, 1; 1, 1, 0; 2, 9, 2 / 4, 1, 1 ;
0,29; 1.164622, -0.370882, 2.058747 / 1.164622, -0.370882, 2.058747 / 1.164622, -0.370882, 2.058747; 1, 31, 1, 0; 0.170691394907; 1, 0, 1; 0, 1, 0; 1, 1, 2 ;
0,29; 1.166415, -0.367152, 2.067240 / 1.166445, -0.366840, 2.067331 / 1.166385, -0.367464, 2.067149; 1, 31, 1, 0; 0.170711608878; 2, 1, 1; 2, 0, 0; 2, 1, 1 / 3, 6, 2 ;
0,29; 1.148712, -0.414043, 1.962621 / 1.148712, -0.414043, 1.962621 / 1.148712, -0.414043, 1.962621; 1, 31, 1, 0; 0.170439706187; 1, 0, 1; 1, 0, 0; 3, 1, 2 / 4, 1, 0 ;
0,29; 1.165822, -0.371644, 2.045105 / 1.165822, -0.371644, 2.045105 / 1.165822, -0.371644, 2.045105; 1, 31, 1, 0; 0.170671665631; 1, 0, 1; 1, 0, 0; 3, 1, 2 ;
1,30; 2.22411, -1.4991, -0.207145 / 2.22411, -1.4991, -0.207145 / 2.22411, -1.4991, -0.207145; 1, 16, 1, 0; 0.285020292208; 1, 0, 1; 1, 0, 0; 3, 1, 2 ;
1,31; -4.19974, -0.393797, -0.00208457 / -4.19974, -0.393797, -0.00208457 / -4.19974, -0.393797, -0.00208457; 1, 10, 1, 0; 0.756605228839; 1, 0, 1; 1, 0, 0; 2, 1, 2 ;
0,31; -4.200190, -0.396461, -0.002618 / -4.200190, -0.396461, -0.002618 / -4.200190, -0.396461, -0.002618; 1, 10, 1, 0; 0.756605299128; 1, 0, 1; 1, 0, 0; 2, 1, 2 / 3, 4, 0 ;
1,36; 3.39209, 0.746948, -1.95913 / 3.39209, 0.746948, -1.95913 / 3.39209, 0.746948, -1.95913; 1, 4, 1, 0; 0.650884851122; 0, 1, 0; 1, 0, 0; 3, 1, 1 ;
0,36; 3.391879, 0.748323, -1.955681 / 3.391879, 0.748323, -1.955681 / 3.391879, 0.748323, -1.955681; 1, 4, 1, 0; 0.650884899479; 1, 0, 1; 1, 0, 0; 2, 1, 2 ;
0,36; 3.391139, 0.745314, -1.958529 / 3.391139, 0.745314, -1.958529 / 3.391139, 0.745314, -1.958529; 1, 4, 1, 0; 0.650885342747; 1, 0, 1; 1, 0, 0; 2, 1, 2 / 4, 7, 0 ;
1,40; 0.915658, 4.14017, 1.75216 / 0.915658, 4.14017, 1.75216 / 0.915658, 4.14017, 1.75216; 1, 31, 1, 0; 0.092374948777; 1, 0, 1; 0, 1, 0; 1, 1, 2 ;
1,47; -0.283395, 3.46778, -0.758928 / -0.283395, 3.46778, -0.758928 / -0.283395, 3.46778, -0.758928; 1, 13, 1, 0; 0.201346057023; 1, 0, 1; 1, 0, 0; 3, 1, 2 ;
1,48; -2.75687, -2.08183, 1.72807 / -2.75687, -2.08183, 1.72807 / -2.75687, -2.08183, 1.72807; 1, 24, 1, 0; 0.646145966813; 1, 0, 1; 1, 0, 0; 3, 1, 2 ;
1,52; 0.495149, -1.0466, -0.258118 / 0.495149, -1.0466, -0.258118 / 0.495149, -1.0466, -0.258118; 1, 16, 1, 0; 0.332398110347; 1, 0, 1; 0, 1, 0; 4, 1, 2 ;
0,52; 0.718373, -0.680355, -0.149131 / 0.718373, -0.680355, -0.149131 / 0.718373, -0.680355, -0.149131; 1, 16, 1, 0; 0.379503289615; 0, 1, 0; 0, 1, 0; 4, 1, 1 ;
0,52; 0.496980, -1.037335, -0.257305 / 0.496980, -1.037335, -0.257305 / 0.496980, -1.037335, -0.257305; 1, 16, 1, 0; 0.333609381027; 1, 0, 1; 1, 0, 0; 2, 1, 2 ;
0,52; 0.886899, -0.360057, -0.186273 / 0.886899, -0.360057, -0.186273 / 0.886899, -0.360057, -0.186273; 1, 16, 1, 0; 0.416194420781; 1, 0, 1; 1, 0, 0; 1, 3, 0 / 3, 1, 2 ;
1,54; 2.01782, 2.15969, -0.489952 / 2.01782, 2.15969, -0.489952 / 2.01782, 2.15969, -0.489952; 1, 13, 1, 0; 0.459430345310; 0, 1, 0; 0, 1, 0; 1, 1, 1 ;
1,57; -3.33862, -3.18799, 0.14861 / -3.33862, -3.18799, 0.14861 / -3.33862, -3.18799, 0.14861; 1, 18, 1, 0; 0.066315863624; 1, 0, 1; 1, 0, 0; 2, 1, 2 ;
1,58; -1.7132, 2.10033, 2.15881 / -1.7132, 2.10033, 2.15881 / -1.7132, 2.10033, 2.15881; 1, 29, 1, 0; 0.797057777206; 1, 0, 1; 0, 1, 0; 4, 1, 2 ;
1,59; -0.5842, 0.0974376, 0.186772 / -0.5842, 0.0974376, 0.186772 / -0.5842, 0.0974376, 0.186772; 1, 16, 1, 0; 0.685014077301; 1, 0, 1; 1, 0, 0; 2, 1, 2 ;
0,59; -0.473477, -0.026808, 0.468190 / -0.473477, -0.026808, 0.468190 / -0.473477, -0.026808, 0.468190; 1, 23, 1, 0; 0.090576035436; 1, 0, 1; 1, 0, 0; 2, 1, 2 ;
1,61; -2.02109, -3.48945, -1.55381 / -2.02109, -3.48945, -1.55381 / -2.02109, -3.48945, -1.55381; 1, 9, 1, 0; 0.013485005774; 1, 0, 1; 1, 0, 0; 3, 1, 2 ;
1,62; 0.833578, -0.537972, -2.07874 / 0.833578, -0.537972, -2.07874 / 0.833578, -0.537972, -2.07874; 1, 4, 1, 0; 0.551597960162; 1, 0, 1; 0, 1, 0; 1, 1, 2 ;
0,62; 0.783873, -0.282853, -1.714852 / 0.783873, -0.282853, -1.714852 / 0.783873, -0.282853, -1.714852; 1, 4, 1, 0; 0.921789580790; 0, 1, 0; 0, 1, 0; 1, 1, 1 / 2, 5, 0 / 3, 3, 0 / 3, 6, 0 ;
0,62; 0.836945, -0.537871, -2.074445 / 0.836945, -0.537871, -2.074445 / 0.836945, -0.537871, -2.074445; 1, 4, 1, 0; 0.551590408491; 1, 0, 1; 1, 0, 0; 3, 1, 2 ;
0,62; 4.055452, 1.113614, -0.815828 / 4.055452, 1.113614, -0.815828 / 4.055452, 1.113614, -0.815828; 1, 12, 1, 0; 0.359449054302; 1, 0, 1; 0, 1, 0; 1, 1, 2 ;
0,62; 4.054555, 1.108313, -0.811027 / 4.054555, 1.108313, -0.811027 / 4.054555, 1.108313, -0.811027; 1, 12, 1, 0; 0.359459702558; 1, 0, 1; 1, 0, 0; 2, 1, 2 ;
1,63; -0.91873, -0.87212, -3.52667 / -0.918657, -0.871873, -3.52658 / -0.918802, -0.872368, -3.52677; 1, 1, 1, 0; 0.808908335944; 0, 2, 0; 0, 2, 0; 1, 1, 1 / 1, 2, 1 ;
0,63; -0.925213, -0.866186, -3.530446 / -0.925213, -0.866186, -3.530446 / -0.925213, -0.866186, -3.530446; 1, 1, 1, 0; 0.808916175414; 1, 0, 1; 0, 1, 0; 1, 1, 2 ;
0,63; -0.919126, -0.871780, -3.529575 / -0.918282, -0.871520, -3.529428 / -0.919970, -0.872040, -3.529722; 1, 1, 1, 0; 0.808908782897; 1, 0, 2; 2, 0, 0; 1, 7, 0 / 2, 8, 2 / 3, 1, 2 ;
1,67; -1.82552, 0.0270803, -1.76819 / -1.82552, 0.0270803, -1.76819 / -1.82552, 0.0270803, -1.76819; 1, 6, 1, 0; 0.757080408665; 1, 0, 1; 1, 0, 0; 2, 1, 2 ;
1,70; -1.05199, -1.6822, 3.16571 / -1.05199, -1.6822, 3.16571 / -1.05199, -1.6822, 3.16571; 1, 40, 1, 0; 0.500063256326; 0, 0, 0; 1, 0, 0; 3, 1, 3 ;
1,71; -0.16814, 1.36397, -0.10719 / -0.16814, 1.36397, -0.10719 / -0.16814, 1.36397, -0.10719; 1, 13, 1, 0; 0.829856206061; 1, 0, 1; 1, 0, 0; 2, 1, 2 ;
0,71; -1.718580, 1.990651, 0.851273 / -1.718580, 1.990651, 0.851273 / -1.718580, 1.990651, 0.851273; 1, 25, 1, 0; 0.643080485191; 1, 0, 1; 0, 1, 0; 1, 1, 2 ;
1,75; 1.67297, 1.66165, 2.70945 / 1.67297, 1.66165, 2.70945 / 1.67297, 1.66165, 2.70945; 1, 35, 1, 0; 0.206823747949; 1, 0, 1; 1, 0, 0; 2, 1, 2 ;
1,77; 1.37908, -2.48843, -1.34609 / 1.37908, -2.48843, -1.34609 / 1.37908, -2.48843, -1.34609; 1, 8, 1, 0; 0.570294887096; 0, 1, 0; 1, 0, 0; 3, 1, 1 ;
0,77; -1.771735, -1.907160, 0.814436 / -1.771735, -1.907160, 0.814436 / -1.771735, -1.907160, 0.814436; 1, 18, 1, 0; 0.484010326434; 0, 1, 0; 0, 1, 0; 4, 1, 1 ;
0,77; -1.771006, -1.905851, 0.814443 / -1.771006, -1.905851, 0.814443 / -1.771006, -1.905851, 0.814443; 1, 18, 1, 0; 0.484011170348; 0, 1, 0; 0, 1, 0; 1, 1, 1 / 1, 9, 0 ;
1,80; -1.17926, 2.50817, 0.025269 / -1.1791, 2.50838, 0.0253079 / -1.17943, 2.50797, 0.0252301; 1, 17, 1, 0; 0.547965303293; 0, 2, 0; 1, 1, 0; 1, 5, 1 / 3, 1, 1 ;
0,80; -1.089806, 2.411342, 0.091904 / -1.089806, 2.411342, 0.091904 / -1.089806, 2.411342, 0.091904; 1, 17, 1, 0; 0.593381150457; 1, 0, 1; 1, 0, 0; 3, 1, 2 ;
0,80; -0.517045, 1.803866, 0.508164 / -0.517045, 1.803866, 0.508164 / -0.517045, 1.803866, 0.508164; 1, 17, 1, 0; 0.963305233102; 1, 0, 1; 1, 0, 0; 3, 1, 2 ;
0,80; 1.205985, -0.006956, 1.736755 / 1.205985, -0.006956, 1.736755 / 1.205985, -0.006956, 1.736755; 1, 27, 1, 0; 0.667875228371; 1, 0, 1; 1, 0, 0; 2, 1, 2 ;
1,90; -1.68811, 3.19516, -1.74995 / -1.68793, 3.19521, -1.74937 / -1.68829, 3.19512, -1.75053; 1, 6, 1, 0; 0.566943754221; 2, 1, 1; 1, 1, 0; 2, 1, 2 / 4, 3, 1 ;
0,90; -2.028169, -1.731243, -1.346417 / -2.028169, -1.731243, -1.346417 / -2.028169, -1.731243, -1.346417; 1, 9, 1, 0; 0.139530243653; 1, 0, 1; 1, 0, 0; 2, 1, 2 ;
1,92; -0.713074, 1.50046, -0.227063 / -0.713074, 1.50046, -0.227063 / -0.713074, 1.50046, -0.227063; 1, 13, 1, 0; 0.823861515394; 0, 1, 0; 1, 0, 0; 3, 1, 1 ;
0,92; 0.176759, 1.643081, 4.121750 / 0.176759, 1.643081, 4.121750 / 0.176759, 1.643081, 4.121750; 1, 46, 1, 0; 0.503205952729; 1, 0, 1; 1, 0, 0; 2, 1, 2 ;
1,93; 2.35691, 2.95136, 0.12154 / 2.35691, 2.95136, 0.12154 / 2.35691, 2.95136, 0.12154; 1, 20, 1, 0; 0.214805494572; 0, 1, 0; 1, 0, 0; 2, 1, 1 ;
1,95; -3.88388, -0.628151, 1.72332 / -3.88388, -0.628151, 1.72332 / -3.88388, -0.628151, 1.72332; 1, 24, 1, 0; 0.730098012264; 1, 0, 1; 0, 1, 0; 1, 1, 2 ;
1,97; -0.463607, 1.04737, 4.45955 / -0.463607, 1.04737, 4.45955 / -0.463607, 1.04737, 4.45955; 1, 46, 1, 0; 0.991478158540; 1, 0, 1; 1, 0, 0; 2, 1, 2 ;
1,103; -2.14358, -1.06869, -1.464 / -2.14293, -1.06814, -1.46341 / -2.14423, -1.06924, -1.46459; 1, 6, 1, 0; 0.925333679344; 2, 1, 2; 0, 3, 1; 1, 5, 0 / 1, 9, 1 / 4, 1, 2 / 4, 4, 2 ;
0,103; -2.145553, -1.067665, -1.467517 / -2.145553, -1.067665, -1.467517 / -2.145553, -1.067665, -1.467517; 1, 6, 1, 0; 0.925325132008; 1, 0, 1; 0, 1, 0; 1, 1, 2 ;
0,103; -1.451187, -1.009966, -1.503008 / -1.450860, -1.009827, -1.502710 / -1.451514, -1.010105, -1.503306; 1, 6, 1, 0; 0.930273402006; 1, 0, 2; 2, 0, 0; 1, 4, 0 / 2, 1, 2 / 3, 6, 2 ;
0,103; -2.144868, -1.050836, -1.479325 / -2.144868, -1.050836, -1.479325 / -2.144868, -1.050836, -1.479325; 1, 6, 1, 0; 0.925321216113; 1, 0, 1; 1, 0, 0; 3, 1, 2 ;
0,103; -1.437274, -1.008722, -1.497445 / -1.437274, -1.008722, -1.497445 / -1.437274, -1.008722, -1.497445; 1, 6, 1, 0; 0.930264810562; 1, 0, 1; 1, 0, 0; 3, 1, 2 ;
0,103; -1.458312, -1.012840, -1.500829 / -1.458312, -1.012840, -1.500829 / -1.458312, -1.012840, -1.500829; 1, 6, 1, 0; 0.930273191263; 1, 0, 1; 1, 0, 0; 2, 1, 2 / 4, 10, 0 ;
1,104; 0.449912, -3.26967, -2.85685 / 0.449912, -3.26967, -2.85685 / 0.449912, -3.26967, -2.85685; 1, 3, 1, 0; 0.451020821496; 1, 0, 1; 0, 1, 0; 4, 1, 2 ;
0,104; 0.557501, -2.481565, -2.661592 / 0.557501, -2.481565, -2.661592 / 0.557501, -2.481565, -2.661592; 1, 3, 1, 0; 0.514420874688; 1, 0, 1; 0, 1, 0; 1, 1, 2 ;
1,105; 2.49342, 0.501969, -0.173068 / 2.49342, 0.501969, -0.173068 / 2.49342, 0.501969, -0.173068; 1, 13, 1, 0; 0.968930704148; 1, 0, 1; 0, 1, 0; 4, 1, 2 ;
1,108; 3.32232, -0.259907, -1.45421 / 3.32232, -0.259907, -1.45421 / 3.32232, -0.259907, -1.45421; 1, 11, 1, 0; 0.454502850597; 1, 0, 1; 1, 0, 0; 2, 1, 2 ;
1,110; 1.26897, 0.412111, -0.125166 / 1.26897, 0.412111, -0.125166 / 1.26897, 0.412111, -0.125166; 1, 13, 1, 0; 0.979438359166; 1, 0, 1; 1, 0, 0; 3, 1, 2 ;
0,110; 1.265798, 0.402098, -0.124697 / 1.265798, 0.402098, -0.124697 / 1.265798, 0.402098, -0.124697; 1, 13, 1, 0; 0.979438734623; 1, 0, 1; 1, 0, 0; 3, 1, 2 ;
0,110; 1.269719, 0.406579, -0.119899 / 1.269719, 0.406579, -0.119899 / 1.269719, 0.406579, -0.119899; 1, 13, 1, 0; 0.979439294731; 1, 0, 1; 1, 0, 0; 3, 1, 2 ;
0,110; -4.242602, 0.567303, 0.786654 / -4.242602, 0.567303, 0.786654 / -4.242602, 0.567303, 0.786654; 1, 24, 1, 0; 0.252624708284; 1, 0, 1; 0, 1, 0; 4, 1, 2 ;
1,115; 0.483797, -2.38918, -2.67582 / 0.483797, -2.38918, -2.67582 / 0.483797, -2.38918, -2.67582; 1, 3, 1, 0; 0.522557912934; 0, 0, 0; 1, 0, 0; 2, 1, 3 ;
1,117; 0.0464092, -1.67517, 2.07568 / 0.0469289, -1.67492, 2.07597 / 0.0458895, -1.67541, 2.07539; 1, 30, 1, 0; 0.344583620700; 1, 0, 2; 2, 0, 0; 2, 1, 2 / 3, 1, 0 / 3, 7, 2 ;
1,120; -0.683001, 3.65277, -0.496204 / -0.683001, 3.65277, -0.496204 / -0.683001, 3.65277, -0.496204; 1, 13, 1, 0; 0.635776513123; 1, 0, 1; 1, 0, 0; 3, 1, 2 ;
1,123; -0.769161, -1.76892, -2.36698 / -0.769161, -1.76892, -2.36698 / -0.769161, -1.76892, -2.36698; 1, 5, 1, 0; 0.487942978884; 1, 0, 1; 1, 0, 0; 2, 1, 2 ;
0,123; -0.769082, -1.772105, -2.369483 / -0.769082, -1.772105, -2.369483 / -0.769082, -1.772105, -2.369483; 1, 5, 1, 0; 0.487943571904; 1, 0, 1; 1, 0, 0; 3, 1, 2 / 4, 3, 0 ;
0,123; 4.077659, -0.576571, 1.085653 / 4.077659, -0.576571, 1.085653 / 4.077659, -0.576571, 1.085653; 1, 27, 1, 0; 0.106829905926; 1, 0, 1; 1, 0, 0; 2, 1, 2 / 4, 7, 0 ;
1,125; 1.06698, 1.97588, 3.57168 / 1.06698, 1.97588, 3.57168 / 1.06698, 1.97588, 3.57168; 1, 45, 1, 0; 0.538323395032; 0, 1, 0; 0, 1, 0; 1, 1, 1 ;
1,130; 3.22869, 2.31143, 1.46539 / 3.22924, 2.31198, 1.46541 / 3.22814, 2.31088, 1.46537; 1, 28, 1, 0; 0.151744699582; 2, 1, 1; 1, 1, 0; 1, 2, 1 / 1, 8, 0 / 3, 1, 2 ;
0,130; 3.228199, 2.313399, 1.469050 / 3.228199, 2.313399, 1.469050 / 3.228199, 2.313399, 1.469050; 1, 28, 1, 0; 0.151744395701; 1, 0, 1; 0, 1, 0; 4, 1, 2 ;
0,130; 3.229864, 2.309766, 1.465202 / 3.229864, 2.309766, 1.465202 / 3.229864, 2.309766, 1.465202; 1, 28, 1, 0; 0.151744828501; 0, 1, 0; 1, 0, 0; 1, 4, 0 / 3, 1, 1 ;
1,131; -0.833038, 0.69589, 3.63011 / -0.833038, 0.69589, 3.63011 / -0.833038, 0.69589, 3.63011; 1, 45, 1, 0; 0.004879604096; 1, 0, 1; 1, 0, 0; 2, 1, 2 ;
1,134; -0.578832, 0.829418, 2.2535 / -0.578832, 0.829418, 2.2535 / -0.578832, 0.829418, 2.2535; 1, 31, 1, 0; 0.814932076652; 0, 1, 0; 1, 0, 0; 1, 1, 0 / 2, 1, 1 ;
1,138; -3.12037, 2.28597, -2.26674 / -3.12037, 2.28597, -2.26674 / -3.12037, 2.28597, -2.26674; 1, 6, 1, 0; 0.180392863759; 1, 0, 1; 0, 1, 0; 1, 1, 2 ;
0,138; -3.044709, 0.836971, -0.478954 / -3.044313, 0.837161, -0.478870 / -3.045104, 0.836781, -0.479037; 1, 10, 1, 0; 0.728010599553; 2, 1, 1; 1, 1, 0; 2, 1, 2 / 4, 3, 1 ;
1,142; -1.49114, 1.75542, 2.62221 / -1.49114, 1.75542, 2.62221 / -1.49114, 1.75542, 2.62221; 1, 37, 1, 0; 0.522180008817; 1, 0, 1; 1, 0, 0; 3, 1, 2 ;
1,143; 2.08339, 0.840949, 2.33103 / 2.08339, 0.840949, 2.33103 / 2.08339, 0.840949, 2.33103; 1, 28, 1, 0; 0.998024010269; 1, 0, 1; 1, 0, 0; 2, 1, 2 ;
1,144; -0.505682, 0.372281, -0.570225 / -0.505682, 0.372281, -0.570225 / -0.505682, 0.372281, -0.570225; 1, 13, 1, 0; 0.366344819861; 0, 1, 0; 1, 0, 0; 2, 1, 1 ;
1,149; -2.59294, 1.42504, 1.9307 / -2.59294, 1.42504, 1.9307 / -2.59294, 1.42504, 1.9307; 1, 29, 1, 0; 0.884333066424; 1, 0, 1; 1, 0, 0; 3, 1, 2 ;
1,153; -2.98329, -2.57623, -0.062061 / -2.98329, -2.57623, -0.062061 / -2.98329, -2.57623, -0.062061; 1, 10, 1, 0; 0.930360608636; 1, 0, 1; 1, 0, 0; 2, 1, 2 ;
1,156; -3.3004, 1.18386, -0.11042 / -3.3004, 1.18386, -0.11042 / -3.3004, 1.18386, -0.11042; 1, 14, 1, 0; 0.450645349317; 0, 1, 0; 0, 1, 0; 1, 1, 1 ;
1,157; 1.98198, -2.50882, 0.235358 / 1.98198, -2.50882, 0.235358 / 1.98198, -2.50882, 0.235358; 1, 15, 1, 0; 0.761136865919; 1, 0, 1; 0, 1, 0; 1, 1, 2 ;
1,161; -0.0920313, -2.74352, 2.91317 / -0.0920313, -2.74352, 2.91317 / -0.0920313, -2.74352, 2.91317; 1, 35, 1, 0; 0.799258172890; 1, 0, 1; 0, 1, 0; 1, 1, 2 ;
0,161; -0.116234, -2.759607, 2.920875 / -0.116234, -2.759607, 2.920875 / -0.116234, -2.759607, 2.920875; 1, 35, 1, 0; 0.799149308373; 0, 1, 0; 1, 0, 0; 2, 1, 1 ;
0,161; -0.138831, -2.768533, 2.920652 / -0.138831, -2.768533, 2.920652 / -0.138831, -2.768533, 2.920652; 1, 35, 1, 0; 0.799160103364; 1, 0, 1; 1, 0, 0; 1, 1, 0 / 1, 3, 0 / 2, 3, 0 / 2, 4, 0 / 3, 1, 2 ;
1,164; 1.48309, 1.95093, -3.89354 / 1.48309, 1.95093, -3.89354 / 1.48309, 1.95093, -3.89354; 1, 2, 1, 0; 0.031404610020; 1, 0, 1; 1, 0, 0; 3, 1, 2 ;
0,164; 1.484765, 1.944372, -3.830340 / 1.484765, 1.944372, -3.830340 / 1.484765, 1.944372, -3.830340; 1, 2, 1, 0; 0.031438946268; 1, 0, 1; 1, 0, 0; 2, 1, 2 ;
0,164; 1.483893, 1.946806, -3.830393 / 1.483893, 1.946806, -3.830393 / 1.483893, 1.946806, -3.830393; 1, 2, 1, 0; 0.031439420908; 0, 0, 0; 1, 0, 0; 3, 1, 3 ;
0,164; 1.436638, 1.813724, -2.378052 / 1.436638, 1.813724, -2.378052 / 1.436638, 1.813724, -2.378052; 1, 4, 1, 0; 0.363322876244; 1, 0, 1; 0, 1, 0; 4, 1, 2 ;
1,167; 1.64605, -1.60758, 3.27814 / 1.64605, -1.60758, 3.27814 / 1.64605, -1.60758, 3.27814; 1, 40, 1, 0; 0.563957378595; 0, 0, 0; 1, 0, 0; 2, 1, 3 ;
1,169; 1.78656, -0.364111, 0.766517 / 1.78676, -0.363485, 0.767198 / 1.78636, -0.364737, 0.765835; 1, 20, 1, 0; 0.970893222320; 2, 2, 1; 2, 1, 0; 1, 9, 1 / 2, 1, 2 / 2, 6, 0 / 3, 3, 1 / 4, 5, 0 ;
0,169; 1.787050, -0.371736, 0.765976 / 1.787050, -0.371736, 0.765976 / 1.787050, -0.371736, 0.765976; 1, 20, 1, 0; 0.970892043630; 1, 0, 1; 0, 1, 0; 1, 1, 2 ;
0,169; 1.789196, -0.360238, 0.764586 / 1.789196, -0.360238, 0.764586 / 1.789196, -0.360238, 0.764586; 1, 20, 1, 0; 0.970880871391; 1, 0, 1; 1, 0, 0; 1, 2, 0 / 2, 1, 2 ;
1,171; 2.07827, 3.07872, -2.64201 / 2.07827, 3.07872, -2.64201 / 2.07827, 3.07872, -2.64201; 1, 4, 1, 0; 0.167421632273; 1, 0, 1; 1, 0, 0; 2, 1, 2 ;
0,171; -3.280126, 0.225856, 1.836124 / -3.280126, 0.225856, 1.836124 / -3.280126, 0.225856, 1.836124; 1, 24, 1, 0; 0.814674386158; 1, 0, 1; 1, 0, 0; 3, 1, 2 ;
1,172; 2.97075, 1.7288, 2.30935 / 2.97075, 1.7288, 2.30935 / 2.97075, 1.7288, 2.30935; 1, 31, 1, 0; 0.593617485580; 0, 1, 0; 1, 0, 0; 3, 1, 1 ;
1,178; 1.22588, 2.45859, -1.9938 / 1.22588, 2.45859, -1.9938 / 1.22588, 2.45859, -1.9938; 1, 4, 1, 0; 0.791399767083; 1, 0, 1; 0, 1, 0; 4, 1, 2 ;
1,182; 2.917, -3.20309, 1.2909 / 2.917, -3.20309, 1.2909 / 2.917, -3.20309, 1.2909; 1, 22, 1, 0; 0.597059708616; 1, 0, 1; 1, 0, 0; 2, 1, 2 ;
1,186; -1.7756, -2.58513, -2.53122 / -1.7756, -2.58513, -2.53122 / -1.7756, -2.58513, -2.53122; 1, 5, 1, 0; 0.267432971542; 1, 0, 1; 1, 0, 0; 2, 1, 2 ;
0,186; -3.958299, 1.901009, 0.776432 / -3.958299, 1.901009, 0.776432 / -3.958299, 1.901009, 0.776432; 1, 24, 1, 0; 0.160965882303; 1, 0, 1; 0, 1, 0; 1, 1, 2 ;
1,191; -0.244463, 1.9058, -0.45358 / -0.244463, 1.9058, -0.45358 / -0.244463, 1.9058, -0.45358; 1, 13, 1, 0; 0.470882238168; 1, 0, 1; 1, 0, 0; 3, 1, 2 ;
1,193; -1.37634, -1.53201, -0.488198 / -1.37634, -1.53201, -0.488198 / -1.37634, -1.53201, -0.488198; 1, 10, 1, 0; 0.541839788009; 0, 1, 0; 0, 1, 0; 1, 1, 1 ;
0,193; 0.986390, 2.238099, 2.879683 / 0.986390, 2.238099, 2.879683 / 0.986390, 2.238099, 2.879683; 1, 40, 1, 0; 0.002169338362; 1, 0, 1; 1, 0, 0; 2, 1, 2 ;
1,195; 1.64802, -2.69246, 0.507761 / 1.64802, -2.69246, 0.507761 / 1.64802, -2.69246, 0.507761; 1, 19, 1, 0; 0.314935555343; 1, 0, 1; 1, 0, 0; 2, 1, 2 ;
0,195; 0.190983, -2.024189, 1.044825 / 0.190983, -2.024189, 1.044825 / 0.190983, -2.024189, 1.044825; 1, 22, 1, 0; 0.261759666707; 0, 1, 0; 0, 1, 0; 1, 1, 1 ;
1,198; 0.508073, -2.35435, 1.07236 / 0.508073, -2.35435, 1.07236 / 0.508073, -2.35435, 1.07236; 1, 22, 1, 0; 0.187679102566; 1, 0, 1; 1, 0, 0; 3, 1, 2 ;
