1,1; -3.91786, -2.27071, -0.866161 / -3.91786, -2.27071, -0.866161 / -3.91786, -2.27071, -0.866161; 1, 10, 1, 0; 0.482705286584; 1, 0, 1; 0, 1, 0; 4, 1, 2 ;
0,1; -3.918917, -2.269847, -0.872473 / -3.918917, -2.269847, -0.872473 / -3.918917, -2.269847, -0.872473; 1, 10, 1, 0; 0.482706086795; 1, 0, 1; 1, 0, 0; 3, 1, 2 ;
0,1; -0.525872, -1.775143, -0.101836 / -0.525872, -1.775143, -0.101836 / -0.525872, -1.775143, -0.101836; 1, 15, 1, 0; 0.547369681165; 1, 0, 1; 1, 0, 0; 2, 1, 2 ;
1,2; -0.269561, 3.52736, 0.222275 / -0.26923, 3.52753, 0.222278 / -0.269891, 3.52719, 0.222272; 1, 17, 1, 0; 0.468557549331; 2, 1, 1; 0, 2, 1; 1, 1, 2 / 4, 5, 1 ;
0,2; -0.265595, 3.524535, 0.222976 / -0.265595, 3.524535, 0.222976 / -0.265595, 3.524535, 0.222976; 1, 17, 1, 0; 0.468556775162; 0, 1, 0; 0, 1, 0; 1, 1, 1 ;
0,2; -3.282084, 1.371811, 0.495602 / -3.282084, 1.371811, 0.495602 / -3.282084, 1.371811, 0.495602; 1, 17, 1, 0; 0.922581929368; 1, 0, 1; 0, 1, 0; 4, 1, 2 ;
0,2; 0.033109, 3.754089, 0.176947 / 0.033109, 3.754089, 0.176947 / 0.033109, 3.754089, 0.176947; 1, 17, 1, 0; 0.444105688675; 1, 0, 1; 1, 0, 0; 2, 1, 2 ;
0,2; 0.128183, 3.829017, 0.165664 / 0.128183, 3.829017, 0.165664 / 0.128183, 3.829017, 0.165664; 1, 17, 1, 0; 0.446222656501; 1, 0, 1; 1, 0, 0; 2, 1, 2 ;
0,2; -0.266844, 3.526035, 0.224282 / -0.266844, 3.526035, 0.224282 / -0.266844, 3.526035, 0.224282; 1, 17, 1, 0; 0.468556705417; 1, 0, 1; 1, 0, 0; 2, 1, 2 / 4, 7, 0 ;
1,5; 0.880629, 1.02926, 2.9248 / 0.880629, 1.02926, 2.9248 / 0.880629, 1.02926, 2.9248; 1, 39, 1, 0; 0.451484834198; 0, 1, 0; 0, 1, 0; 1, 1, 1 ;
1,6; 2.29595, -0.423178, 0.328446 / 2.29595, -0.423178, 0.328446 / 2.29595, -0.423178, 0.328446; 1, 19, 1, 0; 0.558416152527; 1, 0, 1; 1, 0, 0; 2, 1, 2 / 4, 8, 0 / 4, 9, 0 ;
1,9; 2.90825, 2.28899, -1.38689 / 2.90828, 2.28902, -1.38688 / 2.90822, 2.28895, -1.38691; 1, 11, 1, 0; 0.222872683246; 2, 1, 1; 2, 0, 0; 2, 1, 1 / 2, 2, 2 ;
1,10; 0.127659, -2.27324, -0.33708 / 0.127659, -2.27324, -0.33708 / 0.127659, -2.27324, -0.33708; 1, 15, 1, 0; 0.118958400304; 0, 0, 0; 1, 0, 0; 2, 1, 3 / 3, 5, 0 / 3, 8, 0 ;
1,18; -1.02838, -2.97996, 2.29345 / -1.02838, -2.97996, 2.29345 / -1.02838, -2.97996, 2.29345; 1, 32, 1, 0; 0.858899566859; 1, 0, 1; 1, 0, 0; 2, 1, 2 ;
1,20; -3.48186, 0.827576, -2.04629 / -3.48186, 0.827576, -2.04629 / -3.48186, 0.827576, -2.04629; 1, 6, 1, 0; 0.385608938827; 1, 0, 1; 1, 0, 0; 2, 1, 2 / 2, 4, 0 ;
0,20; 0.701470, -3.762955, -1.054823 / 0.701470, -3.762955, -1.054823 / 0.701470, -3.762955, -1.054823; 1, 8, 1, 0; 0.960067842390; 0, 1, 0; 0, 1, 0; 4, 1, 1 ;
0,20; 0.705998, -3.756483, -1.060950 / 0.705998, -3.756483, -1.060950 / 0.705998, -3.756483, -1.060950; 1, 8, 1, 0; 0.960068952045; 1, 0, 1; 0, 1, 0; 1, 1, 2 ;
0,20; 0.700834, -3.764899, -1.050664 / 0.700834, -3.764899, -1.050664 / 0.700834, -3.764899, -1.050664; 1, 8, 1, 0; 0.960076714520; 1, 0, 1; 0, 1, 0; 1, 1, 2 ;
0,20; 0.699104, -3.761650, -1.054060 / 0.699104, -3.761650, -1.054060 / 0.699104, -3.761650, -1.054060; 1, 8, 1, 0; 0.960067898640; 1, 0, 1; 1, 0, 0; 2, 1, 2 ;
0,20; 0.699832, -3.757973, -1.055282 / 0.699832, -3.757973, -1.055282 / 0.699832, -3.757973, -1.055282; 1, 8, 1, 0; 0.960068553183; 1, 0, 1; 1, 0, 0; 2, 1, 2 ;
0,20; 0.703642, -3.765441, -1.048767 / 0.703642, -3.765441, -1.048767 / 0.703642, -3.765441, -1.048767; 1, 8, 1, 0; 0.960076811679; 1, 0, 1; 1, 0, 0; 2, 1, 2 ;
1,21; 3.82973, -0.00697705, 1.40262 / 3.82973, -0.00697705, 1.40262 / 3.82973, -0.00697705, 1.40262; 1, 27, 1, 0; 0.335531865128; 1, 0, 1; 1, 0, 0; 3, 1, 2 ;
1,23; -2.23319, 2.25173, -3.26848 / -2.23319, 2.25173, -3.26848 / -2.23319, 2.25173, -3.26848; 1, 2, 1, 0; 0.214296765487; 1, 0, 1; 1, 0, 0; 3, 1, 2 ;
1,24; 1.76927, 1.75789, -2.00679 / 1.76927, 1.75789, -2.00679 / 1.76927, 1.75789, -2.00679; 1, 4, 1, 0; 0.742719113303; 1, 0, 1; 1, 0, 0; 2, 1, 2 ;
0,24; 0.706963, -1.899357, 3.281679 / 0.706978, -1.899305, 3.282145 / 0.706947, -1.899409, 3.281214; 1, 40, 1, 0; 0.630640154015; 2, 1, 1; 0, 2, 0; 1, 1, 2 / 1, 2, 1 ;
1,27; -2.96091, -0.810262, -1.29313 / -2.96091, -0.810262, -1.29313 / -2.96091, -0.810262, -1.29313; 1, 6, 1, 0; 0.947718434897; 1, 0, 1; 1, 0, 0; 2, 1, 2 ;
0,27; -0.499775, -3.590542, -1.303396 / -0.499775, -3.590542, -1.303396 / -0.499775, -3.590542, -1.303396; 1, 8, 1, 0; 0.472557607481; 1, 0, 1; 0, 1, 0; 1, 1, 2 ;
1,30; 2.17191, 0.80775, -0.524176 / 2.17191, 0.80775, -0.524176 / 2.17191, 0.80775, -0.524176; 1, 12, 1, 0; 0.893415967464; 1, 0, 1; 1, 0, 0; 2, 1, 2 ;
1,36; -4.10801, 0.837712, -0.535664 / -4.10801, 0.837712, -0.535664 / -4.10801, 0.837712, -0.535664; 1, 10, 1, 0; 0.718955551518; 1, 0, 1; 1, 0, 0; 3, 1, 2 ;
1,42; -0.906236, -3.08406, -1.14067 / -0.905842, -3.0838, -1.13983 / -0.906631, -3.08432, -1.14151; 1, 8, 1, 0; 0.863690192385; 2, 1, 1; 1, 1, 0; 1, 8, 1 / 3, 1, 2 / 3, 4, 0 ;
0,42; -0.433626, -3.389280, -1.150018 / -0.433193, -3.388999, -1.149485 / -0.434059, -3.389561, -1.150552; 1, 8, 1, 0; 0.918065134217; 1, 0, 2; 1, 1, 0; 2, 1, 2 / 3, 2, 0 / 4, 4, 2 ;
0,42; -0.906049, -3.083004, -1.139872 / -0.905842, -3.082207, -1.139829 / -0.906256, -3.083802, -1.139916; 1, 8, 1, 0; 0.863690228180; 0, 1, 0; 1, 1, 0; 1, 1, 1 / 2, 5, 1 / 4, 8, 0 ;
0,42; -0.432440, -3.385817, -1.150580 / -0.432440, -3.385817, -1.150580 / -0.432440, -3.385817, -1.150580; 1, 8, 1, 0; 0.918064505242; 1, 0, 1; 1, 0, 0; 2, 1, 2 ;
0,42; -0.433909, -3.388521, -1.153409 / -0.433909, -3.388521, -1.153409 / -0.433909, -3.388521, -1.153409; 1, 8, 1, 0; 0.918065072854; 1, 0, 1; 1, 0, 0; 2, 1, 2 ;
0,42; -0.437000, -3.391918, -1.149885 / -0.437000, -3.391918, -1.149885 / -0.437000, -3.391918, -1.149885; 1, 8, 1, 0; 0.918066008646; 1, 0, 1; 1, 0, 0; 2, 1, 2 ;
0,42; -0.464829, -3.335748, -1.193869 / -0.464829, -3.335748, -1.193869 / -0.464829, -3.335748, -1.193869; 1, 8, 1, 0; 0.918215709857; 1, 0, 1; 1, 0, 0; 3, 1, 2 ;
0,42; -0.478366, -3.468938, -0.829739 / -0.478366, -3.468938, -0.829739 / -0.478366, -3.468938, -0.829739; 1, 9, 1, 0; 0.684785948942; 1, 0, 1; 0, 1, 0; 1, 1, 2 ;
0,42; -0.486697, -3.571086, -0.680399 / -0.486697, -3.571086, -0.680399 / -0.486697, -3.571086, -0.680399; 1, 9, 1, 0; 0.685437407273; 1, 0, 1; 1, 0, 0; 3, 1, 2 ;
1,53; 1.65406, -1.47543, -2.41752 / 1.65406, -1.47543, -2.41752 / 1.65406, -1.47543, -2.41752; 1, 3, 1, 0; 0.862076657116; 0, 1, 0; 0, 1, 0; 2, 1, 0 / 4, 1, 1 ;
0,53; 1.658420, -1.477939, -2.419578 / 1.658420, -1.477939, -2.419578 / 1.658420, -1.477939, -2.419578; 1, 3, 1, 0; 0.862069238426; 1, 0, 1; 1, 0, 0; 2, 3, 0 / 3, 1, 2 ;
0,53; 0.569554, 1.187561, 2.054121 / 0.569554, 1.187561, 2.054121 / 0.569554, 1.187561, 2.054121; 1, 30, 1, 0; 0.898865487198; 0, 1, 0; 1, 0, 0; 3, 1, 1 ;
0,53; 0.452711, 1.481241, 2.569583 / 0.453550, 1.482036, 2.569777 / 0.451873, 1.480447, 2.569389; 1, 38, 1, 0; 0.795860902417; 2, 1, 1; 1, 1, 0; 1, 10, 1 / 2, 1, 2 ;
0,53; 0.453236, 1.480013, 2.566609 / 0.453846, 1.480561, 2.566801 / 0.452627, 1.479466, 2.566417; 1, 38, 1, 0; 0.795862846489; 0, 2, 0; 1, 1, 0; 2, 6, 0 / 2, 7, 1 / 4, 1, 1 ;
0,53; 0.446786, 1.482975, 2.570809 / 0.447420, 1.483751, 2.571664 / 0.446152, 1.482199, 2.569955; 1, 38, 1, 0; 0.795887920425; 2, 1, 1; 1, 1, 0; 3, 1, 1 / 4, 7, 2 ;
0,53; 0.445957, 1.484971, 2.574903 / 0.445957, 1.484971, 2.574903 / 0.445957, 1.484971, 2.574903; 1, 38, 1, 0; 0.795885440585; 0, 1, 0; 1, 0, 0; 2, 1, 1 / 4, 5, 0 ;
0,53; 0.441412, 1.482452, 2.579469 / 0.441412, 1.482452, 2.579469 / 0.441412, 1.482452, 2.579469; 1, 38, 1, 0; 0.795885976353; 1, 0, 1; 1, 0, 0; 1, 6, 0 / 2, 1, 2 ;
1,58; 2.56366, 1.93464, 0.79098 / 2.56366, 1.93464, 0.79098 / 2.56366, 1.93464, 0.79098; 1, 20, 1, 0; 0.725956220732; 1, 0, 1; 1, 0, 0; 3, 1, 2 ;
0,58; 2.459815, 2.163344, 1.145525 / 2.459815, 2.163344, 1.145525 / 2.459815, 2.163344, 1.145525; 1, 26, 1, 0; 0.330855342677; 1, 0, 1; 1, 0, 0; 3, 1, 2 ;
0,58; 2.575502, 2.063949, 0.983451 / 2.575502, 2.063949, 0.983451 / 2.575502, 2.063949, 0.983451; 1, 26, 1, 0; 0.332581398140; 1, 0, 1; 1, 0, 0; 2, 1, 2 ;
1,60; 2.74249, -2.3726, -1.97091 / 2.74249, -2.3726, -1.97091 / 2.74249, -2.3726, -1.97091; 1, 8, 1, 0; 0.044988847196; 0, 1, 0; 1, 0, 0; 3, 1, 1 ;
0,60; 2.506538, -2.012731, -1.052131 / 2.506538, -2.012731, -1.052131 / 2.506538, -2.012731, -1.052131; 1, 8, 1, 0; 0.770372701045; 1, 0, 1; 1, 0, 0; 2, 1, 2 ;
0,60; 1.092395, 0.027449, 4.407657 / 1.092395, 0.027449, 4.407657 / 1.092395, 0.027449, 4.407657; 1, 46, 1, 0; 0.930900189981; 1, 0, 1; 1, 0, 0; 2, 1, 2 ;
1,63; 4.45863, -0.530911, 1.00914 / 4.45863, -0.530911, 1.00914 / 4.45863, -0.530911, 1.00914; 1, 27, 1, 0; 0.112151181636; 1, 0, 1; 0, 1, 0; 1, 1, 2 ;
1,67; -2.58104, 1.44639, -2.38988 / -2.58104, 1.44639, -2.38988 / -2.58104, 1.44639, -2.38988; 1, 6, 1, 0; 0.223423349908; 1, 0, 1; 1, 0, 0; 2, 1, 2 ;
0,67; 2.219062, -0.514785, 0.538672 / 2.219062, -0.514785, 0.538672 / 2.219062, -0.514785, 0.538672; 1, 19, 1, 0; 0.559396294143; 1, 0, 1; 1, 0, 0; 2, 1, 2 ;
1,70; 2.31689, 0.541556, 0.0593841 / 2.31689, 0.541556, 0.0593841 / 2.31689, 0.541556, 0.0593841; 1, 16, 1, 0; 0.646139196509; 1, 0, 1; 1, 0, 0; 2, 1, 2 ;
0,70; 2.319606, 0.542349, 0.059676 / 2.319606, 0.542349, 0.059676 / 2.319606, 0.542349, 0.059676; 1, 16, 1, 0; 0.646139276874; 1, 0, 1; 1, 0, 0; 3, 1, 2 ;
1,71; 0.873433, 3.64036, -1.02737 / 0.873433, 3.64036, -1.02737 / 0.873433, 3.64036, -1.02737; 1, 7, 1, 0; 0.773386607021; 0, 1, 0; 0, 1, 0; 4, 1, 1 ;
0,71; 0.017057, 2.501383, 1.032862 / 0.017478, 2.501935, 1.034031 / 0.016636, 2.500830, 1.031692; 1, 25, 1, 0; 0.927866623805; 2, 2, 1; 1, 2, 0; 1, 1, 1 / 1, 8, 0 / 1, 9, 0 / 1, 10, 1 / 2, 9, 2 ;
0,71; 0.020895, 2.501492, 1.036470 / 0.020895, 2.501492, 1.036470 / 0.020895, 2.501492, 1.036470; 1, 25, 1, 0; 0.927867815353; 1, 0, 1; 1, 0, 0; 2, 1, 2 ;
0,71; -0.724206, 1.446208, 2.914112 / -0.724206, 1.446208, 2.914112 / -0.724206, 1.446208, 2.914112; 1, 39, 1, 0; 0.596528209964; 1, 0, 1; 0, 1, 0; 4, 1, 2 ;
1,75; 1.47337, 1.3609, 1.05765 / 1.47337, 1.3609, 1.05765 / 1.47337, 1.3609, 1.05765; 1, 26, 1, 0; 0.253803300330; 1, 0, 1; 1, 0, 0; 2, 1, 2 ;
1,77; 3.77923, 1.29027, 1.6369 / 3.77923, 1.29027, 1.6369 / 3.77923, 1.29027, 1.6369; 1, 28, 1, 0; 0.223914998085; 1, 0, 1; 0, 1, 0; 1, 1, 2 ;
0,77; 3.775371, 1.297257, 1.640766 / 3.775371, 1.297257, 1.640766 / 3.775371, 1.297257, 1.640766; 1, 28, 1, 0; 0.223929593573; 1, 0, 1; 1, 0, 0; 3, 1, 2 ;
0,77; 3.783179, 1.296918, 1.638734 / 3.783179, 1.296918, 1.638734 / 3.783179, 1.296918, 1.638734; 1, 28, 1, 0; 0.223930532841; 1, 0, 1; 1, 0, 0; 1, 10, 0 / 3, 1, 2 ;
0,77; 3.776996, 1.291817, 1.646487 / 3.776996, 1.291817, 1.646487 / 3.776996, 1.291817, 1.646487; 1, 28, 1, 0; 0.223931370816; 1, 0, 1; 1, 0, 0; 2, 1, 2 ;
1,84; -0.811382, -0.332408, -3.53165 / -0.810807, -0.332213, -3.53138 / -0.811957, -0.332603, -3.53193; 1, 1, 1, 0; 0.786744325679; 1, 0, 2; 0, 2, 1; 1, 6, 2 / 4, 1, 2 ;
0,84; -0.493501, -0.341184, -4.482671 / -0.493501, -0.341184, -4.482671 / -0.493501, -0.341184, -4.482671; 1, 1, 1, 0; 0.021635652899; 1, 0, 1; 1, 0, 0; 2, 1, 2 ;
1,85; 1.38447, -0.51312, 0.397436 / 1.38447, -0.51312, 0.397436 / 1.38447, -0.51312, 0.397436; 1, 19, 1, 0; 0.569654586186; 1, 0, 1; 1, 0, 0; 3, 1, 2 ;
0,85; 0.673098, -0.423144, 0.640258 / 0.673098, -0.423144, 0.640258 / 0.673098, -0.423144, 0.640258; 1, 23, 1, 0; 0.266675002476; 1, 0, 1; 1, 0, 0; 2, 1, 2 ;
1,86; 0.705451, 2.17683, 2.48829 / 0.705451, 2.17683, 2.48829 / 0.705451, 2.17683, 2.48829; 1, 38, 1, 0; 0.579232719190; 0, 1, 0; 1, 0, 0; 2, 1, 1 ;
1,90; 0.918044, -2.33775, -1.36007 / 0.918044, -2.33775, -1.36007 / 0.918044, -2.33775, -1.36007; 1, 8, 1, 0; 0.598174744651; 1, 0, 1; 1, 0, 0; 2, 1, 2 ;
1,91; -3.27851, 2.59728, -2.00694 / -3.27851, 2.59728, -2.00694 / -3.27851, 2.59728, -2.00694; 1, 6, 1, 0; 0.500672592950; 0, 1, 0; 0, 1, 0; 4, 1, 1 / 4, 2, 0 ;
1,93; -3.44891, 0.703209, 0.151212 / -3.44891, 0.703209, 0.151212 / -3.44891, 0.703209, 0.151212; 1, 14, 1, 0; 0.811289461471; 0, 1, 0; 1, 0, 0; 3, 1, 1 ;
0,93; -1.984636, 1.240463, 2.540962 / -1.984636, 1.240463, 2.540962 / -1.984636, 1.240463, 2.540962; 1, 37, 1, 0; 0.540390115542; 0, 1, 0; 1, 0, 0; 3, 1, 1 ;
0,93; -1.522100, 1.421850, 3.240999 / -1.522100, 1.421850, 3.240999 / -1.522100, 1.421850, 3.240999; 1, 42, 1, 0; 0.611551509765; 1, 0, 1; 1, 0, 0; 2, 1, 2 ;
1,94; -2.42989, -0.865517, 0.4713 / -2.42894, -0.865207, 0.471814 / -2.43084, -0.865827, 0.470786; 1, 21, 1, 0; 0.127623049342; 1, 0, 2; 1, 1, 0; 3, 8, 2 / 4, 1, 2 / 4, 9, 0 ;
0,94; -1.685233, -0.588604, 3.180997 / -1.685233, -0.588604, 3.180997 / -1.685233, -0.588604, 3.180997; 1, 41, 1, 0; 0.400268908054; 1, 0, 1; 0, 1, 0; 1, 1, 2 ;
0,94; -1.682884, -0.587186, 3.180944 / -1.682884, -0.587186, 3.180944 / -1.682884, -0.587186, 3.180944; 1, 41, 1, 0; 0.400269158395; 0, 0, 0; 0, 1, 0; 1, 1, 3 ;
1,99; 2.90022, 0.816998, 2.45977 / 2.90022, 0.816998, 2.45977 / 2.90022, 0.816998, 2.45977; 1, 31, 1, 0; 0.779778042891; 1, 0, 1; 1, 0, 0; 3, 1, 2 ;
0,99; 2.913098, 0.822922, 2.448759 / 2.913098, 0.822922, 2.448759 / 2.913098, 0.822922, 2.448759; 1, 31, 1, 0; 0.779782184827; 1, 0, 1; 1, 0, 0; 2, 1, 2 ;
0,99; 0.128632, -0.371121, 3.992410 / 0.128632, -0.371121, 3.992410 / 0.128632, -0.371121, 3.992410; 1, 46, 1, 0; 0.131062040137; 1, 0, 1; 1, 0, 0; 3, 1, 2 ;
1,100; 0.955193, -1.37114, -1.75413 / 0.955193, -1.37114, -1.75413 / 0.955193, -1.37114, -1.75413; 1, 8, 1, 0; 0.165052353237; 1, 0, 1; 0, 1, 0; 4, 1, 2 ;
1,102; 1.35634, 2.46127, -3.50426 / 1.35741, 2.46145, -3.50423 / 1.35526, 2.46109, -3.50429; 1, 2, 1, 0; 0.108906844783; 1, 0, 2; 1, 1, 0; 1, 3, 0 / 3, 1, 2 / 4, 7, 2 ;
0,102; 1.590733, 2.074735, -2.609540 / 1.590750, 2.075153, -2.609440 / 1.590715, 2.074316, -2.609640; 1, 4, 1, 0; 0.111837993689; 2, 1, 1; 2, 0, 0; 2, 5, 1 / 3, 1, 2 ;
1,104; -0.426801, -3.6996, -1.13524 / -0.426801, -3.6996, -1.13524 / -0.426801, -3.6996, -1.13524; 1, 8, 1, 0; 0.924581440016; 1, 0, 1; 1, 0, 0; 3, 1, 2 ;
1,105; -0.609145, 2.17743, 0.107051 / -0.609145, 2.17743, 0.107051 / -0.609145, 2.17743, 0.107051; 1, 17, 1, 0; 0.586278110694; 1, 0, 1; 1, 0, 0; 1, 2, 0 / 2, 1, 2 ;
0,105; -0.515749, 2.065375, 0.356537 / -0.515749, 2.065375, 0.356537 / -0.515749, 2.065375, 0.356537; 1, 25, 1, 0; 0.016204251854; 1, 0, 1; 1, 0, 0; 3, 1, 2 ;
1,106; 0.0962518, -1.92328, 2.01315 / 0.0962518, -1.92328, 2.01315 / 0.0962518, -1.92328, 2.01315; 1, 32, 1, 0; 0.227035023596; 1, 0, 1; 0, 1, 0; 1, 1, 2 / 4, 6, 0 ;
1,107; -1.42193, 2.50301, 2.50763 / -1.42193, 2.50301, 2.50763 / -1.42193, 2.50301, 2.50763; 1, 37, 1, 0; 0.364851898455; 1, 0, 1; 1, 0, 0; 2, 1, 2 ;
1,110; 0.747394, -4.03315, -1.66248 / 0.74816, -4.03274, -1.66171 / 0.746628, -4.03355, -1.66326; 1, 8, 1, 0; 0.418448773294; 2, 2, 2; 2, 3, 1; 1, 6, 1 / 3, 1, 1 / 3, 3, 2 / 4, 3, 3 / 4, 4, 2 ;
0,110; 0.736915, -4.028639, -1.653096 / 0.737593, -4.028113, -1.653012 / 0.736237, -4.029164, -1.653180; 1, 8, 1, 0; 0.418457369288; 2, 1, 1; 1, 1, 0; 1, 3, 2 / 1, 6, 0 / 3, 1, 1 ;
0,110; 0.757540, -4.041969, -1.684090 / 0.757774, -4.041677, -1.683113 / 0.757306, -4.042260, -1.685066; 1, 8, 1, 0; 0.418433468231; 0, 0, 0; 2, 0, 0; 2, 1, 3 / 3, 9, 3 ;
0,110; 0.756651, -4.044738, -1.683391 / 0.756651, -4.044738, -1.683391 / 0.756651, -4.044738, -1.683391; 1, 8, 1, 0; 0.418434117660; 0, 1, 0; 1, 0, 0; 3, 1, 1 ;
0,110; 0.737996, -4.033614, -1.657823 / 0.737996, -4.033614, -1.657823 / 0.737996, -4.033614, -1.657823; 1, 8, 1, 0; 0.418456863040; 1, 0, 1; 1, 0, 0; 3, 1, 2 ;
1,112; 2.9692, 1.03328, -1.14782 / 2.9692, 1.03328, -1.14782 / 2.9692, 1.03328, -1.14782; 1, 11, 1, 0; 0.868191101010; 1, 0, 1; 0, 1, 0; 4, 1, 2 ;
0,112; 2.961015, 1.027564, -1.157858 / 2.961485, 1.027948, -1.156843 / 2.960545, 1.027180, -1.158874; 1, 11, 1, 0; 0.868189830772; 2, 1, 1; 2, 0, 0; 3, 1, 2 / 3, 10, 1 ;
0,112; 2.969344, 1.033446, -1.151596 / 2.969344, 1.033446, -1.151596 / 2.969344, 1.033446, -1.151596; 1, 11, 1, 0; 0.868190957965; 1, 0, 1; 1, 0, 0; 2, 1, 2 ;
1,114; 0.0328459, 1.24556, -1.15182 / 0.0328459, 1.24556, -1.15182 / 0.0328459, 1.24556, -1.15182; 1, 7, 1, 0; 0.542639307780; 1, 0, 1; 1, 0, 0; 2, 1, 2 ;
0,114; 0.004819, 1.047904, -0.743803 / 0.004874, 1.047936, -0.743518 / 0.004765, 1.047871, -0.744087; 1, 13, 1, 0; 0.321490411070; 0, 2, 0; 1, 1, 0; 3, 1, 1 / 4, 1, 1 ;
0,114; 0.003686, 1.044872, -0.742436 / 0.003686, 1.044872, -0.742436 / 0.003686, 1.044872, -0.742436; 1, 13, 1, 0; 0.321490484931; 1, 0, 1; 1, 0, 0; 2, 1, 2 ;
0,114; 0.044795, 1.021547, -0.703387 / 0.044795, 1.021547, -0.703387 / 0.044795, 1.021547, -0.703387; 1, 13, 1, 0; 0.322087184847; 1, 0, 1; 1, 0, 0; 3, 1, 2 ;
0,114; 0.048691, 1.019732, -0.709278 / 0.048691, 1.019732, -0.709278 / 0.048691, 1.019732, -0.709278; 1, 13, 1, 0; 0.322087763420; 1, 0, 1; 1, 0, 0; 3, 1, 2 ;
0,114; 0.043648, 1.023499, -0.717045 / 0.043648, 1.023499, -0.717045 / 0.043648, 1.023499, -0.717045; 1, 13, 1, 0; 0.322089012892; 1, 0, 1; 1, 0, 0; 3, 1, 2 ;
1,117; -2.44349, -1.35903, 1.36248 / -2.44349, -1.35903, 1.36248 / -2.44349, -1.35903, 1.36248; 1, 21, 1, 0; 0.978694281465; 0, 1, 0; 1, 0, 0; 2, 1, 1 ;
0,117; -2.929542, -1.224145, 1.651143 / -2.929542, -1.224145, 1.651143 / -2.929542, -1.224145, 1.651143; 1, 24, 1, 0; 0.709196754651; 1, 0, 1; 1, 0, 0; 3, 1, 2 ;
1,118; -1.41744, -2.66862, 0.203395 / -1.41744, -2.66862, 0.203395 / -1.41744, -2.66862, 0.203395; 1, 16, 1, 0; 0.951238507779; 0, 1, 0; 0, 1, 0; 1, 1, 1 ;
0,118; -1.616215, -2.795782, 0.135745 / -1.616215, -2.795782, 0.135745 / -1.616215, -2.795782, 0.135745; 1, 16, 1, 0; 0.962889396082; 1, 0, 1; 0, 1, 0; 1, 1, 2 ;
0,118; -1.618079, -2.811899, 0.124489 / -1.618079, -2.811899, 0.124489 / -1.618079, -2.811899, 0.124489; 1, 16, 1, 0; 0.962895168981; 1, 0, 1; 0, 1, 0; 4, 1, 2 ;
0,118; -1.438361, -2.681594, 0.207684 / -1.438361, -2.681594, 0.207684 / -1.438361, -2.681594, 0.207684; 1, 16, 1, 0; 0.950774586387; 1, 0, 1; 1, 0, 0; 2, 1, 2 ;
0,118; -1.419968, -2.669845, 0.210241 / -1.419968, -2.669845, 0.210241 / -1.419968, -2.669845, 0.210241; 1, 16, 1, 0; 0.951250770166; 1, 0, 1; 1, 0, 0; 3, 1, 2 ;
0,118; -1.613924, -2.795482, 0.137548 / -1.613924, -2.795482, 0.137548 / -1.613924, -2.795482, 0.137548; 1, 16, 1, 0; 0.962889315717; 1, 0, 1; 1, 0, 0; 2, 1, 2 ;
1,123; -2.8743, 3.3254, -1.37437 / -2.8743, 3.3254, -1.37437 / -2.8743, 3.3254, -1.37437; 1, 7, 1, 0; 0.296081607231; 1, 0, 1; 1, 0, 0; 3, 1, 2 ;
1,126; 0.755702, -0.184155, -3.15663 / 0.755702, -0.184155, -3.15663 / 0.755702, -0.184155, -3.15663; 1, 2, 1, 0; 0.395724929516; 1, 0, 1; 0, 1, 0; 4, 1, 2 / 4, 6, 0 ;
0,126; -2.294719, 3.794074, -1.141401 / -2.294719, 3.794074, -1.141401 / -2.294719, 3.794074, -1.141401; 1, 7, 1, 0; 0.799767417244; 0, 1, 0; 0, 1, 0; 4, 1, 1 ;
0,126; -2.303337, 3.789606, -1.147304 / -2.303337, 3.789606, -1.147304 / -2.303337, 3.789606, -1.147304; 1, 7, 1, 0; 0.799777353006; 1, 0, 1; 0, 1, 0; 4, 1, 2 ;
0,126; -2.294623, 3.799189, -1.150454 / -2.294623, 3.799189, -1.150454 / -2.294623, 3.799189, -1.150454; 1, 7, 1, 0; 0.799768879739; 1, 0, 1; 1, 0, 0; 3, 1, 2 ;
0,126; -2.298186, 3.796097, -1.142063 / -2.298186, 3.796097, -1.142063 / -2.298186, 3.796097, -1.142063; 1, 7, 1, 0; 0.799776360964; 0, 1, 0; 1, 0, 0; 2, 1, 1 ;
1,128; -1.84239, 3.83902, 1.73112 / -1.84239, 3.83902, 1.73112 / -1.84239, 3.83902, 1.73112; 1, 29, 1, 0; 0.525349895379; 1, 0, 1; 1, 0, 0; 3, 1, 2 ;
1,129; 0.428435, 1.71413, -0.318886 / 0.428528, 1.71452, -0.318657 / 0.428342, 1.71374, -0.319116; 1, 13, 1, 0; 0.438275186713; 1, 0, 2; 1, 1, 0; 1, 3, 2 / 3, 1, 2 / 4, 2, 0 ;
1,134; -2.83046, -3.00532, 0.43914 / -2.83046, -3.00532, 0.43914 / -2.83046, -3.00532, 0.43914; 1, 18, 1, 0; 0.271359440255; 1, 0, 1; 1, 0, 0; 3, 1, 2 / 4, 3, 0 ;
1,135; 2.79837, -0.755992, 1.00512 / 2.79837, -0.755992, 1.00512 / 2.79837, -0.755992, 1.00512; 1, 27, 1, 0; 0.129226742987; 0, 1, 0; 1, 0, 0; 3, 1, 1 ;
0,135; -1.910488, -1.773798, 2.319061 / -1.910488, -1.773798, 2.319061 / -1.910488, -1.773798, 2.319061; 1, 36, 1, 0; 0.042209082735; 1, 0, 1; 1, 0, 0; 3, 1, 2 ;
1,147; 1.09365, 0.938495, -3.03228 / 1.09389, 0.939177, -3.0321 / 1.09342, 0.937812, -3.03246; 1, 2, 1, 0; 0.661444365074; 2, 1, 1; 1, 1, 0; 1, 1, 2 / 2, 6, 1 / 2, 8, 0 ;
1,159; 0.945513, 0.786399, -0.153766 / 0.945889, 0.786689, -0.153707 / 0.945137, 0.78611, -0.153825; 1, 13, 1, 0; 0.927172493639; 2, 1, 1; 2, 0, 0; 3, 1, 1 / 3, 2, 2 ;
0,159; -0.048449, 1.014853, 1.464463 / -0.048449, 1.014853, 1.464463 / -0.048449, 1.014853, 1.464463; 1, 26, 1, 0; 0.784542557113; 1, 0, 1; 1, 0, 0; 3, 1, 2 ;
0,159; 0.058438, 0.976364, 1.322483 / 0.058438, 0.976364, 1.322483 / 0.058438, 0.976364, 1.322483; 1, 26, 1, 0; 0.786628605718; 1, 0, 1; 1, 0, 0; 3, 1, 2 ;
0,159; 0.044002, 0.984952, 1.335735 / 0.044002, 0.984952, 1.335735 / 0.044002, 0.984952, 1.335735; 1, 26, 1, 0; 0.786648750589; 1, 0, 1; 1, 0, 0; 2, 1, 2 ;
0,159; -0.231054, 1.058006, 1.805742 / -0.231054, 1.058006, 1.805742 / -0.231054, 1.058006, 1.805742; 1, 27, 1, 0; 0.400819124602; 1, 0, 1; 0, 1, 0; 1, 1, 2 / 4, 6, 0 ;
1,160; 0.388221, 3.00347, -3.15644 / 0.388221, 3.00347, -3.15644 / 0.388221, 3.00347, -3.15644; 1, 2, 1, 0; 0.162147192188; 1, 0, 1; 1, 0, 0; 3, 1, 2 ;
1,161; -1.10223, -3.38671, -1.20963 / -1.10223, -3.38671, -1.20963 / -1.10223, -3.38671, -1.20963; 1, 9, 1, 0; 0.307760511962; 0, 1, 0; 1, 0, 0; 3, 1, 1 ;
0,161; -1.189202, -3.967664, -0.143021 / -1.189202, -3.967664, -0.143021 / -1.189202, -3.967664, -0.143021; 1, 16, 1, 0; 0.256674060263; 0, 1, 0; 0, 1, 0; 4, 1, 1 ;
1,163; 1.19551, -1.45154, -1.43013 / 1.19551, -1.45154, -1.43013 / 1.19551, -1.45154, -1.43013; 1, 8, 1, 0; 0.710878253924; 1, 0, 1; 1, 0, 0; 3, 1, 2 ;
1,164; 3.25618, -1.53278, 0.408575 / 3.25618, -1.53278, 0.408575 / 3.25618, -1.53278, 0.408575; 1, 19, 1, 0; 0.445502569977; 1, 0, 1; 0, 1, 0; 1, 1, 2 ;
0,164; -1.971009, 1.645820, 1.634120 / -1.970360, 1.646152, 1.634597 / -1.971659, 1.645487, 1.633643; 1, 24, 1, 0; 0.942602398171; 2, 1, 3; 1, 3, 1; 1, 7, 2 / 1, 8, 1 / 2, 6, 2 / 4, 1, 2 / 4, 2, 0 ;
0,164; -1.970873, 1.637885, 1.632741 / -1.970873, 1.637885, 1.632741 / -1.970873, 1.637885, 1.632741; 1, 24, 1, 0; 0.942600269879; 1, 0, 1; 1, 0, 0; 3, 1, 2 ;
1,165; 1.2842, -2.11247, 3.24874 / 1.2842, -2.11247, 3.24874 / 1.2842, -2.11247, 3.24874; 1, 40, 1, 0; 0.615633757661; 1, 0, 1; 1, 0, 0; 2, 1, 2 ;
0,165; 1.293385, -2.117096, 3.254572 / 1.293385, -2.117096, 3.254572 / 1.293385, -2.117096, 3.254572; 1, 40, 1, 0; 0.615656859972; 1, 0, 1; 1, 0, 0; 3, 1, 2 ;
1,166; -2.28925, 0.863872, -3.32387 / -2.28925, 0.863872, -3.32387 / -2.28925, 0.863872, -3.32387; 1, 2, 1, 0; 0.316360278645; 1, 0, 1; 1, 0, 0; 1, 4, 0 / 1, 5, 0 / 2, 3, 0 / 3, 1, 2 ;
1,172; 1.7204, 3.40683, 0.702919 / 1.7204, 3.40683, 0.702919 / 1.7204, 3.40683, 0.702919; 1, 20, 1, 0; 0.614199199938; 1, 0, 1; 1, 0, 0; 2, 1, 2 ;
1,173; 0.0539318, 0.200519, 2.87308 / 0.0539318, 0.200519, 2.87308 / 0.0539318, 0.200519, 2.87308; 1, 37, 1, 0; 0.996069591653; 1, 0, 1; 1, 0, 0; 2, 1, 2 ;
0,173; 0.186829, -0.127506, 4.165675 / 0.186829, -0.127506, 4.165675 / 0.186829, -0.127506, 4.165675; 1, 46, 1, 0; 0.691780547645; 1, 0, 1; 1, 0, 0; 2, 4, 0 / 3, 1, 2 ;
1,175; -2.073, -0.82145, -2.31425 / -2.073, -0.82145, -2.31425 / -2.073, -0.82145, -2.31425; 1, 5, 1, 0; 0.431715098299; 1, 0, 1; 1, 0, 0; 3, 1, 2 ;
0,175; -2.071281, -0.822135, -2.310799 / -2.071281, -0.822135, -2.310799 / -2.071281, -0.822135, -2.310799; 1, 5, 1, 0; 0.431724174942; 1, 0, 1; 1, 0, 0; 3, 1, 2 ;
1,180; -2.21499, 1.68091, 1.6874 / -2.21495, 1.68108, 1.68756 / -2.21503, 1.68074, 1.68724; 1, 24, 1, 0; 0.939768326586; 2, 1, 1; 1, 1, 0; 2, 2, 0 / 3, 1, 2 / 4, 2, 1 ;
0,180; -0.471960, 1.064547, 2.346345 / -0.471960, 1.064547, 2.346345 / -0.471960, 1.064547, 2.346345; 1, 31, 1, 0; 0.704814912733; 0, 0, 0; 1, 0, 0; 3, 1, 3 ;
1,182; -3.17804, 2.06831, -0.441496 / -3.17804, 2.06831, -0.441496 / -3.17804, 2.06831, -0.441496; 1, 14, 1, 0; 0.264999187535; 0, 1, 0; 1, 0, 0; 1, 1, 0 / 2, 1, 1 / 3, 7, 0 ;
1,184; 3.20309, -0.456459, 0.637901 / 3.20309, -0.456459, 0.637901 / 3.20309, -0.456459, 0.637901; 1, 20, 1, 0; 0.984815914764; 1, 0, 1; 1, 0, 0; 2, 1, 2 ;
0,184; 3.135210, -0.394392, 1.084477 / 3.135210, -0.394392, 1.084477 / 3.135210, -0.394392, 1.084477; 1, 26, 1, 0; 0.106970862801; 1, 0, 1; 1, 0, 0; 3, 1, 2 / 3, 9, 0 ;
0,184; 2.791144, 0.029057, 3.498284 / 2.791144, 0.029057, 3.498284 / 2.791144, 0.029057, 3.498284; 1, 44, 1, 0; 0.774443678461; 1, 0, 1; 1, 0, 0; 2, 1, 2 ;
1,189; 0.136993, -2.95572, -1.94452 / 0.136993, -2.95572, -1.94452 / 0.136993, -2.95572, -1.94452; 1, 5, 1, 0; 0.714849539453; 0, 1, 0; 1, 0, 0; 1, 1, 0 / 2, 1, 1 ;
0,189; 0.225576, 3.029915, -1.769431 / 0.226177, 3.030333, -1.768907 / 0.224975, 3.029498, -1.769956; 1, 7, 1, 0; 0.103118883472; 2, 3, 2; 4, 2, 1; 1, 6, 1 / 2, 2, 1 / 2, 3, 2 / 2, 6, 3 / 2, 8, 1 / 3, 1, 0 / 4, 1, 2 ;
0,189; 0.225665, 3.029565, -1.769823 / 0.226238, 3.029977, -1.769436 / 0.225092, 3.029154, -1.770210; 1, 7, 1, 0; 0.103118847677; 1, 0, 1; 3, 1, 0; 1, 4, 0 / 2, 6, 0 / 2, 9, 1 / 2, 10, 2 / 3, 1, 2 / 3, 8, 0 / 4, 8, 2 ;
1,191; 1.56441, 0.48117, 1.06619 / 1.5645, 0.481229, 1.06665 / 1.56432, 0.481112, 1.06573; 1, 26, 1, 0; 0.185828262826; 1, 0, 2; 2, 0, 0; 2, 1, 2 / 3, 4, 2 ;
0,191; 2.668481, -1.358983, 3.476402 / 2.668481, -1.358983, 3.476402 / 2.668481, -1.358983, 3.476402; 1, 43, 1, 0; 0.378223705324; 0, 1, 0; 0, 1, 0; 1, 1, 1 ;
1,192; 3.33494, 2.12063, -0.478144 / 3.33495, 2.12063, -0.478139 / 3.33493, 2.12063, -0.478148; 1, 13, 1, 0; 0.447800362655; 2, 1, 1; 1, 1, 0; 1, 1, 2 / 3, 5, 1 ;
0,192; 3.381459, 2.129036, -0.458214 / 3.381459, 2.129036, -0.458214 / 3.381459, 2.129036, -0.458214; 1, 13, 1, 0; 0.448997874051; 0, 1, 0; 1, 0, 0; 1, 2, 0 / 1, 4, 0 / 2, 1, 1 / 4, 8, 0 ;
0,192; 3.377173, 2.136224, -0.461324 / 3.377173, 2.136224, -0.461324 / 3.377173, 2.136224, -0.461324; 1, 13, 1, 0; 0.448998231043; 1, 0, 1; 1, 0, 0; 2, 1, 2 / 4, 3, 0 ;
0,192; 3.369959, 2.138021, -0.456412 / 3.369959, 2.138021, -0.456412 / 3.369959, 2.138021, -0.456412; 1, 13, 1, 0; 0.448998957337; 0, 1, 0; 1, 0, 0; 2, 1, 1 ;
1,195; -3.00863, 0.574832, -0.714531 / -3.00863, 0.574832, -0.714531 / -3.00863, 0.574832, -0.714531; 1, 10, 1, 0; 0.315606495119; 0, 1, 0; 1, 0, 0; 3, 1, 1 / 4, 4, 0 ;
1,198; 0.842156, 2.44999, -0.185084 / 0.842156, 2.44999, -0.185084 / 0.842156, 2.44999, -0.185084; 1, 17, 1, 0; 0.162554401045; 1, 0, 1; 1, 0, 0; 2, 1, 2 ;
1,199; 2.52021, -0.708868, -1.74406 / 2.52021, -0.708868, -1.74406 / 2.52021, -0.708868, -1.74406; 1, 4, 1, 0; 0.990434382266; 1, 0, 1; 1, 0, 0; 2, 1, 2 ;
