1,2; 1.72409, -2.92831, 0.0801154 / 1.72423, -2.92815, 0.0801587 / 1.72394, -2.92847, 0.0800722; 1, 15, 1, 0; 0.792642849106; 2, 1, 1; 0, 2, 0; 1, 1, 2 / 1, 2, 1 ;
0,2; 1.693484, -2.931244, 0.019247 / 1.694290, -2.931172, 0.019888 / 1.692678, -2.931317, 0.018606; 1, 15, 1, 0; 0.792719571064; 2, 1, 2; 2, 1, 0; 1, 3, 0 / 1, 7, 2 / 3, 1, 2 / 3, 2, 1 ;
0,2; 1.697696, -2.919372, 0.009414 / 1.698337, -2.918854, 0.009553 / 1.697056, -2.919889, 0.009276; 1, 15, 1, 0; 0.792721874866; 2, 2, 1; 2, 1, 0; 2, 1, 2 / 2, 3, 1 / 4, 2, 1 ;
0,2; 1.681922, -2.924294, 0.031421 / 1.682415, -2.923202, 0.031998 / 1.681429, -2.925386, 0.030844; 1, 15, 1, 0; 0.792730339998; 2, 1, 1; 1, 1, 0; 2, 10, 2 / 4, 1, 1 ;
0,2; 1.716852, -2.912125, 0.095460 / 1.716852, -2.912125, 0.095460 / 1.716852, -2.912125, 0.095460; 1, 15, 1, 0; 0.792657930972; 1, 0, 1; 0, 1, 0; 4, 1, 2 ;
0,2; 1.716649, -2.913027, 0.099935 / 1.716649, -2.913027, 0.099935 / 1.716649, -2.913027, 0.099935; 1, 15, 1, 0; 0.792669717865; 0, 1, 0; 0, 1, 0; 4, 1, 1 / 4, 2, 0 ;
0,2; 1.699907, -2.926175, 0.019626 / 1.699907, -2.926175, 0.019626 / 1.699907, -2.926175, 0.019626; 1, 15, 1, 0; 0.792719859039; 1, 0, 1; 0, 1, 0; 1, 1, 2 ;
0,2; 1.688373, -2.922041, 0.010977 / 1.688373, -2.922041, 0.010977 / 1.688373, -2.922041, 0.010977; 1, 15, 1, 0; 0.792721392675; 0, 1, 0; 0, 1, 0; 1, 1, 1 ;
0,2; 1.686079, -2.922550, 0.011309 / 1.686079, -2.922550, 0.011309 / 1.686079, -2.922550, 0.011309; 1, 15, 1, 0; 0.792733038929; 1, 0, 1; 0, 1, 0; 4, 1, 2 ;
0,2; 1.696870, -2.914476, 0.005343 / 1.697004, -2.913977, 0.005672 / 1.696737, -2.914976, 0.005015; 1, 15, 1, 0; 0.792722819157; 1, 0, 2; 2, 0, 0; 2, 1, 2 / 3, 7, 2 ;
0,2; 1.692790, -2.897997, -0.010365 / 1.692790, -2.897997, -0.010365 / 1.692790, -2.897997, -0.010365; 1, 15, 1, 0; 0.388837316767; 1, 0, 1; 1, 0, 0; 2, 1, 2 ;
0,2; 1.725737, -2.930891, 0.084512 / 1.725737, -2.930891, 0.084512 / 1.725737, -2.930891, 0.084512; 1, 15, 1, 0; 0.792654294447; 1, 0, 1; 1, 0, 0; 3, 1, 2 ;
0,2; 1.711217, -2.915126, 0.086025 / 1.711217, -2.915126, 0.086025 / 1.711217, -2.915126, 0.086025; 1, 15, 1, 0; 0.792657375113; 1, 0, 1; 1, 0, 0; 3, 1, 2 ;
0,2; 1.714764, -2.913618, 0.098524 / 1.714764, -2.913618, 0.098524 / 1.714764, -2.913618, 0.098524; 1, 15, 1, 0; 0.792669557134; 0, 1, 0; 1, 0, 0; 2, 1, 1 ;
0,2; 1.699559, -2.922138, 0.032753 / 1.699559, -2.922138, 0.032753 / 1.699559, -2.922138, 0.032753; 1, 15, 1, 0; 0.792717709271; 1, 0, 1; 1, 0, 0; 2, 1, 2 ;
0,2; 1.692010, -2.930407, 0.019805 / 1.692953, -2.929523, 0.019888 / 1.691067, -2.931291, 0.019723; 1, 15, 1, 0; 0.792719510790; 1, 0, 1; 2, 0, 0; 3, 1, 2 / 3, 10, 2 ;
0,2; 1.698803, -2.929278, 0.019626 / 1.698803, -2.929278, 0.019626 / 1.698803, -2.929278, 0.019626; 1, 15, 1, 0; 0.792719758583; 1, 0, 1; 1, 0, 0; 3, 1, 2 / 3, 2, 0 ;
0,2; 1.698490, -2.922702, 0.011741 / 1.698490, -2.922702, 0.011741 / 1.698490, -2.922702, 0.011741; 1, 15, 1, 0; 0.792721010940; 1, 0, 1; 1, 0, 0; 2, 1, 2 ;
0,2; 1.696006, -2.922133, 0.013165 / 1.696006, -2.922133, 0.013165 / 1.696006, -2.922133, 0.013165; 1, 15, 1, 0; 0.792721151579; 0, 1, 0; 1, 0, 0; 3, 1, 1 ;
0,2; 1.691931, -2.917841, 0.011729 / 1.691931, -2.917841, 0.011729 / 1.691931, -2.917841, 0.011729; 1, 15, 1, 0; 0.792722082476; 1, 0, 1; 1, 0, 0; 3, 1, 2 ;
0,2; 1.688338, -2.922567, 0.032502 / 1.688338, -2.922567, 0.032502 / 1.688338, -2.922567, 0.032502; 1, 15, 1, 0; 0.792729750654; 1, 0, 1; 1, 0, 0; 2, 1, 2 / 2, 9, 0 / 3, 4, 0 / 3, 6, 0 ;
0,2; 1.680587, -2.922689, 0.028916 / 1.680587, -2.922689, 0.028916 / 1.680587, -2.922689, 0.028916; 1, 15, 1, 0; 0.792730266330; 0, 1, 0; 1, 0, 0; 1, 7, 0 / 3, 1, 1 / 3, 2, 0 ;
0,2; 1.688423, -2.925549, 0.023272 / 1.688423, -2.925549, 0.023272 / 1.688423, -2.925549, 0.023272; 1, 15, 1, 0; 0.792730969526; 1, 0, 1; 1, 0, 0; 3, 1, 2 ;
0,2; 1.675233, -2.925553, 0.028577 / 1.675233, -2.925553, 0.028577 / 1.675233, -2.925553, 0.028577; 1, 15, 1, 0; 0.792742743024; 1, 0, 1; 1, 0, 0; 3, 1, 2 ;
1,3; -1.33824, 1.20171, -1.10609 / -1.33824, 1.20171, -1.10609 / -1.33824, 1.20171, -1.10609; 1, 11, 1, 0; 0.834822990621; 1, 0, 1; 1, 0, 0; 3, 1, 2 ;
1,9; 0.632499, 1.25054, -1.75445 / 0.632499, 1.25054, -1.75445 / 0.632499, 1.25054, -1.75445; 1, 7, 1, 0; 0.017704833700; 0, 1, 0; 1, 0, 0; 2, 1, 1 ;
1,10; 3.11828, -2.75856, 1.96739 / 3.11828, -2.75856, 1.96739 / 3.11828, -2.75856, 1.96739; 1, 33, 1, 0; 0.059069172223; 1, 0, 1; 0, 1, 0; 4, 1, 2 ;
0,10; 3.121772, -2.760749, 1.960634 / 3.121772, -2.760749, 1.960634 / 3.121772, -2.760749, 1.960634; 1, 33, 1, 0; 0.059070294785; 1, 0, 1; 1, 0, 0; 2, 1, 2 ;
1,11; -3.65354, 0.973929, -2.6382 / -3.65327, 0.973989, -2.63805 / -3.6538, 0.973869, -2.63836; 1, 6, 1, 0; 0.000715118883; 1, 0, 1; 1, 1, 0; 1, 5, 2 / 3, 1, 3 ;
1,16; 3.15005, 1.32002, 0.231353 / 3.15005, 1.32002, 0.231353 / 3.15005, 1.32002, 0.231353; 1, 20, 1, 0; 0.353861306595; 1, 0, 1; 1, 0, 0; 3, 1, 2 ;
0,16; 0.650273, -2.670494, 2.044889 / 0.650710, -2.669941, 2.045501 / 0.649835, -2.671046, 2.044276; 1, 32, 1, 0; 0.369763678304; 1, 0, 2; 1, 1, 0; 1, 1, 2 / 2, 6, 2 / 3, 9, 0 / 3, 10, 0 / 4, 9, 0 ;
0,16; 0.104610, -3.558777, 2.412128 / 0.104610, -3.558777, 2.412128 / 0.104610, -3.558777, 2.412128; 1, 32, 1, 0; 0.750561133216; 1, 0, 1; 0, 1, 0; 4, 1, 2 ;
0,16; 0.319664, -3.217316, 2.261755 / 0.319664, -3.217316, 2.261755 / 0.319664, -3.217316, 2.261755; 1, 32, 1, 0; 0.785454786800; 1, 0, 1; 1, 0, 0; 3, 1, 2 / 4, 2, 0 ;
1,26; 2.88958, 1.41402, -3.08268 / 2.88958, 1.41402, -3.08268 / 2.88958, 1.41402, -3.08268; 1, 3, 1, 0; 0.234275007354; 1, 0, 1; 1, 0, 0; 2, 1, 2 ;
1,29; -1.41736, -1.44945, 0.108436 / -1.41736, -1.44945, 0.108436 / -1.41736, -1.44945, 0.108436; 1, 16, 1, 0; 0.868502709646; 1, 0, 1; 1, 0, 0; 1, 2, 0 / 2, 1, 2 ;
0,29; 0.052136, 0.226421, 0.396623 / 0.052136, 0.226421, 0.396623 / 0.052136, 0.226421, 0.396623; 1, 17, 1, 0; 0.687563147059; 0, 1, 0; 0, 1, 0; 1, 1, 1 ;
1,34; 0.125696, -0.551653, -3.65374 / 0.125696, -0.551653, -3.65374 / 0.125696, -0.551653, -3.65374; 1, 1, 1, 0; 0.780715666126; 1, 0, 1; 0, 1, 0; 1, 1, 2 / 4, 5, 0 ;
0,34; 0.126980, -0.556082, -3.662891 / 0.126980, -0.556082, -3.662891 / 0.126980, -0.556082, -3.662891; 1, 1, 1, 0; 0.780714471615; 1, 0, 1; 1, 0, 0; 2, 1, 2 ;
0,34; 0.175729, -1.234071, -3.299979 / 0.175729, -1.234071, -3.299979 / 0.175729, -1.234071, -3.299979; 1, 3, 1, 0; 0.140569321035; 1, 0, 1; 0, 1, 0; 4, 1, 2 ;
0,34; 0.176695, -1.235403, -3.289971 / 0.176695, -1.235403, -3.289971 / 0.176695, -1.235403, -3.289971; 1, 3, 1, 0; 0.140576602715; 1, 0, 1; 1, 0, 0; 2, 1, 2 / 2, 9, 0 ;
0,34; 0.175198, -1.235017, -3.291875 / 0.175198, -1.235017, -3.291875 / 0.175198, -1.235017, -3.291875; 1, 3, 1, 0; 0.140576667191; 1, 0, 1; 1, 0, 0; 3, 1, 2 ;
1,39; -3.87586, -0.169909, -0.682645 / -3.87586, -0.169909, -0.682645 / -3.87586, -0.169909, -0.682645; 1, 10, 1, 0; 0.359750507161; 1, 0, 1; 1, 0, 0; 3, 1, 2 ;
1,40; -0.750286, 3.3759, -2.66382 / -0.749591, 3.37645, -2.66296 / -0.750982, 3.37535, -2.66468; 1, 4, 1, 0; 0.184540476392; 2, 1, 1; 0, 2, 0; 1, 1, 2 / 1, 9, 1 ;
0,40; -0.754309, 3.376685, -2.665719 / -0.754058, 3.376889, -2.664627 / -0.754560, 3.376481, -2.666810; 1, 4, 1, 0; 0.184547887023; 2, 1, 1; 1, 1, 0; 1, 10, 1 / 3, 1, 2 ;
0,40; -0.806444, 2.157956, -2.608995 / -0.806444, 2.157956, -2.608995 / -0.806444, 2.157956, -2.608995; 1, 4, 1, 0; 0.098975177005; 0, 1, 0; 0, 1, 0; 4, 1, 1 ;
0,40; -0.750073, 3.379228, -2.663778 / -0.750073, 3.379228, -2.663778 / -0.750073, 3.379228, -2.663778; 1, 4, 1, 0; 0.184540951897; 1, 0, 1; 0, 1, 0; 1, 1, 2 / 3, 5, 0 ;
0,40; -0.749996, 3.378888, -2.666404 / -0.749996, 3.378888, -2.666404 / -0.749996, 3.378888, -2.666404; 1, 4, 1, 0; 0.184540992194; 1, 0, 1; 1, 0, 0; 2, 1, 2 ;
0,40; -0.944307, -1.088779, -2.553500 / -0.944307, -1.088779, -2.553500 / -0.944307, -1.088779, -2.553500; 1, 5, 1, 0; 0.365436894298; 1, 0, 1; 0, 1, 0; 4, 1, 2 ;
1,42; -0.533115, -0.685587, 2.33669 / -0.532805, -0.685466, 2.337 / -0.533424, -0.685708, 2.33639; 1, 34, 1, 0; 0.119525842607; 2, 1, 1; 2, 0, 0; 3, 1, 2 / 3, 2, 1 / 4, 1, 0 ;
1,44; 0.796955, 1.74285, -0.56052 / 0.797064, 1.74288, -0.559561 / 0.796846, 1.74283, -0.561479; 1, 13, 1, 0; 0.438651917971; 1, 0, 2; 1, 1, 0; 2, 7, 2 / 4, 1, 2 ;
1,45; 0.123004, 1.45394, 3.07388 / 0.12328, 1.45405, 3.07406 / 0.122728, 1.45382, 3.0737; 1, 39, 1, 0; 0.579179522238; 2, 1, 1; 1, 1, 0; 3, 1, 2 / 4, 1, 1 ;
1,49; -0.505447, -1.95551, -1.19155 / -0.505447, -1.95551, -1.19155 / -0.505447, -1.95551, -1.19155; 1, 8, 1, 0; 0.792746898334; 1, 0, 1; 0, 1, 0; 1, 1, 2 ;
0,49; 0.084089, -1.854807, 0.638086 / 0.084089, -1.854807, 0.638086 / 0.084089, -1.854807, 0.638086; 1, 22, 1, 0; 0.028399085279; 0, 1, 0; 0, 1, 0; 1, 1, 1 ;
1,63; -0.763908, 3.12064, -2.96524 / -0.763908, 3.12064, -2.96524 / -0.763908, 3.12064, -2.96524; 1, 2, 1, 0; 0.819199124131; 1, 0, 1; 1, 0, 0; 1, 8, 0 / 2, 1, 2 / 4, 4, 0 ;
0,63; -0.762166, 3.124156, -2.965189 / -0.762166, 3.124156, -2.965189 / -0.762166, 3.124156, -2.965189; 1, 2, 1, 0; 0.819199622503; 1, 0, 1; 1, 0, 0; 3, 1, 2 ;
1,66; -1.30526, -0.534253, -0.401186 / -1.30526, -0.534253, -0.401186 / -1.30526, -0.534253, -0.401186; 1, 10, 1, 0; 0.639326038436; 0, 1, 0; 0, 1, 0; 1, 1, 1 ;
0,66; -1.300743, -0.531365, -0.400049 / -1.300743, -0.531365, -0.400049 / -1.300743, -0.531365, -0.400049; 1, 10, 1, 0; 0.639325908672; 1, 0, 1; 1, 0, 0; 2, 1, 2 ;
0,66; -0.326854, -1.866849, 1.804362 / -0.326854, -1.866849, 1.804362 / -0.326854, -1.866849, 1.804362; 1, 22, 1, 0; 0.984560996444; 1, 0, 1; 1, 0, 0; 3, 1, 2 ;
0,66; -0.321013, -1.864501, 1.800492 / -0.321013, -1.864501, 1.800492 / -0.321013, -1.864501, 1.800492; 1, 22, 1, 0; 0.984561898650; 0, 1, 0; 1, 0, 0; 2, 1, 1 ;
0,66; 0.431102, -2.884279, 3.473576 / 0.431102, -2.884279, 3.473576 / 0.431102, -2.884279, 3.473576; 1, 43, 1, 0; 0.995383004687; 1, 0, 1; 1, 0, 0; 2, 1, 2 ;
1,67; -2.38949, -1.65041, -3.46181 / -2.38949, -1.65041, -3.46181 / -2.38949, -1.65041, -3.46181; 1, 1, 1, 0; 0.903750680317; 0, 1, 0; 0, 1, 0; 4, 1, 1 ;
0,67; 0.185377, 0.809623, -3.286411 / 0.185377, 0.809623, -3.286411 / 0.185377, 0.809623, -3.286411; 1, 2, 1, 0; 0.328901481351; 0, 1, 0; 0, 1, 0; 1, 1, 1 ;
0,67; 0.040355, 0.671582, -3.303369 / 0.040355, 0.671582, -3.303369 / 0.040355, 0.671582, -3.303369; 1, 2, 1, 0; 0.329409927570; 0, 1, 0; 0, 1, 0; 4, 1, 1 ;
0,67; 0.608363, 1.217035, -3.241763 / 0.608428, 1.217105, -3.241638 / 0.608299, 1.216964, -3.241888; 1, 2, 1, 0; 0.293565527214; 2, 1, 1; 2, 0, 0; 3, 1, 1 / 3, 2, 2 ;
0,67; 0.577850, 1.187399, -3.244795 / 0.577850, 1.187399, -3.244795 / 0.577850, 1.187399, -3.244795; 1, 2, 1, 0; 0.292807305659; 0, 1, 0; 1, 0, 0; 2, 1, 1 ;
1,70; -2.0085, -0.222294, 0.69651 / -2.0085, -0.222294, 0.69651 / -2.0085, -0.222294, 0.69651; 1, 21, 1, 0; 0.415747820152; 1, 0, 1; 1, 0, 0; 3, 1, 2 ;
1,71; -2.02187, -0.232262, -2.07079 / -2.02187, -0.232262, -2.07079 / -2.02187, -0.232262, -2.07079; 1, 5, 1, 0; 0.993150751666; 1, 0, 1; 0, 1, 0; 4, 1, 2 ;
0,71; -1.359607, -3.386403, 0.720854 / -1.359607, -3.386403, 0.720854 / -1.359607, -3.386403, 0.720854; 1, 18, 1, 0; 0.678201152744; 1, 0, 1; 0, 1, 0; 4, 1, 2 ;
0,71; -1.233724, -4.006866, 1.286874 / -1.233724, -4.006866, 1.286874 / -1.233724, -4.006866, 1.286874; 1, 23, 1, 0; 0.994186541807; 1, 0, 1; 1, 0, 0; 3, 1, 2 ;
1,75; 1.75056, 0.676063, 1.69478 / 1.75056, 0.676063, 1.69478 / 1.75056, 0.676063, 1.69478; 1, 27, 1, 0; 0.489351159167; 1, 0, 1; 1, 0, 0; 3, 1, 2 ;
1,77; -3.62057, 0.331547, -0.607744 / -3.62057, 0.331547, -0.607744 / -3.62057, 0.331547, -0.607744; 1, 10, 1, 0; 0.706877019452; 1, 0, 1; 0, 1, 0; 1, 1, 2 ;
1,84; 2.42527, -0.060025, 1.10012 / 2.42527, -0.060025, 1.10012 / 2.42527, -0.060025, 1.10012; 1, 26, 1, 0; 0.129156178475; 1, 0, 1; 1, 0, 0; 2, 1, 2 ;
1,86; -2.2513, -2.03724, -0.503221 / -2.2513, -2.03724, -0.503221 / -2.2513, -2.03724, -0.503221; 1, 10, 1, 0; 0.506424489271; 1, 0, 1; 1, 0, 0; 2, 1, 2 ;
0,86; -3.058211, -3.070221, 0.130935 / -3.058211, -3.070221, 0.130935 / -3.058211, -3.070221, 0.130935; 1, 18, 1, 0; 0.056724833937; 1, 0, 1; 1, 0, 0; 3, 1, 2 ;
1,87; -3.31974, -1.84515, -1.5246 / -3.31974, -1.84515, -1.5246 / -3.31974, -1.84515, -1.5246; 1, 9, 1, 0; 0.147250442279; 1, 0, 1; 0, 1, 0; 4, 1, 2 ;
0,87; -2.957932, -2.561006, -0.883684 / -2.957932, -2.561006, -0.883684 / -2.957932, -2.561006, -0.883684; 1, 9, 1, 0; 0.565248973783; 1, 0, 1; 1, 0, 0; 2, 1, 2 ;
1,88; 1.87663, -0.255865, 3.59323 / 1.87663, -0.255865, 3.59323 / 1.87663, -0.255865, 3.59323; 1, 44, 1, 0; 0.471501333207; 1, 0, 1; 1, 0, 0; 3, 1, 2 ;
1,89; 1.98939, -0.313086, -0.978043 / 1.98971, -0.312921, -0.977511 / 1.98908, -0.313251, -0.978575; 1, 11, 1, 0; 0.660015568998; 2, 1, 1; 1, 1, 0; 2, 1, 2 / 4, 3, 1 ;
1,90; 1.26562, 0.680735, -0.442543 / 1.26562, 0.680735, -0.442543 / 1.26562, 0.680735, -0.442543; 1, 12, 1, 0; 0.886193560237; 0, 0, 0; 1, 0, 0; 3, 1, 3 / 4, 2, 0 ;
0,90; 1.269213, 0.680559, -0.444412 / 1.269213, 0.680559, -0.444412 / 1.269213, 0.680559, -0.444412; 1, 12, 1, 0; 0.886193663229; 1, 0, 1; 1, 0, 0; 2, 1, 2 ;
1,94; 1.65779, -3.65725, -1.81493 / 1.65779, -3.65725, -1.81493 / 1.65779, -3.65725, -1.81493; 1, 8, 1, 0; 0.375951803113; 1, 0, 1; 0, 1, 0; 1, 1, 2 ;
0,94; 1.658700, -3.655801, -1.813677 / 1.658700, -3.655801, -1.813677 / 1.658700, -3.655801, -1.813677; 1, 8, 1, 0; 0.375951869590; 1, 0, 1; 1, 0, 0; 3, 1, 2 ;
0,94; -0.081052, -2.265921, -1.453384 / -0.081052, -2.265921, -1.453384 / -0.081052, -2.265921, -1.453384; 1, 8, 1, 0; 0.591040043732; 1, 0, 1; 1, 0, 0; 3, 1, 2 ;
0,94; -3.508560, 0.525125, -0.792288 / -3.508560, 0.525125, -0.792288 / -3.508560, 0.525125, -0.792288; 1, 10, 1, 0; 0.310742968956; 1, 0, 1; 0, 1, 0; 4, 1, 2 ;
1,98; 0.723486, 0.823825, -3.14182 / 0.723486, 0.823825, -3.14182 / 0.723486, 0.823825, -3.14182; 1, 2, 1, 0; 0.333284730199; 1, 0, 1; 0, 1, 0; 4, 1, 2 ;
0,98; 0.247900, 0.556550, -1.083404 / 0.247900, 0.556550, -1.083404 / 0.247900, 0.556550, -1.083404; 1, 11, 1, 0; 0.768229717389; 0, 1, 0; 0, 1, 0; 4, 1, 1 ;
1,100; -0.986187, 1.31722, -0.711655 / -0.986187, 1.31722, -0.711655 / -0.986187, 1.31722, -0.711655; 1, 7, 1, 0; 0.982094830028; 1, 0, 1; 1, 0, 0; 3, 1, 2 ;
1,101; 1.92755, -2.30176, 0.827942 / 1.92755, -2.30176, 0.827942 / 1.92755, -2.30176, 0.827942; 1, 19, 1, 0; 0.903028211892; 1, 0, 1; 0, 1, 0; 4, 1, 2 ;
1,104; -0.988976, 0.698481, 2.06465 / -0.988976, 0.698481, 2.06465 / -0.988976, 0.698481, 2.06465; 1, 30, 1, 0; 0.866718480290; 1, 0, 1; 1, 0, 0; 3, 1, 2 ;
0,104; -0.973676, 0.704699, 2.083884 / -0.973676, 0.704699, 2.083884 / -0.973676, 0.704699, 2.083884; 1, 30, 1, 0; 0.866732351807; 1, 0, 1; 1, 0, 0; 2, 1, 2 ;
1,105; 1.05924, -0.470807, 1.11866 / 1.05924, -0.470807, 1.11866 / 1.05924, -0.470807, 1.11866; 1, 23, 1, 0; 0.438349901493; 1, 0, 1; 0, 1, 0; 1, 1, 2 ;
0,105; 0.624901, -1.227421, 1.974636 / 0.624901, -1.227421, 1.974636 / 0.624901, -1.227421, 1.974636; 1, 30, 1, 0; 0.484158123605; 1, 0, 1; 1, 0, 0; 2, 1, 2 ;
1,109; -1.05631, -3.39643, 0.154975 / -1.05631, -3.39643, 0.154975 / -1.05631, -3.39643, 0.154975; 1, 16, 1, 0; 0.975141047587; 1, 0, 1; 1, 0, 0; 2, 1, 2 ;
1,111; 3.06261, 2.28729, -2.23188 / 3.06266, 2.2876, -2.23135 / 3.06255, 2.28698, -2.23241; 1, 4, 1, 0; 0.305602787751; 1, 0, 2; 1, 1, 0; 2, 1, 2 / 4, 4, 2 ;
1,116; -0.87679, 2.98604, 1.40876 / -0.87679, 2.98604, 1.40876 / -0.87679, 2.98604, 1.40876; 1, 29, 1, 0; 0.171175348054; 1, 0, 1; 1, 0, 0; 2, 1, 2 ;
1,122; 1.26358, 0.640493, -2.36337 / 1.26358, 0.640493, -2.36337 / 1.26358, 0.640493, -2.36337; 1, 4, 1, 0; 0.441306596227; 1, 0, 1; 0, 1, 0; 4, 1, 2 ;
0,122; 1.367219, 0.799836, -2.131141 / 1.367219, 0.799836, -2.131141 / 1.367219, 0.799836, -2.131141; 1, 4, 1, 0; 0.659905531579; 1, 0, 1; 0, 1, 0; 4, 1, 2 ;
0,122; 1.247376, 0.632334, -2.377277 / 1.247376, 0.632334, -2.377277 / 1.247376, 0.632334, -2.377277; 1, 4, 1, 0; 0.441302844570; 1, 0, 1; 1, 0, 0; 2, 1, 2 ;
0,122; 1.368390, 0.797897, -2.133509 / 1.368390, 0.797897, -2.133509 / 1.368390, 0.797897, -2.133509; 1, 4, 1, 0; 0.659905624262; 0, 0, 0; 1, 0, 0; 3, 1, 3 ;
1,123; 3.04975, -0.841803, -2.30582 / 3.04975, -0.841803, -2.30582 / 3.04975, -0.841803, -2.30582; 1, 3, 1, 0; 0.821764346764; 0, 1, 0; 0, 1, 0; 4, 1, 1 ;
0,123; 2.901547, -0.789019, -1.965292 / 2.901547, -0.789019, -1.965292 / 2.901547, -0.789019, -1.965292; 1, 4, 1, 0; 0.527926764105; 1, 0, 1; 1, 0, 0; 1, 2, 0 / 2, 1, 2 / 2, 2, 0 / 3, 1, 0 ;
0,123; 0.249439, 0.126220, 4.144053 / 0.249439, 0.126220, 4.144053 / 0.249439, 0.126220, 4.144053; 1, 46, 1, 0; 0.653598781747; 1, 0, 1; 1, 0, 0; 2, 5, 0 / 3, 1, 2 ;
1,132; 1.65311, -0.16657, -2.83819 / 1.65311, -0.16657, -2.83819 / 1.65311, -0.16657, -2.83819; 1, 3, 1, 0; 0.288232896916; 1, 0, 1; 0, 1, 0; 1, 1, 2 ;
1,135; 1.40348, -0.0137424, 0.146062 / 1.40348, -0.0137424, 0.146062 / 1.40348, -0.0137424, 0.146062; 1, 16, 1, 0; 0.724326513008; 1, 0, 1; 1, 0, 0; 2, 1, 2 ;
1,137; -1.31672, -1.80849, 3.50908 / -1.31672, -1.80849, 3.50908 / -1.31672, -1.80849, 3.50908; 1, 43, 1, 0; 0.556801572114; 1, 0, 1; 0, 1, 0; 4, 1, 2 ;
0,137; -1.317857, -1.809383, 3.514995 / -1.317857, -1.809383, 3.514995 / -1.317857, -1.809383, 3.514995; 1, 43, 1, 0; 0.556803434245; 1, 0, 1; 0, 1, 0; 4, 1, 2 ;
1,138; 1.39546, -2.70675, -3.31238 / 1.39546, -2.70675, -3.31238 / 1.39546, -2.70675, -3.31238; 1, 3, 1, 0; 0.061028340929; 1, 0, 1; 1, 0, 0; 3, 1, 2 ;
0,138; -0.443877, -2.444848, -2.707071 / -0.443877, -2.444848, -2.707071 / -0.443877, -2.444848, -2.707071; 1, 5, 1, 0; 0.276977624997; 0, 1, 0; 0, 1, 0; 4, 1, 1 / 4, 4, 0 ;
1,140; 0.202258, -0.394379, -2.61908 / 0.202609, -0.393988, -2.61855 / 0.201907, -0.394769, -2.61961; 1, 2, 1, 0; 0.950491078350; 0, 2, 0; 1, 1, 0; 1, 1, 1 / 3, 3, 1 / 4, 8, 0 ;
0,140; 0.203769, -0.391899, -2.617433 / 0.204023, -0.391740, -2.616913 / 0.203515, -0.392059, -2.617953; 1, 2, 1, 0; 0.950491521348; 0, 2, 0; 1, 1, 0; 3, 8, 1 / 4, 1, 1 / 4, 8, 0 ;
0,140; 0.208501, -0.397100, -2.622003 / 0.208501, -0.397100, -2.622003 / 0.208501, -0.397100, -2.622003; 1, 2, 1, 0; 0.950491216787; 1, 0, 1; 1, 0, 0; 2, 1, 2 ;
1,151; 0.109629, 3.19314, -1.73761 / 0.109629, 3.19314, -1.73761 / 0.109629, 3.19314, -1.73761; 1, 7, 1, 0; 0.118532227564; 1, 0, 1; 1, 0, 0; 3, 1, 2 ;
1,154; 2.64044, 1.52226, 1.66844 / 2.64044, 1.52226, 1.66844 / 2.64044, 1.52226, 1.66844; 1, 28, 1, 0; 0.210782787821; 0, 1, 0; 0, 1, 0; 4, 1, 1 ;
0,154; 2.483343, 1.251997, 1.912573 / 2.483343, 1.251997, 1.912573 / 2.483343, 1.251997, 1.912573; 1, 28, 1, 0; 0.609942833569; 1, 0, 1; 1, 0, 0; 3, 1, 2 ;
1,155; 2.57232, -1.0141, -0.553851 / 2.57245, -1.01408, -0.55304 / 2.57218, -1.01411, -0.554662; 1, 12, 1, 0; 0.721986097188; 1, 0, 2; 2, 0, 0; 1, 8, 0 / 3, 1, 2 / 3, 7, 2 ;
0,155; 2.504882, -1.133842, -0.445104 / 2.504882, -1.133842, -0.445104 / 2.504882, -1.133842, -0.445104; 1, 12, 1, 0; 0.721185795764; 1, 0, 1; 1, 0, 0; 2, 1, 2 ;
0,155; 2.573097, -1.022598, -0.554238 / 2.573097, -1.022598, -0.554238 / 2.573097, -1.022598, -0.554238; 1, 12, 1, 0; 0.721987716455; 1, 0, 1; 1, 0, 0; 2, 1, 2 ;
0,155; 2.569081, -1.010280, -0.555639 / 2.569081, -1.010280, -0.555639 / 2.569081, -1.010280, -0.555639; 1, 12, 1, 0; 0.721995944393; 0, 1, 0; 1, 0, 0; 3, 1, 1 / 4, 1, 0 ;
0,155; 2.569546, -1.012401, -0.554804 / 2.569546, -1.012401, -0.554804 / 2.569546, -1.012401, -0.554804; 1, 12, 1, 0; 0.721996024498; 1, 0, 1; 1, 0, 0; 1, 2, 0 / 3, 1, 2 / 3, 2, 0 ;
0,155; 2.567334, -1.013916, -0.556122 / 2.567334, -1.013916, -0.556122 / 2.567334, -1.013916, -0.556122; 1, 12, 1, 0; 0.721996144656; 1, 0, 1; 1, 0, 0; 1, 3, 0 / 2, 1, 2 ;
1,157; -2.41651, 2.04308, -0.106696 / -2.41651, 2.04308, -0.106696 / -2.41651, 2.04308, -0.106696; 1, 14, 1, 0; 0.525824239268; 0, 1, 0; 1, 0, 0; 2, 1, 1 ;
0,157; -1.699595, -0.550845, 1.899864 / -1.699342, -0.550836, 1.900166 / -1.699847, -0.550853, 1.899561; 1, 30, 1, 0; 0.583873845177; 0, 2, 0; 0, 2, 0; 1, 1, 1 / 1, 10, 1 ;
0,157; -1.747890, -0.373373, 1.769191 / -1.747890, -0.373373, 1.769191 / -1.747890, -0.373373, 1.769191; 1, 30, 1, 0; 0.229777510219; 1, 0, 1; 1, 0, 0; 2, 1, 2 ;
1,161; 1.17061, 2.15179, 1.05264 / 1.17061, 2.15179, 1.05264 / 1.17061, 2.15179, 1.05264; 1, 26, 1, 0; 0.316130770220; 1, 0, 1; 1, 0, 0; 2, 1, 2 ;
1,166; 3.57759, 0.573801, -1.14303 / 3.57759, 0.573801, -1.14303 / 3.57759, 0.573801, -1.14303; 1, 12, 1, 0; 0.183379399486; 1, 0, 1; 0, 1, 0; 4, 1, 2 ;
0,166; 3.496518, 0.551083, -1.042016 / 3.496518, 0.551083, -1.042016 / 3.496518, 0.551083, -1.042016; 1, 12, 1, 0; 0.183491449353; 1, 0, 1; 1, 0, 0; 3, 1, 2 ;
0,166; 1.269973, -0.282732, 1.988002 / 1.269973, -0.282732, 1.988002 / 1.269973, -0.282732, 1.988002; 1, 28, 1, 0; 0.774111995742; 0, 1, 0; 0, 1, 0; 4, 1, 1 ;
0,166; 1.268261, -0.286410, 1.994136 / 1.268261, -0.286410, 1.994136 / 1.268261, -0.286410, 1.994136; 1, 28, 1, 0; 0.774112750840; 1, 0, 1; 1, 0, 0; 2, 1, 2 ;
0,166; 1.264348, -0.285961, 1.998700 / 1.264348, -0.285961, 1.998700 / 1.264348, -0.285961, 1.998700; 1, 28, 1, 0; 0.774128838107; 1, 0, 1; 1, 0, 0; 2, 1, 2 ;
1,167; 1.12864, 0.894768, -2.03896 / 1.12864, 0.894768, -2.03896 / 1.12864, 0.894768, -2.03896; 1, 4, 1, 0; 0.663165266343; 1, 0, 1; 1, 0, 0; 2, 1, 2 ;
0,167; 1.129202, 0.898459, -2.041407 / 1.129202, 0.898459, -2.041407 / 1.129202, 0.898459, -2.041407; 1, 4, 1, 0; 0.663165383205; 1, 0, 1; 1, 0, 0; 2, 1, 2 ;
1,171; -0.100669, 0.411987, -2.07537 / -0.100669, 0.411987, -2.07537 / -0.100669, 0.411987, -2.07537; 1, 4, 1, 0; 0.623395423059; 1, 0, 1; 0, 1, 0; 1, 1, 2 ;
1,173; -3.21715, -1.29945, -1.15019 / -3.21715, -1.29945, -1.15019 / -3.21715, -1.29945, -1.15019; 1, 10, 1, 0; 0.099886543045; 1, 0, 1; 1, 0, 0; 2, 1, 2 / 3, 1, 0 ;
1,187; 3.47218, 0.739271, 1.46437 / 3.47218, 0.739271, 1.46437 / 3.47218, 0.739271, 1.46437; 1, 26, 1, 0; 0.830440152587; 1, 0, 1; 0, 1, 0; 1, 1, 2 ;
1,189; 1.11427, 1.99248, -2.01903 / 1.11427, 1.99248, -2.01903 / 1.11427, 1.99248, -2.01903; 1, 4, 1, 0; 0.768908606245; 1, 0, 1; 1, 0, 0; 3, 1, 2 ;
0,189; 1.107173, 1.991850, -2.018918 / 1.107173, 1.991850, -2.018918 / 1.107173, 1.991850, -2.018918; 1, 4, 1, 0; 0.768915976579; 1, 0, 1; 1, 0, 0; 3, 1, 2 / 4, 3, 0 ;
0,189; -0.871084, 0.348305, 3.514061 / -0.871084, 0.348305, 3.514061 / -0.871084, 0.348305, 3.514061; 1, 44, 1, 0; 0.885138590090; 1, 0, 1; 1, 0, 0; 3, 1, 2 ;
1,192; -2.93299, 0.134312, -3.26123 / -2.93299, 0.134312, -3.26123 / -2.93299, 0.134312, -3.26123; 1, 2, 1, 0; 0.367147540257; 0, 1, 0; 0, 1, 0; 4, 1, 1 ;
0,192; -2.417265, 2.082491, 0.779636 / -2.417086, 2.082784, 0.780108 / -2.417443, 2.082198, 0.779164; 1, 24, 1, 0; 0.145510686537; 2, 2, 2; 2, 2, 0; 1, 1, 2 / 1, 2, 1 / 1, 10, 0 / 2, 1, 2 / 2, 2, 1 / 3, 1, 0 ;
0,192; -2.420178, 2.080781, 0.776623 / -2.420178, 2.080781, 0.776623 / -2.420178, 2.080781, 0.776623; 1, 24, 1, 0; 0.145509696290; 1, 0, 1; 1, 0, 0; 2, 1, 2 ;
0,192; -2.416639, 2.085455, 0.779898 / -2.416639, 2.085455, 0.779898 / -2.416639, 2.085455, 0.779898; 1, 24, 1, 0; 0.145510767826; 1, 0, 1; 1, 0, 0; 2, 1, 2 / 2, 2, 0 ;
1,196; -0.523978, 2.32013, 0.86484 / -0.523835, 2.3209, 0.865189 / -0.52412, 2.31936, 0.864491; 1, 25, 1, 0; 0.594979777978; 1, 0, 2; 2, 0, 0; 3, 1, 2 / 3, 8, 2 ;
0,196; -0.366054, 1.632298, 1.050422 / -0.366054, 1.632298, 1.050422 / -0.366054, 1.632298, 1.050422; 1, 25, 1, 0; 0.824421850757; 1, 0, 1; 1, 0, 0; 3, 1, 2 ;
0,196; 0.190722, -0.744574, 1.597305 / 0.190722, -0.744574, 1.597305 / 0.190722, -0.744574, 1.597305; 1, 27, 1, 0; 0.777345324655; 0, 1, 0; 1, 0, 0; 3, 1, 1 ;
0,196; 0.194633, -0.743356, 1.606981 / 0.194633, -0.743356, 1.606981 / 0.194633, -0.743356, 1.606981; 1, 27, 1, 0; 0.777362028893; 1, 0, 1; 1, 0, 0; 1, 3, 0 / 3, 1, 2 ;
