1,0; -0.118115, -1.06572, -0.254039 / -0.118115, -1.06572, -0.254039 / -0.118115, -1.06572, -0.254039; 1, 16, 1, 0; 0.326719252282; 1, 0, 1; 1, 0, 0; 2, 1, 2 ;
1,3; -0.806294, -0.768875, -1.86991 / -0.806294, -0.768875, -1.86991 / -0.806294, -0.768875, -1.86991; 1, 4, 1, 0; 0.507452201630; 1, 0, 1; 1, 0, 0; 3, 1, 2 ;
1,4; 2.19657, 1.71486, -3.34532 / 2.19657, 1.71486, -3.34532 / 2.19657, 1.71486, -3.34532; 1, 4, 1, 0; 0.015516044278; 1, 0, 1; 1, 0, 0; 2, 1, 2 ;
1,5; 2.19926, -2.92168, -2.04167 / 2.19926, -2.92168, -2.04167 / 2.19926, -2.92168, -2.04167; 1, 8, 1, 0; 0.017565482455; 1, 0, 1; 1, 0, 0; 2, 1, 2 ;
0,5; -0.215412, -1.469796, -1.717350 / -0.215412, -1.469796, -1.717350 / -0.215412, -1.469796, -1.717350; 1, 8, 1, 0; 0.157589296581; 0, 1, 0; 1, 0, 0; 2, 1, 1 ;
1,6; 0.209184, -3.56939, -0.807231 / 0.209184, -3.56939, -0.807231 / 0.209184, -3.56939, -0.807231; 1, 9, 1, 0; 0.680747737782; 1, 0, 1; 1, 0, 0; 2, 1, 2 ;
0,6; 0.403960, -3.016868, -0.479779 / 0.403960, -3.016868, -0.479779 / 0.403960, -3.016868, -0.479779; 1, 9, 1, 0; 0.946441888455; 1, 0, 1; 1, 0, 0; 2, 1, 2 ;
0,6; 2.119635, 1.946783, 2.333743 / 2.119635, 1.946783, 2.333743 / 2.119635, 1.946783, 2.333743; 1, 31, 1, 0; 0.475382721516; 1, 0, 1; 1, 0, 0; 3, 1, 2 ;
1,11; 0.390328, -2.67992, 1.41735 / 0.390328, -2.67992, 1.41735 / 0.390328, -2.67992, 1.41735; 1, 22, 1, 0; 0.483527948033; 1, 0, 1; 1, 0, 0; 3, 1, 2 ;
0,11; 0.548215, -2.684718, 1.406826 / 0.548215, -2.684718, 1.406826 / 0.548215, -2.684718, 1.406826; 1, 22, 1, 0; 0.483734393281; 0, 1, 0; 1, 0, 0; 3, 1, 1 ;
0,11; 0.569179, -2.684822, 1.410940 / 0.569179, -2.684822, 1.410940 / 0.569179, -2.684822, 1.410940; 1, 22, 1, 0; 0.483738511417; 1, 0, 1; 1, 0, 0; 2, 1, 2 ;
0,11; 0.437221, -2.669943, 1.438572 / 0.437221, -2.669943, 1.438572 / 0.437221, -2.669943, 1.438572; 1, 22, 1, 0; 0.484061668733; 1, 0, 1; 1, 0, 0; 2, 1, 2 ;
0,11; 0.397466, -2.972672, 1.505953 / 0.397466, -2.972672, 1.505953 / 0.397466, -2.972672, 1.505953; 1, 22, 1, 0; 0.545089856869; 1, 0, 1; 1, 0, 0; 2, 1, 2 ;
0,11; 0.501856, -3.214646, 1.373331 / 0.501856, -3.214646, 1.373331 / 0.501856, -3.214646, 1.373331; 1, 22, 1, 0; 0.571079533879; 1, 0, 1; 1, 0, 0; 3, 1, 2 ;
0,11; 0.450026, -3.107190, 1.490514 / 0.450026, -3.107190, 1.490514 / 0.450026, -3.107190, 1.490514; 1, 22, 1, 0; 0.573848653384; 1, 0, 1; 1, 0, 0; 2, 1, 2 / 2, 2, 0 / 3, 3, 0 ;
1,14; -3.1048, 2.60856, 1.44736 / -3.1048, 2.60856, 1.44736 / -3.1048, 2.60856, 1.44736; 1, 24, 1, 0; 0.456950690143; 1, 0, 1; 1, 0, 0; 2, 1, 2 ;
1,15; -1.45101, 2.86952, -1.00926 / -1.45101, 2.86952, -1.00926 / -1.45101, 2.86952, -1.00926; 1, 7, 1, 0; 0.721644632080; 1, 0, 1; 1, 0, 0; 2, 1, 2 ;
0,15; -2.440070, 3.428203, -1.192448 / -2.440070, 3.428203, -1.192448 / -2.440070, 3.428203, -1.192448; 1, 7, 1, 0; 0.794237170696; 1, 0, 1; 1, 0, 0; 3, 1, 2 ;
1,17; 3.12761, -0.75653, 0.719015 / 3.12761, -0.75653, 0.719015 / 3.12761, -0.75653, 0.719015; 1, 27, 1, 0; 0.015973496066; 1, 0, 1; 1, 0, 0; 2, 1, 2 ;
1,18; 3.258, -1.66907, -0.180098 / 3.25811, -1.66833, -0.179994 / 3.25789, -1.66981, -0.180201; 1, 15, 1, 0; 0.579626087609; 1, 0, 2; 0, 2, 1; 1, 1, 2 / 4, 2, 2 ;
1,20; -1.79575, 2.5195, -0.833553 / -1.79575, 2.5195, -0.833553 / -1.79575, 2.5195, -0.833553; 1, 14, 1, 0; 0.123569249689; 1, 0, 1; 1, 0, 0; 3, 1, 2 ;
0,20; -1.459141, 2.210199, -0.550172 / -1.459141, 2.210199, -0.550172 / -1.459141, 2.210199, -0.550172; 1, 17, 1, 0; 0.101540672453; 0, 1, 0; 0, 1, 0; 1, 1, 1 / 1, 7, 0 / 4, 3, 0 ;
0,20; -1.456872, 2.209388, -0.550354 / -1.456872, 2.209388, -0.550354 / -1.456872, 2.209388, -0.550354; 1, 17, 1, 0; 0.101540791019; 1, 0, 1; 0, 1, 0; 1, 1, 2 ;
0,20; 0.283927, 0.598414, 0.859395 / 0.284058, 0.598480, 0.859434 / 0.283795, 0.598347, 0.859355; 1, 23, 1, 0; 0.159849911099; 2, 1, 1; 1, 1, 0; 3, 1, 1 / 4, 1, 2 ;
0,20; 2.259307, -1.213395, 2.487299 / 2.259702, -1.213270, 2.487948 / 2.258912, -1.213520, 2.486651; 1, 34, 1, 0; 0.598934577131; 2, 1, 1; 1, 1, 0; 2, 4, 2 / 4, 1, 1 ;
1,23; -2.06891, 1.75666, -3.04281 / -2.06891, 1.75666, -3.04281 / -2.06891, 1.75666, -3.04281; 1, 2, 1, 0; 0.697081078793; 1, 0, 1; 1, 0, 0; 2, 1, 2 ;
0,23; 0.254458, -4.067964, 1.988940 / 0.254458, -4.067964, 1.988940 / 0.254458, -4.067964, 1.988940; 1, 32, 1, 0; 0.679924707090; 0, 1, 0; 0, 1, 0; 4, 1, 1 ;
1,26; -1.59624, -2.99306, 0.160311 / -1.59624, -2.99306, 0.160311 / -1.59624, -2.99306, 0.160311; 1, 16, 1, 0; 0.962292751597; 1, 0, 1; 0, 1, 0; 1, 1, 2 ;
1,30; 0.6255, -1.83026, 0.693989 / 0.626507, -1.82995, 0.694184 / 0.624492, -1.83057, 0.693795; 1, 19, 1, 0; 0.837896827807; 2, 1, 1; 2, 0, 0; 3, 1, 2 / 3, 10, 1 ;
0,30; 0.625242, -1.830813, 0.689876 / 0.625242, -1.830813, 0.689876 / 0.625242, -1.830813, 0.689876; 1, 19, 1, 0; 0.837883551282; 1, 0, 1; 1, 0, 0; 3, 1, 2 ;
0,30; 0.626901, -1.830229, 0.694056 / 0.627295, -1.829893, 0.694184 / 0.626507, -1.830566, 0.693927; 1, 19, 1, 0; 0.837896892888; 0, 1, 0; 2, 0, 0; 2, 4, 1 / 3, 1, 1 ;
0,30; 1.755229, 0.981402, 1.362146 / 1.755229, 0.981402, 1.362146 / 1.755229, 0.981402, 1.362146; 1, 26, 1, 0; 0.804600411470; 1, 0, 1; 1, 0, 0; 3, 1, 2 ;
0,30; 1.755199, 0.988990, 1.362805 / 1.755199, 0.988990, 1.362805 / 1.755199, 0.988990, 1.362805; 1, 26, 1, 0; 0.804602906005; 1, 0, 1; 1, 0, 0; 3, 1, 2 ;
1,31; 0.116178, 1.73238, 0.604267 / 0.116178, 1.73238, 0.604267 / 0.116178, 1.73238, 0.604267; 1, 17, 1, 0; 0.970024438623; 0, 1, 0; 0, 1, 0; 4, 1, 1 ;
1,33; -2.10359, 2.83552, -0.445554 / -2.10358, 2.83558, -0.445032 / -2.1036, 2.83547, -0.446076; 1, 14, 1, 0; 0.207185554624; 1, 0, 2; 2, 0, 0; 2, 1, 2 / 3, 5, 2 ;
0,33; -2.107126, 2.833259, -0.444132 / -2.107126, 2.833259, -0.444132 / -2.107126, 2.833259, -0.444132; 1, 14, 1, 0; 0.207186644065; 1, 0, 1; 1, 0, 0; 2, 1, 2 ;
1,34; -0.895678, 1.86774, -2.94919 / -0.895678, 1.86774, -2.94919 / -0.895678, 1.86774, -2.94919; 1, 2, 1, 0; 0.728485949865; 1, 0, 1; 1, 0, 0; 3, 1, 2 / 4, 2, 0 ;
1,35; 2.28796, -0.897614, 0.0140973 / 2.28881, -0.897162, 0.0144899 / 2.28712, -0.898066, 0.0137046; 1, 16, 1, 0; 0.815882068118; 2, 3, 1; 2, 2, 1; 1, 1, 1 / 3, 1, 1 / 3, 5, 2 / 4, 1, 1 / 4, 5, 0 ;
0,35; 1.876035, -1.234913, 0.090956 / 1.876201, -1.234323, 0.091134 / 1.875869, -1.235503, 0.090778; 1, 16, 1, 0; 0.832832685054; 2, 1, 1; 1, 1, 0; 1, 1, 2 / 3, 5, 1 / 4, 5, 0 ;
0,35; 1.876127, -1.235935, 0.087637 / 1.876359, -1.235480, 0.088412 / 1.875895, -1.236390, 0.086861; 1, 16, 1, 0; 0.832832758722; 1, 0, 2; 1, 1, 0; 3, 1, 2 / 4, 7, 2 ;
0,35; 1.923908, -1.182259, 0.154144 / 1.923945, -1.182245, 0.154167 / 1.923871, -1.182273, 0.154121; 1, 16, 1, 0; 0.833373455649; 0, 2, 0; 1, 1, 0; 3, 1, 1 / 4, 1, 1 ;
0,35; 2.283949, -0.901918, 0.019314 / 2.283949, -0.901918, 0.019314 / 2.283949, -0.901918, 0.019314; 1, 16, 1, 0; 0.815883153047; 1, 0, 1; 0, 1, 0; 1, 1, 2 ;
0,35; 1.922962, -1.182618, 0.156022 / 1.922962, -1.182618, 0.156022 / 1.922962, -1.182618, 0.156022; 1, 16, 1, 0; 0.833373569500; 1, 0, 1; 0, 1, 0; 4, 1, 2 ;
0,35; 1.871282, -1.234353, 0.084484 / 1.871282, -1.234353, 0.084484 / 1.871282, -1.234353, 0.084484; 1, 16, 1, 0; 0.832833763287; 1, 0, 1; 1, 0, 0; 2, 1, 2 ;
0,35; 1.921358, -1.182550, 0.157078 / 1.921358, -1.182550, 0.157078 / 1.921358, -1.182550, 0.157078; 1, 16, 1, 0; 0.833373636471; 1, 0, 1; 1, 0, 0; 3, 1, 2 ;
0,35; 2.106103, -1.114063, 0.133574 / 2.106103, -1.114063, 0.133574 / 2.106103, -1.114063, 0.133574; 1, 16, 1, 0; 0.834634599621; 1, 0, 1; 1, 0, 0; 2, 1, 2 ;
0,35; 1.908996, -3.386729, 0.338832 / 1.908996, -3.386729, 0.338832 / 1.908996, -3.386729, 0.338832; 1, 19, 1, 0; 0.276727322163; 0, 1, 0; 0, 1, 0; 1, 1, 1 / 1, 2, 0 / 1, 3, 0 / 2, 1, 0 ;
0,35; 1.911861, -3.383827, 0.342494 / 1.911861, -3.383827, 0.342494 / 1.911861, -3.383827, 0.342494; 1, 19, 1, 0; 0.276727025682; 1, 0, 1; 1, 0, 0; 2, 1, 2 ;
1,36; -3.02371, 1.45326, -1.15875 / -3.02371, 1.45326, -1.15875 / -3.02371, 1.45326, -1.15875; 1, 7, 1, 0; 0.521460904845; 1, 0, 1; 1, 0, 0; 1, 1, 0 / 3, 1, 2 ;
1,40; -0.548954, 2.22978, -2.67264 / -0.548954, 2.22978, -2.67264 / -0.548954, 2.22978, -2.67264; 1, 4, 1, 0; 0.140735111240; 1, 0, 1; 0, 1, 0; 4, 1, 2 ;
0,40; -0.395104, 2.253681, -2.684875 / -0.395104, 2.253681, -2.684875 / -0.395104, 2.253681, -2.684875; 1, 4, 1, 0; 0.141332688580; 1, 0, 1; 1, 0, 0; 2, 1, 2 ;
0,40; -0.403359, 2.249060, -2.687001 / -0.403359, 2.249060, -2.687001 / -0.403359, 2.249060, -2.687001; 1, 4, 1, 0; 0.141340494123; 1, 0, 1; 1, 0, 0; 2, 1, 2 ;
0,40; -0.423246, 2.251012, -2.688498 / -0.423246, 2.251012, -2.688498 / -0.423246, 2.251012, -2.688498; 1, 4, 1, 0; 0.141347876546; 1, 0, 1; 1, 0, 0; 2, 1, 2 ;
0,40; -0.432848, 2.253852, -2.684871 / -0.432848, 2.253852, -2.684871 / -0.432848, 2.253852, -2.684871; 1, 4, 1, 0; 0.141354372434; 1, 0, 1; 1, 0, 0; 2, 1, 2 ;
0,40; -0.432602, 2.251474, -2.688793 / -0.432602, 2.251474, -2.688793 / -0.432602, 2.251474, -2.688793; 1, 4, 1, 0; 0.141355053454; 1, 0, 1; 1, 0, 0; 1, 7, 0 / 2, 1, 2 ;
0,40; -0.437771, 2.249584, -2.688512 / -0.437771, 2.249584, -2.688512 / -0.437771, 2.249584, -2.688512; 1, 4, 1, 0; 0.141355142108; 1, 0, 1; 1, 0, 0; 3, 1, 2 ;
0,40; -0.454081, 2.247228, -2.680354 / -0.454081, 2.247228, -2.680354 / -0.454081, 2.247228, -2.680354; 1, 4, 1, 0; 0.141369193696; 1, 0, 1; 1, 0, 0; 3, 1, 2 ;
0,40; -0.810111, 2.178027, -2.463410 / -0.810111, 2.178027, -2.463410 / -0.810111, 2.178027, -2.463410; 1, 4, 1, 0; 0.325109797427; 1, 0, 1; 1, 0, 0; 3, 1, 2 ;
0,40; -0.811110, 2.177564, -2.465972 / -0.811110, 2.177564, -2.465972 / -0.811110, 2.177564, -2.465972; 1, 4, 1, 0; 0.325109849813; 1, 0, 1; 1, 0, 0; 2, 1, 2 ;
0,40; -0.803427, 2.181008, -2.463504 / -0.803427, 2.181008, -2.463504 / -0.803427, 2.181008, -2.463504; 1, 4, 1, 0; 0.325110160100; 1, 0, 1; 1, 0, 0; 2, 1, 2 ;
0,40; -0.803841, 2.182126, -2.470333 / -0.803841, 2.182126, -2.470333 / -0.803841, 2.182126, -2.470333; 1, 4, 1, 0; 0.325110627546; 0, 1, 0; 1, 0, 0; 1, 1, 0 / 2, 1, 1 ;
0,40; -0.818340, 2.177197, -2.457414 / -0.818340, 2.177197, -2.457414 / -0.818340, 2.177197, -2.457414; 1, 4, 1, 0; 0.325116257047; 1, 0, 1; 1, 0, 0; 2, 1, 2 ;
0,40; -0.813807, 2.175329, -2.463551 / -0.813807, 2.175329, -2.463551 / -0.813807, 2.175329, -2.463551; 1, 4, 1, 0; 0.325116797028; 1, 0, 1; 1, 0, 0; 3, 1, 2 ;
0,40; -1.062284, 2.064813, -2.420274 / -1.062284, 2.064813, -2.420274 / -1.062284, 2.064813, -2.420274; 1, 6, 1, 0; 0.196329571330; 0, 1, 0; 0, 1, 0; 1, 1, 1 ;
0,40; -1.883647, 2.908168, -1.611724 / -1.883647, 2.908168, -1.611724 / -1.883647, 2.908168, -1.611724; 1, 6, 1, 0; 0.581658207549; 0, 1, 0; 0, 1, 0; 4, 1, 1 ;
0,40; -1.883695, 2.911547, -1.612537 / -1.883695, 2.911547, -1.612537 / -1.883695, 2.911547, -1.612537; 1, 6, 1, 0; 0.581658766263; 1, 0, 1; 1, 0, 0; 2, 1, 2 ;
1,42; -0.115831, -0.433733, 2.25265 / -0.115831, -0.433733, 2.25265 / -0.115831, -0.433733, 2.25265; 1, 31, 1, 0; 0.976696827894; 1, 0, 1; 1, 0, 0; 2, 1, 2 ;
1,45; 1.84055, 2.61945, 2.0781 / 1.84063, 2.61989, 2.07828 / 1.84047, 2.619, 2.07791; 1, 28, 1, 0; 0.499104905189; 1, 0, 1; 1, 1, 0; 2, 2, 0 / 2, 5, 3 / 4, 1, 2 ;
0,45; 1.835205, 2.620628, 2.078478 / 1.835205, 2.620628, 2.078478 / 1.835205, 2.620628, 2.078478; 1, 28, 1, 0; 0.499103837002; 0, 1, 0; 0, 1, 0; 3, 10, 0 / 4, 1, 1 ;
0,45; 1.844073, 2.614005, 2.072506 / 1.844073, 2.614005, 2.072506 / 1.844073, 2.614005, 2.072506; 1, 28, 1, 0; 0.499106028627; 1, 0, 1; 0, 1, 0; 1, 3, 0 / 2, 2, 0 / 4, 1, 2 / 4, 9, 0 ;
0,45; 2.228817, 2.387514, 1.657913 / 2.228817, 2.387514, 1.657913 / 2.228817, 2.387514, 1.657913; 1, 28, 1, 0; 0.310161710647; 1, 0, 1; 1, 0, 0; 3, 1, 2 ;
0,45; 2.230766, 2.388247, 1.659160 / 2.230766, 2.388247, 1.659160 / 2.230766, 2.388247, 1.659160; 1, 28, 1, 0; 0.310161802732; 1, 0, 1; 1, 0, 0; 3, 1, 2 ;
0,45; 2.231208, 2.385905, 1.659002 / 2.231208, 2.385905, 1.659002 / 2.231208, 2.385905, 1.659002; 1, 28, 1, 0; 0.310162880127; 1, 0, 1; 1, 0, 0; 3, 1, 2 ;
0,45; 1.832047, 2.610760, 2.073347 / 1.832047, 2.610760, 2.073347 / 1.832047, 2.610760, 2.073347; 1, 28, 1, 0; 0.499101866381; 1, 0, 1; 1, 0, 0; 3, 1, 2 ;
0,45; 1.839847, 2.622791, 2.075734 / 1.839847, 2.622791, 2.075734 / 1.839847, 2.622791, 2.075734; 1, 28, 1, 0; 0.499105080151; 1, 0, 1; 1, 0, 0; 2, 1, 2 / 3, 1, 0 ;
0,45; 1.842690, 2.621302, 2.071491 / 1.842690, 2.621302, 2.071491 / 1.842690, 2.621302, 2.071491; 1, 28, 1, 0; 0.499105411657; 1, 0, 1; 1, 0, 0; 2, 1, 2 ;
0,45; 1.843012, 2.611877, 2.075863 / 1.843012, 2.611877, 2.075863 / 1.843012, 2.611877, 2.075863; 1, 28, 1, 0; 0.499106203589; 0, 1, 0; 1, 0, 0; 3, 1, 1 ;
1,47; -2.24263, 3.6233, 1.31691 / -2.24263, 3.6233, 1.31691 / -2.24263, 3.6233, 1.31691; 1, 29, 1, 0; 0.113491014686; 1, 0, 1; 1, 0, 0; 2, 1, 2 ;
1,48; -0.427901, 3.09244, -1.72119 / -0.427891, 3.09247, -1.72115 / -0.427911, 3.09241, -1.72123; 1, 7, 1, 0; 0.108359469043; 0, 2, 0; 1, 1, 0; 1, 1, 1 / 2, 1, 1 ;
0,48; -0.425728, 3.091795, -1.722181 / -0.425728, 3.091795, -1.722181 / -0.425728, 3.091795, -1.722181; 1, 7, 1, 0; 0.108359540633; 0, 1, 0; 1, 0, 0; 2, 1, 1 ;
0,48; -0.425000, 3.089251, -1.719786 / -0.425000, 3.089251, -1.719786 / -0.425000, 3.089251, -1.719786; 1, 7, 1, 0; 0.108359668474; 1, 0, 1; 1, 0, 0; 2, 1, 2 ;
1,49; 1.42034, -1.68515, -3.25444 / 1.42034, -1.68515, -3.25444 / 1.42034, -1.68515, -3.25444; 1, 3, 1, 0; 0.111171399558; 0, 1, 0; 0, 1, 0; 1, 1, 1 ;
1,51; -0.10222, 2.83404, -0.178004 / -0.10222, 2.83404, -0.178004 / -0.10222, 2.83404, -0.178004; 1, 17, 1, 0; 0.204925763498; 1, 0, 1; 1, 0, 0; 2, 1, 2 ;
1,55; 1.78737, 2.72281, -3.25996 / 1.78737, 2.72281, -3.25996 / 1.78737, 2.72281, -3.25996; 1, 4, 1, 0; 0.033344894563; 0, 0, 0; 1, 0, 0; 1, 10, 0 / 2, 1, 3 ;
1,58; -0.827485, -0.209326, -3.79698 / -0.827485, -0.209326, -3.79698 / -0.827485, -0.209326, -3.79698; 1, 1, 1, 0; 0.470934190375; 1, 0, 1; 1, 0, 0; 3, 1, 2 ;
0,58; 4.243804, -0.325302, -1.734693 / 4.243804, -0.325302, -1.734693 / 4.243804, -0.325302, -1.734693; 1, 4, 1, 0; 0.943494150880; 1, 0, 1; 1, 0, 0; 2, 5, 0 / 3, 1, 2 ;
1,64; -0.281082, -1.84117, -0.567555 / -0.281082, -1.84117, -0.567555 / -0.281082, -1.84117, -0.567555; 1, 15, 1, 0; 0.079953562321; 0, 1, 0; 0, 1, 0; 1, 1, 1 ;
0,64; -0.209684, -2.064791, -0.140497 / -0.209684, -2.064791, -0.140497 / -0.209684, -2.064791, -0.140497; 1, 15, 1, 0; 0.535965346535; 1, 0, 1; 0, 1, 0; 4, 1, 2 ;
0,64; -0.288003, -1.822662, -0.248456 / -0.288003, -1.822662, -0.248456 / -0.288003, -1.822662, -0.248456; 1, 15, 1, 0; 0.548712502947; 1, 0, 1; 0, 1, 0; 4, 1, 2 ;
0,64; -0.283919, -1.842713, -0.568544 / -0.283919, -1.842713, -0.568544 / -0.283919, -1.842713, -0.568544; 1, 15, 1, 0; 0.079954319093; 1, 0, 1; 1, 0, 0; 3, 1, 2 ;
0,64; -0.281183, -1.838644, -0.549263 / -0.281183, -1.838644, -0.549263 / -0.281183, -1.838644, -0.549263; 1, 15, 1, 0; 0.079977363808; 1, 0, 1; 1, 0, 0; 2, 1, 2 ;
0,64; -0.266340, -1.851148, -0.598067 / -0.266340, -1.851148, -0.598067 / -0.266340, -1.851148, -0.598067; 1, 15, 1, 0; 0.080153263094; 1, 0, 1; 1, 0, 0; 3, 1, 2 ;
0,64; -0.291100, -1.820818, -0.256467 / -0.291100, -1.820818, -0.256467 / -0.291100, -1.820818, -0.256467; 1, 15, 1, 0; 0.548711926996; 1, 0, 1; 1, 0, 0; 2, 1, 2 ;
0,64; -0.290937, -1.820398, -0.243535 / -0.290937, -1.820398, -0.243535 / -0.290937, -1.820398, -0.243535; 1, 15, 1, 0; 0.548723928196; 1, 0, 1; 1, 0, 0; 2, 1, 2 ;
1,65; 0.360687, 3.16148, -2.36239 / 0.360687, 3.16148, -2.36239 / 0.360687, 3.16148, -2.36239; 1, 4, 1, 0; 0.248433072611; 1, 0, 1; 1, 0, 0; 3, 1, 2 ;
0,65; -1.096569, 0.398457, 1.317814 / -1.096569, 0.398457, 1.317814 / -1.096569, 0.398457, 1.317814; 1, 23, 1, 0; 0.651117486133; 1, 0, 1; 1, 0, 0; 3, 1, 2 ;
0,65; -1.404608, -0.190090, 2.101566 / -1.404274, -0.189477, 2.102168 / -1.404943, -0.190704, 2.100964; 1, 30, 1, 0; 0.652282078857; 2, 2, 2; 3, 1, 0; 1, 1, 1 / 2, 4, 1 / 2, 5, 2 / 3, 9, 2 ;
0,65; -1.409086, -0.190857, 2.100992 / -1.409086, -0.190857, 2.100992 / -1.409086, -0.190857, 2.100992; 1, 30, 1, 0; 0.652282419800; 1, 0, 1; 0, 1, 0; 4, 1, 2 ;
0,65; -1.405017, -0.189623, 2.101125 / -1.404445, -0.189477, 2.101286 / -1.405588, -0.189770, 2.100964; 1, 30, 1, 0; 0.652282108081; 1, 0, 1; 4, 0, 0; 2, 1, 1 / 2, 2, 2 / 2, 10, 2 / 3, 6, 2 ;
1,66; 2.49917, 0.0470718, -1.06398 / 2.49917, 0.0470718, -1.06398 / 2.49917, 0.0470718, -1.06398; 1, 11, 1, 0; 0.725988359585; 1, 0, 1; 1, 0, 0; 2, 1, 2 ;
0,66; 2.500851, 0.044763, -1.060654 / 2.500851, 0.044763, -1.060654 / 2.500851, 0.044763, -1.060654; 1, 11, 1, 0; 0.725989000426; 1, 0, 1; 1, 0, 0; 2, 1, 2 ;
0,66; 1.815347, -0.049743, -0.795816 / 1.815613, -0.049717, -0.795605 / 1.815082, -0.049768, -0.796026; 1, 12, 1, 0; 0.455108496633; 2, 1, 1; 1, 1, 0; 3, 1, 1 / 4, 8, 2 ;
1,67; -0.573276, 2.95445, 1.25756 / -0.573276, 2.95445, 1.25756 / -0.573276, 2.95445, 1.25756; 1, 29, 1, 0; 0.165582779057; 1, 0, 1; 0, 1, 0; 4, 1, 2 ;
1,69; 0.737107, -1.05972, 0.0329657 / 0.737107, -1.05972, 0.0329657 / 0.737107, -1.05972, 0.0329657; 1, 16, 1, 0; 0.843889266159; 0, 1, 0; 1, 0, 0; 3, 1, 1 ;
0,69; -0.179682, 0.616055, 1.768185 / -0.179682, 0.616055, 1.768185 / -0.179682, 0.616055, 1.768185; 1, 27, 1, 0; 0.527005668759; 1, 0, 1; 1, 0, 0; 2, 1, 2 ;
1,70; 2.86949, -2.26398, -1.28855 / 2.86949, -2.26398, -1.28855 / 2.86949, -2.26398, -1.28855; 1, 8, 1, 0; 0.613100111375; 1, 0, 1; 1, 0, 0; 2, 1, 2 ;
1,72; 3.75523, 1.03143, 2.3702 / 3.75523, 1.03143, 2.3702 / 3.75523, 1.03143, 2.3702; 1, 35, 1, 0; 0.007457238698; 1, 0, 1; 1, 0, 0; 2, 1, 2 ;
1,73; -1.17548, -0.482254, -1.01581 / -1.17548, -0.482254, -1.01581 / -1.17548, -0.482254, -1.01581; 1, 11, 1, 0; 0.682949292329; 1, 0, 1; 1, 0, 0; 3, 1, 2 ;
1,74; -1.16915, 2.8487, -2.07921 / -1.16915, 2.8487, -2.07921 / -1.16915, 2.8487, -2.07921; 1, 6, 1, 0; 0.516261060320; 1, 0, 1; 1, 0, 0; 2, 1, 2 ;
1,75; -2.52138, 2.71649, -1.07962 / -2.52138, 2.71649, -1.07962 / -2.52138, 2.71649, -1.07962; 1, 7, 1, 0; 0.671396872101; 0, 1, 0; 1, 0, 0; 2, 1, 1 / 4, 6, 0 ;
0,75; -0.481756, 1.087858, 1.522833 / -0.480653, 1.088391, 1.523260 / -0.482859, 1.087325, 1.522407; 1, 26, 1, 0; 0.781298924178; 2, 1, 1; 0, 2, 1; 1, 1, 1 / 4, 8, 0 / 4, 9, 2 ;
0,75; 1.121956, -0.121129, 3.500159 / 1.121956, -0.121129, 3.500159 / 1.121956, -0.121129, 3.500159; 1, 44, 1, 0; 0.495941960943; 1, 0, 1; 0, 1, 0; 4, 1, 2 ;
1,78; 1.69119, -3.54338, -1.88263 / 1.69119, -3.54338, -1.88263 / 1.69119, -3.54338, -1.88263; 1, 8, 1, 0; 0.001868915432; 1, 0, 1; 0, 1, 0; 2, 4, 0 / 4, 1, 2 ;
0,78; -0.321557, -0.474365, 1.761652 / -0.321557, -0.474365, 1.761652 / -0.321557, -0.474365, 1.761652; 1, 27, 1, 0; 0.768636808993; 1, 0, 1; 1, 0, 0; 3, 1, 2 ;
1,82; -0.319732, 1.20709, -1.66185 / -0.319732, 1.20709, -1.66185 / -0.319732, 1.20709, -1.66185; 1, 11, 1, 0; 0.121306474094; 1, 0, 1; 1, 0, 0; 2, 1, 2 ;
0,82; 1.497733, -0.988134, -0.139827 / 1.497733, -0.988134, -0.139827 / 1.497733, -0.988134, -0.139827; 1, 16, 1, 0; 0.342380470190; 1, 0, 1; 1, 0, 0; 2, 1, 2 ;
0,82; 1.485635, -0.338914, -0.165550 / 1.485635, -0.338914, -0.165550 / 1.485635, -0.338914, -0.165550; 1, 16, 1, 0; 0.423107848731; 1, 0, 1; 1, 0, 0; 2, 1, 2 ;
0,82; 1.533963, -0.189278, -0.051793 / 1.533963, -0.189278, -0.051793 / 1.533963, -0.189278, -0.051793; 1, 16, 1, 0; 0.453935161373; 0, 1, 0; 1, 0, 0; 2, 1, 1 ;
0,82; 1.499121, -0.208921, 0.123813 / 1.499121, -0.208921, 0.123813 / 1.499121, -0.208921, 0.123813; 1, 16, 1, 0; 0.723620404451; 0, 1, 0; 1, 0, 0; 1, 8, 0 / 2, 1, 1 / 2, 3, 0 / 3, 1, 0 ;
0,82; 1.486120, -0.195796, 0.128042 / 1.486120, -0.195796, 0.128042 / 1.486120, -0.195796, 0.128042; 1, 16, 1, 0; 0.723840464404; 1, 0, 1; 1, 0, 0; 3, 1, 2 ;
0,82; 1.455649, -0.192895, 0.131660 / 1.455649, -0.192895, 0.131660 / 1.455649, -0.192895, 0.131660; 1, 16, 1, 0; 0.723863495725; 1, 0, 1; 1, 0, 0; 3, 1, 2 ;
0,82; 1.427176, -0.190284, 0.136779 / 1.427176, -0.190284, 0.136779 / 1.427176, -0.190284, 0.136779; 1, 16, 1, 0; 0.723898930072; 1, 0, 1; 1, 0, 0; 1, 1, 0 / 2, 1, 2 ;
0,82; 1.426024, -0.193104, 0.131551 / 1.426024, -0.193104, 0.131551 / 1.426024, -0.193104, 0.131551; 1, 16, 1, 0; 0.723899807391; 1, 0, 1; 1, 0, 0; 2, 1, 2 ;
0,82; 1.400544, -0.190249, 0.143104 / 1.400544, -0.190249, 0.143104 / 1.400544, -0.190249, 0.143104; 1, 16, 1, 0; 0.723922637799; 1, 0, 1; 1, 0, 0; 2, 1, 2 ;
1,83; -0.325636, -2.16687, -2.83832 / -0.325575, -2.1665, -2.83783 / -0.325697, -2.16723, -2.8388; 1, 5, 1, 0; 0.187105800720; 1, 0, 2; 0, 2, 1; 1, 5, 0 / 1, 6, 2 / 2, 3, 0 / 2, 5, 0 / 4, 1, 2 / 4, 9, 0 ;
0,83; -0.324658, -2.168530, -2.839617 / -0.324361, -2.168347, -2.839209 / -0.324954, -2.168713, -2.840024; 1, 5, 1, 0; 0.187105884037; 2, 2, 1; 2, 1, 0; 2, 6, 2 / 3, 1, 1 / 4, 1, 1 ;
0,83; -0.325335, -2.170398, -2.845306 / -0.325335, -2.170398, -2.845306 / -0.325335, -2.170398, -2.845306; 1, 5, 1, 0; 0.187096880909; 1, 0, 1; 1, 0, 0; 3, 1, 2 ;
0,83; -0.326003, -2.176034, -2.835113 / -0.326003, -2.176034, -2.835113 / -0.326003, -2.176034, -2.835113; 1, 5, 1, 0; 0.187105550769; 1, 0, 1; 1, 0, 0; 3, 1, 2 ;
0,83; -1.204994, -0.741438, 0.041600 / -1.204994, -0.741438, 0.041600 / -1.204994, -0.741438, 0.041600; 1, 16, 1, 0; 0.784294480787; 1, 0, 1; 1, 0, 0; 2, 1, 2 ;
1,85; -1.05049, 1.59777, -1.7938 / -1.05049, 1.59777, -1.7938 / -1.05049, 1.59777, -1.7938; 1, 6, 1, 0; 0.661718837758; 0, 1, 0; 1, 0, 0; 3, 1, 1 ;
1,86; 2.22674, 0.790179, 0.962397 / 2.22775, 0.791362, 0.962668 / 2.22573, 0.788996, 0.962126; 1, 26, 1, 0; 0.196604320432; 2, 1, 1; 0, 2, 0; 4, 1, 2 / 4, 10, 1 ;
0,86; 2.228402, 0.789416, 0.962797 / 2.229051, 0.789836, 0.962925 / 2.227753, 0.788996, 0.962668; 1, 26, 1, 0; 0.196604397583; 1, 0, 1; 0, 2, 0; 4, 1, 1 / 4, 6, 2 ;
0,86; 2.223508, 0.791845, 0.960006 / 2.223659, 0.792106, 0.960278 / 2.223358, 0.791584, 0.959735; 1, 26, 1, 0; 0.196604200420; 2, 1, 2; 3, 0, 0; 2, 1, 1 / 2, 2, 2 / 3, 2, 2 ;
0,86; 2.225620, 0.791193, 0.961668 / 2.225727, 0.791362, 0.962126 / 2.225513, 0.791023, 0.961210; 1, 26, 1, 0; 0.196604303287; 1, 0, 1; 1, 1, 0; 3, 1, 2 / 4, 3, 2 ;
0,86; 2.219274, 0.793056, 0.955163 / 2.219274, 0.793056, 0.955163 / 2.219274, 0.793056, 0.955163; 1, 26, 1, 0; 0.196620144872; 1, 0, 1; 1, 0, 0; 2, 1, 2 ;
1,87; -2.17, -1.8815, -2.28753 / -2.17, -1.8815, -2.28753 / -2.17, -1.8815, -2.28753; 1, 5, 1, 0; 0.515537639152; 1, 0, 1; 1, 0, 0; 3, 1, 2 ;
0,87; -0.081827, -2.269191, -1.465177 / -0.081827, -2.269191, -1.465177 / -0.081827, -2.269191, -1.465177; 1, 8, 1, 0; 0.591031529555; 1, 0, 1; 0, 1, 0; 4, 1, 2 ;
0,87; -0.124407, -2.610542, -1.152744 / -0.124314, -2.610310, -1.152639 / -0.124501, -2.610773, -1.152848; 1, 8, 1, 0; 0.856862722839; 0, 2, 0; 2, 0, 0; 2, 1, 1 / 2, 2, 1 / 4, 6, 0 ;
0,87; 0.103313, -2.696512, -1.032450 / 0.103313, -2.696512, -1.032450 / 0.103313, -2.696512, -1.032450; 1, 8, 1, 0; 0.856124582089; 1, 0, 1; 1, 0, 0; 3, 1, 2 ;
0,87; 0.093940, -2.707337, -1.026978 / 0.093940, -2.707337, -1.026978 / 0.093940, -2.707337, -1.026978; 1, 8, 1, 0; 0.856125978108; 1, 0, 1; 1, 0, 0; 2, 1, 2 / 2, 4, 0 ;
0,87; -0.124097, -2.599048, -1.169721 / -0.124097, -2.599048, -1.169721 / -0.124097, -2.599048, -1.169721; 1, 8, 1, 0; 0.856851355263; 1, 0, 1; 1, 0, 0; 3, 1, 2 ;
0,87; -0.121090, -2.599766, -1.171409 / -0.121090, -2.599766, -1.171409 / -0.121090, -2.599766, -1.171409; 1, 8, 1, 0; 0.856851912647; 1, 0, 1; 1, 0, 0; 2, 1, 2 ;
1,88; 1.66763, 1.11412, -1.56859 / 1.66763, 1.11412, -1.56859 / 1.66763, 1.11412, -1.56859; 1, 11, 1, 0; 0.104049530126; 1, 0, 1; 0, 1, 0; 4, 1, 2 ;
0,88; 1.669041, 1.110962, -1.571710 / 1.669041, 1.110962, -1.571710 / 1.669041, 1.110962, -1.571710; 1, 11, 1, 0; 0.104040237935; 1, 0, 1; 1, 0, 0; 3, 1, 2 ;
1,89; -0.00396618, -4.34025, -0.462013 / -0.00341424, -4.34001, -0.461628 / -0.00451811, -4.34049, -0.462397; 1, 9, 1, 0; 0.782028610790; 1, 0, 2; 1, 1, 0; 3, 1, 2 / 4, 4, 2 ;
1,90; 1.95993, 1.26176, -2.75909 / 1.95993, 1.26176, -2.75909 / 1.95993, 1.26176, -2.75909; 1, 3, 1, 0; 0.730248749783; 1, 0, 1; 0, 1, 0; 1, 1, 2 ;
0,90; -1.217601, 2.302621, -0.113307 / -1.217326, 2.302912, -0.113230 / -1.217876, 2.302330, -0.113383; 1, 17, 1, 0; 0.142421146383; 2, 1, 1; 2, 0, 0; 2, 1, 1 / 3, 2, 0 / 3, 3, 2 ;
1,94; 1.88258, 0.18272, -2.38826 / 1.88258, 0.18272, -2.38826 / 1.88258, 0.18272, -2.38826; 1, 3, 1, 0; 0.742024746431; 1, 0, 1; 0, 1, 0; 1, 1, 2 ;
0,94; 2.281830, -0.330553, -2.857758 / 2.281830, -0.330553, -2.857758 / 2.281830, -0.330553, -2.857758; 1, 3, 1, 0; 0.307557115052; 1, 0, 1; 1, 0, 0; 2, 1, 2 ;
1,98; 2.48711, -1.21346, 3.16322 / 2.48711, -1.21346, 3.16322 / 2.48711, -1.21346, 3.16322; 1, 41, 1, 0; 0.160621847267; 0, 1, 0; 0, 1, 0; 4, 1, 1 ;
1,102; 0.887973, -0.359282, 2.06655 / 0.888048, -0.3584, 2.06664 / 0.887898, -0.360165, 2.06645; 1, 30, 1, 0; 0.617892786032; 2, 2, 1; 1, 2, 1; 1, 1, 1 / 3, 2, 2 / 4, 2, 1 ;
0,102; 0.886962, -0.356087, 2.065450 / 0.887289, -0.355460, 2.066507 / 0.886636, -0.356713, 2.064393; 1, 30, 1, 0; 0.617891626825; 2, 2, 2; 1, 3, 0; 2, 7, 1 / 4, 1, 2 / 4, 2, 2 / 4, 5, 0 / 4, 9, 1 ;
0,102; 0.887282, -0.356620, 2.063520 / 0.887821, -0.356490, 2.064623 / 0.886744, -0.356751, 2.062416; 1, 30, 1, 0; 0.617891685272; 2, 1, 1; 2, 2, 0; 2, 1, 1 / 3, 10, 2 / 4, 3, 1 / 4, 9, 1 ;
0,102; 0.885481, -0.359910, 2.068812 / 0.886198, -0.359792, 2.068815 / 0.884764, -0.360027, 2.068810; 1, 30, 1, 0; 0.617892639913; 1, 0, 2; 2, 0, 0; 2, 1, 2 / 2, 5, 2 ;
0,102; 0.886163, -0.356075, 2.067095 / 0.887116, -0.355460, 2.067809 / 0.885209, -0.356689, 2.066381; 1, 30, 1, 0; 0.617891548895; 1, 0, 1; 1, 2, 0; 3, 1, 2 / 4, 9, 2 / 4, 10, 2 ;
0,102; 0.879688, -0.358856, 2.081024 / 0.879688, -0.358856, 2.081024 / 0.879688, -0.358856, 2.081024; 1, 30, 1, 0; 0.617908781138; 1, 0, 1; 1, 0, 0; 3, 1, 2 ;
1,108; 2.56158, 1.63754, 2.04651 / 2.56158, 1.63754, 2.04651 / 2.56158, 1.63754, 2.04651; 1, 28, 1, 0; 0.580728356318; 1, 0, 1; 1, 0, 0; 2, 1, 2 ;
1,117; 1.57422, -1.79042, 0.788627 / 1.57432, -1.79017, 0.788872 / 1.57412, -1.79066, 0.788382; 1, 19, 1, 0; 0.846980212482; 2, 1, 2; 0, 3, 1; 1, 6, 2 / 1, 7, 1 / 2, 5, 0 / 4, 1, 2 ;
0,117; 1.576581, -1.813656, 0.804249 / 1.576983, -1.813533, 0.804945 / 1.576178, -1.813780, 0.803553; 1, 19, 1, 0; 0.846957361819; 2, 1, 2; 2, 1, 0; 1, 1, 0 / 2, 1, 2 / 2, 2, 1 / 4, 3, 2 ;
0,117; 1.576820, -1.831734, 0.671995 / 1.576966, -1.831450, 0.672125 / 1.576674, -1.832018, 0.671864; 1, 19, 1, 0; 0.847077747214; 1, 0, 2; 1, 1, 0; 3, 1, 2 / 4, 2, 2 ;
0,117; 1.573257, -1.793260, 0.790414 / 1.573257, -1.793260, 0.790414 / 1.573257, -1.793260, 0.790414; 1, 19, 1, 0; 0.846967695236; 1, 0, 1; 0, 1, 0; 1, 1, 2 ;
0,117; 1.577267, -1.793048, 0.789040 / 1.577267, -1.793048, 0.789040 / 1.577267, -1.793048, 0.789040; 1, 19, 1, 0; 0.846967810935; 1, 0, 1; 0, 1, 0; 4, 1, 2 ;
0,117; 1.571801, -1.789915, 0.783871 / 1.571801, -1.789915, 0.783871 / 1.571801, -1.789915, 0.783871; 1, 19, 1, 0; 0.846979981083; 1, 0, 1; 0, 1, 0; 1, 1, 2 ;
0,117; 1.573902, -1.790620, 0.787566 / 1.574196, -1.790582, 0.788382 / 1.573608, -1.790658, 0.786750; 1, 19, 1, 0; 0.846980147401; 1, 0, 1; 0, 2, 0; 1, 7, 0 / 2, 9, 0 / 3, 8, 0 / 4, 1, 2 / 4, 10, 2 ;
0,117; 1.599243, -1.790032, 0.721173 / 1.599243, -1.790032, 0.721173 / 1.599243, -1.790032, 0.721173; 1, 19, 1, 0; 0.847635534807; 1, 0, 1; 0, 1, 0; 2, 6, 0 / 4, 1, 2 ;
0,117; 1.573146, -1.812464, 0.794471 / 1.573753, -1.811978, 0.794665 / 1.572539, -1.812950, 0.794276; 1, 19, 1, 0; 0.846955373232; 1, 0, 2; 2, 0, 0; 2, 1, 2 / 2, 5, 2 ;
0,117; 1.573255, -1.789733, 0.789664 / 1.573582, -1.789680, 0.790068 / 1.572928, -1.789785, 0.789261; 1, 19, 1, 0; 0.846980292026; 0, 2, 0; 2, 0, 0; 1, 7, 0 / 2, 8, 1 / 3, 1, 1 / 3, 7, 0 / 4, 2, 0 ;
0,117; 1.573408, -1.807704, 0.794980 / 1.573408, -1.807704, 0.794980 / 1.573408, -1.807704, 0.794980; 1, 19, 1, 0; 0.846955525088; 1, 0, 1; 1, 0, 0; 3, 1, 2 ;
0,117; 1.575497, -1.803922, 0.801972 / 1.575497, -1.803922, 0.801972 / 1.575497, -1.803922, 0.801972; 1, 19, 1, 0; 0.846956899020; 1, 0, 1; 1, 0, 0; 3, 1, 2 ;
0,117; 1.571432, -1.811504, 0.809067 / 1.571432, -1.811504, 0.809067 / 1.571432, -1.811504, 0.809067; 1, 19, 1, 0; 0.846958526045; 1, 0, 1; 1, 0, 0; 1, 6, 0 / 3, 1, 2 ;
0,117; 1.576501, -1.828863, 0.668848 / 1.576501, -1.828863, 0.668848 / 1.576501, -1.828863, 0.668848; 1, 19, 1, 0; 0.847064369452; 1, 0, 1; 1, 0, 0; 2, 1, 2 ;
0,117; 1.568181, -1.821275, 0.676887 / 1.568181, -1.821275, 0.676887 / 1.568181, -1.821275, 0.676887; 1, 19, 1, 0; 0.847076156345; 1, 0, 1; 1, 0, 0; 2, 1, 2 ;
0,117; 1.600976, -1.792569, 0.738589 / 1.600976, -1.792569, 0.738589 / 1.600976, -1.792569, 0.738589; 1, 19, 1, 0; 0.847648681170; 1, 0, 1; 1, 0, 0; 2, 1, 2 ;
0,117; 1.589454, -1.808174, 0.747267 / 1.589454, -1.808174, 0.747267 / 1.589454, -1.808174, 0.747267; 1, 19, 1, 0; 0.847657662348; 0, 1, 0; 1, 0, 0; 3, 1, 1 / 4, 1, 0 ;
1,118; -1.78499, -2.30738, -2.5682 / -1.78499, -2.30738, -2.5682 / -1.78499, -2.30738, -2.5682; 1, 5, 1, 0; 0.285628567312; 1, 0, 1; 0, 1, 0; 1, 1, 2 ;
0,118; -1.492463, -2.434522, -2.695218 / -1.492463, -2.434522, -2.695218 / -1.492463, -2.434522, -2.695218; 1, 5, 1, 0; 0.283416400298; 1, 0, 1; 1, 0, 0; 2, 1, 2 ;
0,118; -1.786788, -2.307993, -2.567151 / -1.786788, -2.307993, -2.567151 / -1.786788, -2.307993, -2.567151; 1, 5, 1, 0; 0.285628631025; 1, 0, 1; 1, 0, 0; 3, 1, 2 ;
0,118; -3.058970, -1.708975, -1.991357 / -3.058970, -1.708975, -1.991357 / -3.058970, -1.708975, -1.991357; 1, 5, 1, 0; 0.867237921743; 0, 1, 0; 1, 0, 0; 2, 1, 1 ;
1,119; 3.76714, 1.61958, -1.40171 / 3.76714, 1.61958, -1.40171 / 3.76714, 1.61958, -1.40171; 1, 12, 1, 0; 0.054228256043; 1, 0, 1; 1, 0, 0; 2, 1, 2 ;
1,121; -1.72658, -1.26838, 0.800737 / -1.72658, -1.26838, 0.800737 / -1.72658, -1.26838, 0.800737; 1, 21, 1, 0; 0.283651186547; 0, 1, 0; 1, 0, 0; 2, 1, 1 ;
0,121; -1.741781, -1.261072, 0.830625 / -1.741781, -1.261072, 0.830625 / -1.741781, -1.261072, 0.830625; 1, 21, 1, 0; 0.283680246332; 1, 0, 1; 1, 0, 0; 3, 1, 2 ;
0,121; -1.690933, -1.263646, 0.740065 / -1.690933, -1.263646, 0.740065 / -1.690933, -1.263646, 0.740065; 1, 21, 1, 0; 0.283828411942; 1, 0, 1; 1, 0, 0; 3, 1, 2 ;
0,121; -1.692190, -1.266757, 0.753667 / -1.692190, -1.266757, 0.753667 / -1.692190, -1.266757, 0.753667; 1, 21, 1, 0; 0.283838823697; 1, 0, 1; 1, 0, 0; 3, 1, 2 ;
0,121; -1.919263, -0.841652, 1.442983 / -1.919263, -0.841652, 1.442983 / -1.919263, -0.841652, 1.442983; 1, 23, 1, 0; 0.848720578954; 1, 0, 1; 0, 1, 0; 1, 1, 2 ;
0,121; -1.905946, -0.845609, 1.455804 / -1.905946, -0.845609, 1.455804 / -1.905946, -0.845609, 1.455804; 1, 23, 1, 0; 0.848744344878; 1, 0, 1; 0, 1, 0; 1, 1, 2 ;
0,121; -1.907335, -0.844885, 1.457079 / -1.907335, -0.844885, 1.457079 / -1.907335, -0.844885, 1.457079; 1, 23, 1, 0; 0.848744440947; 1, 0, 1; 0, 1, 0; 1, 10, 0 / 4, 1, 2 / 4, 2, 0 / 4, 3, 0 ;
0,121; -1.956189, -0.815020, 1.365052 / -1.956189, -0.815020, 1.365052 / -1.956189, -0.815020, 1.365052; 1, 23, 1, 0; 0.848916950808; 1, 0, 1; 0, 1, 0; 1, 1, 2 ;
0,121; -1.909798, -0.845361, 1.454252 / -1.909798, -0.845361, 1.454252 / -1.909798, -0.845361, 1.454252; 1, 23, 1, 0; 0.848731671197; 1, 0, 1; 1, 0, 0; 2, 1, 2 ;
0,121; -1.911935, -0.844343, 1.458259 / -1.911935, -0.844343, 1.458259 / -1.911935, -0.844343, 1.458259; 1, 23, 1, 0; 0.848745490313; 1, 0, 1; 1, 0, 0; 2, 1, 2 / 2, 3, 0 ;
0,121; -1.809593, -0.919191, 1.269377 / -1.809593, -0.919191, 1.269377 / -1.809593, -0.919191, 1.269377; 1, 23, 1, 0; 0.850199224356; 1, 0, 1; 1, 0, 0; 3, 1, 2 ;
0,121; 1.726446, -1.692763, 2.571477 / 1.726446, -1.692763, 2.571477 / 1.726446, -1.692763, 2.571477; 1, 34, 1, 0; 0.412796549496; 1, 0, 1; 1, 0, 0; 3, 1, 2 ;
1,125; 1.49251, -1.15728, -4.114 / 1.49251, -1.15728, -4.114 / 1.49251, -1.15728, -4.114; 1, 1, 1, 0; 0.269707095710; 1, 0, 1; 1, 0, 0; 2, 1, 2 ;
1,128; 0.261173, 3.35729, 0.809462 / 0.261173, 3.35729, 0.809462 / 0.261173, 3.35729, 0.809462; 1, 25, 1, 0; 0.474637503750; 1, 0, 1; 1, 0, 0; 3, 1, 2 ;
1,129; -0.449893, -1.52187, 1.91798 / -0.449893, -1.52187, 1.91798 / -0.449893, -1.52187, 1.91798; 1, 30, 1, 0; 0.372816521912; 0, 1, 0; 1, 0, 0; 3, 1, 1 ;
0,129; 0.476562, -1.733832, 2.283609 / 0.476562, -1.733832, 2.283609 / 0.476562, -1.733832, 2.283609; 1, 33, 1, 0; 0.522844383078; 1, 0, 1; 1, 0, 0; 3, 1, 2 ;
0,129; 1.629140, -2.009395, 2.735727 / 1.629140, -2.009395, 2.735727 / 1.629140, -2.009395, 2.735727; 1, 34, 1, 0; 0.304856312162; 1, 0, 1; 1, 0, 0; 3, 1, 2 ;
1,130; 0.998883, 3.1594, -1.05326 / 0.998883, 3.1594, -1.05326 / 0.998883, 3.1594, -1.05326; 1, 7, 1, 0; 0.764328510167; 1, 0, 1; 1, 0, 0; 3, 1, 2 ;
0,130; 0.444997, 2.251955, -0.525975 / 0.444997, 2.251955, -0.525975 / 0.444997, 2.251955, -0.525975; 1, 13, 1, 0; 0.490104198596; 1, 0, 1; 1, 0, 0; 2, 1, 2 ;
0,130; 0.441054, 2.250027, -0.525522 / 0.441054, 2.250027, -0.525522 / 0.441054, 2.250027, -0.525522; 1, 13, 1, 0; 0.490104309387; 0, 1, 0; 1, 0, 0; 2, 1, 1 ;
0,130; -1.350430, -0.653995, 1.055902 / -1.350430, -0.653995, 1.055902 / -1.350430, -0.653995, 1.055902; 1, 21, 1, 0; 0.607875281576; 0, 1, 0; 1, 0, 0; 2, 1, 1 ;
0,130; -0.858837, 0.164212, 0.634972 / -0.858837, 0.164212, 0.634972 / -0.858837, 0.164212, 0.634972; 1, 23, 1, 0; 0.200824232670; 1, 0, 1; 1, 0, 0; 2, 1, 2 ;
1,131; 2.98641, 0.843407, -0.467454 / 2.98641, 0.843407, -0.467454 / 2.98641, 0.843407, -0.467454; 1, 12, 1, 0; 0.899243847928; 1, 0, 1; 1, 0, 0; 3, 1, 2 ;
0,131; 3.150884, 0.818717, -0.454760 / 3.150884, 0.818717, -0.454760 / 3.150884, 0.818717, -0.454760; 1, 12, 1, 0; 0.901504396626; 1, 0, 1; 1, 0, 0; 3, 1, 2 ;
0,131; 3.769129, 0.459842, -0.075777 / 3.769129, 0.459842, -0.075777 / 3.769129, 0.459842, -0.075777; 1, 13, 1, 0; 0.959216396276; 1, 0, 1; 1, 0, 0; 3, 1, 2 ;
1,134; 1.56853, -0.223915, -0.449268 / 1.56853, -0.223915, -0.449268 / 1.56853, -0.223915, -0.449268; 1, 12, 1, 0; 0.818251231330; 0, 1, 0; 1, 0, 0; 1, 5, 0 / 1, 6, 0 / 3, 1, 1 ;
0,134; 1.526088, -0.192597, -0.352436 / 1.526088, -0.192597, -0.352436 / 1.526088, -0.192597, -0.352436; 1, 12, 1, 0; 0.822295302866; 0, 0, 0; 1, 0, 0; 2, 1, 3 ;
0,134; 0.287945, 0.732736, 2.404606 / 0.287945, 0.732736, 2.404606 / 0.287945, 0.732736, 2.404606; 1, 31, 1, 0; 0.807370267067; 1, 0, 1; 1, 0, 0; 2, 1, 2 ;
1,135; -1.7767, -1.30203, -2.96886 / -1.7767, -1.30203, -2.96886 / -1.7767, -1.30203, -2.96886; 1, 5, 1, 0; 0.121774939448; 1, 0, 1; 1, 0, 0; 2, 1, 2 ;
1,137; 3.00698, -0.242331, -2.95344 / 3.00698, -0.242331, -2.95344 / 3.00698, -0.242331, -2.95344; 1, 3, 1, 0; 0.294480457936; 1, 0, 1; 1, 0, 0; 2, 1, 2 ;
0,137; -0.353089, 0.906675, 0.448714 / -0.352779, 0.906920, 0.449146 / -0.353399, 0.906430, 0.448283; 1, 17, 1, 0; 0.795648774303; 1, 0, 2; 0, 2, 1; 1, 5, 2 / 4, 1, 2 ;
0,137; -0.137726, 0.480931, 1.062664 / -0.137726, 0.480931, 1.062664 / -0.137726, 0.480931, 1.062664; 1, 23, 1, 0; 0.551823517327; 1, 0, 1; 0, 1, 0; 4, 1, 2 ;
0,137; -0.246750, 0.531660, 0.805756 / -0.246750, 0.531660, 0.805756 / -0.246750, 0.531660, 0.805756; 1, 23, 1, 0; 0.161212446368; 1, 0, 1; 1, 0, 0; 2, 1, 2 ;
0,137; -0.117664, 0.477636, 1.077080 / -0.117664, 0.477636, 1.077080 / -0.117664, 0.477636, 1.077080; 1, 23, 1, 0; 0.551833863189; 1, 0, 1; 1, 0, 0; 2, 1, 2 ;
0,137; -0.125137, 0.477048, 1.072472 / -0.125137, 0.477048, 1.072472 / -0.125137, 0.477048, 1.072472; 1, 23, 1, 0; 0.551834402652; 1, 0, 1; 1, 0, 0; 3, 1, 2 ;
1,144; -2.65524, -0.0379421, -1.44953 / -2.65508, -0.0379381, -1.44946 / -2.65541, -0.0379461, -1.44961; 1, 6, 1, 0; 0.988709617026; 0, 2, 0; 1, 1, 0; 3, 1, 1 / 4, 1, 1 ;
0,144; -2.657463, -0.038527, -1.454478 / -2.657463, -0.038527, -1.454478 / -2.657463, -0.038527, -1.454478; 1, 6, 1, 0; 0.988708970095; 0, 1, 0; 0, 1, 0; 1, 1, 1 ;
0,144; -0.341519, -0.626356, 1.465379 / -0.341519, -0.626356, 1.465379 / -0.341519, -0.626356, 1.465379; 1, 23, 1, 0; 0.865168452806; 1, 0, 1; 1, 0, 0; 2, 1, 2 / 2, 2, 0 ;
1,146; -2.10782, -1.0375, 0.114897 / -2.10765, -1.03696, 0.115505 / -2.10798, -1.03805, 0.11429; 1, 14, 1, 0; 0.954054512687; 1, 0, 2; 2, 0, 0; 2, 1, 2 / 2, 3, 0 / 2, 4, 0 / 3, 7, 2 ;
1,148; 3.52704, 0.680011, -1.16591 / 3.52708, 0.680294, -1.16586 / 3.527, 0.679729, -1.16596; 1, 12, 1, 0; 0.185211906593; 2, 1, 1; 1, 1, 0; 1, 1, 1 / 2, 1, 2 ;
1,149; 0.537165, -1.02996, 2.00846 / 0.537165, -1.02996, 2.00846 / 0.537165, -1.02996, 2.00846; 1, 30, 1, 0; 0.481349414162; 1, 0, 1; 1, 0, 0; 3, 1, 2 ;
1,150; 0.99918, -0.395418, -2.93169 / 0.99918, -0.395418, -2.93169 / 0.99918, -0.395418, -2.93169; 1, 2, 1, 0; 0.499024614830; 0, 1, 0; 0, 1, 0; 4, 1, 1 ;
0,150; 1.000235, -0.395903, -2.935408 / 1.000235, -0.395903, -2.935408 / 1.000235, -0.395903, -2.935408; 1, 2, 1, 0; 0.499024674160; 1, 0, 1; 1, 0, 0; 3, 1, 2 ;
1,160; 2.08596, 1.75606, 0.415685 / 2.08596, 1.75606, 0.415685 / 2.08596, 1.75606, 0.415685; 1, 20, 1, 0; 0.427833359366; 0, 0, 0; 1, 0, 0; 2, 1, 3 ;
0,160; 2.300922, 0.429988, 1.172562 / 2.300922, 0.429988, 1.172562 / 2.300922, 0.429988, 1.172562; 1, 26, 1, 0; 0.181281453860; 1, 0, 1; 0, 1, 0; 4, 1, 2 ;
0,160; 2.298506, 0.432939, 1.166804 / 2.298506, 0.432939, 1.166804 / 2.298506, 0.432939, 1.166804; 1, 26, 1, 0; 0.181266452360; 1, 0, 1; 1, 0, 0; 3, 1, 2 ;
1,161; 1.30003, -0.246789, -4.14382 / 1.30003, -0.246789, -4.14382 / 1.30003, -0.246789, -4.14382; 1, 1, 1, 0; 0.191871378892; 1, 0, 1; 1, 0, 0; 2, 1, 2 ;
0,161; 1.172694, -0.166844, -3.285785 / 1.172694, -0.166844, -3.285785 / 1.172694, -0.166844, -3.285785; 1, 2, 1, 0; 0.393948411380; 1, 0, 1; 0, 1, 0; 4, 1, 2 ;
1,162; -0.599412, -2.62216, -0.19728 / -0.599176, -2.6218, -0.196971 / -0.599648, -2.62252, -0.197589; 1, 15, 1, 0; 0.443449360561; 1, 0, 2; 2, 0, 0; 2, 1, 2 / 3, 3, 2 / 3, 4, 0 ;
1,163; -0.0701287, -3.46815, 1.7377 / -0.0701287, -3.46815, 1.7377 / -0.0701287, -3.46815, 1.7377; 1, 22, 1, 0; 0.748529112170; 1, 0, 1; 1, 0, 0; 2, 1, 2 ;
1,166; 3.32232, -0.310939, 0.129658 / 3.32232, -0.310939, 0.129658 / 3.32232, -0.310939, 0.129658; 1, 19, 1, 0; 0.193069755266; 1, 0, 1; 1, 0, 0; 2, 1, 2 ;
1,168; -2.7424, -1.48216, -1.36985 / -2.7424, -1.48216, -1.36985 / -2.7424, -1.48216, -1.36985; 1, 6, 1, 0; 0.898864993271; 1, 0, 1; 1, 0, 0; 2, 1, 2 ;
0,168; -3.564446, 0.024075, 0.630632 / -3.564446, 0.024075, 0.630632 / -3.564446, 0.024075, 0.630632; 1, 21, 1, 0; 0.451178049022; 0, 1, 0; 1, 0, 0; 2, 1, 1 ;
1,169; 0.979183, -2.33393, -1.01604 / 0.979183, -2.33393, -1.01604 / 0.979183, -2.33393, -1.01604; 1, 8, 1, 0; 0.809926752514; 1, 0, 1; 0, 1, 0; 4, 1, 2 ;
0,169; 0.975857, -2.302235, -1.013254 / 0.975857, -2.302235, -1.013254 / 0.975857, -2.302235, -1.013254; 1, 8, 1, 0; 0.809954100151; 0, 1, 0; 0, 1, 0; 1, 1, 1 ;
0,169; 0.919645, -2.195261, -1.018046 / 0.919645, -2.195261, -1.018046 / 0.919645, -2.195261, -1.018046; 1, 8, 1, 0; 0.809081772912; 1, 0, 1; 1, 0, 0; 3, 1, 2 ;
0,169; 0.995284, -2.385369, -1.011863 / 0.995284, -2.385369, -1.011863 / 0.995284, -2.385369, -1.011863; 1, 8, 1, 0; 0.809887781620; 1, 0, 1; 1, 0, 0; 2, 1, 2 ;
0,169; 1.106924, -2.588424, -0.870325 / 1.107114, -2.588081, -0.869410 / 1.106734, -2.588767, -0.871241; 1, 9, 1, 0; 0.594045153532; 0, 3, 0; 2, 1, 0; 2, 8, 1 / 3, 1, 1 / 4, 1, 1 ;
0,169; 1.115925, -2.597002, -0.865556 / 1.115925, -2.597002, -0.865556 / 1.115925, -2.597002, -0.865556; 1, 9, 1, 0; 0.594046640411; 0, 1, 0; 0, 1, 0; 4, 1, 1 ;
0,169; 1.115745, -2.584829, -0.871159 / 1.115745, -2.584829, -0.871159 / 1.115745, -2.584829, -0.871159; 1, 9, 1, 0; 0.595023362920; 1, 0, 1; 1, 0, 0; 2, 1, 2 ;
1,170; -2.62513, 2.57239, -0.205524 / -2.62513, 2.57239, -0.205524 / -2.62513, 2.57239, -0.205524; 1, 14, 1, 0; 0.563185661722; 0, 1, 0; 0, 1, 0; 1, 1, 1 ;
0,170; -2.627265, 2.565468, -0.222493 / -2.627265, 2.565468, -0.222493 / -2.627265, 2.565468, -0.222493; 1, 14, 1, 0; 0.563191047378; 1, 0, 1; 1, 0, 0; 2, 1, 2 ;
0,170; -2.623776, 2.570121, -0.226895 / -2.623776, 2.570121, -0.226895 / -2.623776, 2.570121, -0.226895; 1, 14, 1, 0; 0.563191921393; 1, 0, 1; 1, 0, 0; 3, 1, 2 ;
0,170; -2.625336, 2.573755, -0.222561 / -2.625336, 2.573755, -0.222561 / -2.625336, 2.573755, -0.222561; 1, 14, 1, 0; 0.563192783098; 1, 0, 1; 1, 0, 0; 2, 1, 2 ;
1,171; 0.646963, -0.550866, 0.183858 / 0.646963, -0.550866, 0.183858 / 0.646963, -0.550866, 0.183858; 1, 16, 1, 0; 0.758853925571; 1, 0, 1; 0, 1, 0; 1, 1, 2 ;
0,171; 0.182452, 0.660432, 0.985882 / 0.182452, 0.660432, 0.985882 / 0.182452, 0.660432, 0.985882; 1, 23, 1, 0; 0.583972626327; 0, 1, 0; 0, 1, 0; 1, 1, 1 ;
0,171; -0.134427, 0.807576, 0.980385 / -0.134427, 0.807576, 0.980385 / -0.134427, 0.807576, 0.980385; 1, 23, 1, 0; 0.586217914895; 0, 1, 0; 0, 1, 0; 4, 1, 1 ;
0,171; 0.190924, 0.662884, 0.990911 / 0.190924, 0.662884, 0.990911 / 0.190924, 0.662884, 0.990911; 1, 23, 1, 0; 0.583971894726; 1, 0, 1; 1, 0, 0; 2, 1, 2 / 2, 10, 0 / 3, 8, 0 / 3, 9, 0 ;
0,171; 0.165882, 0.663762, 0.991208 / 0.165882, 0.663762, 0.991208 / 0.165882, 0.663762, 0.991208; 1, 23, 1, 0; 0.583998402303; 0, 1, 0; 1, 0, 0; 3, 1, 1 ;
0,171; 0.097011, 0.672981, 0.993076 / 0.097011, 0.672981, 0.993076 / 0.097011, 0.672981, 0.993076; 1, 23, 1, 0; 0.584062997433; 1, 0, 1; 1, 0, 0; 3, 1, 2 ;
1,177; -2.51986, -2.22745, 2.59177 / -2.51986, -2.22745, 2.59177 / -2.51986, -2.22745, 2.59177; 1, 36, 1, 0; 0.702191061026; 1, 0, 1; 1, 0, 0; 3, 1, 2 ;
1,182; 1.76409, 0.373685, -1.41922 / 1.76409, 0.373685, -1.41922 / 1.76409, 0.373685, -1.41922; 1, 11, 1, 0; 0.369578910388; 0, 1, 0; 0, 1, 0; 4, 1, 1 ;
0,182; 1.765662, 0.374142, -1.413058 / 1.765662, 0.374142, -1.413058 / 1.765662, 0.374142, -1.413058; 1, 11, 1, 0; 0.369579064876; 1, 0, 1; 0, 1, 0; 1, 1, 2 ;
0,182; 2.037563, 0.480563, -1.474286 / 2.037563, 0.480563, -1.474286 / 2.037563, 0.480563, -1.474286; 1, 11, 1, 0; 0.371383231943; 1, 0, 1; 1, 0, 0; 2, 1, 2 ;
1,183; 0.523431, 0.516246, 0.412698 / 0.523431, 0.516246, 0.412698 / 0.523431, 0.516246, 0.412698; 1, 17, 1, 0; 0.770622187536; 1, 0, 1; 1, 0, 0; 3, 1, 2 ;
0,183; 0.519093, 0.518770, 0.409626 / 0.519093, 0.518770, 0.409626 / 0.519093, 0.518770, 0.409626; 1, 17, 1, 0; 0.770623240684; 0, 1, 0; 1, 0, 0; 3, 1, 1 ;
1,190; 0.909418, 0.299656, 0.254309 / 0.909418, 0.299656, 0.254309 / 0.909418, 0.299656, 0.254309; 1, 16, 1, 0; 0.676129900937; 0, 1, 0; 0, 1, 0; 1, 1, 1 ;
0,190; 0.920079, 0.278774, 0.256728 / 0.920079, 0.278774, 0.256728 / 0.920079, 0.278774, 0.256728; 1, 16, 1, 0; 0.676134602300; 1, 0, 1; 1, 0, 0; 2, 1, 2 ;
0,190; 0.969848, -0.173119, 0.216862 / 0.969848, -0.173119, 0.216862 / 0.969848, -0.173119, 0.216862; 1, 16, 1, 0; 0.719820370430; 1, 0, 1; 1, 0, 0; 2, 1, 2 ;
0,190; 1.015717, -0.229436, 0.170572 / 1.015717, -0.229436, 0.170572 / 1.015717, -0.229436, 0.170572; 1, 16, 1, 0; 0.720630009430; 1, 0, 1; 1, 0, 0; 3, 1, 2 ;
1,192; 0.812225, 0.33381, 1.05226 / 0.812312, 0.334094, 1.05257 / 0.812139, 0.333527, 1.05195; 1, 23, 1, 0; 0.561881173339; 1, 0, 2; 2, 0, 0; 1, 1, 0 / 2, 3, 2 / 3, 1, 2 ;
0,192; 1.684507, 2.593143, 1.405176 / 1.684507, 2.593143, 1.405176 / 1.684507, 2.593143, 1.405176; 1, 28, 1, 0; 0.120417863773; 0, 1, 0; 0, 1, 0; 4, 1, 1 ;
1,193; 0.82949, -1.48535, -2.97864 / 0.82979, -1.4847, -2.97829 / 0.829189, -1.486, -2.97899; 1, 3, 1, 0; 0.347455715535; 1, 0, 2; 0, 2, 1; 1, 4, 2 / 2, 3, 0 / 3, 1, 0 / 3, 7, 0 / 4, 1, 2 ;
0,193; 0.837602, -1.497243, -2.982125 / 0.838193, -1.497095, -2.981818 / 0.837012, -1.497391, -2.982433; 1, 3, 1, 0; 0.347452830265; 0, 0, 0; 0, 2, 0; 1, 1, 3 / 1, 3, 3 ;
0,193; 0.293362, -1.240245, -2.884346 / 0.293362, -1.240245, -2.884346 / 0.293362, -1.240245, -2.884346; 1, 3, 1, 0; 0.345266553029; 1, 0, 1; 1, 0, 0; 2, 9, 0 / 3, 1, 2 / 4, 8, 0 ;
0,193; 0.827162, -1.494852, -2.982835 / 0.827162, -1.494852, -2.982835 / 0.827162, -1.494852, -2.982835; 1, 3, 1, 0; 0.347454470355; 1, 0, 1; 1, 0, 0; 2, 1, 2 ;
0,193; 0.827768, -1.484823, -2.980897 / 0.827768, -1.484823, -2.980897 / 0.827768, -1.484823, -2.980897; 1, 3, 1, 0; 0.347455675238; 1, 0, 1; 1, 0, 0; 2, 6, 0 / 2, 7, 0 / 2, 9, 0 / 3, 1, 2 ;
0,193; 0.829432, -1.486031, -2.977359 / 0.829790, -1.485996, -2.976429 / 0.829073, -1.486065, -2.978289; 1, 3, 1, 0; 0.347455727624; 1, 0, 1; 1, 1, 0; 1, 1, 2 / 2, 8, 2 / 3, 4, 0 ;
0,193; 0.839888, -1.501268, -2.973716 / 0.839888, -1.501268, -2.973716 / 0.839888, -1.501268, -2.973716; 1, 3, 1, 0; 0.347459902400; 1, 0, 1; 1, 0, 0; 3, 1, 2 ;
1,194; 0.365578, -2.44791, -2.13384 / 0.365578, -2.44791, -2.13384 / 0.365578, -2.44791, -2.13384; 1, 5, 1, 0; 0.775909850118; 1, 0, 1; 1, 0, 0; 3, 1, 2 ;
0,194; 0.365576, -2.449575, -2.136116 / 0.365576, -2.449575, -2.136116 / 0.365576, -2.449575, -2.136116; 1, 5, 1, 0; 0.775909908930; 1, 0, 1; 1, 0, 0; 2, 1, 2 ;
1,197; 0.442755, 2.44713, -1.28057 / 0.442755, 2.44713, -1.28057 / 0.442755, 2.44713, -1.28057; 1, 7, 1, 0; 0.398976544850; 0, 1, 0; 0, 1, 0; 4, 1, 1 / 4, 10, 0 ;
0,197; 1.756962, 2.210016, -1.722524 / 1.756962, 2.210016, -1.722524 / 1.756962, 2.210016, -1.722524; 1, 11, 1, 0; 0.180264404041; 0, 1, 0; 1, 0, 0; 2, 1, 1 ;
