1,0; 0.584999, 1.83236, -3.80601 / 0.585242, 1.83272, -3.80514 / 0.584755, 1.832, -3.80688; 1, 2, 1, 0; 0.060375440229; 0, 2, 0; 2, 0, 0; 3, 1, 1 / 3, 8, 1 ;
1,1; 2.27094, 1.64904, -0.122097 / 2.27094, 1.64904, -0.122097 / 2.27094, 1.64904, -0.122097; 1, 13, 1, 0; 0.795467733457; 1, 0, 1; 1, 0, 0; 3, 1, 2 ;
1,2; -3.53614, 2.08766, -0.563661 / -3.53614, 2.08766, -0.563661 / -3.53614, 2.08766, -0.563661; 1, 14, 1, 0; 0.267447112857; 1, 0, 1; 1, 0, 0; 3, 1, 2 ;
1,3; -0.676982, 0.445896, 0.427827 / -0.676982, 0.445896, 0.427827 / -0.676982, 0.445896, 0.427827; 1, 17, 1, 0; 0.759729766299; 1, 0, 1; 1, 0, 0; 2, 1, 2 ;
1,5; 1.38637, 3.50271, -2.0556 / 1.38637, 3.50271, -2.0556 / 1.38637, 3.50271, -2.0556; 1, 4, 1, 0; 0.883255382681; 1, 0, 1; 0, 1, 0; 1, 1, 2 ;
0,5; 1.397066, 3.499426, -2.060263 / 1.397066, 3.499426, -2.060263 / 1.397066, 3.499426, -2.060263; 1, 4, 1, 0; 0.883248060704; 0, 1, 0; 1, 0, 0; 2, 1, 1 ;
0,5; 1.393236, 3.504319, -2.058645 / 1.393236, 3.504319, -2.058645 / 1.393236, 3.504319, -2.058645; 1, 4, 1, 0; 0.883255003889; 1, 0, 1; 1, 0, 0; 1, 2, 0 / 2, 6, 0 / 3, 1, 2 ;
0,5; 1.390784, 3.501172, -2.055914 / 1.390784, 3.501172, -2.055914 / 1.390784, 3.501172, -2.055914; 1, 4, 1, 0; 0.883255491483; 0, 1, 0; 1, 0, 0; 2, 1, 1 ;
0,5; 1.373392, 3.505793, -2.058618 / 1.373392, 3.505793, -2.058618 / 1.373392, 3.505793, -2.058618; 1, 4, 1, 0; 0.883262108262; 1, 0, 1; 1, 0, 0; 2, 1, 2 ;
0,5; 1.361735, 3.502680, -2.056089 / 1.361735, 3.502680, -2.056089 / 1.361735, 3.502680, -2.056089; 1, 4, 1, 0; 0.883269845300; 1, 0, 1; 1, 0, 0; 2, 1, 2 / 4, 9, 0 ;
0,5; 0.487173, 3.410483, -0.806756 / 0.487173, 3.410483, -0.806756 / 0.487173, 3.410483, -0.806756; 1, 13, 1, 0; 0.206896452607; 1, 0, 1; 0, 1, 0; 1, 1, 2 ;
1,6; -1.6755, -2.33628, -2.9647 / -1.6755, -2.33628, -2.9647 / -1.6755, -2.33628, -2.9647; 1, 5, 1, 0; 0.178408813557; 1, 0, 1; 1, 0, 0; 2, 1, 2 ;
1,7; -3.08122, 0.810395, 2.52556 / -3.08122, 0.810395, 2.52556 / -3.08122, 0.810395, 2.52556; 1, 37, 1, 0; 0.662823741558; 1, 0, 1; 0, 1, 0; 1, 1, 2 ;
1,8; 0.799137, -3.37428, 1.07616 / 0.799137, -3.37428, 1.07616 / 0.799137, -3.37428, 1.07616; 1, 18, 1, 0; 0.962271564435; 0, 1, 0; 1, 0, 0; 3, 1, 1 ;
1,11; 3.17284, -2.28898, 1.49342 / 3.17284, -2.28898, 1.49342 / 3.17284, -2.28898, 1.49342; 1, 22, 1, 0; 0.427873382576; 1, 0, 1; 1, 0, 0; 2, 1, 2 ;
1,15; -1.00844, 2.82806, -2.60024 / -1.00844, 2.82806, -2.60024 / -1.00844, 2.82806, -2.60024; 1, 6, 1, 0; 0.106621729444; 1, 0, 1; 0, 1, 0; 1, 1, 2 ;
0,15; -1.014248, 2.551036, -2.690355 / -1.014248, 2.551036, -2.690355 / -1.014248, 2.551036, -2.690355; 1, 6, 1, 0; 0.086653159524; 1, 0, 1; 1, 0, 0; 1, 2, 0 / 2, 1, 2 ;
0,15; -1.014172, 2.551460, -2.692896 / -1.014172, 2.551460, -2.692896 / -1.014172, 2.551460, -2.692896; 1, 6, 1, 0; 0.086653757446; 1, 0, 1; 1, 0, 0; 3, 1, 2 ;
1,18; -0.564301, -4.59315, -0.132097 / -0.564301, -4.59315, -0.132097 / -0.564301, -4.59315, -0.132097; 1, 15, 1, 0; 0.222593183425; 0, 1, 0; 0, 1, 0; 1, 1, 1 ;
1,19; 0.999714, 2.97333, 1.87158 / 0.999714, 2.97333, 1.87158 / 0.999714, 2.97333, 1.87158; 1, 31, 1, 0; 0.219927978779; 1, 0, 1; 1, 0, 0; 2, 1, 2 / 2, 7, 0 / 3, 9, 0 ;
1,20; 2.15297, 1.97622, -1.0807 / 2.15297, 1.97622, -1.0807 / 2.15297, 1.97622, -1.0807; 1, 11, 1, 0; 0.912017807363; 0, 1, 0; 0, 1, 0; 4, 1, 1 ;
0,20; 2.146743, 1.977502, -1.080551 / 2.146743, 1.977502, -1.080551 / 2.146743, 1.977502, -1.080551; 1, 11, 1, 0; 0.912018671354; 1, 0, 1; 0, 1, 0; 3, 1, 0 / 4, 1, 2 ;
1,21; -0.942504, -0.16161, 2.11151 / -0.942504, -0.16161, 2.11151 / -0.942504, -0.16161, 2.11151; 1, 30, 1, 0; 0.647866221687; 0, 1, 0; 1, 0, 0; 2, 1, 1 / 4, 2, 0 ;
1,28; 1.95455, -0.82882, -2.59983 / 1.95513, -0.828535, -2.59928 / 1.95397, -0.829105, -2.60038; 1, 3, 1, 0; 0.631904362964; 2, 1, 2; 3, 0, 0; 2, 7, 2 / 3, 1, 1 / 3, 2, 0 / 3, 4, 2 / 4, 4, 0 ;
0,28; -0.665086, -4.072871, 0.767620 / -0.665058, -4.072866, 0.767922 / -0.665115, -4.072877, 0.767319; 1, 18, 1, 0; 0.809197738032; 2, 1, 1; 0, 2, 0; 1, 4, 0 / 4, 1, 2 / 4, 2, 1 ;
0,28; -0.664615, -4.072208, 0.760031 / -0.664343, -4.071833, 0.760250 / -0.664888, -4.072583, 0.759811; 1, 18, 1, 0; 0.809197417206; 2, 1, 2; 2, 1, 0; 1, 1, 1 / 2, 2, 2 / 3, 5, 2 ;
0,28; -0.664993, -4.083555, 0.761518 / -0.664894, -4.083496, 0.761675 / -0.665091, -4.083613, 0.761360; 1, 18, 1, 0; 0.809199502579; 2, 1, 1; 2, 0, 0; 2, 1, 2 / 3, 2, 1 ;
0,28; -0.663218, -4.086667, 0.757727 / -0.663218, -4.086667, 0.757727 / -0.663218, -4.086667, 0.757727; 1, 18, 1, 0; 0.809187443681; 1, 0, 1; 1, 0, 0; 3, 1, 2 ;
0,28; -0.663289, -4.071664, 0.771810 / -0.663289, -4.071664, 0.771810 / -0.663289, -4.071664, 0.771810; 1, 18, 1, 0; 0.809209894574; 1, 0, 1; 1, 0, 0; 2, 1, 2 ;
1,29; 1.6436, -0.817303, -2.33151 / 1.6436, -0.817303, -2.33151 / 1.6436, -0.817303, -2.33151; 1, 3, 1, 0; 0.814788178452; 1, 0, 1; 1, 0, 0; 3, 1, 2 ;
0,29; 0.279614, -0.186453, -0.709317 / 0.279614, -0.186453, -0.709317 / 0.279614, -0.186453, -0.709317; 1, 16, 1, 0; 0.078889661288; 1, 0, 1; 1, 0, 0; 3, 1, 2 ;
1,30; -0.82929, -2.3757, -0.420615 / -0.82929, -2.3757, -0.420615 / -0.82929, -2.3757, -0.420615; 1, 15, 1, 0; 0.109853119240; 1, 0, 1; 0, 1, 0; 4, 1, 2 ;
1,34; -2.34126, 0.555079, 1.20235 / -2.34126, 0.555079, 1.20235 / -2.34126, 0.555079, 1.20235; 1, 23, 1, 0; 0.532559536742; 1, 0, 1; 1, 0, 0; 2, 1, 2 ;
1,36; 0.0265979, 1.73231, -0.248096 / 0.0265979, 1.73231, -0.248096 / 0.0265979, 1.73231, -0.248096; 1, 13, 1, 0; 0.812208211310; 1, 0, 1; 1, 0, 0; 2, 1, 2 ;
0,36; 0.144385, 1.630918, 0.079661 / 0.144385, 1.630918, 0.079661 / 0.144385, 1.630918, 0.079661; 1, 17, 1, 0; 0.635225562074; 1, 0, 1; 1, 0, 0; 2, 1, 2 ;
1,38; 1.42257, 2.72127, -2.68871 / 1.42257, 2.72127, -2.68871 / 1.42257, 2.72127, -2.68871; 1, 4, 1, 0; 0.156495484713; 1, 0, 1; 1, 0, 0; 3, 1, 2 ;
1,43; -4.41837, 0.0636636, 1.03391 / -4.41837, 0.0636636, 1.03391 / -4.41837, 0.0636636, 1.03391; 1, 21, 1, 0; 0.506970630264; 0, 1, 0; 0, 1, 0; 4, 1, 1 ;
1,46; 2.50868, 2.55916, 2.35301 / 2.50868, 2.55916, 2.35301 / 2.50868, 2.55916, 2.35301; 1, 31, 1, 0; 0.313648274707; 1, 0, 1; 1, 0, 0; 3, 1, 2 ;
1,47; 2.4542, -0.479669, -0.0755834 / 2.4542, -0.479669, -0.0755834 / 2.4542, -0.479669, -0.0755834; 1, 16, 1, 0; 0.431178253986; 1, 0, 1; 1, 0, 0; 2, 1, 2 ;
0,47; 0.438158, 0.274027, 0.226307 / 0.438158, 0.274027, 0.226307 / 0.438158, 0.274027, 0.226307; 1, 16, 1, 0; 0.678738259987; 1, 0, 1; 1, 0, 0; 2, 1, 2 ;
0,47; -0.735597, 0.715330, 0.409606 / -0.735597, 0.715330, 0.409606 / -0.735597, 0.715330, 0.409606; 1, 17, 1, 0; 0.797904039347; 1, 0, 1; 0, 1, 0; 4, 1, 2 ;
0,47; -0.728811, 0.710632, 0.410268 / -0.728811, 0.710632, 0.410268 / -0.728811, 0.710632, 0.410268; 1, 17, 1, 0; 0.797892859235; 1, 0, 1; 1, 0, 0; 3, 1, 2 ;
0,47; -0.735584, 0.710013, 0.413319 / -0.735584, 0.710013, 0.413319 / -0.735584, 0.710013, 0.413319; 1, 17, 1, 0; 0.797905148292; 1, 0, 1; 1, 0, 0; 3, 1, 2 ;
1,48; -1.36583, -0.0681557, 2.25808 / -1.36564, -0.0679532, 2.25816 / -1.36603, -0.0683582, 2.25801; 1, 31, 1, 0; 0.918458935346; 0, 2, 0; 0, 2, 0; 1, 1, 1 / 1, 2, 1 ;
0,48; -0.250382, -0.570872, 2.649192 / -0.250044, -0.570636, 2.649363 / -0.250720, -0.571108, 2.649021; 1, 34, 1, 0; 0.737314671376; 2, 1, 1; 2, 0, 0; 2, 1, 1 / 3, 5, 2 ;
0,48; -0.253703, -0.569670, 2.649911 / -0.253703, -0.569670, 2.649911 / -0.253703, -0.569670, 2.649911; 1, 34, 1, 0; 0.737316267908; 1, 0, 1; 1, 0, 0; 3, 1, 2 ;
1,51; 1.36798, -3.56419, -1.29026 / 1.36798, -3.56419, -1.29026 / 1.36798, -3.56419, -1.29026; 1, 8, 1, 0; 0.485585120799; 1, 0, 1; 1, 0, 0; 3, 1, 2 ;
1,55; -0.193417, -1.72897, -0.0611542 / -0.193228, -1.72873, -0.0607014 / -0.193606, -1.72922, -0.061607; 1, 15, 1, 0; 0.550720721626; 2, 1, 1; 1, 1, 0; 2, 4, 2 / 4, 1, 1 ;
0,55; -0.193081, -1.730542, -0.066639 / -0.193081, -1.730542, -0.066639 / -0.193081, -1.730542, -0.066639; 1, 15, 1, 0; 0.550708385571; 1, 0, 1; 1, 0, 0; 2, 1, 2 ;
0,55; -0.192992, -1.733489, -0.058987 / -0.192992, -1.733489, -0.058987 / -0.192992, -1.733489, -0.058987; 1, 15, 1, 0; 0.550719743849; 1, 0, 1; 1, 0, 0; 3, 1, 2 ;
0,55; -0.193570, -1.730182, -0.058540 / -0.193570, -1.730182, -0.058540 / -0.193570, -1.730182, -0.058540; 1, 15, 1, 0; 0.550720601078; 0, 1, 0; 1, 0, 0; 2, 1, 1 / 4, 7, 0 ;
0,55; -0.186472, -1.723582, -0.057934 / -0.186472, -1.723582, -0.057934 / -0.186472, -1.723582, -0.057934; 1, 15, 1, 0; 0.550721237302; 1, 0, 1; 1, 0, 0; 3, 1, 2 ;
1,59; 3.37838, 1.85005, 1.12808 / 3.37838, 1.85005, 1.12808 / 3.37838, 1.85005, 1.12808; 1, 26, 1, 0; 0.287201517295; 1, 0, 1; 0, 1, 0; 1, 1, 2 ;
0,59; -0.759768, 0.800506, 2.561298 / -0.759768, 0.800506, 2.561298 / -0.759768, 0.800506, 2.561298; 1, 38, 1, 0; 0.922178447437; 1, 0, 1; 1, 0, 0; 1, 3, 0 / 3, 1, 2 / 4, 1, 0 ;
0,59; -1.451493, 0.622372, 2.801412 / -1.451493, 0.622372, 2.801412 / -1.451493, 0.622372, 2.801412; 1, 39, 1, 0; 0.314648907748; 1, 0, 1; 0, 1, 0; 1, 1, 2 ;
0,59; -1.734786, 0.556407, 2.892320 / -1.734786, 0.556407, 2.892320 / -1.734786, 0.556407, 2.892320; 1, 39, 1, 0; 0.097136052177; 1, 0, 1; 1, 0, 0; 3, 1, 2 ;
0,59; -1.416741, 0.632696, 2.788653 / -1.416741, 0.632696, 2.788653 / -1.416741, 0.632696, 2.788653; 1, 39, 1, 0; 0.314568976898; 1, 0, 1; 1, 0, 0; 2, 1, 2 / 4, 4, 0 ;
1,60; 0.495503, 0.0272665, 0.721853 / 0.495503, 0.0272665, 0.721853 / 0.495503, 0.0272665, 0.721853; 1, 23, 1, 0; 0.213904077600; 0, 0, 0; 1, 0, 0; 2, 1, 3 ;
0,60; 0.494345, 0.025225, 0.723986 / 0.494345, 0.025225, 0.723986 / 0.494345, 0.025225, 0.723986; 1, 23, 1, 0; 0.213904225398; 1, 0, 1; 1, 0, 0; 2, 1, 2 ;
0,60; 0.496611, 0.022522, 0.723651 / 0.496611, 0.022522, 0.723651 / 0.496611, 0.022522, 0.723651; 1, 23, 1, 0; 0.213905097406; 1, 0, 1; 1, 0, 0; 3, 1, 2 ;
0,60; 0.472693, 1.101690, 1.676178 / 0.472693, 1.101690, 1.676178 / 0.472693, 1.101690, 1.676178; 1, 27, 1, 0; 0.406359148471; 1, 0, 1; 1, 0, 0; 2, 1, 2 ;
1,64; -0.570383, 0.20912, -1.09348 / -0.570383, 0.20912, -1.09348 / -0.570383, 0.20912, -1.09348; 1, 11, 1, 0; 0.750999969102; 1, 0, 1; 1, 0, 0; 3, 1, 2 ;
0,64; -0.570005, 0.207639, -1.089730 / -0.570005, 0.207639, -1.089730 / -0.570005, 0.207639, -1.089730; 1, 11, 1, 0; 0.751009913578; 1, 0, 1; 1, 0, 0; 3, 1, 2 ;
1,67; 2.77809, -0.0290356, -2.55904 / 2.77809, -0.0290356, -2.55904 / 2.77809, -0.0290356, -2.55904; 1, 3, 1, 0; 0.652968511870; 1, 0, 1; 1, 0, 0; 2, 1, 2 ;
1,68; 0.947853, 0.313256, -0.193554 / 0.947853, 0.313256, -0.193554 / 0.947853, 0.313256, -0.193554; 1, 13, 1, 0; 0.982155518051; 0, 1, 0; 1, 0, 0; 3, 1, 1 ;
1,74; 0.540427, -3.10997, 0.764897 / 0.540464, -3.10945, 0.764905 / 0.540389, -3.1105, 0.764889; 1, 18, 1, 0; 0.698052742510; 0, 2, 0; 1, 1, 0; 1, 7, 1 / 3, 1, 1 ;
1,77; 0.698011, -2.83155, -1.66272 / 0.698011, -2.83155, -1.66272 / 0.698011, -2.83155, -1.66272; 1, 8, 1, 0; 0.333179091228; 1, 0, 1; 0, 1, 0; 4, 1, 2 ;
1,79; 1.32631, -0.530602, -2.00189 / 1.3265, -0.5305, -2.00188 / 1.32613, -0.530705, -2.00189; 1, 4, 1, 0; 0.548132823172; 2, 1, 1; 1, 1, 0; 3, 1, 2 / 4, 1, 1 ;
1,82; 0.715287, 2.40976, 2.61925 / 0.715287, 2.40976, 2.61925 / 0.715287, 2.40976, 2.61925; 1, 38, 1, 0; 0.581696700282; 1, 0, 1; 0, 1, 0; 1, 1, 2 ;
1,84; -0.99286, 1.19389, -2.04018 / -0.99286, 1.19389, -2.04018 / -0.99286, 1.19389, -2.04018; 1, 6, 1, 0; 0.404372961799; 1, 0, 1; 1, 0, 0; 3, 1, 2 ;
1,86; -2.60706, -1.11544, 2.92956 / -2.60706, -1.11544, 2.92956 / -2.60706, -1.11544, 2.92956; 1, 35, 1, 0; 0.310471230964; 0, 1, 0; 1, 0, 0; 2, 1, 1 ;
0,86; -2.387143, -0.050342, 2.370204 / -2.387143, -0.050342, 2.370204 / -2.387143, -0.050342, 2.370204; 1, 36, 1, 0; 0.260109083508; 1, 0, 1; 1, 0, 0; 2, 1, 2 ;
1,87; -1.93982, -1.49323, 2.58824 / -1.93982, -1.49323, 2.58824 / -1.93982, -1.49323, 2.58824; 1, 36, 1, 0; 0.597045071018; 1, 0, 1; 1, 0, 0; 2, 1, 2 ;
1,92; 2.06576, -2.79789, -0.804895 / 2.06576, -2.79789, -0.804895 / 2.06576, -2.79789, -0.804895; 1, 15, 1, 0; 0.042467606136; 0, 0, 0; 1, 0, 0; 3, 1, 3 / 3, 2, 0 ;
0,92; 1.714701, -3.064741, -0.560956 / 1.714701, -3.064741, -0.560956 / 1.714701, -3.064741, -0.560956; 1, 15, 1, 0; 0.145504351774; 1, 0, 1; 1, 0, 0; 3, 1, 2 ;
1,95; -0.157019, 2.11803, 4.12971 / -0.157019, 2.11803, 4.12971 / -0.157019, 2.11803, 4.12971; 1, 46, 1, 0; 0.489440441746; 1, 0, 1; 1, 0, 0; 3, 1, 2 ;
1,98; 1.67646, 3.21581, -0.0463355 / 1.67646, 3.21581, -0.0463355 / 1.67646, 3.21581, -0.0463355; 1, 20, 1, 0; 0.088518438172; 0, 0, 0; 0, 1, 0; 4, 1, 3 ;
0,98; 1.675607, 3.214777, -0.043871 / 1.675607, 3.214777, -0.043871 / 1.675607, 3.214777, -0.043871; 1, 20, 1, 0; 0.088518539409; 1, 0, 1; 1, 0, 0; 2, 1, 2 ;
1,99; -3.87476, -0.0994744, -1.16718 / -3.87476, -0.0994744, -1.16718 / -3.87476, -0.0994744, -1.16718; 1, 10, 1, 0; 0.198261730662; 1, 0, 1; 1, 0, 0; 3, 1, 2 ;
1,102; -0.810535, -0.39786, 1.83126 / -0.810535, -0.39786, 1.83126 / -0.810535, -0.39786, 1.83126; 1, 30, 1, 0; 0.218500064292; 0, 1, 0; 0, 1, 0; 1, 1, 1 ;
1,112; 0.721063, 0.490554, 2.17541 / 0.721063, 0.490554, 2.17541 / 0.721063, 0.490554, 2.17541; 1, 31, 1, 0; 0.864725728915; 1, 0, 1; 0, 1, 0; 4, 1, 2 ;
0,112; 0.714141, 0.479280, 2.187447 / 0.714141, 0.479280, 2.187447 / 0.714141, 0.479280, 2.187447; 1, 31, 1, 0; 0.864738848718; 0, 1, 0; 0, 1, 0; 4, 1, 1 ;
0,112; 0.724133, 0.397397, 2.305490 / 0.724133, 0.397397, 2.305490 / 0.724133, 0.397397, 2.305490; 1, 31, 1, 0; 0.867513615514; 1, 0, 1; 0, 1, 0; 1, 1, 2 ;
0,112; 0.722145, 0.484361, 2.173638 / 0.722145, 0.484361, 2.173638 / 0.722145, 0.484361, 2.173638; 1, 31, 1, 0; 0.864723889278; 1, 0, 1; 1, 0, 0; 3, 1, 2 ;
0,112; 0.717499, 0.408841, 2.299697 / 0.717499, 0.408841, 2.299697 / 0.717499, 0.408841, 2.299697; 1, 31, 1, 0; 0.867510035383; 1, 0, 1; 1, 0, 0; 3, 1, 2 ;
0,112; 0.721497, 0.401261, 2.308871 / 0.721497, 0.401261, 2.308871 / 0.721497, 0.401261, 2.308871; 1, 31, 1, 0; 0.867532838064; 1, 0, 1; 1, 0, 0; 3, 1, 2 ;
0,112; 0.722539, 0.396841, 2.308011 / 0.722539, 0.396841, 2.308011 / 0.722539, 0.396841, 2.308011; 1, 31, 1, 0; 0.867534027769; 0, 1, 0; 1, 0, 0; 2, 1, 0 / 3, 1, 1 ;
1,116; 2.83279, -2.33654, 0.520483 / 2.83279, -2.33654, 0.520483 / 2.83279, -2.33654, 0.520483; 1, 19, 1, 0; 0.344715256144; 1, 0, 1; 1, 0, 0; 2, 1, 2 ;
1,117; 1.615, -2.29047, 1.46582 / 1.615, -2.29047, 1.46582 / 1.615, -2.29047, 1.46582; 1, 22, 1, 0; 0.442568509496; 1, 0, 1; 0, 1, 0; 1, 1, 2 ;
0,117; 1.617982, -2.286284, 1.461106 / 1.617982, -2.286284, 1.461106 / 1.617982, -2.286284, 1.461106; 1, 22, 1, 0; 0.442567410842; 1, 0, 1; 1, 0, 0; 3, 1, 2 ;
0,117; 1.615538, -2.286246, 1.463040 / 1.615538, -2.286246, 1.463040 / 1.615538, -2.286246, 1.463040; 1, 22, 1, 0; 0.442568269393; 1, 0, 1; 1, 0, 0; 3, 1, 2 ;
0,117; 1.604825, -2.283243, 1.468334 / 1.604825, -2.283243, 1.468334 / 1.604825, -2.283243, 1.468334; 1, 22, 1, 0; 0.442569528117; 1, 0, 1; 1, 0, 0; 2, 1, 2 ;
1,121; 0.751299, 1.11869, 3.37565 / 0.751299, 1.11869, 3.37565 / 0.751299, 1.11869, 3.37565; 1, 42, 1, 0; 0.423623270039; 1, 0, 1; 0, 1, 0; 1, 1, 2 / 4, 10, 0 ;
1,123; -2.02417, -2.24474, -0.630233 / -2.02417, -2.24474, -0.630233 / -2.02417, -2.24474, -0.630233; 1, 9, 1, 0; 0.547897888740; 1, 0, 1; 1, 0, 0; 3, 1, 2 / 4, 2, 0 ;
0,123; -2.026826, -2.235559, -0.630256 / -2.026826, -2.235559, -0.630256 / -2.026826, -2.235559, -0.630256; 1, 9, 1, 0; 0.547898180709; 1, 0, 1; 1, 0, 0; 2, 1, 2 ;
0,123; -2.029487, -2.243701, -0.626124 / -2.029487, -2.243701, -0.626124 / -2.029487, -2.243701, -0.626124; 1, 9, 1, 0; 0.547898770054; 1, 0, 1; 1, 0, 0; 2, 1, 2 ;
0,123; -2.037631, -2.240236, -0.622192 / -2.037631, -2.240236, -0.622192 / -2.037631, -2.240236, -0.622192; 1, 9, 1, 0; 0.547900132576; 0, 1, 0; 1, 0, 0; 1, 10, 0 / 3, 1, 1 ;
1,126; -0.401561, -1.90358, -2.38289 / -0.401561, -1.90358, -2.38289 / -0.401561, -1.90358, -2.38289; 1, 5, 1, 0; 0.527108687406; 0, 1, 0; 0, 1, 0; 1, 1, 1 ;
1,128; 1.28615, -3.65401, -0.504454 / 1.28615, -3.65401, -0.504454 / 1.28615, -3.65401, -0.504454; 1, 9, 1, 0; 0.876909941649; 1, 0, 1; 1, 0, 0; 2, 5, 0 / 2, 7, 0 / 3, 1, 2 ;
1,129; -1.41267, -0.56519, -0.243522 / -1.41267, -0.56519, -0.243522 / -1.41267, -0.56519, -0.243522; 1, 10, 1, 0; 0.775925281912; 1, 0, 1; 1, 0, 0; 2, 1, 2 ;
1,133; 1.33582, 2.53905, -3.02473 / 1.33582, 2.53905, -3.02473 / 1.33582, 2.53905, -3.02473; 1, 2, 1, 0; 0.765629973832; 1, 0, 1; 1, 0, 0; 1, 4, 0 / 2, 1, 2 / 2, 2, 0 / 3, 10, 0 ;
0,133; 1.330430, 2.539228, -3.023501 / 1.330430, 2.539228, -3.023501 / 1.330430, 2.539228, -3.023501; 1, 2, 1, 0; 0.765637200225; 1, 0, 1; 1, 0, 0; 2, 1, 2 ;
0,133; 1.305755, 0.804428, -2.450083 / 1.305755, 0.804428, -2.450083 / 1.305755, 0.804428, -2.450083; 1, 4, 1, 0; 0.441137312266; 1, 0, 1; 0, 1, 0; 4, 1, 2 ;
0,133; 1.304979, 0.802402, -2.448377 / 1.304979, 0.802402, -2.448377 / 1.304979, 0.802402, -2.448377; 1, 4, 1, 0; 0.441137803890; 1, 0, 1; 0, 1, 0; 1, 1, 2 ;
1,139; -0.842948, 0.472893, -4.0804 / -0.842762, 0.473281, -4.08036 / -0.843133, 0.472505, -4.08045; 1, 1, 1, 0; 0.158762854833; 2, 1, 1; 1, 1, 0; 1, 1, 2 / 3, 6, 1 ;
0,139; -0.844248, 0.471396, -4.082719 / -0.844248, 0.471396, -4.082719 / -0.844248, 0.471396, -4.082719; 1, 1, 1, 0; 0.158763285964; 0, 1, 0; 0, 1, 0; 4, 1, 1 ;
0,139; -0.842303, 0.477068, -4.078836 / -0.842303, 0.477068, -4.078836 / -0.842303, 0.477068, -4.078836; 1, 1, 1, 0; 0.158762933940; 1, 0, 1; 1, 0, 0; 3, 1, 2 ;
0,139; -0.841792, 0.472681, -4.082189 / -0.841792, 0.472681, -4.082189 / -0.841792, 0.472681, -4.082189; 1, 1, 1, 0; 0.158763337384; 0, 1, 0; 1, 0, 0; 1, 4, 0 / 2, 1, 1 / 3, 7, 0 / 3, 10, 0 ;
0,139; -0.837162, 0.473683, -4.087435 / -0.837162, 0.473683, -4.087435 / -0.837162, 0.473683, -4.087435; 1, 1, 1, 0; 0.158764005835; 1, 0, 1; 1, 0, 0; 2, 1, 2 ;
0,139; -0.832047, 0.517484, -4.067850 / -0.832047, 0.517484, -4.067850 / -0.832047, 0.517484, -4.067850; 1, 1, 1, 0; 0.158788849283; 1, 0, 1; 1, 0, 0; 2, 1, 2 ;
0,139; -1.051561, -1.991017, -0.549281 / -1.051561, -1.991017, -0.549281 / -1.051561, -1.991017, -0.549281; 1, 16, 1, 0; 0.250026882153; 1, 0, 1; 1, 0, 0; 2, 1, 2 ;
0,139; -1.064275, -1.992039, -0.542763 / -1.064275, -1.992039, -0.542763 / -1.064275, -1.992039, -0.542763; 1, 16, 1, 0; 0.250030136942; 1, 0, 1; 1, 0, 0; 3, 1, 2 ;
0,139; -1.093041, -2.596333, 0.313653 / -1.092630, -2.595983, 0.313824 / -1.093453, -2.596682, 0.313482; 1, 18, 1, 0; 0.337392655580; 2, 1, 1; 2, 0, 0; 3, 1, 1 / 3, 5, 2 ;
0,139; -1.092253, -2.594381, 0.315017 / -1.092253, -2.594381, 0.315017 / -1.092253, -2.594381, 0.315017; 1, 18, 1, 0; 0.337393548315; 1, 0, 1; 1, 0, 0; 2, 1, 2 ;
1,140; 1.16529, 1.21474, 3.52507 / 1.16529, 1.21474, 3.52507 / 1.16529, 1.21474, 3.52507; 1, 45, 1, 0; 0.129060643988; 1, 0, 1; 1, 0, 0; 3, 1, 2 ;
0,140; 1.152969, 1.210927, 3.532287 / 1.152969, 1.210927, 3.532287 / 1.152969, 1.210927, 3.532287; 1, 45, 1, 0; 0.129086168123; 1, 0, 1; 1, 0, 0; 3, 1, 2 ;
1,142; -2.50125, 0.91133, 2.06144 / -2.50125, 0.91133, 2.06144 / -2.50125, 0.91133, 2.06144; 1, 30, 1, 0; 0.847024199173; 1, 0, 1; 1, 0, 0; 2, 3, 0 / 3, 1, 2 ;
1,143; 3.35856, 0.869673, -2.03601 / 3.35856, 0.869673, -2.03601 / 3.35856, 0.869673, -2.03601; 1, 4, 1, 0; 0.650435724158; 1, 0, 1; 1, 0, 0; 2, 1, 2 ;
1,144; 1.5357, 3.84614, -1.6746 / 1.5357, 3.84614, -1.6746 / 1.5357, 3.84614, -1.6746; 1, 7, 1, 0; 0.168674145847; 1, 0, 1; 1, 0, 0; 2, 1, 0 / 3, 1, 2 ;
1,145; 1.74772, 1.48644, 0.0846696 / 1.74772, 1.48644, 0.0846696 / 1.74772, 1.48644, 0.0846696; 1, 20, 1, 0; 0.369774732951; 1, 0, 1; 0, 1, 0; 1, 1, 2 ;
0,145; 1.757132, 1.485304, 0.088026 / 1.757132, 1.485304, 0.088026 / 1.757132, 1.485304, 0.088026; 1, 20, 1, 0; 0.369761000859; 1, 0, 1; 1, 0, 0; 2, 1, 2 ;
1,148; 1.37422, 2.46222, -1.62206 / 1.37426, 2.46246, -1.62148 / 1.37417, 2.46198, -1.62264; 1, 7, 1, 0; 0.060560273722; 1, 0, 2; 2, 0, 0; 2, 5, 2 / 3, 1, 2 ;
1,149; 0.996106, -1.22912, 1.87335 / 0.996106, -1.22912, 1.87335 / 0.996106, -1.22912, 1.87335; 1, 33, 1, 0; 0.249765846199; 1, 0, 1; 1, 0, 0; 3, 1, 2 ;
1,154; -1.86303, 1.98428, -0.0918082 / -1.86303, 1.98428, -0.0918082 / -1.86303, 1.98428, -0.0918082; 1, 14, 1, 0; 0.529430326845; 1, 0, 1; 1, 0, 0; 3, 1, 2 ;
1,156; 1.54996, -2.33231, 0.494412 / 1.54996, -2.33231, 0.494412 / 1.54996, -2.33231, 0.494412; 1, 19, 1, 0; 0.356255557195; 1, 0, 1; 1, 0, 0; 3, 1, 2 ;
1,157; 1.29982, -2.05562, 1.75685 / 1.29982, -2.05562, 1.75685 / 1.29982, -2.05562, 1.75685; 1, 22, 1, 0; 0.964091572517; 1, 0, 1; 1, 0, 0; 3, 1, 2 ;
0,157; 1.300593, -2.059118, 1.759945 / 1.300593, -2.059118, 1.759945 / 1.300593, -2.059118, 1.759945; 1, 22, 1, 0; 0.964092336482; 1, 0, 1; 1, 0, 0; 3, 1, 2 ;
1,158; -2.33167, 0.377503, 1.2805 / -2.33167, 0.377503, 1.2805 / -2.33167, 0.377503, 1.2805; 1, 23, 1, 0; 0.637309381184; 0, 1, 0; 0, 1, 0; 1, 1, 1 ;
0,158; -1.793546, -2.411054, 3.493541 / -1.793546, -2.411054, 3.493541 / -1.793546, -2.411054, 3.493541; 1, 43, 1, 0; 0.784249165013; 0, 1, 0; 0, 1, 0; 4, 1, 1 ;
1,161; 0.39997, -0.975592, -4.11508 / 0.39997, -0.975592, -4.11508 / 0.39997, -0.975592, -4.11508; 1, 1, 1, 0; 0.264437207503; 1, 0, 1; 1, 0, 0; 1, 10, 0 / 3, 1, 2 ;
0,161; 0.403757, -0.976048, -4.111402 / 0.403757, -0.976048, -4.111402 / 0.403757, -0.976048, -4.111402; 1, 1, 1, 0; 0.264437745428; 1, 0, 1; 1, 0, 0; 2, 1, 2 ;
1,166; -2.6806, 0.407799, 1.67489 / -2.68038, 0.407842, 1.67517 / -2.68082, 0.407755, 1.67461; 1, 24, 1, 0; 0.842154725325; 2, 1, 1; 2, 0, 0; 2, 1, 2 / 2, 3, 1 ;
1,173; -2.2868, 1.94118, 1.03667 / -2.2868, 1.94118, 1.03667 / -2.2868, 1.94118, 1.03667; 1, 24, 1, 0; 0.365806134801; 1, 0, 1; 1, 0, 0; 3, 1, 2 ;
0,173; -2.283999, 1.938304, 1.031338 / -2.283999, 1.938304, 1.031338 / -2.283999, 1.938304, 1.031338; 1, 24, 1, 0; 0.365807302405; 1, 0, 1; 1, 0, 0; 3, 1, 2 ;
1,178; -2.03424, 1.66114, -1.96419 / -2.03424, 1.66114, -1.96419 / -2.03424, 1.66114, -1.96419; 1, 6, 1, 0; 0.452880858772; 1, 0, 1; 1, 0, 0; 3, 1, 2 ;
0,178; -0.727521, 3.762200, 1.107781 / -0.727521, 3.762200, 1.107781 / -0.727521, 3.762200, 1.107781; 1, 26, 1, 0; 0.542844250139; 1, 0, 1; 1, 0, 0; 3, 1, 2 ;
1,181; -0.532611, -0.991343, -0.496082 / -0.532553, -0.990834, -0.495959 / -0.532668, -0.991851, -0.496205; 1, 16, 1, 0; 0.214697538950; 1, 0, 2; 1, 2, 1; 1, 4, 2 / 2, 4, 3 / 4, 1, 2 / 4, 9, 0 ;
0,181; -0.449870, 0.011266, -0.486382 / -0.449870, 0.011266, -0.486382 / -0.449870, 0.011266, -0.486382; 1, 16, 1, 0; 0.134209929922; 1, 0, 1; 1, 0, 0; 2, 1, 2 ;
1,182; 2.62062, 3.38937, 1.78383 / 2.62062, 3.38937, 1.78383 / 2.62062, 3.38937, 1.78383; 1, 28, 1, 0; 0.394213537983; 1, 0, 1; 0, 1, 0; 1, 1, 2 ;
0,182; 2.621572, 3.388385, 1.789085 / 2.621572, 3.388385, 1.789085 / 2.621572, 3.388385, 1.789085; 1, 28, 1, 0; 0.394230481642; 1, 0, 1; 1, 0, 0; 2, 1, 2 ;
1,187; 0.564145, -1.92883, -3.53591 / 0.564145, -1.92883, -3.53591 / 0.564145, -1.92883, -3.53591; 1, 1, 1, 0; 0.918655194618; 1, 0, 1; 1, 0, 0; 3, 1, 2 ;
1,190; -0.676915, -4.34451, 0.737427 / -0.676915, -4.34451, 0.737427 / -0.676915, -4.34451, 0.737427; 1, 18, 1, 0; 0.822282584133; 1, 0, 1; 1, 0, 0; 2, 1, 2 ;
1,192; 1.14371, -3.63863, 1.4077 / 1.14371, -3.63863, 1.4077 / 1.14371, -3.63863, 1.4077; 1, 22, 1, 0; 0.615058868982; 1, 0, 1; 1, 0, 0; 3, 1, 2 ;
1,193; -0.971627, 1.64885, -3.20422 / -0.971627, 1.64885, -3.20422 / -0.971627, 1.64885, -3.20422; 1, 2, 1, 0; 0.252919142705; 1, 0, 1; 1, 0, 0; 3, 1, 2 ;
1,196; -3.34723, -0.508188, 1.12913 / -3.34723, -0.508188, 1.12913 / -3.34723, -0.508188, 1.12913; 1, 21, 1, 0; 0.562855054685; 0, 1, 0; 0, 1, 0; 1, 1, 1 ;
1,198; -1.95606, -0.0222761, -0.788371 / -1.95606, -0.0222761, -0.788371 / -1.95606, -0.0222761, -0.788371; 1, 10, 1, 0; 0.373729983909; 1, 0, 1; 0, 1, 0; 1, 1, 2 ;
0,198; -3.357478, 0.471295, 0.833759 / -3.357478, 0.471295, 0.833759 / -3.357478, 0.471295, 0.833759; 1, 23, 1, 0; 0.192430405602; 1, 0, 1; 0, 1, 0; 4, 1, 2 ;
1,199; -1.25212, -1.57615, -1.93442 / -1.25212, -1.57615, -1.93442 / -1.25212, -1.57615, -1.93442; 1, 5, 1, 0; 0.858609210342; 1, 0, 1; 0, 1, 0; 1, 1, 2 ;
