1,14; -0.981096, 0.702207, -3.58085 / -0.981096, 0.702207, -3.58085 / -0.981096, 0.702207, -3.58085; 1, 1, 1, 0; 0.675704543729; 1, 0, 1; 0, 1, 0; 1, 1, 2 ;
0,14; -1.349491, -0.170351, -3.261699 / -1.349491, -0.170351, -3.261699 / -1.349491, -0.170351, -3.261699; 1, 2, 1, 0; 0.407394269988; 1, 0, 1; 1, 0, 0; 2, 1, 2 ;
1,15; 2.02136, -1.68352, 1.29293 / 2.02136, -1.68352, 1.29293 / 2.02136, -1.68352, 1.29293; 1, 22, 1, 0; 0.342600443245; 1, 0, 1; 0, 1, 0; 1, 1, 2 ;
0,15; 2.019458, -1.682224, 1.288812 / 2.019458, -1.682224, 1.288812 / 2.019458, -1.682224, 1.288812; 1, 22, 1, 0; 0.342600625142; 1, 0, 1; 0, 1, 0; 4, 1, 2 ;
0,15; 2.019270, -1.683620, 1.290017 / 2.019270, -1.683620, 1.290017 / 2.019270, -1.683620, 1.290017; 1, 22, 1, 0; 0.342600552383; 0, 1, 0; 1, 0, 0; 3, 1, 1 ;
1,18; 0.572332, 1.32859, -1.01746 / 0.572332, 1.32859, -1.01746 / 0.572332, 1.32859, -1.01746; 1, 7, 1, 0; 0.546092913444; 0, 0, 0; 1, 0, 0; 3, 1, 3 ;
1,19; 0.998862, 4.05169, -0.294168 / 0.999186, 4.05172, -0.293585 / 0.998538, 4.05165, -0.294751; 1, 17, 1, 0; 0.337891792138; 0, 2, 0; 1, 1, 0; 2, 6, 0 / 3, 9, 1 / 4, 1, 1 ;
0,19; 1.000386, 4.051730, -0.295578 / 1.000386, 4.051730, -0.295578 / 1.000386, 4.051730, -0.295578; 1, 17, 1, 0; 0.337891722393; 1, 0, 1; 1, 0, 0; 2, 1, 2 ;
0,19; 0.998839, 4.051219, -0.293333 / 0.999186, 4.051649, -0.293081 / 0.998492, 4.050789, -0.293585; 1, 17, 1, 0; 0.337891847934; 1, 0, 1; 2, 0, 0; 1, 6, 0 / 3, 1, 1 / 3, 10, 2 ;
1,21; 1.27774, -2.88154, -0.132793 / 1.27774, -2.88154, -0.132793 / 1.27774, -2.88154, -0.132793; 1, 15, 1, 0; 0.384730334641; 0, 1, 0; 1, 0, 0; 2, 1, 1 ;
0,21; 1.166049, -4.080909, 0.186591 / 1.166049, -4.080909, 0.186591 / 1.166049, -4.080909, 0.186591; 1, 15, 1, 0; 0.936147172753; 1, 0, 1; 1, 0, 0; 2, 1, 2 ;
1,22; -1.41794, 2.75757, 0.188695 / -1.41794, 2.75757, 0.188695 / -1.41794, 2.75757, 0.188695; 1, 17, 1, 0; 0.547050528806; 1, 0, 1; 1, 0, 0; 1, 1, 0 / 2, 1, 2 ;
1,24; 1.44071, 1.3044, 2.3307 / 1.44115, 1.30484, 2.33104 / 1.44027, 1.30396, 2.33037; 1, 31, 1, 0; 0.641489158262; 2, 2, 2; 2, 2, 0; 1, 6, 0 / 3, 9, 1 / 3, 10, 1 / 4, 1, 2 / 4, 10, 2 ;
0,24; 1.443204, 1.301780, 2.323899 / 1.443204, 1.301780, 2.323899 / 1.443204, 1.301780, 2.323899; 1, 31, 1, 0; 0.641469054449; 1, 0, 1; 1, 0, 0; 3, 1, 2 ;
1,26; -1.11229, 0.903661, 1.45232 / -1.11217, 0.903837, 1.45249 / -1.11241, 0.903484, 1.45214; 1, 26, 1, 0; 0.886952518109; 0, 1, 0; 2, 0, 0; 2, 1, 1 / 2, 3, 3 / 3, 1, 0 / 3, 2, 0 / 4, 2, 0 ;
0,26; -1.120494, 0.901116, 1.441382 / -1.120494, 0.901116, 1.441382 / -1.120494, 0.901116, 1.441382; 1, 26, 1, 0; 0.886937533753; 1, 0, 1; 1, 0, 0; 3, 1, 2 ;
0,26; -1.113229, 0.906327, 1.449447 / -1.113229, 0.906327, 1.449447 / -1.113229, 0.906327, 1.449447; 1, 26, 1, 0; 0.886953461060; 1, 0, 1; 1, 0, 0; 3, 1, 2 ;
1,32; 0.228361, 1.14881, -2.63423 / 0.228361, 1.14881, -2.63423 / 0.228361, 1.14881, -2.63423; 1, 3, 1, 0; 0.715360404905; 1, 0, 1; 1, 0, 0; 1, 8, 0 / 2, 1, 2 / 2, 8, 0 / 3, 9, 0 ;
0,32; 0.143540, 1.611015, -1.792922 / 0.143540, 1.611015, -1.792922 / 0.143540, 1.611015, -1.792922; 1, 7, 1, 0; 0.033194416746; 1, 0, 1; 1, 0, 0; 2, 1, 2 ;
1,34; -1.40918, 1.06142, 1.13593 / -1.40918, 1.06142, 1.13593 / -1.40918, 1.06142, 1.13593; 1, 25, 1, 0; 0.770322463675; 1, 0, 1; 1, 0, 0; 2, 1, 2 ;
0,34; -1.758340, 1.126499, 2.840907 / -1.758340, 1.126499, 2.840907 / -1.758340, 1.126499, 2.840907; 1, 39, 1, 0; 0.396398506994; 1, 0, 1; 0, 1, 0; 1, 1, 2 ;
1,36; -0.500869, -3.56987, -0.675625 / -0.500869, -3.56987, -0.675625 / -0.500869, -3.56987, -0.675625; 1, 9, 1, 0; 0.685445771641; 1, 0, 1; 1, 0, 0; 3, 1, 2 / 4, 1, 0 / 4, 2, 0 ;
0,36; -0.455318, 3.482331, 0.093157 / -0.454477, 3.482921, 0.093703 / -0.456158, 3.481741, 0.092612; 1, 17, 1, 0; 0.472489210460; 0, 3, 0; 2, 1, 0; 2, 6, 0 / 3, 1, 1 / 3, 3, 0 / 3, 9, 1 / 4, 1, 0 / 4, 9, 1 ;
1,40; 2.40437, 1.48261, -3.56129 / 2.40437, 1.48261, -3.56129 / 2.40437, 1.48261, -3.56129; 1, 3, 1, 0; 0.014548318202; 1, 0, 1; 1, 0, 0; 2, 1, 2 ;
0,40; 1.060858, -0.355944, 0.090487 / 1.060858, -0.355944, 0.090487 / 1.060858, -0.355944, 0.090487; 1, 16, 1, 0; 0.757297848088; 1, 0, 1; 1, 0, 0; 3, 1, 2 ;
1,41; 2.20861, 2.92657, -1.63056 / 2.2091, 2.9268, -1.63027 / 2.20812, 2.92633, -1.63085; 1, 13, 1, 0; 0.006204509671; 2, 1, 2; 2, 1, 0; 1, 3, 1 / 2, 1, 2 / 2, 3, 2 ;
1,44; 0.824003, -0.86955, 3.57834 / 0.824003, -0.86955, 3.57834 / 0.824003, -0.86955, 3.57834; 1, 44, 1, 0; 0.178843735514; 0, 1, 0; 0, 1, 0; 1, 1, 1 / 2, 1, 0 ;
1,46; -2.75112, -1.8279, -0.186826 / -2.75112, -1.8279, -0.186826 / -2.75112, -1.8279, -0.186826; 1, 10, 1, 0; 0.862771568933; 1, 0, 1; 1, 0, 0; 3, 1, 2 ;
1,47; 0.599913, -3.28463, 2.10153 / 0.599913, -3.28463, 2.10153 / 0.599913, -3.28463, 2.10153; 1, 32, 1, 0; 0.522342375092; 0, 0, 0; 1, 0, 0; 3, 1, 3 / 3, 5, 0 / 3, 6, 0 ;
1,48; -2.76524, 2.01835, 0.768289 / -2.76524, 2.01835, 0.768289 / -2.76524, 2.01835, 0.768289; 1, 24, 1, 0; 0.147670429605; 1, 0, 1; 1, 0, 0; 3, 1, 2 ;
1,49; -0.482934, -3.56699, -0.713845 / -0.482934, -3.56699, -0.713845 / -0.482934, -3.56699, -0.713845; 1, 9, 1, 0; 0.685418418480; 1, 0, 1; 0, 1, 0; 1, 1, 2 / 1, 4, 0 ;
1,50; 0.750855, 0.448299, -0.668504 / 0.750971, 0.448527, -0.66818 / 0.750739, 0.448071, -0.668827; 1, 13, 1, 0; 0.349490652348; 2, 1, 1; 2, 0, 0; 2, 1, 2 / 2, 2, 1 ;
0,50; 2.739459, 0.242373, 1.445308 / 2.739459, 0.242373, 1.445308 / 2.739459, 0.242373, 1.445308; 1, 26, 1, 0; 0.936475821868; 1, 0, 1; 1, 0, 0; 1, 2, 0 / 3, 1, 2 ;
0,50; 2.736164, 0.241803, 1.444649 / 2.736164, 0.241803, 1.444649 / 2.736164, 0.241803, 1.444649; 1, 26, 1, 0; 0.936476027603; 0, 1, 0; 1, 0, 0; 2, 1, 1 ;
1,58; 3.76799, -1.78229, -0.463589 / 3.76828, -1.78219, -0.463055 / 3.7677, -1.78239, -0.464123; 1, 12, 1, 0; 0.678024974481; 2, 1, 1; 1, 1, 0; 1, 5, 1 / 3, 1, 2 / 3, 2, 0 ;
1,59; -1.1767, 1.57034, 3.1252 / -1.17662, 1.5708, 3.12592 / -1.17678, 1.56988, 3.12449; 1, 42, 1, 0; 0.709810470933; 1, 0, 2; 1, 1, 0; 1, 1, 2 / 3, 6, 0 / 3, 7, 2 ;
1,62; 0.25579, -3.60385, -2.62414 / 0.25579, -3.60385, -2.62414 / 0.25579, -3.60385, -2.62414; 1, 3, 1, 0; 0.464490072817; 1, 0, 1; 1, 0, 0; 3, 1, 2 / 3, 6, 0 ;
0,62; 0.256323, -3.601115, -2.628877 / 0.256323, -3.601115, -2.628877 / 0.256323, -3.601115, -2.628877; 1, 3, 1, 0; 0.464490169530; 1, 0, 1; 1, 0, 0; 3, 1, 2 ;
0,62; -2.426140, -2.874814, 1.096727 / -2.426140, -2.874814, 1.096727 / -2.426140, -2.874814, 1.096727; 1, 21, 1, 0; 0.791423194568; 1, 0, 1; 1, 0, 0; 3, 1, 2 ;
0,62; -2.420426, -2.869936, 1.095981 / -2.420426, -2.869936, 1.095981 / -2.420426, -2.869936, 1.095981; 1, 21, 1, 0; 0.791425290016; 1, 0, 1; 1, 0, 0; 3, 1, 2 ;
0,62; -3.050466, -2.716752, 1.945659 / -3.050466, -2.716752, 1.945659 / -3.050466, -2.716752, 1.945659; 1, 32, 1, 0; 0.426751146744; 1, 0, 1; 1, 0, 0; 3, 1, 2 ;
1,63; -3.45111, 0.875315, 0.148002 / -3.45111, 0.875315, 0.148002 / -3.45111, 0.875315, 0.148002; 1, 14, 1, 0; 0.810727980668; 1, 0, 1; 1, 0, 0; 3, 1, 2 ;
1,66; -3.36053, 0.0486467, -2.03941 / -3.36053, 0.0486467, -2.03941 / -3.36053, 0.0486467, -2.03941; 1, 6, 1, 0; 0.345813775913; 0, 1, 0; 1, 0, 0; 3, 1, 1 ;
0,66; -3.899473, 1.674792, -0.698775 / -3.899473, 1.674792, -0.698775 / -3.899473, 1.674792, -0.698775; 1, 14, 1, 0; 0.098812145855; 1, 0, 1; 1, 0, 0; 3, 1, 2 ;
1,68; 0.132729, -3.19483, -2.50856 / 0.132972, -3.19482, -2.50817 / 0.132485, -3.19483, -2.50894; 1, 3, 1, 0; 0.483544949367; 2, 1, 1; 2, 0, 0; 2, 1, 1 / 2, 2, 2 ;
0,68; -0.472352, -2.796640, -1.930157 / -0.472352, -2.796640, -1.930157 / -0.472352, -2.796640, -1.930157; 1, 5, 1, 0; 0.719165659512; 1, 0, 1; 1, 0, 0; 2, 1, 2 ;
0,68; -0.501079, -2.795028, -1.909492 / -0.501079, -2.795028, -1.909492 / -0.501079, -2.795028, -1.909492; 1, 5, 1, 0; 0.719179715566; 0, 1, 0; 1, 0, 0; 2, 1, 1 ;
0,68; -0.494387, -2.797460, -1.912738 / -0.494387, -2.797460, -1.912738 / -0.494387, -2.797460, -1.912738; 1, 5, 1, 0; 0.719180043933; 1, 0, 1; 1, 0, 0; 3, 1, 2 ;
0,68; -0.547449, -2.702596, -1.958006 / -0.547449, -2.702596, -1.958006 / -0.547449, -2.702596, -1.958006; 1, 5, 1, 0; 0.755420667104; 1, 0, 1; 1, 0, 0; 3, 1, 2 ;
0,68; -0.567275, -2.696744, -1.960930 / -0.567275, -2.696744, -1.960930 / -0.567275, -2.696744, -1.960930; 1, 5, 1, 0; 0.755427445180; 1, 0, 1; 1, 0, 0; 3, 1, 2 ;
0,68; -1.213600, -2.328632, -1.047582 / -1.213600, -2.328632, -1.047582 / -1.213600, -2.328632, -1.047582; 1, 9, 1, 0; 0.381060414855; 0, 1, 0; 0, 1, 0; 1, 1, 1 / 4, 6, 0 ;
0,68; -1.212772, -2.326287, -1.053195 / -1.212772, -2.326287, -1.053195 / -1.212772, -2.326287, -1.053195; 1, 9, 1, 0; 0.381059668713; 1, 0, 1; 1, 0, 0; 3, 1, 2 ;
0,68; -1.213156, -2.328744, -1.046957 / -1.213156, -2.328744, -1.046957 / -1.213156, -2.328744, -1.046957; 1, 9, 1, 0; 0.381060360787; 0, 1, 0; 1, 0, 0; 2, 1, 1 / 4, 6, 0 ;
1,71; -0.43358, 3.11863, -0.544691 / -0.43358, 3.11863, -0.544691 / -0.43358, 3.11863, -0.544691; 1, 13, 1, 0; 0.629824599953; 1, 0, 1; 1, 0, 0; 3, 1, 2 ;
1,73; -2.87728, 3.23232, -0.193599 / -2.87728, 3.23232, -0.193599 / -2.87728, 3.23232, -0.193599; 1, 14, 1, 0; 0.594781699356; 1, 0, 1; 1, 0, 0; 2, 1, 2 ;
1,74; 0.183299, -1.15021, 2.8723 / 0.183299, -1.15021, 2.8723 / 0.183299, -1.15021, 2.8723; 1, 35, 1, 0; 0.260619771579; 1, 0, 1; 1, 0, 0; 2, 1, 2 ;
0,74; 0.762491, 0.129639, 3.917193 / 0.762491, 0.129639, 3.917193 / 0.762491, 0.129639, 3.917193; 1, 46, 1, 0; 0.211364568284; 1, 0, 1; 0, 1, 0; 2, 10, 0 / 4, 1, 2 ;
0,74; 0.764956, 0.123577, 3.921248 / 0.764956, 0.123577, 3.921248 / 0.764956, 0.123577, 3.921248; 1, 46, 1, 0; 0.211365257169; 1, 0, 1; 0, 1, 0; 1, 1, 2 ;
1,75; -0.763278, -0.753958, -2.72876 / -0.763278, -0.753958, -2.72876 / -0.763278, -0.753958, -2.72876; 1, 2, 1, 0; 0.986581449013; 1, 0, 1; 1, 0, 0; 3, 1, 2 ;
1,76; -3.14113, -0.366654, -1.69824 / -3.14113, -0.366654, -1.69824 / -3.14113, -0.366654, -1.69824; 1, 6, 1, 0; 0.813957210393; 1, 0, 1; 1, 0, 0; 2, 1, 2 ;
0,76; -3.142855, -0.369638, -1.698906 / -3.142855, -0.369638, -1.698906 / -3.142855, -0.369638, -1.698906; 1, 6, 1, 0; 0.813957793611; 1, 0, 1; 1, 0, 0; 3, 1, 2 ;
0,76; 2.029610, 1.486677, -0.828120 / 2.030092, 1.486806, -0.828099 / 2.029128, 1.486548, -0.828140; 1, 12, 1, 0; 0.331440953388; 2, 1, 1; 1, 1, 0; 1, 6, 1 / 3, 1, 2 ;
1,80; 0.598963, -1.42686, 1.77591 / 0.599388, -1.42671, 1.776 / 0.598538, -1.42701, 1.77582; 1, 27, 1, 0; 0.909269295512; 2, 1, 1; 1, 1, 0; 1, 1, 1 / 2, 2, 0 / 2, 4, 2 ;
1,81; 0.188539, -0.441313, 4.41233 / 0.188539, -0.441313, 4.41233 / 0.188539, -0.441313, 4.41233; 1, 46, 1, 0; 0.895478276093; 1, 0, 1; 1, 0, 0; 2, 1, 2 ;
1,82; 1.98345, 1.65989, -2.54653 / 1.98345, 1.65989, -2.54653 / 1.98345, 1.65989, -2.54653; 1, 4, 1, 0; 0.081792619189; 0, 1, 0; 0, 1, 0; 1, 1, 1 ;
0,82; 1.981632, 1.662724, -2.549708 / 1.981632, 1.662724, -2.549708 / 1.981632, 1.662724, -2.549708; 1, 4, 1, 0; 0.081792768288; 1, 0, 1; 1, 0, 0; 2, 1, 2 ;
1,87; 1.01389, -0.527384, 0.785048 / 1.01389, -0.527384, 0.785048 / 1.01389, -0.527384, 0.785048; 1, 23, 1, 0; 0.271655212319; 1, 0, 1; 1, 0, 0; 3, 1, 2 ;
1,88; 1.00855, 0.100656, -2.01516 / 1.00855, 0.100656, -2.01516 / 1.00855, 0.100656, -2.01516; 1, 4, 1, 0; 0.607956176936; 1, 0, 1; 1, 0, 0; 3, 1, 2 ;
0,88; 1.008158, 0.104911, -2.012832 / 1.008158, 0.104911, -2.012832 / 1.008158, 0.104911, -2.012832; 1, 4, 1, 0; 0.607956628264; 1, 0, 1; 1, 0, 0; 2, 1, 2 ;
0,88; -1.068724, -0.602953, -1.762176 / -1.068724, -0.602953, -1.762176 / -1.068724, -0.602953, -1.762176; 1, 6, 1, 0; 0.798813875893; 1, 0, 1; 1, 0, 0; 2, 1, 2 / 4, 4, 0 ;
1,92; 0.504727, -0.904801, -2.69061 / 0.504727, -0.904801, -2.69061 / 0.504727, -0.904801, -2.69061; 1, 2, 1, 0; 0.993677403814; 1, 0, 1; 1, 0, 0; 2, 1, 2 ;
1,93; 2.46372, -0.802977, -0.0824647 / 2.46372, -0.802977, -0.0824647 / 2.46372, -0.802977, -0.0824647; 1, 16, 1, 0; 0.365830192394; 1, 0, 1; 0, 1, 0; 4, 1, 2 ;
1,98; -0.563934, 3.60973, 2.29433 / -0.563934, 3.60973, 2.29433 / -0.563934, 3.60973, 2.29433; 1, 38, 1, 0; 0.139008630455; 1, 0, 1; 1, 0, 0; 3, 1, 2 ;
1,99; 0.266455, 0.247384, -4.42545 / 0.266455, 0.247384, -4.42545 / 0.266455, 0.247384, -4.42545; 1, 1, 1, 0; 0.051225579773; 1, 0, 1; 1, 0, 0; 2, 1, 2 ;
1,100; -1.39097, 2.56999, 0.417734 / -1.39066, 2.57019, 0.41778 / -1.39129, 2.56978, 0.417687; 1, 25, 1, 0; 0.071652813853; 2, 1, 1; 1, 1, 0; 1, 5, 0 / 2, 1, 2 / 4, 5, 1 ;
1,101; -3.11024, 0.739528, -0.0438642 / -3.10991, 0.73959, -0.0436349 / -3.11056, 0.739466, -0.0440934; 1, 14, 1, 0; 0.422416011463; 2, 1, 1; 1, 1, 0; 1, 1, 1 / 2, 2, 2 ;
1,105; -0.751062, -0.951042, -2.9738 / -0.751062, -0.951042, -2.9738 / -0.751062, -0.951042, -2.9738; 1, 5, 1, 0; 0.110096593710; 0, 1, 0; 1, 0, 0; 2, 1, 1 ;
0,105; 0.999530, 2.523032, 2.042105 / 0.999530, 2.523032, 2.042105 / 0.999530, 2.523032, 2.042105; 1, 31, 1, 0; 0.216617525237; 1, 0, 1; 1, 0, 0; 3, 1, 2 ;
1,110; 0.414192, -0.750177, 3.34147 / 0.414192, -0.750177, 3.34147 / 0.414192, -0.750177, 3.34147; 1, 41, 1, 0; 0.253349960154; 1, 0, 1; 1, 0, 0; 1, 1, 0 / 2, 1, 2 ;
0,110; -0.485787, 1.730884, 3.992203 / -0.485787, 1.730884, 3.992203 / -0.485787, 1.730884, 3.992203; 1, 46, 1, 0; 0.417869391114; 1, 0, 1; 1, 0, 0; 2, 1, 2 ;
1,113; -2.41146, 2.1994, -2.76705 / -2.41146, 2.1994, -2.76705 / -2.41146, 2.1994, -2.76705; 1, 6, 1, 0; 0.075275705474; 1, 0, 1; 0, 1, 0; 4, 1, 2 ;
0,113; -1.627104, 0.875834, -1.755422 / -1.627104, 0.875834, -1.755422 / -1.627104, 0.875834, -1.755422; 1, 6, 1, 0; 0.712133113965; 1, 0, 1; 1, 0, 0; 2, 1, 2 ;
0,113; -1.255518, 0.277990, -1.318622 / -1.255518, 0.277990, -1.318622 / -1.255518, 0.277990, -1.318622; 1, 10, 1, 0; 0.050428826631; 0, 1, 0; 1, 0, 0; 3, 1, 1 ;
0,113; 1.008973, -2.987638, 1.413841 / 1.008973, -2.987638, 1.413841 / 1.008973, -2.987638, 1.413841; 1, 22, 1, 0; 0.539083685485; 1, 0, 1; 0, 1, 0; 1, 1, 2 ;
1,114; -0.296244, -1.37868, 1.91519 / -0.296244, -1.37868, 1.91519 / -0.296244, -1.37868, 1.91519; 1, 30, 1, 0; 0.368089627145; 1, 0, 1; 0, 1, 0; 4, 1, 2 ;
0,114; -0.292205, -1.375733, 1.908543 / -0.292205, -1.375733, 1.908543 / -0.292205, -1.375733, 1.908543; 1, 30, 1, 0; 0.368071060353; 1, 0, 1; 1, 0, 0; 3, 1, 2 ;
1,116; 0.239471, 2.56722, 2.01778 / 0.239471, 2.56722, 2.01778 / 0.239471, 2.56722, 2.01778; 1, 30, 1, 0; 0.957560639181; 1, 0, 1; 0, 1, 0; 1, 1, 2 ;
1,117; -1.07306, 0.860945, -3.00083 / -1.07306, 0.860945, -3.00083 / -1.07306, 0.860945, -3.00083; 1, 2, 1, 0; 0.625098218834; 1, 0, 1; 1, 0, 0; 3, 1, 2 ;
0,117; 1.665203, 4.145493, -0.137489 / 1.665203, 4.145493, -0.137489 / 1.665203, 4.145493, -0.137489; 1, 20, 1, 0; 0.140576726165; 1, 0, 1; 1, 0, 0; 2, 1, 2 ;
1,119; -0.827471, -1.37932, -0.277147 / -0.827471, -1.37932, -0.277147 / -0.827471, -1.37932, -0.277147; 1, 16, 1, 0; 0.312652894754; 1, 0, 1; 1, 0, 0; 2, 1, 2 ;
1,122; -0.573208, 0.161689, -1.95597 / -0.573208, 0.161689, -1.95597 / -0.573208, 0.161689, -1.95597; 1, 4, 1, 0; 0.616043746499; 1, 0, 1; 1, 0, 0; 3, 1, 2 ;
1,125; -1.98693, -0.423241, -1.10531 / -1.98693, -0.423241, -1.10531 / -1.98693, -0.423241, -1.10531; 1, 10, 1, 0; 0.172085047299; 0, 0, 0; 1, 0, 0; 3, 1, 3 ;
1,126; -0.894384, -2.45445, -1.44163 / -0.894025, -2.45407, -1.44146 / -0.894743, -2.45483, -1.44181; 1, 8, 1, 0; 0.586040304526; 2, 2, 1; 3, 0, 0; 2, 8, 1 / 3, 1, 1 / 3, 5, 2 ;
0,126; -0.901652, -2.453480, -1.437867 / -0.901652, -2.453480, -1.437867 / -0.901652, -2.453480, -1.437867; 1, 8, 1, 0; 0.586039782937; 1, 0, 1; 1, 0, 0; 3, 1, 2 ;
0,126; -0.900234, -2.457280, -1.439408 / -0.900234, -2.457280, -1.439408 / -0.900234, -2.457280, -1.439408; 1, 8, 1, 0; 0.586040611343; 0, 1, 0; 1, 0, 0; 2, 1, 1 / 3, 5, 0 ;
0,126; -0.864434, -2.430375, -1.452387 / -0.864434, -2.430375, -1.452387 / -0.864434, -2.430375, -1.452387; 1, 8, 1, 0; 0.586392556206; 1, 0, 1; 1, 0, 0; 2, 1, 2 ;
1,127; -3.52882, -0.880519, 1.92225 / -3.52882, -0.880519, 1.92225 / -3.52882, -0.880519, 1.92225; 1, 30, 1, 0; 0.546639790602; 1, 0, 1; 1, 0, 0; 3, 1, 2 ;
1,128; 1.64303, 1.46491, 0.360803 / 1.64321, 1.46543, 0.361644 / 1.64285, 1.46439, 0.359962; 1, 20, 1, 0; 0.378716682141; 2, 1, 1; 1, 1, 0; 1, 1, 1 / 2, 7, 2 ;
1,131; 0.191419, -0.404434, -1.48117 / 0.192269, -0.404036, -1.48099 / 0.190568, -0.404832, -1.48135; 1, 11, 1, 0; 0.481624457002; 1, 0, 2; 1, 1, 0; 3, 7, 2 / 4, 1, 2 / 4, 2, 0 ;
1,132; 0.21009, 2.82808, -2.61298 / 0.21009, 2.82808, -2.61298 / 0.21009, 2.82808, -2.61298; 1, 4, 1, 0; 0.176549764867; 1, 0, 1; 1, 0, 0; 3, 1, 2 ;
1,134; 0.199667, -1.9548, 2.29452 / 0.199667, -1.9548, 2.29452 / 0.199667, -1.9548, 2.29452; 1, 33, 1, 0; 0.563383823643; 1, 0, 1; 0, 1, 0; 1, 1, 2 ;
1,136; -2.08082, -2.26845, -0.666216 / -2.08082, -2.26845, -0.666216 / -2.08082, -2.26845, -0.666216; 1, 9, 1, 0; 0.547327397714; 0, 1, 0; 1, 0, 0; 2, 1, 1 ;
1,137; 1.37505, 2.10893, 0.896922 / 1.37505, 2.10893, 0.896922 / 1.37505, 2.10893, 0.896922; 1, 20, 1, 0; 0.714389178620; 1, 0, 1; 1, 0, 0; 3, 1, 2 ;
0,137; 1.270558, 0.481519, 3.492102 / 1.270558, 0.481519, 3.492102 / 1.270558, 0.481519, 3.492102; 1, 44, 1, 0; 0.824243439950; 1, 0, 1; 1, 0, 0; 2, 1, 2 ;
1,138; -2.0739, -1.15138, 2.98466 / -2.0739, -1.15138, 2.98466 / -2.0739, -1.15138, 2.98466; 1, 35, 1, 0; 0.298743066344; 0, 1, 0; 0, 1, 0; 1, 1, 1 / 2, 1, 0 / 3, 3, 0 ;
1,145; -2.26912, -1.73964, -0.794993 / -2.26912, -1.73964, -0.794993 / -2.26912, -1.73964, -0.794993; 1, 9, 1, 0; 0.472027924123; 1, 0, 1; 0, 1, 0; 1, 1, 2 / 1, 6, 0 / 1, 7, 0 / 4, 5, 0 ;
0,145; -2.271828, -1.737609, -0.790369 / -2.271828, -1.737609, -0.790369 / -2.271828, -1.737609, -0.790369; 1, 9, 1, 0; 0.472037099516; 1, 0, 1; 1, 0, 0; 2, 1, 2 ;
1,146; 1.40821, 1.98091, 1.36281 / 1.40821, 1.98091, 1.36281 / 1.40821, 1.98091, 1.36281; 1, 28, 1, 0; 0.190693244269; 1, 0, 1; 1, 0, 0; 3, 1, 2 ;
1,149; 0.260838, -2.06177, 2.67707 / 0.260838, -2.06177, 2.67707 / 0.260838, -2.06177, 2.67707; 1, 34, 1, 0; 0.331977890533; 1, 0, 1; 1, 0, 0; 2, 1, 2 ;
1,151; -1.71183, -1.57675, 3.63806 / -1.71183, -1.57675, 3.63806 / -1.71183, -1.57675, 3.63806; 1, 43, 1, 0; 0.553944607546; 1, 0, 1; 1, 0, 0; 2, 1, 2 ;
1,157; -0.454666, -2.26709, -3.66374 / -0.454659, -2.26692, -3.66336 / -0.454674, -2.26727, -3.66412; 1, 1, 1, 0; 0.940334067443; 2, 1, 1; 1, 1, 0; 3, 1, 2 / 4, 3, 1 ;
0,157; 1.409532, 0.326100, -1.456729 / 1.409532, 0.326100, -1.456729 / 1.409532, 0.326100, -1.456729; 1, 11, 1, 0; 0.367061710679; 1, 0, 1; 1, 0, 0; 1, 3, 0 / 2, 1, 2 / 3, 1, 0 ;
1,161; 2.06905, 0.37561, -2.34875 / 2.06905, 0.37561, -2.34875 / 2.06905, 0.37561, -2.34875; 1, 4, 1, 0; 0.467121693122; 1, 0, 1; 1, 0, 0; 2, 1, 2 ;
1,163; -3.31599, 2.73342, 1.43734 / -3.31599, 2.73342, 1.43734 / -3.31599, 2.73342, 1.43734; 1, 24, 1, 0; 0.456426081032; 1, 0, 1; 0, 1, 0; 4, 1, 2 ;
0,163; -2.640615, 1.976153, 1.187753 / -2.640615, 1.976153, 1.187753 / -2.640615, 1.976153, 1.187753; 1, 24, 1, 0; 0.363186377751; 1, 0, 1; 1, 0, 0; 3, 1, 2 ;
1,164; 3.311, 2.5151, 1.95793 / 3.311, 2.5151, 1.95793 / 3.311, 2.5151, 1.95793; 1, 28, 1, 0; 0.477561724643; 1, 0, 1; 1, 0, 0; 2, 1, 2 ;
1,165; -0.462043, -2.21592, 0.0876633 / -0.462043, -2.21592, 0.0876633 / -0.462043, -2.21592, 0.0876633; 1, 15, 1, 0; 0.728863643061; 1, 0, 1; 1, 0, 0; 2, 1, 2 ;
1,166; -1.09799, 3.07343, -0.0870026 / -1.09778, 3.07404, -0.0867023 / -1.09819, 3.07282, -0.087303; 1, 17, 1, 0; 0.197972633485; 2, 1, 1; 0, 2, 1; 1, 4, 1 / 4, 1, 2 ;
0,166; -1.089824, 3.081643, -0.103028 / -1.089824, 3.081643, -0.103028 / -1.089824, 3.081643, -0.103028; 1, 17, 1, 0; 0.197959361025; 1, 0, 1; 0, 1, 0; 4, 1, 2 ;
0,166; -1.093813, 3.073105, -0.105820 / -1.093813, 3.073105, -0.105820 / -1.093813, 3.073105, -0.105820; 1, 17, 1, 0; 0.197959807392; 0, 1, 0; 0, 1, 0; 1, 1, 1 / 4, 7, 0 ;
0,166; -1.093211, 3.075230, -0.091737 / -1.093211, 3.075230, -0.091737 / -1.093211, 3.075230, -0.091737; 1, 17, 1, 0; 0.197972221990; 1, 0, 1; 0, 1, 0; 4, 1, 2 ;
0,166; -1.092042, 3.084478, -0.101618 / -1.092042, 3.084478, -0.101618 / -1.092042, 3.084478, -0.101618; 1, 17, 1, 0; 0.197958461315; 1, 0, 1; 1, 0, 0; 3, 1, 2 ;
1,167; 0.851644, -4.11079, 0.737193 / 0.851644, -4.11079, 0.737193 / 0.851644, -4.11079, 0.737193; 1, 18, 1, 0; 0.794312133665; 1, 0, 1; 0, 1, 0; 4, 1, 2 ;
0,167; 4.078749, -1.191500, 0.475187 / 4.078749, -1.191500, 0.475187 / 4.078749, -1.191500, 0.475187; 1, 19, 1, 0; 0.461191127001; 0, 1, 0; 0, 1, 0; 4, 1, 1 ;
0,167; 4.077132, -1.196307, 0.468562 / 4.077132, -1.196307, 0.468562 / 4.077132, -1.196307, 0.468562; 1, 19, 1, 0; 0.461191524718; 1, 0, 1; 0, 1, 0; 1, 1, 2 ;
0,167; 4.072278, -1.195816, 0.469517 / 4.072278, -1.195816, 0.469517 / 4.072278, -1.195816, 0.469517; 1, 19, 1, 0; 0.461192551551; 1, 0, 1; 0, 1, 0; 1, 1, 2 / 1, 7, 0 ;
0,167; 4.079691, -1.195686, 0.476045 / 4.079691, -1.195686, 0.476045 / 4.079691, -1.195686, 0.476045; 1, 19, 1, 0; 0.461191264394; 1, 0, 1; 1, 0, 0; 2, 1, 2 ;
0,167; 4.076329, -1.192209, 0.476802 / 4.076329, -1.192209, 0.476802 / 4.076329, -1.192209, 0.476802; 1, 19, 1, 0; 0.461192038135; 0, 0, 0; 1, 0, 0; 3, 1, 3 ;
0,167; 4.075231, -1.197930, 0.473602 / 4.075231, -1.197930, 0.473602 / 4.075231, -1.197930, 0.473602; 1, 19, 1, 0; 0.461192240609; 1, 0, 1; 1, 0, 0; 3, 1, 2 ;
1,171; -3.49723, -0.723656, -0.514449 / -3.49723, -0.723656, -0.514449 / -3.49723, -0.723656, -0.514449; 1, 10, 1, 0; 0.606583309543; 1, 0, 1; 1, 0, 0; 2, 1, 2 ;
0,171; -3.510083, -0.721249, -0.516272 / -3.510083, -0.721249, -0.516272 / -3.510083, -0.721249, -0.516272; 1, 10, 1, 0; 0.606584423351; 1, 0, 1; 1, 0, 0; 2, 1, 2 / 4, 4, 0 ;
1,172; 1.30798, -1.3221, -0.797727 / 1.30798, -1.3221, -0.797727 / 1.30798, -1.3221, -0.797727; 1, 12, 1, 0; 0.566529097605; 1, 0, 1; 1, 0, 0; 2, 1, 2 ;
0,172; 1.305511, -1.324178, -0.799467 / 1.305511, -1.324178, -0.799467 / 1.305511, -1.324178, -0.799467; 1, 12, 1, 0; 0.566529177710; 1, 0, 1; 1, 0, 0; 2, 1, 2 ;
0,172; -1.181839, -1.807535, 1.630831 / -1.181839, -1.807535, 1.630831 / -1.181839, -1.807535, 1.630831; 1, 30, 1, 0; 0.282327044393; 1, 0, 1; 1, 0, 0; 3, 1, 2 ;
0,172; -1.181783, -1.806998, 1.633543 / -1.181783, -1.806998, 1.633543 / -1.181783, -1.806998, 1.633543; 1, 30, 1, 0; 0.282327141805; 1, 0, 1; 1, 0, 0; 3, 1, 2 ;
0,172; -2.280991, -1.986142, 2.617213 / -2.280991, -1.986142, 2.617213 / -2.280991, -1.986142, 2.617213; 1, 36, 1, 0; 0.672319286964; 1, 0, 1; 0, 1, 0; 2, 1, 0 / 4, 1, 2 ;
1,174; 0.39589, -2.21552, 0.164372 / 0.395956, -2.21552, 0.164434 / 0.395824, -2.21553, 0.16431; 1, 15, 1, 0; 0.720418307456; 0, 2, 0; 1, 1, 0; 3, 1, 1 / 4, 1, 1 ;
0,174; 0.388415, -2.214536, 0.167656 / 0.388415, -2.214536, 0.167656 / 0.388415, -2.214536, 0.167656; 1, 15, 1, 0; 0.720417912327; 0, 1, 0; 0, 1, 0; 4, 1, 1 ;
0,174; 0.401196, -2.211529, 0.160045 / 0.401196, -2.211529, 0.160045 / 0.401196, -2.211529, 0.160045; 1, 15, 1, 0; 0.720407685858; 1, 0, 1; 1, 0, 0; 3, 1, 2 ;
0,174; 0.393927, -2.219449, 0.163606 / 0.393927, -2.219449, 0.163606 / 0.393927, -2.219449, 0.163606; 1, 15, 1, 0; 0.720417483713; 1, 0, 1; 1, 0, 0; 1, 2, 0 / 2, 1, 2 ;
0,174; 0.390087, -2.215212, 0.170983 / 0.390087, -2.215212, 0.170983 / 0.390087, -2.215212, 0.170983; 1, 15, 1, 0; 0.720417811870; 1, 0, 1; 1, 0, 0; 3, 1, 2 ;
1,175; 3.18476, 0.239231, 0.835146 / 3.18531, 0.240105, 0.835414 / 3.18421, 0.238356, 0.834878; 1, 20, 1, 0; 0.919027169150; 1, 0, 2; 2, 0, 0; 1, 1, 0 / 1, 7, 0 / 2, 1, 2 / 3, 4, 0 / 3, 9, 2 ;
0,175; 3.176610, 0.250160, 0.837189 / 3.176610, 0.250160, 0.837189 / 3.176610, 0.250160, 0.837189; 1, 20, 1, 0; 0.919029251742; 1, 0, 1; 1, 0, 0; 3, 1, 2 ;
0,175; 3.176427, 0.256215, 0.830088 / 3.176427, 0.256215, 0.830088 / 3.176427, 0.256215, 0.830088; 1, 20, 1, 0; 0.919030133951; 1, 0, 1; 1, 0, 0; 1, 1, 0 / 2, 1, 2 ;
0,175; 3.175836, 0.260685, 0.831092 / 3.175836, 0.260685, 0.831092 / 3.175836, 0.260685, 0.831092; 1, 20, 1, 0; 0.919030980004; 1, 0, 1; 1, 0, 0; 3, 1, 2 / 4, 2, 0 ;
1,176; 1.62987, -2.52425, 1.39931 / 1.63035, -2.52393, 1.39982 / 1.62939, -2.52458, 1.39879; 1, 22, 1, 0; 0.495639482599; 2, 1, 2; 2, 1, 0; 2, 1, 2 / 2, 3, 0 / 3, 3, 1 / 4, 4, 2 ;
0,176; 1.633002, -2.524901, 1.406813 / 1.633314, -2.524395, 1.406937 / 1.632690, -2.525407, 1.406689; 1, 22, 1, 0; 0.495639817289; 2, 1, 1; 2, 1, 0; 2, 4, 3 / 3, 1, 2 / 3, 5, 0 / 4, 1, 1 / 4, 2, 0 ;
0,176; 1.632807, -2.525457, 1.400873 / 1.633060, -2.525267, 1.401033 / 1.632555, -2.525648, 1.400713; 1, 22, 1, 0; 0.495639613565; 2, 1, 1; 1, 1, 0; 1, 1, 1 / 2, 1, 0 / 2, 2, 2 ;
0,176; 1.630401, -2.526096, 1.395501 / 1.630401, -2.526096, 1.395501 / 1.630401, -2.526096, 1.395501; 1, 22, 1, 0; 0.495625956776; 1, 0, 1; 1, 0, 0; 3, 1, 2 ;
0,176; 1.629447, -2.521305, 1.395615 / 1.629447, -2.521305, 1.395615 / 1.629447, -2.521305, 1.395615; 1, 22, 1, 0; 0.495626931741; 1, 0, 1; 1, 0, 0; 2, 1, 2 ;
0,176; 1.633590, -2.533748, 1.413536 / 1.633590, -2.533748, 1.413536 / 1.633590, -2.533748, 1.413536; 1, 22, 1, 0; 0.495650571009; 1, 0, 1; 1, 0, 0; 2, 1, 2 / 4, 4, 0 ;
0,176; 1.632777, -2.533574, 1.416742 / 1.632777, -2.533574, 1.416742 / 1.632777, -2.533574, 1.416742; 1, 22, 1, 0; 0.495650672872; 1, 0, 1; 1, 0, 0; 3, 1, 2 ;
0,176; 1.632252, -2.527602, 1.418836 / 1.632252, -2.527602, 1.418836 / 1.632252, -2.527602, 1.418836; 1, 22, 1, 0; 0.495651967975; 1, 0, 1; 1, 0, 0; 2, 1, 2 ;
0,176; 1.630908, -2.525364, 1.411728 / 1.630908, -2.525364, 1.411728 / 1.630908, -2.525364, 1.411728; 1, 22, 1, 0; 0.495652586423; 1, 0, 1; 1, 0, 0; 2, 1, 2 ;
1,177; 0.961641, -4.26071, -0.123449 / 0.961641, -4.26071, -0.123449 / 0.961641, -4.26071, -0.123449; 1, 15, 1, 0; 0.244649205992; 0, 1, 0; 0, 1, 0; 4, 1, 1 ;
0,177; 0.955229, -4.253468, -0.122957 / 0.955229, -4.253468, -0.122957 / 0.955229, -4.253468, -0.122957; 1, 15, 1, 0; 0.244649701577; 1, 0, 1; 1, 0, 0; 3, 1, 2 ;
0,177; 0.941448, -4.254102, -0.125056 / 0.941448, -4.254102, -0.125056 / 0.941448, -4.254102, -0.125056; 1, 15, 1, 0; 0.244652728666; 1, 0, 1; 1, 0, 0; 2, 1, 2 ;
1,178; 3.53107, 1.40204, -1.54835 / 3.53107, 1.40204, -1.54835 / 3.53107, 1.40204, -1.54835; 1, 12, 1, 0; 0.031211166193; 1, 0, 1; 0, 1, 0; 1, 4, 0 / 4, 1, 2 ;
0,178; 3.526859, 1.408559, -1.552303 / 3.526859, 1.408559, -1.552303 / 3.526859, 1.408559, -1.552303; 1, 12, 1, 0; 0.031221780118; 1, 0, 1; 0, 1, 0; 4, 1, 2 ;
0,178; 3.535124, 1.401564, -1.548796 / 3.535124, 1.401564, -1.548796 / 3.535124, 1.401564, -1.548796; 1, 12, 1, 0; 0.031210468134; 1, 0, 1; 1, 0, 0; 1, 4, 0 / 2, 9, 0 / 3, 1, 2 / 3, 9, 0 ;
0,178; 3.533392, 1.406587, -1.551035 / 3.533392, 1.406587, -1.551035 / 3.533392, 1.406587, -1.551035; 1, 12, 1, 0; 0.031220933293; 1, 0, 1; 1, 0, 0; 2, 1, 2 ;
1,180; -2.12493, -1.02726, 0.747869 / -2.12493, -1.02726, 0.747869 / -2.12493, -1.02726, 0.747869; 1, 21, 1, 0; 0.331506510439; 1, 0, 1; 1, 0, 0; 2, 1, 2 ;
0,180; 3.255758, -0.082211, 1.910337 / 3.255758, -0.082211, 1.910337 / 3.255758, -0.082211, 1.910337; 1, 28, 1, 0; 0.798579789899; 1, 0, 1; 1, 0, 0; 3, 1, 2 ;
0,180; 3.251690, -0.081014, 1.920133 / 3.251690, -0.081014, 1.920133 / 3.251690, -0.081014, 1.920133; 1, 28, 1, 0; 0.798598289795; 0, 1, 0; 1, 0, 0; 2, 1, 1 / 3, 9, 0 ;
0,180; 3.243969, -0.083482, 1.926374 / 3.243969, -0.083482, 1.926374 / 3.243969, -0.083482, 1.926374; 1, 28, 1, 0; 0.798599330357; 1, 0, 1; 1, 0, 0; 2, 1, 2 ;
0,180; 3.181900, -0.089462, 1.920797 / 3.181900, -0.089462, 1.920797 / 3.181900, -0.089462, 1.920797; 1, 28, 1, 0; 0.798682602914; 0, 1, 0; 1, 0, 0; 3, 1, 1 / 4, 1, 0 ;
1,181; 1.97521, 0.175937, -3.43208 / 1.97522, 0.175992, -3.43203 / 1.9752, 0.175882, -3.43213; 1, 1, 1, 0; 0.714538119919; 2, 1, 1; 1, 1, 0; 3, 1, 2 / 4, 1, 1 / 4, 8, 0 ;
0,181; 3.047204, -0.837609, -0.450706 / 3.047296, -0.837607, -0.450563 / 3.047111, -0.837611, -0.450850; 1, 12, 1, 0; 0.751776456425; 2, 1, 1; 0, 2, 0; 4, 1, 2 / 4, 2, 1 ;
0,181; 3.044196, -0.832457, -0.459716 / 3.044196, -0.832457, -0.459716 / 3.044196, -0.832457, -0.459716; 1, 12, 1, 0; 0.751765327538; 1, 0, 1; 0, 1, 0; 1, 1, 2 / 2, 2, 0 ;
0,181; 3.047251, -0.839238, -0.450235 / 3.047251, -0.839238, -0.450235 / 3.047251, -0.839238, -0.450235; 1, 12, 1, 0; 0.751777143040; 1, 0, 1; 0, 1, 0; 1, 1, 2 / 1, 10, 0 ;
1,182; -1.76472, -0.113893, 2.49643 / -1.76472, -0.113893, 2.49643 / -1.76472, -0.113893, 2.49643; 1, 36, 1, 0; 0.437467891988; 1, 0, 1; 1, 0, 0; 2, 1, 2 ;
1,183; 1.98687, -2.58875, 2.15634 / 1.98687, -2.58875, 2.15634 / 1.98687, -2.58875, 2.15634; 1, 33, 1, 0; 0.083976336409; 1, 0, 1; 1, 0, 0; 2, 1, 2 ;
0,183; 0.704728, 0.943958, 3.096720 / 0.704728, 0.943958, 3.096720 / 0.704728, 0.943958, 3.096720; 1, 42, 1, 0; 0.417720206281; 1, 0, 1; 1, 0, 0; 3, 1, 2 ;
1,184; -1.63664, -1.18877, 2.94334 / -1.63664, -1.18877, 2.94334 / -1.63664, -1.18877, 2.94334; 1, 35, 1, 0; 0.291130047431; 0, 1, 0; 1, 0, 0; 3, 1, 1 ;
1,188; -1.51899, 0.723466, -0.444002 / -1.51834, 0.723881, -0.443904 / -1.51964, 0.72305, -0.4441; 1, 10, 1, 0; 0.738826993283; 1, 0, 2; 2, 0, 0; 2, 1, 2 / 2, 7, 2 / 3, 7, 0 ;
0,188; -1.263956, 2.298961, 0.245629 / -1.263956, 2.298961, 0.245629 / -1.263956, 2.298961, 0.245629; 1, 17, 1, 0; 0.596977150166; 0, 1, 0; 1, 0, 0; 3, 1, 1 ;
1,190; -2.75308, 1.57535, 1.94276 / -2.75308, 1.57535, 1.94276 / -2.75308, 1.57535, 1.94276; 1, 29, 1, 0; 0.851883019471; 1, 0, 1; 0, 1, 0; 1, 1, 2 ;
1,195; -0.54812, -3.33807, 0.389484 / -0.547959, -3.33771, 0.390358 / -0.548281, -3.33842, 0.388609; 1, 18, 1, 0; 0.234679382562; 1, 0, 2; 2, 0, 0; 2, 1, 2 / 3, 8, 2 / 4, 1, 0 ;
1,198; 3.18767, 1.78404, 1.38974 / 3.18767, 1.78404, 1.38974 / 3.18767, 1.78404, 1.38974; 1, 26, 1, 0; 0.700296206764; 1, 0, 1; 1, 0, 0; 2, 1, 2 ;
1,199; -2.71457, -3.23298, 1.255 / -2.71457, -3.23298, 1.255 / -2.71457, -3.23298, 1.255; 1, 21, 1, 0; 0.842786625223; 1, 0, 1; 1, 0, 0; 2, 1, 2 ;
