1,5; -2.13965, 1.86803, -3.57232 / -2.13965, 1.86803, -3.57232 / -2.13965, 1.86803, -3.57232; 1, 2, 1, 0; 0.087539501913; 1, 0, 1; 0, 1, 0; 1, 1, 2 ;
1,6; 1.58847, -2.2638, 1.06953 / 1.58847, -2.2638, 1.06953 / 1.58847, -2.2638, 1.06953; 1, 22, 1, 0; 0.198803492122; 1, 0, 1; 0, 1, 0; 4, 1, 2 ;
0,6; 2.281213, -1.879814, 2.959431 / 2.281213, -1.879814, 2.959431 / 2.281213, -1.879814, 2.959431; 1, 35, 1, 0; 0.649725165725; 0, 1, 0; 0, 1, 0; 4, 1, 1 ;
1,8; -1.14423, 1.0374, -1.95651 / -1.14423, 1.0374, -1.95651 / -1.14423, 1.0374, -1.95651; 1, 6, 1, 0; 0.404723314327; 1, 0, 1; 1, 0, 0; 2, 10, 0 / 3, 1, 2 ;
1,10; -0.164675, 2.25127, -1.14502 / -0.164675, 2.25127, -1.14502 / -0.164675, 2.25127, -1.14502; 1, 7, 1, 0; 0.639274863185; 1, 0, 1; 1, 0, 0; 2, 1, 2 ;
1,17; -1.60309, -0.809234, -2.02563 / -1.60224, -0.808573, -2.02559 / -1.60393, -0.809895, -2.02567; 1, 5, 1, 0; 0.957985911600; 0, 2, 0; 1, 1, 0; 2, 2, 1 / 4, 1, 1 ;
0,17; -1.604358, -0.809355, -2.023900 / -1.604358, -0.809355, -2.023900 / -1.604358, -0.809355, -2.023900; 1, 5, 1, 0; 0.957985852788; 1, 0, 1; 0, 1, 0; 4, 1, 2 ;
0,17; -1.610106, -0.806973, -2.023797 / -1.610049, -0.806810, -2.023310 / -1.610163, -0.807135, -2.024284; 1, 5, 1, 0; 0.957985597936; 2, 1, 1; 2, 0, 0; 3, 1, 1 / 3, 2, 2 ;
0,17; -2.283360, -0.803541, -1.423949 / -2.283360, -0.803541, -1.423949 / -2.283360, -0.803541, -1.423949; 1, 6, 1, 0; 0.943469997579; 1, 0, 1; 1, 0, 0; 2, 1, 2 ;
0,17; -2.288400, -0.801915, -1.424945 / -2.288400, -0.801915, -1.424945 / -2.288400, -0.801915, -1.424945; 1, 6, 1, 0; 0.943479182044; 1, 0, 1; 1, 0, 0; 3, 1, 2 ;
0,17; -4.461389, -0.679673, 0.411679 / -4.461389, -0.679673, 0.411679 / -4.461389, -0.679673, 0.411679; 1, 21, 1, 0; 0.106646963638; 1, 0, 1; 1, 0, 0; 2, 1, 2 / 3, 10, 0 / 4, 3, 0 ;
1,18; -2.61255, -0.609872, 1.59242 / -2.61255, -0.609872, 1.59242 / -2.61255, -0.609872, 1.59242; 1, 24, 1, 0; 0.756164057292; 1, 0, 1; 1, 0, 0; 3, 1, 2 ;
1,19; 0.659696, 2.37992, -0.223594 / 0.659696, 2.37992, -0.223594 / 0.659696, 2.37992, -0.223594; 1, 17, 1, 0; 0.160933563771; 1, 0, 1; 1, 0, 0; 3, 1, 2 ;
0,19; 1.515588, 1.987121, 0.469202 / 1.515588, 1.987121, 0.469202 / 1.515588, 1.987121, 0.469202; 1, 20, 1, 0; 0.437891831032; 1, 0, 1; 1, 0, 0; 2, 1, 2 ;
1,21; 0.724168, -1.63475, 2.5254 / 0.725171, -1.63455, 2.52558 / 0.723166, -1.63495, 2.52522; 1, 34, 1, 0; 0.399243880170; 1, 0, 2; 2, 0, 0; 2, 7, 0 / 3, 1, 2 / 3, 8, 2 ;
1,29; 0.499775, -0.608236, -1.70317 / 0.499775, -0.608236, -1.70317 / 0.499775, -0.608236, -1.70317; 1, 4, 1, 0; 0.962819219285; 0, 1, 0; 1, 0, 0; 3, 1, 1 / 3, 4, 0 / 4, 1, 0 / 4, 2, 0 ;
0,29; 0.495463, -0.611808, -1.711676 / 0.495463, -0.611808, -1.711676 / 0.495463, -0.611808, -1.711676; 1, 4, 1, 0; 0.962819537631; 1, 0, 1; 1, 0, 0; 2, 1, 2 ;
1,39; -0.0621937, -0.994799, -4.19738 / -0.0621937, -0.994799, -4.19738 / -0.0621937, -0.994799, -4.19738; 1, 1, 1, 0; 0.260916545633; 1, 0, 1; 1, 0, 0; 3, 1, 2 ;
0,39; -0.250345, -2.092527, -1.671884 / -0.250345, -2.092527, -1.671884 / -0.250345, -2.092527, -1.671884; 1, 8, 1, 0; 0.226366604587; 1, 0, 1; 1, 0, 0; 3, 1, 2 ;
1,45; 2.14623, 1.54465, -2.85979 / 2.14623, 1.54465, -2.85979 / 2.14623, 1.54465, -2.85979; 1, 3, 1, 0; 0.241007035868; 1, 0, 1; 1, 0, 0; 3, 1, 2 ;
0,45; 2.720069, 2.469580, -1.725810 / 2.720069, 2.469580, -1.725810 / 2.720069, 2.469580, -1.725810; 1, 11, 1, 0; 0.174603336721; 1, 0, 1; 0, 1, 0; 1, 1, 2 ;
1,46; 3.51048, -1.22295, -0.91494 / 3.51048, -1.22295, -0.91494 / 3.51048, -1.22295, -0.91494; 1, 12, 1, 0; 0.541731631901; 0, 1, 0; 1, 0, 0; 2, 1, 1 ;
0,46; 3.512511, -1.221059, -0.916188 / 3.512511, -1.221059, -0.916188 / 3.512511, -1.221059, -0.916188; 1, 12, 1, 0; 0.541732267020; 1, 0, 1; 1, 0, 0; 2, 1, 2 / 2, 3, 0 ;
1,48; 0.114879, -0.760371, -0.589254 / 0.114879, -0.760371, -0.589254 / 0.114879, -0.760371, -0.589254; 1, 16, 1, 0; 0.193322872466; 1, 0, 1; 0, 1, 0; 1, 1, 2 ;
0,48; 0.249044, -0.205556, -0.416889 / 0.249044, -0.205556, -0.416889 / 0.249044, -0.205556, -0.416889; 1, 16, 1, 0; 0.155520324354; 0, 1, 0; 1, 0, 0; 2, 1, 1 ;
1,51; -0.453084, 0.479776, -0.166218 / -0.453084, 0.479776, -0.166218 / -0.453084, 0.479776, -0.166218; 1, 13, 1, 0; 0.994861290120; 1, 0, 1; 1, 0, 0; 2, 1, 2 ;
0,51; 1.096337, 0.953038, 0.359522 / 1.096337, 0.953038, 0.359522 / 1.096337, 0.953038, 0.359522; 1, 17, 1, 0; 0.876382735061; 1, 0, 1; 0, 1, 0; 1, 1, 2 ;
0,51; 3.503759, 1.643037, 1.147502 / 3.503759, 1.643037, 1.147502 / 3.503759, 1.643037, 1.147502; 1, 26, 1, 0; 0.282461857614; 1, 0, 1; 1, 0, 0; 2, 1, 2 ;
1,52; -3.3068, 2.41188, 0.470861 / -3.3068, 2.41188, 0.470861 / -3.3068, 2.41188, 0.470861; 1, 24, 1, 0; 0.039453191625; 0, 1, 0; 1, 0, 0; 3, 1, 1 ;
1,53; 4.00893, -0.314829, 0.190053 / 4.00943, -0.313684, 0.190344 / 4.00842, -0.315974, 0.189761; 1, 19, 1, 0; 0.199315477998; 2, 1, 2; 2, 1, 0; 2, 5, 2 / 2, 9, 1 / 3, 1, 0 / 4, 1, 2 ;
0,53; 4.007801, -0.312410, 0.191368 / 4.007801, -0.312410, 0.191368 / 4.007801, -0.312410, 0.191368; 1, 19, 1, 0; 0.199315340605; 1, 0, 1; 0, 1, 0; 4, 1, 2 ;
0,53; 4.010319, -0.317772, 0.188485 / 4.010319, -0.317772, 0.188485 / 4.010319, -0.317772, 0.188485; 1, 19, 1, 0; 0.199315666010; 1, 0, 1; 0, 1, 0; 4, 1, 2 ;
0,53; 4.002497, -0.311477, 0.192947 / 4.002497, -0.311477, 0.192947 / 4.002497, -0.311477, 0.192947; 1, 19, 1, 0; 0.199314284847; 1, 0, 1; 1, 0, 0; 3, 1, 2 ;
0,53; 4.003964, -0.320131, 0.194682 / 4.003964, -0.320131, 0.194682 / 4.003964, -0.320131, 0.194682; 1, 19, 1, 0; 0.199314776570; 1, 0, 1; 1, 0, 0; 3, 1, 2 ;
0,53; 4.004379, -0.318443, 0.196632 / 4.004379, -0.318443, 0.196632 / 4.004379, -0.318443, 0.196632; 1, 19, 1, 0; 0.199314848882; 0, 1, 0; 1, 0, 0; 3, 1, 1 ;
0,53; 4.009204, -0.315923, 0.189836 / 4.009984, -0.315871, 0.189896 / 4.008424, -0.315974, 0.189775; 1, 19, 1, 0; 0.199315535848; 1, 0, 1; 2, 0, 0; 2, 1, 1 / 2, 7, 2 / 2, 8, 0 ;
1,57; 0.857728, 0.586685, -3.27725 / 0.857874, 0.586976, -3.27641 / 0.857581, 0.586394, -3.2781; 1, 2, 1, 0; 0.342179546814; 2, 1, 1; 1, 1, 0; 2, 8, 2 / 4, 1, 1 ;
0,57; 0.328113, 2.669692, -3.324673 / 0.328496, 2.669932, -3.324282 / 0.327730, 2.669451, -3.325064; 1, 2, 1, 0; 0.186381926184; 1, 0, 2; 2, 0, 0; 2, 1, 2 / 3, 2, 2 ;
0,57; 0.623716, 1.557310, -3.298371 / 0.623716, 1.557310, -3.298371 / 0.623716, 1.557310, -3.298371; 1, 2, 1, 0; 0.241882639726; 0, 0, 0; 1, 0, 0; 1, 1, 0 / 2, 1, 3 ;
0,57; 1.184406, -0.684235, -3.245579 / 1.184406, -0.684235, -3.245579 / 1.184406, -0.684235, -3.245579; 1, 2, 1, 0; 0.447171284123; 1, 0, 1; 1, 0, 0; 2, 1, 2 ;
0,57; 1.178304, -0.689816, -3.244111 / 1.178304, -0.689816, -3.244111 / 1.178304, -0.689816, -3.244111; 1, 2, 1, 0; 0.447172205715; 0, 1, 0; 1, 0, 0; 3, 1, 1 / 4, 2, 0 ;
1,58; -1.22997, 2.49952, -2.67579 / -1.22979, 2.5004, -2.67551 / -1.23016, 2.49864, -2.67608; 1, 6, 1, 0; 0.085577356815; 2, 1, 2; 2, 1, 0; 1, 3, 0 / 2, 2, 0 / 2, 3, 1 / 3, 1, 2 / 3, 9, 0 / 4, 8, 2 / 4, 9, 0 ;
0,58; -1.228014, 2.490940, -2.677872 / -1.228014, 2.490940, -2.677872 / -1.228014, 2.490940, -2.677872; 1, 6, 1, 0; 0.085576440329; 1, 0, 1; 1, 0, 0; 2, 1, 2 / 2, 7, 0 / 4, 6, 0 ;
0,58; -1.228627, 2.498119, -2.675731 / -1.227460, 2.498641, -2.675675 / -1.229794, 2.497598, -2.675786; 1, 6, 1, 0; 0.085577312706; 1, 0, 1; 2, 0, 0; 2, 1, 2 / 3, 8, 0 / 3, 9, 0 / 3, 10, 2 ;
0,58; -0.820071, -2.991054, -0.730563 / -0.820071, -2.991054, -0.730563 / -0.820071, -2.991054, -0.730563; 1, 9, 1, 0; 0.616211930498; 1, 0, 1; 1, 0, 0; 2, 1, 2 ;
1,59; -0.121059, -0.817223, -1.14106 / -0.121059, -0.817223, -1.14106 / -0.121059, -0.817223, -1.14106; 1, 11, 1, 0; 0.620609227878; 0, 1, 0; 1, 0, 0; 3, 1, 1 ;
1,61; 0.605596, -2.04511, 1.70268 / 0.605596, -2.04511, 1.70268 / 0.605596, -2.04511, 1.70268; 1, 22, 1, 0; 0.974541206105; 0, 1, 0; 1, 0, 0; 2, 1, 1 ;
0,61; 2.668401, -1.611943, 2.554708 / 2.668401, -1.611943, 2.554708 / 2.668401, -1.611943, 2.554708; 1, 34, 1, 0; 0.431462709763; 1, 0, 1; 1, 0, 0; 3, 1, 2 ;
1,63; -3.80755, 0.0426525, -1.68865 / -3.80755, 0.0426525, -1.68865 / -3.80755, 0.0426525, -1.68865; 1, 6, 1, 0; 0.771886069510; 1, 0, 1; 1, 0, 0; 3, 1, 2 ;
0,63; -3.806433, 0.047943, -1.678721 / -3.806433, 0.047943, -1.678721 / -3.806433, 0.047943, -1.678721; 1, 6, 1, 0; 0.771894739370; 1, 0, 1; 1, 0, 0; 3, 1, 2 ;
0,63; -3.808482, 0.039924, -1.679487 / -3.808482, 0.039924, -1.679487 / -3.808482, 0.039924, -1.679487; 1, 6, 1, 0; 0.771894950113; 1, 0, 1; 1, 0, 0; 3, 1, 2 ;
0,63; -3.808415, 0.039744, -1.681880 / -3.808415, 0.039744, -1.681880 / -3.808415, 0.039744, -1.681880; 1, 6, 1, 0; 0.771895028529; 0, 1, 0; 1, 0, 0; 3, 1, 1 ;
0,63; -3.809911, 0.041679, -1.683417 / -3.809911, 0.041679, -1.683417 / -3.809911, 0.041679, -1.683417; 1, 6, 1, 0; 0.771895146153; 1, 0, 1; 1, 0, 0; 2, 1, 2 ;
1,65; 1.2694, 1.86349, -2.68705 / 1.2694, 1.86349, -2.68705 / 1.2694, 1.86349, -2.68705; 1, 4, 1, 0; 0.109676877944; 1, 0, 1; 1, 0, 0; 3, 1, 2 ;
1,67; -1.33259, -2.09585, -2.00544 / -1.33259, -2.09585, -2.00544 / -1.33259, -2.09585, -2.00544; 1, 5, 1, 0; 0.817619126035; 1, 0, 1; 0, 1, 0; 4, 1, 2 ;
0,67; -4.534088, -0.136533, 0.621216 / -4.534025, -0.136246, 0.621282 / -4.534151, -0.136820, 0.621150; 1, 21, 1, 0; 0.438428916304; 2, 1, 1; 0, 2, 0; 1, 1, 2 / 1, 2, 1 ;
1,68; 0.801261, -0.141302, 0.392489 / 0.801261, -0.141302, 0.392489 / 0.801261, -0.141302, 0.392489; 1, 19, 1, 0; 0.576730279733; 1, 0, 1; 1, 0, 0; 2, 1, 2 ;
0,68; 1.898138, -0.760558, 3.608702 / 1.898138, -0.760558, 3.608702 / 1.898138, -0.760558, 3.608702; 1, 44, 1, 0; 0.146099172342; 0, 1, 0; 0, 1, 0; 1, 1, 1 ;
1,69; 1.26891, 1.42537, -4.19417 / 1.26891, 1.42537, -4.19417 / 1.26891, 1.42537, -4.19417; 1, 1, 1, 0; 0.102518764101; 1, 0, 1; 1, 0, 0; 2, 1, 2 ;
0,69; 1.271978, 1.421644, -4.193525 / 1.271978, 1.421644, -4.193525 / 1.271978, 1.421644, -4.193525; 1, 1, 1, 0; 0.102519242696; 0, 1, 0; 1, 0, 0; 2, 1, 0 / 3, 1, 1 ;
0,69; 1.271928, 1.422988, -4.195915 / 1.271928, 1.422988, -4.195915 / 1.271928, 1.422988, -4.195915; 1, 1, 1, 0; 0.102519282249; 1, 0, 1; 1, 0, 0; 2, 1, 2 ;
0,69; -0.795139, 3.197012, -1.445167 / -0.795139, 3.197012, -1.445167 / -0.795139, 3.197012, -1.445167; 1, 7, 1, 0; 0.281371672184; 0, 1, 0; 1, 0, 0; 3, 1, 1 ;
0,69; -1.059370, 3.438725, -1.090989 / -1.059370, 3.438725, -1.090989 / -1.059370, 3.438725, -1.090989; 1, 7, 1, 0; 0.785786505363; 1, 0, 1; 1, 0, 0; 3, 1, 2 ;
1,70; 0.172541, -0.700787, 2.21789 / 0.172541, -0.700787, 2.21789 / 0.172541, -0.700787, 2.21789; 1, 34, 1, 0; 0.108128465908; 1, 0, 1; 1, 0, 0; 2, 1, 2 / 4, 10, 0 ;
1,71; -1.73366, 1.45024, -3.74225 / -1.73366, 1.45024, -3.74225 / -1.73366, 1.45024, -3.74225; 1, 1, 1, 0; 0.583687023185; 0, 1, 0; 1, 0, 0; 3, 1, 1 ;
0,71; -1.679262, 1.708937, -3.896199 / -1.679262, 1.708937, -3.896199 / -1.679262, 1.708937, -3.896199; 1, 2, 1, 0; 0.047025597334; 1, 0, 1; 1, 0, 0; 3, 1, 2 ;
1,72; -1.75613, 0.500486, -2.5385 / -1.75606, 0.50088, -2.53812 / -1.7562, 0.500091, -2.53888; 1, 2, 1, 0; 0.868510904063; 2, 1, 1; 1, 1, 0; 1, 1, 1 / 2, 10, 2 ;
0,72; -1.755769, 0.499922, -2.540178 / -1.755769, 0.499922, -2.540178 / -1.755769, 0.499922, -2.540178; 1, 2, 1, 0; 0.868510844733; 0, 1, 0; 0, 1, 0; 4, 1, 1 ;
0,72; -1.926070, 0.413958, -2.606905 / -1.926070, 0.413958, -2.606905 / -1.926070, 0.413958, -2.606905; 1, 2, 1, 0; 0.867004222714; 0, 1, 0; 1, 0, 0; 2, 1, 1 ;
0,72; -1.752560, 0.496775, -2.537347 / -1.752560, 0.496775, -2.537347 / -1.752560, 0.496775, -2.537347; 1, 2, 1, 0; 0.868504033649; 1, 0, 1; 1, 0, 0; 2, 1, 2 ;
0,72; -1.755200, 0.499681, -2.541830 / -1.755200, 0.499681, -2.541830 / -1.755200, 0.499681, -2.541830; 1, 2, 1, 0; 0.868510797269; 1, 0, 1; 1, 0, 0; 3, 1, 2 ;
0,72; -1.756493, 0.501698, -2.537442 / -1.756064, 0.502517, -2.536765 / -1.756922, 0.500880, -2.538119; 1, 2, 1, 0; 0.868510939661; 1, 0, 1; 2, 0, 0; 2, 1, 2 / 3, 9, 2 ;
0,72; 0.117874, 1.432231, -1.880028 / 0.117874, 1.432231, -1.880028 / 0.117874, 1.432231, -1.880028; 1, 4, 1, 0; 0.722852230644; 1, 0, 1; 1, 0, 0; 3, 1, 2 ;
0,72; 2.384209, 2.523733, -1.088178 / 2.384209, 2.523733, -1.088178 / 2.384209, 2.523733, -1.088178; 1, 11, 1, 0; 0.937554843383; 0, 1, 0; 1, 0, 0; 2, 1, 1 ;
1,78; 1.17747, -3.01651, -1.65821 / 1.17747, -3.01651, -1.65821 / 1.17747, -3.01651, -1.65821; 1, 8, 1, 0; 0.331326656992; 1, 0, 1; 1, 0, 0; 3, 1, 2 ;
1,79; -0.297603, 4.07998, 0.187901 / -0.297603, 4.07998, 0.187901 / -0.297603, 4.07998, 0.187901; 1, 17, 1, 0; 0.399743917545; 0, 1, 0; 0, 1, 0; 1, 1, 1 ;
1,80; 2.25769, 2.25085, -0.133311 / 2.25769, 2.25085, -0.133311 / 2.25769, 2.25085, -0.133311; 1, 20, 1, 0; 0.023501632810; 1, 0, 1; 1, 0, 0; 3, 1, 2 ;
1,83; 1.44361, -0.248948, 0.171482 / 1.44485, -0.248665, 0.171826 / 1.44237, -0.249232, 0.171139; 1, 16, 1, 0; 0.722381508240; 0, 2, 0; 2, 1, 0; 1, 1, 3 / 2, 1, 1 / 2, 8, 1 / 3, 8, 0 ;
0,83; 1.442114, -0.251092, 0.174521 / 1.442471, -0.250453, 0.175087 / 1.441758, -0.251732, 0.173956; 1, 16, 1, 0; 0.722393080826; 2, 1, 2; 2, 1, 0; 1, 7, 0 / 1, 10, 1 / 2, 1, 2 / 3, 10, 2 ;
0,83; 1.444312, -0.247973, 0.173893 / 1.444312, -0.247973, 0.173893 / 1.444312, -0.247973, 0.173893; 1, 16, 1, 0; 0.722394018420; 1, 0, 1; 0, 1, 0; 1, 1, 2 ;
0,83; -1.959981, 1.061347, 1.074755 / -1.959981, 1.061347, 1.074755 / -1.959981, 1.061347, 1.074755; 1, 24, 1, 0; 0.275258380518; 1, 0, 1; 0, 1, 0; 1, 1, 2 ;
1,92; 1.1683, -0.97849, 1.73056 / 1.1683, -0.97849, 1.73056 / 1.1683, -0.97849, 1.73056; 1, 27, 1, 0; 0.873124493532; 0, 1, 0; 1, 0, 0; 2, 1, 1 / 4, 6, 0 ;
0,92; 1.167255, -0.976493, 1.727344 / 1.167255, -0.976493, 1.727344 / 1.167255, -0.976493, 1.727344; 1, 27, 1, 0; 0.873124622451; 0, 1, 0; 1, 0, 0; 2, 1, 1 / 4, 10, 0 ;
0,92; -0.719056, 0.980044, 1.968112 / -0.719056, 0.980044, 1.968112 / -0.719056, 0.980044, 1.968112; 1, 29, 1, 0; 0.930830070020; 1, 0, 1; 0, 1, 0; 4, 1, 2 ;
0,92; -0.717606, 0.978614, 1.960720 / -0.717606, 0.978614, 1.960720 / -0.717606, 0.978614, 1.960720; 1, 29, 1, 0; 0.930811639606; 1, 0, 1; 1, 0, 0; 2, 1, 2 ;
0,92; -0.717744, 0.978660, 1.969166 / -0.717744, 0.978660, 1.969166 / -0.717744, 0.978660, 1.969166; 1, 29, 1, 0; 0.930828959519; 1, 0, 1; 1, 0, 0; 3, 1, 2 ;
0,92; -0.135054, 0.361775, 1.896802 / -0.135054, 0.361775, 1.896802 / -0.135054, 0.361775, 1.896802; 1, 30, 1, 0; 0.773936374157; 1, 0, 1; 1, 0, 0; 2, 1, 2 ;
1,96; 1.46993, 0.0624002, 0.10819 / 1.46996, 0.0628833, 0.108565 / 1.46989, 0.061917, 0.107815; 1, 16, 1, 0; 0.668349218850; 2, 1, 1; 2, 0, 0; 2, 1, 1 / 2, 5, 2 ;
1,99; -0.589706, -3.94359, -1.37234 / -0.589706, -3.94359, -1.37234 / -0.589706, -3.94359, -1.37234; 1, 8, 1, 0; 0.464468771637; 1, 0, 1; 0, 1, 0; 1, 1, 2 ;
0,99; -0.593187, -3.938709, -1.370567 / -0.593187, -3.938709, -1.370567 / -0.593187, -3.938709, -1.370567; 1, 8, 1, 0; 0.464468889250; 1, 0, 1; 1, 0, 0; 3, 1, 2 ;
1,107; 2.04814, -2.6157, -0.158003 / 2.04814, -2.6157, -0.158003 / 2.04814, -2.6157, -0.158003; 1, 15, 1, 0; 0.420553930393; 1, 0, 1; 1, 0, 0; 3, 1, 2 / 4, 2, 0 ;
1,112; -0.0505515, -2.98611, 0.203281 / -0.0505515, -2.98611, 0.203281 / -0.0505515, -2.98611, 0.203281; 1, 15, 1, 0; 0.811772025417; 1, 0, 1; 1, 0, 0; 3, 1, 2 ;
0,112; 2.357776, -3.703523, 0.396448 / 2.357776, -3.703523, 0.396448 / 2.357776, -3.703523, 0.396448; 1, 19, 1, 0; 0.264503475326; 1, 0, 1; 1, 0, 0; 2, 1, 2 / 2, 6, 0 / 3, 9, 0 ;
1,116; -0.00319962, 1.82973, -1.04986 / -0.00319962, 1.82973, -1.04986 / -0.00319962, 1.82973, -1.04986; 1, 7, 1, 0; 0.566103273637; 0, 1, 0; 0, 1, 0; 1, 1, 1 ;
0,116; -0.005675, 1.830243, -1.044935 / -0.005675, 1.830243, -1.044935 / -0.005675, 1.830243, -1.044935; 1, 7, 1, 0; 0.566112611106; 1, 0, 1; 1, 0, 0; 3, 1, 2 ;
1,118; -1.45336, 2.21265, -1.80231 / -1.45336, 2.21265, -1.80231 / -1.45336, 2.21265, -1.80231; 1, 6, 1, 0; 0.620201876885; 0, 1, 0; 0, 1, 0; 1, 1, 1 ;
1,120; 0.00547985, 1.88514, -2.98661 / 0.00547985, 1.88514, -2.98661 / 0.00547985, 1.88514, -2.98661; 1, 2, 1, 0; 0.723427925127; 1, 0, 1; 0, 1, 0; 4, 1, 2 ;
0,120; 0.209906, 1.614483, -2.981174 / 0.209906, 1.614483, -2.981174 / 0.209906, 1.614483, -2.981174; 1, 2, 1, 0; 0.708493112974; 1, 0, 1; 1, 0, 0; 3, 1, 2 ;
0,120; -0.919936, 3.123722, -2.991804 / -0.919936, 3.123722, -2.991804 / -0.919936, 3.123722, -2.991804; 1, 2, 1, 0; 0.819065667233; 1, 0, 1; 1, 0, 0; 3, 1, 2 ;
0,120; 2.564237, -1.543106, -2.765530 / 2.564237, -1.543106, -2.765530 / 2.564237, -1.543106, -2.765530; 1, 3, 1, 0; 0.583250180329; 1, 0, 1; 1, 0, 0; 2, 1, 2 ;
0,120; 2.564751, -1.540339, -2.765922 / 2.564751, -1.540339, -2.765922 / 2.564751, -1.540339, -2.765922; 1, 3, 1, 0; 0.583250228686; 1, 0, 1; 1, 0, 0; 2, 1, 2 ;
1,121; -1.49343, -0.10911, -1.71503 / -1.49343, -0.10911, -1.71503 / -1.49343, -0.10911, -1.71503; 1, 6, 1, 0; 0.795034552015; 1, 0, 1; 0, 1, 0; 4, 1, 2 ;
0,121; 1.016143, -1.379323, -0.586665 / 1.016143, -1.379323, -0.586665 / 1.016143, -1.379323, -0.586665; 1, 12, 1, 0; 0.706451584479; 1, 0, 1; 1, 0, 0; 3, 1, 2 ;
0,121; 1.017261, -1.382132, -0.599497 / 1.017261, -1.382132, -0.599497 / 1.017261, -1.382132, -0.599497; 1, 12, 1, 0; 0.706452683063; 1, 0, 1; 1, 0, 0; 2, 1, 2 ;
1,122; 3.23092, -2.3196, -0.316336 / 3.23092, -2.3196, -0.316336 / 3.23092, -2.3196, -0.316336; 1, 12, 1, 0; 0.625870055799; 1, 0, 1; 1, 0, 0; 1, 6, 0 / 3, 1, 2 / 3, 2, 0 ;
1,124; -1.48789, -0.545017, 4.20263 / -1.48789, -0.545017, 4.20263 / -1.48789, -0.545017, 4.20263; 1, 46, 1, 0; 0.738217252978; 1, 0, 1; 1, 0, 0; 3, 1, 2 ;
1,133; -2.94697, 0.0406856, -0.874378 / -2.94697, 0.0406856, -0.874378 / -2.94697, 0.0406856, -0.874378; 1, 10, 1, 0; 0.340138225651; 1, 0, 1; 0, 1, 0; 4, 1, 2 ;
0,133; -1.370701, -2.285370, 1.017641 / -1.370701, -2.285370, 1.017641 / -1.370701, -2.285370, 1.017641; 1, 21, 1, 0; 0.728445061437; 1, 0, 1; 1, 0, 0; 2, 1, 2 ;
1,136; 2.82657, 1.59428, 1.72681 / 2.82657, 1.59428, 1.72681 / 2.82657, 1.59428, 1.72681; 1, 28, 1, 0; 0.239661357040; 1, 0, 1; 1, 0, 0; 2, 1, 2 ;
1,139; -2.72854, 1.30597, -2.28932 / -2.72854, 1.30597, -2.28932 / -2.72854, 1.30597, -2.28932; 1, 6, 1, 0; 0.223190586953; 0, 1, 0; 0, 1, 0; 1, 1, 1 ;
0,139; -1.351998, 0.531329, -0.243221 / -1.351998, 0.531329, -0.243221 / -1.351998, 0.531329, -0.243221; 1, 16, 1, 0; 0.526786477755; 1, 0, 1; 1, 0, 0; 2, 1, 2 ;
1,140; 1.16406, -3.28039, -1.4293 / 1.16406, -3.28039, -1.4293 / 1.16406, -3.28039, -1.4293; 1, 8, 1, 0; 0.509319970423; 1, 0, 1; 1, 0, 0; 2, 1, 2 ;
1,143; -1.12435, 1.13326, 1.59576 / -1.12435, 1.13326, 1.59576 / -1.12435, 1.13326, 1.59576; 1, 29, 1, 0; 0.274611500111; 1, 0, 1; 1, 0, 0; 2, 1, 2 ;
1,144; 1.11566, 0.252345, -3.61122 / 1.11566, 0.252345, -3.61122 / 1.11566, 0.252345, -3.61122; 1, 1, 1, 0; 0.719042196286; 1, 0, 1; 1, 0, 0; 3, 1, 2 ;
1,146; -0.860346, 3.91586, 0.132742 / -0.860346, 3.91586, 0.132742 / -0.860346, 3.91586, 0.132742; 1, 17, 1, 0; 0.436127273336; 1, 0, 1; 0, 1, 0; 4, 1, 2 ;
0,146; -0.856586, 3.920193, 0.134631 / -0.856586, 3.920193, 0.134631 / -0.856586, 3.920193, 0.134631; 1, 17, 1, 0; 0.436126248086; 1, 0, 1; 1, 0, 0; 2, 1, 2 ;
1,147; -2.29421, 1.0679, -3.57468 / -2.29421, 1.0679, -3.57468 / -2.29421, 1.0679, -3.57468; 1, 1, 1, 0; 0.633918267786; 0, 1, 0; 0, 1, 0; 1, 1, 1 ;
0,147; -1.399258, 1.560785, -1.852360 / -1.399258, 1.560785, -1.852360 / -1.399258, 1.560785, -1.852360; 1, 6, 1, 0; 0.659420369123; 0, 1, 0; 0, 1, 0; 4, 1, 1 ;
0,147; -0.391123, 2.079409, 0.091497 / -0.391123, 2.079409, 0.091497 / -0.391123, 2.079409, 0.091497; 1, 17, 1, 0; 0.607895739701; 0, 1, 0; 0, 1, 0; 4, 1, 1 ;
1,150; -1.4313, 0.383052, -3.9662 / -1.4313, 0.383052, -3.9662 / -1.4313, 0.383052, -3.9662; 1, 1, 1, 0; 0.524011012439; 1, 0, 1; 1, 0, 0; 3, 1, 2 ;
1,152; -3.12621, 0.757118, 2.10555 / -3.12621, 0.757118, 2.10555 / -3.12621, 0.757118, 2.10555; 1, 30, 1, 0; 0.837944833444; 1, 0, 1; 0, 1, 0; 1, 1, 2 ;
0,152; -3.124911, 0.760599, 2.095909 / -3.124911, 0.760599, 2.095909 / -3.124911, 0.760599, 2.095909; 1, 30, 1, 0; 0.837928487654; 1, 0, 1; 1, 0, 0; 2, 1, 2 ;
1,157; -3.91676, -1.17745, -0.245695 / -3.91671, -1.1767, -0.245209 / -3.9168, -1.1782, -0.246182; 1, 10, 1, 0; 0.808063337789; 1, 0, 2; 1, 1, 0; 1, 4, 2 / 2, 1, 2 ;
0,157; -1.422551, -0.223792, 0.093656 / -1.422551, -0.223792, 0.093656 / -1.422551, -0.223792, 0.093656; 1, 16, 1, 0; 0.698051485952; 0, 1, 0; 0, 1, 0; 1, 1, 1 ;
0,157; -1.223053, -0.146036, 0.121361 / -1.223053, -0.146036, 0.121361 / -1.223053, -0.146036, 0.121361; 1, 16, 1, 0; 0.699144211296; 0, 0, 0; 0, 1, 0; 1, 1, 3 ;
1,160; -0.893165, -1.3615, 1.68055 / -0.89224, -1.36127, 1.68092 / -0.894089, -1.36174, 1.68017; 1, 30, 1, 0; 0.277278922697; 2, 2, 2; 2, 2, 1; 1, 6, 1 / 3, 1, 2 / 3, 3, 2 / 4, 1, 1 / 4, 3, 0 ;
0,160; -0.894183, -1.358743, 1.679753 / -0.893713, -1.358435, 1.680457 / -0.894654, -1.359050, 1.679050; 1, 30, 1, 0; 0.277277763491; 2, 1, 2; 3, 1, 0; 1, 4, 1 / 2, 4, 2 / 3, 1, 3 / 3, 7, 2 / 4, 3, 0 ;
0,160; -0.893324, -1.361213, 1.681618 / -0.892558, -1.360691, 1.682585 / -0.894089, -1.361735, 1.680651; 1, 30, 1, 0; 0.277278854509; 1, 0, 1; 2, 2, 0; 1, 4, 0 / 3, 8, 2 / 3, 10, 2 / 4, 1, 2 / 4, 8, 1 / 4, 10, 0 ;
0,160; -0.892824, -1.361442, 1.679672 / -0.892240, -1.361268, 1.680166 / -0.893409, -1.361615, 1.679179; 1, 30, 1, 0; 0.277278971404; 2, 1, 1; 2, 1, 0; 1, 1, 1 / 2, 7, 2 / 2, 8, 1 / 2, 10, 0 / 4, 7, 0 ;
1,162; -4.4956, -0.279113, -0.921589 / -4.4956, -0.279113, -0.921589 / -4.4956, -0.279113, -0.921589; 1, 10, 1, 0; 0.353628157049; 0, 0, 0; 1, 0, 0; 3, 1, 3 / 3, 9, 0 / 3, 10, 0 ;
0,162; -4.492365, -0.279248, -0.920447 / -4.492365, -0.279248, -0.920447 / -4.492365, -0.279248, -0.920447; 1, 10, 1, 0; 0.353628286813; 0, 1, 0; 1, 0, 0; 3, 1, 1 ;
1,166; 3.45072, -0.263046, 0.406165 / 3.45072, -0.263046, 0.406165 / 3.45072, -0.263046, 0.406165; 1, 19, 1, 0; 0.605299741411; 0, 0, 0; 0, 1, 0; 1, 1, 3 ;
0,166; 3.893930, 0.807624, 1.991936 / 3.893930, 0.807624, 1.991936 / 3.893930, 0.807624, 1.991936; 1, 28, 1, 0; 0.664176869696; 1, 0, 1; 0, 1, 0; 1, 1, 2 ;
0,166; 3.892171, 0.809217, 1.995516 / 3.892171, 0.809217, 1.995516 / 3.892171, 0.809217, 1.995516; 1, 28, 1, 0; 0.664192947755; 1, 0, 1; 1, 0, 0; 3, 1, 2 ;
1,167; 3.70031, 0.904691, -1.93382 / 3.70031, 0.904691, -1.93382 / 3.70031, 0.904691, -1.93382; 1, 4, 1, 0; 0.649556695963; 1, 0, 1; 1, 0, 0; 3, 1, 2 ;
1,172; 4.22951, -0.710501, -0.750254 / 4.22951, -0.710501, -0.750254 / 4.22951, -0.710501, -0.750254; 1, 12, 1, 0; 0.532759077052; 1, 0, 1; 1, 0, 0; 2, 1, 2 ;
0,172; -2.259109, -0.885302, 3.585397 / -2.258802, -0.884984, 3.585612 / -2.259415, -0.885620, 3.585182; 1, 44, 1, 0; 0.262903260314; 2, 1, 1; 0, 2, 0; 1, 1, 1 / 1, 3, 2 ;
0,172; -2.261569, -0.884954, 3.583001 / -2.261569, -0.884954, 3.583001 / -2.261569, -0.884954, 3.583001; 1, 44, 1, 0; 0.262869108039; 1, 0, 1; 0, 1, 0; 4, 1, 2 ;
1,183; 1.65375, -1.07627, 3.66727 / 1.65375, -1.07627, 3.66727 / 1.65375, -1.07627, 3.66727; 1, 44, 1, 0; 0.097655438413; 1, 0, 1; 1, 0, 0; 3, 1, 2 ;
1,186; -3.21822, 2.90746, 0.132661 / -3.21822, 2.90746, 0.132661 / -3.21822, 2.90746, 0.132661; 1, 14, 1, 0; 0.644419180075; 1, 0, 1; 1, 0, 0; 3, 1, 2 ;
1,187; -1.12174, -0.642628, 1.71321 / -1.12174, -0.642628, 1.71321 / -1.12174, -0.642628, 1.71321; 1, 30, 1, 0; 0.243369483052; 1, 0, 1; 1, 0, 0; 2, 1, 2 ;
1,193; 0.499465, -1.98011, -3.67184 / 0.499465, -1.98011, -3.67184 / 0.499465, -1.98011, -3.67184; 1, 1, 1, 0; 0.917785662075; 1, 0, 1; 1, 0, 0; 2, 1, 2 ;
1,196; 0.962123, 4.12721, 1.10509 / 0.962123, 4.12721, 1.10509 / 0.962123, 4.12721, 1.10509; 1, 26, 1, 0; 0.589559487377; 1, 0, 1; 1, 0, 0; 2, 1, 2 ;
