1,1; -0.687829, 0.713252, -2.93259 / -0.687829, 0.713252, -2.93259 / -0.687829, 0.713252, -2.93259; 1, 2, 1, 0; 0.623707575096; 1, 0, 1; 1, 0, 0; 2, 1, 2 ;
1,4; -1.82748, -0.298293, 1.6118 / -1.82748, -0.298293, 1.6118 / -1.82748, -0.298293, 1.6118; 1, 30, 1, 0; 0.198959480364; 1, 0, 1; 1, 0, 0; 2, 1, 2 ;
0,4; -1.774404, -0.305279, 1.562851 / -1.774404, -0.305279, 1.562851 / -1.774404, -0.305279, 1.562851; 1, 30, 1, 0; 0.199179992675; 1, 0, 1; 1, 0, 0; 3, 1, 2 ;
1,6; -2.45931, 1.67035, -2.27959 / -2.45894, 1.67073, -2.27906 / -2.45968, 1.66998, -2.28012; 1, 6, 1, 0; 0.206100699764; 2, 1, 1; 2, 1, 0; 1, 4, 1 / 2, 1, 3 / 3, 2, 2 / 3, 8, 0 ;
1,10; -2.40399, -1.94541, 1.33013 / -2.40399, -1.94541, 1.33013 / -2.40399, -1.94541, 1.33013; 1, 21, 1, 0; 0.930239601341; 1, 0, 1; 0, 1, 0; 1, 1, 2 ;
1,18; -1.45661, 1.50231, 2.66413 / -1.45643, 1.5024, 2.66469 / -1.45679, 1.50221, 2.66356; 1, 37, 1, 0; 0.529844550782; 2, 1, 1; 1, 1, 0; 1, 6, 1 / 3, 1, 2 ;
1,20; -1.52716, -1.48832, -1.35276 / -1.52716, -1.48832, -1.35276 / -1.52716, -1.48832, -1.35276; 1, 6, 1, 0; 0.890047843513; 1, 0, 1; 1, 0, 0; 2, 1, 2 ;
0,20; -3.286909, -0.938888, 2.952397 / -3.286909, -0.938888, 2.952397 / -3.286909, -0.938888, 2.952397; 1, 35, 1, 0; 0.321835187032; 1, 0, 1; 1, 0, 0; 3, 1, 2 ;
1,24; 1.94968, -1.68999, -1.52519 / 1.94968, -1.68999, -1.52519 / 1.94968, -1.68999, -1.52519; 1, 8, 1, 0; 0.672568683580; 1, 0, 1; 0, 1, 0; 4, 1, 2 ;
1,26; -2.15469, -3.07936, -1.15224 / -2.15469, -3.07936, -1.15224 / -2.15469, -3.07936, -1.15224; 1, 9, 1, 0; 0.332931065059; 1, 0, 1; 0, 1, 0; 1, 1, 2 ;
1,29; -3.48838, 0.741429, 0.453823 / -3.48838, 0.741429, 0.453823 / -3.48838, 0.741429, 0.453823; 1, 17, 1, 0; 0.824849957735; 0, 1, 0; 0, 1, 0; 1, 1, 1 ;
1,34; 1.64509, 3.89753, 0.31657 / 1.64509, 3.89753, 0.31657 / 1.64509, 3.89753, 0.31657; 1, 20, 1, 0; 0.582992937988; 1, 0, 1; 1, 0, 0; 2, 1, 2 ;
1,39; 3.14323, 2.3871, 1.64751 / 3.14323, 2.3871, 1.64751 / 3.14323, 2.3871, 1.64751; 1, 28, 1, 0; 0.298438310349; 1, 0, 1; 1, 0, 0; 3, 1, 2 ;
1,40; 0.553261, -0.04325, 3.8761 / 0.553261, -0.04325, 3.8761 / 0.553261, -0.04325, 3.8761; 1, 46, 1, 0; 0.178327253445; 0, 1, 0; 1, 0, 0; 2, 1, 1 ;
1,43; -1.9412, 0.823369, 2.92882 / -1.94112, 0.823453, 2.92895 / -1.94128, 0.823286, 2.92868; 1, 39, 1, 0; 0.329911535439; 2, 1, 1; 2, 0, 0; 2, 1, 1 / 2, 2, 2 ;
1,44; 1.0202, -0.357998, -2.94892 / 1.0202, -0.357998, -2.94892 / 1.0202, -0.357998, -2.94892; 1, 2, 1, 0; 0.499294032351; 1, 0, 1; 0, 1, 0; 4, 1, 2 ;
0,44; 0.180314, -1.720491, -1.731854 / 0.180314, -1.720491, -1.731854 / 0.180314, -1.720491, -1.731854; 1, 8, 1, 0; 0.214347594195; 1, 0, 1; 1, 0, 0; 3, 1, 2 ;
1,50; -2.10244, -3.61937, 0.828824 / -2.10231, -3.61931, 0.829125 / -2.10257, -3.61943, 0.828522; 1, 18, 1, 0; 0.740714160173; 2, 1, 1; 1, 1, 0; 1, 2, 2 / 2, 1, 1 ;
0,50; -4.085383, -0.363486, 1.451495 / -4.085383, -0.363486, 1.451495 / -4.085383, -0.363486, 1.451495; 1, 24, 1, 0; 0.622358767896; 1, 0, 1; 1, 0, 0; 3, 1, 2 ;
1,51; 0.47524, 1.86996, -1.77464 / 0.47524, 1.86996, -1.77464 / 0.47524, 1.86996, -1.77464; 1, 7, 1, 0; 0.050380207838; 1, 0, 1; 1, 0, 0; 2, 1, 2 ;
1,55; -0.391082, -1.64133, -2.65378 / -0.391082, -1.64133, -2.65378 / -0.391082, -1.64133, -2.65378; 1, 5, 1, 0; 0.317010118594; 1, 0, 1; 1, 0, 0; 3, 1, 2 / 4, 1, 0 ;
1,56; -0.487177, 3.54982, 1.77356 / -0.487177, 3.54982, 1.77356 / -0.487177, 3.54982, 1.77356; 1, 29, 1, 0; 0.499364968964; 1, 0, 1; 0, 1, 0; 1, 1, 2 ;
0,56; -0.480083, 3.377564, 1.722986 / -0.480083, 3.377564, 1.722986 / -0.480083, 3.377564, 1.722986; 1, 29, 1, 0; 0.441727987734; 1, 0, 1; 1, 0, 0; 2, 1, 2 ;
0,56; -0.486830, 3.376780, 1.723239 / -0.486830, 3.376780, 1.723239 / -0.486830, 3.376780, 1.723239; 1, 29, 1, 0; 0.441729595037; 0, 1, 0; 1, 0, 0; 3, 1, 1 ;
0,56; -1.026695, -2.076892, 2.264922 / -1.025496, -2.076602, 2.265093 / -1.027894, -2.077183, 2.264751; 1, 34, 1, 0; 0.172930383741; 1, 0, 3; 2, 1, 0; 1, 10, 2 / 3, 1, 2 / 3, 7, 2 ;
0,56; -1.007926, -2.072881, 2.271138 / -1.007911, -2.072665, 2.271263 / -1.007940, -2.073098, 2.271013; 1, 34, 1, 0; 0.172905899433; 0, 2, 0; 1, 1, 0; 1, 1, 1 / 2, 1, 1 ;
0,56; -1.015414, -2.077522, 2.266250 / -1.015371, -2.077427, 2.266938 / -1.015458, -2.077617, 2.265561; 1, 34, 1, 0; 0.172908144556; 1, 0, 2; 1, 1, 0; 3, 1, 2 / 4, 5, 2 ;
0,56; -1.023636, -2.074096, 2.266418 / -1.023615, -2.073906, 2.266616 / -1.023658, -2.074285, 2.266220; 1, 34, 1, 0; 0.172928774737; 2, 1, 1; 1, 1, 0; 1, 1, 2 / 2, 1, 0 / 2, 2, 1 ;
0,56; -1.015663, -2.074470, 2.267552 / -1.015663, -2.074470, 2.267552 / -1.015663, -2.074470, 2.267552; 1, 34, 1, 0; 0.172906647808; 1, 0, 1; 1, 0, 0; 2, 1, 2 ;
0,56; -1.014869, -2.079281, 2.273511 / -1.014869, -2.079281, 2.273511 / -1.014869, -2.079281, 2.273511; 1, 34, 1, 0; 0.172907071886; 1, 0, 1; 1, 0, 0; 2, 1, 2 ;
0,56; -1.008186, -2.077907, 2.271562 / -1.008186, -2.077907, 2.271562 / -1.008186, -2.077907, 2.271562; 1, 34, 1, 0; 0.172907508438; 0, 1, 0; 1, 0, 0; 2, 1, 1 ;
0,56; -1.022440, -2.076338, 2.265637 / -1.022440, -2.076338, 2.265637 / -1.022440, -2.076338, 2.265637; 1, 34, 1, 0; 0.172930221594; 0, 1, 0; 1, 0, 0; 2, 1, 1 ;
0,56; -1.033463, -2.073724, 2.268125 / -1.033463, -2.073724, 2.268125 / -1.033463, -2.073724, 2.268125; 1, 34, 1, 0; 0.172951013922; 1, 0, 1; 1, 0, 0; 3, 1, 2 ;
1,57; -2.23589, 1.64859, -1.37898 / -2.23589, 1.64859, -1.37898 / -2.23589, 1.64859, -1.37898; 1, 7, 1, 0; 0.452776495964; 0, 0, 0; 1, 0, 0; 1, 5, 0 / 1, 8, 0 / 2, 1, 3 / 2, 3, 0 / 2, 8, 0 / 3, 5, 0 / 3, 8, 0 / 4, 6, 0 / 4, 7, 0 ;
1,58; -0.712471, -0.697979, -1.38605 / -0.712471, -0.697979, -1.38605 / -0.712471, -0.697979, -1.38605; 1, 11, 1, 0; 0.491478368190; 0, 1, 0; 1, 0, 0; 2, 1, 1 ;
0,58; -0.955994, -0.784618, -1.049040 / -0.955994, -0.784618, -1.049040 / -0.955994, -0.784618, -1.049040; 1, 11, 1, 0; 0.613499625795; 0, 1, 0; 1, 0, 0; 2, 1, 1 ;
1,66; -3.56855, 2.77468, 0.17318 / -3.56855, 2.77468, 0.17318 / -3.56855, 2.77468, 0.17318; 1, 14, 1, 0; 0.675971898570; 0, 1, 0; 1, 0, 0; 3, 1, 1 ;
1,67; -3.54181, 0.793891, 2.57298 / -3.54181, 0.793891, 2.57298 / -3.54181, 0.793891, 2.57298; 1, 37, 1, 0; 0.675450121543; 1, 0, 1; 1, 0, 0; 2, 1, 2 ;
1,68; 0.0731791, -0.450593, 0.650403 / 0.0731791, -0.450593, 0.650403 / 0.0731791, -0.450593, 0.650403; 1, 23, 1, 0; 0.260383225515; 1, 0, 1; 1, 0, 0; 2, 1, 2 ;
0,68; 1.042136, 1.444927, 1.605509 / 1.042136, 1.444927, 1.605509 / 1.042136, 1.444927, 1.605509; 1, 31, 1, 0; 0.165679266525; 1, 0, 1; 1, 0, 0; 2, 1, 2 ;
0,68; 1.042741, 1.443033, 1.602864 / 1.042741, 1.443033, 1.602864 / 1.042741, 1.443033, 1.602864; 1, 31, 1, 0; 0.165680511309; 1, 0, 1; 1, 0, 0; 3, 1, 2 ;
1,69; 0.35608, -4.30762, -0.897679 / 0.35608, -4.30762, -0.897679 / 0.35608, -4.30762, -0.897679; 1, 9, 1, 0; 0.739020195598; 1, 0, 1; 1, 0, 0; 3, 1, 2 ;
1,72; 2.23686, -2.42638, -1.0534 / 2.23686, -2.42638, -1.0534 / 2.23686, -2.42638, -1.0534; 1, 8, 1, 0; 0.818560014973; 1, 0, 1; 1, 0, 0; 2, 1, 2 ;
0,72; 2.992593, 0.612178, -1.118182 / 2.992593, 0.612178, -1.118182 / 2.992593, 0.612178, -1.118182; 1, 11, 1, 0; 0.791137967299; 1, 0, 1; 1, 0, 0; 3, 1, 2 ;
1,75; 0.881453, -0.532392, -3.17487 / 0.881453, -0.532392, -3.17487 / 0.881453, -0.532392, -3.17487; 1, 2, 1, 0; 0.440854395483; 1, 0, 1; 1, 0, 0; 1, 8, 0 / 3, 1, 2 ;
1,77; 3.22196, -2.2591, 0.30502 / 3.22255, -2.25905, 0.305583 / 3.22138, -2.25915, 0.304458; 1, 15, 1, 0; 0.695670138442; 2, 1, 3; 3, 1, 0; 3, 1, 2 / 3, 3, 2 / 3, 4, 2 / 3, 5, 0 / 4, 1, 1 ;
0,77; 3.222024, -2.259732, 0.306490 / 3.222160, -2.259071, 0.307398 / 3.221889, -2.260394, 0.305583; 1, 15, 1, 0; 0.695670158534; 1, 0, 1; 2, 0, 0; 2, 10, 2 / 3, 1, 2 / 3, 2, 0 ;
0,77; 3.218557, -2.259161, 0.296186 / 3.218557, -2.259161, 0.296186 / 3.218557, -2.259161, 0.296186; 1, 15, 1, 0; 0.695671122916; 1, 0, 1; 1, 0, 0; 3, 1, 2 / 4, 1, 0 ;
0,77; 3.212812, -2.257311, 0.298839 / 3.212812, -2.257311, 0.298839 / 3.212812, -2.257311, 0.298839; 1, 15, 1, 0; 0.695671337223; 1, 0, 1; 1, 0, 0; 3, 1, 2 / 4, 1, 0 ;
0,77; 3.216004, -2.255574, 0.288748 / 3.216004, -2.255574, 0.288748 / 3.216004, -2.255574, 0.288748; 1, 15, 1, 0; 0.695673165531; 1, 0, 1; 1, 0, 0; 3, 1, 2 ;
0,77; 3.220597, -2.252007, 0.307419 / 3.220597, -2.252007, 0.307419 / 3.220597, -2.252007, 0.307419; 1, 15, 1, 0; 0.695682407526; 1, 0, 1; 1, 0, 0; 3, 1, 2 ;
1,78; -1.50175, 1.90523, -0.190135 / -1.50175, 1.90523, -0.190135 / -1.50175, 1.90523, -0.190135; 1, 17, 1, 0; 0.137077296910; 0, 1, 0; 1, 0, 0; 3, 1, 1 ;
1,79; -0.43961, -1.04143, -0.785133 / -0.43961, -1.04143, -0.785133 / -0.43961, -1.04143, -0.785133; 1, 16, 1, 0; 0.017140131424; 1, 0, 1; 1, 0, 0; 2, 5, 0 / 3, 1, 2 ;
0,79; -0.439931, -1.042586, -0.787919 / -0.439931, -1.042586, -0.787919 / -0.439931, -1.042586, -0.787919; 1, 16, 1, 0; 0.017140211789; 1, 0, 1; 1, 0, 0; 2, 1, 2 ;
1,80; 1.78382, 1.0156, -1.70405 / 1.78382, 1.0156, -1.70405 / 1.78382, 1.0156, -1.70405; 1, 11, 1, 0; 0.103702251640; 1, 0, 1; 1, 0, 0; 3, 1, 2 ;
1,81; -2.14848, 0.155239, 1.11777 / -2.14848, 0.155239, 1.11777 / -2.14848, 0.155239, 1.11777; 1, 21, 1, 0; 0.481922143934; 1, 0, 1; 1, 0, 0; 2, 1, 2 ;
0,81; -1.389419, -0.989033, 1.015846 / -1.389419, -0.989033, 1.015846 / -1.389419, -0.989033, 1.015846; 1, 21, 1, 0; 0.609750081490; 1, 0, 1; 1, 0, 0; 3, 1, 2 ;
0,81; -1.398479, -0.991374, 1.020236 / -1.398479, -0.991374, 1.020236 / -1.398479, -0.991374, 1.020236; 1, 21, 1, 0; 0.609761802900; 1, 0, 1; 1, 0, 0; 3, 1, 2 ;
0,81; -2.644152, 0.908089, 1.184005 / -2.644152, 0.908089, 1.184005 / -2.644152, 0.908089, 1.184005; 1, 23, 1, 0; 0.614192483288; 1, 0, 1; 0, 1, 0; 1, 1, 2 ;
0,81; -3.544302, 2.270530, 1.316987 / -3.544302, 2.270530, 1.316987 / -3.544302, 2.270530, 1.316987; 1, 24, 1, 0; 0.463005576420; 0, 1, 0; 1, 0, 0; 3, 1, 1 ;
1,86; 1.43868, -1.25267, -1.09891 / 1.43868, -1.25267, -1.09891 / 1.43868, -1.25267, -1.09891; 1, 11, 1, 0; 0.560558378307; 1, 0, 1; 1, 0, 0; 2, 1, 2 ;
1,95; 0.453725, 3.83245, 0.533836 / 0.45408, 3.83305, 0.534214 / 0.453369, 3.83185, 0.533459; 1, 25, 1, 0; 0.264886280057; 2, 1, 2; 2, 1, 0; 1, 6, 1 / 2, 4, 2 / 3, 1, 2 ;
1,96; -2.10772, 1.40068, 1.15264 / -2.10772, 1.40068, 1.15264 / -2.10772, 1.40068, 1.15264; 1, 24, 1, 0; 0.320952935195; 1, 0, 1; 0, 1, 0; 1, 1, 2 ;
1,98; 3.54318, -0.0934231, -1.87936 / 3.54318, -0.0934231, -1.87936 / 3.54318, -0.0934231, -1.87936; 1, 4, 1, 0; 0.586117204028; 1, 0, 1; 1, 0, 0; 3, 1, 2 ;
1,101; -0.749519, 1.1245, -3.33378 / -0.749519, 1.1245, -3.33378 / -0.749519, 1.1245, -3.33378; 1, 2, 1, 0; 0.298671031772; 1, 0, 1; 1, 0, 0; 1, 6, 0 / 2, 1, 2 / 4, 10, 0 ;
0,101; -0.760897, 1.118634, -3.326510 / -0.760897, 1.118634, -3.326510 / -0.760897, 1.118634, -3.326510; 1, 2, 1, 0; 0.298677526430; 1, 0, 1; 1, 0, 0; 3, 1, 2 ;
0,101; -0.903362, 1.048873, -3.230172 / -0.903362, 1.048873, -3.230172 / -0.903362, 1.048873, -3.230172; 1, 2, 1, 0; 0.298880138373; 1, 0, 1; 1, 0, 0; 2, 1, 2 ;
0,101; -2.886748, -0.399348, -2.338151 / -2.886748, -0.399348, -2.338151 / -2.886748, -0.399348, -2.338151; 1, 5, 1, 0; 0.414727671312; 1, 0, 1; 0, 1, 0; 4, 1, 2 ;
0,101; -2.326615, -0.247406, -2.426686 / -2.326615, -0.247406, -2.426686 / -2.326615, -0.247406, -2.426686; 1, 5, 1, 0; 0.391479213410; 1, 0, 1; 1, 0, 0; 3, 1, 2 ;
0,101; -2.327333, -0.241554, -2.423483 / -2.327333, -0.241554, -2.423483 / -2.327333, -0.241554, -2.423483; 1, 5, 1, 0; 0.391479963262; 0, 1, 0; 1, 0, 0; 1, 1, 0 / 2, 1, 1 ;
0,101; -2.382898, -0.255989, -2.426758 / -2.382898, -0.255989, -2.426758 / -2.382898, -0.255989, -2.426758; 1, 5, 1, 0; 0.391513098889; 1, 0, 1; 1, 0, 0; 2, 1, 2 ;
0,101; -2.022788, -0.047608, -2.384107 / -2.022788, -0.047608, -2.384107 / -2.022788, -0.047608, -2.384107; 1, 5, 1, 0; 0.394105284155; 1, 0, 1; 1, 0, 0; 3, 1, 2 ;
0,101; -2.889567, -0.410886, -2.368769 / -2.889567, -0.410886, -2.368769 / -2.889567, -0.410886, -2.368769; 1, 5, 1, 0; 0.414700147324; 1, 0, 1; 1, 0, 0; 2, 1, 2 ;
0,101; -2.891668, -0.405296, -2.376622 / -2.891668, -0.405296, -2.376622 / -2.891668, -0.405296, -2.376622; 1, 5, 1, 0; 0.414701029503; 1, 0, 1; 1, 0, 0; 2, 1, 2 ;
1,104; 0.630786, 3.18949, -0.120269 / 0.630786, 3.18949, -0.120269 / 0.630786, 3.18949, -0.120269; 1, 17, 1, 0; 0.222266577672; 1, 0, 1; 0, 1, 0; 1, 1, 2 ;
1,105; -0.0505858, 4.44019, 0.178148 / -0.0502273, 4.44036, 0.178334 / -0.0509442, 4.44002, 0.177961; 1, 17, 1, 0; 0.374956416394; 2, 2, 1; 1, 2, 0; 1, 2, 1 / 1, 3, 1 / 2, 1, 2 / 3, 8, 0 ;
0,105; 0.541506, 0.839473, 2.645129 / 0.541506, 0.839473, 2.645129 / 0.541506, 0.839473, 2.645129; 1, 38, 1, 0; 0.899314263059; 0, 1, 0; 0, 1, 0; 1, 1, 1 ;
1,106; 0.511117, 1.59805, 2.27046 / 0.511117, 1.59805, 2.27046 / 0.511117, 1.59805, 2.27046; 1, 31, 1, 0; 0.557274661044; 1, 0, 1; 1, 0, 0; 2, 1, 2 ;
0,106; 0.515144, 1.644313, 2.267534 / 0.515144, 1.644313, 2.267534 / 0.515144, 1.644313, 2.267534; 1, 31, 1, 0; 0.559286540470; 1, 0, 1; 1, 0, 0; 2, 1, 2 ;
0,106; 0.508684, 1.635852, 2.264534 / 0.508684, 1.635852, 2.264534 / 0.508684, 1.635852, 2.264534; 1, 31, 1, 0; 0.559290054506; 1, 0, 1; 1, 0, 0; 3, 1, 2 ;
0,106; 0.505017, 1.633057, 2.268788 / 0.505017, 1.633057, 2.268788 / 0.505017, 1.633057, 2.268788; 1, 31, 1, 0; 0.559290351932; 1, 0, 1; 1, 0, 0; 1, 3, 0 / 2, 5, 0 / 3, 1, 2 ;
0,106; 0.504977, 1.630804, 2.271056 / 0.504977, 1.630804, 2.271056 / 0.504977, 1.630804, 2.271056; 1, 31, 1, 0; 0.559290484122; 1, 0, 1; 1, 0, 0; 3, 1, 2 ;
1,110; -0.358493, 3.17535, -2.62901 / -0.358493, 3.17535, -2.62901 / -0.358493, 3.17535, -2.62901; 1, 4, 1, 0; 0.185860326326; 1, 0, 1; 0, 1, 0; 4, 1, 2 ;
0,110; -0.492108, 1.167597, -0.834665 / -0.491836, 1.167827, -0.834451 / -0.492380, 1.167366, -0.834878; 1, 13, 1, 0; 0.327862134591; 2, 1, 1; 2, 0, 0; 2, 1, 2 / 3, 2, 1 ;
0,110; -3.259565, 1.101622, 0.648288 / -3.259441, 1.101688, 0.648477 / -3.259689, 1.101555, 0.648099; 1, 24, 1, 0; 0.222698777267; 0, 2, 0; 1, 1, 0; 1, 1, 1 / 2, 1, 1 / 2, 5, 0 ;
1,116; 0.402346, 1.61018, -3.64964 / 0.402464, 1.61091, -3.64886 / 0.402228, 1.60944, -3.65041; 1, 2, 1, 0; 0.071005940119; 2, 1, 1; 1, 1, 0; 1, 9, 1 / 3, 1, 2 / 3, 10, 0 ;
1,118; -1.44877, 1.1001, 2.81765 / -1.44877, 1.1001, 2.81765 / -1.44877, 1.1001, 2.81765; 1, 39, 1, 0; 0.400356671381; 1, 0, 1; 1, 0, 0; 3, 1, 2 ;
1,119; -2.14649, -0.731835, -2.39448 / -2.14649, -0.731835, -2.39448 / -2.14649, -0.731835, -2.39448; 1, 5, 1, 0; 0.430527249042; 0, 0, 0; 1, 0, 0; 3, 1, 3 ;
1,120; -0.828142, -0.370448, -2.64689 / -0.828142, -0.370448, -2.64689 / -0.828142, -0.370448, -2.64689; 1, 2, 1, 0; 0.955665639071; 0, 1, 0; 1, 0, 0; 2, 1, 1 ;
1,124; -1.26779, 1.53796, 3.94465 / -1.26735, 1.53895, 3.94549 / -1.26824, 1.53698, 3.94381; 1, 46, 1, 0; 0.399433432811; 2, 1, 2; 3, 0, 0; 2, 8, 1 / 2, 10, 2 / 3, 1, 2 ;
1,133; 0.782894, 3.31541, 0.0450229 / 0.783335, 3.3159, 0.0451242 / 0.782453, 3.31493, 0.0449215; 1, 17, 1, 0; 0.513123484791; 1, 0, 2; 1, 1, 0; 1, 4, 2 / 2, 1, 2 ;
1,139; -3.56996, -1.60662, -1.2604 / -3.56996, -1.60662, -1.2604 / -3.56996, -1.60662, -1.2604; 1, 9, 1, 0; 0.151117310945; 0, 1, 0; 1, 0, 0; 3, 1, 1 ;
1,144; 1.67796, -2.97539, 0.541941 / 1.67796, -2.97539, 0.541941 / 1.67796, -2.97539, 0.541941; 1, 19, 1, 0; 0.312418612589; 1, 0, 1; 1, 0, 0; 2, 1, 2 ;
0,144; 1.670514, -2.974665, 0.543091 / 1.670514, -2.974665, 0.543091 / 1.670514, -2.974665, 0.543091; 1, 19, 1, 0; 0.312419711735; 1, 0, 1; 1, 0, 0; 3, 1, 2 / 4, 2, 0 ;
0,144; -0.549979, 1.288349, 1.427996 / -0.549979, 1.288349, 1.427996 / -0.549979, 1.288349, 1.427996; 1, 26, 1, 0; 0.754022159359; 1, 0, 1; 1, 0, 0; 2, 1, 2 ;
0,144; -1.467215, -0.791800, 3.665430 / -1.467215, -0.791800, 3.665430 / -1.467215, -0.791800, 3.665430; 1, 44, 1, 0; 0.240451249807; 1, 0, 1; 1, 0, 0; 2, 1, 2 ;
0,144; -1.467439, -0.712397, 3.665151 / -1.467439, -0.712397, 3.665151 / -1.467439, -0.712397, 3.665151; 1, 44, 1, 0; 0.240664166657; 1, 0, 1; 1, 0, 0; 3, 1, 2 ;
0,144; -1.602078, -1.284230, 3.877074 / -1.601503, -1.283428, 3.877639 / -1.602653, -1.285031, 3.876509; 1, 45, 1, 0; 0.759111522663; 2, 2, 1; 2, 1, 0; 2, 1, 2 / 3, 3, 1 / 4, 1, 1 ;
0,144; -1.603122, -1.277439, 3.884929 / -1.603122, -1.277439, 3.884929 / -1.603122, -1.277439, 3.884929; 1, 45, 1, 0; 0.759110488130; 1, 0, 1; 0, 1, 0; 1, 1, 2 / 1, 6, 0 ;
0,144; -1.618266, -1.286049, 3.893019 / -1.618266, -1.286049, 3.893019 / -1.618266, -1.286049, 3.893019; 1, 45, 1, 0; 0.759135995306; 1, 0, 1; 0, 1, 0; 4, 1, 2 ;
0,144; -1.600248, -1.276206, 3.881084 / -1.600241, -1.276003, 3.881144 / -1.600256, -1.276408, 3.881024; 1, 45, 1, 0; 0.759112777670; 1, 0, 2; 2, 0, 0; 2, 1, 2 / 2, 2, 2 ;
0,144; -1.595545, -1.299620, 3.863531 / -1.595545, -1.299620, 3.863531 / -1.595545, -1.299620, 3.863531; 1, 45, 1, 0; 0.759061424128; 1, 0, 1; 1, 0, 0; 2, 1, 2 ;
0,144; -1.616038, -1.282673, 3.892526 / -1.616038, -1.282673, 3.892526 / -1.616038, -1.282673, 3.892526; 1, 45, 1, 0; 0.759138098291; 1, 0, 1; 1, 0, 0; 2, 1, 2 ;
0,144; -1.492488, -1.052471, 3.747908 / -1.492473, -1.052394, 3.748021 / -1.492503, -1.052548, 3.747795; 1, 46, 1, 0; 0.056488093658; 2, 1, 1; 1, 1, 0; 1, 1, 2 / 1, 8, 0 / 1, 10, 0 / 2, 1, 1 ;
0,144; -1.514198, -1.069394, 3.760896 / -1.514198, -1.069394, 3.760896 / -1.514198, -1.069394, 3.760896; 1, 46, 1, 0; 0.056494894032; 1, 0, 1; 1, 0, 0; 2, 1, 2 ;
1,146; 1.52626, 1.53548, 1.46946 / 1.52626, 1.53548, 1.46946 / 1.52626, 1.53548, 1.46946; 1, 26, 1, 0; 0.734505499121; 1, 0, 1; 1, 0, 0; 2, 1, 2 ;
0,146; 1.376977, 1.476652, 1.640723 / 1.376977, 1.476652, 1.640723 / 1.376977, 1.476652, 1.640723; 1, 28, 1, 0; 0.193620970356; 1, 0, 1; 1, 0, 0; 3, 1, 2 ;
0,146; 0.821256, 0.984581, 2.288624 / 0.821665, 0.985041, 2.288773 / 0.820846, 0.984122, 2.288475; 1, 31, 1, 0; 0.720866380697; 0, 2, 0; 2, 0, 0; 2, 1, 1 / 2, 10, 1 ;
0,146; 1.048688, 1.222136, 2.041594 / 1.048688, 1.222136, 2.041594 / 1.048688, 1.222136, 2.041594; 1, 31, 1, 0; 0.195813637105; 0, 1, 0; 1, 0, 0; 3, 1, 1 ;
0,146; 0.832484, 0.993323, 2.279865 / 0.832484, 0.993323, 2.279865 / 0.832484, 0.993323, 2.279865; 1, 31, 1, 0; 0.720850407804; 1, 0, 1; 1, 0, 0; 3, 1, 2 ;
0,146; 0.832108, 0.992201, 2.282614 / 0.832108, 0.992201, 2.282614 / 0.832108, 0.992201, 2.282614; 1, 31, 1, 0; 0.720850539994; 1, 0, 1; 1, 0, 0; 2, 1, 2 ;
0,146; 0.444501, 0.877049, 2.582828 / 0.445032, 0.877131, 2.583632 / 0.443970, 0.876967, 2.582025; 1, 38, 1, 0; 0.899777533876; 1, 0, 2; 1, 1, 0; 2, 1, 2 / 4, 8, 2 ;
0,146; -0.171124, 0.916252, 2.995078 / -0.171035, 0.916455, 2.995191 / -0.171214, 0.916049, 2.994966; 1, 39, 1, 0; 0.292732390382; 1, 0, 2; 2, 0, 0; 2, 1, 2 / 2, 2, 2 ;
0,146; -0.060336, 0.908183, 2.922441 / -0.060336, 0.908183, 2.922441 / -0.060336, 0.908183, 2.922441; 1, 39, 1, 0; 0.292890381895; 1, 0, 1; 1, 0, 0; 2, 1, 2 ;
0,146; -1.004724, 0.903780, 3.208203 / -1.004243, 0.904154, 3.208719 / -1.005205, 0.903405, 3.207687; 1, 42, 1, 0; 0.256102731639; 2, 1, 2; 2, 1, 0; 1, 1, 2 / 2, 3, 2 / 2, 6, 1 ;
0,146; -0.405308, 0.973095, 3.184715 / -0.405308, 0.973095, 3.184715 / -0.405308, 0.973095, 3.184715; 1, 42, 1, 0; 0.382759342938; 1, 0, 1; 0, 1, 0; 1, 1, 2 / 4, 10, 0 ;
0,146; -1.003780, 0.903896, 3.207462 / -1.003317, 0.904387, 3.207913 / -1.004243, 0.903405, 3.207011; 1, 42, 1, 0; 0.256102835947; 0, 1, 0; 3, 0, 0; 2, 1, 1 / 2, 10, 1 / 3, 6, 3 ;
0,146; -1.000748, 0.909861, 3.211811 / -1.000748, 0.909861, 3.211811 / -1.000748, 0.909861, 3.211811; 1, 42, 1, 0; 0.256104150238; 1, 0, 1; 1, 0, 0; 2, 1, 2 ;
0,146; -1.044232, 0.938871, 3.138490 / -1.044232, 0.938871, 3.138490 / -1.044232, 0.938871, 3.138490; 1, 42, 1, 0; 0.364736307385; 1, 0, 1; 1, 0, 0; 2, 1, 2 ;
0,146; -0.971631, 1.217049, 3.233918 / -0.971631, 1.217049, 3.233918 / -0.971631, 1.217049, 3.233918; 1, 42, 1, 0; 0.371055604928; 0, 1, 0; 1, 0, 0; 2, 1, 1 ;
0,146; -0.923959, 1.114810, 3.210916 / -0.923959, 1.114810, 3.210916 / -0.923959, 1.114810, 3.210916; 1, 42, 1, 0; 0.372527214163; 0, 1, 0; 1, 0, 0; 2, 1, 1 / 2, 8, 0 / 3, 6, 0 / 4, 6, 0 / 4, 8, 0 ;
0,146; -0.401617, 0.968607, 3.183894 / -0.401617, 0.968607, 3.183894 / -0.401617, 0.968607, 3.183894; 1, 42, 1, 0; 0.382757194177; 1, 0, 1; 1, 0, 0; 2, 1, 2 ;
0,146; -0.409074, 0.977553, 3.190859 / -0.409074, 0.977553, 3.190859 / -0.409074, 0.977553, 3.190859; 1, 42, 1, 0; 0.382799522683; 1, 0, 1; 1, 0, 0; 2, 1, 2 ;
0,146; -0.453959, 1.027510, 3.203849 / -0.453959, 1.027510, 3.203849 / -0.453959, 1.027510, 3.203849; 1, 42, 1, 0; 0.386727457828; 1, 0, 1; 1, 0, 0; 3, 1, 2 ;
1,149; 2.12257, 2.86682, 0.136778 / 2.12257, 2.86682, 0.136778 / 2.12257, 2.86682, 0.136778; 1, 20, 1, 0; 0.213864025535; 1, 0, 1; 1, 0, 0; 2, 1, 2 ;
0,149; 1.993178, 1.857790, 0.634683 / 1.993178, 1.857790, 0.634683 / 1.993178, 1.857790, 0.634683; 1, 20, 1, 0; 0.718357984571; 1, 0, 1; 1, 0, 0; 3, 1, 2 ;
0,149; 1.599466, -1.126392, 2.089572 / 1.599466, -1.126392, 2.089572 / 1.599466, -1.126392, 2.089572; 1, 33, 1, 0; 0.261203747359; 1, 0, 1; 1, 0, 0; 2, 1, 2 ;
1,152; -1.50504, 1.02854, -3.17821 / -1.50504, 1.02854, -3.17821 / -1.50504, 1.02854, -3.17821; 1, 2, 1, 0; 0.302623631850; 1, 0, 1; 1, 0, 0; 2, 1, 2 ;
1,154; 0.72543, -3.85313, -0.292338 / 0.726072, -3.85301, -0.292126 / 0.724788, -3.85325, -0.29255; 1, 15, 1, 0; 0.270028964950; 2, 1, 1; 1, 1, 0; 2, 2, 1 / 4, 1, 2 ;
0,154; -1.045730, -3.700059, 0.661738 / -1.045131, -3.699870, 0.662837 / -1.046328, -3.700248, 0.660639; 1, 18, 1, 0; 0.731405974072; 2, 1, 1; 1, 1, 0; 1, 10, 1 / 3, 1, 2 ;
1,156; -0.493101, 3.22927, -1.6421 / -0.493101, 3.22927, -1.6421 / -0.493101, 3.22927, -1.6421; 1, 7, 1, 0; 0.114623601809; 1, 0, 1; 0, 1, 0; 4, 1, 2 ;
0,156; -0.550391, 1.452502, -1.429064 / -0.550391, 1.452502, -1.429064 / -0.550391, 1.452502, -1.429064; 1, 7, 1, 0; 0.493288926661; 1, 0, 1; 1, 0, 0; 3, 1, 2 / 4, 2, 0 ;
0,156; -0.551206, -4.456645, -0.605189 / -0.551206, -4.456645, -0.605189 / -0.551206, -4.456645, -0.605189; 1, 9, 1, 0; 0.782257454939; 1, 0, 1; 1, 0, 0; 3, 1, 2 ;
0,156; -0.559533, -4.463664, -0.606474 / -0.559533, -4.463664, -0.606474 / -0.559533, -4.463664, -0.606474; 1, 9, 1, 0; 0.782265494898; 1, 0, 1; 1, 0, 0; 2, 1, 2 ;
1,159; -0.786935, -0.995038, 0.102819 / -0.786935, -0.995038, 0.102819 / -0.786935, -0.995038, 0.102819; 1, 16, 1, 0; 0.859564193026; 1, 0, 1; 0, 1, 0; 4, 1, 2 ;
1,163; -2.44825, 2.18913, 1.31684 / -2.44825, 2.18913, 1.31684 / -2.44825, 2.18913, 1.31684; 1, 24, 1, 0; 0.473842741417; 1, 0, 1; 0, 1, 0; 1, 1, 2 ;
1,165; -0.23137, -0.760417, -1.52087 / -0.23137, -0.760417, -1.52087 / -0.23137, -0.760417, -1.52087; 1, 11, 1, 0; 0.495297098364; 1, 0, 1; 1, 0, 0; 2, 1, 2 ;
0,165; 2.569699, -0.255564, -0.569709 / 2.570727, -0.255000, -0.568703 / 2.568671, -0.256129, -0.570715; 1, 12, 1, 0; 0.811450874977; 2, 4, 2; 4, 2, 0; 1, 7, 1 / 1, 8, 1 / 2, 1, 2 / 2, 4, 0 / 2, 5, 0 / 2, 7, 1 / 3, 5, 2 / 3, 7, 1 ;
0,165; 2.566768, -0.258392, -0.568086 / 2.566768, -0.258392, -0.568086 / 2.566768, -0.258392, -0.568086; 1, 12, 1, 0; 0.811450262745; 1, 0, 1; 0, 1, 0; 4, 1, 2 ;
0,165; 2.565310, -0.260406, -0.573148 / 2.565310, -0.260406, -0.573148 / 2.565310, -0.260406, -0.573148; 1, 12, 1, 0; 0.811450382902; 1, 0, 1; 1, 0, 0; 3, 1, 2 ;
0,165; 2.566304, -0.256210, -0.570904 / 2.566304, -0.256210, -0.570904 / 2.566304, -0.256210, -0.570904; 1, 12, 1, 0; 0.811450977969; 1, 0, 1; 1, 0, 0; 2, 1, 2 ;
0,165; 2.569726, -0.251399, -0.570095 / 2.569726, -0.251399, -0.570095 / 2.569726, -0.251399, -0.570095; 1, 12, 1, 0; 0.811451864847; 1, 0, 1; 1, 0, 0; 3, 1, 2 ;
1,167; 0.327819, -0.114566, 1.9657 / 0.327819, -0.114566, 1.9657 / 0.327819, -0.114566, 1.9657; 1, 30, 1, 0; 0.624347200954; 1, 0, 1; 1, 0, 0; 3, 1, 2 ;
1,170; -2.04019, 2.08651, -1.18217 / -2.04019, 2.08651, -1.18217 / -2.04019, 2.08651, -1.18217; 1, 7, 1, 0; 0.601841971771; 1, 0, 1; 1, 0, 0; 3, 1, 2 ;
0,170; -2.031855, 2.084507, -1.181213 / -2.031855, 2.084507, -1.181213 / -2.031855, 2.084507, -1.181213; 1, 7, 1, 0; 0.601842237679; 0, 0, 0; 1, 0, 0; 2, 2, 0 / 3, 1, 3 ;
1,175; -0.733993, -0.315997, -4.21318 / -0.733874, -0.315813, -4.21312 / -0.734112, -0.31618, -4.21324; 1, 1, 1, 0; 0.218041995355; 2, 1, 1; 1, 1, 0; 2, 1, 1 / 4, 5, 2 ;
1,178; -2.75228, -1.05032, -3.25984 / -2.75228, -1.05032, -3.25984 / -2.75228, -1.05032, -3.25984; 1, 5, 1, 0; 0.087537397042; 1, 0, 1; 1, 0, 0; 3, 1, 2 ;
0,178; -2.608606, 2.356154, -2.683390 / -2.608606, 2.356154, -2.683390 / -2.608606, 2.356154, -2.683390; 1, 6, 1, 0; 0.072807476174; 0, 1, 0; 0, 1, 0; 1, 1, 1 ;
1,184; 1.36051, -0.061141, 3.07856 / 1.36051, -0.061141, 3.07856 / 1.36051, -0.061141, 3.07856; 1, 37, 1, 0; 0.810968561142; 1, 0, 1; 1, 0, 0; 2, 1, 2 ;
1,186; 0.679136, -2.06324, 3.91285 / 0.679136, -2.06324, 3.91285 / 0.679136, -2.06324, 3.91285; 1, 45, 1, 0; 0.923492363111; 1, 0, 1; 0, 1, 0; 1, 1, 2 ;
0,186; -0.094416, -1.476197, 3.810147 / -0.094416, -1.476197, 3.810147 / -0.094416, -1.476197, 3.810147; 1, 46, 1, 0; 0.003361015152; 1, 0, 1; 1, 0, 0; 3, 1, 2 ;
1,191; -1.11737, -0.476503, -2.86855 / -1.11737, -0.476503, -2.86855 / -1.11737, -0.476503, -2.86855; 1, 2, 1, 0; 0.511486489373; 1, 0, 1; 0, 1, 0; 1, 1, 2 ;
0,191; -1.837364, 1.268854, -1.470714 / -1.837364, 1.268854, -1.470714 / -1.837364, 1.268854, -1.470714; 1, 7, 1, 0; 0.501421033953; 0, 1, 0; 1, 0, 0; 3, 1, 1 ;
0,191; -2.838637, 3.646677, 0.450232 / -2.838637, 3.646677, 0.450232 / -2.838637, 3.646677, 0.450232; 1, 25, 1, 0; 0.227293566500; 1, 0, 1; 1, 0, 0; 3, 1, 2 ;
1,196; 2.81665, -0.439872, 2.59218 / 2.81665, -0.439872, 2.59218 / 2.81665, -0.439872, 2.59218; 1, 34, 1, 0; 0.788875231061; 1, 0, 1; 1, 0, 0; 3, 1, 2 ;
1,199; -2.60655, -0.892446, -2.08406 / -2.60625, -0.891752, -2.08342 / -2.60686, -0.89314, -2.0847; 1, 5, 1, 0; 0.950574729882; 2, 3, 3; 2, 4, 1; 1, 4, 2 / 1, 5, 1 / 2, 5, 1 / 3, 3, 2 / 4, 1, 1 / 4, 7, 2 ;
0,199; -1.013195, -3.498038, -2.067208 / -1.013195, -3.498038, -2.067208 / -1.013195, -3.498038, -2.067208; 1, 5, 1, 0; 0.668335288830; 1, 0, 1; 1, 0, 0; 3, 1, 2 ;
0,199; -1.849215, -2.136779, -2.081767 / -1.849215, -2.136779, -2.081767 / -1.849215, -2.136779, -2.081767; 1, 5, 1, 0; 0.815290148706; 0, 1, 0; 1, 0, 0; 3, 1, 1 ;
