1,10; -2.58944, 2.1913, -0.84309 / -2.58911, 2.19171, -0.842675 / -2.58977, 2.1909, -0.843506; 1, 7, 1, 0; 0.881187479609; 2, 1, 1; 1, 1, 0; 1, 1, 1 / 3, 3, 2 ;
0,10; -2.593510, 2.191235, -0.837382 / -2.593510, 2.191235, -0.837382 / -2.593510, 2.191235, -0.837382; 1, 7, 1, 0; 0.881196208558; 1, 0, 1; 1, 0, 0; 3, 1, 2 ;
1,13; 2.2662, 2.37972, -1.59579 / 2.2662, 2.37972, -1.59579 / 2.2662, 2.37972, -1.59579; 1, 11, 1, 0; 0.176305409841; 1, 0, 1; 1, 0, 0; 1, 1, 0 / 2, 1, 2 ;
1,14; 3.42049, -0.546564, 1.40755 / 3.42049, -0.546564, 1.40755 / 3.42049, -0.546564, 1.40755; 1, 26, 1, 0; 0.974963567785; 1, 0, 1; 1, 0, 0; 3, 1, 2 / 3, 6, 0 / 4, 9, 0 ;
1,17; -1.94716, -1.63017, 0.46985 / -1.94716, -1.63017, 0.46985 / -1.94716, -1.63017, 0.46985; 1, 21, 1, 0; 0.211386829821; 1, 0, 1; 1, 0, 0; 3, 1, 2 ;
1,19; -3.42737, -0.953504, -2.28833 / -3.42737, -0.953504, -2.28833 / -3.42737, -0.953504, -2.28833; 1, 5, 1, 0; 0.461486231635; 1, 0, 1; 1, 0, 0; 3, 1, 2 / 4, 2, 0 ;
0,19; -3.432128, -0.951993, -2.290809 / -3.432128, -0.951993, -2.290809 / -3.432128, -0.951993, -2.290809; 1, 5, 1, 0; 0.461486736437; 1, 0, 1; 1, 0, 0; 2, 1, 2 ;
1,20; -1.76289, 0.549888, 2.36067 / -1.76275, 0.550868, 2.36106 / -1.76304, 0.548909, 2.36029; 1, 36, 1, 0; 0.358461507743; 1, 0, 2; 1, 1, 0; 1, 1, 2 / 3, 9, 2 ;
0,20; -1.419034, -0.170869, 3.893441 / -1.419011, -0.170582, 3.893646 / -1.419056, -0.171157, 3.893237; 1, 46, 1, 0; 0.163081055903; 0, 1, 0; 0, 2, 0; 3, 8, 0 / 4, 1, 3 / 4, 2, 1 / 4, 9, 0 ;
0,20; -1.417499, -0.162690, 3.884184 / -1.417499, -0.162690, 3.884184 / -1.417499, -0.162690, 3.884184; 1, 46, 1, 0; 0.163069970536; 1, 0, 1; 0, 1, 0; 1, 1, 2 ;
0,20; -1.417084, -0.166522, 3.896704 / -1.417084, -0.166522, 3.896704 / -1.417084, -0.166522, 3.896704; 1, 46, 1, 0; 0.163081220225; 1, 0, 1; 1, 0, 0; 3, 1, 2 ;
1,22; -0.858643, 2.06454, -1.45254 / -0.858643, 2.06454, -1.45254 / -0.858643, 2.06454, -1.45254; 1, 7, 1, 0; 0.421687673416; 1, 0, 1; 1, 0, 0; 2, 1, 2 ;
0,22; 1.771118, 1.147116, 3.550859 / 1.772010, 1.148101, 3.551105 / 1.770227, 1.146130, 3.550613; 1, 45, 1, 0; 0.111408491312; 2, 2, 3; 3, 2, 0; 1, 1, 2 / 1, 5, 1 / 2, 4, 2 / 2, 5, 1 / 2, 6, 2 ;
0,22; 1.770086, 1.150131, 3.552157 / 1.770092, 1.150368, 3.552674 / 1.770080, 1.149894, 3.551640; 1, 45, 1, 0; 0.111406557922; 1, 0, 1; 2, 0, 0; 2, 4, 3 / 3, 1, 2 / 4, 5, 0 ;
0,22; 1.772456, 1.151956, 3.553154 / 1.772456, 1.151956, 3.553154 / 1.772456, 1.151956, 3.553154; 1, 45, 1, 0; 0.111406795356; 1, 0, 1; 1, 0, 0; 3, 1, 2 ;
0,22; 1.773814, 1.148086, 3.552931 / 1.773814, 1.148086, 3.552931 / 1.773814, 1.148086, 3.552931; 1, 45, 1, 0; 0.111408796584; 0, 0, 0; 1, 0, 0; 3, 1, 3 ;
0,22; 1.769855, 1.154614, 3.555735 / 1.769855, 1.154614, 3.555735 / 1.769855, 1.154614, 3.555735; 1, 45, 1, 0; 0.111435931877; 1, 0, 1; 1, 0, 0; 2, 1, 2 ;
0,22; 1.865918, 1.102483, 3.810615 / 1.865918, 1.102483, 3.810615 / 1.865918, 1.102483, 3.810615; 1, 46, 1, 0; 0.362173566265; 1, 0, 1; 1, 0, 0; 3, 1, 2 ;
1,25; 0.256057, 2.56103, -0.730358 / 0.256057, 2.56103, -0.730358 / 0.256057, 2.56103, -0.730358; 1, 13, 1, 0; 0.304807045792; 1, 0, 1; 1, 0, 0; 2, 1, 2 ;
1,26; -3.22066, -1.13429, 1.9564 / -3.21975, -1.13377, 1.95647 / -3.22157, -1.13481, 1.95633; 1, 30, 1, 0; 0.432625710623; 0, 4, 0; 3, 1, 0; 1, 1, 1 / 1, 8, 0 / 2, 1, 1 / 2, 8, 1 / 3, 6, 1 ;
0,26; -3.216604, -1.138727, 1.955813 / -3.216604, -1.138727, 1.955813 / -3.216604, -1.138727, 1.955813; 1, 30, 1, 0; 0.432608809582; 0, 1, 0; 0, 1, 0; 1, 4, 0 / 4, 1, 1 ;
0,26; -3.214042, -1.140264, 1.956239 / -3.214042, -1.140264, 1.956239 / -3.214042, -1.140264, 1.956239; 1, 30, 1, 0; 0.432609900600; 1, 0, 1; 0, 1, 0; 1, 1, 2 / 3, 5, 0 ;
0,26; -3.222364, -1.137634, 1.954974 / -3.222364, -1.137634, 1.954974 / -3.222364, -1.137634, 1.954974; 1, 30, 1, 0; 0.432626041825; 1, 0, 1; 0, 1, 0; 4, 1, 2 ;
0,26; -3.213500, -1.145587, 1.957471 / -3.213500, -1.145587, 1.957471 / -3.213500, -1.145587, 1.957471; 1, 30, 1, 0; 0.432611527387; 1, 0, 1; 1, 0, 0; 3, 1, 2 ;
0,26; -3.221385, -1.129596, 1.954762 / -3.221385, -1.129596, 1.954762 / -3.221385, -1.129596, 1.954762; 1, 30, 1, 0; 0.432625389162; 1, 0, 1; 1, 0, 0; 2, 1, 2 ;
0,26; -3.228188, -1.145708, 1.957162 / -3.228188, -1.145708, 1.957162 / -3.228188, -1.145708, 1.957162; 1, 30, 1, 0; 0.432629090831; 1, 0, 1; 1, 0, 0; 2, 1, 2 ;
0,26; -3.227417, -1.151783, 1.948686 / -3.227417, -1.151783, 1.948686 / -3.227417, -1.151783, 1.948686; 1, 30, 1, 0; 0.432633074996; 1, 0, 1; 1, 0, 0; 2, 1, 2 ;
1,29; 2.63959, -1.01307, 0.665917 / 2.63959, -1.01307, 0.665917 / 2.63959, -1.01307, 0.665917; 1, 19, 1, 0; 0.783546068673; 1, 0, 1; 1, 0, 0; 3, 1, 2 ;
1,33; -0.162689, 3.08113, 1.1508 / -0.161836, 3.08148, 1.15088 / -0.163542, 3.08078, 1.15073; 1, 25, 1, 0; 0.952416175903; 2, 1, 1; 2, 0, 0; 3, 1, 2 / 3, 4, 1 / 4, 4, 0 ;
0,33; -0.224519, 2.906388, 1.184727 / -0.224519, 2.906388, 1.184727 / -0.224519, 2.906388, 1.184727; 1, 25, 1, 0; 0.951307436458; 0, 1, 0; 1, 0, 0; 3, 1, 1 ;
0,33; -0.224210, 2.909066, 1.179512 / -0.224210, 2.909066, 1.179512 / -0.224210, 2.909066, 1.179512; 1, 25, 1, 0; 0.951308996614; 1, 0, 1; 1, 0, 0; 2, 1, 2 ;
0,33; -0.166345, 3.083835, 1.139782 / -0.166345, 3.083835, 1.139782 / -0.166345, 3.083835, 1.139782; 1, 25, 1, 0; 0.952399691398; 1, 0, 1; 1, 0, 0; 2, 1, 2 ;
0,33; -0.168771, 3.073177, 1.159771 / -0.168771, 3.073177, 1.159771 / -0.168771, 3.073177, 1.159771; 1, 25, 1, 0; 0.952432523252; 1, 0, 1; 1, 0, 0; 3, 1, 2 ;
1,35; -1.75282, -2.84817, 1.388 / -1.75282, -2.84817, 1.388 / -1.75282, -2.84817, 1.388; 1, 21, 1, 0; 0.865990739286; 0, 1, 0; 1, 0, 0; 2, 1, 1 ;
1,36; -3.33825, 1.36355, 0.218772 / -3.33825, 1.36355, 0.218772 / -3.33825, 1.36355, 0.218772; 1, 14, 1, 0; 0.758147820563; 1, 0, 1; 1, 0, 0; 2, 1, 2 ;
0,36; -3.368744, 1.249246, 0.408244 / -3.368744, 1.249246, 0.408244 / -3.368744, 1.249246, 0.408244; 1, 17, 1, 0; 0.920593654885; 1, 0, 1; 1, 0, 0; 2, 1, 2 ;
1,38; -0.995561, 0.593378, -1.73236 / -0.995561, 0.593378, -1.73236 / -0.995561, 0.593378, -1.73236; 1, 6, 1, 0; 0.752463627266; 1, 0, 1; 1, 0, 0; 2, 1, 2 ;
1,39; 3.29409, -0.408177, 0.421548 / 3.29482, -0.407701, 0.422329 / 3.29336, -0.408653, 0.420767; 1, 19, 1, 0; 0.550537901731; 0, 2, 0; 2, 0, 0; 1, 9, 0 / 2, 9, 1 / 3, 1, 1 ;
0,39; 3.300852, -0.405774, 0.426487 / 3.300852, -0.405774, 0.426487 / 3.300852, -0.405774, 0.426487; 1, 19, 1, 0; 0.550537511245; 1, 0, 1; 1, 0, 0; 3, 1, 2 ;
0,39; 3.293281, -0.407595, 0.420693 / 3.293363, -0.407488, 0.420767 / 3.293199, -0.407701, 0.420619; 1, 19, 1, 0; 0.550537959580; 0, 1, 0; 2, 0, 0; 1, 1, 0 / 2, 1, 1 / 3, 6, 1 ;
1,43; -1.88703, -1.8803, 2.06184 / -1.88703, -1.8803, 2.06184 / -1.88703, -1.8803, 2.06184; 1, 32, 1, 0; 0.261586449700; 1, 0, 1; 0, 1, 0; 4, 1, 2 ;
1,45; -2.07864, 1.17853, 2.61467 / -2.07864, 1.17853, 2.61467 / -2.07864, 1.17853, 2.61467; 1, 37, 1, 0; 0.614143582726; 1, 0, 1; 1, 0, 0; 3, 1, 2 ;
1,46; -3.17148, 1.76916, 1.022 / -3.17148, 1.76916, 1.022 / -3.17148, 1.76916, 1.022; 1, 24, 1, 0; 0.336893462745; 1, 0, 1; 0, 1, 0; 1, 1, 2 ;
1,57; -0.168578, 3.6443, 1.34005 / -0.168578, 3.6443, 1.34005 / -0.168578, 3.6443, 1.34005; 1, 29, 1, 0; 0.084985953141; 1, 0, 1; 1, 0, 0; 3, 1, 2 ;
1,61; -0.823472, -0.133366, -4.38118 / -0.823472, -0.133366, -4.38118 / -0.823472, -0.133366, -4.38118; 1, 1, 1, 0; 0.041316912372; 0, 1, 0; 1, 0, 0; 2, 6, 0 / 3, 1, 1 / 3, 6, 0 / 3, 9, 0 / 4, 2, 0 ;
0,61; -0.821650, -0.133094, -4.380315 / -0.821650, -0.133094, -4.380315 / -0.821650, -0.133094, -4.380315; 1, 1, 1, 0; 0.041316951925; 0, 1, 0; 1, 0, 0; 3, 1, 1 / 4, 1, 0 ;
1,63; -1.75444, 2.57325, -2.61874 / -1.75444, 2.57325, -2.61874 / -1.75444, 2.57325, -2.61874; 1, 6, 1, 0; 0.090769348393; 1, 0, 1; 0, 1, 0; 1, 1, 2 ;
0,63; -1.761823, 2.575575, -2.641429 / -1.761823, 2.575575, -2.641429 / -1.761823, 2.575575, -2.641429; 1, 6, 1, 0; 0.090750391344; 1, 0, 1; 1, 0, 0; 2, 1, 2 / 4, 9, 0 ;
0,63; -1.755685, 2.571333, -2.640045 / -1.755685, 2.571333, -2.640045 / -1.755685, 2.571333, -2.640045; 1, 6, 1, 0; 0.090751846940; 1, 0, 1; 1, 0, 0; 2, 1, 2 ;
0,63; -1.770385, 2.569829, -2.632908 / -1.770385, 2.569829, -2.632908 / -1.770385, 2.569829, -2.632908; 1, 6, 1, 0; 0.090757091005; 1, 0, 1; 1, 0, 0; 3, 1, 2 ;
0,63; -1.760996, 2.576395, -2.627551 / -1.760996, 2.576395, -2.627551 / -1.760996, 2.576395, -2.627551; 1, 6, 1, 0; 0.090759213135; 1, 0, 1; 1, 0, 0; 3, 1, 2 ;
0,63; -1.754837, 2.579044, -2.618945 / -1.754837, 2.579044, -2.618945 / -1.754837, 2.579044, -2.618945; 1, 6, 1, 0; 0.090768618145; 1, 0, 1; 1, 0, 0; 3, 1, 2 ;
0,63; -1.042074, 1.340909, -0.827268 / -1.041701, 1.341043, -0.826912 / -1.042447, 1.340776, -0.827623; 1, 7, 1, 0; 0.981976557123; 2, 1, 1; 1, 1, 0; 2, 4, 2 / 4, 1, 1 / 4, 2, 0 ;
0,63; -0.290279, 0.005828, 1.074324 / -0.290279, 0.005828, 1.074324 / -0.290279, 0.005828, 1.074324; 1, 23, 1, 0; 0.505261277359; 1, 0, 1; 1, 0, 0; 3, 1, 2 ;
1,64; -1.72703, 1.49278, 3.08777 / -1.72703, 1.49278, 3.08777 / -1.72703, 1.49278, 3.08777; 1, 39, 1, 0; 0.619257079994; 0, 1, 0; 0, 1, 0; 3, 1, 0 / 3, 2, 0 / 4, 1, 1 ;
0,64; -1.725460, 1.494278, 3.087533 / -1.725460, 1.494278, 3.087533 / -1.725460, 1.494278, 3.087533; 1, 39, 1, 0; 0.619284284143; 1, 0, 1; 1, 0, 0; 3, 1, 2 ;
0,64; 0.701958, 1.425497, 3.717083 / 0.701958, 1.425497, 3.717083 / 0.701958, 1.425497, 3.717083; 1, 46, 1, 0; 0.378176634017; 0, 1, 0; 1, 0, 0; 2, 1, 1 ;
1,66; -2.32541, -3.00198, 1.02895 / -2.32541, -3.00198, 1.02895 / -2.32541, -3.00198, 1.02895; 1, 21, 1, 0; 0.792298451406; 1, 0, 1; 1, 0, 0; 3, 1, 2 ;
1,68; 0.442275, -1.76533, -2.68054 / 0.442275, -1.76533, -2.68054 / 0.442275, -1.76533, -2.68054; 1, 3, 1, 0; 0.561895682975; 1, 0, 1; 0, 1, 0; 3, 1, 0 / 3, 3, 0 / 4, 1, 2 ;
0,68; 0.446854, -1.767492, -2.685552 / 0.446854, -1.767492, -2.685552 / 0.446854, -1.767492, -2.685552; 1, 3, 1, 0; 0.561896081916; 0, 0, 0; 0, 1, 0; 1, 1, 3 ;
0,68; 0.449910, -1.759848, -2.683763 / 0.449910, -1.759848, -2.683763 / 0.449910, -1.759848, -2.683763; 1, 3, 1, 0; 0.561894860915; 1, 0, 1; 1, 0, 0; 3, 1, 2 ;
0,68; 0.449086, -1.774122, -2.681742 / 0.449086, -1.774122, -2.681742 / 0.449086, -1.774122, -2.681742; 1, 3, 1, 0; 0.561896509065; 1, 0, 1; 1, 0, 0; 2, 1, 2 ;
1,73; 2.92468, 1.55563, -1.52866 / 2.92468, 1.55563, -1.52866 / 2.92468, 1.55563, -1.52866; 1, 11, 1, 0; 0.250447787497; 1, 0, 1; 1, 0, 0; 3, 1, 2 ;
1,74; 1.74855, -0.516669, 2.89223 / 1.7493, -0.515996, 2.8925 / 1.7478, -0.517342, 2.89195; 1, 37, 1, 0; 0.718748094197; 2, 2, 1; 3, 0, 0; 2, 3, 0 / 2, 4, 1 / 2, 6, 0 / 3, 1, 2 / 3, 8, 1 ;
1,76; 0.138574, 2.98772, 2.75907 / 0.138574, 2.98772, 2.75907 / 0.138574, 2.98772, 2.75907; 1, 38, 1, 0; 0.408273097718; 1, 0, 1; 0, 1, 0; 4, 1, 2 ;
0,76; -0.224889, 2.580203, 3.540045 / -0.224889, 2.580203, 3.540045 / -0.224889, 2.580203, 3.540045; 1, 45, 1, 0; 0.680938728508; 1, 0, 1; 1, 0, 0; 3, 1, 2 ;
1,90; -1.59537, -0.480364, -0.500417 / -1.59537, -0.480364, -0.500417 / -1.59537, -0.480364, -0.500417; 1, 10, 1, 0; 0.637130210564; 1, 0, 1; 1, 0, 0; 3, 1, 2 ;
1,93; 3.20277, 0.407886, 0.429893 / 3.20277, 0.407886, 0.429893 / 3.20277, 0.407886, 0.429893; 1, 19, 1, 0; 0.670685042650; 0, 1, 0; 0, 1, 0; 1, 1, 1 ;
0,93; 3.807822, 2.064892, -0.064313 / 3.807822, 2.064892, -0.064313 / 3.807822, 2.064892, -0.064313; 1, 20, 1, 0; 0.001952155338; 1, 0, 1; 1, 0, 0; 2, 1, 2 ;
1,97; 2.17543, 2.64941, -2.04255 / 2.17543, 2.64941, -2.04255 / 2.17543, 2.64941, -2.04255; 1, 4, 1, 0; 0.808716578618; 1, 0, 1; 1, 0, 0; 3, 1, 2 ;
1,100; 0.445413, 0.511186, -4.36423 / 0.445413, 0.511186, -4.36423 / 0.445413, 0.511186, -4.36423; 1, 1, 1, 0; 0.061868985916; 1, 0, 1; 1, 0, 0; 3, 1, 2 ;
0,100; 0.904435, 0.285612, -3.472405 / 0.904435, 0.285612, -3.472405 / 0.904435, 0.285612, -3.472405; 1, 1, 1, 0; 0.721462796927; 1, 0, 1; 1, 0, 0; 2, 1, 2 ;
0,100; 0.901082, 0.287897, -3.469932 / 0.901082, 0.287897, -3.469932 / 0.901082, 0.287897, -3.469932; 1, 1, 1, 0; 0.721463322986; 1, 0, 1; 1, 0, 0; 2, 1, 2 ;
1,101; 2.99172, 0.592345, 1.68804 / 2.99172, 0.592345, 1.68804 / 2.99172, 0.592345, 1.68804; 1, 27, 1, 0; 0.566197658828; 1, 0, 1; 1, 0, 0; 3, 1, 2 ;
1,103; -2.34586, 1.95257, -1.12827 / -2.34586, 1.95257, -1.12827 / -2.34586, 1.95257, -1.12827; 1, 7, 1, 0; 0.600245029306; 1, 0, 1; 1, 0, 0; 3, 1, 2 ;
1,105; 1.96011, -0.361263, 2.93409 / 1.96115, -0.361136, 2.93435 / 1.95908, -0.361389, 2.93383; 1, 37, 1, 0; 0.724547199618; 1, 0, 2; 2, 0, 0; 2, 9, 2 / 3, 1, 2 ;
1,106; 0.674152, 0.0959021, -0.0844992 / 0.674152, 0.0959021, -0.0844992 / 0.674152, 0.0959021, -0.0844992; 1, 16, 1, 0; 0.501031473683; 1, 0, 1; 1, 0, 0; 3, 1, 2 ;
1,109; -1.19583, -2.6725, -1.63087 / -1.19583, -2.6725, -1.63087 / -1.19583, -2.6725, -1.63087; 1, 9, 1, 0; 0.051302576031; 1, 0, 1; 0, 1, 0; 1, 1, 2 ;
1,110; 3.77996, -1.9922, -0.897425 / 3.77996, -1.9922, -0.897425 / 3.77996, -1.9922, -0.897425; 1, 12, 1, 0; 0.599675425587; 0, 1, 0; 1, 0, 0; 2, 1, 1 ;
1,112; 1.11425, 0.491818, -1.76417 / 1.11425, 0.491818, -1.76417 / 1.11425, 0.491818, -1.76417; 1, 11, 1, 0; 0.038876731987; 1, 0, 1; 0, 1, 0; 4, 1, 2 ;
0,112; 1.112269, 0.493876, -1.771318 / 1.112269, 0.493876, -1.771318 / 1.112269, 0.493876, -1.771318; 1, 11, 1, 0; 0.038865889189; 1, 0, 1; 1, 0, 0; 2, 1, 2 ;
0,112; 1.115103, 0.491322, -1.769344 / 1.115103, 0.491322, -1.769344 / 1.115103, 0.491322, -1.769344; 1, 11, 1, 0; 0.038866633023; 1, 0, 1; 1, 0, 0; 2, 1, 2 ;
1,113; -4.25481, 0.635446, -1.52012 / -4.25481, 0.635446, -1.52012 / -4.25481, 0.635446, -1.52012; 1, 10, 1, 0; 0.023405244194; 1, 0, 1; 1, 0, 0; 2, 1, 2 ;
0,113; -3.022549, 1.303176, 0.171103 / -3.022549, 1.303176, 0.171103 / -3.022549, 1.303176, 0.171103; 1, 14, 1, 0; 0.755486210874; 1, 0, 1; 1, 0, 0; 3, 1, 2 ;
0,113; -1.898613, 1.938035, 1.720830 / -1.898613, 1.938035, 1.720830 / -1.898613, 1.938035, 1.720830; 1, 24, 1, 0; 0.945869488427; 0, 1, 0; 0, 1, 0; 4, 1, 1 ;
1,114; -2.63364, -1.9063, -1.15645 / -2.63364, -1.9063, -1.15645 / -2.63364, -1.9063, -1.15645; 1, 9, 1, 0; 0.395779373154; 1, 0, 1; 0, 1, 0; 1, 1, 2 ;
1,118; -2.24669, 3.81395, -1.13001 / -2.24669, 3.81395, -1.13001 / -2.24669, 3.81395, -1.13001; 1, 7, 1, 0; 0.799737021889; 1, 0, 1; 0, 1, 0; 1, 1, 2 ;
0,118; -2.193069, 1.832733, -0.459835 / -2.193069, 1.832733, -0.459835 / -2.193069, 1.832733, -0.459835; 1, 14, 1, 0; 0.289730230949; 1, 0, 1; 1, 0, 0; 3, 1, 2 ;
0,118; -2.108676, -1.654323, 0.775976 / -2.108676, -1.654323, 0.775976 / -2.108676, -1.654323, 0.775976; 1, 21, 1, 0; 0.269814443746; 1, 0, 1; 0, 1, 0; 1, 1, 2 ;
1,119; -2.46971, -0.513076, 1.73107 / -2.46971, -0.513076, 1.73107 / -2.46971, -0.513076, 1.73107; 1, 24, 1, 0; 0.752747979231; 0, 0, 0; 1, 0, 0; 1, 6, 0 / 2, 1, 3 ;
0,119; -2.891574, -1.322243, 2.913272 / -2.891468, -1.321677, 2.913732 / -2.891680, -1.322808, 2.912813; 1, 35, 1, 0; 0.330491648696; 1, 0, 2; 1, 1, 0; 2, 1, 2 / 4, 7, 2 ;
0,119; -2.891658, -1.322816, 2.914949 / -2.891636, -1.322808, 2.916166 / -2.891680, -1.322823, 2.913732; 1, 35, 1, 0; 0.330491532760; 1, 0, 1; 2, 0, 0; 2, 10, 2 / 3, 1, 2 / 4, 2, 0 ;
1,123; 0.105464, 2.56756, 2.68061 / 0.105464, 2.56756, 2.68061 / 0.105464, 2.56756, 2.68061; 1, 38, 1, 0; 0.510864346639; 1, 0, 1; 0, 1, 0; 1, 1, 2 ;
1,126; -0.496514, 0.875478, -0.0106812 / -0.496514, 0.875478, -0.0106812 / -0.496514, 0.875478, -0.0106812; 1, 13, 1, 0; 0.916159183990; 1, 0, 1; 0, 1, 0; 1, 1, 2 ;
0,126; -0.488320, 0.875209, -0.007514 / -0.488320, 0.875209, -0.007514 / -0.488320, 0.875209, -0.007514; 1, 13, 1, 0; 0.916168810466; 1, 0, 1; 0, 1, 0; 1, 1, 2 ;
0,126; 0.080836, 2.954937, 1.486084 / 0.080836, 2.954937, 1.486084 / 0.080836, 2.954937, 1.486084; 1, 30, 1, 0; 0.043895782435; 1, 0, 1; 0, 1, 0; 4, 1, 2 ;
1,127; 0.256103, -0.0190918, -1.09264 / 0.256103, -0.0190918, -1.09264 / 0.256103, -0.0190918, -1.09264; 1, 11, 1, 0; 0.696440323991; 1, 0, 1; 0, 1, 0; 4, 1, 2 ;
0,127; 0.259227, -0.020791, -1.097513 / 0.259227, -0.020791, -1.097513 / 0.259227, -0.020791, -1.097513; 1, 11, 1, 0; 0.696430476786; 1, 0, 1; 1, 0, 0; 2, 1, 2 ;
0,127; -0.354424, -0.975815, 1.412302 / -0.354098, -0.974936, 1.413294 / -0.354750, -0.976694, 1.411311; 1, 23, 1, 0; 0.904442121552; 1, 0, 3; 0, 3, 1; 1, 1, 2 / 1, 7, 2 / 4, 4, 2 ;
0,127; -0.285159, -0.884378, 1.101012 / -0.285159, -0.884378, 1.101012 / -0.285159, -0.884378, 1.101012; 1, 23, 1, 0; 0.414129063153; 1, 0, 1; 1, 0, 0; 1, 5, 0 / 3, 1, 2 ;
0,127; -0.300131, -0.901634, 1.073670 / -0.300131, -0.901634, 1.073670 / -0.300131, -0.901634, 1.073670; 1, 23, 1, 0; 0.414343843251; 0, 1, 0; 1, 0, 0; 2, 1, 1 ;
1,128; 2.93983, 1.29245, 1.616 / 2.93983, 1.29245, 1.616 / 2.93983, 1.29245, 1.616; 1, 28, 1, 0; 0.212105599511; 1, 0, 1; 1, 0, 0; 2, 1, 2 ;
1,133; -3.60484, -2.26672, 0.863464 / -3.60444, -2.26596, 0.864064 / -3.60524, -2.26749, 0.862865; 1, 18, 1, 0; 0.564014573900; 2, 1, 1; 1, 1, 0; 1, 10, 1 / 2, 1, 2 / 3, 2, 0 ;
0,133; -3.606435, -2.261842, 0.868540 / -3.606435, -2.261842, 0.868540 / -3.606435, -2.261842, 0.868540; 1, 18, 1, 0; 0.564015236477; 1, 0, 1; 0, 1, 0; 1, 1, 2 ;
0,133; -3.616365, -2.261323, 0.880374 / -3.616365, -2.261323, 0.880374 / -3.616365, -2.261323, 0.880374; 1, 18, 1, 0; 0.564018381973; 1, 0, 1; 1, 0, 0; 2, 1, 2 ;
0,133; -3.604326, -2.257072, 0.864242 / -3.604326, -2.257072, 0.864242 / -3.604326, -2.257072, 0.864242; 1, 18, 1, 0; 0.564027197732; 1, 0, 1; 1, 0, 0; 3, 1, 2 ;
0,133; -3.611170, -2.255924, 0.877438 / -3.611170, -2.255924, 0.877438 / -3.611170, -2.255924, 0.877438; 1, 18, 1, 0; 0.564029506290; 1, 0, 1; 1, 0, 0; 2, 1, 2 ;
0,133; -2.265175, -2.265016, 2.282626 / -2.265175, -2.265016, 2.282626 / -2.265175, -2.265016, 2.282626; 1, 32, 1, 0; 0.983527750973; 1, 0, 1; 1, 0, 0; 2, 1, 2 ;
0,133; -1.059432, -2.279083, 3.498576 / -1.059432, -2.279083, 3.498576 / -1.059432, -2.279083, 3.498576; 1, 43, 1, 0; 0.798456966945; 1, 0, 1; 1, 0, 0; 2, 1, 2 ;
1,139; 0.805421, -2.28378, 0.387076 / 0.805421, -2.28378, 0.387076 / 0.805421, -2.28378, 0.387076; 1, 18, 1, 0; 0.405362701528; 1, 0, 1; 0, 1, 0; 1, 1, 2 ;
0,139; 0.800275, -2.279376, 0.389964 / 0.800275, -2.279376, 0.389964 / 0.800275, -2.279376, 0.389964; 1, 18, 1, 0; 0.405362324905; 1, 0, 1; 1, 0, 0; 2, 1, 2 ;
0,139; 0.811517, -2.265418, 0.376224 / 0.811517, -2.265418, 0.376224 / 0.811517, -2.265418, 0.376224; 1, 18, 1, 0; 0.406596252187; 1, 0, 1; 1, 0, 0; 2, 1, 2 ;
1,140; 1.6621, 1.79941, 2.77214 / 1.6621, 1.79941, 2.77214 / 1.6621, 1.79941, 2.77214; 1, 35, 1, 0; 0.207045496119; 1, 0, 1; 1, 0, 0; 2, 8, 0 / 3, 1, 2 ;
0,140; 2.185002, 1.548424, 2.895946 / 2.185002, 1.548424, 2.895946 / 2.185002, 1.548424, 2.895946; 1, 39, 1, 0; 0.767770721358; 1, 0, 1; 1, 0, 0; 3, 1, 2 ;
1,146; -1.32144, 2.56715, -1.15848 / -1.32144, 2.56715, -1.15848 / -1.32144, 2.56715, -1.15848; 1, 7, 1, 0; 0.680436611061; 1, 0, 1; 0, 1, 0; 4, 1, 2 ;
0,146; 2.529600, 0.228349, -1.746314 / 2.529600, 0.228349, -1.746314 / 2.529600, 0.228349, -1.746314; 1, 11, 1, 0; 0.015535742895; 1, 0, 1; 1, 0, 0; 3, 1, 2 ;
1,147; -1.67682, 3.30335, 2.52277 / -1.67682, 3.30335, 2.52277 / -1.67682, 3.30335, 2.52277; 1, 37, 1, 0; 0.327472629916; 0, 1, 0; 1, 0, 0; 3, 1, 1 ;
1,159; 1.97497, 3.5632, 1.21665 / 1.97497, 3.5632, 1.21665 / 1.97497, 3.5632, 1.21665; 1, 26, 1, 0; 0.494036046462; 1, 0, 1; 1, 0, 0; 2, 1, 2 ;
1,164; -2.50212, 1.53987, 1.46381 / -2.50212, 1.53987, 1.46381 / -2.50212, 1.53987, 1.46381; 1, 24, 1, 0; 0.532880339758; 0, 1, 0; 1, 0, 0; 3, 1, 1 / 4, 1, 0 ;
0,164; -2.496061, 1.535562, 1.466386 / -2.496061, 1.535562, 1.466386 / -2.496061, 1.535562, 1.466386; 1, 24, 1, 0; 0.532880834882; 1, 0, 1; 1, 0, 0; 2, 1, 2 ;
1,165; 1.16407, 1.8435, 3.23052 / 1.16407, 1.8435, 3.23052 / 1.16407, 1.8435, 3.23052; 1, 42, 1, 0; 0.778204491119; 1, 0, 1; 1, 0, 0; 3, 1, 2 ;
1,168; -0.978383, -1.45816, -0.805758 / -0.978383, -1.45816, -0.805758 / -0.978383, -1.45816, -0.805758; 1, 11, 1, 0; 0.945910983782; 1, 0, 1; 1, 0, 0; 2, 8, 0 / 3, 1, 2 ;
0,168; -0.972632, -1.464617, -0.809090 / -0.972632, -1.464617, -0.809090 / -0.972632, -1.464617, -0.809090; 1, 11, 1, 0; 0.945911493022; 1, 0, 1; 1, 0, 0; 1, 10, 0 / 2, 10, 0 / 3, 1, 2 / 4, 5, 0 ;
1,172; 0.747191, -1.95756, -3.35636 / 0.747191, -1.95756, -3.35636 / 0.747191, -1.95756, -3.35636; 1, 3, 1, 0; 0.096491833799; 1, 0, 1; 0, 1, 0; 4, 1, 2 ;
1,177; -0.945865, 2.4389, -2.52099 / -0.945779, 2.43918, -2.52034 / -0.945951, 2.43861, -2.52164; 1, 6, 1, 0; 0.085238462813; 1, 0, 2; 1, 1, 0; 1, 7, 2 / 2, 1, 2 ;
1,178; 2.26198, -2.05434, -0.115635 / 2.26198, -2.05434, -0.115635 / 2.26198, -2.05434, -0.115635; 1, 15, 1, 0; 0.513261359618; 1, 0, 1; 1, 0, 0; 2, 1, 2 ;
1,182; 2.33771, 1.77085, -1.47959 / 2.33771, 1.77085, -1.47959 / 2.33771, 1.77085, -1.47959; 1, 11, 1, 0; 0.246196421133; 1, 0, 1; 1, 0, 0; 2, 1, 2 ;
0,182; 2.332715, 1.768309, -1.474312 / 2.332715, 1.768309, -1.474312 / 2.332715, 1.768309, -1.474312; 1, 11, 1, 0; 0.246207641569; 1, 0, 1; 1, 0, 0; 2, 1, 2 ;
1,183; 0.176742, -0.121839, 2.30638 / 0.176742, -0.121839, 2.30638 / 0.176742, -0.121839, 2.30638; 1, 31, 1, 0; 0.939407207410; 1, 0, 1; 1, 0, 0; 2, 1, 2 ;
1,184; -0.524532, -4.159, 1.50659 / -0.524485, -4.15855, 1.50682 / -0.52458, -4.15944, 1.50637; 1, 22, 1, 0; 0.687116307530; 1, 0, 1; 1, 1, 0; 3, 3, 3 / 4, 1, 2 ;
1,189; -1.95135, -2.12473, 0.424361 / -1.95044, -2.12416, 0.425032 / -1.95226, -2.1253, 0.423689; 1, 18, 1, 0; 0.447515699583; 2, 3, 1; 1, 3, 1; 1, 1, 2 / 2, 5, 0 / 3, 4, 1 / 3, 5, 0 / 4, 1, 1 / 4, 4, 1 ;
0,189; -1.889796, -1.717324, 0.873876 / -1.889793, -1.716830, 0.875011 / -1.889799, -1.717818, 0.872741; 1, 21, 1, 0; 0.270933922096; 2, 1, 1; 1, 1, 0; 2, 9, 2 / 4, 1, 1 ;
0,189; -1.887789, -1.718668, 0.868242 / -1.887789, -1.718668, 0.868242 / -1.887789, -1.718668, 0.868242; 1, 21, 1, 0; 0.270934125820; 0, 1, 0; 0, 1, 0; 4, 1, 1 ;
0,189; -1.887231, -1.714795, 0.874674 / -1.887231, -1.714795, 0.874674 / -1.887231, -1.714795, 0.874674; 1, 21, 1, 0; 0.270934795199; 1, 0, 1; 1, 0, 0; 2, 1, 2 ;
0,189; -1.807171, -0.709367, 2.322096 / -1.807171, -0.709367, 2.322096 / -1.807171, -0.709367, 2.322096; 1, 36, 1, 0; 0.182605972541; 1, 0, 1; 0, 1, 0; 4, 1, 2 ;
1,192; 1.62768, 0.256359, -1.68214 / 1.62768, 0.256359, -1.68214 / 1.62768, 0.256359, -1.68214; 1, 11, 1, 0; 0.008716292919; 0, 1, 0; 0, 1, 0; 4, 1, 1 ;
1,198; 1.71139, -3.23144, -1.47346 / 1.71139, -3.23144, -1.47346 / 1.71139, -3.23144, -1.47346; 1, 8, 1, 0; 0.503277211359; 0, 0, 0; 0, 1, 0; 4, 1, 3 ;
