1,0; 2.43356, 2.25049, -1.40074 / 2.43364, 2.25062, -1.40033 / 2.43348, 2.25035, -1.40114; 1, 11, 1, 0; 0.217775836183; 2, 1, 1; 1, 1, 0; 2, 1, 2 / 3, 5, 0 / 4, 4, 1 ;
0,0; 2.432582, 2.248526, -1.400060 / 2.432582, 2.248526, -1.400060 / 2.432582, 2.248526, -1.400060; 1, 11, 1, 0; 0.217776534241; 1, 0, 1; 1, 0, 0; 3, 1, 2 ;
1,3; -3.40706, -0.186785, -2.26783 / -3.40706, -0.186785, -2.26783 / -3.40706, -0.186785, -2.26783; 1, 5, 1, 0; 0.384132715024; 1, 0, 1; 1, 0, 0; 2, 1, 2 ;
0,3; -3.408512, -0.169857, -2.250731 / -3.408512, -0.169857, -2.250731 / -3.408512, -0.169857, -2.250731; 1, 5, 1, 0; 0.384139899882; 1, 0, 1; 1, 0, 0; 3, 1, 2 ;
0,3; -3.414965, -0.164845, -2.247532 / -3.414965, -0.164845, -2.247532 / -3.414965, -0.164845, -2.247532; 1, 5, 1, 0; 0.384148133554; 1, 0, 1; 1, 0, 0; 2, 1, 2 ;
1,6; -3.24917, 0.49146, 0.025693 / -3.24917, 0.49146, 0.025693 / -3.24917, 0.49146, 0.025693; 1, 14, 1, 0; 0.830381292139; 1, 0, 1; 1, 0, 0; 2, 1, 2 ;
0,6; -2.732028, 2.365039, 1.657210 / -2.731802, 2.365130, 1.657317 / -2.732255, 2.364947, 1.657104; 1, 24, 1, 0; 0.973050898686; 2, 1, 1; 1, 1, 0; 3, 1, 2 / 4, 1, 1 ;
1,8; 2.72641, -1.28538, -1.39306 / 2.72641, -1.28538, -1.39306 / 2.72641, -1.28538, -1.39306; 1, 8, 1, 0; 0.699592214412; 1, 0, 1; 1, 0, 0; 3, 1, 2 ;
1,13; -2.11532, -1.43845, 1.15785 / -2.11532, -1.43845, 1.15785 / -2.11532, -1.43845, 1.15785; 1, 21, 1, 0; 0.661628388368; 1, 0, 1; 1, 0, 0; 2, 1, 2 ;
0,13; 2.638661, 1.102273, 1.045542 / 2.638661, 1.102273, 1.045542 / 2.638661, 1.102273, 1.045542; 1, 26, 1, 0; 0.225540731216; 1, 0, 1; 0, 1, 0; 1, 1, 2 ;
1,16; 1.39403, 0.538432, 0.372104 / 1.39413, 0.538475, 0.372153 / 1.39394, 0.538389, 0.372056; 1, 19, 1, 0; 0.651659956092; 2, 1, 1; 1, 1, 0; 1, 1, 2 / 2, 1, 1 ;
0,16; 1.394376, 0.539966, 0.371080 / 1.394376, 0.539966, 0.371080 / 1.394376, 0.539966, 0.371080; 1, 19, 1, 0; 0.651659876549; 1, 0, 1; 1, 0, 0; 2, 1, 2 ;
1,19; -1.95822, -3.28019, -2.33286 / -1.95812, -3.28015, -2.33208 / -1.95833, -3.28023, -2.33364; 1, 5, 1, 0; 0.587949575623; 2, 1, 1; 1, 1, 0; 1, 5, 2 / 3, 1, 1 ;
0,19; -0.721155, -3.468743, -1.145439 / -0.721155, -3.468743, -1.145439 / -0.721155, -3.468743, -1.145439; 1, 8, 1, 0; 0.923084018814; 1, 0, 1; 1, 0, 0; 3, 1, 2 ;
1,21; 0.164753, 1.40744, 0.371834 / 0.165083, 1.40783, 0.372129 / 0.164422, 1.40706, 0.371539; 1, 17, 1, 0; 0.887593332664; 1, 0, 1; 1, 1, 0; 2, 2, 3 / 4, 1, 2 ;
1,22; 4.19053, -1.55655, 1.06547 / 4.19053, -1.55655, 1.06547 / 4.19053, -1.55655, 1.06547; 1, 22, 1, 0; 0.323957922247; 1, 0, 1; 0, 1, 0; 1, 1, 2 ;
1,28; 2.34755, 3.54296, 1.36594 / 2.34755, 3.54296, 1.36594 / 2.34755, 3.54296, 1.36594; 1, 28, 1, 0; 0.038338351971; 1, 0, 1; 1, 0, 0; 2, 1, 2 ;
1,34; -0.99662, 1.6455, 1.71742 / -0.99662, 1.6455, 1.71742 / -0.99662, 1.6455, 1.71742; 1, 29, 1, 0; 0.308801331432; 1, 0, 1; 1, 0, 0; 3, 1, 2 ;
1,35; -1.11068, 1.37843, 1.48842 / -1.11068, 1.37843, 1.48842 / -1.11068, 1.37843, 1.48842; 1, 26, 1, 0; 0.763107350735; 0, 1, 0; 0, 1, 0; 1, 1, 1 ;
1,36; -1.73967, -1.40754, 0.808034 / -1.73967, -1.40754, 0.808034 / -1.73967, -1.40754, 0.808034; 1, 21, 1, 0; 0.283434904337; 1, 0, 1; 1, 0, 0; 3, 1, 2 ;
1,38; 1.44714, 1.96191, -3.62471 / 1.44714, 1.96191, -3.62471 / 1.44714, 1.96191, -3.62471; 1, 2, 1, 0; 0.106856111306; 1, 0, 1; 1, 0, 0; 2, 1, 2 ;
1,40; 1.28419, 3.62486, 1.68353 / 1.28419, 3.62486, 1.68353 / 1.28419, 3.62486, 1.68353; 1, 28, 1, 0; 0.407862750840; 1, 0, 1; 1, 0, 0; 2, 1, 2 ;
1,42; 0.131305, -2.31198, -0.0287141 / 0.131305, -2.31198, -0.0287141 / 0.131305, -2.31198, -0.0287141; 1, 15, 1, 0; 0.459832230991; 1, 0, 1; 1, 0, 0; 3, 1, 2 ;
1,49; 2.24875, 0.941071, 2.19194 / 2.24875, 0.941071, 2.19194 / 2.24875, 0.941071, 2.19194; 1, 31, 1, 0; 0.743928967997; 1, 0, 1; 1, 0, 0; 3, 1, 2 ;
0,49; 2.249935, 0.939182, 2.186763 / 2.249935, 0.939182, 2.186763 / 2.249935, 0.939182, 2.186763; 1, 31, 1, 0; 0.743930763570; 1, 0, 1; 1, 0, 0; 2, 2, 0 / 3, 1, 2 / 4, 4, 0 ;
0,49; 0.571474, 1.338431, 3.836854 / 0.571474, 1.338431, 3.836854 / 0.571474, 1.338431, 3.836854; 1, 46, 1, 0; 0.382612310446; 1, 0, 1; 1, 0, 0; 2, 1, 2 ;
0,49; 0.559813, 1.341637, 3.837699 / 0.559813, 1.341637, 3.837699 / 0.559813, 1.341637, 3.837699; 1, 46, 1, 0; 0.382621411318; 1, 0, 1; 1, 0, 0; 3, 1, 2 ;
1,52; 1.35253, -2.0025, -0.321758 / 1.35253, -2.0025, -0.321758 / 1.35253, -2.0025, -0.321758; 1, 12, 1, 0; 0.652572191859; 1, 0, 1; 1, 0, 0; 2, 1, 2 ;
1,54; -1.81086, -2.57638, -2.34365 / -1.81086, -2.57638, -2.34365 / -1.81086, -2.57638, -2.34365; 1, 5, 1, 0; 0.558020355793; 1, 0, 1; 1, 0, 0; 3, 1, 2 ;
1,60; 3.11094, 1.73657, -2.07962 / 3.11094, 1.73657, -2.07962 / 3.11094, 1.73657, -2.07962; 1, 4, 1, 0; 0.750570110857; 1, 0, 1; 1, 0, 0; 2, 1, 2 ;
0,60; 2.567367, -0.507905, 2.620289 / 2.567641, -0.507615, 2.620875 / 2.567094, -0.508194, 2.619702; 1, 34, 1, 0; 0.786512015147; 2, 1, 1; 0, 2, 1; 1, 1, 1 / 2, 4, 0 / 3, 5, 0 / 4, 6, 2 ;
1,63; -2.81406, -0.318453, -1.944 / -2.81406, -0.318453, -1.944 / -2.81406, -0.318453, -1.944; 1, 5, 1, 0; 0.977098630564; 0, 1, 0; 1, 0, 0; 2, 1, 1 ;
0,63; -2.810468, -0.322941, -1.940922 / -2.810468, -0.322941, -1.940922 / -2.810468, -0.322941, -1.940922; 1, 5, 1, 0; 0.977107153394; 1, 0, 1; 1, 0, 0; 2, 1, 2 ;
1,68; -0.524493, -2.99206, 1.99947 / -0.524432, -2.9919, 1.99962 / -0.524553, -2.99223, 1.99932; 1, 32, 1, 0; 0.475004406315; 1, 0, 2; 2, 0, 0; 1, 7, 0 / 3, 1, 2 / 3, 2, 2 ;
1,71; 3.17458, 0.404051, -1.0252 / 3.17458, 0.404051, -1.0252 / 3.17458, 0.404051, -1.0252; 1, 11, 1, 0; 0.792901011842; 0, 1, 0; 0, 1, 0; 1, 1, 1 ;
0,71; 3.177361, 0.404464, -1.023791 / 3.177361, 0.404464, -1.023791 / 3.177361, 0.404464, -1.023791; 1, 11, 1, 0; 0.792901183496; 1, 0, 1; 0, 1, 0; 1, 1, 2 ;
1,74; -0.513353, 0.390934, 2.03965 / -0.513353, 0.390934, 2.03965 / -0.513353, 0.390934, 2.03965; 1, 30, 1, 0; 0.779608382916; 0, 1, 0; 0, 1, 0; 1, 1, 1 ;
1,77; -0.492468, -2.8345, 1.96583 / -0.492468, -2.8345, 1.96583 / -0.492468, -2.8345, 1.96583; 1, 32, 1, 0; 0.474626256351; 1, 0, 1; 1, 0, 0; 3, 1, 2 ;
1,78; -3.02178, -0.204815, -2.26213 / -3.02178, -0.204815, -2.26213 / -3.02178, -0.204815, -2.26213; 1, 5, 1, 0; 0.387455619040; 1, 0, 1; 1, 0, 0; 2, 1, 0 / 2, 2, 0 / 3, 1, 2 ;
1,81; 2.22316, -3.19533, 0.412168 / 2.22316, -3.19533, 0.412168 / 2.22316, -3.19533, 0.412168; 1, 19, 1, 0; 0.280363730501; 1, 0, 1; 1, 0, 0; 2, 1, 2 ;
1,87; -2.69295, -0.518393, 2.00072 / -2.69295, -0.518393, 2.00072 / -2.69295, -0.518393, 2.00072; 1, 30, 1, 0; 0.572936641067; 1, 0, 1; 0, 1, 0; 4, 1, 2 ;
1,89; -1.02742, 0.285649, 0.756389 / -1.02742, 0.285649, 0.756389 / -1.02742, 0.285649, 0.756389; 1, 23, 1, 0; 0.200459393230; 1, 0, 1; 1, 0, 0; 3, 1, 2 ;
0,89; -1.029519, 0.288531, 0.742751 / -1.029519, 0.288531, 0.742751 / -1.029519, 0.288531, 0.742751; 1, 23, 1, 0; 0.200463738492; 1, 0, 1; 1, 0, 0; 2, 1, 2 ;
1,91; 1.08583, 1.4999, -2.69099 / 1.08583, 1.4999, -2.69099 / 1.08583, 1.4999, -2.69099; 1, 3, 1, 0; 0.725744738210; 0, 1, 0; 1, 0, 0; 2, 1, 1 ;
0,91; 0.944105, 0.930578, 2.909873 / 0.944726, 0.931084, 2.910148 / 0.943484, 0.930072, 2.909599; 1, 39, 1, 0; 0.454467373880; 1, 0, 2; 1, 2, 0; 3, 4, 3 / 4, 1, 2 / 4, 2, 2 ;
0,91; 0.948503, 0.929788, 2.911992 / 0.948503, 0.929788, 2.911992 / 0.948503, 0.929788, 2.911992; 1, 39, 1, 0; 0.454465377966; 1, 0, 1; 0, 1, 0; 1, 1, 2 ;
0,91; 0.943495, 0.931148, 2.921791 / 0.943495, 0.931148, 2.921791 / 0.943495, 0.931148, 2.921791; 1, 39, 1, 0; 0.454495693855; 0, 1, 0; 0, 1, 0; 1, 1, 1 ;
0,91; 0.947531, 0.930031, 2.919806 / 0.947531, 0.930031, 2.919806 / 0.947531, 0.930031, 2.919806; 1, 39, 1, 0; 0.454493855100; 1, 0, 1; 1, 0, 0; 2, 1, 2 ;
0,91; 0.942032, 0.931526, 2.919207 / 0.942032, 0.931526, 2.919207 / 0.942032, 0.931526, 2.919207; 1, 39, 1, 0; 0.454496102467; 1, 0, 1; 1, 0, 0; 2, 1, 2 ;
1,96; 3.30306, 0.122866, 1.36612 / 3.30306, 0.122866, 1.36612 / 3.30306, 0.122866, 1.36612; 1, 26, 1, 0; 0.930197736917; 1, 0, 1; 0, 1, 0; 1, 1, 2 ;
1,98; 3.95118, -2.08123, -0.739199 / 3.95118, -2.08123, -0.739199 / 3.95118, -2.08123, -0.739199; 1, 12, 1, 0; 0.601305186691; 1, 0, 1; 1, 0, 0; 3, 1, 2 / 4, 4, 0 ;
1,99; 0.367895, -0.23603, 3.81785 / 0.367895, -0.23603, 3.81785 / 0.367895, -0.23603, 3.81785; 1, 46, 1, 0; 0.177827501823; 1, 0, 1; 1, 0, 0; 2, 1, 2 ;
0,99; 0.366406, -0.241609, 3.825664 / 0.366406, -0.241609, 3.825664 / 0.366406, -0.241609, 3.825664; 1, 46, 1, 0; 0.177838277508; 1, 0, 1; 1, 0, 0; 3, 1, 2 ;
0,99; 0.380318, -0.243582, 3.833235 / 0.380318, -0.243582, 3.833235 / 0.380318, -0.243582, 3.833235; 1, 46, 1, 0; 0.177839939681; 1, 0, 1; 1, 0, 0; 3, 1, 2 ;
1,106; -0.160507, -2.15393, 3.74642 / -0.160507, -2.15393, 3.74642 / -0.160507, -2.15393, 3.74642; 1, 45, 1, 0; 0.900571571032; 1, 0, 1; 1, 0, 0; 2, 1, 2 ;
1,107; 0.381593, 0.155796, -1.95289 / 0.381593, 0.155796, -1.95289 / 0.381593, 0.155796, -1.95289; 1, 4, 1, 0; 0.610911205406; 1, 0, 1; 1, 0, 0; 2, 1, 2 ;
0,107; 0.076458, -1.215950, -0.283640 / 0.076458, -1.215950, -0.283640 / 0.076458, -1.215950, -0.283640; 1, 16, 1, 0; 0.330125804991; 1, 0, 1; 1, 0, 0; 2, 1, 2 ;
1,110; 2.33916, 0.213118, -0.577591 / 2.33966, 0.213534, -0.577463 / 2.33867, 0.212701, -0.57772; 1, 12, 1, 0; 0.836008414468; 1, 0, 2; 1, 1, 0; 1, 3, 2 / 3, 1, 2 ;
0,110; 2.346058, 0.209970, -0.577182 / 2.346058, 0.209970, -0.577182 / 2.346058, 0.209970, -0.577182; 1, 12, 1, 0; 0.835997880648; 1, 0, 1; 1, 0, 0; 3, 1, 2 ;
1,113; -3.0433, 1.95777, 2.06659 / -3.0433, 1.95777, 2.06659 / -3.0433, 1.95777, 2.06659; 1, 29, 1, 0; 0.778365722936; 1, 0, 1; 0, 1, 0; 1, 1, 2 / 4, 6, 0 / 4, 7, 0 ;
0,113; -3.045090, 1.963298, 2.066227 / -3.045090, 1.963298, 2.066227 / -3.045090, 1.963298, 2.066227; 1, 29, 1, 0; 0.778365985949; 1, 0, 1; 1, 0, 0; 3, 1, 2 ;
1,116; 3.50438, -0.127375, -1.8293 / 3.50438, -0.127375, -1.8293 / 3.50438, -0.127375, -1.8293; 1, 4, 1, 0; 0.936842688298; 1, 0, 1; 1, 0, 0; 2, 1, 2 ;
0,116; -0.217952, 0.451268, -0.681055 / -0.217952, 0.451268, -0.681055 / -0.217952, 0.451268, -0.681055; 1, 13, 1, 0; 0.356696949441; 1, 0, 1; 0, 1, 0; 4, 1, 2 ;
1,121; 3.26776, 1.10162, 0.424265 / 3.26776, 1.10162, 0.424265 / 3.26776, 1.10162, 0.424265; 1, 19, 1, 0; 0.736267814117; 1, 0, 1; 0, 1, 0; 4, 1, 2 ;
0,121; 3.265993, 1.111854, 0.427718 / 3.265993, 1.111854, 0.427718 / 3.265993, 1.111854, 0.427718; 1, 19, 1, 0; 0.736270894618; 1, 0, 1; 1, 0, 0; 3, 1, 2 ;
0,121; -0.435638, 1.286554, 3.468873 / -0.435638, 1.286554, 3.468873 / -0.435638, 1.286554, 3.468873; 1, 45, 1, 0; 0.268250485891; 1, 0, 1; 1, 0, 0; 1, 10, 0 / 3, 1, 2 / 4, 6, 0 ;
1,122; -3.57422, -0.709295, 1.21628 / -3.5742, -0.708799, 1.21635 / -3.57423, -0.709792, 1.2162; 1, 21, 1, 0; 0.586045068131; 0, 2, 0; 2, 0, 0; 2, 5, 1 / 3, 1, 1 ;
1,123; -2.75464, 1.5738, -1.39575 / -2.75372, 1.57396, -1.39509 / -2.75556, 1.57364, -1.3964; 1, 7, 1, 0; 0.449407387748; 0, 1, 0; 1, 1, 0; 3, 9, 3 / 4, 1, 1 ;
0,123; -2.757892, 1.572436, -1.396159 / -2.757892, 1.572436, -1.396159 / -2.757892, 1.572436, -1.396159; 1, 7, 1, 0; 0.449407336612; 1, 0, 1; 1, 0, 0; 3, 1, 2 ;
1,126; 0.363598, -0.12553, 3.30139 / 0.363598, -0.12553, 3.30139 / 0.363598, -0.12553, 3.30139; 1, 41, 1, 0; 0.631772936459; 0, 1, 0; 1, 0, 0; 2, 1, 1 ;
1,127; 0.208769, -3.95338, -0.803205 / 0.208769, -3.95338, -0.803205 / 0.208769, -3.95338, -0.803205; 1, 9, 1, 0; 0.720793820208; 1, 0, 1; 1, 0, 0; 2, 1, 2 ;
0,127; 1.365487, -3.154432, -0.228706 / 1.365487, -3.154432, -0.228706 / 1.365487, -3.154432, -0.228706; 1, 15, 1, 0; 0.342522301337; 0, 1, 0; 1, 0, 0; 2, 1, 1 / 4, 4, 0 ;
1,129; 0.0210197, 3.41132, 2.60435 / 0.0210197, 3.41132, 2.60435 / 0.0210197, 3.41132, 2.60435; 1, 38, 1, 0; 0.273829500297; 0, 1, 0; 1, 0, 0; 1, 1, 0 / 3, 1, 1 ;
0,129; 0.014025, 3.407863, 2.609038 / 0.014025, 3.407863, 2.609038 / 0.014025, 3.407863, 2.609038; 1, 38, 1, 0; 0.273860008450; 1, 0, 1; 1, 0, 0; 3, 1, 2 ;
1,130; 2.49462, -2.44821, -2.04724 / 2.49462, -2.44821, -2.04724 / 2.49462, -2.44821, -2.04724; 1, 8, 1, 0; 0.043748047876; 1, 0, 1; 1, 0, 0; 3, 1, 2 ;
1,134; -0.364019, 0.38841, -0.423387 / -0.364019, 0.38841, -0.423387 / -0.364019, 0.38841, -0.423387; 1, 13, 1, 0; 0.367470772814; 1, 0, 1; 0, 1, 0; 1, 1, 2 ;
0,134; -1.398844, 1.649192, 2.270959 / -1.398844, 1.649192, 2.270959 / -1.398844, 1.649192, 2.270959; 1, 31, 1, 0; 0.531327512591; 1, 0, 1; 1, 0, 0; 2, 1, 2 ;
1,138; -2.07942, 0.250922, 0.447543 / -2.07942, 0.250922, 0.447543 / -2.07942, 0.250922, 0.447543; 1, 17, 1, 0; 0.708810939632; 1, 0, 1; 1, 0, 0; 3, 1, 2 / 4, 3, 0 ;
0,138; -2.417331, -2.717619, 0.110154 / -2.417331, -2.717619, 0.110154 / -2.417331, -2.717619, 0.110154; 1, 18, 1, 0; 0.048312319186; 1, 0, 1; 1, 0, 0; 3, 1, 2 ;
0,138; -2.115668, -0.104005, 0.406259 / -2.115668, -0.104005, 0.406259 / -2.115668, -0.104005, 0.406259; 1, 21, 1, 0; 0.062960234516; 1, 0, 1; 0, 1, 0; 4, 1, 2 ;
0,138; -2.115755, -0.101650, 0.406406 / -2.115755, -0.101650, 0.406406 / -2.115755, -0.101650, 0.406406; 1, 21, 1, 0; 0.062960416412; 1, 0, 1; 0, 1, 0; 1, 1, 2 ;
0,138; -2.115166, -0.100714, 0.406148 / -2.115166, -0.100714, 0.406148 / -2.115166, -0.100714, 0.406148; 1, 21, 1, 0; 0.062960496446; 0, 1, 0; 0, 1, 0; 1, 1, 1 ;
0,138; -2.109809, -0.104256, 0.415713 / -2.109809, -0.104256, 0.415713 / -2.109809, -0.104256, 0.415713; 1, 21, 1, 0; 0.062972196029; 0, 1, 0; 0, 1, 0; 4, 1, 1 ;
0,138; -2.103033, -0.098260, 0.409372 / -2.103033, -0.098260, 0.409372 / -2.103033, -0.098260, 0.409372; 1, 21, 1, 0; 0.062957244137; 1, 0, 1; 1, 0, 0; 2, 1, 2 ;
0,138; -2.110988, -0.104250, 0.413899 / -2.110988, -0.104250, 0.413899 / -2.110988, -0.104250, 0.413899; 1, 21, 1, 0; 0.062959536033; 0, 0, 0; 1, 0, 0; 3, 1, 3 / 3, 4, 0 / 4, 3, 0 ;
0,138; -2.116024, -0.104745, 0.417488 / -2.116024, -0.104745, 0.417488 / -2.116024, -0.104745, 0.417488; 1, 21, 1, 0; 0.062973258305; 1, 0, 1; 1, 0, 0; 2, 1, 2 ;
1,139; -0.913014, -4.32799, -1.18939 / -0.913014, -4.32799, -1.18939 / -0.913014, -4.32799, -1.18939; 1, 8, 1, 0; 0.972114507236; 1, 0, 1; 1, 0, 0; 2, 1, 2 ;
0,139; -0.912687, -4.328531, -1.177542 / -0.912687, -4.328531, -1.177542 / -0.912687, -4.328531, -1.177542; 1, 8, 1, 0; 0.972123670842; 1, 0, 1; 1, 0, 0; 3, 1, 2 ;
0,139; 0.408794, -1.756287, -0.141169 / 0.409158, -1.756269, -0.140908 / 0.408430, -1.756305, -0.141431; 1, 15, 1, 0; 0.555851696777; 1, 0, 1; 2, 0, 0; 2, 1, 3 / 3, 1, 2 ;
0,139; 2.675287, 2.749677, 1.677817 / 2.675809, 2.750440, 1.678364 / 2.674765, 2.748915, 1.677270; 1, 28, 1, 0; 0.343559917934; 1, 0, 2; 1, 1, 0; 2, 8, 2 / 4, 1, 2 ;
0,139; 2.763598, 2.923438, 1.750051 / 2.763598, 2.923438, 1.750051 / 2.763598, 2.923438, 1.750051; 1, 28, 1, 0; 0.358461856509; 1, 0, 1; 1, 0, 0; 3, 1, 2 ;
1,143; 2.10825, -1.30572, 3.27286 / 2.10825, -1.30572, 3.27286 / 2.10825, -1.30572, 3.27286; 1, 40, 1, 0; 0.356791544869; 1, 0, 1; 1, 0, 0; 3, 1, 2 ;
1,146; -0.608489, -3.53127, 1.04159 / -0.607999, -3.53101, 1.04184 / -0.608978, -3.53153, 1.04134; 1, 18, 1, 0; 0.941110653119; 1, 0, 2; 2, 0, 0; 2, 1, 2 / 2, 5, 2 ;
0,146; -0.472992, -3.419302, 1.478893 / -0.472992, -3.419302, 1.478893 / -0.472992, -3.419302, 1.478893; 1, 22, 1, 0; 0.632478514386; 1, 0, 1; 1, 0, 0; 3, 1, 2 ;
1,147; -0.819659, 3.17917, -2.04481 / -0.819659, 3.17917, -2.04481 / -0.819659, 3.17917, -2.04481; 1, 4, 1, 0; 0.869476516882; 1, 0, 1; 1, 0, 0; 2, 1, 2 / 2, 4, 0 / 2, 5, 0 / 4, 6, 0 ;
0,147; -1.068713, 2.595432, -2.032881 / -1.068618, 2.596071, -2.032679 / -1.068807, 2.594793, -2.033083; 1, 6, 1, 0; 0.515211673974; 0, 0, 0; 1, 1, 0; 1, 7, 3 / 3, 1, 3 ;
1,149; -2.68248, 2.81275, -1.53838 / -2.68248, 2.81275, -1.53838 / -2.68248, 2.81275, -1.53838; 1, 7, 1, 0; 0.301940342469; 0, 1, 0; 0, 1, 0; 3, 3, 0 / 3, 4, 0 / 3, 5, 0 / 4, 1, 1 ;
1,150; -0.493566, -0.961215, -0.138684 / -0.493566, -0.961215, -0.138684 / -0.493566, -0.961215, -0.138684; 1, 16, 1, 0; 0.326417789100; 1, 0, 1; 1, 0, 0; 3, 1, 2 ;
1,151; -1.73762, 2.03928, -1.57094 / -1.73762, 2.03928, -1.57094 / -1.73762, 2.03928, -1.57094; 1, 6, 1, 0; 0.629655553170; 1, 0, 1; 1, 0, 0; 3, 1, 2 ;
0,151; -1.737974, 2.035957, -1.576002 / -1.737974, 2.035957, -1.576002 / -1.737974, 2.035957, -1.576002; 1, 6, 1, 0; 0.629656229508; 1, 0, 1; 1, 0, 0; 2, 1, 2 ;
1,152; 0.33938, 0.0748299, 1.72204 / 0.33938, 0.0748299, 1.72204 / 0.33938, 0.0748299, 1.72204; 1, 27, 1, 0; 0.629359354741; 1, 0, 1; 1, 0, 0; 3, 1, 2 / 3, 4, 0 ;
1,153; 0.715502, 3.28803, -0.69099 / 0.715502, 3.28803, -0.69099 / 0.715502, 3.28803, -0.69099; 1, 13, 1, 0; 0.247081657625; 1, 0, 1; 1, 0, 0; 1, 6, 0 / 2, 1, 2 ;
1,155; 2.8319, 0.143263, 0.223347 / 2.8319, 0.143263, 0.223347 / 2.8319, 0.143263, 0.223347; 1, 16, 1, 0; 0.654478061645; 1, 0, 1; 1, 0, 0; 2, 1, 2 ;
0,155; 3.224153, 0.278198, 0.256623 / 3.224153, 0.278198, 0.256623 / 3.224153, 0.278198, 0.256623; 1, 19, 1, 0; 0.162356923028; 0, 1, 0; 0, 1, 0; 4, 1, 1 ;
0,155; 3.858358, 0.496964, 0.313934 / 3.858358, 0.496964, 0.313934 / 3.858358, 0.496964, 0.313934; 1, 19, 1, 0; 0.674965456449; 1, 0, 1; 1, 0, 0; 2, 1, 2 ;
1,160; -0.00768333, -0.638947, 3.8669 / -0.00768333, -0.638947, 3.8669 / -0.00768333, -0.638947, 3.8669; 1, 46, 1, 0; 0.088377921285; 1, 0, 1; 1, 0, 0; 3, 1, 2 ;
1,164; -0.761102, -1.04722, 1.66477 / -0.761102, -1.04722, 1.66477 / -0.761102, -1.04722, 1.66477; 1, 30, 1, 0; 0.248034822963; 1, 0, 1; 0, 1, 0; 1, 1, 2 ;
0,164; 2.344459, 1.325513, 2.863122 / 2.344459, 1.325513, 2.863122 / 2.344459, 1.325513, 2.863122; 1, 39, 1, 0; 0.531292032060; 1, 0, 1; 1, 0, 0; 1, 6, 0 / 2, 1, 2 / 4, 5, 0 ;
1,168; -1.80706, -2.88596, -2.649 / -1.80706, -2.88596, -2.649 / -1.80706, -2.88596, -2.649; 1, 5, 1, 0; 0.254494501574; 1, 0, 1; 0, 1, 0; 1, 1, 2 ;
1,171; 3.06704, 3.216, -0.372122 / 3.06704, 3.216, -0.372122 / 3.06704, 3.216, -0.372122; 1, 13, 1, 0; 0.602563141432; 1, 0, 1; 1, 0, 0; 3, 1, 2 ;
0,171; 3.069929, 3.218159, -0.368957 / 3.069929, 3.218159, -0.368957 / 3.069929, 3.218159, -0.368957; 1, 13, 1, 0; 0.602563301463; 1, 0, 1; 1, 0, 0; 1, 6, 0 / 3, 1, 2 ;
0,171; 2.978403, 3.114131, -0.254808 / 2.978403, 3.114131, -0.254808 / 2.978403, 3.114131, -0.254808; 1, 20, 1, 0; 0.098831579039; 1, 0, 1; 1, 0, 0; 2, 1, 2 ;
1,178; -4.15435, -0.530705, -1.13742 / -4.15435, -0.530705, -1.13742 / -4.15435, -0.530705, -1.13742; 1, 10, 1, 0; 0.157560794415; 1, 0, 1; 0, 1, 0; 1, 1, 2 / 2, 2, 0 / 2, 3, 0 / 3, 3, 0 ;
0,178; -4.105614, -0.533479, -1.128583 / -4.105614, -0.533479, -1.128583 / -4.105614, -0.533479, -1.128583; 1, 10, 1, 0; 0.157521708429; 1, 0, 1; 1, 0, 0; 2, 1, 2 ;
0,178; -4.153081, -0.527031, -1.135528 / -4.153081, -0.527031, -1.135528 / -4.153081, -0.527031, -1.135528; 1, 10, 1, 0; 0.157560113154; 1, 0, 1; 1, 0, 0; 3, 1, 2 ;
1,179; -4.56046, -0.224411, 0.173752 / -4.56046, -0.224411, 0.173752 / -4.56046, -0.224411, 0.173752; 1, 14, 1, 0; 0.873791397230; 1, 0, 1; 1, 0, 0; 3, 1, 2 ;
1,180; 4.47732, -1.06022, 0.320868 / 4.47732, -1.06022, 0.320868 / 4.47732, -1.06022, 0.320868; 1, 19, 1, 0; 0.457172280988; 1, 0, 1; 0, 1, 0; 4, 1, 2 ;
1,183; -3.00691, 0.0987422, 0.529746 / -3.00691, 0.0987422, 0.529746 / -3.00691, 0.0987422, 0.529746; 1, 17, 1, 0; 0.717975283792; 1, 0, 1; 0, 1, 0; 1, 1, 2 ;
1,184; -1.34478, 1.91046, 1.63209 / -1.34478, 1.91046, 1.63209 / -1.34478, 1.91046, 1.63209; 1, 29, 1, 0; 0.339887157547; 1, 0, 1; 1, 0, 0; 2, 1, 2 ;
1,186; 2.52321, 0.526853, 3.259 / 2.52321, 0.526853, 3.259 / 2.52321, 0.526853, 3.259; 1, 42, 1, 0; 0.109921100833; 1, 0, 1; 1, 0, 0; 3, 1, 2 ;
0,186; 2.538319, 0.519446, 3.270152 / 2.538319, 0.519446, 3.270152 / 2.538319, 0.519446, 3.270152; 1, 42, 1, 0; 0.109942817923; 1, 0, 1; 1, 0, 0; 1, 1, 0 / 1, 2, 0 / 1, 4, 0 / 2, 1, 2 / 4, 2, 0 ;
0,186; 2.541320, 0.516609, 3.270824 / 2.541320, 0.516609, 3.270824 / 2.541320, 0.516609, 3.270824; 1, 42, 1, 0; 0.109943193434; 1, 0, 1; 1, 0, 0; 3, 1, 2 / 4, 1, 0 ;
0,186; 2.543225, 0.515576, 3.269058 / 2.543225, 0.515576, 3.269058 / 2.543225, 0.515576, 3.269058; 1, 42, 1, 0; 0.109943443775; 1, 0, 1; 1, 0, 0; 3, 1, 2 ;
0,186; 2.534452, 0.517151, 3.266813 / 2.534452, 0.517151, 3.266813 / 2.534452, 0.517151, 3.266813; 1, 42, 1, 0; 0.109945947186; 0, 1, 0; 1, 0, 0; 3, 1, 1 ;
0,186; 2.534908, 0.515101, 3.275701 / 2.534908, 0.515101, 3.275701 / 2.534908, 0.515101, 3.275701; 1, 42, 1, 0; 0.109982851635; 1, 0, 1; 1, 0, 0; 2, 1, 2 ;
1,188; 0.340817, 0.121216, 2.97566 / 0.340817, 0.121216, 2.97566 / 0.340817, 0.121216, 2.97566; 1, 38, 1, 0; 0.994374957904; 1, 0, 1; 0, 1, 0; 4, 1, 2 ;
0,188; -0.486340, 0.210430, 3.400530 / -0.486340, 0.210430, 3.400530 / -0.486340, 0.210430, 3.400530; 1, 41, 1, 0; 0.830758178852; 0, 1, 0; 0, 1, 0; 1, 1, 1 ;
0,188; -1.332352, 0.297801, 3.835370 / -1.332352, 0.297801, 3.835370 / -1.332352, 0.297801, 3.835370; 1, 46, 1, 0; 0.230414095986; 1, 0, 1; 1, 0, 0; 3, 1, 2 ;
1,199; 0.275396, -0.333105, -0.715381 / 0.275981, -0.332476, -0.715082 / 0.27481, -0.333734, -0.715679; 1, 16, 1, 0; 0.053931303845; 0, 2, 0; 1, 1, 0; 1, 3, 1 / 3, 1, 1 / 3, 7, 0 ;
