1,3; -2.46904, -3.37737, -0.486771 / -2.46904, -3.37737, -0.486771 / -2.46904, -3.37737, -0.486771; 1, 9, 1, 0; 0.906355973900; 0, 1, 0; 0, 1, 0; 1, 1, 1 / 1, 3, 0 ;
0,3; -3.809361, 1.488699, -1.445441 / -3.809361, 1.488699, -1.445441 / -3.809361, 1.488699, -1.445441; 1, 14, 1, 0; 0.022299472021; 0, 1, 0; 1, 0, 0; 3, 1, 1 ;
1,5; -1.32842, 1.44636, -1.74307 / -1.32831, 1.44659, -1.74293 / -1.32852, 1.44613, -1.74321; 1, 6, 1, 0; 0.666266544534; 2, 1, 1; 2, 0, 0; 2, 1, 0 / 2, 2, 0 / 2, 3, 0 / 3, 1, 2 / 3, 2, 1 / 3, 5, 0 ;
0,5; -1.332001, 1.444016, -1.752040 / -1.332001, 1.444016, -1.752040 / -1.332001, 1.444016, -1.752040; 1, 6, 1, 0; 0.666258428486; 1, 0, 1; 1, 0, 0; 2, 1, 2 ;
0,5; -1.323432, 1.447422, -1.741918 / -1.323432, 1.447422, -1.741918 / -1.323432, 1.447422, -1.741918; 1, 6, 1, 0; 0.666265745672; 1, 0, 1; 1, 0, 0; 2, 1, 2 ;
0,5; -1.337412, 1.451015, -1.743965 / -1.337412, 1.451015, -1.743965 / -1.337412, 1.451015, -1.743965; 1, 6, 1, 0; 0.666268549041; 1, 0, 1; 1, 0, 0; 3, 1, 2 ;
0,5; -1.323259, 1.456724, -1.737754 / -1.323259, 1.456724, -1.737754 / -1.323259, 1.456724, -1.737754; 1, 6, 1, 0; 0.666272940332; 1, 0, 1; 1, 0, 0; 3, 1, 2 ;
0,5; -1.318371, 1.451465, -1.738877 / -1.318371, 1.451465, -1.738877 / -1.318371, 1.451465, -1.738877; 1, 6, 1, 0; 0.666273655878; 1, 0, 1; 1, 0, 0; 2, 1, 2 ;
1,9; 0.87973, -2.06864, 3.5378 / 0.87973, -2.06864, 3.5378 / 0.87973, -2.06864, 3.5378; 1, 43, 1, 0; 0.703519903011; 1, 0, 1; 1, 0, 0; 2, 1, 2 ;
1,10; 2.38285, -3.61715, 1.01327 / 2.38285, -3.61715, 1.01327 / 2.38285, -3.61715, 1.01327; 1, 22, 1, 0; 0.057658802917; 1, 0, 1; 0, 1, 0; 4, 1, 2 ;
0,10; 2.385046, -3.617228, 1.013256 / 2.385046, -3.617228, 1.013256 / 2.385046, -3.617228, 1.013256; 1, 22, 1, 0; 0.057658730159; 1, 0, 1; 1, 0, 0; 3, 1, 2 ;
1,12; 3.48245, -1.21389, -0.893732 / 3.48318, -1.21328, -0.892977 / 3.48172, -1.2145, -0.894486; 1, 12, 1, 0; 0.541758427056; 0, 4, 0; 1, 3, 1; 1, 1, 1 / 1, 8, 1 / 1, 10, 0 / 2, 10, 1 / 4, 1, 1 ;
0,12; 3.482904, -1.215160, -0.894340 / 3.483177, -1.214498, -0.893880 / 3.482631, -1.215821, -0.894801; 1, 12, 1, 0; 0.541758478552; 2, 1, 1; 3, 1, 0; 1, 1, 0 / 1, 6, 0 / 2, 1, 1 / 3, 7, 2 / 3, 9, 3 / 4, 5, 1 / 4, 9, 0 ;
0,12; 3.484196, -1.217703, -0.895889 / 3.484227, -1.217240, -0.895266 / 3.484164, -1.218166, -0.896512; 1, 12, 1, 0; 0.541758598710; 2, 1, 1; 0, 2, 0; 1, 1, 1 / 1, 10, 2 / 3, 6, 0 / 4, 8, 0 ;
0,12; 3.483668, -1.218872, -0.896138 / 3.484164, -1.218166, -0.895765 / 3.483173, -1.219577, -0.896512; 1, 12, 1, 0; 0.541758650206; 1, 0, 1; 1, 1, 0; 1, 1, 2 / 2, 6, 2 ;
1,13; -1.80215, -2.30763, 0.956728 / -1.80185, -2.30755, 0.956953 / -1.80246, -2.30772, 0.956503; 1, 21, 1, 0; 0.731700062863; 2, 1, 1; 0, 2, 1; 1, 5, 1 / 4, 1, 2 ;
0,13; -1.069265, -1.372234, 1.925280 / -1.069265, -1.372234, 1.925280 / -1.069265, -1.372234, 1.925280; 1, 30, 1, 0; 0.380193149185; 1, 0, 1; 1, 0, 0; 2, 1, 2 ;
0,13; -0.603642, -0.765684, 2.547315 / -0.603642, -0.765684, 2.547315 / -0.603642, -0.765684, 2.547315; 1, 34, 1, 0; 0.693554577680; 1, 0, 1; 1, 0, 0; 2, 1, 2 ;
1,16; -1.04944, 3.26497, 1.93317 / -1.04944, 3.26497, 1.93317 / -1.04944, 3.26497, 1.93317; 1, 29, 1, 0; 0.619874211447; 0, 0, 0; 1, 0, 0; 3, 1, 3 ;
1,21; 1.16752, -2.22153, 0.494996 / 1.16752, -2.22153, 0.494996 / 1.16752, -2.22153, 0.494996; 1, 18, 1, 0; 0.409833923375; 1, 0, 1; 1, 0, 0; 2, 1, 2 ;
1,26; -0.804343, -0.801141, 2.01692 / -0.804012, -0.800771, 2.01722 / -0.804674, -0.801511, 2.01661; 1, 30, 1, 0; 0.511668780514; 2, 1, 1; 1, 1, 0; 2, 3, 2 / 4, 1, 1 ;
0,26; -0.808583, -0.803326, 2.014634 / -0.808583, -0.803326, 2.014634 / -0.808583, -0.803326, 2.014634; 1, 30, 1, 0; 0.511668575949; 1, 0, 1; 1, 0, 0; 2, 1, 2 ;
1,28; 2.59225, -1.71867, -2.28046 / 2.59225, -1.71867, -2.28046 / 2.59225, -1.71867, -2.28046; 1, 3, 1, 0; 0.880056157997; 1, 0, 1; 1, 0, 0; 2, 1, 2 / 3, 6, 0 / 4, 5, 0 / 4, 6, 0 ;
0,28; 3.201186, -1.938295, -1.906166 / 3.201649, -1.938001, -1.905893 / 3.200722, -1.938589, -1.906438; 1, 8, 1, 0; 0.053452961348; 1, 0, 2; 0, 2, 1; 1, 6, 2 / 4, 1, 2 ;
1,29; -1.81227, -1.33605, 1.70334 / -1.81216, -1.33556, 1.70369 / -1.81237, -1.33655, 1.703; 1, 30, 1, 0; 0.266183998270; 2, 1, 1; 1, 1, 0; 2, 1, 2 / 4, 4, 1 ;
1,30; 2.60463, 0.475337, -3.12948 / 2.60463, 0.475337, -3.12948 / 2.60463, 0.475337, -3.12948; 1, 3, 1, 0; 0.201471564373; 0, 1, 0; 1, 0, 0; 2, 1, 1 / 2, 10, 0 ;
0,30; -3.257807, 0.880646, 0.079450 / -3.257807, 0.880646, 0.079450 / -3.257807, 0.880646, 0.079450; 1, 14, 1, 0; 0.808261399433; 1, 0, 1; 1, 0, 0; 3, 1, 2 ;
1,36; 3.10931, -1.14828, 2.0519 / 3.10931, -1.14828, 2.0519 / 3.10931, -1.14828, 2.0519; 1, 33, 1, 0; 0.286358186839; 1, 0, 1; 1, 0, 0; 2, 1, 2 ;
1,44; -0.938892, -2.18553, 0.866062 / -0.938892, -2.18553, 0.866062 / -0.938892, -2.18553, 0.866062; 1, 18, 1, 0; 0.541404258346; 1, 0, 1; 1, 0, 0; 2, 1, 2 ;
0,44; -1.224323, -2.620046, 1.309607 / -1.224323, -2.620046, 1.309607 / -1.224323, -2.620046, 1.309607; 1, 23, 1, 0; 0.981447822122; 0, 0, 0; 0, 1, 0; 4, 1, 3 ;
1,45; 0.445549, 3.00304, -0.625035 / 0.445549, 3.00304, -0.625035 / 0.445549, 3.00304, -0.625035; 1, 13, 1, 0; 0.273837147609; 1, 0, 1; 1, 0, 0; 2, 1, 2 ;
1,52; 1.06597, -0.712127, -2.19245 / 1.06597, -0.712127, -2.19245 / 1.06597, -0.712127, -2.19245; 1, 3, 1, 0; 0.811757713867; 1, 0, 1; 1, 0, 0; 1, 7, 0 / 3, 1, 2 ;
0,52; -0.123005, 1.877340, -2.377481 / -0.123005, 1.877340, -2.377481 / -0.123005, 1.877340, -2.377481; 1, 4, 1, 0; 0.330310339825; 1, 0, 1; 1, 0, 0; 3, 1, 2 ;
1,59; 1.48531, -2.65628, -2.66033 / 1.48531, -2.65628, -2.66033 / 1.48531, -2.65628, -2.66033; 1, 3, 1, 0; 0.509046784898; 1, 0, 1; 1, 0, 0; 2, 1, 2 ;
0,59; 1.919855, 0.990371, 2.290019 / 1.920481, 0.991127, 2.290118 / 1.919229, 0.989616, 2.289919; 1, 31, 1, 0; 0.739879443218; 1, 0, 1; 1, 1, 0; 1, 1, 2 / 2, 6, 3 ;
1,63; -2.40775, 2.21204, -0.825695 / -2.40775, 2.21204, -0.825695 / -2.40775, 2.21204, -0.825695; 1, 7, 1, 0; 0.879233800820; 1, 0, 1; 0, 1, 0; 4, 1, 2 ;
0,63; -2.406579, 2.209562, -0.820809 / -2.406579, 2.209562, -0.820809 / -2.406579, 2.209562, -0.820809; 1, 7, 1, 0; 0.879243220108; 0, 1, 0; 0, 1, 0; 4, 1, 1 ;
1,64; -2.37226, -1.34282, -0.253806 / -2.37226, -1.34282, -0.253806 / -2.37226, -1.34282, -0.253806; 1, 10, 1, 0; 0.835917074342; 1, 0, 1; 1, 0, 0; 2, 1, 2 ;
0,64; -2.133400, -0.556275, 0.169933 / -2.133400, -0.556275, 0.169933 / -2.133400, -0.556275, 0.169933; 1, 14, 1, 0; 0.901074459926; 0, 1, 0; 0, 1, 0; 1, 1, 1 / 1, 5, 0 / 4, 4, 0 / 4, 9, 0 ;
0,64; -2.134294, -0.556335, 0.174804 / -2.134294, -0.556335, 0.174804 / -2.134294, -0.556335, 0.174804; 1, 14, 1, 0; 0.901075136980; 1, 0, 1; 1, 0, 0; 3, 1, 2 / 4, 6, 0 ;
0,64; -2.130546, -0.562822, 0.175139 / -2.130546, -0.562822, 0.175139 / -2.130546, -0.562822, 0.175139; 1, 14, 1, 0; 0.901075481662; 1, 0, 1; 1, 0, 0; 2, 1, 2 ;
0,64; -2.132944, -0.551267, 0.170353 / -2.132944, -0.551267, 0.170353 / -2.132944, -0.551267, 0.170353; 1, 14, 1, 0; 0.901085692866; 1, 0, 1; 1, 0, 0; 3, 1, 2 ;
1,69; -0.154528, 0.479891, -3.98964 / -0.154528, 0.479891, -3.98964 / -0.154528, 0.479891, -3.98964; 1, 1, 1, 0; 0.516840017055; 0, 1, 0; 0, 1, 0; 1, 1, 1 ;
1,70; -1.28356, -0.209143, 0.74305 / -1.28269, -0.20914, 0.743158 / -1.28442, -0.209146, 0.742942; 1, 21, 1, 0; 0.409612313083; 2, 1, 1; 1, 1, 0; 1, 7, 2 / 2, 6, 0 / 3, 1, 1 / 3, 3, 0 ;
0,70; -1.284767, -0.212269, 0.741411 / -1.284767, -0.212269, 0.741411 / -1.284767, -0.212269, 0.741411; 1, 21, 1, 0; 0.409613113428; 1, 0, 1; 1, 0, 0; 2, 1, 2 ;
0,70; -1.279899, -0.207241, 0.752343 / -1.279899, -0.207241, 0.752343 / -1.279899, -0.207241, 0.752343; 1, 21, 1, 0; 0.409625598803; 0, 1, 0; 1, 0, 0; 2, 1, 1 ;
0,70; -1.281764, -0.209826, 0.746926 / -1.281764, -0.209826, 0.746926 / -1.281764, -0.209826, 0.746926; 1, 21, 1, 0; 0.409625824355; 0, 1, 0; 1, 0, 0; 2, 1, 1 / 3, 7, 0 / 4, 7, 0 ;
0,70; -1.281387, -0.208831, 0.759443 / -1.281387, -0.208831, 0.759443 / -1.281387, -0.208831, 0.759443; 1, 21, 1, 0; 0.409638855420; 1, 0, 1; 1, 0, 0; 2, 1, 2 ;
1,71; -1.40127, 1.53766, -0.694189 / -1.40127, 1.53766, -0.694189 / -1.40127, 1.53766, -0.694189; 1, 7, 1, 0; 0.980300241056; 1, 0, 1; 1, 0, 0; 3, 1, 2 ;
0,71; -0.268356, 2.529364, -0.211199 / -0.268356, 2.529364, -0.211199 / -0.268356, 2.529364, -0.211199; 1, 17, 1, 0; 0.178486235141; 1, 0, 1; 1, 0, 0; 2, 1, 2 ;
1,72; 1.06525, 2.59902, -0.406408 / 1.06525, 2.59902, -0.406408 / 1.06525, 2.59902, -0.406408; 1, 13, 1, 0; 0.542661646620; 1, 0, 1; 0, 1, 0; 1, 1, 2 ;
1,80; 3.33748, -0.358168, -2.89497 / 3.33748, -0.358168, -2.89497 / 3.33748, -0.358168, -2.89497; 1, 3, 1, 0; 0.301758048332; 0, 1, 0; 0, 1, 0; 1, 1, 1 ;
1,82; 1.96261, -3.55416, -0.354381 / 1.96261, -3.55416, -0.354381 / 1.96261, -3.55416, -0.354381; 1, 15, 1, 0; 0.186423407966; 1, 0, 1; 1, 0, 0; 2, 1, 2 ;
1,89; -1.91117, 0.860521, 3.91956 / -1.91117, 0.860521, 3.91956 / -1.91117, 0.860521, 3.91956; 1, 46, 1, 0; 0.320459183222; 1, 0, 1; 0, 1, 0; 4, 1, 2 ;
1,90; 1.35419, 0.553871, 4.30485 / 1.35419, 0.553871, 4.30485 / 1.35419, 0.553871, 4.30485; 1, 46, 1, 0; 0.632400784697; 1, 0, 1; 1, 0, 0; 3, 1, 2 ;
0,90; 1.370750, 0.560930, 4.320877 / 1.370750, 0.560930, 4.320877 / 1.370750, 0.560930, 4.320877; 1, 46, 1, 0; 0.632408109635; 1, 0, 1; 1, 0, 0; 3, 1, 2 ;
1,93; 1.89745, -1.80959, 0.424941 / 1.89745, -1.80959, 0.424941 / 1.89745, -1.80959, 0.424941; 1, 19, 1, 0; 0.405926927049; 1, 0, 1; 0, 1, 0; 1, 1, 2 ;
0,93; 2.692476, -1.467027, 1.023783 / 2.692476, -1.467027, 1.023783 / 2.692476, -1.467027, 1.023783; 1, 27, 1, 0; 0.205781673591; 0, 1, 0; 0, 1, 0; 1, 1, 1 ;
1,95; 0.796685, 3.17926, 2.86724 / 0.796685, 3.17926, 2.86724 / 0.796685, 3.17926, 2.86724; 1, 40, 1, 0; 0.257956639950; 1, 0, 1; 1, 0, 0; 2, 1, 2 ;
1,100; 2.77342, -2.48929, -1.65832 / 2.77342, -2.48929, -1.65832 / 2.77342, -2.48929, -1.65832; 1, 8, 1, 0; 0.312315252597; 1, 0, 1; 0, 1, 0; 1, 1, 2 ;
1,105; 1.1078, -1.60868, -2.07733 / 1.1078, -1.60868, -2.07733 / 1.1078, -1.60868, -2.07733; 1, 5, 1, 0; 0.841061521210; 1, 0, 1; 0, 1, 0; 1, 1, 2 ;
1,106; -1.22084, -1.54251, 2.56552 / -1.22079, -1.54221, 2.5656 / -1.22089, -1.54281, 2.56543; 1, 34, 1, 0; 0.524642239734; 2, 1, 1; 2, 0, 0; 3, 1, 1 / 3, 3, 2 ;
1,107; 3.39342, 0.747775, 2.3733 / 3.39342, 0.747775, 2.3733 / 3.39342, 0.747775, 2.3733; 1, 31, 1, 0; 0.774615174468; 1, 0, 1; 0, 1, 0; 4, 1, 2 ;
1,110; -3.60052, -1.21244, 0.645749 / -3.60052, -1.21244, 0.645749 / -3.60052, -1.21244, 0.645749; 1, 21, 1, 0; 0.315405396360; 1, 0, 1; 0, 1, 0; 1, 1, 2 ;
1,114; -1.14116, -2.20521, -3.55324 / -1.14116, -2.20521, -3.55324 / -1.14116, -2.20521, -3.55324; 1, 1, 1, 0; 0.943932637511; 1, 0, 1; 1, 0, 0; 2, 1, 2 ;
0,114; -0.799282, -1.575165, -3.226303 / -0.799282, -1.575165, -3.226303 / -0.799282, -1.575165, -3.226303; 1, 5, 1, 0; 0.041369779093; 0, 1, 0; 0, 1, 0; 1, 1, 1 ;
1,121; 0.526402, -2.35046, -2.33191 / 0.526402, -2.35046, -2.33191 / 0.526402, -2.35046, -2.33191; 1, 3, 1, 0; 0.932997574116; 1, 0, 1; 0, 1, 0; 4, 1, 2 ;
0,121; 0.529348, -2.352835, -2.332496 / 0.529348, -2.352835, -2.332496 / 0.529348, -2.352835, -2.332496; 1, 3, 1, 0; 0.932990647050; 1, 0, 1; 1, 0, 0; 3, 1, 2 ;
0,121; 0.524246, -2.352276, -2.330118 / 0.524246, -2.352276, -2.330118 / 0.524246, -2.352276, -2.330118; 1, 3, 1, 0; 0.932997525760; 1, 0, 1; 1, 0, 0; 2, 1, 2 ;
0,121; 1.433990, -3.007999, -2.069956 / 1.434028, -3.007978, -2.069943 / 1.433953, -3.008019, -2.069970; 1, 5, 1, 0; 0.706213094282; 2, 1, 1; 2, 0, 0; 3, 1, 1 / 3, 2, 2 ;
0,121; 1.442862, -3.011798, -2.070857 / 1.442862, -3.011798, -2.070857 / 1.442862, -3.011798, -2.070857; 1, 5, 1, 0; 0.706204414620; 1, 0, 1; 1, 0, 0; 3, 1, 2 ;
0,121; 1.437797, -3.009953, -2.068917 / 1.437797, -3.009953, -2.068917 / 1.437797, -3.009953, -2.068917; 1, 5, 1, 0; 0.706212986461; 0, 1, 0; 1, 0, 0; 2, 1, 1 ;
1,122; -1.09374, -2.04546, -2.9343 / -1.09318, -2.04494, -2.93389 / -1.0943, -2.04598, -2.93471; 1, 5, 1, 0; 0.157635353229; 2, 3, 2; 3, 2, 0; 1, 4, 0 / 2, 1, 0 / 2, 2, 0 / 2, 3, 2 / 3, 1, 2 / 3, 3, 1 / 3, 8, 0 / 4, 2, 1 / 4, 9, 0 / 4, 10, 1 ;
1,129; -2.48442, 0.603514, 0.508801 / -2.48364, 0.604105, 0.509742 / -2.4852, 0.602923, 0.507859; 1, 17, 1, 0; 0.742536504496; 1, 0, 2; 1, 1, 0; 1, 10, 2 / 2, 1, 2 ;
0,129; -2.493745, 0.617563, 0.501998 / -2.493745, 0.617563, 0.501998 / -2.493745, 0.617563, 0.501998; 1, 17, 1, 0; 0.742533896035; 1, 0, 1; 1, 0, 0; 2, 1, 2 ;
0,129; -1.471833, -0.456610, 0.947121 / -1.471833, -0.456610, 0.947121 / -1.471833, -0.456610, 0.947121; 1, 21, 1, 0; 0.543403414416; 1, 0, 1; 1, 0, 0; 3, 1, 2 ;
1,131; 3.15849, -1.33315, 0.435617 / 3.15849, -1.33315, 0.435617 / 3.15849, -1.33315, 0.435617; 1, 19, 1, 0; 0.446031693003; 1, 0, 1; 1, 0, 0; 2, 1, 2 ;
1,132; 1.94838, -3.29873, 0.53165 / 1.94851, -3.29851, 0.532483 / 1.94825, -3.29895, 0.530818; 1, 19, 1, 0; 0.278147483679; 2, 2, 1; 2, 1, 0; 1, 1, 1 / 2, 1, 1 / 3, 4, 2 / 3, 10, 0 ;
0,132; 1.949531, -3.295360, 0.532961 / 1.949531, -3.295360, 0.532961 / 1.949531, -3.295360, 0.532961; 1, 19, 1, 0; 0.278147606610; 0, 1, 0; 0, 1, 0; 1, 1, 1 ;
0,132; 1.950906, -3.297422, 0.532635 / 1.950906, -3.297422, 0.532635 / 1.950906, -3.297422, 0.532635; 1, 19, 1, 0; 0.278148409276; 1, 0, 1; 0, 1, 0; 4, 1, 2 ;
0,132; 1.915442, -3.256714, 0.509802 / 1.915442, -3.256714, 0.509802 / 1.915442, -3.256714, 0.509802; 1, 19, 1, 0; 0.277233218502; 1, 0, 1; 1, 0, 0; 2, 1, 2 ;
1,137; -2.65509, -2.13931, 0.622802 / -2.65509, -2.13931, 0.622802 / -2.65509, -2.13931, 0.622802; 1, 18, 1, 0; 0.473922433875; 1, 0, 1; 1, 0, 0; 2, 1, 2 ;
1,149; 1.67011, 0.278784, 2.03857 / 1.67011, 0.278784, 2.03857 / 1.67011, 0.278784, 2.03857; 1, 28, 1, 0; 0.769153664250; 0, 0, 0; 0, 1, 0; 1, 1, 3 ;
1,151; 0.665853, -0.75646, -2.45343 / 0.665968, -0.756178, -2.45315 / 0.665739, -0.756742, -2.45371; 1, 3, 1, 0; 0.808668387352; 2, 1, 2; 3, 0, 0; 2, 2, 2 / 3, 1, 1 / 3, 2, 2 ;
0,151; -0.559801, -0.454722, -1.011925 / -0.559801, -0.454722, -1.011925 / -0.559801, -0.454722, -1.011925; 1, 11, 1, 0; 0.678116483112; 0, 1, 0; 1, 0, 0; 2, 1, 1 ;
1,155; 1.42076, -2.1576, -1.45247 / 1.42076, -2.1576, -1.45247 / 1.42076, -2.1576, -1.45247; 1, 8, 1, 0; 0.636079300989; 1, 0, 1; 1, 0, 0; 3, 1, 2 ;
0,155; 1.416108, -2.156522, -1.451229 / 1.416108, -2.156522, -1.451229 / 1.416108, -2.156522, -1.451229; 1, 8, 1, 0; 0.636080027123; 0, 0, 0; 1, 0, 0; 2, 1, 3 ;
1,157; -2.71432, -1.99498, 2.50488 / -2.71432, -1.99498, 2.50488 / -2.71432, -1.99498, 2.50488; 1, 36, 1, 0; 0.677935567561; 1, 0, 1; 0, 1, 0; 4, 1, 2 ;
1,159; 2.42386, -3.88892, 0.122091 / 2.42485, -3.88839, 0.122329 / 2.42288, -3.88944, 0.121853; 1, 15, 1, 0; 0.925535647315; 2, 1, 2; 3, 0, 0; 2, 1, 2 / 2, 5, 2 / 2, 6, 1 ;
0,159; 2.414754, -3.892008, 0.115884 / 2.414754, -3.892008, 0.115884 / 2.414754, -3.892008, 0.115884; 1, 15, 1, 0; 0.925547280174; 1, 0, 1; 1, 0, 0; 3, 1, 2 ;
1,160; -1.29985, 1.49626, 0.447528 / -1.29985, 1.49626, 0.447528 / -1.29985, 1.49626, 0.447528; 1, 17, 1, 0; 0.903867900315; 1, 0, 1; 1, 0, 0; 3, 1, 2 ;
1,161; 0.839651, 3.62577, -2.39291 / 0.839651, 3.62577, -2.39291 / 0.839651, 3.62577, -2.39291; 1, 4, 1, 0; 0.231562942008; 1, 0, 1; 0, 1, 0; 1, 1, 2 ;
1,165; 0.378992, -0.39465, -0.165825 / 0.378992, -0.39465, -0.165825 / 0.378992, -0.39465, -0.165825; 1, 16, 1, 0; 0.413108578715; 0, 1, 0; 0, 1, 0; 1, 1, 1 ;
1,167; 1.29114, -1.06642, -3.19435 / 1.2917, -1.06613, -3.19429 / 1.29058, -1.06671, -3.19441; 1, 3, 1, 0; 0.147668556599; 0, 1, 0; 1, 1, 0; 1, 1, 1 / 2, 3, 3 / 2, 4, 0 / 3, 9, 0 ;
0,167; 1.294551, -1.067394, -3.194779 / 1.294551, -1.067394, -3.194779 / 1.294551, -1.067394, -3.194779; 1, 3, 1, 0; 0.147669036134; 1, 0, 1; 1, 0, 0; 2, 1, 2 ;
0,167; -0.664681, -1.614727, -2.886764 / -0.664451, -1.614121, -2.886474 / -0.664911, -1.615333, -2.887054; 1, 5, 1, 0; 0.148712832079; 1, 0, 2; 1, 1, 0; 1, 4, 2 / 2, 1, 2 ;
1,170; 4.07534, -1.01203, -0.781837 / 4.07586, -1.01182, -0.781502 / 4.07481, -1.01224, -0.782173; 1, 12, 1, 0; 0.537411083341; 2, 1, 1; 2, 0, 0; 2, 6, 2 / 3, 1, 1 ;
1,176; -2.72049, 1.40345, 2.37174 / -2.72049, 1.40345, 2.37174 / -2.72049, 1.40345, 2.37174; 1, 37, 1, 0; 0.086926544695; 1, 0, 1; 1, 0, 0; 2, 1, 2 ;
1,179; -2.44889, 2.79767, 1.68366 / -2.44889, 2.79767, 1.68366 / -2.44889, 2.79767, 1.68366; 1, 29, 1, 0; 0.401543449800; 0, 1, 0; 0, 1, 0; 4, 1, 1 ;
1,181; -2.21649, -0.995514, -1.95878 / -2.21649, -0.995514, -1.95878 / -2.21649, -0.995514, -1.95878; 1, 5, 1, 0; 0.934575789477; 1, 0, 1; 1, 0, 0; 3, 1, 2 ;
1,182; -3.89715, -1.48356, -1.78421 / -3.89715, -1.48356, -1.78421 / -3.89715, -1.48356, -1.78421; 1, 6, 1, 0; 0.867582760652; 1, 0, 1; 0, 1, 0; 4, 1, 2 ;
1,183; 2.06376, 2.10692, -2.06183 / 2.06378, 2.10702, -2.06182 / 2.06375, 2.10682, -2.06183; 1, 4, 1, 0; 0.763317512704; 2, 1, 1; 1, 1, 0; 1, 1, 2 / 2, 1, 1 ;
1,184; 0.467467, -3.59841, -2.65567 / 0.467467, -3.59841, -2.65567 / 0.467467, -3.59841, -2.65567; 1, 3, 1, 0; 0.466361396213; 1, 0, 1; 1, 0, 0; 3, 1, 2 ;
0,184; 1.422892, -2.237691, -1.143757 / 1.423713, -2.237197, -1.143618 / 1.422071, -2.238185, -1.143896; 1, 8, 1, 0; 0.812472874805; 1, 0, 2; 1, 1, 0; 1, 2, 0 / 3, 1, 2 / 4, 7, 2 ;
0,184; 1.429271, -2.229416, -1.153846 / 1.429271, -2.229416, -1.153846 / 1.429271, -2.229416, -1.153846; 1, 8, 1, 0; 0.812465102104; 1, 0, 1; 0, 1, 0; 1, 1, 2 ;
0,184; 1.425101, -2.236533, -1.147244 / 1.425101, -2.236533, -1.147244 / 1.425101, -2.236533, -1.147244; 1, 8, 1, 0; 0.812473636735; 1, 0, 1; 0, 1, 0; 4, 1, 2 ;
0,184; 1.424673, -2.227964, -1.150196 / 1.425152, -2.227932, -1.149705 / 1.424194, -2.227995, -1.150687; 1, 8, 1, 0; 0.812474015142; 2, 1, 1; 2, 0, 0; 1, 3, 0 / 2, 2, 1 / 3, 1, 2 / 3, 8, 0 ;
0,184; 1.421395, -2.238245, -1.143155 / 1.422071, -2.238185, -1.142691 / 1.420718, -2.238305, -1.143618; 1, 8, 1, 0; 0.812472844124; 1, 0, 1; 2, 0, 0; 1, 8, 0 / 2, 1, 2 / 3, 7, 2 / 4, 6, 0 ;
0,184; 1.425930, -2.232614, -1.150071 / 1.425930, -2.232614, -1.150071 / 1.425930, -2.232614, -1.150071; 1, 8, 1, 0; 0.812473810598; 1, 0, 1; 1, 0, 0; 2, 1, 2 ;
1,186; -0.842536, -1.675, -3.1522 / -0.842536, -1.675, -3.1522 / -0.842536, -1.675, -3.1522; 1, 5, 1, 0; 0.040804473824; 1, 0, 1; 1, 0, 0; 2, 1, 2 ;
1,190; 2.87874, -0.704993, 0.0674886 / 2.87921, -0.704129, 0.067802 / 2.87828, -0.705857, 0.0671753; 1, 16, 1, 0; 0.822337066296; 2, 1, 1; 1, 1, 0; 1, 1, 0 / 2, 1, 1 / 4, 8, 2 ;
0,190; 3.226909, -0.606097, 1.859399 / 3.226909, -0.606097, 1.859399 / 3.226909, -0.606097, 1.859399; 1, 28, 1, 0; 0.821036657237; 1, 0, 1; 1, 0, 0; 3, 1, 2 ;
1,191; 2.87841, -2.09648, 2.53617 / 2.87841, -2.09648, 2.53617 / 2.87841, -2.09648, 2.53617; 1, 34, 1, 0; 0.282113371201; 1, 0, 1; 0, 1, 0; 4, 1, 2 ;
0,191; 2.888507, -2.102975, 2.536413 / 2.888507, -2.102975, 2.536413 / 2.888507, -2.102975, 2.536413; 1, 34, 1, 0; 0.282091743188; 1, 0, 1; 1, 0, 0; 2, 1, 2 / 3, 3, 0 / 4, 2, 0 ;
0,191; 2.879578, -2.097222, 2.531328 / 2.879578, -2.097222, 2.531328 / 2.879578, -2.097222, 2.531328; 1, 34, 1, 0; 0.282111662413; 1, 0, 1; 1, 0, 0; 2, 1, 2 / 3, 2, 0 ;
0,191; 2.876454, -2.101733, 2.531995 / 2.876454, -2.101733, 2.531995 / 2.876454, -2.101733, 2.531995; 1, 34, 1, 0; 0.282111974236; 1, 0, 1; 1, 0, 0; 2, 1, 2 ;
1,192; 3.3005, -2.9796, -0.490843 / 3.3005, -2.9796, -0.490843 / 3.3005, -2.9796, -0.490843; 1, 15, 1, 0; 0.161376387639; 1, 0, 1; 0, 1, 0; 1, 1, 2 ;
1,193; 3.53213, -0.622903, -1.34913 / 3.53221, -0.622352, -1.34884 / 3.53204, -0.623455, -1.34942; 1, 12, 1, 0; 0.116274197461; 2, 1, 1; 1, 1, 0; 2, 1, 2 / 2, 10, 0 / 4, 5, 1 ;
0,193; 3.534401, -0.620146, -1.342440 / 3.534401, -0.620146, -1.342440 / 3.534401, -0.620146, -1.342440; 1, 12, 1, 0; 0.116284634011; 1, 0, 1; 0, 1, 0; 1, 1, 2 / 3, 4, 0 ;
0,193; 3.531789, -0.628305, -1.349902 / 3.531789, -0.628305, -1.349902 / 3.531789, -0.628305, -1.349902; 1, 12, 1, 0; 0.116274088747; 1, 0, 1; 1, 0, 0; 2, 1, 2 / 4, 5, 0 ;
1,195; -0.0839902, -4.27571, -0.437018 / -0.0839902, -4.27571, -0.437018 / -0.0839902, -4.27571, -0.437018; 1, 9, 1, 0; 0.801111341803; 0, 1, 0; 0, 1, 0; 1, 1, 1 / 2, 3, 0 ;
1,196; -0.211757, -2.7702, -0.90248 / -0.210659, -2.7696, -0.902066 / -0.212855, -2.77081, -0.902893; 1, 9, 1, 0; 0.585313163689; 2, 2, 2; 3, 1, 0; 2, 1, 2 / 3, 2, 2 / 3, 7, 1 / 4, 6, 0 / 4, 7, 0 / 4, 9, 1 / 4, 10, 0 ;
0,196; -0.214596, -2.771997, -0.900465 / -0.214596, -2.771997, -0.900465 / -0.214596, -2.771997, -0.900465; 1, 9, 1, 0; 0.585313261012; 0, 1, 0; 0, 1, 0; 4, 1, 1 ;
0,196; -0.212257, -2.774903, -0.896018 / -0.212257, -2.774903, -0.896018 / -0.212257, -2.774903, -0.896018; 1, 9, 1, 0; 0.585313385369; 1, 0, 1; 1, 0, 0; 2, 1, 2 ;
0,196; -0.209679, -2.772954, -0.905902 / -0.209679, -2.772954, -0.905902 / -0.209679, -2.772954, -0.905902; 1, 9, 1, 0; 0.585314050409; 1, 0, 1; 1, 0, 0; 3, 1, 2 ;
0,196; 0.681588, 0.162454, 1.875384 / 0.681588, 0.162454, 1.875384 / 0.681588, 0.162454, 1.875384; 1, 30, 1, 0; 0.756474959184; 1, 0, 1; 1, 0, 0; 2, 1, 2 ;
1,197; 1.45252, -1.31322, 1.65344 / 1.45252, -1.31322, 1.65344 / 1.45252, -1.31322, 1.65344; 1, 27, 1, 0; 0.919813352708; 1, 0, 1; 1, 0, 0; 2, 1, 2 ;
1,198; 1.19402, 2.10729, 1.42941 / 1.19402, 2.10729, 1.42941 / 1.19402, 2.10729, 1.42941; 1, 31, 1, 0; 0.002458051880; 1, 0, 1; 0, 1, 0; 1, 1, 2 ;
