1,4; -2.60633, 1.55794, -0.494723 / -2.60633, 1.55794, -0.494723 / -2.60633, 1.55794, -0.494723; 1, 14, 1, 0; 0.285225563586; 1, 0, 1; 1, 0, 0; 2, 1, 2 ;
1,7; 1.01379, 1.56221, -1.2099 / 1.01379, 1.56221, -1.2099 / 1.01379, 1.56221, -1.2099; 1, 7, 1, 0; 0.555749441848; 0, 1, 0; 1, 0, 0; 2, 1, 1 ;
0,7; 1.910501, 0.149899, 0.543355 / 1.910501, 0.149899, 0.543355 / 1.910501, 0.149899, 0.543355; 1, 19, 1, 0; 0.642270459298; 0, 1, 0; 1, 0, 0; 2, 1, 1 ;
1,8; 2.69337, -0.881398, -1.98155 / 2.69337, -0.881398, -1.98155 / 2.69337, -0.881398, -1.98155; 1, 4, 1, 0; 0.525273923363; 1, 0, 1; 1, 0, 0; 3, 1, 2 / 3, 8, 0 ;
0,8; 3.134838, -1.068891, -1.028423 / 3.135148, -1.068526, -1.028253 / 3.134528, -1.069255, -1.028594; 1, 11, 1, 0; 0.576178403208; 1, 0, 2; 2, 0, 0; 3, 1, 2 / 3, 4, 2 ;
1,14; -1.30497, 0.244707, -3.49402 / -1.3046, 0.244828, -3.49365 / -1.30533, 0.244587, -3.49438; 1, 1, 1, 0; 0.732435998753; 0, 1, 0; 1, 1, 0; 3, 3, 3 / 4, 1, 1 ;
0,14; -1.748930, 0.097818, -3.487175 / -1.748930, 0.097818, -3.487175 / -1.748930, 0.097818, -3.487175; 1, 1, 1, 0; 0.734357562914; 1, 0, 1; 0, 1, 0; 1, 1, 2 ;
0,14; 0.088456, 0.706229, -3.522298 / 0.088456, 0.706229, -3.522298 / 0.088456, 0.706229, -3.522298; 1, 1, 1, 0; 0.668902968557; 1, 0, 1; 1, 0, 0; 2, 1, 2 ;
1,16; -2.15229, 2.48059, 2.29938 / -2.15201, 2.48106, 2.29946 / -2.15257, 2.48013, 2.2993; 1, 37, 1, 0; 0.254379519585; 1, 0, 3; 3, 0, 0; 2, 1, 0 / 2, 5, 2 / 3, 1, 2 / 3, 9, 2 / 4, 4, 0 ;
0,16; -2.153811, 2.482779, 2.299504 / -2.153542, 2.483382, 2.299620 / -2.154079, 2.482176, 2.299389; 1, 37, 1, 0; 0.254379779815; 2, 1, 2; 3, 0, 0; 2, 1, 2 / 2, 9, 2 / 3, 5, 0 / 3, 6, 1 ;
0,16; -2.159483, 2.504261, 2.296969 / -2.159454, 2.504548, 2.297211 / -2.159512, 2.503973, 2.296727; 1, 37, 1, 0; 0.254360400326; 1, 0, 2; 2, 0, 0; 3, 1, 2 / 3, 3, 2 ;
0,16; -2.156888, 2.489989, 2.297863 / -2.156888, 2.489989, 2.297863 / -2.156888, 2.489989, 2.297863; 1, 37, 1, 0; 0.254355440646; 1, 0, 1; 1, 0, 0; 3, 1, 2 ;
0,16; -2.158407, 2.499976, 2.298443 / -2.158407, 2.499976, 2.298443 / -2.158407, 2.499976, 2.298443; 1, 37, 1, 0; 0.254358303177; 0, 1, 0; 1, 0, 0; 2, 1, 1 ;
0,16; -2.157041, 2.503187, 2.299202 / -2.157041, 2.503187, 2.299202 / -2.157041, 2.503187, 2.299202; 1, 37, 1, 0; 0.254360201326; 1, 0, 1; 1, 0, 0; 3, 1, 2 / 3, 4, 0 / 3, 7, 0 ;
0,16; -2.146775, 2.479973, 2.298623 / -2.146775, 2.479973, 2.298623 / -2.146775, 2.479973, 2.298623; 1, 37, 1, 0; 0.254377376513; 0, 1, 0; 1, 0, 0; 3, 1, 1 ;
0,16; -2.153822, 2.483412, 2.299504 / -2.153566, 2.483950, 2.299620 / -2.154079, 2.482874, 2.299389; 1, 37, 1, 0; 0.254379856353; 0, 1, 0; 3, 0, 0; 2, 4, 2 / 3, 1, 1 / 3, 7, 1 ;
0,16; -2.153729, 2.486005, 2.301691 / -2.153729, 2.486005, 2.301691 / -2.153729, 2.486005, 2.301691; 1, 37, 1, 0; 0.254380315583; 1, 0, 1; 1, 0, 0; 3, 1, 2 ;
1,17; -0.745074, 3.19744, 0.710028 / -0.744523, 3.19753, 0.710246 / -0.745626, 3.19736, 0.709809; 1, 25, 1, 0; 0.486162796280; 2, 1, 1; 1, 1, 0; 1, 1, 2 / 3, 7, 1 ;
0,17; -0.745856, 3.201715, 0.711345 / -0.745856, 3.201715, 0.711345 / -0.745856, 3.201715, 0.711345; 1, 25, 1, 0; 0.486163687797; 1, 0, 1; 0, 1, 0; 1, 1, 2 ;
0,17; -0.743022, 3.199074, 0.703681 / -0.743022, 3.199074, 0.703681 / -0.743022, 3.199074, 0.703681; 1, 25, 1, 0; 0.486162410527; 1, 0, 1; 1, 0, 0; 3, 1, 2 / 4, 6, 0 ;
0,17; -0.745041, 3.197137, 0.712259 / -0.745041, 3.197137, 0.712259 / -0.745041, 3.197137, 0.712259; 1, 25, 1, 0; 0.486163867815; 1, 0, 1; 1, 0, 0; 2, 1, 2 ;
0,17; -0.750890, 3.194735, 0.713554 / -0.750890, 3.194735, 0.713554 / -0.750890, 3.194735, 0.713554; 1, 25, 1, 0; 0.486164107839; 1, 0, 1; 1, 0, 0; 3, 1, 2 ;
1,20; -2.2279, 1.0099, -2.26599 / -2.2279, 1.0099, -2.26599 / -2.2279, 1.0099, -2.26599; 1, 6, 1, 0; 0.244793996477; 0, 1, 0; 1, 0, 0; 3, 1, 1 ;
0,20; -2.868403, -1.791618, -1.062027 / -2.868403, -1.791618, -1.062027 / -2.868403, -1.791618, -1.062027; 1, 9, 1, 0; 0.408898422935; 1, 0, 1; 0, 1, 0; 1, 1, 2 ;
1,26; 2.05903, -2.05487, -1.4505 / 2.05903, -2.05487, -1.4505 / 2.05903, -2.05487, -1.4505; 1, 8, 1, 0; 0.632726218857; 1, 0, 1; 1, 0, 0; 2, 1, 2 / 2, 2, 0 / 3, 3, 0 ;
0,26; 0.482869, -1.300363, -0.221561 / 0.482869, -1.300363, -0.221561 / 0.482869, -1.300363, -0.221561; 1, 16, 1, 0; 0.302712385078; 1, 0, 1; 1, 0, 0; 2, 1, 2 ;
1,27; 2.06378, 0.108332, -3.30978 / 2.0639, 0.108798, -3.3096 / 2.06366, 0.107865, -3.30997; 1, 3, 1, 0; 0.189207783782; 2, 1, 1; 1, 1, 0; 2, 1, 2 / 2, 8, 0 / 4, 4, 1 ;
0,27; 2.076768, 0.106769, -3.303746 / 2.076768, 0.106769, -3.303746 / 2.076768, 0.106769, -3.303746; 1, 3, 1, 0; 0.189201162973; 1, 0, 1; 1, 0, 0; 3, 1, 2 ;
0,27; 2.066249, 0.100591, -3.301631 / 2.066249, 0.100591, -3.301631 / 2.066249, 0.100591, -3.301631; 1, 3, 1, 0; 0.189201533706; 1, 0, 1; 1, 0, 0; 2, 1, 2 ;
0,27; 2.066515, 0.098094, -3.298439 / 2.066515, 0.098094, -3.298439 / 2.066515, 0.098094, -3.298439; 1, 3, 1, 0; 0.189202045479; 1, 0, 1; 1, 0, 0; 2, 1, 2 ;
0,27; 2.058256, 0.085983, -3.294379 / 2.058256, 0.085983, -3.294379 / 2.058256, 0.085983, -3.294379; 1, 3, 1, 0; 0.189210157279; 1, 0, 1; 1, 0, 0; 2, 1, 2 ;
0,27; 1.984859, 0.138700, -3.219800 / 1.984859, 0.138700, -3.219800 / 1.984859, 0.138700, -3.219800; 1, 3, 1, 0; 0.189451714036; 1, 0, 1; 1, 0, 0; 2, 1, 2 ;
1,28; 2.08513, -1.63527, -2.28639 / 2.08513, -1.63527, -2.28639 / 2.08513, -1.63527, -2.28639; 1, 3, 1, 0; 0.882903472399; 1, 0, 1; 1, 0, 0; 2, 1, 2 ;
0,28; 2.083852, -1.645996, -2.293669 / 2.083852, -1.645996, -2.293669 / 2.083852, -1.645996, -2.293669; 1, 3, 1, 0; 0.882904399231; 1, 0, 1; 1, 0, 0; 3, 1, 2 ;
1,36; 1.38062, 1.68639, -0.136503 / 1.38062, 1.68639, -0.136503 / 1.38062, 1.68639, -0.136503; 1, 13, 1, 0; 0.803722737809; 1, 0, 1; 1, 0, 0; 3, 1, 2 ;
0,36; -1.277167, 1.494456, 0.477632 / -1.277167, 1.494456, 0.477632 / -1.277167, 1.494456, 0.477632; 1, 17, 1, 0; 0.903897813915; 1, 0, 1; 0, 1, 0; 4, 1, 2 ;
0,36; -1.303433, 1.494760, 0.479309 / -1.303433, 1.494760, 0.479309 / -1.303433, 1.494760, 0.479309; 1, 17, 1, 0; 0.903892324989; 1, 0, 1; 1, 0, 0; 3, 1, 2 ;
1,38; 2.54366, 0.223555, 0.798386 / 2.54366, 0.223555, 0.798386 / 2.54366, 0.223555, 0.798386; 1, 20, 1, 0; 0.912352533676; 0, 1, 0; 1, 0, 0; 2, 1, 1 ;
1,40; 2.28239, 1.73627, 1.52094 / 2.28239, 1.73627, 1.52094 / 2.28239, 1.73627, 1.52094; 1, 26, 1, 0; 0.690431365994; 0, 1, 0; 0, 1, 0; 4, 1, 1 ;
1,42; 4.37225, 1.15284, 0.462941 / 4.37225, 1.15284, 0.462941 / 4.37225, 1.15284, 0.462941; 1, 19, 1, 0; 0.749745446499; 1, 0, 1; 1, 0, 0; 3, 1, 2 ;
0,42; 1.664061, -0.645497, 3.915443 / 1.664262, -0.645156, 3.915800 / 1.663861, -0.645838, 3.915086; 1, 46, 1, 0; 0.104310520481; 0, 2, 0; 1, 1, 0; 1, 3, 0 / 3, 1, 1 / 4, 2, 1 ;
0,42; 1.680305, -0.620796, 3.916814 / 1.680648, -0.620575, 3.916843 / 1.679962, -0.621017, 3.916786; 1, 46, 1, 0; 0.104315165718; 0, 1, 0; 1, 1, 0; 2, 4, 3 / 4, 1, 1 ;
0,42; 1.676010, -0.630396, 3.917197 / 1.676010, -0.630396, 3.917197 / 1.676010, -0.630396, 3.917197; 1, 46, 1, 0; 0.104313971229; 1, 0, 1; 0, 1, 0; 4, 1, 2 ;
0,42; 1.680978, -0.621215, 3.919493 / 1.680978, -0.621215, 3.919493 / 1.680978, -0.621215, 3.919493; 1, 46, 1, 0; 0.104315083557; 1, 0, 1; 0, 1, 0; 1, 1, 2 ;
0,42; 1.669882, -0.644034, 3.917002 / 1.669882, -0.644034, 3.917002 / 1.669882, -0.644034, 3.917002; 1, 46, 1, 0; 0.104310324560; 1, 0, 1; 1, 0, 0; 2, 1, 2 ;
1,43; 1.18602, -3.16102, -0.42427 / 1.18602, -3.16102, -0.42427 / 1.18602, -3.16102, -0.42427; 1, 9, 1, 0; 0.881942036602; 1, 0, 1; 1, 0, 0; 2, 1, 2 ;
1,44; -3.83992, -1.84396, -0.568674 / -3.83992, -1.84396, -0.568674 / -3.83992, -1.84396, -0.568674; 1, 10, 1, 0; 0.521137024253; 1, 0, 1; 0, 1, 0; 4, 1, 2 ;
1,48; -3.76863, -1.46675, -0.757995 / -3.76831, -1.46598, -0.757855 / -3.76896, -1.46753, -0.758135; 1, 10, 1, 0; 0.455809294560; 2, 1, 1; 1, 1, 0; 2, 1, 2 / 3, 1, 0 / 4, 1, 0 / 4, 7, 1 / 4, 8, 0 ;
0,48; -3.767204, -1.465698, -0.761527 / -3.767204, -1.465698, -0.761527 / -3.767204, -1.465698, -0.761527; 1, 10, 1, 0; 0.455799318955; 1, 0, 1; 1, 0, 0; 2, 4, 0 / 2, 5, 0 / 3, 1, 2 ;
1,50; 1.43109, 0.798996, 1.04507 / 1.43109, 0.798996, 1.04507 / 1.43109, 0.798996, 1.04507; 1, 23, 1, 0; 0.570614300346; 1, 0, 1; 1, 0, 0; 3, 1, 2 ;
1,51; -3.62202, 0.344771, -0.291541 / -3.62202, 0.344771, -0.291541 / -3.62202, 0.344771, -0.291541; 1, 14, 1, 0; 0.399997870358; 1, 0, 1; 1, 0, 0; 2, 1, 2 ;
1,53; -2.96265, 3.04564, 1.00738 / -2.96193, 3.04647, 1.00778 / -2.96337, 3.04481, 1.00697; 1, 24, 1, 0; 0.421844275561; 2, 2, 2; 3, 1, 0; 1, 4, 0 / 2, 4, 1 / 2, 6, 1 / 3, 6, 2 / 4, 1, 2 ;
1,54; -3.53606, -2.92942, 0.438069 / -3.53606, -2.92942, 0.438069 / -3.53606, -2.92942, 0.438069; 1, 18, 1, 0; 0.263394136962; 1, 0, 1; 1, 0, 0; 2, 1, 2 ;
1,55; 2.07216, -1.90337, -2.98455 / 2.07216, -1.90337, -2.98455 / 2.07216, -1.90337, -2.98455; 1, 3, 1, 0; 0.394085715898; 1, 0, 1; 0, 1, 0; 1, 1, 2 ;
0,55; 2.105373, -1.876641, -2.976855 / 2.105373, -1.876641, -2.976855 / 2.105373, -1.876641, -2.976855; 1, 3, 1, 0; 0.394761529999; 1, 0, 1; 1, 0, 0; 3, 1, 2 ;
0,55; 2.226211, -2.150545, -3.090699 / 2.226211, -2.150545, -3.090699 / 2.226211, -2.150545, -3.090699; 1, 3, 1, 0; 0.395232175599; 1, 0, 1; 1, 0, 0; 3, 1, 2 ;
0,55; -1.775781, 4.066834, -0.255460 / -1.775781, 4.066834, -0.255460 / -1.775781, 4.066834, -0.255460; 1, 17, 1, 0; 0.311601622546; 1, 0, 1; 1, 0, 0; 2, 1, 2 ;
1,58; -1.9801, -0.557541, -1.16922 / -1.9801, -0.557541, -1.16922 / -1.9801, -0.557541, -1.16922; 1, 10, 1, 0; 0.172674592000; 1, 0, 1; 1, 0, 0; 2, 1, 2 ;
1,64; -1.95135, -3.5057, -1.10854 / -1.95135, -3.5057, -1.10854 / -1.95135, -3.5057, -1.10854; 1, 9, 1, 0; 0.299263216459; 1, 0, 1; 1, 0, 0; 3, 1, 2 ;
0,64; -3.693997, 1.865241, 0.689017 / -3.693997, 1.865241, 0.689017 / -3.693997, 1.865241, 0.689017; 1, 24, 1, 0; 0.157219453472; 0, 1, 0; 1, 0, 0; 2, 1, 1 ;
1,65; 0.564812, 0.863404, -2.28606 / 0.564812, 0.863404, -2.28606 / 0.564812, 0.863404, -2.28606; 1, 4, 1, 0; 0.436790813880; 0, 1, 0; 1, 0, 0; 2, 1, 1 ;
1,66; -1.47556, -0.217352, -2.57157 / -1.47555, -0.21705, -2.57119 / -1.47556, -0.217654, -2.57195; 1, 2, 1, 0; 0.926781747087; 0, 1, 0; 1, 1, 0; 1, 1, 1 / 3, 4, 3 ;
1,67; -1.7124, 2.49426, -0.58465 / -1.7124, 2.49426, -0.58465 / -1.7124, 2.49426, -0.58465; 1, 14, 1, 0; 0.211967081639; 1, 0, 1; 0, 1, 0; 4, 1, 2 ;
0,67; -1.712514, 2.493259, -0.585968 / -1.712514, 2.493259, -0.585968 / -1.712514, 2.493259, -0.585968; 1, 14, 1, 0; 0.211967149345; 1, 0, 1; 1, 0, 0; 3, 1, 2 ;
1,72; 0.187634, 2.09636, -3.93319 / 0.187634, 2.09636, -3.93319 / 0.187634, 2.09636, -3.93319; 1, 2, 1, 0; 0.037836223100; 1, 0, 1; 0, 1, 0; 4, 1, 2 ;
1,75; -0.0860552, -1.4498, 1.64963 / -0.0860552, -1.4498, 1.64963 / -0.0860552, -1.4498, 1.64963; 1, 27, 1, 0; 0.901089643004; 0, 1, 0; 1, 0, 0; 2, 1, 1 / 3, 1, 0 / 3, 3, 0 ;
1,77; -0.540637, 3.34062, 1.37825 / -0.540637, 3.34062, 1.37825 / -0.540637, 3.34062, 1.37825; 1, 29, 1, 0; 0.155281930790; 1, 0, 1; 1, 0, 0; 3, 1, 2 ;
1,78; -3.94217, 0.642882, -0.915426 / -3.94217, 0.642882, -0.915426 / -3.94217, 0.642882, -0.915426; 1, 10, 1, 0; 0.296336898598; 1, 0, 1; 1, 0, 0; 2, 1, 2 ;
0,78; -0.306663, 1.561802, -0.493407 / -0.306663, 1.561802, -0.493407 / -0.306663, 1.561802, -0.493407; 1, 13, 1, 0; 0.431255553381; 0, 1, 0; 0, 1, 0; 1, 1, 1 ;
0,78; 0.370924, 1.725649, -0.417062 / 0.370924, 1.725649, -0.417062 / 0.370924, 1.725649, -0.417062; 1, 13, 1, 0; 0.437051768773; 1, 0, 1; 1, 0, 0; 3, 1, 2 ;
1,80; 2.80315, -1.77293, -2.3127 / 2.80315, -1.77293, -2.3127 / 2.80315, -1.77293, -2.3127; 1, 3, 1, 0; 0.877126996216; 1, 0, 1; 0, 1, 0; 2, 9, 0 / 3, 8, 0 / 4, 1, 2 ;
0,80; 2.803279, -1.775728, -2.312454 / 2.803286, -1.775354, -2.312201 / 2.803272, -1.776103, -2.312706; 1, 3, 1, 0; 0.877127036513; 1, 0, 2; 2, 0, 0; 2, 1, 2 / 3, 5, 2 ;
0,80; 2.803367, -1.754968, -2.307736 / 2.803367, -1.754968, -2.307736 / 2.803367, -1.754968, -2.307736; 1, 3, 1, 0; 0.877141615993; 1, 0, 1; 1, 0, 0; 3, 1, 2 ;
0,80; -0.671437, 1.817384, 0.466586 / -0.671437, 1.817384, 0.466586 / -0.671437, 1.817384, 0.466586; 1, 17, 1, 0; 0.960095982971; 1, 0, 1; 1, 0, 0; 2, 1, 2 ;
1,82; -1.02243, -3.78816, 0.723178 / -1.02238, -3.78762, 0.724231 / -1.02247, -3.78869, 0.722124; 1, 18, 1, 0; 0.761752160000; 0, 2, 0; 1, 1, 0; 1, 8, 1 / 2, 1, 1 ;
0,82; -1.017632, -3.788291, 0.721654 / -1.017632, -3.788291, 0.721654 / -1.017632, -3.788291, 0.721654; 1, 18, 1, 0; 0.761753136429; 1, 0, 1; 0, 1, 0; 1, 1, 2 ;
0,82; -1.036866, -3.779971, 0.725967 / -1.036866, -3.779971, 0.725967 / -1.036866, -3.779971, 0.725967; 1, 18, 1, 0; 0.761968536668; 1, 0, 1; 0, 1, 0; 4, 1, 2 ;
1,85; 1.76844, 1.59758, 2.62421 / 1.76844, 1.59758, 2.62421 / 1.76844, 1.59758, 2.62421; 1, 35, 1, 0; 0.203673220952; 1, 0, 1; 0, 1, 0; 1, 1, 2 ;
0,85; 1.764557, 1.337474, 2.573904 / 1.764557, 1.337474, 2.573904 / 1.764557, 1.337474, 2.573904; 1, 35, 1, 0; 0.189523590532; 1, 0, 1; 1, 0, 0; 3, 1, 2 / 3, 7, 0 ;
0,85; 1.757442, 1.597535, 2.614954 / 1.757442, 1.597535, 2.614954 / 1.757442, 1.597535, 2.614954; 1, 35, 1, 0; 0.203656204028; 1, 0, 1; 1, 0, 0; 2, 1, 2 ;
1,95; -2.50937, 2.14106, 0.253882 / -2.50937, 2.14106, 0.253882 / -2.50937, 2.14106, 0.253882; 1, 14, 1, 0; 0.707562550548; 1, 0, 1; 1, 0, 0; 3, 1, 2 ;
0,95; -0.808216, -2.445166, 0.335793 / -0.807570, -2.444817, 0.336016 / -0.808863, -2.445516, 0.335570; 1, 18, 1, 0; 0.391098175752; 2, 1, 2; 2, 1, 0; 1, 5, 2 / 2, 1, 2 / 2, 4, 1 ;
1,97; 2.38216, 0.537778, -0.158176 / 2.38216, 0.537778, -0.158176 / 2.38216, 0.537778, -0.158176; 1, 13, 1, 0; 0.972556697109; 1, 0, 1; 1, 0, 0; 3, 1, 2 ;
1,98; 2.69239, -3.19453, 1.68579 / 2.69239, -3.19453, 1.68579 / 2.69239, -3.19453, 1.68579; 1, 22, 1, 0; 0.776181097607; 0, 1, 0; 0, 1, 0; 4, 1, 1 ;
1,100; -0.563076, 0.541883, 1.08291 / -0.563076, 0.541883, 1.08291 / -0.563076, 0.541883, 1.08291; 1, 23, 1, 0; 0.549898839638; 1, 0, 1; 1, 0, 0; 3, 1, 2 ;
1,105; 3.262, -0.746505, 0.744116 / 3.262, -0.746505, 0.744116 / 3.262, -0.746505, 0.744116; 1, 27, 1, 0; 0.015735087739; 0, 1, 0; 1, 0, 0; 2, 1, 1 ;
0,105; 1.632262, 1.115076, 3.409415 / 1.632603, 1.115392, 3.409439 / 1.631921, 1.114760, 3.409391; 1, 45, 1, 0; 0.108344662318; 2, 2, 1; 2, 1, 0; 1, 1, 1 / 2, 1, 1 / 3, 5, 2 / 3, 9, 0 ;
0,105; 1.635635, 1.111976, 3.409888 / 1.635635, 1.111976, 3.409888 / 1.635635, 1.111976, 3.409888; 1, 45, 1, 0; 0.108313473691; 1, 0, 1; 1, 0, 0; 3, 1, 2 ;
1,107; -2.82399, -0.051382, -1.0436 / -2.82399, -0.051382, -1.0436 / -2.82399, -0.051382, -1.0436; 1, 10, 1, 0; 0.191573166327; 1, 0, 1; 1, 0, 0; 3, 1, 2 ;
1,114; 0.416908, 1.63478, -0.418114 / 0.416908, 1.63478, -0.418114 / 0.416908, 1.63478, -0.418114; 1, 13, 1, 0; 0.437778290697; 0, 1, 0; 1, 0, 0; 3, 1, 1 ;
0,114; 0.415124, 1.644402, -0.406185 / 0.415124, 1.644402, -0.406185 / 0.415124, 1.644402, -0.406185; 1, 13, 1, 0; 0.437788163374; 1, 0, 1; 1, 0, 0; 2, 1, 2 ;
0,114; 0.418117, 1.631918, -0.407737 / 0.418117, 1.631918, -0.407737 / 0.418117, 1.631918, -0.407737; 1, 13, 1, 0; 0.437789419002; 1, 0, 1; 1, 0, 0; 2, 1, 2 ;
0,114; 0.418703, 1.646671, -0.398446 / 0.418703, 1.646671, -0.398446 / 0.418703, 1.646671, -0.398446; 1, 13, 1, 0; 0.437799408624; 1, 0, 1; 1, 0, 0; 1, 2, 0 / 2, 1, 2 ;
1,117; -2.87981, -2.48438, 0.764462 / -2.87981, -2.48438, 0.764462 / -2.87981, -2.48438, 0.764462; 1, 18, 1, 0; 0.573803762878; 1, 0, 1; 1, 0, 0; 2, 1, 2 ;
1,119; 2.42068, -1.61042, -1.65395 / 2.42074, -1.61014, -1.65338 / 2.42063, -1.61071, -1.65451; 1, 8, 1, 0; 0.198539800835; 1, 0, 2; 2, 0, 0; 2, 6, 2 / 3, 1, 2 ;
0,119; 2.804885, 0.772989, 2.668382 / 2.804885, 0.772989, 2.668382 / 2.804885, 0.772989, 2.668382; 1, 35, 1, 0; 0.077281568906; 1, 0, 1; 1, 0, 0; 2, 1, 2 ;
1,120; 1.1682, -3.31029, 1.43588 / 1.1682, -3.31029, 1.43588 / 1.1682, -3.31029, 1.43588; 1, 22, 1, 0; 0.579451771235; 1, 0, 1; 1, 0, 0; 3, 1, 2 / 3, 4, 0 ;
1,121; -0.447492, 1.55894, 3.15265 / -0.447492, 1.55894, 3.15265 / -0.447492, 1.55894, 3.15265; 1, 42, 1, 0; 0.727616043526; 0, 1, 0; 1, 0, 0; 2, 1, 1 ;
1,123; 1.65184, 0.396418, 0.453046 / 1.65184, 0.396418, 0.453046 / 1.65184, 0.396418, 0.453046; 1, 19, 1, 0; 0.655375047365; 1, 0, 1; 0, 1, 0; 1, 1, 2 ;
1,125; -3.48249, -1.64686, -0.448087 / -3.48208, -1.64682, -0.447994 / -3.48289, -1.6469, -0.448179; 1, 10, 1, 0; 0.524070657557; 2, 1, 1; 1, 1, 0; 2, 5, 1 / 4, 1, 2 ;
0,125; -3.688742, -2.018062, -0.135790 / -3.688742, -2.018062, -0.135790 / -3.688742, -2.018062, -0.135790; 1, 10, 1, 0; 0.890231725990; 0, 1, 0; 0, 1, 0; 1, 1, 1 ;
0,125; -3.482233, -1.647389, -0.462230 / -3.482233, -1.647389, -0.462230 / -3.482233, -1.647389, -0.462230; 1, 10, 1, 0; 0.524060990142; 1, 0, 1; 1, 0, 0; 3, 1, 2 ;
0,125; -3.484772, -1.651907, -0.461230 / -3.484772, -1.651907, -0.461230 / -3.484772, -1.651907, -0.461230; 1, 10, 1, 0; 0.524061720065; 1, 0, 1; 1, 0, 0; 3, 1, 2 ;
0,125; -3.484378, -1.645989, -0.450419 / -3.484378, -1.645989, -0.450419 / -3.484378, -1.645989, -0.450419; 1, 10, 1, 0; 0.524070744067; 0, 1, 0; 1, 0, 0; 2, 1, 1 ;
0,125; -3.485010, -1.651812, -0.448239 / -3.485010, -1.651812, -0.448239 / -3.485010, -1.651812, -0.448239; 1, 10, 1, 0; 0.524071425327; 1, 0, 1; 1, 0, 0; 2, 1, 2 ;
1,127; -0.829047, -3.53396, -1.30902 / -0.829047, -3.53396, -1.30902 / -0.829047, -3.53396, -1.30902; 1, 8, 1, 0; 0.469909171890; 1, 0, 1; 0, 1, 0; 1, 1, 2 ;
1,131; -0.357728, -1.45463, 4.19526 / -0.357696, -1.45414, 4.1953 / -0.35776, -1.45513, 4.19522; 1, 46, 1, 0; 0.816975773985; 1, 0, 2; 1, 1, 0; 3, 2, 2 / 4, 1, 2 ;
1,132; -1.05665, -0.431284, 1.6818 / -1.05665, -0.431284, 1.6818 / -1.05665, -0.431284, 1.6818; 1, 30, 1, 0; 0.219129192140; 1, 0, 1; 1, 0, 0; 3, 1, 2 ;
1,135; 1.95653, -2.07615, -1.63546 / 1.95653, -2.07615, -1.63546 / 1.95653, -2.07615, -1.63546; 1, 8, 1, 0; 0.242250984627; 1, 0, 1; 1, 0, 0; 2, 1, 2 ;
0,135; 1.948792, -2.079118, -1.632873 / 1.948792, -2.079118, -1.632873 / 1.948792, -2.079118, -1.632873; 1, 8, 1, 0; 0.242252528941; 1, 0, 1; 1, 0, 0; 2, 1, 2 ;
1,139; -0.666663, 2.12043, -1.70407 / -0.666663, 2.12043, -1.70407 / -0.666663, 2.12043, -1.70407; 1, 7, 1, 0; 0.042326712219; 1, 0, 1; 1, 0, 0; 2, 1, 2 ;
0,139; -0.653103, 2.141372, -1.665209 / -0.653103, 2.141372, -1.665209 / -0.653103, 2.141372, -1.665209; 1, 7, 1, 0; 0.043330393002; 1, 0, 1; 1, 0, 0; 3, 1, 2 ;
0,139; -0.407135, 3.170149, 0.709690 / -0.407135, 3.170149, 0.709690 / -0.407135, 3.170149, 0.709690; 1, 25, 1, 0; 0.482489820411; 1, 0, 1; 1, 0, 0; 1, 4, 0 / 1, 5, 0 / 3, 1, 2 / 4, 1, 0 / 4, 8, 0 / 4, 10, 0 ;
0,139; -0.364519, 3.355484, 1.135554 / -0.364519, 3.355484, 1.135554 / -0.364519, 3.355484, 1.135554; 1, 26, 1, 0; 0.441924521024; 1, 0, 1; 0, 1, 0; 1, 1, 2 ;
0,139; -0.254934, 3.860719, 2.370216 / -0.254934, 3.860719, 2.370216 / -0.254934, 3.860719, 2.370216; 1, 38, 1, 0; 0.216738275868; 1, 0, 1; 1, 0, 0; 2, 1, 2 / 4, 6, 0 ;
1,140; -3.19431, -1.16839, 1.63389 / -3.19431, -1.16839, 1.63389 / -3.19431, -1.16839, 1.63389; 1, 24, 1, 0; 0.712393145719; 1, 0, 1; 0, 1, 0; 1, 3, 0 / 1, 7, 0 / 2, 3, 0 / 4, 1, 2 ;
0,140; -3.127313, -1.113121, 1.776662 / -3.127313, -1.113121, 1.776662 / -3.127313, -1.113121, 1.776662; 1, 24, 1, 0; 0.714024148720; 1, 0, 1; 0, 1, 0; 4, 1, 2 ;
0,140; -3.192504, -1.169977, 1.634799 / -3.192504, -1.169977, 1.634799 / -3.192504, -1.169977, 1.634799; 1, 24, 1, 0; 0.712393249177; 1, 0, 1; 1, 0, 0; 3, 1, 2 / 4, 3, 0 ;
0,140; -3.127284, -1.111325, 1.783319 / -3.127284, -1.111325, 1.783319 / -3.127284, -1.111325, 1.783319; 1, 24, 1, 0; 0.714037679630; 1, 0, 1; 1, 0, 0; 3, 1, 2 ;
0,140; -2.582345, -0.704319, 2.948506 / -2.582345, -0.704319, 2.948506 / -2.582345, -0.704319, 2.948506; 1, 36, 1, 0; 0.827828905841; 1, 0, 1; 1, 0, 0; 2, 1, 2 ;
1,144; 0.533621, -3.35736, -1.42783 / 0.533621, -3.35736, -1.42783 / 0.533621, -3.35736, -1.42783; 1, 8, 1, 0; 0.512503229251; 0, 0, 0; 0, 1, 0; 1, 1, 3 ;
0,144; 0.677211, -3.525417, 0.223765 / 0.677211, -3.525417, 0.223765 / 0.677211, -3.525417, 0.223765; 1, 15, 1, 0; 0.878955748253; 0, 0, 0; 1, 0, 0; 1, 5, 0 / 2, 1, 3 / 2, 5, 0 / 3, 1, 0 / 4, 1, 0 / 4, 7, 0 ;
1,145; 2.8484, -1.07244, -2.76937 / 2.8484, -1.07244, -2.76937 / 2.8484, -1.07244, -2.76937; 1, 3, 1, 0; 0.617209037021; 0, 1, 0; 0, 1, 0; 1, 1, 1 ;
0,145; 2.847675, -1.068470, -2.772910 / 2.848256, -1.068010, -2.772842 / 2.847095, -1.068929, -2.772978; 1, 3, 1, 0; 0.617209165972; 1, 0, 2; 2, 0, 0; 2, 1, 2 / 3, 9, 2 / 4, 10, 0 ;
0,145; 2.965654, -1.226732, -3.312300 / 2.965654, -1.226732, -3.312300 / 2.965654, -1.226732, -3.312300; 1, 3, 1, 0; 0.155946082520; 1, 0, 1; 1, 0, 0; 2, 1, 2 ;
0,145; 2.967898, -1.230284, -3.308415 / 2.967898, -1.230284, -3.308415 / 2.967898, -1.230284, -3.308415; 1, 3, 1, 0; 0.155953078092; 1, 0, 1; 1, 0, 0; 2, 1, 2 ;
0,145; 2.870239, -1.059962, -2.757124 / 2.870239, -1.059962, -2.757124 / 2.870239, -1.059962, -2.757124; 1, 3, 1, 0; 0.617192519252; 1, 0, 1; 1, 0, 0; 2, 1, 2 ;
0,145; 2.046472, -0.223399, 0.726573 / 2.046472, -0.223399, 0.726573 / 2.046472, -0.223399, 0.726573; 1, 20, 1, 0; 0.959178468022; 1, 0, 1; 1, 0, 0; 2, 1, 2 ;
1,146; 2.47924, 0.186466, -0.524429 / 2.47924, 0.186466, -0.524429 / 2.47924, 0.186466, -0.524429; 1, 12, 1, 0; 0.837590038130; 1, 0, 1; 1, 0, 0; 3, 1, 2 ;
1,148; -3.00776, -3.06511, 1.57968 / -3.00776, -3.06511, 1.57968 / -3.00776, -3.06511, 1.57968; 1, 32, 1, 0; 0.071027442531; 0, 1, 0; 1, 0, 0; 2, 1, 1 ;
1,149; 0.409729, -0.208597, 0.451019 / 0.409729, -0.208597, 0.451019 / 0.409729, -0.208597, 0.451019; 1, 23, 1, 0; 0.080411661856; 1, 0, 1; 1, 0, 0; 2, 1, 2 ;
1,162; -1.06878, -1.36618, -2.70885 / -1.06878, -1.36618, -2.70885 / -1.06878, -1.36618, -2.70885; 1, 5, 1, 0; 0.353453789988; 1, 0, 1; 0, 1, 0; 4, 1, 2 ;
0,162; -1.067593, -1.366225, -2.706347 / -1.067593, -1.366225, -2.706347 / -1.067593, -1.366225, -2.706347; 1, 5, 1, 0; 0.353453858602; 0, 1, 0; 0, 1, 0; 1, 1, 1 ;
0,162; -2.138672, -1.849143, 0.366315 / -2.138672, -1.849143, 0.366315 / -2.138672, -1.849143, 0.366315; 1, 21, 1, 0; 0.210334529485; 1, 0, 1; 1, 0, 0; 3, 1, 2 / 4, 2, 0 ;
1,163; 0.755467, 0.428827, 2.39698 / 0.755588, 0.428918, 2.39723 / 0.755345, 0.428737, 2.39673; 1, 31, 1, 0; 0.868449219421; 2, 1, 2; 3, 0, 0; 3, 1, 1 / 3, 2, 2 / 3, 3, 2 ;
0,163; 0.755749, 0.413462, 2.570711 / 0.755749, 0.413462, 2.570711 / 0.755749, 0.413462, 2.570711; 1, 38, 1, 0; 0.965635420685; 1, 0, 1; 1, 0, 0; 2, 1, 2 ;
1,170; -0.518113, 4.28396, 0.486946 / -0.518113, 4.28396, 0.486946 / -0.518113, 4.28396, 0.486946; 1, 25, 1, 0; 0.285791024817; 1, 0, 1; 1, 0, 0; 3, 1, 2 ;
1,171; 1.01658, 0.169296, 0.945631 / 1.01658, 0.169296, 0.945631 / 1.01658, 0.169296, 0.945631; 1, 23, 1, 0; 0.492346589339; 1, 0, 1; 0, 1, 0; 4, 1, 2 ;
0,171; 0.077476, 3.606359, 0.878261 / 0.077476, 3.606359, 0.878261 / 0.077476, 3.606359, 0.878261; 1, 25, 1, 0; 0.456854879774; 1, 0, 1; 1, 0, 0; 3, 1, 2 ;
1,173; -1.46037, 0.25072, -2.03854 / -1.46037, 0.25072, -2.03854 / -1.46037, 0.25072, -2.03854; 1, 6, 1, 0; 0.358781455811; 1, 0, 1; 1, 0, 0; 2, 1, 2 / 4, 9, 0 ;
1,174; 1.05647, -0.0348705, 1.44791 / 1.05661, -0.0345519, 1.44828 / 1.05633, -0.035189, 1.44754; 1, 23, 1, 0; 0.774017793405; 2, 2, 1; 1, 2, 1; 1, 1, 1 / 2, 1, 2 / 4, 6, 1 ;
1,187; -2.33923, -3.7729, 0.387537 / -2.33904, -3.77284, 0.387774 / -2.33943, -3.77296, 0.387299; 1, 18, 1, 0; 0.170319403876; 2, 1, 1; 2, 0, 0; 1, 5, 0 / 2, 5, 1 / 3, 1, 2 ;
1,188; -1.53054, 3.40597, -2.35866 / -1.53054, 3.40597, -2.35866 / -1.53054, 3.40597, -2.35866; 1, 6, 1, 0; 0.123005927263; 1, 0, 1; 1, 0, 0; 2, 1, 2 / 4, 5, 0 ;
1,189; -1.43012, -2.28762, 1.2585 / -1.43012, -2.28762, 1.2585 / -1.43012, -2.28762, 1.2585; 1, 21, 1, 0; 0.916814926863; 1, 0, 1; 0, 1, 0; 3, 1, 0 / 4, 1, 2 ;
1,192; -1.96007, 2.08132, 2.29867 / -1.96007, 2.08132, 2.29867 / -1.96007, 2.08132, 2.29867; 1, 37, 1, 0; 0.184936442624; 0, 1, 0; 1, 0, 0; 3, 1, 1 ;
0,192; -1.590250, 2.716659, 3.252993 / -1.590250, 2.716659, 3.252993 / -1.590250, 2.716659, 3.252993; 1, 43, 1, 0; 0.222805775776; 1, 0, 1; 0, 1, 0; 1, 1, 2 ;
0,192; -1.587627, 2.719863, 3.251765 / -1.587627, 2.719863, 3.251765 / -1.587627, 2.719863, 3.251765; 1, 43, 1, 0; 0.222803319348; 1, 0, 1; 1, 0, 0; 1, 4, 0 / 2, 1, 2 ;
1,193; 2.65907, -0.527524, -0.208412 / 2.65907, -0.527524, -0.208412 / 2.65907, -0.527524, -0.208412; 1, 16, 1, 0; 0.433784188687; 1, 0, 1; 0, 1, 0; 4, 1, 2 ;
1,195; 4.1159, 1.78413, 1.11851 / 4.1159, 1.78413, 1.11851 / 4.1159, 1.78413, 1.11851; 1, 27, 1, 0; 0.037477107644; 1, 0, 1; 1, 0, 0; 2, 1, 2 ;
1,196; -0.799712, 1.8453, -0.758973 / -0.799712, 1.8453, -0.758973 / -0.799712, 1.8453, -0.758973; 1, 7, 1, 0; 0.943376226374; 1, 0, 1; 1, 0, 0; 3, 1, 2 ;
0,196; 1.259958, 3.263127, 1.927500 / 1.260101, 3.263576, 1.927706 / 1.259815, 3.262678, 1.927294; 1, 28, 1, 0; 0.449536305472; 1, 0, 1; 1, 1, 0; 1, 7, 2 / 3, 1, 3 ;
