1,5; 0.72881, -2.8344, -1.03116 / 0.72881, -2.8344, -1.03116 / 0.72881, -2.8344, -1.03116; 1, 8, 1, 0; 0.875491413721; 1, 0, 1; 1, 0, 0; 3, 1, 2 ;
0,5; -3.037851, 0.144786, 0.508480 / -3.037851, 0.144786, 0.508480 / -3.037851, 0.144786, 0.508480; 1, 17, 1, 0; 0.717093965948; 1, 0, 1; 1, 0, 0; 2, 1, 2 ;
1,10; 1.80764, 0.914793, -0.186841 / 1.80764, 0.914793, -0.186841 / 1.80764, 0.914793, -0.186841; 1, 13, 1, 0; 0.934547444860; 1, 0, 1; 1, 0, 0; 3, 1, 2 ;
1,17; 1.69376, 0.877065, 2.58113 / 1.69376, 0.877065, 2.58113 / 1.69376, 0.877065, 2.58113; 1, 35, 1, 0; 0.101428970766; 1, 0, 1; 1, 0, 0; 2, 1, 2 ;
0,17; 1.688664, 0.880213, 2.582599 / 1.688664, 0.880213, 2.582599 / 1.688664, 0.880213, 2.582599; 1, 35, 1, 0; 0.101451011612; 1, 0, 1; 1, 0, 0; 2, 1, 2 ;
1,24; -1.73244, 0.976538, -0.884361 / -1.73202, 0.976743, -0.884334 / -1.73287, 0.976334, -0.884389; 1, 14, 1, 0; 0.068692424259; 2, 1, 1; 2, 0, 0; 3, 1, 1 / 3, 3, 2 ;
1,27; -2.75553, -0.17726, -1.35709 / -2.75553, -0.17726, -1.35709 / -2.75553, -0.17726, -1.35709; 1, 6, 1, 0; 0.987812935882; 1, 0, 1; 0, 1, 0; 4, 1, 2 ;
0,27; -1.879926, 1.223397, 1.776638 / -1.879926, 1.223397, 1.776638 / -1.879926, 1.223397, 1.776638; 1, 24, 1, 0; 0.899650753253; 1, 0, 1; 0, 1, 0; 1, 1, 2 ;
0,27; -1.882037, 1.220399, 1.776657 / -1.882037, 1.220399, 1.776657 / -1.882037, 1.220399, 1.776657; 1, 24, 1, 0; 0.899649866464; 1, 0, 1; 1, 0, 0; 2, 1, 2 ;
0,27; -1.334923, 2.107929, 3.789995 / -1.334923, 2.107929, 3.789995 / -1.334923, 2.107929, 3.789995; 1, 46, 1, 0; 0.462580786037; 1, 0, 1; 0, 1, 0; 1, 1, 2 ;
1,29; -2.16271, -0.247423, -3.83778 / -2.16271, -0.247423, -3.83778 / -2.16271, -0.247423, -3.83778; 1, 1, 1, 0; 0.476701362850; 1, 0, 1; 1, 0, 0; 2, 1, 2 ;
0,29; -0.517318, 2.256702, -3.872187 / -0.517318, 2.256702, -3.872187 / -0.517318, 2.256702, -3.872187; 1, 2, 1, 0; 0.021228336640; 1, 0, 1; 1, 0, 0; 2, 1, 2 ;
1,30; -1.4372, 2.37175, 2.8537 / -1.4372, 2.37175, 2.8537 / -1.4372, 2.37175, 2.8537; 1, 39, 1, 0; 0.949700660066; 1, 0, 1; 1, 0, 0; 2, 1, 2 ;
1,35; -3.25814, -0.532406, -2.37244 / -3.25808, -0.53191, -2.37145 / -3.2582, -0.532901, -2.37343; 1, 5, 1, 0; 0.417266185781; 2, 1, 1; 2, 0, 0; 2, 1, 2 / 2, 9, 1 ;
0,35; -3.258130, -0.529539, -2.369808 / -3.258130, -0.529539, -2.369808 / -3.258130, -0.529539, -2.369808; 1, 5, 1, 0; 0.417265627068; 1, 0, 1; 1, 0, 0; 2, 1, 2 ;
0,35; -3.255012, -0.535029, -2.368297 / -3.255012, -0.535029, -2.368297 / -3.255012, -0.535029, -2.368297; 1, 5, 1, 0; 0.417266332811; 1, 0, 1; 1, 0, 0; 3, 1, 2 ;
1,39; -0.908251, -3.71057, -0.209703 / -0.908251, -3.71057, -0.209703 / -0.908251, -3.71057, -0.209703; 1, 15, 1, 0; 0.287390268045; 1, 0, 1; 1, 0, 0; 2, 1, 2 ;
1,41; -0.741031, -2.762, -0.481789 / -0.741031, -2.762, -0.481789 / -0.741031, -2.762, -0.481789; 1, 9, 1, 0; 0.970743698878; 1, 0, 1; 1, 0, 0; 3, 1, 2 ;
1,45; -2.59269, -1.11246, 2.30622 / -2.59269, -1.11246, 2.30622 / -2.59269, -1.11246, 2.30622; 1, 36, 1, 0; 0.119191586606; 1, 0, 1; 1, 0, 0; 3, 1, 2 ;
1,52; -1.07335, -3.92423, 0.393552 / -1.07335, -3.92423, 0.393552 / -1.07335, -3.92423, 0.393552; 1, 18, 1, 0; 0.158871010939; 1, 0, 1; 1, 0, 0; 2, 1, 2 / 3, 5, 0 ;
1,58; 1.6688, 3.16217, 0.667101 / 1.6688, 3.16217, 0.667101 / 1.6688, 3.16217, 0.667101; 1, 20, 1, 0; 0.623651145570; 0, 1, 0; 1, 0, 0; 3, 1, 1 ;
0,58; -0.208819, 2.432025, 2.380440 / -0.208814, 2.432216, 2.380562 / -0.208824, 2.431835, 2.380319; 1, 31, 1, 0; 0.400024080512; 2, 1, 1; 1, 1, 0; 3, 2, 2 / 4, 1, 1 ;
1,59; 3.45838, 1.15793, -0.148378 / 3.45838, 1.15793, -0.148378 / 3.45838, 1.15793, -0.148378; 1, 13, 1, 0; 0.873153150824; 1, 0, 1; 1, 0, 0; 2, 1, 2 ;
1,63; 2.94675, 1.55938, 1.3025 / 2.94675, 1.55938, 1.3025 / 2.94675, 1.55938, 1.3025; 1, 26, 1, 0; 0.695349440658; 1, 0, 1; 1, 0, 0; 2, 1, 2 ;
1,65; -0.0272249, -2.18176, -1.32979 / -0.0272249, -2.18176, -1.32979 / -0.0272249, -2.18176, -1.32979; 1, 8, 1, 0; 0.592156351985; 1, 0, 1; 0, 1, 0; 1, 1, 2 ;
0,65; -0.018324, -2.198929, -1.352042 / -0.018324, -2.198929, -1.352042 / -0.018324, -2.198929, -1.352042; 1, 8, 1, 0; 0.592144503728; 1, 0, 1; 1, 0, 0; 3, 1, 2 ;
0,65; -0.024028, -2.190121, -1.346312 / -0.024028, -2.190121, -1.346312 / -0.024028, -2.190121, -1.346312; 1, 8, 1, 0; 0.592145603157; 1, 0, 1; 1, 0, 0; 3, 1, 2 ;
1,67; 1.10932, -0.59039, -1.47486 / 1.10932, -0.59039, -1.47486 / 1.10932, -0.59039, -1.47486; 1, 11, 1, 0; 0.473840799128; 1, 0, 1; 1, 0, 0; 3, 1, 2 ;
1,69; -0.504908, 1.28597, 2.22126 / -0.504908, 1.28597, 2.22126 / -0.504908, 1.28597, 2.22126; 1, 31, 1, 0; 0.669685961921; 0, 1, 0; 1, 0, 0; 3, 1, 1 ;
1,71; 1.95091, 1.33859, -3.88974 / 1.95091, 1.33859, -3.88974 / 1.95091, 1.33859, -3.88974; 1, 1, 1, 0; 0.603434103358; 1, 0, 1; 1, 0, 0; 3, 1, 2 / 3, 7, 0 ;
0,71; 2.023209, 1.339214, -3.927049 / 2.023209, 1.339214, -3.927049 / 2.023209, 1.339214, -3.927049; 1, 1, 1, 0; 0.603522374529; 1, 0, 1; 1, 0, 0; 3, 1, 2 ;
0,71; 1.997675, 1.334810, -3.919814 / 1.997675, 1.334810, -3.919814 / 1.997675, 1.334810, -3.919814; 1, 1, 1, 0; 0.603537713311; 1, 0, 1; 1, 0, 0; 3, 1, 2 / 4, 2, 0 ;
0,71; 1.995490, 1.333707, -3.921435 / 1.995490, 1.333707, -3.921435 / 1.995490, 1.333707, -3.921435; 1, 1, 1, 0; 0.603537756820; 1, 0, 1; 1, 0, 0; 2, 1, 2 ;
0,71; -2.827189, 1.630827, -1.383800 / -2.827189, 1.630827, -1.383800 / -2.827189, 1.630827, -1.383800; 1, 7, 1, 0; 0.448434097206; 1, 0, 1; 1, 0, 0; 3, 1, 2 ;
1,79; -2.43429, 3.19916, 0.518225 / -2.43429, 3.19916, 0.518225 / -2.43429, 3.19916, 0.518225; 1, 25, 1, 0; 0.143143140028; 1, 0, 1; 0, 1, 0; 3, 10, 0 / 4, 1, 2 ;
1,83; 2.48811, -0.201674, -0.754665 / 2.48811, -0.201674, -0.754665 / 2.48811, -0.201674, -0.754665; 1, 12, 1, 0; 0.461473888027; 1, 0, 1; 0, 1, 0; 4, 1, 2 ;
0,83; 2.249264, 0.355222, -0.859677 / 2.249264, 0.355222, -0.859677 / 2.249264, 0.355222, -0.859677; 1, 12, 1, 0; 0.401263812408; 1, 0, 1; 1, 0, 0; 2, 1, 2 / 4, 2, 0 ;
0,83; 2.485622, -0.198032, -0.745557 / 2.485622, -0.198032, -0.745557 / 2.485622, -0.198032, -0.745557; 1, 12, 1, 0; 0.461482281897; 1, 0, 1; 1, 0, 0; 2, 1, 2 ;
1,87; -0.0512678, 4.60015, 0.128276 / -0.0512678, 4.60015, 0.128276 / -0.0512678, 4.60015, 0.128276; 1, 17, 1, 0; 0.374272372081; 1, 0, 1; 1, 0, 0; 2, 1, 2 ;
1,101; -0.897767, 3.80275, 1.73078 / -0.896589, 3.80289, 1.73099 / -0.898946, 3.80261, 1.73057; 1, 29, 1, 0; 0.512895211599; 2, 1, 1; 0, 2, 0; 1, 1, 2 / 1, 9, 1 ;
0,101; -0.898955, 3.801269, 1.733770 / -0.898955, 3.801269, 1.733770 / -0.898955, 3.801269, 1.733770; 1, 29, 1, 0; 0.512896468218; 0, 1, 0; 0, 1, 0; 4, 1, 1 ;
1,102; -1.22546, 2.58315, 0.482613 / -1.22546, 2.58315, 0.482613 / -1.22546, 2.58315, 0.482613; 1, 25, 1, 0; 0.073190004715; 1, 0, 1; 1, 0, 0; 2, 1, 2 ;
1,108; -0.191094, -0.477184, -0.103124 / -0.191094, -0.477184, -0.103124 / -0.191094, -0.477184, -0.103124; 1, 16, 1, 0; 0.408628923160; 0, 0, 0; 1, 0, 0; 3, 1, 3 ;
1,110; 1.24896, -4.22167, 0.809229 / 1.24896, -4.22167, 0.809229 / 1.24896, -4.22167, 0.809229; 1, 18, 1, 0; 0.787367812436; 1, 0, 1; 1, 0, 0; 3, 1, 2 ;
1,113; -1.80168, -3.19602, 2.28169 / -1.80168, -3.19602, 2.28169 / -1.80168, -3.19602, 2.28169; 1, 32, 1, 0; 0.819640653985; 1, 0, 1; 1, 0, 0; 2, 1, 2 ;
1,117; 0.609574, 1.36639, -0.412164 / 0.609613, 1.36719, -0.411471 / 0.609535, 1.3656, -0.412856; 1, 13, 1, 0; 0.414536882819; 1, 0, 2; 1, 1, 0; 1, 6, 2 / 2, 1, 2 ;
0,117; 0.607997, 1.379395, -0.403054 / 0.607997, 1.379395, -0.403054 / 0.607997, 1.379395, -0.403054; 1, 13, 1, 0; 0.414545875326; 1, 0, 1; 0, 1, 0; 4, 1, 2 ;
0,117; 0.616120, 1.374867, -0.395772 / 0.616120, 1.374867, -0.395772 / 0.616120, 1.374867, -0.395772; 1, 13, 1, 0; 0.414547247899; 1, 0, 1; 0, 1, 0; 4, 1, 2 ;
0,117; 0.610893, 1.362923, -0.413053 / 0.610893, 1.362923, -0.413053 / 0.610893, 1.362923, -0.413053; 1, 13, 1, 0; 0.414537559873; 0, 1, 0; 1, 0, 0; 3, 1, 1 ;
0,117; 0.607004, 1.364007, -0.410978 / 0.607004, 1.364007, -0.410978 / 0.607004, 1.364007, -0.410978; 1, 13, 1, 0; 0.414537682974; 1, 0, 1; 1, 0, 0; 3, 1, 2 ;
1,120; -1.69358, -1.86943, 3.24007 / -1.6933, -1.86937, 3.24048 / -1.69386, -1.86949, 3.23967; 1, 40, 1, 0; 0.686419110482; 1, 0, 2; 0, 2, 0; 1, 1, 2 / 1, 2, 2 ;
0,120; -1.691099, -1.869535, 3.241549 / -1.691099, -1.869535, 3.241549 / -1.691099, -1.869535, 3.241549; 1, 40, 1, 0; 0.686419393368; 1, 0, 1; 0, 1, 0; 4, 1, 2 ;
0,120; -1.680283, -1.883200, 3.239005 / -1.680283, -1.883200, 3.239005 / -1.680283, -1.883200, 3.239005; 1, 40, 1, 0; 0.686393886532; 1, 0, 1; 1, 0, 0; 3, 1, 2 ;
0,120; -1.697119, -1.866756, 3.236049 / -1.697119, -1.866756, 3.236049 / -1.697119, -1.866756, 3.236049; 1, 40, 1, 0; 0.686416910262; 1, 0, 1; 1, 0, 0; 2, 1, 2 ;
1,125; 0.508854, 3.65046, 1.93811 / 0.508854, 3.65046, 1.93811 / 0.508854, 3.65046, 1.93811; 1, 31, 1, 0; 0.240871668275; 0, 1, 0; 0, 1, 0; 4, 1, 1 ;
0,125; 0.508417, 3.648074, 1.936745 / 0.508417, 3.648074, 1.936745 / 0.508417, 3.648074, 1.936745; 1, 31, 1, 0; 0.240871547101; 1, 0, 1; 1, 0, 0; 2, 1, 2 / 2, 2, 0 ;
1,132; -0.552745, 2.83657, 1.66109 / -0.551962, 2.83665, 1.66143 / -0.553527, 2.8365, 1.66074; 1, 29, 1, 0; 0.426986296032; 1, 0, 1; 1, 1, 0; 1, 1, 2 / 2, 6, 3 ;
1,133; -3.28458, 0.915043, 0.529433 / -3.28435, 0.915478, 0.529433 / -3.28481, 0.914607, 0.529432; 1, 17, 1, 0; 0.822226983476; 1, 0, 2; 2, 0, 0; 2, 1, 2 / 3, 5, 2 ;
0,133; -3.284649, 0.911050, 0.532168 / -3.284432, 0.911273, 0.532372 / -3.284865, 0.910826, 0.531963; 1, 17, 1, 0; 0.822238916833; 1, 0, 2; 2, 0, 0; 3, 1, 2 / 3, 3, 2 / 4, 2, 0 / 4, 10, 0 ;
0,133; -3.283789, 0.905443, 0.528231 / -3.283789, 0.905443, 0.528231 / -3.283789, 0.905443, 0.528231; 1, 17, 1, 0; 0.822225714118; 1, 0, 1; 1, 0, 0; 2, 1, 2 ;
0,133; -2.170952, 0.440853, 0.822791 / -2.170952, 0.440853, 0.822791 / -2.170952, 0.440853, 0.822791; 1, 23, 1, 0; 0.184224222915; 0, 1, 0; 0, 1, 0; 1, 1, 1 ;
1,134; 2.66977, -1.29609, 2.8694 / 2.66977, -1.29609, 2.8694 / 2.66977, -1.29609, 2.8694; 1, 35, 1, 0; 0.429216564514; 1, 0, 1; 0, 1, 0; 4, 1, 2 ;
0,134; 2.928987, -1.373412, 2.787898 / 2.928987, -1.373412, 2.787898 / 2.928987, -1.373412, 2.787898; 1, 35, 1, 0; 0.431903203201; 1, 0, 1; 1, 0, 0; 3, 1, 2 ;
1,135; -1.57718, 2.30523, 1.77925 / -1.57718, 2.30523, 1.77925 / -1.57718, 2.30523, 1.77925; 1, 29, 1, 0; 0.350307404117; 1, 0, 1; 1, 0, 0; 2, 1, 2 ;
1,137; 0.71891, -0.522462, 0.207413 / 0.71891, -0.522462, 0.207413 / 0.71891, -0.522462, 0.207413; 1, 16, 1, 0; 0.760434052334; 1, 0, 1; 1, 0, 0; 2, 1, 2 ;
1,140; -1.27208, 1.9812, -3.48505 / -1.27208, 1.9812, -3.48505 / -1.27208, 1.9812, -3.48505; 1, 2, 1, 0; 0.091902230492; 1, 0, 1; 1, 0, 0; 3, 1, 2 ;
0,140; -3.001559, -2.539680, -1.041083 / -3.001559, -2.539680, -1.041083 / -3.001559, -2.539680, -1.041083; 1, 9, 1, 0; 0.356877306014; 1, 0, 1; 0, 1, 0; 1, 1, 2 ;
0,140; -3.182739, -3.047490, -0.782561 / -3.182739, -3.047490, -0.782561 / -3.182739, -3.047490, -0.782561; 1, 9, 1, 0; 0.633652590521; 1, 0, 1; 1, 0, 0; 3, 1, 2 ;
1,141; -0.989703, -1.28812, 0.761957 / -0.989703, -1.28812, 0.761957 / -0.989703, -1.28812, 0.761957; 1, 23, 1, 0; 0.327609411187; 1, 0, 1; 1, 0, 0; 2, 1, 2 ;
1,142; -3.79337, -1.42388, 0.119033 / -3.79337, -1.42388, 0.119033 / -3.79337, -1.42388, 0.119033; 1, 14, 1, 0; 0.981191701043; 1, 0, 1; 1, 0, 0; 2, 1, 2 ;
0,142; -3.785059, -1.417109, 0.116001 / -3.785059, -1.417109, 0.116001 / -3.785059, -1.417109, 0.116001; 1, 14, 1, 0; 0.981192882809; 1, 0, 1; 1, 0, 0; 2, 1, 2 ;
0,142; 2.280357, -2.968571, 1.737536 / 2.280472, -2.968080, 1.737893 / 2.280243, -2.969062, 1.737179; 1, 22, 1, 0; 0.845161887882; 1, 0, 2; 1, 1, 0; 3, 4, 2 / 4, 1, 2 ;
1,147; 2.49616, -1.84786, -2.66721 / 2.49616, -1.84786, -2.66721 / 2.49616, -1.84786, -2.66721; 1, 3, 1, 0; 0.572932502408; 1, 0, 1; 1, 0, 0; 2, 1, 2 ;
0,147; 0.573198, -2.082670, 0.504651 / 0.573198, -2.082670, 0.504651 / 0.573198, -2.082670, 0.504651; 1, 18, 1, 0; 0.425268992242; 1, 0, 1; 0, 1, 0; 4, 1, 2 ;
1,151; -3.48203, -2.19453, 0.750995 / -3.48203, -2.19453, 0.750995 / -3.48203, -2.19453, 0.750995; 1, 18, 1, 0; 0.564906925392; 1, 0, 1; 1, 0, 0; 3, 1, 2 ;
0,151; -3.481837, -2.189827, 0.743822 / -3.481837, -2.189827, 0.743822 / -3.481837, -2.189827, 0.743822; 1, 18, 1, 0; 0.564908920097; 1, 0, 1; 1, 0, 0; 3, 1, 2 ;
1,152; -0.524743, -0.268509, 3.14718 / -0.524743, -0.268509, 3.14718 / -0.524743, -0.268509, 3.14718; 1, 41, 1, 0; 0.657674018350; 1, 0, 1; 1, 0, 0; 3, 1, 2 ;
1,157; 0.0774571, -1.29936, 0.836215 / 0.0774571, -1.29936, 0.836215 / 0.0774571, -1.29936, 0.836215; 1, 23, 1, 0; 0.315371778557; 0, 1, 0; 1, 0, 0; 3, 1, 1 ;
0,157; 2.197328, 2.792004, 1.913947 / 2.197328, 2.792004, 1.913947 / 2.197328, 2.792004, 1.913947; 1, 28, 1, 0; 0.465423066581; 1, 0, 1; 1, 0, 0; 3, 1, 2 / 4, 2, 0 ;
1,158; 2.95453, 1.87851, 0.366408 / 2.95517, 1.87886, 0.367003 / 2.9539, 1.87816, 0.365813; 1, 20, 1, 0; 0.451586457945; 0, 2, 0; 1, 1, 0; 2, 3, 1 / 4, 1, 1 ;
1,161; -2.10508, 2.68034, 0.453599 / -2.10508, 2.68034, 0.453599 / -2.10508, 2.68034, 0.453599; 1, 24, 1, 0; 0.063998018028; 1, 0, 1; 1, 0, 0; 3, 1, 2 ;
0,161; -0.178272, 1.903031, 1.279747 / -0.178272, 1.903031, 1.279747 / -0.178272, 1.903031, 1.279747; 1, 29, 1, 0; 0.249193854450; 1, 0, 1; 1, 0, 0; 3, 1, 2 ;
1,167; -1.08802, 3.72574, 0.95351 / -1.08775, 3.72598, 0.953869 / -1.0883, 3.72549, 0.95315; 1, 26, 1, 0; 0.538834983498; 1, 0, 2; 1, 1, 0; 1, 5, 0 / 2, 2, 2 / 2, 4, 0 / 4, 1, 2 ;
0,167; -1.085299, 3.722906, 0.949885 / -1.085299, 3.722906, 0.949885 / -1.085299, 3.722906, 0.949885; 1, 26, 1, 0; 0.538836337920; 1, 0, 1; 1, 0, 0; 2, 1, 2 ;
0,167; -1.067157, 3.857079, 1.677130 / -1.067157, 3.857079, 1.677130 / -1.067157, 3.857079, 1.677130; 1, 29, 1, 0; 0.519913575773; 1, 0, 1; 1, 0, 0; 2, 1, 2 ;
1,180; -3.27687, -2.13106, 0.0174531 / -3.27687, -2.13106, 0.0174531 / -3.27687, -2.13106, 0.0174531; 1, 18, 1, 0; 0.009427435981; 1, 0, 1; 1, 0, 0; 3, 1, 2 ;
1,185; -1.15069, 2.41028, 1.08641 / -1.15069, 2.41028, 1.08641 / -1.15069, 2.41028, 1.08641; 1, 25, 1, 0; 0.896677056277; 0, 1, 0; 0, 1, 0; 1, 1, 1 ;
1,189; -2.08512, -1.13241, -1.05875 / -2.08512, -1.13241, -1.05875 / -2.08512, -1.13241, -1.05875; 1, 10, 1, 0; 0.125374017579; 0, 0, 0; 1, 0, 0; 2, 1, 3 ;
0,189; -2.083847, -1.133002, -1.061066 / -2.083847, -1.133002, -1.061066 / -2.083847, -1.133002, -1.061066; 1, 10, 1, 0; 0.125374125715; 1, 0, 1; 1, 0, 0; 3, 1, 2 ;
