1,0; 1.29479, -3.50782, -1.04469 / 1.29489, -3.50654, -1.04451 / 1.29469, -3.50909, -1.04488; 1, 8, 1, 0; 0.938022133791; 2, 1, 2; 3, 0, 0; 1, 10, 0 / 2, 1, 1 / 2, 2, 2 / 2, 10, 2 ;
0,0; 1.299241, -3.500576, -1.052156 / 1.299241, -3.500576, -1.052156 / 1.299241, -3.500576, -1.052156; 1, 8, 1, 0; 0.938021095726; 1, 0, 1; 1, 0, 0; 3, 1, 2 ;
0,0; 1.293635, -3.510074, -1.052581 / 1.293635, -3.510074, -1.052581 / 1.293635, -3.510074, -1.052581; 1, 8, 1, 0; 0.938022415040; 0, 1, 0; 1, 0, 0; 2, 1, 1 ;
1,2; 2.30831, 2.59967, 0.239693 / 2.30831, 2.59967, 0.239693 / 2.30831, 2.59967, 0.239693; 1, 20, 1, 0; 0.244931397390; 1, 0, 1; 1, 0, 0; 2, 1, 2 ;
0,2; 2.310132, 2.598399, 0.238255 / 2.310132, 2.598399, 0.238255 / 2.310132, 2.598399, 0.238255; 1, 20, 1, 0; 0.244931476934; 1, 0, 1; 1, 0, 0; 2, 1, 2 ;
1,4; 2.58284, 2.11757, 0.491518 / 2.58284, 2.11757, 0.491518 / 2.58284, 2.11757, 0.491518; 1, 20, 1, 0; 0.449671066143; 0, 1, 0; 0, 1, 0; 1, 1, 1 / 3, 5, 0 ;
1,8; 2.03421, 1.83443, 1.04778 / 2.03421, 1.83443, 1.04778 / 2.03421, 1.83443, 1.04778; 1, 26, 1, 0; 0.301659843127; 1, 0, 1; 0, 1, 0; 4, 1, 2 ;
1,9; -1.05729, -1.66465, 0.394711 / -1.05729, -1.66465, 0.394711 / -1.05729, -1.66465, 0.394711; 1, 23, 1, 0; 0.000038833933; 1, 0, 1; 0, 1, 0; 1, 1, 2 / 2, 2, 0 ;
0,9; -1.060080, -1.665136, 0.395382 / -1.060080, -1.665136, 0.395382 / -1.060080, -1.665136, 0.395382; 1, 23, 1, 0; 0.000037917585; 1, 0, 1; 1, 0, 0; 3, 1, 2 ;
1,13; -0.75574, -1.48907, 0.664825 / -0.75574, -1.48907, 0.664825 / -0.75574, -1.48907, 0.664825; 1, 23, 1, 0; 0.323801779193; 1, 0, 1; 0, 1, 0; 4, 1, 2 ;
0,13; -1.154084, -2.217511, 3.239387 / -1.154084, -2.217511, 3.239387 / -1.154084, -2.217511, 3.239387; 1, 40, 1, 0; 0.737190539054; 1, 0, 1; 1, 0, 0; 3, 1, 2 ;
0,13; -1.156402, -2.220962, 3.241658 / -1.156402, -2.220962, 3.241658 / -1.156402, -2.220962, 3.241658; 1, 40, 1, 0; 0.737217507465; 1, 0, 1; 1, 0, 0; 2, 1, 2 ;
1,14; -1.36546, 2.64533, 1.70045 / -1.36484, 2.64548, 1.70046 / -1.36608, 2.64519, 1.70044; 1, 29, 1, 0; 0.388575695232; 2, 1, 1; 1, 1, 0; 1, 1, 2 / 2, 3, 1 ;
1,18; -0.69881, 2.84844, -1.73876 / -0.69881, 2.84844, -1.73876 / -0.69881, 2.84844, -1.73876; 1, 7, 1, 0; 0.109030181605; 1, 0, 1; 1, 0, 0; 3, 1, 2 ;
0,18; 0.420542, 1.765909, -0.553615 / 0.420910, 1.766327, -0.553365 / 0.420173, 1.765492, -0.553866; 1, 13, 1, 0; 0.437217523878; 2, 2, 1; 2, 2, 0; 1, 1, 1 / 1, 2, 2 / 2, 1, 0 / 2, 4, 3 / 3, 2, 1 ;
0,18; 0.424407, 1.768380, -0.545728 / 0.424407, 1.768380, -0.545728 / 0.424407, 1.768380, -0.545728; 1, 13, 1, 0; 0.437217850095; 0, 1, 0; 0, 1, 0; 1, 1, 1 ;
0,18; 0.420123, 1.769411, -0.554618 / 0.420123, 1.769411, -0.554618 / 0.420123, 1.769411, -0.554618; 1, 13, 1, 0; 0.437216803739; 1, 0, 1; 1, 0, 0; 2, 1, 2 / 4, 1, 0 ;
0,18; 0.428028, 1.770523, -0.549162 / 0.428028, 1.770523, -0.549162 / 0.428028, 1.770523, -0.549162; 1, 13, 1, 0; 0.437217179196; 1, 0, 1; 1, 0, 0; 3, 1, 2 / 4, 1, 0 ;
0,18; 0.421619, 1.768309, -0.548029 / 0.421619, 1.768309, -0.548029 / 0.421619, 1.768309, -0.548029; 1, 13, 1, 0; 0.437217720840; 0, 1, 0; 1, 0, 0; 2, 1, 1 ;
0,18; 0.425872, 1.766724, -0.546985 / 0.425872, 1.766724, -0.546985 / 0.425872, 1.766724, -0.546985; 1, 13, 1, 0; 0.437217979351; 1, 0, 1; 1, 0, 0; 2, 1, 2 ;
0,18; 2.610284, -0.288265, 2.173393 / 2.610284, -0.288265, 2.173393 / 2.610284, -0.288265, 2.173393; 1, 28, 1, 0; 0.899162504420; 1, 0, 1; 0, 1, 0; 4, 1, 2 ;
1,23; 1.6079, -2.71366, 0.0900182 / 1.6079, -2.71366, 0.0900182 / 1.6079, -2.71366, 0.0900182; 1, 15, 1, 0; 0.756606573604; 1, 0, 1; 1, 0, 0; 1, 3, 0 / 3, 1, 2 / 3, 9, 0 / 4, 9, 0 ;
0,23; 1.608954, -2.715053, 0.090286 / 1.608954, -2.715053, 0.090286 / 1.608954, -2.715053, 0.090286; 1, 15, 1, 0; 0.756606653969; 1, 0, 1; 1, 0, 0; 2, 1, 2 ;
1,25; -2.54071, 1.3432, -2.91729 / -2.54063, 1.34383, -2.91674 / -2.54079, 1.34257, -2.91785; 1, 2, 1, 0; 0.687474116299; 2, 2, 1; 1, 2, 1; 1, 1, 1 / 2, 4, 1 / 4, 1, 0 / 4, 4, 2 ;
0,25; -2.544899, 1.337647, -2.923909 / -2.544899, 1.337647, -2.923909 / -2.544899, 1.337647, -2.923909; 1, 2, 1, 0; 0.687466351980; 1, 0, 1; 1, 0, 0; 3, 1, 2 ;
0,25; -2.538193, 1.343105, -2.918081 / -2.538193, 1.343105, -2.918081 / -2.538193, 1.343105, -2.918081; 1, 2, 1, 0; 0.687474191451; 1, 0, 1; 1, 0, 0; 2, 1, 2 ;
1,27; -0.223412, 0.865786, -0.166406 / -0.223412, 0.865786, -0.166406 / -0.223412, 0.865786, -0.166406; 1, 13, 1, 0; 0.917957876168; 0, 1, 0; 1, 0, 0; 2, 1, 1 ;
0,27; -0.761387, -1.980555, 0.443736 / -0.761387, -1.980555, 0.443736 / -0.761387, -1.980555, 0.443736; 1, 18, 1, 0; 0.434995041136; 1, 0, 1; 1, 0, 0; 3, 1, 2 ;
1,37; -1.3383, -3.04405, 2.29545 / -1.3383, -3.04405, 2.29545 / -1.3383, -3.04405, 2.29545; 1, 32, 1, 0; 0.851705100750; 0, 1, 0; 0, 1, 0; 1, 1, 1 ;
0,37; -1.331647, -3.024832, 2.300151 / -1.331647, -3.024832, 2.300151 / -1.331647, -3.024832, 2.300151; 1, 32, 1, 0; 0.851711831397; 0, 1, 0; 0, 1, 0; 1, 3, 0 / 4, 1, 1 ;
0,37; -1.333758, -3.027073, 2.292630 / -1.333758, -3.027073, 2.292630 / -1.333758, -3.027073, 2.292630; 1, 32, 1, 0; 0.851711236544; 1, 0, 1; 1, 0, 0; 1, 2, 0 / 2, 1, 2 ;
0,37; -1.331768, -3.021671, 2.299207 / -1.331768, -3.021671, 2.299207 / -1.331768, -3.021671, 2.299207; 1, 32, 1, 0; 0.851711996634; 1, 0, 1; 1, 0, 0; 2, 1, 2 ;
1,41; -2.16053, 2.04239, 1.30045 / -2.16053, 2.04239, 1.30045 / -2.16053, 2.04239, 1.30045; 1, 24, 1, 0; 0.479870528925; 1, 0, 1; 1, 0, 0; 3, 1, 2 ;
1,44; 2.39873, -1.48587, -2.60258 / 2.39873, -1.48587, -2.60258 / 2.39873, -1.48587, -2.60258; 1, 3, 1, 0; 0.585101451903; 1, 0, 1; 0, 1, 0; 1, 1, 2 ;
0,44; 2.388485, -1.494765, -2.597867 / 2.388567, -1.494445, -2.597096 / 2.388404, -1.495085, -2.598639; 1, 3, 1, 0; 0.585102338439; 2, 1, 1; 2, 0, 0; 2, 1, 2 / 3, 8, 1 ;
0,44; 2.397944, -1.485051, -2.615307 / 2.397944, -1.485051, -2.615307 / 2.397944, -1.485051, -2.615307; 1, 3, 1, 0; 0.585094210520; 1, 0, 1; 1, 0, 0; 3, 1, 2 ;
0,44; 2.389833, -1.491831, -2.601171 / 2.389833, -1.491831, -2.601171 / 2.389833, -1.491831, -2.601171; 1, 3, 1, 0; 0.585101810547; 1, 0, 1; 1, 0, 0; 3, 1, 2 ;
0,44; 2.389677, -1.492751, -2.598126 / 2.389677, -1.492751, -2.598126 / 2.389677, -1.492751, -2.598126; 1, 3, 1, 0; 0.585101862934; 1, 0, 1; 1, 0, 0; 3, 1, 2 ;
0,44; 2.392497, -1.494694, -2.594542 / 2.392497, -1.494694, -2.594542 / 2.392497, -1.494694, -2.594542; 1, 3, 1, 0; 0.585101955617; 1, 0, 1; 1, 0, 0; 2, 4, 0 / 3, 1, 2 / 3, 2, 0 ;
0,44; 2.388439, -1.495133, -2.596634 / 2.388567, -1.494445, -2.596172 / 2.388311, -1.495820, -2.597096; 1, 3, 1, 0; 0.585102366647; 1, 0, 1; 2, 0, 0; 2, 5, 2 / 3, 1, 1 ;
0,44; -3.318953, -1.137383, -1.422594 / -3.318953, -1.137383, -1.422594 / -3.318953, -1.137383, -1.422594; 1, 6, 1, 0; 0.918182833579; 1, 0, 1; 1, 0, 0; 3, 1, 2 ;
1,56; -2.05705, 3.19585, 0.16959 / -2.05705, 3.19585, 0.16959 / -2.05705, 3.19585, 0.16959; 1, 14, 1, 0; 0.628355011368; 1, 0, 1; 1, 0, 0; 2, 1, 2 ;
0,56; -2.080783, 3.190297, 0.174623 / -2.080783, 3.190297, 0.174623 / -2.080783, 3.190297, 0.174623; 1, 14, 1, 0; 0.628361861923; 0, 1, 0; 1, 0, 0; 2, 1, 1 ;
0,56; -2.074798, 3.195133, 0.177673 / -2.074798, 3.195133, 0.177673 / -2.074798, 3.195133, 0.177673; 1, 14, 1, 0; 0.628363745364; 1, 0, 1; 1, 0, 0; 2, 1, 2 ;
0,56; -1.881098, 3.698801, 0.257792 / -1.881098, 3.698801, 0.257792 / -1.881098, 3.698801, 0.257792; 1, 17, 1, 0; 0.488157025128; 0, 1, 0; 0, 1, 0; 1, 1, 1 ;
1,59; 3.70091, -0.0209575, 2.09354 / 3.70091, -0.0209575, 2.09354 / 3.70091, -0.0209575, 2.09354; 1, 28, 1, 0; 0.804650122657; 1, 0, 1; 0, 1, 0; 4, 1, 2 ;
0,59; 3.703094, -0.024064, 2.098790 / 3.703123, -0.023674, 2.099145 / 3.703066, -0.024454, 2.098435; 1, 28, 1, 0; 0.804667434656; 1, 0, 2; 2, 0, 0; 2, 3, 2 / 3, 1, 2 ;
0,59; 3.703586, -0.022946, 2.095438 / 3.703586, -0.022946, 2.095438 / 3.703586, -0.022946, 2.095438; 1, 28, 1, 0; 0.804650269994; 1, 0, 1; 1, 0, 0; 2, 1, 2 ;
0,59; 3.700703, -0.023325, 2.101465 / 3.700703, -0.023325, 2.101465 / 3.700703, -0.023325, 2.101465; 1, 28, 1, 0; 0.804667581993; 1, 0, 1; 1, 0, 0; 3, 1, 2 ;
1,62; 2.21954, 0.661058, -2.02383 / 2.21954, 0.661058, -2.02383 / 2.21954, 0.661058, -2.02383; 1, 4, 1, 0; 0.655282349480; 1, 0, 1; 1, 0, 0; 2, 1, 2 ;
1,68; 1.71811, -1.84542, -0.185645 / 1.71811, -1.84542, -0.185645 / 1.71811, -1.84542, -0.185645; 1, 15, 1, 0; 0.566027716611; 1, 0, 1; 0, 1, 0; 4, 1, 2 ;
0,68; 1.718669, -1.848938, -0.188012 / 1.718669, -1.848938, -0.188012 / 1.718669, -1.848938, -0.188012; 1, 15, 1, 0; 0.566027502304; 1, 0, 1; 1, 0, 0; 3, 1, 2 / 3, 8, 0 ;
0,68; 3.654627, -0.171165, 0.441873 / 3.654627, -0.171165, 0.441873 / 3.654627, -0.171165, 0.441873; 1, 19, 1, 0; 0.606716533178; 0, 1, 0; 0, 1, 0; 4, 1, 1 ;
0,68; 3.629892, -0.192680, 0.434452 / 3.629892, -0.192680, 0.434452 / 3.629892, -0.192680, 0.434452; 1, 19, 1, 0; 0.606749659409; 0, 1, 0; 0, 1, 0; 1, 1, 1 ;
1,70; -2.41892, 2.83173, 0.728392 / -2.41859, 2.83209, 0.728504 / -2.41925, 2.83137, 0.72828; 1, 24, 1, 0; 0.095083380259; 2, 2, 1; 1, 2, 0; 1, 5, 0 / 3, 1, 2 / 4, 1, 1 / 4, 3, 1 ;
0,70; -2.416962, 2.831695, 0.727810 / -2.416962, 2.831695, 0.727810 / -2.416962, 2.831695, 0.727810; 1, 24, 1, 0; 0.095082471301; 0, 1, 0; 0, 1, 0; 4, 1, 1 ;
0,70; -2.411796, 2.834654, 0.731880 / -2.411796, 2.834654, 0.731880 / -2.411796, 2.834654, 0.731880; 1, 24, 1, 0; 0.095081370206; 1, 0, 1; 1, 0, 0; 3, 1, 2 / 4, 5, 0 / 4, 7, 0 ;
0,70; -2.418618, 2.829945, 0.726326 / -2.418618, 2.829945, 0.726326 / -2.418618, 2.829945, 0.726326; 1, 24, 1, 0; 0.095083298970; 1, 0, 1; 1, 0, 0; 2, 1, 2 / 3, 2, 0 ;
1,73; -0.00791596, -3.43244, -2.28035 / -0.00791596, -3.43244, -2.28035 / -0.00791596, -3.43244, -2.28035; 1, 3, 1, 0; 0.999962777596; 1, 0, 1; 1, 0, 0; 2, 1, 2 ;
0,73; -0.009715, -3.432815, -2.280498 / -0.009715, -3.432815, -2.280498 / -0.009715, -3.432815, -2.280498; 1, 3, 1, 0; 0.999962834012; 1, 0, 1; 1, 0, 0; 3, 1, 2 ;
1,79; 0.710751, 1.77485, 2.20925 / 0.710751, 1.77485, 2.20925 / 0.710751, 1.77485, 2.20925; 1, 31, 1, 0; 0.562904015034; 0, 1, 0; 1, 0, 0; 2, 1, 1 / 3, 5, 0 / 3, 6, 0 ;
0,79; 1.747161, 0.362260, 3.242469 / 1.747161, 0.362260, 3.242469 / 1.747161, 0.362260, 3.242469; 1, 42, 1, 0; 0.082069110830; 0, 1, 0; 1, 0, 0; 1, 5, 0 / 3, 1, 1 ;
1,92; 1.68452, 2.92266, -0.144924 / 1.68452, 2.92266, -0.144924 / 1.68452, 2.92266, -0.144924; 1, 20, 1, 0; 0.079219758304; 0, 1, 0; 0, 1, 0; 1, 1, 1 ;
0,92; 1.729487, 3.012332, 0.043184 / 1.729487, 3.012332, 0.043184 / 1.729487, 3.012332, 0.043184; 1, 20, 1, 0; 0.209913782132; 1, 0, 1; 0, 1, 0; 4, 1, 2 ;
1,97; -0.737416, 0.785678, -0.163747 / -0.737416, 0.785678, -0.163747 / -0.737416, 0.785678, -0.163747; 1, 13, 1, 0; 0.911318728665; 1, 0, 1; 1, 0, 0; 2, 1, 2 ;
1,106; -3.81362, -1.48769, 0.460075 / -3.81362, -1.48769, 0.460075 / -3.81362, -1.48769, 0.460075; 1, 21, 1, 0; 0.176771540911; 1, 0, 1; 0, 1, 0; 1, 1, 2 / 2, 3, 0 / 3, 1, 0 / 4, 7, 0 ;
0,106; -3.795599, -1.495763, 0.465018 / -3.795599, -1.495763, 0.465018 / -3.795599, -1.495763, 0.465018; 1, 21, 1, 0; 0.176778860426; 1, 0, 1; 1, 0, 0; 3, 1, 2 / 3, 4, 0 / 3, 5, 0 ;
0,106; -3.798190, -1.495882, 0.466225 / -3.798190, -1.495882, 0.466225 / -3.798190, -1.495882, 0.466225; 1, 21, 1, 0; 0.176778933184; 1, 0, 1; 1, 0, 0; 2, 1, 2 ;
0,106; -2.184132, -0.192136, 1.420086 / -2.184132, -0.192136, 1.420086 / -2.184132, -0.192136, 1.420086; 1, 23, 1, 0; 0.739059908454; 1, 0, 1; 1, 0, 0; 2, 1, 2 ;
1,110; 1.05982, -0.145559, -2.50388 / 1.05982, -0.145559, -2.50388 / 1.05982, -0.145559, -2.50388; 1, 2, 1, 0; 0.941041854545; 1, 0, 1; 1, 0, 0; 2, 1, 2 ;
0,110; 0.916376, 3.540179, -1.621926 / 0.916376, 3.540179, -1.621926 / 0.916376, 3.540179, -1.621926; 1, 7, 1, 0; 0.134003125444; 0, 1, 0; 0, 1, 0; 1, 1, 1 ;
1,113; 0.79172, 1.13648, -0.873247 / 0.79172, 1.13648, -0.873247 / 0.79172, 1.13648, -0.873247; 1, 13, 1, 0; 0.317061469108; 1, 0, 1; 1, 0, 0; 3, 1, 2 ;
1,129; -1.67389, 0.0716858, 0.990371 / -1.67389, 0.0716858, 0.990371 / -1.67389, 0.0716858, 0.990371; 1, 21, 1, 0; 0.479289497733; 0, 1, 0; 0, 1, 0; 1, 1, 1 ;
0,129; -3.119335, 1.518048, 1.472446 / -3.119335, 1.518048, 1.472446 / -3.119335, 1.518048, 1.472446; 1, 24, 1, 0; 0.539158970084; 0, 1, 0; 1, 0, 0; 3, 1, 1 ;
1,131; -1.31846, 2.22687, 1.10456 / -1.31846, 2.22687, 1.10456 / -1.31846, 2.22687, 1.10456; 1, 25, 1, 0; 0.899200042861; 0, 1, 0; 0, 1, 0; 4, 1, 1 ;
1,133; 1.98833, 0.119261, 2.74158 / 1.98833, 0.119261, 2.74158 / 1.98833, 0.119261, 2.74158; 1, 34, 1, 0; 0.956914191419; 0, 0, 0; 1, 0, 0; 2, 1, 3 ;
0,133; 1.983979, 0.114173, 2.739049 / 1.983979, 0.114173, 2.739049 / 1.983979, 0.114173, 2.739049; 1, 34, 1, 0; 0.956916012463; 1, 0, 1; 1, 0, 0; 2, 1, 2 ;
1,136; 1.25417, -1.40933, 3.8988 / 1.25417, -1.40933, 3.8988 / 1.25417, -1.40933, 3.8988; 1, 46, 1, 0; 0.016457068533; 1, 0, 1; 0, 1, 0; 1, 1, 2 ;
1,140; -0.16991, -3.54792, -0.0111043 / -0.16991, -3.54792, -0.0111043 / -0.16991, -3.54792, -0.0111043; 1, 15, 1, 0; 0.295051822147; 1, 0, 1; 1, 0, 0; 2, 1, 2 ;
0,140; -0.173057, -3.555785, -0.006956 / -0.173057, -3.555785, -0.006956 / -0.173057, -3.555785, -0.006956; 1, 15, 1, 0; 0.295052518645; 1, 0, 1; 1, 0, 0; 1, 1, 0 / 1, 10, 0 / 2, 1, 2 / 3, 10, 0 / 4, 6, 0 ;
1,141; 0.398512, 2.5531, 2.31101 / 0.398512, 2.5531, 2.31101 / 0.398512, 2.5531, 2.31101; 1, 31, 1, 0; 0.348847076630; 0, 1, 0; 0, 1, 0; 4, 1, 1 ;
0,141; 1.410743, 2.658305, 2.900611 / 1.411542, 2.659091, 2.901123 / 1.409945, 2.657518, 2.900098; 1, 40, 1, 0; 0.060161920478; 0, 2, 0; 1, 1, 0; 1, 1, 0 / 1, 2, 0 / 3, 5, 1 / 3, 7, 0 / 4, 1, 1 / 4, 4, 0 ;
0,141; 1.407795, 2.657873, 2.891461 / 1.407795, 2.657873, 2.891461 / 1.407795, 2.657873, 2.891461; 1, 40, 1, 0; 0.060132138928; 1, 0, 1; 0, 1, 0; 4, 1, 2 ;
0,141; 1.407012, 2.660344, 2.893175 / 1.407012, 2.660344, 2.893175 / 1.407012, 2.660344, 2.893175; 1, 40, 1, 0; 0.060134181990; 1, 0, 1; 0, 1, 0; 1, 1, 2 ;
0,141; 1.409575, 2.656219, 2.900118 / 1.409575, 2.656219, 2.900118 / 1.409575, 2.656219, 2.900118; 1, 40, 1, 0; 0.060160018859; 1, 0, 1; 0, 1, 0; 1, 1, 2 ;
0,141; 1.422970, 2.660002, 2.918392 / 1.422970, 2.660002, 2.918392 / 1.422970, 2.660002, 2.918392; 1, 40, 1, 0; 0.060197736917; 0, 1, 0; 0, 1, 0; 1, 1, 1 ;
0,141; 1.423122, 2.656419, 2.919902 / 1.423122, 2.656419, 2.919902 / 1.423122, 2.656419, 2.919902; 1, 40, 1, 0; 0.060199685683; 1, 0, 1; 0, 1, 0; 1, 1, 2 ;
0,141; 1.691551, 2.681577, 3.082875 / 1.691551, 2.681577, 3.082875 / 1.691551, 2.681577, 3.082875; 1, 40, 1, 0; 0.059166556656; 1, 0, 1; 1, 0, 0; 2, 1, 2 ;
0,141; 1.404431, 2.664653, 2.886258 / 1.404431, 2.664653, 2.886258 / 1.404431, 2.664653, 2.886258; 1, 40, 1, 0; 0.060135062078; 1, 0, 1; 1, 0, 0; 1, 8, 0 / 3, 1, 2 ;
0,141; 1.418641, 2.670591, 2.916765 / 1.418641, 2.670591, 2.916765 / 1.418641, 2.670591, 2.916765; 1, 40, 1, 0; 0.060195741003; 1, 0, 1; 1, 0, 0; 2, 1, 2 ;
0,141; 1.420943, 2.667949, 2.913539 / 1.420943, 2.667949, 2.913539 / 1.420943, 2.667949, 2.913539; 1, 40, 1, 0; 0.060196385353; 0, 1, 0; 1, 0, 0; 2, 1, 1 ;
0,141; 1.920730, 2.690043, 3.226256 / 1.920730, 2.690043, 3.226256 / 1.920730, 2.690043, 3.226256; 1, 43, 1, 0; 0.121096636674; 1, 0, 1; 0, 1, 0; 1, 1, 2 ;
1,149; 0.663584, -0.149928, -0.396295 / 0.663584, -0.149928, -0.396295 / 0.663584, -0.149928, -0.396295; 1, 16, 1, 0; 0.148820694569; 1, 0, 1; 1, 0, 0; 3, 1, 2 ;
1,155; -2.47881, -0.804947, 2.73248 / -2.47881, -0.804947, 2.73248 / -2.47881, -0.804947, 2.73248; 1, 36, 1, 0; 0.534342896819; 1, 0, 1; 1, 0, 0; 3, 1, 2 ;
0,155; -2.653247, -1.327486, 2.779173 / -2.653247, -1.327486, 2.779173 / -2.653247, -1.327486, 2.779173; 1, 36, 1, 0; 0.611365823936; 1, 0, 1; 1, 0, 0; 2, 1, 2 ;
0,155; -1.493875, 2.083211, 2.627427 / -1.493875, 2.083211, 2.627427 / -1.493875, 2.083211, 2.627427; 1, 37, 1, 0; 0.437776058218; 1, 0, 1; 0, 1, 0; 4, 1, 2 ;
0,155; -1.195349, 3.008165, 2.631003 / -1.195349, 3.008165, 2.631003 / -1.195349, 3.008165, 2.631003; 1, 38, 1, 0; 0.379331101477; 1, 0, 1; 1, 0, 0; 3, 1, 2 ;
1,165; 2.11017, 3.20019, 0.833741 / 2.11017, 3.20019, 0.833741 / 2.11017, 3.20019, 0.833741; 1, 20, 1, 0; 0.628060311290; 0, 0, 0; 0, 1, 0; 1, 3, 0 / 4, 1, 3 ;
0,165; 2.109965, 3.196806, 0.832564 / 2.109965, 3.196806, 0.832564 / 2.109965, 3.196806, 0.832564; 1, 20, 1, 0; 0.628060419758; 1, 0, 1; 0, 1, 0; 4, 1, 2 ;
1,169; -0.869083, -2.24207, 1.66519 / -0.869083, -2.24207, 1.66519 / -0.869083, -2.24207, 1.66519; 1, 22, 1, 0; 0.896312696084; 1, 0, 1; 1, 0, 0; 3, 1, 2 ;
1,174; -3.38438, -1.68849, -2.10845 / -3.38438, -1.68849, -2.10845 / -3.38438, -1.68849, -2.10845; 1, 5, 1, 0; 0.869183646164; 1, 0, 1; 1, 0, 0; 2, 1, 2 ;
1,189; 2.3847, 3.0421, 1.34026 / 2.3847, 3.0421, 1.34026 / 2.3847, 3.0421, 1.34026; 1, 28, 1, 0; 0.080235249808; 1, 0, 1; 1, 0, 0; 3, 1, 2 ;
1,192; -1.17297, -1.33771, -4.16594 / -1.17297, -1.33771, -4.16594 / -1.17297, -1.33771, -4.16594; 1, 1, 1, 0; 0.285938462135; 1, 0, 1; 1, 0, 0; 2, 1, 2 ;
0,192; -1.170095, -1.339547, -4.167782 / -1.170095, -1.339547, -4.167782 / -1.170095, -1.339547, -4.167782; 1, 1, 1, 0; 0.285938533331; 0, 1, 0; 1, 0, 0; 3, 1, 1 ;
0,192; -0.956033, -2.181376, -2.268672 / -0.956033, -2.181376, -2.268672 / -0.956033, -2.181376, -2.268672; 1, 5, 1, 0; 0.534261684707; 1, 0, 1; 0, 1, 0; 4, 1, 2 ;
