1,0; -3.70164, 2.48348, -0.534928 / -3.70164, 2.48348, -0.534928 / -3.70164, 2.48348, -0.534928; 1, 14, 1, 0; 0.227565517275; 1, 0, 1; 0, 1, 0; 4, 1, 2 ;
1,1; 1.11977, 1.48274, -0.227915 / 1.11977, 1.48274, -0.227915 / 1.11977, 1.48274, -0.227915; 1, 13, 1, 0; 0.839546810891; 1, 0, 1; 1, 0, 0; 2, 1, 2 ;
0,1; -0.402242, 1.671130, 1.380258 / -0.402242, 1.671130, 1.380258 / -0.402242, 1.671130, 1.380258; 1, 26, 1, 0; 0.657467566757; 1, 0, 1; 1, 0, 0; 3, 1, 2 ;
1,5; 2.92557, 3.53111, -0.0542799 / 2.92557, 3.53111, -0.0542799 / 2.92557, 3.53111, -0.0542799; 1, 20, 1, 0; 0.106920077634; 1, 0, 1; 1, 0, 0; 3, 1, 2 ;
1,13; -0.714335, -0.369742, 1.9562 / -0.714335, -0.369742, 1.9562 / -0.714335, -0.369742, 1.9562; 1, 30, 1, 0; 0.597276721179; 1, 0, 1; 1, 0, 0; 3, 1, 2 ;
0,13; -1.713521, -0.213894, 4.129115 / -1.713521, -0.213894, 4.129115 / -1.713521, -0.213894, 4.129115; 1, 46, 1, 0; 0.677503378067; 1, 0, 1; 1, 0, 0; 2, 1, 2 ;
1,18; 1.27955, 1.33558, -1.3281 / 1.27955, 1.33558, -1.3281 / 1.27955, 1.33558, -1.3281; 1, 7, 1, 0; 0.480182346558; 1, 0, 1; 1, 0, 0; 1, 5, 0 / 3, 1, 2 ;
0,18; 1.281547, 1.335373, -1.331209 / 1.281547, 1.335373, -1.331209 / 1.281547, 1.335373, -1.331209; 1, 7, 1, 0; 0.480182479512; 1, 0, 1; 1, 0, 0; 2, 1, 2 ;
1,22; -0.497314, -0.990348, 0.41812 / -0.497122, -0.990247, 0.41832 / -0.497506, -0.990448, 0.41792; 1, 23, 1, 0; 0.030001285843; 0, 2, 0; 1, 1, 0; 2, 9, 0 / 3, 1, 1 / 4, 1, 1 ;
1,23; -0.503166, -1.02175, -1.883 / -0.503166, -1.02175, -1.883 / -0.503166, -1.02175, -1.883; 1, 5, 1, 0; 0.922821350891; 1, 0, 1; 1, 0, 0; 2, 1, 2 ;
1,30; 1.94574, 1.61129, 2.84226 / 1.94673, 1.61221, 2.84271 / 1.94476, 1.61037, 2.8418; 1, 39, 1, 0; 0.762127895647; 2, 2, 3; 3, 2, 1; 1, 3, 1 / 2, 6, 1 / 3, 1, 2 / 3, 7, 2 / 4, 1, 2 / 4, 2, 0 / 4, 3, 0 ;
0,30; 1.947766, 1.610628, 2.838766 / 1.947766, 1.610628, 2.838766 / 1.947766, 1.610628, 2.838766; 1, 39, 1, 0; 0.762125899733; 1, 0, 1; 1, 0, 0; 2, 1, 2 ;
1,35; 1.09434, 0.0206809, 0.756046 / 1.09442, 0.0208573, 0.756314 / 1.09425, 0.0205045, 0.755779; 1, 23, 1, 0; 0.220208912517; 1, 0, 2; 1, 1, 0; 2, 1, 2 / 4, 6, 2 ;
1,42; -1.98823, 1.33955, 1.0221 / -1.98823, 1.33955, 1.0221 / -1.98823, 1.33955, 1.0221; 1, 24, 1, 0; 0.321928313521; 0, 1, 0; 0, 1, 0; 1, 1, 1 ;
1,43; -1.02525, 0.722942, -2.3796 / -1.02525, 0.722942, -2.3796 / -1.02525, 0.722942, -2.3796; 1, 6, 1, 0; 0.275847156590; 1, 0, 1; 1, 0, 0; 2, 1, 2 ;
0,43; 0.524016, 1.593643, 0.083666 / 0.524016, 1.593643, 0.083666 / 0.524016, 1.593643, 0.083666; 1, 17, 1, 0; 0.630922195347; 1, 0, 1; 0, 1, 0; 4, 1, 2 ;
1,46; -1.56336, 0.450612, -0.395966 / -1.56336, 0.450612, -0.395966 / -1.56336, 0.450612, -0.395966; 1, 10, 1, 0; 0.694428497896; 1, 0, 1; 1, 0, 0; 3, 1, 2 / 3, 5, 0 ;
1,51; -4.53331, -0.475816, 0.261098 / -4.53331, -0.475816, 0.261098 / -4.53331, -0.475816, 0.261098; 1, 14, 1, 0; 0.923280775485; 1, 0, 1; 1, 0, 0; 2, 1, 2 ;
1,55; -2.68555, 0.0109694, 2.81846 / -2.68555, 0.0109694, 2.81846 / -2.68555, 0.0109694, 2.81846; 1, 37, 1, 0; 0.936340047270; 1, 0, 1; 1, 0, 0; 3, 1, 2 ;
1,56; 1.73605, 0.262724, -3.29451 / 1.73669, 0.262926, -3.29447 / 1.73541, 0.262522, -3.29454; 1, 3, 1, 0; 0.187262535411; 1, 0, 2; 2, 0, 0; 3, 1, 2 / 3, 6, 2 ;
0,56; 1.748066, 0.268999, -3.306343 / 1.748066, 0.268999, -3.306343 / 1.748066, 0.268999, -3.306343; 1, 3, 1, 0; 0.187254544502; 1, 0, 1; 1, 0, 0; 3, 1, 2 ;
0,56; 0.758095, 1.216856, -1.970289 / 0.758095, 1.216856, -1.970289 / 0.758095, 1.216856, -1.970289; 1, 4, 1, 0; 0.683600466640; 1, 0, 1; 1, 0, 0; 2, 1, 2 / 2, 3, 0 / 3, 3, 0 ;
1,59; 2.79502, 0.727196, 2.35439 / 2.79509, 0.727357, 2.35441 / 2.79496, 0.727036, 2.35437; 1, 31, 1, 0; 0.776309997488; 2, 1, 1; 1, 1, 0; 3, 1, 1 / 4, 1, 2 ;
0,59; 2.792013, 0.725418, 2.352928 / 2.792013, 0.725418, 2.352928 / 2.792013, 0.725418, 2.352928; 1, 31, 1, 0; 0.776291149475; 1, 0, 1; 1, 0, 0; 2, 1, 2 ;
1,60; -2.29541, -1.33857, -3.643 / -2.29534, -1.33838, -3.64281 / -2.29548, -1.33876, -3.64318; 1, 1, 1, 0; 0.854754595306; 2, 1, 1; 1, 1, 0; 3, 1, 2 / 4, 1, 1 ;
1,72; -0.949165, 3.06065, -1.94951 / -0.949165, 3.06065, -1.94951 / -0.949165, 3.06065, -1.94951; 1, 6, 1, 0; 0.517636250111; 1, 0, 1; 1, 0, 0; 2, 1, 2 ;
1,73; 0.214982, 0.60573, -2.6481 / 0.214982, 0.60573, -2.6481 / 0.214982, 0.60573, -2.6481; 1, 2, 1, 0; 0.879103231033; 1, 0, 1; 1, 0, 0; 2, 4, 0 / 3, 1, 2 ;
1,80; 0.365734, 1.09764, -4.00478 / 0.365734, 1.09764, -4.00478 / 0.365734, 1.09764, -4.00478; 1, 1, 1, 0; 0.563870977822; 1, 0, 1; 1, 0, 0; 2, 1, 2 ;
1,81; 0.0691714, 1.90296, 1.99416 / 0.0691714, 1.90296, 1.99416 / 0.0691714, 1.90296, 1.99416; 1, 30, 1, 0; 0.931154920687; 1, 0, 1; 0, 1, 0; 1, 1, 2 / 2, 2, 0 ;
1,91; -1.96034, 2.25975, 0.416091 / -1.96026, 2.26015, 0.416238 / -1.96043, 2.25935, 0.415945; 1, 24, 1, 0; 0.027233959849; 2, 2, 1; 1, 2, 1; 1, 1, 1 / 2, 1, 1 / 4, 6, 2 ;
0,91; -1.960147, 2.257277, 0.414111 / -1.959850, 2.257372, 0.414671 / -1.960443, 2.257182, 0.413551; 1, 24, 1, 0; 0.027234122427; 1, 0, 2; 2, 0, 0; 1, 10, 0 / 2, 1, 2 / 2, 10, 2 ;
0,91; -1.849227, 2.355444, 0.707724 / -1.849227, 2.355444, 0.707724 / -1.849227, 2.355444, 0.707724; 1, 25, 1, 0; 0.578499849985; 1, 0, 1; 1, 0, 0; 2, 1, 2 ;
1,94; 2.09578, -0.627815, 2.62047 / 2.09578, -0.627815, 2.62047 / 2.09578, -0.627815, 2.62047; 1, 34, 1, 0; 0.655752490215; 1, 0, 1; 1, 0, 0; 2, 1, 2 ;
1,97; -0.75016, -1.41461, 0.741505 / -0.75016, -1.41461, 0.741505 / -0.75016, -1.41461, 0.741505; 1, 23, 1, 0; 0.325435664256; 1, 0, 1; 0, 1, 0; 1, 1, 2 ;
0,97; -1.224380, -0.136085, 1.672976 / -1.224380, -0.136085, 1.672976 / -1.224380, -0.136085, 1.672976; 1, 30, 1, 0; 0.207020468281; 1, 0, 1; 1, 0, 0; 2, 1, 2 ;
0,97; -1.226259, -0.133787, 1.670736 / -1.226259, -0.133787, 1.670736 / -1.226259, -0.133787, 1.670736; 1, 30, 1, 0; 0.207021559299; 0, 0, 0; 1, 0, 0; 2, 2, 0 / 3, 1, 3 ;
1,105; -1.70402, -1.48398, -1.50375 / -1.70402, -1.48398, -1.50375 / -1.70402, -1.48398, -1.50375; 1, 6, 1, 0; 0.892509632906; 1, 0, 1; 1, 0, 0; 3, 1, 2 ;
1,120; -2.11822, -2.40636, -0.53044 / -2.11822, -2.40636, -0.53044 / -2.11822, -2.40636, -0.53044; 1, 10, 1, 0; 0.491570695405; 1, 0, 1; 1, 0, 0; 3, 1, 2 ;
1,122; 0.515903, 0.376298, -1.39598 / 0.515903, 0.376298, -1.39598 / 0.515903, 0.376298, -1.39598; 1, 11, 1, 0; 0.359889626619; 1, 0, 1; 0, 1, 0; 4, 1, 2 ;
0,122; 0.516625, 0.377606, -1.409224 / 0.516625, 0.377606, -1.409224 / 0.516625, 0.377606, -1.409224; 1, 11, 1, 0; 0.359879401775; 1, 0, 1; 1, 0, 0; 3, 1, 2 ;
1,128; 1.02168, -0.376878, 3.22544 / 1.02255, -0.376345, 3.22567 / 1.02081, -0.377411, 3.22521; 1, 41, 1, 0; 0.482985192325; 0, 2, 0; 4, 0, 0; 1, 4, 0 / 2, 1, 1 / 2, 3, 3 / 2, 4, 1 / 2, 6, 3 ;
0,128; 1.014414, -0.367923, 3.217537 / 1.014414, -0.367923, 3.217537 / 1.014414, -0.367923, 3.217537; 1, 41, 1, 0; 0.482954462956; 1, 0, 1; 1, 0, 0; 3, 1, 2 ;
0,128; 0.279403, -0.494615, 4.502414 / 0.279769, -0.494362, 4.502546 / 0.279037, -0.494868, 4.502283; 1, 46, 1, 0; 0.897470747649; 1, 0, 2; 2, 0, 0; 2, 5, 2 / 3, 1, 2 ;
1,138; 2.47041, -2.04093, -2.55817 / 2.47041, -2.04093, -2.55817 / 2.47041, -2.04093, -2.55817; 1, 3, 1, 0; 0.543199998388; 1, 0, 1; 1, 0, 0; 2, 1, 2 ;
1,143; 3.52606, -0.752909, -0.0291805 / 3.52606, -0.752909, -0.0291805 / 3.52606, -0.752909, -0.0291805; 1, 19, 1, 0; 0.033327570049; 1, 0, 1; 0, 1, 0; 4, 1, 2 ;
0,143; 3.700029, -0.023950, 0.882127 / 3.700029, -0.023950, 0.882127 / 3.700029, -0.023950, 0.882127; 1, 20, 1, 0; 0.944782781302; 1, 0, 1; 1, 0, 0; 2, 1, 2 ;
1,145; -3.34408, 0.444211, -1.01229 / -3.34408, 0.444211, -1.01229 / -3.34408, 0.444211, -1.01229; 1, 10, 1, 0; 0.243980477012; 1, 0, 1; 1, 0, 0; 3, 1, 2 ;
1,154; -2.4926, 0.921988, -2.58354 / -2.4926, 0.921988, -2.58354 / -2.4926, 0.921988, -2.58354; 1, 2, 1, 0; 0.852316701948; 1, 0, 1; 1, 0, 0; 3, 1, 2 ;
0,154; -2.906808, -0.128353, -2.417159 / -2.906808, -0.128353, -2.417159 / -2.906808, -0.128353, -2.417159; 1, 5, 1, 0; 0.386703865219; 1, 0, 1; 0, 1, 0; 4, 1, 2 ;
0,154; -2.907001, -0.131274, -2.416843 / -2.907001, -0.131274, -2.416843 / -2.907001, -0.131274, -2.416843; 1, 5, 1, 0; 0.386704703289; 1, 0, 1; 0, 1, 0; 1, 1, 2 ;
0,154; -2.317017, 1.360575, -2.651574 / -2.317017, 1.360575, -2.651574 / -2.317017, 1.360575, -2.651574; 1, 6, 1, 0; 0.028733925962; 1, 0, 1; 1, 0, 0; 2, 1, 2 ;
1,158; 0.671871, 3.72062, -0.286655 / 0.671871, 3.72062, -0.286655 / 0.671871, 3.72062, -0.286655; 1, 17, 1, 0; 0.275780410881; 1, 0, 1; 1, 0, 0; 2, 1, 2 ;
1,166; 2.13958, -0.498838, 1.75459 / 2.13958, -0.498838, 1.75459 / 2.13958, -0.498838, 1.75459; 1, 27, 1, 0; 0.737378723921; 1, 0, 1; 1, 0, 0; 3, 1, 2 / 3, 9, 0 ;
1,168; -3.30278, 0.398175, -1.95244 / -3.30271, 0.39826, -1.95211 / -3.30284, 0.39809, -1.95277; 1, 6, 1, 0; 0.377699629779; 2, 1, 1; 1, 1, 0; 3, 1, 2 / 4, 2, 1 ;
0,168; -2.946331, -1.869874, -0.450799 / -2.946331, -1.869874, -0.450799 / -2.946331, -1.869874, -0.450799; 1, 10, 1, 0; 0.511233044176; 1, 0, 1; 1, 0, 0; 3, 1, 2 ;
1,169; 4.01787, 1.53737, 0.221253 / 4.01787, 1.53737, 0.221253 / 4.01787, 1.53737, 0.221253; 1, 20, 1, 0; 0.349649112150; 1, 0, 1; 1, 0, 0; 2, 1, 2 ;
1,170; 1.3591, 0.877484, 1.03364 / 1.3591, 0.877484, 1.03364 / 1.3591, 0.877484, 1.03364; 1, 23, 1, 0; 0.572319608808; 1, 0, 1; 1, 0, 0; 2, 1, 2 ;
0,170; 1.360419, 0.877660, 1.036827 / 1.360419, 0.877660, 1.036827 / 1.360419, 0.877660, 1.036827; 1, 23, 1, 0; 0.572319704877; 1, 0, 1; 1, 0, 0; 2, 1, 2 ;
0,170; 1.335869, 2.924450, 1.168362 / 1.335869, 2.924450, 1.168362 / 1.335869, 2.924450, 1.168362; 1, 26, 1, 0; 0.434965333676; 0, 1, 0; 0, 1, 0; 1, 5, 0 / 2, 3, 0 / 3, 1, 0 / 4, 1, 1 ;
0,170; 1.339290, 2.421029, 1.137795 / 1.339290, 2.421029, 1.137795 / 1.339290, 2.421029, 1.137795; 1, 26, 1, 0; 0.373095923878; 0, 1, 0; 1, 0, 0; 3, 1, 1 ;
1,173; 1.17661, -0.203994, -2.91806 / 1.17661, -0.203994, -2.91806 / 1.17661, -0.203994, -2.91806; 1, 2, 1, 0; 0.551568226334; 1, 0, 1; 1, 0, 0; 2, 1, 2 ;
0,173; 0.239387, 0.399916, 2.920292 / 0.239387, 0.399916, 2.920292 / 0.239387, 0.399916, 2.920292; 1, 39, 1, 0; 0.138141285557; 1, 0, 1; 0, 1, 0; 1, 1, 2 / 3, 8, 0 ;
1,174; -1.90288, 0.754962, 0.754976 / -1.90288, 0.754962, 0.754976 / -1.90288, 0.754962, 0.754976; 1, 23, 1, 0; 0.115315918291; 1, 0, 1; 1, 0, 0; 2, 1, 2 ;
0,174; -1.904962, 0.742217, 0.751902 / -1.904962, 0.742217, 0.751902 / -1.904962, 0.742217, 0.751902; 1, 23, 1, 0; 0.115320278333; 1, 0, 1; 1, 0, 0; 3, 1, 2 ;
0,174; -1.741498, 0.803046, 0.626876 / -1.741498, 0.803046, 0.626876 / -1.741498, 0.803046, 0.626876; 1, 23, 1, 0; 0.116135133218; 1, 0, 1; 1, 0, 0; 2, 1, 2 ;
0,174; -1.741990, 0.805506, 0.628891 / -1.741990, 0.805506, 0.628891 / -1.741990, 0.805506, 0.628891; 1, 23, 1, 0; 0.116136012616; 1, 0, 1; 1, 0, 0; 2, 1, 2 ;
1,176; 0.722786, 1.5745, 3.42024 / 0.722786, 1.5745, 3.42024 / 0.722786, 1.5745, 3.42024; 1, 45, 1, 0; 0.382696637598; 0, 1, 0; 1, 0, 0; 3, 1, 1 ;
0,176; 0.720753, 1.573507, 3.423104 / 0.720753, 1.573507, 3.423104 / 0.720753, 1.573507, 3.423104; 1, 45, 1, 0; 0.382698825381; 1, 0, 1; 1, 0, 0; 2, 1, 2 ;
1,179; -2.27385, 3.77605, 0.486686 / -2.27385, 3.77605, 0.486686 / -2.27385, 3.77605, 0.486686; 1, 25, 1, 0; 0.230118640435; 1, 0, 1; 0, 1, 0; 1, 1, 2 ;
1,180; -1.71198, -0.953527, -0.120028 / -1.71198, -0.953527, -0.120028 / -1.71198, -0.953527, -0.120028; 1, 10, 1, 0; 0.825463668254; 1, 0, 1; 0, 1, 0; 1, 1, 2 ;
1,191; 3.49379, 2.36781, -0.0389341 / 3.49379, 2.36781, -0.0389341 / 3.49379, 2.36781, -0.0389341; 1, 20, 1, 0; 0.011148397706; 1, 0, 1; 1, 0, 0; 2, 1, 2 ;
0,191; -1.919736, 3.336526, 0.827670 / -1.919736, 3.336526, 0.827670 / -1.919736, 3.336526, 0.827670; 1, 25, 1, 0; 0.500115091509; 1, 0, 1; 1, 0, 0; 1, 2, 0 / 2, 1, 2 ;
1,196; 0.209736, 1.90483, -2.96997 / 0.209837, 1.90497, -2.96962 / 0.209635, 1.9047, -2.97031; 1, 2, 1, 0; 0.723598661041; 2, 1, 1; 1, 1, 0; 2, 1, 2 / 3, 5, 0 / 4, 5, 1 ;
1,197; -0.369411, -1.4421, 2.65101 / -0.369411, -1.4421, 2.65101 / -0.369411, -1.4421, 2.65101; 1, 34, 1, 0; 0.517114705802; 1, 0, 1; 1, 0, 0; 3, 1, 2 ;
1,199; 0.145573, -1.26344, 2.42575 / 0.145573, -1.26344, 2.42575 / 0.145573, -1.26344, 2.42575; 1, 33, 1, 0; 0.407024239839; 1, 0, 1; 1, 0, 0; 3, 1, 2 ;
