1,4; 0.714013, 1.01, -1.01985 / 0.714013, 1.01, -1.01985 / 0.714013, 1.01, -1.01985; 1, 11, 1, 0; 0.851150440807; 1, 0, 1; 0, 1, 0; 1, 1, 2 ;
0,4; 1.845928, 0.449164, 0.239652 / 1.845928, 0.449164, 0.239652 / 1.845928, 0.449164, 0.239652; 1, 16, 1, 0; 0.641419208885; 0, 1, 0; 0, 1, 0; 1, 1, 1 ;
1,6; 1.61045, -2.36891, 1.44989 / 1.61045, -2.36891, 1.44989 / 1.61045, -2.36891, 1.44989; 1, 22, 1, 0; 0.442487376383; 1, 0, 1; 1, 0, 0; 3, 1, 2 ;
1,9; 0.605304, 0.589416, 3.24953 / 0.605304, 0.589416, 3.24953 / 0.605304, 0.589416, 3.24953; 1, 42, 1, 0; 0.052793243294; 1, 0, 1; 1, 0, 0; 2, 1, 2 ;
0,9; 0.353108, 1.151258, 3.489479 / 0.353108, 1.151258, 3.489479 / 0.353108, 1.151258, 3.489479; 1, 45, 1, 0; 0.139538971369; 1, 0, 1; 1, 0, 0; 2, 1, 2 ;
1,13; -2.22321, -0.825985, -0.452325 / -2.22321, -0.825985, -0.452325 / -2.22321, -0.825985, -0.452325; 1, 10, 1, 0; 0.598005782066; 1, 0, 1; 0, 1, 0; 4, 1, 2 ;
0,13; -2.228605, -0.829215, -0.451371 / -2.228605, -0.829215, -0.451371 / -2.228605, -0.829215, -0.451371; 1, 10, 1, 0; 0.598004911566; 0, 1, 0; 1, 0, 0; 2, 1, 1 ;
1,21; -0.2405, 1.72533, -0.0874078 / -0.2405, 1.72533, -0.0874078 / -0.2405, 1.72533, -0.0874078; 1, 13, 1, 0; 0.815633359308; 0, 1, 0; 1, 0, 0; 3, 1, 1 ;
1,23; 2.84179, 1.26804, -1.21043 / 2.84179, 1.26804, -1.21043 / 2.84179, 1.26804, -1.21043; 1, 11, 1, 0; 0.874301746749; 1, 0, 1; 0, 1, 0; 4, 1, 2 ;
1,27; 3.26179, 3.00876, -1.1681 / 3.26179, 3.00876, -1.1681 / 3.26179, 3.00876, -1.1681; 1, 13, 1, 0; 0.092525472614; 1, 0, 1; 1, 0, 0; 2, 1, 2 ;
0,27; 1.305585, 3.581281, -0.408553 / 1.305585, 3.581281, -0.408553 / 1.305585, 3.581281, -0.408553; 1, 13, 1, 0; 0.653762991741; 1, 0, 1; 1, 0, 0; 2, 1, 2 / 4, 1, 0 / 4, 2, 0 ;
0,27; -0.057595, 3.973238, 0.133333 / -0.057468, 3.973414, 0.133411 / -0.057722, 3.973062, 0.133255; 1, 17, 1, 0; 0.442318321435; 2, 1, 1; 1, 1, 0; 3, 1, 1 / 4, 1, 2 ;
1,29; -0.588012, 2.96802, 0.669811 / -0.588012, 2.96802, 0.669811 / -0.588012, 2.96802, 0.669811; 1, 25, 1, 0; 0.527533933393; 1, 0, 1; 0, 1, 0; 3, 6, 0 / 4, 1, 2 ;
0,29; -1.230533, 2.954953, 0.377522 / -1.229801, 2.955147, 0.377553 / -1.231264, 2.954758, 0.377491; 1, 25, 1, 0; 0.120283305473; 1, 0, 2; 2, 0, 0; 2, 1, 2 / 2, 5, 2 ;
0,29; -0.587532, 2.970951, 0.667786 / -0.587532, 2.970951, 0.667786 / -0.587532, 2.970951, 0.667786; 1, 25, 1, 0; 0.527532981870; 1, 0, 1; 1, 0, 0; 2, 1, 2 ;
1,31; 1.92756, -1.95646, 0.756545 / 1.92756, -1.95646, 0.756545 / 1.92756, -1.95646, 0.756545; 1, 19, 1, 0; 0.893897672414; 1, 0, 1; 0, 1, 0; 1, 1, 2 ;
1,32; 0.73545, -2.28627, -2.75159 / 0.73545, -2.28627, -2.75159 / 0.73545, -2.28627, -2.75159; 1, 3, 1, 0; 0.523160015635; 1, 0, 1; 0, 1, 0; 4, 1, 2 ;
1,35; 0.933767, 2.88218, -1.36743 / 0.933767, 2.88218, -1.36743 / 0.933767, 2.88218, -1.36743; 1, 7, 1, 0; 0.327823827626; 1, 0, 1; 1, 0, 0; 2, 1, 2 ;
0,35; -1.099550, 3.072721, -0.420003 / -1.099550, 3.072721, -0.420003 / -1.099550, 3.072721, -0.420003; 1, 17, 1, 0; 0.088480202204; 1, 0, 1; 0, 1, 0; 1, 1, 2 ;
1,39; -1.32017, -0.566348, 0.190712 / -1.32017, -0.566348, 0.190712 / -1.32017, -0.566348, 0.190712; 1, 16, 1, 0; 0.779217732041; 0, 1, 0; 0, 1, 0; 1, 1, 1 ;
0,39; -1.315972, -0.569748, 0.188472 / -1.315972, -0.569748, 0.188472 / -1.315972, -0.569748, 0.188472; 1, 16, 1, 0; 0.779217892771; 1, 0, 1; 1, 0, 0; 3, 1, 2 ;
0,39; -1.322054, -0.568564, 0.189752 / -1.322054, -0.568564, 0.189752 / -1.322054, -0.568564, 0.189752; 1, 16, 1, 0; 0.779218522299; 1, 0, 1; 1, 0, 0; 2, 1, 2 ;
0,39; -1.655575, -0.537518, 1.016510 / -1.655575, -0.537518, 1.016510 / -1.655575, -0.537518, 1.016510; 1, 21, 1, 0; 0.548422928272; 0, 1, 0; 1, 0, 0; 3, 1, 1 ;
1,42; -4.12949, 0.992416, -1.71715 / -4.12949, 0.992416, -1.71715 / -4.12949, 0.992416, -1.71715; 1, 6, 1, 0; 0.684552901830; 1, 0, 1; 1, 0, 0; 2, 1, 2 ;
0,42; -1.419254, -0.740952, 0.589760 / -1.419254, -0.740952, 0.589760 / -1.419254, -0.740952, 0.589760; 1, 21, 1, 0; 0.138484860391; 1, 0, 1; 0, 1, 0; 1, 1, 2 ;
0,42; 1.601105, -2.719311, 3.238941 / 1.601105, -2.719311, 3.238941 / 1.601105, -2.719311, 3.238941; 1, 40, 1, 0; 0.822279569386; 1, 0, 1; 1, 0, 0; 3, 1, 2 ;
1,43; 0.266953, 3.0425, 0.496299 / 0.266953, 3.0425, 0.496299 / 0.266953, 3.0425, 0.496299; 1, 25, 1, 0; 0.107351155116; 1, 0, 1; 1, 0, 0; 2, 1, 2 / 4, 10, 0 ;
1,44; -0.798159, 3.41813, -2.46728 / -0.798159, 3.41813, -2.46728 / -0.798159, 3.41813, -2.46728; 1, 4, 1, 0; 0.239633018613; 1, 0, 1; 0, 1, 0; 4, 1, 2 ;
0,44; 2.683472, -0.390104, -0.196430 / 2.683472, -0.390104, -0.196430 / 2.683472, -0.390104, -0.196430; 1, 16, 1, 0; 0.433170915306; 1, 0, 1; 1, 0, 0; 3, 1, 2 ;
1,48; -1.67609, 1.53607, 3.84924 / -1.67609, 1.53607, 3.84924 / -1.67609, 1.53607, 3.84924; 1, 46, 1, 0; 0.402032654434; 0, 1, 0; 0, 1, 0; 4, 1, 1 ;
1,53; 1.69716, 1.47719, -0.84059 / 1.69716, 1.47719, -0.84059 / 1.69716, 1.47719, -0.84059; 1, 12, 1, 0; 0.333890967807; 1, 0, 1; 1, 0, 0; 2, 1, 2 ;
1,55; -0.583095, 2.96834, 0.0962463 / -0.583095, 2.96834, 0.0962463 / -0.583095, 2.96834, 0.0962463; 1, 17, 1, 0; 0.532807149692; 1, 0, 1; 0, 1, 0; 1, 1, 2 ;
0,55; -0.905171, 2.332410, 0.403651 / -0.905171, 2.332410, 0.403651 / -0.905171, 2.332410, 0.403651; 1, 25, 1, 0; 0.051235283528; 1, 0, 1; 0, 1, 0; 4, 1, 2 ;
0,55; -0.906208, 2.335175, 0.406726 / -0.906208, 2.335175, 0.406726 / -0.906208, 2.335175, 0.406726; 1, 25, 1, 0; 0.051235514980; 0, 1, 0; 0, 1, 0; 1, 1, 1 / 2, 6, 0 / 4, 9, 0 ;
0,55; -0.901431, 2.342767, 0.405985 / -0.901431, 2.342767, 0.405985 / -0.901431, 2.342767, 0.405985; 1, 25, 1, 0; 0.051233037589; 1, 0, 1; 1, 0, 0; 3, 1, 2 ;
0,55; -0.901806, 2.338858, 0.410857 / -0.901806, 2.338858, 0.410857 / -0.901806, 2.338858, 0.410857; 1, 25, 1, 0; 0.051234254854; 1, 0, 1; 1, 0, 0; 2, 1, 2 ;
0,55; -2.924410, -1.372048, 2.275028 / -2.924410, -1.372048, 2.275028 / -2.924410, -1.372048, 2.275028; 1, 36, 1, 0; 0.071166850877; 1, 0, 1; 0, 1, 0; 1, 1, 2 ;
1,58; -2.96503, 1.19871, 1.02039 / -2.96503, 1.19871, 1.02039 / -2.96503, 1.19871, 1.02039; 1, 24, 1, 0; 0.283915450658; 1, 0, 1; 1, 0, 0; 2, 1, 2 / 2, 2, 0 ;
1,62; 0.430452, -2.42545, 1.59735 / 0.430452, -2.42545, 1.59735 / 0.430452, -2.42545, 1.59735; 1, 22, 1, 0; 0.908361148946; 1, 0, 1; 0, 1, 0; 4, 1, 2 ;
0,62; 0.428209, -2.428096, 1.601979 / 0.428209, -2.428096, 1.601979 / 0.428209, -2.428096, 1.601979; 1, 22, 1, 0; 0.908360013911; 1, 0, 1; 1, 0, 0; 3, 1, 2 ;
1,65; -3.14888, -0.662876, 0.807018 / -3.14888, -0.662876, 0.807018 / -3.14888, -0.662876, 0.807018; 1, 21, 1, 0; 0.359644865280; 1, 0, 1; 1, 0, 0; 2, 1, 2 ;
1,69; 0.0914194, 0.323438, 0.625957 / 0.0914194, 0.323438, 0.625957 / 0.0914194, 0.323438, 0.625957; 1, 23, 1, 0; 0.157360526693; 1, 0, 1; 1, 0, 0; 3, 1, 2 ;
1,72; 0.949455, -1.51471, -1.46116 / 0.949717, -1.514, -1.4609 / 0.949192, -1.51542, -1.46142; 1, 8, 1, 0; 0.709664301106; 2, 1, 1; 2, 0, 0; 2, 7, 2 / 3, 1, 1 ;
0,72; 0.952484, -1.522062, -1.462685 / 0.953015, -1.521707, -1.461607 / 0.951954, -1.522417, -1.463763; 1, 8, 1, 0; 0.709665047695; 1, 0, 2; 2, 0, 0; 2, 10, 2 / 3, 1, 2 ;
0,72; 0.948119, -1.518405, -1.461946 / 0.948119, -1.518405, -1.461946 / 0.948119, -1.518405, -1.461946; 1, 8, 1, 0; 0.709664234629; 1, 0, 1; 1, 0, 0; 3, 1, 2 / 3, 5, 0 ;
0,72; 0.947392, -1.515698, -1.458357 / 0.947392, -1.515698, -1.458357 / 0.947392, -1.515698, -1.458357; 1, 8, 1, 0; 0.709673168123; 1, 0, 1; 1, 0, 0; 2, 1, 2 / 4, 6, 0 / 4, 7, 0 ;
1,76; 0.160834, 1.80644, -1.15367 / 0.160834, 1.80644, -1.15367 / 0.160834, 1.80644, -1.15367; 1, 7, 1, 0; 0.563036758742; 1, 0, 1; 1, 0, 0; 2, 1, 2 ;
1,77; 0.455782, 0.901692, 0.853908 / 0.455782, 0.901692, 0.853908 / 0.455782, 0.901692, 0.853908; 1, 23, 1, 0; 0.140812290589; 1, 0, 1; 1, 0, 0; 2, 1, 2 ;
0,77; 0.452922, 0.897777, 0.852151 / 0.452922, 0.897777, 0.852151 / 0.452922, 0.897777, 0.852151; 1, 23, 1, 0; 0.140813310395; 1, 0, 1; 1, 0, 0; 2, 1, 2 ;
1,83; 2.32814, -3.15563, -0.226946 / 2.32814, -3.15563, -0.226946 / 2.32814, -3.15563, -0.226946; 1, 15, 1, 0; 0.333975082776; 0, 0, 0; 1, 0, 0; 2, 3, 0 / 3, 1, 3 ;
1,85; 2.79117, 0.319476, -3.28455 / 2.79117, 0.319476, -3.28455 / 2.79117, 0.319476, -3.28455; 1, 3, 1, 0; 0.198574805466; 1, 0, 1; 1, 0, 0; 2, 1, 2 ;
1,86; -1.45543, 1.95743, 0.465474 / -1.45543, 1.95743, 0.465474 / -1.45543, 1.95743, 0.465474; 1, 25, 1, 0; 0.006017778921; 1, 0, 1; 1, 0, 0; 2, 1, 2 ;
0,86; 0.052768, -1.979451, 1.876603 / 0.052912, -1.979204, 1.876680 / 0.052624, -1.979698, 1.876526; 1, 32, 1, 0; 0.224622356762; 2, 1, 1; 2, 0, 0; 2, 1, 2 / 2, 2, 1 ;
1,89; -2.35164, -2.59715, -1.87259 / -2.35164, -2.59715, -1.87259 / -2.35164, -2.59715, -1.87259; 1, 5, 1, 0; 0.744008381682; 1, 0, 1; 0, 1, 0; 1, 5, 0 / 3, 4, 0 / 4, 1, 2 ;
0,89; -2.379398, -2.623691, -1.925387 / -2.379398, -2.623691, -1.925387 / -2.379398, -2.623691, -1.925387; 1, 5, 1, 0; 0.743491762898; 1, 0, 1; 1, 0, 0; 2, 1, 2 ;
0,89; -2.381143, -2.620044, -1.927449 / -2.381143, -2.620044, -1.927449 / -2.381143, -2.620044, -1.927449; 1, 5, 1, 0; 0.743500173005; 1, 0, 1; 1, 0, 0; 3, 1, 2 ;
0,89; -2.350218, -2.599203, -1.867993 / -2.350218, -2.599203, -1.867993 / -2.350218, -2.599203, -1.867993; 1, 5, 1, 0; 0.744007739651; 1, 0, 1; 1, 0, 0; 3, 1, 2 ;
0,89; -1.176064, -1.670070, 0.519492 / -1.176015, -1.670055, 0.519601 / -1.176113, -1.670085, 0.519382; 1, 23, 1, 0; 0.001225836869; 2, 1, 1; 0, 2, 0; 4, 1, 1 / 4, 2, 2 ;
0,89; -1.176016, -1.674030, 0.518633 / -1.176016, -1.674030, 0.518633 / -1.176016, -1.674030, 0.518633; 1, 23, 1, 0; 0.001225718631; 1, 0, 1; 0, 1, 0; 1, 1, 2 ;
0,89; -0.556868, -1.174247, 1.678500 / -0.556370, -1.174080, 1.679623 / -0.557367, -1.174413, 1.677377; 1, 27, 1, 0; 0.891946743502; 2, 2, 1; 1, 2, 0; 1, 1, 2 / 1, 9, 1 / 2, 9, 1 ;
0,89; -0.560281, -1.171723, 1.680797 / -0.559951, -1.171193, 1.681207 / -0.560612, -1.172253, 1.680386; 1, 27, 1, 0; 0.891945325392; 1, 0, 2; 1, 1, 0; 1, 1, 2 / 2, 2, 0 / 3, 7, 2 ;
0,89; -0.555505, -1.178682, 1.678959 / -0.555505, -1.178682, 1.678959 / -0.555505, -1.178682, 1.678959; 1, 27, 1, 0; 0.891947922192; 1, 0, 1; 1, 0, 0; 3, 1, 2 ;
0,89; -0.416194, -1.029163, 2.017389 / -0.416194, -1.029163, 2.017389 / -0.416194, -1.029163, 2.017389; 1, 30, 1, 0; 0.468975183233; 1, 0, 1; 1, 0, 0; 2, 1, 2 / 3, 5, 0 ;
1,93; 0.0890759, -1.49174, 3.77697 / 0.0890759, -1.49174, 3.77697 / 0.0890759, -1.49174, 3.77697; 1, 46, 1, 0; 0.006220584908; 1, 0, 1; 1, 0, 0; 2, 1, 2 ;
1,94; 1.09463, -1.88012, -0.478369 / 1.09533, -1.87984, -0.477807 / 1.09393, -1.88041, -0.478931; 1, 12, 1, 0; 0.655250912054; 2, 2, 1; 1, 2, 0; 1, 1, 1 / 1, 2, 2 / 3, 6, 1 ;
0,94; 1.097941, -1.881459, -0.480047 / 1.098053, -1.881127, -0.479103 / 1.097829, -1.881791, -0.480991; 1, 12, 1, 0; 0.655240916082; 1, 0, 2; 1, 1, 0; 1, 1, 2 / 2, 6, 2 / 3, 1, 0 / 3, 3, 0 ;
0,94; 1.093540, -1.885672, -0.483303 / 1.093540, -1.885672, -0.483303 / 1.093540, -1.885672, -0.483303; 1, 12, 1, 0; 0.655251833262; 1, 0, 1; 0, 1, 0; 1, 1, 2 ;
0,94; 1.099474, -1.877204, -0.479691 / 1.100448, -1.876350, -0.479347 / 1.098500, -1.878058, -0.480036; 1, 12, 1, 0; 0.655240155083; 0, 6, 0; 6, 0, 0; 1, 6, 0 / 2, 1, 1 / 2, 3, 1 / 2, 5, 1 / 2, 6, 1 / 3, 2, 1 / 3, 9, 1 / 4, 2, 0 / 4, 10, 0 ;
0,94; 0.214709, -1.888418, 0.130475 / 0.214928, -1.887949, 0.130726 / 0.214490, -1.888886, 0.130225; 1, 15, 1, 0; 0.650418006086; 1, 0, 2; 2, 0, 0; 2, 1, 2 / 3, 5, 2 ;
0,94; -0.315619, -1.881398, 0.501557 / -0.315619, -1.881398, 0.501557 / -0.315619, -1.881398, 0.501557; 1, 18, 1, 0; 0.434845919503; 1, 0, 1; 1, 0, 0; 2, 1, 2 ;
1,100; -0.116709, -4.16296, -0.84195 / -0.116709, -4.16296, -0.84195 / -0.116709, -4.16296, -0.84195; 1, 9, 1, 0; 0.743151052818; 1, 0, 1; 1, 0, 0; 3, 1, 2 ;
0,100; -0.116813, -4.162820, -0.829102 / -0.116813, -4.162820, -0.829102 / -0.116813, -4.162820, -0.829102; 1, 9, 1, 0; 0.743160747267; 1, 0, 1; 1, 0, 0; 2, 1, 2 ;
0,100; -0.117525, -4.163580, -0.832076 / -0.117525, -4.163580, -0.832076 / -0.117525, -4.163580, -0.832076; 1, 9, 1, 0; 0.743160860811; 1, 0, 1; 1, 0, 0; 3, 1, 2 ;
0,100; -0.119288, -4.163792, -0.832374 / -0.119288, -4.163792, -0.832374 / -0.119288, -4.163792, -0.832374; 1, 9, 1, 0; 0.743160925693; 1, 0, 1; 1, 0, 0; 3, 1, 2 / 3, 8, 0 ;
0,100; -0.117755, -4.161836, -0.813797 / -0.117755, -4.161836, -0.813797 / -0.117755, -4.161836, -0.813797; 1, 9, 1, 0; 0.743170382241; 1, 0, 1; 1, 0, 0; 2, 1, 2 ;
1,101; 0.18262, -3.51728, -3.01382 / 0.18262, -3.51728, -3.01382 / 0.18262, -3.51728, -3.01382; 1, 3, 1, 0; 0.458141019596; 1, 0, 1; 1, 0, 0; 1, 5, 0 / 3, 1, 2 ;
0,101; 3.242842, -1.626154, 0.364120 / 3.242842, -1.626154, 0.364120 / 3.242842, -1.626154, 0.364120; 1, 19, 1, 0; 0.393989827116; 1, 0, 1; 1, 0, 0; 2, 1, 2 ;
1,110; -2.84282, 0.237824, -2.26039 / -2.84282, 0.237824, -2.26039 / -2.84282, 0.237824, -2.26039; 1, 6, 1, 0; 0.304639218154; 1, 0, 1; 1, 0, 0; 2, 1, 2 ;
0,110; -2.339496, -1.016973, 0.594028 / -2.339496, -1.016973, 0.594028 / -2.339496, -1.016973, 0.594028; 1, 21, 1, 0; 0.150859060774; 1, 0, 1; 0, 1, 0; 4, 1, 2 ;
0,110; -2.329670, -1.028208, 0.591391 / -2.329670, -1.028208, 0.591391 / -2.329670, -1.028208, 0.591391; 1, 21, 1, 0; 0.150846393502; 1, 0, 1; 1, 0, 0; 2, 1, 2 ;
0,110; -2.338589, -1.022941, 0.586748 / -2.338589, -1.022941, 0.586748 / -2.338589, -1.022941, 0.586748; 1, 21, 1, 0; 0.150858529636; 1, 0, 1; 1, 0, 0; 2, 1, 2 ;
0,110; -2.337944, -1.014554, 0.593906 / -2.337944, -1.014554, 0.593906 / -2.337944, -1.014554, 0.593906; 1, 21, 1, 0; 0.150859133532; 1, 0, 1; 1, 0, 0; 3, 1, 2 ;
0,110; -2.331141, -1.014743, 0.590447 / -2.331141, -1.014743, 0.590447 / -2.331141, -1.014743, 0.590447; 1, 21, 1, 0; 0.150859410015; 0, 1, 0; 1, 0, 0; 1, 7, 0 / 3, 1, 1 ;
0,110; -2.330111, -1.019748, 0.591248 / -2.330111, -1.019748, 0.591248 / -2.330111, -1.019748, 0.591248; 1, 21, 1, 0; 0.150859570084; 1, 0, 1; 1, 0, 0; 1, 2, 0 / 1, 6, 0 / 3, 1, 2 ;
0,110; -2.330334, -1.020179, 0.599911 / -2.330334, -1.020179, 0.599911 / -2.330334, -1.020179, 0.599911; 1, 21, 1, 0; 0.150860792428; 0, 1, 0; 1, 0, 0; 3, 1, 1 / 4, 8, 0 ;
0,110; -2.331610, -1.010406, 0.605963 / -2.331610, -1.010406, 0.605963 / -2.331610, -1.010406, 0.605963; 1, 21, 1, 0; 0.150861490911; 1, 0, 1; 1, 0, 0; 2, 1, 2 ;
1,115; -3.56581, 1.61354, -2.42055 / -3.56581, 1.61354, -2.42055 / -3.56581, 1.61354, -2.42055; 1, 6, 1, 0; 0.214764889468; 0, 1, 0; 0, 1, 0; 1, 1, 1 ;
0,115; 0.184022, -3.687040, -1.736079 / 0.184022, -3.687040, -1.736079 / 0.184022, -3.687040, -1.736079; 1, 8, 1, 0; 0.386637089491; 1, 0, 1; 1, 0, 0; 3, 1, 2 ;
1,116; 0.285541, -2.79002, 3.00927 / 0.285541, -2.79002, 3.00927 / 0.285541, -2.79002, 3.00927; 1, 35, 1, 0; 0.885185137952; 1, 0, 1; 0, 1, 0; 1, 1, 2 ;
0,116; 0.293067, -2.786491, 3.004382 / 0.293078, -2.786178, 3.005114 / 0.293056, -2.786803, 3.003651; 1, 35, 1, 0; 0.885164861919; 0, 0, 0; 2, 0, 0; 2, 7, 3 / 3, 1, 3 / 3, 2, 0 ;
0,116; 0.293142, -2.785914, 3.003372 / 0.293207, -2.785650, 3.003651 / 0.293078, -2.786178, 3.003092; 1, 35, 1, 0; 0.885164939211; 1, 0, 1; 2, 0, 0; 2, 1, 3 / 3, 5, 2 ;
0,116; 0.201313, -2.990563, 3.201746 / 0.201313, -2.990563, 3.201746 / 0.201313, -2.990563, 3.201746; 1, 40, 1, 0; 0.944581408141; 1, 0, 1; 1, 0, 0; 2, 1, 2 / 4, 5, 0 ;
1,122; -0.517914, -3.30271, 1.68237 / -0.517541, -3.30183, 1.68283 / -0.518287, -3.3036, 1.68192; 1, 22, 1, 0; 0.807552968260; 0, 1, 0; 1, 1, 0; 1, 8, 1 / 3, 1, 3 ;
0,122; -0.516772, -3.302860, 1.671486 / -0.516772, -3.302860, 1.671486 / -0.516772, -3.302860, 1.671486; 1, 22, 1, 0; 0.807539995402; 1, 0, 1; 1, 0, 0; 3, 1, 2 ;
0,122; -0.511660, -3.304502, 1.683618 / -0.511660, -3.304502, 1.683618 / -0.511660, -3.304502, 1.683618; 1, 22, 1, 0; 0.807554037811; 1, 0, 1; 1, 0, 0; 3, 1, 2 ;
1,123; -1.60345, -2.84796, -1.64166 / -1.60345, -2.84796, -1.64166 / -1.60345, -2.84796, -1.64166; 1, 9, 1, 0; 0.044796713944; 1, 0, 1; 1, 0, 0; 3, 1, 2 ;
1,124; 1.69173, -0.05912, 0.721724 / 1.69221, -0.0586093, 0.722065 / 1.69125, -0.0596306, 0.721383; 1, 20, 1, 0; 0.961846275776; 1, 0, 2; 1, 1, 0; 1, 3, 2 / 3, 1, 2 ;
0,124; 0.101405, 0.256048, 1.667537 / 0.101405, 0.256048, 1.667537 / 0.101405, 0.256048, 1.667537; 1, 27, 1, 0; 0.635045978091; 1, 0, 1; 1, 0, 0; 3, 1, 2 ;
1,125; -1.20366, -1.06669, -2.66094 / -1.20366, -1.06669, -2.66094 / -1.20366, -1.06669, -2.66094; 1, 5, 1, 0; 0.364028470860; 1, 0, 1; 1, 0, 0; 1, 1, 0 / 2, 1, 2 ;
0,125; 2.556443, 0.250384, -0.127819 / 2.556443, 0.250384, -0.127819 / 2.556443, 0.250384, -0.127819; 1, 16, 1, 0; 0.518724042047; 0, 1, 0; 1, 0, 0; 2, 1, 1 ;
0,125; 3.912057, 0.751518, 0.757553 / 3.912057, 0.751518, 0.757553 / 3.912057, 0.751518, 0.757553; 1, 20, 1, 0; 0.858304328899; 0, 0, 0; 0, 1, 0; 1, 1, 3 ;
0,125; 3.915784, 0.752409, 0.756519 / 3.915784, 0.752409, 0.756519 / 3.915784, 0.752409, 0.756519; 1, 20, 1, 0; 0.858304213200; 1, 0, 1; 1, 0, 0; 3, 1, 2 ;
1,127; 1.68358, -3.02363, -0.564646 / 1.68358, -3.02363, -0.564646 / 1.68358, -3.02363, -0.564646; 1, 15, 1, 0; 0.145744469536; 1, 0, 1; 0, 1, 0; 4, 1, 2 ;
1,130; 0.158446, -4.12036, -0.549437 / 0.158446, -4.12036, -0.549437 / 0.158446, -4.12036, -0.549437; 1, 9, 1, 0; 0.803756580114; 0, 1, 0; 1, 0, 0; 2, 1, 1 ;
1,139; 0.672913, -0.128456, 0.629223 / 0.672913, -0.128456, 0.629223 / 0.672913, -0.128456, 0.629223; 1, 23, 1, 0; 0.225919133785; 1, 0, 1; 1, 0, 0; 3, 1, 2 ;
1,141; 0.119603, -1.49697, -2.43473 / 0.119603, -1.49697, -2.43473 / 0.119603, -1.49697, -2.43473; 1, 3, 1, 0; 0.853520408451; 1, 0, 1; 1, 0, 0; 3, 1, 2 ;
0,141; -1.423200, 0.437816, -2.233974 / -1.423200, 0.437816, -2.233974 / -1.423200, 0.437816, -2.233974; 1, 6, 1, 0; 0.280351901243; 0, 1, 0; 1, 0, 0; 3, 1, 1 ;
0,141; -2.827894, 2.247058, -2.045823 / -2.827894, 2.247058, -2.045823 / -2.827894, 2.247058, -2.045823; 1, 6, 1, 0; 0.496290059508; 1, 0, 1; 1, 0, 0; 3, 1, 2 ;
1,143; -2.80544, -0.963732, -2.59852 / -2.80544, -0.963732, -2.59852 / -2.80544, -0.963732, -2.59852; 1, 5, 1, 0; 0.378325668177; 1, 0, 1; 1, 0, 0; 2, 1, 2 ;
1,146; -2.95365, 1.31936, 1.33939 / -2.95365, 1.31936, 1.33939 / -2.95365, 1.31936, 1.33939; 1, 24, 1, 0; 0.535139395713; 1, 0, 1; 1, 0, 0; 3, 1, 2 ;
1,157; 2.23308, 2.0518, 3.11689 / 2.23308, 2.0518, 3.11689 / 2.23308, 2.0518, 3.11689; 1, 42, 1, 0; 0.832434692268; 1, 0, 1; 0, 1, 0; 1, 1, 2 ;
0,157; 2.235577, 2.046780, 3.120257 / 2.235577, 2.046780, 3.120257 / 2.235577, 2.046780, 3.120257; 1, 42, 1, 0; 0.832435693633; 1, 0, 1; 0, 1, 0; 1, 1, 2 ;
1,168; -1.51695, -1.15614, -0.747696 / -1.51695, -1.15614, -0.747696 / -1.51695, -1.15614, -0.747696; 1, 10, 1, 0; 0.429175496023; 1, 0, 1; 0, 1, 0; 1, 1, 2 ;
1,174; -3.61495, 0.0644073, 2.85069 / -3.61495, 0.0644073, 2.85069 / -3.61495, 0.0644073, 2.85069; 1, 37, 1, 0; 0.917632732661; 1, 0, 1; 1, 0, 0; 3, 1, 2 ;
0,174; -3.608255, 0.065131, 2.854852 / -3.608255, 0.065131, 2.854852 / -3.608255, 0.065131, 2.854852; 1, 37, 1, 0; 0.917633283737; 1, 0, 1; 1, 0, 0; 2, 1, 2 ;
1,177; -0.652418, 1.97875, -3.48752 / -0.652418, 1.97875, -3.48752 / -0.652418, 1.97875, -3.48752; 1, 2, 1, 0; 0.095257492192; 1, 0, 1; 0, 1, 0; 1, 1, 2 ;
1,179; 0.534338, -1.49787, -3.61039 / 0.534338, -1.49787, -3.61039 / 0.534338, -1.49787, -3.61039; 1, 1, 1, 0; 0.869555914964; 1, 0, 1; 1, 0, 0; 2, 1, 2 ;
0,179; -0.743203, -1.168186, -3.355213 / -0.743068, -1.168179, -3.355157 / -0.743338, -1.168194, -3.355270; 1, 5, 1, 0; 0.075445152475; 2, 1, 1; 1, 1, 0; 1, 1, 2 / 2, 1, 1 ;
1,185; -1.32736, -4.28597, 0.441558 / -1.3269, -4.28585, 0.442039 / -1.32781, -4.2861, 0.441077; 1, 18, 1, 0; 0.110261194759; 0, 2, 0; 1, 1, 0; 1, 1, 1 / 3, 7, 1 ;
0,185; -1.339067, -4.263890, 0.409234 / -1.339067, -4.263890, 0.409234 / -1.339067, -4.263890, 0.409234; 1, 18, 1, 0; 0.110229690974; 1, 0, 1; 0, 1, 0; 1, 1, 2 ;
1,189; -1.10028, 2.11756, -3.42746 / -1.10028, 2.11756, -3.42746 / -1.10028, 2.11756, -3.42746; 1, 2, 1, 0; 0.093776939775; 1, 0, 1; 1, 0, 0; 2, 1, 2 ;
0,189; -1.020022, 0.972499, -0.734766 / -1.020022, 0.972499, -0.734766 / -1.020022, 0.972499, -0.734766; 1, 16, 1, 0; 0.114447040686; 1, 0, 1; 0, 1, 0; 1, 2, 0 / 3, 10, 0 / 4, 1, 2 ;
0,189; -1.023016, 0.968809, -0.736934 / -1.023016, 0.968809, -0.736934 / -1.023016, 0.968809, -0.736934; 1, 16, 1, 0; 0.114447951492; 1, 0, 1; 1, 0, 0; 3, 1, 2 ;
